-0.23495533
-0.10528714
0.5430387
0.7032393
1.0239681
-0.4789992
-0.31094858
0.72042245
-1.465864
1.3362647
0.7525037
-0.211037
-0.019053774
-0.86190414
-0.49098045
1.192672
-0.17220025
1.6434336
-0.882533
-1.6246742
1.4171373
1.338976
-1.9546307
-0.2762718
0.9632434
0.583116
0.7742137
1.7903494
0.60927236
0.086433575
-0.8102213
0.588018
0.0066228025
0.7249775
1.9000342
0.76022285
-1.868724
1.1471432
0.55217224
-1.3169702
-0.9573207
1.2449528
-0.14366733
0.15262
-0.36600798
1.6412838
-0.16725028
-0.55595255
0.8325361
-0.26060015
-0.39443126
-1.018248
-1.167031
-0.24172218
-0.2419979
0.24828646
1.1921109
-0.0861218
-0.131856
-0.05151812
-1.8083463
1.4594582
0.9908222
1.5996822
0.32960758
0.3788645
0.0701751
-0.8145385
0.50714326
0.24503003
1.2071894
0.37030408
0.23235717
-0.1411551
0.78464913
0.8293757
-1.1311373
0.6885943
1.7304919
-0.54906607
0.94957185
0.5545664
-0.41254053
0.37444243
0.7853297
-1.0613757
0.8950515
1.0749911
0.8692533
0.9575542
1.4269246
0.024286058
0.7932786
0.8377685
0.044482157
0.6062609
-0.022230789
-0.033921767
-0.72053784
0.48680043
0.93941504
-2.0245197
0.5280246
1.6031444
0.6936233
-0.9794289
0.822972
0.05678356
-1.0140128
-0.030969841
0.1822531
-1.8348757
1.3914083
-0.28110278
-0.033156082
-0.3837331
1.2819552
0.6296002
-1.2613007
0.24959317
-0.43770963
0.5559524
1.003964
-1.0300568
-1.1646355
-1.5258278
1.2433181
1.5855819
-0.59719
-0.869468
0.12844276
0.18676208
-1.8353739
0.03674521
-1.2045685
-0.8017252
0.9013499
1.1305602
-0.5210754
0.4954067
0.83376646
-0.36273685
-0.11068138
-0.31004936
-1.5696268
1.35516
1.7971227
-0.36767867
-0.39172646
-0.4018578
-1.197801
-1.5401963
0.33391634
-0.9168574
-0.55531085
0.7824662
0.123333
-0.93094414
-1.3929745
-0.6719207
-0.25512677
-0.697369
-1.4883415
1.4152524
-0.87302816
-0.5237864
-1.5315129
-0.7126732
0.90662193
0.55096644
0.7543019
-0.57919055
-1.165131
1.2616203
1.1726497
1.173032
-0.43266284
-1.652333
-0.6850374
1.2994072
1.6997979
1.2444028
1.5642048
-1.2180704
0.3993086
0.31463867
0.5490481
-1.4560591
1.5357997
0.45394468
0.43344772
-0.4025762
-0.04012412
1.2134613
0.19140543
-0.24760963
-1.7091732
0.69128776
-0.6651227
-0.20111437
-0.7055713
1.2759913
1.1462039
1.9150447
-1.1230198
0.12796605
-0.23925422
0.77669877
-0.7846236
1.6684103
-0.3387209
0.11380326
1.0617975
-0.14233518
0.87982583
-1.1843957
1.1515961
-0.2924937
-0.754643
1.3836952
-0.8937141
-1.6486671
-0.32258555
-0.81504875
1.5868199
1.8322829
-0.17977461
0.07797875
1.2828686
1.4739074
-0.3276358
0.31542742
0.73998815
-0.06952147
-1.2856764
-1.4127558
0.20335771
1.552811
0.78816724
0.55451345
1.4055917
0.8866397
-1.0648019
0.5948355
1.5743359
1.1684816
1.8155276
1.5729772
-0.16926265
0.9147171
-0.26865658
-0.18418941
1.3346776
1.5862384
-0.33234295
-1.0533626
-1.0824966
0.9598472
1.4230537
1.5971116
-0.498779
-0.014533369
-1.2468928
-0.7349799
-1.6339283
1.7915821
1.1464626
-1.0151163
1.1168889
0.67252004
-0.4065577
-1.892228
-1.0523386
-1.5399795
1.6622243
0.34190384
-0.92501944
0.24138343
1.1477383
-0.54003835
0.659386
-0.21037538
1.2606672
0.47187847
1.0498004
0.9014513
0.9456948
-1.4484848
-0.08461676
1.3776444
0.88068527
-0.0016478591
-1.1729796
-0.43688008
1.4478065
0.14820191
0.5463443
-1.4768778
1.2351099
-0.3934546
-1.5246409
0.2669657
0.009003949
-0.6822867
-0.2451267
-0.44286564
0.08521443
-0.5324292
-1.3032146
0.8874539
1.1794636
0.92771053
0.78685665
-0.42459548
-0.123040706
-1.0347183
0.8378859
-1.316511
-0.05568633
1.9316546
1.2606214
1.2759203
0.6761706
0.16190074
-0.8609784
0.09326004
0.22253963
-0.22544605
-0.2585299
0.4376661
0.7497534
0.85388255
0.08079095
0.89371884
1.5539569
-0.24122651
-0.37133247
1.1013227
-0.9545766
-0.30581653
-1.2728856
-1.8812376
0.08507081
-0.61980915
0.3926025
1.4034351
-0.34734026
0.24319614
1.0565188
-1.6326882
0.037054226
-1.3304589
-0.86066157
0.21054173
-0.6009329
-0.22008976
0.62577885
0.50649
1.2198738
0.7340076
1.6345567
-1.2909471
-0.7832711
-0.32808435
0.20904428
0.93370914
-0.8445079
0.45205554
-0.77740014
0.48861775
0.018671982
0.9772595
-1.3184144
0.6900504
-0.30441302
0.56343806
0.55025065
-0.9329079
-0.3637736
-0.9480536
-0.37049645
-0.8145496
0.909539
-2.0064702
-1.0838112
-1.1700771
-1.437039
-0.8557968
-1.7089846
-0.18117088
-0.36123705
0.28325695
0.1320511
0.24778862
0.43923205
1.0261047
0.68421173
-1.1259869
0.22156174
0.72773755
-0.95540273
-1.2731411
-0.05002955
1.176557
0.38078216
-1.4469479
0.37099585
-0.5037065
-0.50358987
0.005635172
0.675241
-0.95820165
-1.3650473
1.2582747
-0.0700789
-0.38161606
-1.4402727
1.6971734
0.75131834
-0.4568836
0.006404371
-0.5038195
-0.6341482
1.1801274
-1.6530287
-1.0263911
-1.5224714
-0.5425863
0.75957274
1.0309064
-0.3873041
-1.1186554
1.5291604
0.28061065
0.57640654
-1.5491668
-0.99363995
1.1632538
0.94393045
-1.4882315
0.1836945
-0.42080233
-0.73617226
-0.76497513
-1.4015001
-1.0723298
-0.17917712
0.69705164
-0.08176168
0.110334955
0.48243213
-0.5462505
0.90912014
-1.1234648
-1.1022699
-0.096474916
1.8938968
-0.5259703
-1.1633892
1.2937492
1.1195892
0.1851614
0.9024375
-1.3485615
-1.4921527
1.0050395
-0.62159735
-1.5759594
0.8336228
-0.6166477
0.84507054
-1.5845187
1.7015744
1.2272336
0.37999278
1.3177981
-1.5338216
-0.54601264
0.13523363
-0.42980874
-0.02964479
-0.53436154
1.0071837
-0.047044177
-0.53892684
-0.5954231
1.357992
0.9334352
-0.92718726
0.30869156
1.285941
-1.1103864
0.21293028
1.1992786
1.4573976
-0.883821
-0.42928997
1.800941
-0.087125085
-0.057288565
-0.32914436
0.17013973
-0.7561417
-0.95629436
-0.21245885
-0.8400019
-0.1433036
-1.1898743
1.23505
0.5990145
-0.835314
-0.42429128
1.0050027
-0.4774776
-0.36115268
-0.056481007
-0.8499905
0.50512755
0.017269103
-0.6642433
-0.012255057
1.138581
-0.4024824
-0.034802943
-0.9015455
0.11792944
-1.3522551
0.5163722
-0.75915676
-0.5513581
0.33625728
0.81773263
-0.65438884
1.0865395
1.7461666
0.44030416
0.98991144
1.6023866
1.4743127
-0.23153496
0.74877465
0.12257425
-0.8753079
0.45053652
-0.48302484
-0.6536073
-0.97361827
1.565077
0.8690327
0.20154913
1.5900177
-1.5679113
-1.283324
1.1484449
0.65218353
-1.6178793
-1.4348172
-1.5506413
0.2777919
-1.0732257
-0.8162898
1.3234787
-0.4675269
-0.20785207
-1.3449005
-0.73792905
-1.6273316
-0.02644254
-0.6737174
0.92613244
-0.2738682
-1.4410149
0.8665737
1.0314118
-0.57280225
-1.0192449
0.19502805
0.6233542
1.7744097
0.0006084144
-1.1384801
-0.9191844
0.31347197
0.9756541
-0.38300848
-1.2292649
0.68853354
0.6200807
-1.1187105
0.6441071
-0.06578954
-1.5927031
1.7026252
-1.2867149
-1.4589378
1.5542583
0.6171661
-1.5723144
-0.25453052
-0.5540426
1.4012623
-0.8083337
0.21801335
1.1212517
1.5082707
-1.2075609
0.83457273
1.6435204
-1.1646261
0.8014238
-0.18765493
1.5035076
0.5617434
0.89991045
-0.543715
-0.19019637
-1.3193355
0.96932626
0.68642807
-0.73505914
-1.1177763
0.49870986
1.5953428
-1.5365024
-0.19967408
1.070214
-0.33883387
1.0524045
-0.6197526
-0.4109455
-0.7228387
-0.45070446
-1.5204742
1.5336335
1.42347
-0.12815848
1.4831225
-0.6737731
-1.2120339
-0.19825685
-0.57178557
0.9685644
0.9479998
-0.6413771
0.20644845
0.0150192715
0.7899227
-0.2976429
-1.6211468
0.47030944
-0.61879164
-1.9798717
-1.9008234
0.60605943
0.7338804
1.6161938
0.6902795
-0.20388398
1.4321489
0.48169476
1.3516766
0.8935365
1.2680786
-1.4196761
0.83315074
-0.3034306
1.533725
-1.1655351
-1.0924742
-0.5583753
-1.0809631
0.7460563
-1.2909805
0.24501085
-1.3470783
-0.45885164
0.23875844
0.94683987
0.5058892
-0.31188983
-1.2284116
0.06411029
0.2114422
-0.079761066
0.83855456
1.1685942
-0.3384458
-0.3368288
0.37424353
0.39915016
-0.58637965
0.84801733
-1.5597047
0.8499526
1.5979425
0.46735805
1.5534298
-1.2422324
1.1813277
0.2992856
-0.7155074
-0.51173186
-0.5064875
1.1010288
1.151419
0.8042638
1.0565265
-0.11220639
-1.7850479
0.938678
-0.7090297
1.8710849
1.4570093
-0.3136587
1.987362
0.7887258
-0.36783513
0.09490079
-1.0507541
0.9178623
0.5023977
1.495915
1.0419618
1.2438678
-0.21470854
0.65002435
0.9346271
-0.62808985
-0.67922235
0.84330523
-1.0453011
0.3826984
-1.3233321
-0.31146345
0.66537255
-0.72662324
-0.93717194
0.418557
-2.056466
-1.0844446
0.5033384
0.71168756
0.85431737
1.6126345
-1.2401174
1.8295175
-0.25884327
0.03312048
-1.7077792
-0.7070725
-0.7186659
-0.88786066
0.6139562
1.3033875
0.7878474
1.2624916
-1.1727793
0.18996099
1.4412737
0.97164226
1.5495377
0.6624015
1.340143
-0.54610914
0.799221
1.7622585
0.3181593
-1.4915066
0.006493031
0.98391175
1.0547122
-0.37232813
0.09148234
-1.4061799
0.048326112
1.5326428
0.40922213
-1.080463
1.5808492
1.932115
0.40558034
-0.73142976
-0.24783763
1.6118592
-2.0208242
-0.85719824
1.7850857
0.97729516
-0.42942128
0.092296764
-1.7442442
1.5164422
1.4936773
0.8868783
1.5079598
-0.6647726
0.9042243
1.2644491
1.678248
1.8683877
0.9357724
1.5811332
-0.77791655
-1.3858329
0.15178497
0.18531619
-1.9594169
0.6935544
-0.20253772
1.7482967
0.04275842
-0.12993634
-0.909364
-0.7084649
0.32124615
0.5523076
-0.42863464
0.123634264
-1.8109348
-1.740982
-1.0389045
0.5249728
0.687772
0.9584973
1.7205992
-0.8911767
-0.2683519
-1.1878196
0.5826855
1.625766
-0.36879155
0.56186986
0.10712684
-1.5524365
-0.9182955
0.98600256
-0.56503963
-0.88866484
0.46414942
0.061000004
0.34231386
0.15844642
-0.7339381
-1.4813848
-0.14440499
-0.3335395
1.0301391
-0.4542883
1.4681227
-0.94582355
-0.31902406
-1.8174958
0.12958685
0.7179873
-1.1796527
0.075054705
1.9165794
-0.07852089
-0.7873415
1.417529
-1.3278612
-0.73273325
1.7462128
0.4035019
-0.2277148
0.20735851
-0.5440538
-0.21579987
-1.1142929
-0.6637786
0.8165012
-1.3865901
-1.3575228
0.0599943
0.9003769
-0.8386049
-0.21663463
-0.66104496
-1.3104175
1.061497
-0.13855775
1.1325397
1.125382
-0.81549156
1.599505
-0.34955043
-0.29721174
1.3567541
1.670588
-0.66074127
-0.52563083
-1.4684207
-0.14734073
-0.9540962
-0.10056203
-1.7274046
-1.1408694
-1.2786585
0.085033074
0.53620243
-1.3175867
0.28749126
1.3978333
-0.46771303
1.1595757
-0.990165
-0.959949
1.2246665
1.4790884
0.95232433
-0.5150504
-0.15927507
-1.2710724
0.1674889
-0.281918
0.3142917
1.9703938
-0.75291735
1.0811327
0.88932955
1.6737678
-0.83328795
-0.7467356
2.0368257
0.5587516
-1.4400439
1.2228013
1.8947297
-0.43193877
-0.92125654
-0.51122797
0.9657967
1.1381782
-0.1941258
-0.1147637
-0.35776126
-1.9164586
-0.46937072
-0.54978955
0.54795444
-1.6369822
-0.66802394
-1.1205401
0.3555544
-0.78328425
-1.2448725
0.5035336
-0.72520864
1.0796471
1.0641611
1.04164
-0.20426476
0.57615656
-0.7929754
-0.89929473
-0.24149267
1.7735009
0.36226892
-0.96778107
-1.3993888
-1.2289014
-0.25697082
1.3580611
1.2061018
-0.8853179
-1.0212188
-1.3580499
1.1021472
0.8221848
0.29997563
-0.660341
1.2218058
0.104573816
-1.1770335
1.7327508
1.7646754
1.0358464
-0.75024766
-1.3395826
1.192008
-1.1145647
0.74111867
0.8954544
1.3894
1.9371109
-1.701269
1.5448986
-1.3770342
1.2114251
-0.96569514
-0.5916988
-1.4546384
-0.9313009
-1.1454931
-0.15964007
0.62058884
0.27432892
-0.84348
-0.57653797
0.20577686
-0.100450814
1.5119774
-0.5007296
-1.1451339
1.2300259
-0.12757441
0.9538015
-0.5797032
0.48035675
-0.92011666
0.012216272
-1.206903
-0.6642433
-0.41133568
0.63071144
-1.6532314
0.25832364
1.0405264
-0.8146981
1.7560567
-1.0355392
0.16952114
-1.7934216
-0.52332395
2.0290096
-0.80344135
-1.6254724
-0.355458
-0.33257332
0.43514797
0.04604322
-0.12414534
-0.89470094
0.24969171
0.6061048
0.4527925
0.6474133
1.0869519
-1.0730011
-1.7188044
1.0363102
-1.4098086
0.26200742
-0.9972129
-0.123844504
0.1841785
-0.5535509
-1.3353214
0.6441674
0.6487362
1.4094452
-0.9112135
1.7092146
0.3196227
0.18853624
2.1311738
0.37559155
0.3376285
1.540691
-1.5884943
0.8731719
0.8152511
0.4352441
-0.08082005
0.7402345
1.3946017
-0.009441533
-0.74359214
-1.0754488
-1.3708177
1.3411705
-1.3260744
1.4407392
0.62155855
-0.88776684
1.3770047
0.029096521
0.27258185
-1.2588351
-0.7966274
1.5928656
-0.106134005
-1.3041275
0.3793749
0.59965956
1.6995242
1.453683
-1.6735551
0.8388864
-1.0566747
-1.0937219
-0.62966603
0.20012969
1.757908
1.011799
-0.556432
-0.14120108
0.9607899
-1.6254938
-0.4115111
-1.0264566
-1.6226463
-0.6269859
-1.0854685
-0.070816554
1.7383392
-0.5394739
-0.73201835
-0.39438987
1.3125452
0.6867689
-0.13877618
0.92940515
0.2238586
-0.47357994
0.48777735
-0.12592281
-0.5040309
0.7587464
-0.19811076
-0.71441907
0.82579017
0.46318835
0.36367974
-1.5113921
-1.0028169
-0.70217776
-0.26929417
-0.9039527
-1.1281126
-0.1331434
2.0189931
1.366576
1.4902776
-1.1658239
1.6736622
0.25217122
1.3732778
0.026023371
-0.7248306
-0.31661418
0.40308547
-0.87190855
-0.6856708
-1.1456977
1.6540488
0.044055242
0.4989251
0.3115752
1.4672023
0.2711708
0.13160177
-1.4537673
0.46887097
-1.0478954
-1.0344869
-0.12020397
-0.0608927
0.77538097
-0.63538146
0.6100423
0.89685065
-1.3938357
0.18286577
0.81739056
0.22437748
1.4784474
0.9460969
-1.6850163
-0.29061177
1.6736339
0.9488409
-0.8006196
0.64674133
0.31241864
0.30327705
0.18730566
0.8268057
-0.5731371
2.056896
-1.0914428
-0.35148495
-0.5337924
-1.3541687
-0.86363775
0.85938144
0.89821947
1.2294948
-1.2931387
-0.28642106
1.1917684
-1.743324
0.2567588
-0.48312765
0.85876215
-0.4566365
0.30783603
-0.7553675
-1.0160892
-0.93512356
-0.3312781
0.6981208
0.7093668
-0.5364649
-1.1551433
1.4478545
0.63863873
-0.8451401
-1.1672747
-2.0710876
1.28575
0.29503384
-0.33664322
-0.6719675
-0.40617287
1.239786
-0.45888722
0.1395854
-1.4272927
0.32920763
0.124078065
0.6795718
1.4281195
0.86639416
-0.18554173
-0.029009266
-0.49922866
0.6357316
-0.17513222
0.83960664
-0.84067667
0.04044646
1.368799
-0.9157933
0.64015806
1.505829
0.37688166
-1.3920084
-0.30160907
0.6800694
0.19049044
-1.8868241
-0.6286741
1.6035632
-0.9469558
-0.8788162
1.3243219
-0.6263749
0.7785549
-0.9239848
-0.34918237
-1.6595062
1.3729258
1.0893285
0.7405401
-1.0750599
0.9747505
-0.58307433
0.40689778
0.7186137
-0.43300837
1.3058577
-0.3825865
0.14753826
-0.87315583
1.9556041
-1.8152151
0.92604
-0.7664031
-1.3268266
-2.125744
-1.0049603
-1.2420676
-1.2662184
-0.13614124
0.97124964
0.92193407
-0.70245326
-0.27439368
-1.1565676
0.20354432
-0.8264713
0.9457453
-0.7907488
0.8626058
1.2354835
-0.06361218
-1.3886201
-0.41569558
-0.38015997
-1.0309296
0.1999683
-0.86139965
-0.7225624
1.0540156
0.19451639
-1.0846285
-0.6169423
0.3143898
0.27341938
-1.3551589
-1.2130123
0.09588395
-0.23913097
2.1834846
-0.082434066
0.9888347
-0.48366758
-1.3982742
-0.75330573
-0.561568
-0.7933032
-0.17837025
-1.236517
1.2971549
-1.7774158
0.17494754
0.8667273
-1.3889351
-0.39593428
0.99973416
-1.607773
-0.99696183
0.38743094
0.84926057
-0.15760654
-0.98467946
-0.85604846
1.418167
1.5958337
-1.6297858
1.8621572
1.0758575
0.27126837
-1.2328084
-0.1893159
1.4962165
-1.0741609
-0.25247225
1.4311589
1.3744526
1.408245
-0.49445605
-0.8693733
-0.7353027
0.71605504
-0.23337989
1.6941051
1.7685134
1.1322272
-0.22936091
1.0151224
0.6031664
1.0370551
-0.8931709
0.6421721
1.7314883
-0.46481073
-0.3987566
-0.15428293
1.2180007
0.79604197
0.08248331
-0.36005235
-0.62185293
-0.5271247
-0.6556645
0.08478351
-1.3877023
-0.6856729
-1.1475221
1.3999573
0.2129947
-0.29267
1.4041826
-0.40138674
0.13484016
0.32013822
1.2123499
-0.16938908
-0.6634093
-0.8741039
-0.60795593
0.26537848
1.9723928
0.6294099
-0.3040815
1.1257179
-1.3972393
1.4665008
0.6120736
-0.59222364
0.8961489
-0.9656602
-0.57540965
1.3481226
0.027043236
1.134789
0.40104628
-0.7244511
0.36074397
0.36200377
-0.0685271
-0.6282128
0.8866275
1.1919444
0.2156725
1.967421
1.1697464
-0.049067333
-0.27453223
-0.89549243
-0.91595006
-0.34052095
0.32034984
1.7478428
1.3966262
0.66746324
1.064193
0.98655206
0.933656
-1.420149
-1.4626694
-0.2199567
-1.0040052
0.7287637
0.9469973
0.9283694
0.9978772
-0.76991034
0.9888033
0.8181626
0.56239665
1.015012
-1.8730314
1.5125574
0.5411274
-0.6410039
-0.61091363
1.0460665
-1.2288183
0.091059096
0.16206037
1.2566284
-0.7106499
0.043592587
1.0659491
0.46722606
-0.7332104
-0.23144211
1.2857728
-0.04687257
-0.7087778
0.9952372
-1.5143555
-0.09318525
-0.2548267
2.0013714
0.8468357
-0.7466341
1.4576857
-0.19775127
0.035051096
0.0049109855
-0.32606897
1.1254811
-0.014639697
0.8236709
1.8186632
0.8965059
0.4903049
-1.070261
-0.106452264
1.1590551
0.36874804
-0.13730757
-1.0294812
-0.090725675
1.5777351
-0.9917909
0.37979472
-1.2912012
-0.29634935
-0.03489266
0.97465014
-0.5539342
-0.019213108
-0.22994721
1.0520765
-0.6941045
-0.72210133
-0.7815849
-1.7948241
0.80758035
1.1477742
0.07509631
0.029457314
-2.0618188
-1.1463857
-0.39505097
0.7300563
-0.48593998
-1.0251045
-0.8349201
0.97395486
1.06633
-1.138931
-0.6827886
-1.4627743
1.465144
1.2317376
0.6537412
-0.6066348
-0.14316635
1.5312886
-0.9258037
-0.7988426
0.69569
-0.9116266
1.5697755
-1.7897316
-0.36022383
0.9418859
0.17964543
-0.39597037
1.232623
-1.0046557
-1.4691118
1.139901
-0.45720547
-0.6998492
1.2740103
-0.20320904
-1.2608149
0.8414404
1.4519267
0.16867211
0.023410786
0.08932684
1.594099
-1.5712401
-0.45402974
0.13037516
1.2063917
1.1217663
1.0136974
-1.8830523
-1.2807505
-1.4434729
-1.0945216
-1.4528155
-1.902601
1.7310275
1.5883292
-1.4599637
-1.533401
0.2749056
0.12329564
1.1257343
-0.31185144
-1.575904
0.7565217
-0.32522026
1.1424956
0.19245721
-0.672559
1.5608457
-1.2114099
0.0721587
-0.45766294
-1.185689
-0.41650873
1.6430961
-0.35287577
-0.81410855
1.8112056
1.2863969
-0.9242134
0.5683613
-0.70610845
0.53648806
0.11386872
-0.9287729
0.5541849
-1.4344304
0.7909575
1.5583395
1.1269685
-0.8381802
0.50669277
0.68877757
-0.45793316
0.6764973
-1.0888419
1.8793868
0.8649771
1.6224895
-0.6743258
0.49008727
0.48349077
-0.753955
0.7233526
1.1016155
0.47051102
0.72531587
-0.7116429
-1.4267691
-0.13625808
0.05923044
0.71820676
1.3219742
-0.16451941
0.11899396
-0.8328884
-0.93269145
-0.4658534
1.455488
-0.96357036
0.15472412
-0.47718456
1.2337484
0.2627328
0.6195827
-0.7970252
0.5421084
0.64399123
-1.2338808
-0.9048762
1.0631175
1.3336002
0.062518515
-0.080990344
1.6039332
-1.5024769
-0.2107014
1.0480702
1.3623854
-0.24042119
-0.356054
-0.255181
-0.09320073
-0.5658645
-0.41813812
0.1882796
-0.11703236
0.6339357
0.4948349
-0.27114707
0.7459365
-0.8691016
-0.90660864
-0.19874609
-0.58161885
0.40283468
-0.29523748
1.2556577
-1.3171495
-0.9376399
-0.6086785
0.047378875
0.69880766
1.0402482
1.0403672
0.47807845
-0.5301106
-0.9611697
1.6703916
1.110365
2.0527923
-0.6726969
0.71307975
0.5835874
-1.5215853
-0.68487066
0.8873295
-0.0057474542
0.8571435
-0.6100307
0.6355019
0.14050336
-0.49633896
0.94379234
-1.2506765
1.7520661
-0.20072947
0.36411023
-0.3191098
1.7893219
-0.3137501
0.93434405
0.6057972
-0.35290805
0.93097603
0.13209866
1.0412897
-0.36435997
-0.07887352
-0.982754
0.24176413
0.1538959
-0.57132065
-0.44325644
0.6076216
-0.35345292
-0.4624946
0.24102464
0.46033767
-0.06344344
0.31906596
1.6095428
-1.1014411
1.6683023
-1.3594278
0.4420484
-0.89327514
0.43642095
0.42021465
-1.0533478
0.549801
1.3147204
-0.06466803
-1.1769575
-0.56485367
-1.4274626
0.7989955
0.48667267
1.360866
-0.55953324
1.0565171
1.0400066
-1.2099131
1.5179088
1.4796623
-0.05232801
-1.2304524
-1.3865899
1.177959
-0.7023103
0.7447421
-0.60307556
0.47530127
1.8739581
-0.9879988
1.5826273
1.8756341
2.0370288
-0.4464893
0.7709829
-0.27297783
0.53789794
-0.32308143
-0.32858893
-0.19291608
-0.47646773
-1.3703237
1.0112863
-1.3423502
-0.16573212
1.2459238
1.0821381
-0.9016715
0.70915353
-0.17845692
0.96851546
-0.07371366
-0.7683392
-0.12191009
0.27476802
-0.7640314
0.90867984
-0.9264377
-0.9865211
0.8789034
-1.5509639
-0.063594446
0.42005244
0.031203125
-1.0585173
0.11856387
-0.33527672
1.5200139
-0.9985199
-0.6382701
-0.45172912
-0.22622843
2.1863916
1.4807276
-0.3708575
0.41970882
1.7888803
-0.5547616
0.8230559
-0.7985563
1.4981865
0.81953716
-0.31347528
1.3077253
1.7028859
1.3239722
-1.1228262
-0.6033664
0.16303162
-0.6399971
0.12987338
-0.8107312
0.13706094
-0.92615354
-0.96265787
-1.1376576
-1.4558837
1.0920877
-0.31112298
0.24128726
0.5568526
1.502182
-0.76440644
-1.2891856
1.2285374
1.6622224
1.080962
-1.1572529
0.2658898
1.6746471
1.2818954
1.6466271
0.20021027
-0.7008558
-0.77067846
-0.14233162
0.24287009
0.041451264
-1.2054294
-0.6208694
-1.5212109
-1.1080747
1.5240647
1.0871
1.7918222
1.3743771
-0.965198
-1.0603153
0.6039072
1.4988297
1.8487812
-0.60170513
-0.92945284
-0.2771051
0.57382804
1.0703353
1.38613
-0.82599
-0.5766938
0.37571645
-0.57246333
-0.38821888
-1.5561767
-0.31821653
0.55496114
0.9598626
-1.4929551
-1.3884407
-0.55095387
0.6344815
1.0155282
0.4674425
-0.76095706
0.75210863
1.0625479
1.4210668
0.8569146
-0.3691126
-0.27722883
1.2842157
1.5336008
-0.67776716
-0.28612274
0.9121774
1.2059752
-0.12592244
-1.3159293
1.1844199
0.06930201
-0.26176938
1.2931885
-0.4057679
-0.85644543
-1.005427
-0.25773764
0.20967208
1.8880818
-1.4553831
1.4389279
0.27893108
0.1546542
-1.2624967
-1.9203488
-0.88516295
0.20698076
-0.8776703
1.733387
-0.7684542
1.5132682
-0.46148062
-1.3125619
-0.33362675
1.1420364
1.1376148
-0.706041
0.34574643
-0.1827091
-1.1127157
0.33804524
0.71567243
-1.9112961
0.6866058
-0.5165398
-0.28214267
-1.2319463
-1.292097
1.5063506
-0.64778703
-1.3646573
0.11547119
-0.5771327
-0.39189443
-1.6158944
-0.605987
-1.2786099
-0.6367916
-1.8831567
-1.3306412
-0.63481486
-0.25615698
-0.32611793
1.1488829
1.1147525
-0.371057
0.729514
0.093906365
-0.44681144
1.5253435
0.24766189
0.3595958
0.727288
1.2209545
1.3032643
-1.4085363
1.2342136
1.1450822
0.37916625
-1.1505228
-0.5897045
-0.40279403
-0.9306373
0.09936824
-0.96970266
-0.55620295
1.6124818
-0.6252643
-0.12370009
-0.8796195
-0.2990653
1.7997702
-0.22909877
-0.53830385
-0.090387985
-1.231976
-1.0739657
1.122658
-0.10475145
1.1656442
0.25417718
-0.363612
-0.8458984
-0.4450571
0.36019367
-1.9930134
-0.6461951
-0.6069614
0.25600937
0.25411612
1.0436012
0.760364
1.9403181
-0.3981828
0.7629354
-0.025020491
-0.4941327
-0.7182805
0.73841083
-0.6991713
-0.9836943
-0.8802822
1.3900989
-0.4450181
-0.6264424
-0.4455145
-1.5754907
-0.07765085
-0.005069741
1.4380236
-1.4482336
-1.0409071
-1.5476713
1.3750553
1.6014627
-0.74232846
-1.1864702
0.31705177
0.7113857
0.51452243
-1.5347769
-0.9186566
0.770061
-1.5595343
-1.4924568
0.87283015
-1.5761033
-0.018281171
1.4998595
-0.53035253
-0.26687497
-1.0596383
0.3708005
-1.0670729
0.80995023
-1.636135
1.1962405
0.17288135
-0.013333625
0.0065684295
1.2131864
-1.1282291
-1.0169045
1.5522134
0.8094073
-1.5108613
0.95174533
1.603437
-0.4561287
-0.95995486
-0.7991474
0.2471469
0.6894913
1.4868724
0.027886888
0.56482375
-0.00013172626
0.83788097
1.295366
-0.26203465
-0.72153527
-1.0373675
0.7749164
0.027617468
1.6894032
0.38551915
0.5750209
0.35589904
-0.4098171
-0.7724643
-0.24314363
0.06541172
1.7802187
-0.95971644
0.060393516
-0.9355537
0.7041103
1.4949313
1.4108815
-0.60278857
-0.46296197
-0.7010523
0.01663885
1.2061716
-1.4130934
-0.40761426
-1.4907198
1.3898044
-0.2549457
0.3020544
0.60536164
-1.6461092
1.5093669
1.4214222
-0.7037627
2.0863564
-1.3334527
1.1097888
-0.31338936
-0.36717486
-0.39710924
1.6304803
0.013862717
-0.15658641
-0.3544545
-0.43703708
-0.22908974
-0.47574466
0.4754572
-1.6148875
-0.84460783
-1.1334659
0.8688671
0.5919018
-0.8264097
-0.8985498
1.2675408
-0.37505302
0.35784554
-1.3005958
-1.2775286
1.2441465
0.4438457
0.26256323
-1.6337065
0.5203314
0.60702956
0.31793967
1.2677697
0.4082277
1.4288776
-0.12382793
0.08920191
0.123451
-1.6706696
-0.86457705
-0.8021697
-1.2641052
0.71695435
0.67312866
-1.2001171
-0.09822321
-0.071416534
-0.048196103
0.3756629
0.38657597
1.2912322
0.867852
-0.21196915
1.6466056
-0.0822509
-0.15364794
1.3506681
-0.6366892
1.8269962
1.5659727
-0.6401816
-0.9978157
0.5413147
-1.0150034
0.5974726
-0.72449774
0.7693809
-0.8170353
-1.5559084
-1.7029512
1.581243
1.354869
-1.398456
-0.7278016
-1.1829417
-1.2041453
0.1983486
-0.108333595
0.26288944
-1.1890137
-1.8020802
1.4631572
-0.37064743
-0.7220644
0.8059153
-0.83288014
-0.35060945
0.22975528
-0.18853323
1.6714828
0.13825168
1.1508054
1.3897423
0.5328291
-0.3882776
-0.044503275
-0.30758324
-0.23881064
1.0882514
-1.2671642
1.0176618
-0.59020734
-1.6787717
-0.7041102
0.68869185
-0.5124792
0.6836191
0.3725655
-0.046749726
1.2591592
1.2767502
-0.9905776
1.190607
0.63407654
1.1151333
-1.4102538
0.79723245
1.671443
0.8109561
-0.6041548
0.45066762
-0.08193054
0.6573924
1.247151
1.108108
-1.166588
0.19660586
-0.94383675
0.0028978845
1.7330749
-0.1531992
-1.1350354
-0.6374271
1.7769194
1.7248383
-1.1063397
-1.522324
0.97113466
-0.18394938
-0.5108853
0.7554936
1.2322655
0.787434
1.2875535
-1.4220608
1.4106038
-2.0790968
-1.4461875
1.3712198
1.9064986
-1.5529587
-0.0073805638
1.4218254
1.1661719
1.6910696
-1.4619544
2.0564387
-0.11402408
-0.80924994
1.542804
1.6925557
0.3388436
1.2058961
-0.04826983
-1.2683653
-0.0576947
0.07783702
-0.38615748
0.5528909
-1.1053201
1.2160109
-0.60885584
-0.5246412
1.3363979
0.88295346
1.826421
0.32925552
-1.3793037
-0.020732824
-1.0428557
-1.4440817
-0.18223962
-0.68928087
1.423571
1.4613277
0.58253074
1.1644659
1.0748538
0.93301904
-1.0107152
0.8919023
1.4077758
-1.6431787
-1.0545278
-0.6526998
0.36315185
-0.69912755
0.9713888
-1.2510004
-0.33476675
-1.7166108
1.2771478
-1.1184436
0.91884166
0.49120873
-1.514305
-0.7925724
-0.14176375
-0.487061
1.4348278
0.84670377
0.60744774
0.22177158
0.45104533
-1.775502
1.5399635
-0.2421808
0.9465376
-1.1427658
-1.040601
0.48196882
-1.5272906
-0.17825937
1.1427234
1.0309803
-0.4980734
-0.5220318
-0.9944241
-0.3358982
-1.1220932
1.1418874
-0.31211406
-0.10121756
0.4081324
0.46564442
-0.4817276
1.1851488
1.2305648
-0.047750406
0.88315773
0.5863521
1.1935785
0.0991702
0.9260615
-1.4961765
-0.50641364
1.1493385
1.0061505
-0.84027314
0.5684945
0.8318398
0.74584574
-0.997088
-1.4094323
1.5629928
1.7448841
0.8658944
-1.2977718
-0.06684105
2.1236799
0.92576957
-0.4493305
1.2167304
-0.6495892
0.5865592
0.19790022
0.42021993
-1.0281264
1.4453136
2.0526896
0.6682008
-0.8499751
0.10660839
-0.85096234
0.7254209
-1.9547417
-0.59981656
0.13003315
0.122221045
-0.5858025
-0.18406188
-0.82432914
1.0973704
-0.01937295
1.7603847
1.167222
-0.850974
-0.8020327
-0.4619064
-0.0016607112
-1.3861936
1.4283564
-0.0740638
0.5275877
0.38362807
1.839577
-1.4497615
-1.9584085
0.40220493
-0.9326036
-0.15387888
-0.4420665
0.63792014
-1.4714328
0.12858205
-0.2650585
1.015739
1.4622855
-0.85642743
-1.8276193
0.43578026
-0.6962948
-1.3569242
-0.6852907
-0.2242407
-0.05901649
0.33221477
-0.92832947
0.8601112
-0.82576364
-1.3517163
0.51044345
-1.0199764
0.7106862
1.0823524
-1.5187258
1.0064867
-0.23421904
-1.5140127
-0.21059921
-0.021421477
-1.438287
0.37813747
-0.79498965
-0.416366
1.2152387
0.6075553
-0.31690705
0.642856
0.819803
-0.012098591
-1.0429149
-1.4126872
-0.7673293
0.808704
-0.20900285
-0.5617689
-0.16863208
0.70911026
-0.6084024
-1.1230869
0.39990693
0.36416698
1.3210837
-0.18575071
1.2445496
0.1733952
1.7731997
-0.5502202
-0.9863974
0.057844132
-0.11569123
1.1222708
-0.46151257
-0.5684662
-0.8118131
-0.02640451
1.0544564
-0.7028244
0.04977686
0.075960495
-0.25774685
-0.8637146
-1.1320008
-1.2525296
-0.47171864
-0.5987661
-1.5575296
1.1810632
-0.5543188
-0.4624148
-0.4063025
-1.5805156
2.349261
-0.3327893
-0.21724673
-0.059962746
-1.7105308
1.5998223
-1.4037223
-1.4540174
0.058490433
-1.0915467
1.1736128
0.8707833
-0.5980101
-0.91993284
-1.5426302
-1.1684318
-0.9711835
-1.0069907
-0.23563212
0.3719532
1.1448684
-1.4822252
1.3310977
-0.056056503
1.6036999
0.106043294
-1.2506571
1.7910062
0.08943591
-0.9326388
1.0739999
-0.9008386
-0.6436479
0.554123
1.1165965
-0.8420464
2.0498006
-0.14579253
1.5831714
0.6975737
0.14923319
0.6630661
-0.3058245
0.63094956
-0.8071903
-0.71281296
-1.9046668
1.6707788
1.0772705
-1.1713104
0.049922828
1.5792707
0.24696615
1.4771144
0.9031465
-0.61085564
0.5722697
-0.28471082
-0.95824564
-0.5109317
-0.9808986
0.76381063
0.014829126
-0.3025913
-0.6832299
0.9798208
-0.54173005
0.4129776
0.268481
-1.3468945
-1.0559062
-1.571325
0.2640547
-1.2510529
-0.70708156
0.7362926
0.5076718
-0.32022816
0.96681553
-0.36465523
0.05470035
0.59892416
-1.332282
-1.3075659
-0.6356327
1.1811846
-1.0362179
-0.43995795
-0.9753012
0.48753428
0.7645081
1.8965309
-0.8520787
1.4190801
0.99251115
1.0809025
0.5893774
2.2529423
-0.23482879
-0.222644
1.1148909
0.55156523
-1.2990909
-0.03544657
0.467334
-0.52464235
0.35766083
-0.4256382
0.52055717
-0.09179302
0.27099538
-1.1805043
-0.66521275
-1.4886287
-0.6930709
0.45287722
-1.0979197
0.81629777
-1.1742842
-0.22211473
1.1485544
0.95582914
-0.6216979
0.76239353
-1.0893137
-1.9744624
1.8229674
0.04708401
0.3396158
-1.1403478
-0.93691945
0.37403554
-0.25817835
-0.70800436
0.9889269
-0.49986312
-0.10478175
0.21140777
-0.5046849
0.35380623
-0.88961476
-0.11728147
0.96997654
0.21292584
-1.074473
-0.24672228
-0.72702396
-0.7939856
1.5507867
-0.403223
1.0038513
0.5216924
1.8117596
-0.061564565
1.2713146
-1.0490434
-1.3336624
-0.8802129
0.7676722
-0.7994477
-0.5363769
1.5006937
-0.35647416
1.1741073
-1.1509413
-0.3166625
-0.049350407
-0.78386134
-0.37252408
0.918493
-0.96901244
-0.40778965
-0.9833369
0.07323917
0.8858563
0.12202573
-0.112181716
0.52755576
-0.11554499
0.8829965
1.6342891
-0.8961921
-0.9185256
0.2668139
1.348533
1.1428347
1.335891
0.5687545
-1.0535245
-1.6055912
-0.8017117
0.100316465
-1.4629668
0.27742103
-0.11852452
1.5590805
-1.427047
-1.6531717
-1.2862111
2.1202512
-0.21443282
0.5502201
-1.8833739
-0.97598016
0.48795545
-0.29968792
-0.623582
0.6512371
-0.42608038
0.31995535
1.3465676
1.0752977
-1.5093865
-0.91172075
-0.655316
-1.1959642
-0.42395914
1.2032824
1.2816076
-0.48492956
1.123319
-0.8156712
0.96758175
0.31820667
-1.2841479
0.642802
-0.31400254
-1.2972983
-0.6043737
-0.19896494
1.0287738
0.85917646
-1.3661072
0.4351979
-1.0195329
0.41863754
-0.06685857
0.13411951
-1.1724889
-0.41344643
0.69524765
-0.3605434
0.47683305
-0.84077585
-1.3501059
-0.15979044
-0.7683985
0.8337581
1.1995211
0.6402034
-0.31681234
0.9489429
-0.74536943
-1.5717281
0.5739965
0.40069377
-0.041858897
-0.69333595
-0.31708786
0.8180732
1.110801
-0.84548205
0.09516411
-0.9058934
0.49079728
-0.22164603
1.5190216
0.06696904
-0.37437516
-0.31468034
0.8014023
-1.3358415
0.11267457
-0.16471939
-1.7339242
-0.74139094
-0.97230643
-0.03415069
0.5811112
-0.10060435
-1.2312984
0.5144084
-0.19293639
-0.31282917
0.042171333
-0.18548895
0.29714233
0.5666043
0.644472
0.7521334
-1.1283956
1.4952911
1.2145551
0.29065764
-0.34096828
0.9067191
0.9467974
-0.48645318
1.5079135
-0.059108477
-0.3374875
-0.040367052
-0.533197
1.237277
-0.8372888
-1.0178778
-1.3569239
-0.70698386
-0.6876756
0.2611267
-1.0018013
0.70856875
-1.0266359
1.106736
-1.0856237
0.77550656
1.3620211
1.7732503
0.40331894
-0.44590068
-1.0319974
0.21973763
-0.9889921
-1.3619051
-0.8855766
-0.30502796
1.1150391
-1.0988367
-1.2701828
0.58773124
0.5541068
-0.80673194
0.673363
-0.8044164
-0.7829756
0.88249576
-0.30032703
-1.247414
-1.2337445
-0.2864313
-1.681769
0.8130233
-0.93300515
0.78705686
-0.09050948
-1.0261537
0.5547623
0.5934252
0.8420928
-0.72230625
-0.7456428
-0.99539703
0.9016591
0.050709732
-1.1450766
1.0695101
0.045401856
-0.57923067
1.6769484
-1.8251646
0.46992856
1.4692625
-0.7426277
-0.29626518
0.5240152
0.40369365
1.3199512
0.1870519
0.7394054
0.2923132
0.51393867
-1.6668588
0.25069866
0.17409065
1.3051264
0.32582396
-0.97681916
-0.3850206
0.9120383
-0.3820993
-0.022853918
0.6309709
-0.102118745
0.55485064
-0.074440345
0.7838527
-1.1210011
1.2402622
-0.39304388
-0.68895465
-0.45669514
1.0953791
-0.10667215
0.9191541
-0.030198475
1.2002763
1.5536543
-1.2102306
-0.73353165
0.081489466
1.6600227
-0.08533725
1.6634917
-1.1577375
-1.686076
0.18061659
0.37220103
-0.3409322
1.0291735
0.25291252
1.2901617
-0.5958284
1.4712188
-1.1775669
-0.09718445
-0.6998406
-1.1906824
1.8596835
1.6483123
-1.169914
-0.070248425
-0.772123
0.014496147
0.3319969
0.9264026
-0.3642272
-0.9285629
1.3279109
0.4082758
1.6538043
-1.5695585
-0.21323353
-0.5024583
0.15446222
1.3706975
-0.8717041
-0.014197648
1.8270838
-0.021824356
-1.649118
1.6769415
0.75961614
-0.5588535
-0.39607894
1.8225206
1.5469546
-1.8964719
-1.20859
-0.060545016
0.3743936
1.079334
-0.10392566
1.2615554
1.5985752
-0.09773919
1.5559772
0.13898325
-0.77731884
2.1189947
-0.28584
-0.62975824
-1.582643
1.5678327
0.04628453
-0.57382745
-1.3179078
-1.5105889
-0.781143
0.5731493
-0.31732237
-0.5994655
0.14507194
0.38695416
1.3854316
0.97403026
0.5276607
-0.903484
-0.58753383
1.6140512
-0.2358206
0.3075494
-0.79977673
0.99122953
1.7754714
1.3294873
1.2977294
-0.5291002
-0.20677166
0.96934927
-0.5884559
1.4834634
-0.19614166
0.10050053
-0.3182734
-0.9689634
-0.050469674
1.2675279
2.1256788
0.2668108
0.7255432
-1.7628851
1.344074
0.015411333
-0.046834156
-1.241551
-0.8930526
-0.31981754
-0.8268088
-0.060707692
1.5717375
0.7818853
0.79878384
0.8557553
-1.1214094
1.6812416
-0.6121602
-1.032624
-1.1843439
0.86119246
0.046859458
1.7679526
0.18989767
1.4447441
0.8059268
-0.58094317
-0.16926907
0.5664727
-0.6220638
-0.57944614
-0.34687608
-0.96446776
1.6737674
-1.446016
0.36676627
0.014511001
-1.3047793
1.1110299
0.42187685
0.9617046
0.05447449
-0.13682076
0.7346304
-1.6606956
0.46911234
-0.70125604
1.332798
-0.19377014
0.39929003
0.5314084
-1.0277026
-0.72251636
0.66221124
-0.7078978
-1.0842814
-0.2629579
0.74433386
-0.50751215
1.254025
0.99426186
-1.5420152
0.186853
1.0535058
-0.10491001
-1.0729964
0.7023363
1.305129
1.1446768
0.38000187
-0.50029945
0.89061475
0.87373847
0.95289576
0.85710096
-0.41412547
1.3418901
1.2367833
-1.3358964
1.8342026
-0.2157317
1.9229966
1.5700636
0.101104245
-0.72941476
0.43457344
0.33164525
-0.7348651
-0.23827583
1.3578798
0.3590126
-1.2447748
0.56055295
-1.1456723
1.5452554
-0.8494685
-1.2351038
-1.4900746
0.3663655
1.2285318
1.1231904
-0.65274006
0.3492693
-0.36716604
-0.98821753
0.19239126
0.9991116
0.78435934
0.33890173
1.2846632
0.5946391
0.5834225
-0.7575839
-0.5230422
-1.7578671
-1.0619869
-0.011451471
-0.09469542
0.12622839
1.1074638
-0.049793765
1.0957502
0.43203604
1.1816413
-0.4488195
-0.19668649
-1.3559604
0.06352621
0.6888808
0.6314786
-0.9231346
-0.71681714
-0.41513315
-1.3638316
0.9954406
0.42366657
0.08720902
0.117843635
-0.08471788
-1.0800977
0.16991948
0.82965755
1.1138875
-1.538639
-0.6150845
0.87414324
-0.7016513
-0.23522238
-0.5540429
-0.046719063
0.6996892
1.7641362
0.19359812
-0.73903733
-1.4918604
1.3803484
-0.5415405
0.35914797
1.0969789
-0.10988642
0.23084149
2.026459
-0.27276182
0.59429926
-1.4614229
0.017767033
-1.1084796
-1.5994889
-0.6476371
1.7372619
1.2086681
0.93036413
-0.9193818
-1.0953838
1.5216779
-1.4983268
-0.704336
1.0869042
-0.23346545
1.735219
-0.3985037
1.2662665
-1.5007223
-0.9080776
0.6228305
0.19209039
-0.017131072
-0.15213689
0.94646573
-0.8433078
-0.14243175
-0.9341662
0.8812879
0.9392628
0.5227281
1.3534328
-0.48883897
-0.6580995
-0.5420268
-0.049109805
1.6137413
-1.7164533
1.8218939
0.68116254
0.66547316
-0.741958
-1.3142447
-0.06909379
-0.4294582
-0.3902849
1.4452025
0.35156503
-0.33280864
0.62110806
1.5600144
1.8682268
1.4428375
0.135098
0.765986
-0.6284257
-1.4434012
0.07126434
-0.6653704
-1.0818971
0.15098883
-1.3465511
0.85770404
0.81658524
1.1465186
1.8148732
1.7017195
-0.6594794
0.45370796
-0.7844569
-1.0072346
1.4236765
1.1447067
0.10569191
0.098839074
-1.3273494
-0.29833052
-0.24882178
1.703869
-0.6370091
-0.26881027
-0.22330256
-0.72666997
-0.99673426
1.3719189
-0.42049947
0.38777775
0.49014956
-0.43498132
0.027778063
0.72212183
0.9577875
-1.4847146
-0.1995918
-0.79131496
-0.6612405
0.25854695
1.2447009
0.3395675
1.6688504
0.88398004
0.39976284
1.074085
-1.3995415
-0.32612428
-0.23501359
-0.7262113
-1.0889305
1.0271716
1.7134197
-0.4158593
0.58774936
0.89532864
2.3032942
-0.8385879
0.6555227
-0.607007
0.2024072
-0.56045073
-0.427596
0.29714963
-1.4183242
-0.56596977
-0.51440984
-0.88805825
1.4164662
0.9461217
-0.11385774
1.376402
-0.03130997
-0.49596497
-0.79164726
-0.8187097
0.13013332
0.41401875
0.34987906
0.7135953
-1.1694834
-0.6456058
-0.48821294
-0.73692834
-0.2397898
-1.1419833
-0.7897084
1.074892
-0.89977235
1.5763019
0.16643055
-0.103706084
0.8837439
-1.3594899
-0.21919622
-1.0715578
1.841196
-0.67502636
-0.27366534
1.373301
1.6604298
0.815721
0.13234398
0.260565
-0.4297754
-2.0068285
-0.24573772
-0.00095852074
-1.4432807
0.14980082
0.9261792
-0.38449922
-1.0792522
-0.8929384
0.31394953
-2.0354176
-1.1805395
-1.4754422
1.609169
0.6344323
-0.9468572
-0.028919242
0.7299135
-0.8152901
-0.7719399
1.070409
0.73596156
-1.5538309
0.59806496
0.61846673
0.893575
0.6015648
0.32794553
-0.43620113
0.52018094
-0.6762849
-0.50036025
1.4644308
-0.65196306
0.3844445
-0.63818574
1.7217466
-0.7873755
1.0588502
0.99290293
-0.08749547
1.535605
-0.5901622
-0.31881723
0.72628695
-0.23329397
-1.2598037
-0.62309647
-0.5333363
0.9094278
0.28629768
-0.24940756
1.0420477
-0.54863155
0.0345348
1.4150748
0.050438605
0.5425699
-0.34839848
-0.1153843
-0.24891351
-0.68631464
0.4248655
1.0329677
0.69954324
-0.04758791
0.18247525
0.4423471
-0.51345676
-1.0831171
0.91321945
0.054353382
0.48082757
-1.8190149
-0.09076546
0.3461324
1.569236
-0.15340678
-0.11591219
-1.0816488
-0.6252223
0.31546533
0.68964875
1.0684781
-0.8417602
-1.0077262
0.47086743
-0.3607737
-0.2657359
0.8738176
1.1285044
0.8293481
-1.4544576
0.81970155
0.75481254
0.074835025
-0.39389372
0.85386676
-0.18765195
0.7139395
0.73121196
-0.48319173
1.4669622
1.1662564
-0.6372427
-0.38456824
-0.98563546
-0.20369205
1.3657103
-1.1461028
0.864921
-0.32267395
-1.2643307
1.5714625
0.6653031
0.9454304
-0.32332936
-0.2551647
-1.2194985
1.4056293
-0.43160477
1.0089266
0.8182383
-0.698528
1.0888246
-0.9072375
-0.5002226
-1.6221044
-1.4894509
1.4772542
-1.0349914
-0.043884225
-0.26544577
1.6707506
0.57347846
0.51060265
0.67868185
-0.53550357
1.0680462
-1.8296748
-0.32227388
0.40647137
0.1877106
-0.20007826
-1.1583236
-0.5428958
-0.20479032
0.29394603
-1.3045988
1.592388
1.4306022
-0.020237047
-0.16449776
0.5590782
-1.550056
0.82980597
0.65173703
-0.37494224
-0.6708915
0.3859359
0.70133805
-1.5100944
0.8910104
0.2616874
-0.26333198
-0.76120394
-0.19581741
0.53540397
1.1523672
1.150884
1.3072323
-1.386856
-1.5186607
1.1429187
-0.22727673
-0.3482762
1.7426914
-0.8195476
1.3655931
0.1660042
1.1757047
-0.1857756
0.83188987
0.36763722
0.15411662
-0.19678998
-1.1528229
-0.426907
0.7568923
-0.9655338
-0.8558397
-0.7657453
1.1131977
0.6068053
-0.5512327
1.6330363
1.3506223
0.23305811
1.2678978
2.0526612
-0.8637834
1.7224057
-1.1539228
-0.49140358
-0.11173868
0.9989345
-0.6705343
-0.30738387
0.43006918
-1.0773993
-1.2100842
1.9839495
-1.421344
1.1917088
0.70428467
-0.8769533
-0.75433433
1.7558568
1.567124
0.5530844
0.6147621
0.1347365
0.6257719
-1.0881741
2.0882063
0.81447154
-0.5468523
-0.09080415
-1.2884607
-1.2315146
1.3103497
-0.6360898
0.90522754
-0.46409196
-0.009493805
1.2823054
1.3574398
-0.12812056
-0.6976237
0.82002306
0.17771477
-0.5523006
1.6922266
-0.72506624
0.28197378
0.16581567
-0.57502586
-1.2407326
1.1708819
0.7345382
-1.4470255
-1.7339296
0.03872669
-0.3662541
1.5378542
-0.83192164
0.90443486
0.4593187
1.1813247
2.0356398
-1.5710051
-0.22237554
0.96969974
-0.7032228
-0.08905147
1.0946614
0.4315669
0.56475985
-0.16899882
-0.02605869
0.7566109
-0.57983017
2.0319
0.93154985
0.14441623
-0.55637777
-0.1143457
-0.17140432
-0.8055142
-0.25921157
1.3755383
0.006884252
-0.6217132
1.0177774
-0.24693933
0.007233318
0.49905837
-0.20631269
-0.8609262
-0.14395651
-0.16625184
-0.9379258
0.47178993
1.5220511
-0.717962
-1.6726148
0.35763335
0.5075548
-0.5532163
-0.80372673
1.348738
-0.7535592
-0.23336974
1.070085
-1.8612522
1.3203781
1.359899
-0.45417348
-1.2796662
-0.22278613
-0.63010657
1.0825413
0.38092917
-1.41332
0.25445604
-0.37277338
-1.5054883
-0.46269184
0.13152061
-0.24301285
0.0013335344
1.2224671
-0.6118297
0.6173819
-0.7176513
-0.098412246
1.4338878
-0.35234675
1.4964052
-0.11592053
-1.3071053
0.7681844
0.6090209
-0.83771753
0.47824383
-0.71487606
0.16342606
-0.14149927
0.9246615
-0.7925528
0.2784002
-0.090651594
2.0224037
1.2553443
-0.17745523
1.5449867
0.94303995
-1.624422
0.7669506
-1.0920842
1.2540047
-0.11303577
1.957312
1.1438957
2.0503457
0.91603065
0.9738686
-0.22098863
-1.0734642
-1.3956561
0.72274905
1.1784222
1.2620622
-0.26816243
1.8933691
1.5590262
-1.278868
0.81383616
0.5951916
0.5317003
0.9692235
0.7967922
1.2258027
-1.089809
0.09895868
1.6222352
-1.273182
0.87237525
-0.9673345
-0.10334648
-0.53622055
0.8216557
-1.598674
-0.41151813
0.06870358
0.44013518
-0.11045335
-1.3065909
-1.5694289
0.5853632
1.2086787
-0.17119911
-0.60163236
0.23519278
0.8731232
-0.07369754
0.698625
0.73414063
0.94439936
0.37723237
0.8266731
0.9046654
-1.0430518
1.3126967
0.9052416
0.007760678
-0.11567716
1.0500159
1.0841498
-0.3831983
-0.5673661
-0.31156912
0.6403954
0.24865384
-0.47945577
-0.5087081
-1.4620641
0.29584792
-0.15649816
-1.1411067
0.024656152
0.31762856
0.39298525
-0.012520045
0.5363316
-1.3324741
0.060092427
-0.99492633
-1.4376059
1.2107697
0.8144784
-1.0819695
0.9104161
-0.030350942
-0.71008676
-0.546608
0.14409262
-1.0473394
-1.166859
-0.6532081
0.1312416
0.81908095
1.2635027
-0.40766588
1.1572819
1.2920374
0.49821085
1.0738144
1.0728905
0.29642358
0.9895287
0.004432619
-0.06419091
0.34740877
1.2025999
-0.40744278
-0.063000485
-0.45463568
0.5351224
-0.014005948
-0.6659646
0.20625399
-1.1895146
-0.67967725
-0.36287245
-0.015659811
1.5034703
0.9846099
-0.5697022
-1.604806
1.6473781
0.9037479
-0.28733012
-0.34262383
0.7251782
0.3389549
-0.92124486
1.5438309
-1.0571258
0.44832745
-0.12812462
0.83513355
1.1569936
-0.8663923
0.46818173
-0.76207733
-1.444114
0.5728018
0.5119393
1.4601127
-1.2581358
0.7474786
-0.4915844
1.3946956
0.035184056
-0.15427636
-1.670603
0.12948428
0.64120597
1.4048429
-0.31497794
-1.1380471
-1.4891791
-0.1261375
1.8567088
1.4698089
0.2158199
-1.2692693
-1.190171
0.026137892
-1.0875316
-1.0444095
-0.07080039
1.1262027
-0.7065212
0.8790988
0.73982865
-0.6076653
-0.2807997
0.3808288
1.537922
-1.7782668
-1.4577186
-0.6961131
0.48062587
0.10474818
-0.39242083
-1.3385277
-0.82004625
-0.5411426
0.31598246
0.4459948
0.051926557
-0.078758165
-0.78987664
-0.7338508
-0.2857735
0.40550023
-1.2036598
-0.07592451
1.0238862
-0.178331
0.5599592
0.16441984
-0.15315846
1.3854725
-0.42226845
0.88174516
1.616719
-1.9068232
1.973765
0.6788647
1.3282421
-0.17520711
1.0130996
-1.3006028
-0.56151915
1.0466766
-0.7608026
-0.6834412
-0.64880407
-0.09262405
1.0284059
-1.4812762
-0.004209399
-0.40830696
-0.4164994
-0.07520437
0.89335144
1.8707188
0.3522836
1.2262944
-1.1714499
1.5370039
1.0319629
1.1516852
-1.0863457
1.7805805
-0.31193265
-0.021314647
-0.1861003
-1.1265761
0.26876122
-0.6034259
0.012253723
0.5186056
-0.3806523
0.84022313
0.6947562
-1.0305558
-1.4964166
0.5237053
-0.6064937
-1.1874326
0.36393657
-1.30232
-0.3079556
1.7423667
0.616196
-0.22683239
1.279273
1.5531473
-0.65352166
0.5656543
0.75589275
0.20574956
0.75454944
-1.3132687
-0.22995484
-1.8878236
-0.85796106
0.49837935
0.06636648
-1.857841
-0.8690552
-0.40702128
0.65901965
1.6031791
-1.2723218
0.93711776
0.98439324
-1.1224575
-1.0716615
-0.5986032
-0.14454335
-0.677547
1.0748444
-0.4331313
-1.3546999
0.47613478
0.52234894
-0.099950746
-0.8867858
-0.33653504
-0.6934473
-0.17396869
-0.2056868
1.5327855
-1.3996409
1.3813096
-0.6077753
0.1783751
-1.5851063
0.69894123
0.49409795
1.775637
-1.376934
-1.2577987
0.5803101
-1.3360442
0.7558226
0.89226437
-0.079248644
-1.0305821
-0.83773667
-0.2417287
0.7056178
-0.55171776
-0.12857889
-1.1747215
0.77514935
-1.4236048
0.079527736
1.2417563
0.5244993
1.0008601
0.14004937
0.11077855
1.461415
-1.2667052
-1.4583135
-0.29862997
-0.60500073
-1.5162499
-1.0158453
0.13093539
1.8365021
-0.08471675
-1.087786
0.45870942
0.6927283
-1.4370418
0.2339446
0.3111994
-1.2595141
-1.141057
-0.4787098
0.64121866
-1.1123309
0.15623482
0.9968387
0.63883114
1.252763
0.96312314
1.5808959
-0.09843308
-0.28136614
-0.29299644
0.878538
-0.4255495
1.9691094
0.33157706
0.51036704
-0.16581225
-0.32459056
-0.93622607
-1.9550841
-0.6434264
0.43933946
0.68140864
0.084132746
-0.081386514
0.6416528
0.1787401
-0.77097523
1.6469742
1.3724442
0.5899704
-0.6243551
1.083984
-0.45706013
-0.12760232
-0.64069444
-0.20293486
-0.8644666
-1.7794521
-1.1339742
0.1532708
-1.3899529
0.068124995
-0.13902645
-1.6864648
1.5370196
-0.40144074
0.44104075
0.060969274
-0.96097845
0.4194987
-0.42081478
-0.7506893
-0.23330396
-0.87504107
-0.32367334
1.498936
-0.55102926
1.4150486
-0.17089003
-1.2665848
0.94269025
0.8766248
0.38590282
-0.020249503
1.6376145
0.120978124
-1.3619329
-0.18721564
-0.5592847
-0.18717761
-1.7246788
-1.7584809
0.51736015
1.9472969
0.9268744
1.2870413
-1.0405068
0.0659176
-0.21408136
1.4671844
-1.2792611
0.56827784
-1.3387084
-0.76244956
0.8636933
-1.5978812
1.7885106
1.4809045
1.6363971
0.9527513
-0.27336615
-0.63966686
1.4252684
0.59572124
-0.19256386
1.1116865
1.9054135
-1.6133301
-1.7427607
1.8332819
1.6074592
1.178074
-0.5676439
-0.24377503
0.95367897
-0.17410043
-1.1000717
0.96584594
0.6558569
0.65624064
1.1337941
-1.5687032
-0.39878693
1.6897268
-0.485348
-0.5908389
-1.6171477
0.102566995
0.8310037
1.3808267
0.53377223
-0.95130694
0.979364
0.37947148
-0.22688861
-0.69549084
1.1714234
-0.38894534
0.7932249
0.12695032
-0.5870519
-1.4004923
-0.2621095
0.07111612
1.2931998
1.4143949
1.0723786
-0.12758015
0.977231
0.28801015
0.8455313
0.6002972
1.1499715
0.5402553
0.31157607
1.6997361
-0.8784566
0.2584566
0.04307952
-1.2078743
0.0017971386
1.0669454
-0.8737618
-0.31427094
-0.3637215
0.07256423
-0.5295958
-1.522803
0.35338336
-0.7158124
-1.4716923
0.95736253
1.006434
-0.05816379
-0.6147163
0.6786959
1.7061398
0.49434853
-1.2148323
-0.77570546
-0.20066762
-1.0752815
2.096381
-1.7150711
-0.6412854
-0.22570163
1.2733247
-1.3341534
-1.3798914
1.6530321
1.1080303
-1.0049145
-0.34446165
-0.41657865
-0.3769664
-1.1171681
-0.6867014
0.5022422
-0.2820996
0.633488
-0.3774261
0.20717959
-0.3152649
-0.20122114
-1.2122076
0.15955737
1.3335651
-1.3864365
1.0576106
-0.54028296
0.6759221
2.003397
-1.0940795
0.7956352
1.609298
0.29903814
1.44001
0.7484831
0.5464748
-0.42291138
-0.32422125
-0.5457462
0.46771646
0.18226495
-0.40885955
0.9135859
0.089835696
0.06979731
-0.74634576
-0.099585064
0.84834784
0.7138053
-1.2178785
0.5550556
1.1743702
-1.1816515
1.0153863
-0.548927
-0.25972986
-1.1329508
1.2129502
0.28497007
1.5252049
0.1525764
-1.6354263
-0.4419211
1.1107534
-0.012952398
-0.8274946
1.2134544
-0.33181122
-1.6408331
-0.9059404
0.13805977
-0.13499005
0.25323194
-1.7512958
-0.8959719
-0.88011086
-1.3855016
0.96024036
1.9495758
0.33958566
-1.1555651
0.92092645
-0.8036789
0.5718946
-1.1257304
-0.25284538
-0.49585915
0.44589818
0.46227953
1.0614984
1.2044482
-0.69960535
-0.14198379
0.09210443
-1.444767
0.55152047
0.15971428
0.9189963
0.63080853
-0.056191575
0.023915812
0.98075294
-0.36948323
1.2070248
1.297289
1.8676606
-0.6855128
-1.5678941
-0.85782284
-0.7241607
-0.55266917
-0.25877813
-0.40598324
0.42149845
-1.0193266
0.89751375
-0.81871206
1.1654679
0.16400364
0.69875056
-1.4988567
-0.23494577
0.71516293
-0.68883485
-0.6388625
-0.74373776
0.083694346
-0.88903594
1.1857955
-0.41455123
0.45586058
0.89298517
0.7535051
-0.07775446
-0.45478523
0.7789387
0.61962444
-1.474134
-0.12234563
-1.1179852
0.30110294
1.4327784
-1.4703807
1.391903
-1.438203
-1.1468045
0.74408334
-0.8929469
-0.90048254
-0.13845198
-0.46640682
-0.9410905
-0.28516716
-0.9957162
-1.4978391
-0.7999355
1.8114753
0.26375866
-1.4640388
-0.35262954
-0.35105926
1.8139805
0.8085865
-0.5084295
1.6071573
-0.49608046
1.0634799
-0.38326
0.7444912
-0.90751326
-0.07348234
0.30253243
0.46599934
0.44024104
1.0807952
-0.31718308
0.051200606
-0.7600756
-0.06673269
-1.1469198
0.8263813
-1.1353697
-0.7383895
0.17606209
1.4270569
0.485965
-0.024361152
-0.9530047
-0.99210036
-1.2503173
-0.72749907
-0.50536674
-1.0308478
0.5981459
-0.06420291
1.0529678
1.8133173
0.11840158
-1.009535
-1.1551721
-1.3018901
1.9605768
0.99895394
0.06612327
-1.0363576
-0.11140253
0.15507255
-0.24096668
-0.37853295
-1.634634
1.3429993
-0.42592618
1.6588799
0.36828905
0.904667
-0.2743679
-0.6317276
-0.2535518
0.52608764
1.0410465
0.13955536
-0.9270882
-1.223137
-0.3724894
1.369702
-0.035742003
0.689554
0.17992102
-1.5889173
-0.20429803
0.98478717
1.0169373
-1.041367
0.3597439
-0.2813897
0.7371939
-1.0505147
0.17136647
0.053278904
-0.9729914
0.7134034
0.23908003
-0.011442751
0.7311033
1.279754
0.51492405
-0.88652825
0.0005014241
-0.5473496
-0.68205374
-1.1859659
1.0820751
-0.39470235
-0.026290398
-0.10826918
-1.155286
1.3722864
0.5767931
-0.51286936
-1.8611913
-1.4356527
0.92489076
1.6428652
1.3558598
0.6078674
-0.65225834
0.53443134
0.07500177
-0.8011351
1.1894406
1.0177408
-1.2388935
-0.9966377
-1.5363792
-0.19405928
1.4503303
0.7381177
-0.7350576
1.3558104
0.66915184
0.8569637
1.1297885
1.1106675
1.3504294
-0.18247013
-0.59463155
0.18968959
-1.3058165
0.76337415
1.3195736
-0.39963505
-1.2125556
-0.4845881
-0.81305104
-1.3630524
-0.1487943
0.506589
-0.51537573
1.2705561
-0.2132684
-0.03846806
-1.0730131
-0.89092505
-0.06202857
-0.012095798
0.62066823
0.74185693
0.6381682
0.21798322
-0.98822355
-0.6949929
0.015280499
0.7432442
0.5491178
-0.8609042
0.91081285
0.55433846
-0.8969628
-1.5312172
0.4198144
0.81918633
1.2849227
0.08654302
1.5079297
0.06366157
0.08360769
-0.116733946
1.2083435
-0.81443197
-0.71391726
-0.33478495
-0.78539467
-0.63556397
-0.03877128
-1.1488585
1.3892162
1.0982736
0.51113206
-0.7379716
1.2879152
-0.76451784
1.1993774
0.5972361
0.55261695
1.4791454
-1.4201866
0.41253796
-0.9354558
-0.4149127
-1.1036663
1.9843558
0.33608997
-1.4112331
-0.70767474
1.3304216
1.1415346
1.4247664
-0.07920245
-1.1270068
-1.9999808
0.4543745
1.3992705
-1.5370295
0.84021276
-1.3047321
-1.4455205
-0.3239609
-1.3982424
-1.5058984
0.64725804
0.7527765
1.9767232
1.7106798
-0.32859543
-1.3554128
-1.2822254
1.2279012
0.40993023
1.1132028
0.534893
-0.038433723
1.1029506
-1.3683617
-0.3032446
-0.23899555
1.2253525
0.16837564
0.080470495
0.6709886
1.0057573
2.0354257
-1.0489053
-0.005078158
0.5403021
-0.8488124
1.6393206
0.8581282
0.76039404
-0.4701029
1.4743042
-1.5075315
-0.9071169
0.80623966
-1.165082
0.9588047
-0.7349758
0.28951728
-0.57552946
0.33186832
-1.6277785
-1.1806852
0.85355157
-1.2626376
-0.6273383
0.5478104
-1.3248615
0.86661184
0.85037625
0.8068682
0.42326128
0.5035163
-0.30392015
0.7357798
1.2711978
0.07686817
-0.6170338
-1.5571383
-0.27650833
-0.926141
1.1521761
-0.6020397
1.0399721
-0.5067928
1.7714374
0.48536894
1.0286143
0.013935294
-1.0590513
-0.31843096
0.4779128
0.9833667
0.32132033
0.04257674
0.94516957
1.7466626
0.26450524
0.24559839
-0.88766646
-1.0727717
0.9792126
1.102301
0.16750206
-0.5069341
-0.1806235
-0.33813673
-0.6161078
-1.2677443
1.2974516
-0.28906265
-0.5507399
1.2289186
-0.6934688
-1.1900077
-1.4535128
-0.73710966
-1.7505069
-0.11279671
-0.20558746
-0.17706597
-1.1099675
-0.34873378
1.2662587
1.0374602
-0.80506694
-0.7369518
-1.3410913
0.09458923
-0.28799137
0.5166513
1.7749019
0.2611669
-0.19920178
-0.63690746
1.4284141
1.7493509
-2.0662155
-0.82879555
-0.1348808
0.60721433
0.9347485
-1.714031
1.8857391
-1.1113906
-0.403366
1.9493445
1.6405585
0.8505881
0.20895194
-1.6090174
1.5214936
0.6920495
0.30345848
-0.48575178
-0.68685097
1.0110817
0.998066
0.40332103
-0.64450955
-0.6053368
1.5356098
-1.1428366
1.7769487
-0.39783862
1.0746849
-1.3465147
1.2885469
-0.78486675
1.3647723
1.3525449
0.8878339
-0.23615913
-0.18140525
0.27758154
-0.18206896
-1.0572181
-0.20466024
-0.82513255
-0.030310566
0.2876203
0.13904499
0.16869834
-0.6421733
-0.7225436
0.78775334
-0.89616555
-1.0302937
-0.80224806
-0.3391717
0.40509403
-1.4565419
0.7847476
0.29441568
1.5285301
0.7147056
0.5439135
1.3493335
0.4469152
0.3125713
1.0335481
0.6692512
1.1315801
0.2157361
0.6409577
-0.012632898
-1.4635983
-0.5855384
1.5034411
1.9314088
-1.5635661
0.66430527
-0.12402149
-1.8607342
0.5085906
-0.9624261
-0.8697841
0.89787865
-0.056281995
-0.91535705
1.2438552
1.2664201
1.7148428
0.84837383
1.2101035
-0.35326782
0.8055489
-0.8949566
-0.38396338
-0.11606352
-0.28240508
-0.51226413
0.002349464
1.0414544
1.978401
0.5834511
-0.9848901
-1.1380708
0.43848786
0.08715191
-0.9081653
-0.9847953
0.1300984
-0.39571017
-0.73837435
0.08070232
-0.12978727
1.0350423
1.7319448
1.6776135
-0.36963427
1.7242216
1.1073818
-0.13871734
0.42963594
-0.6857835
1.425503
-0.8824546
-0.5897058
0.42773825
-0.6994485
-1.000728
0.3263783
0.2345148
0.6024898
-0.69888896
-0.1697555
0.9285401
-1.3286939
-1.5275651
0.3361203
1.3324078
1.1409454
-0.11481141
-0.12950723
0.6624762
0.031893898
0.9559772
-0.54442084
-0.023800407
-0.04298579
0.22879991
-0.39102185
0.7250942
0.9211396
-0.1596407
0.9610348
1.180412
-0.9953811
0.88482
-0.17821749
-1.6708279
0.75506175
-1.1619945
-0.62090623
0.09588405
1.6947693
1.7307231
0.5459842
-1.4904783
0.04191408
-0.4179977
0.71844363
-0.7136982
-1.1697043
0.34543577
-0.6824924
0.027218483
0.8662058
-0.92864597
0.26096213
1.14307
-0.46240544
-0.3908423
1.594233
-0.82045925
-1.0322278
1.106426
-1.2709528
0.8525158
-1.5283716
-1.4512709
0.3490535
0.6895984
0.07209114
0.9417566
-0.46371844
1.2736992
-0.7563041
1.0512264
-0.093020216
1.3778275
1.1599665
0.73570013
-0.3014053
0.37815717
-0.9247254
-0.2901977
0.37470385
0.32009044
-0.64051676
-0.98278165
0.5599723
0.9013588
1.7280447
0.44790465
-0.8820938
-1.3584912
0.22186632
1.7221661
1.416762
-0.27479997
0.8403343
-1.684524
-1.7656391
-0.6146469
0.37718844
-0.12350637
-0.2380248
0.46112648
-0.28205973
0.7237847
0.75592417
-0.31347823
-1.3714852
-0.8008021
1.4652752
0.35009354
-0.36594486
0.7820968
-0.55682445
0.5148624
0.89177066
0.44927365
0.991108
-0.4564565
1.6858892
-0.023386952
-0.9694164
0.2945562
-1.344042
1.0883883
-0.70423126
-0.07607274
-1.3727983
1.0364895
-0.2606705
1.1630934
-1.1410612
-1.5369459
1.9787633
-1.0850259
1.5580202
0.9488363
-0.8872398
-0.34708986
-0.14217266
1.0965662
-0.24326578
-0.065161735
-1.8043671
-0.2691116
0.115232766
-1.0466585
0.07850144
-0.046592947
0.42414704
-1.0995333
-1.7486137
1.2969284
0.08664878
-0.08416227
1.9739679
-1.0441995
-1.0557789
0.44436687
-0.09026778
-1.5264612
1.3281208
-0.73234457
-0.53674096
0.23802689
-0.8877747
-0.17589352
-1.1628655
-0.30956265
-1.8201729
0.57857907
0.4910005
-0.5812079
1.4821606
0.484276
-0.079886615
1.7975821
-1.5616194
-0.50660187
0.8205077
1.2464621
0.9837433
-1.8968599
-0.37372354
0.94814515
0.08698432
0.93541074
-1.3168072
-0.9556763
-0.7157148
0.5580598
-1.3056163
-1.4049238
-0.22990175
1.4948424
1.3642049
-0.95980614
-1.3604668
1.6394798
-1.2296784
1.4102565
0.6464986
-0.43023294
0.44001088
2.073451
-1.5665251
1.5906477
1.1403525
-0.08610033
0.19903402
1.3330504
-0.1940704
-0.6129724
1.5383683
0.06792799
1.0736753
0.4912214
1.2470554
0.6889058
-0.51501065
1.3217053
-1.7909379
-1.178594
0.4801883
0.53255725
0.968194
-0.14304852
0.23938666
0.008094222
0.37510467
0.85276663
-0.108144306
-0.10653701
1.1922026
-0.99865437
-0.69959086
-0.12593412
0.23048267
-0.008711563
-0.5220758
-0.11021801
1.8390747
-1.1608076
-1.6307049
-0.60457695
-0.48379847
-0.936572
-0.33919352
1.186334
0.4410729
0.5849914
-1.3827401
1.3319156
-1.7716126
0.68680686
-0.30581462
-0.7144597
1.5533527
1.6055341
0.82074875
-0.0066651506
-1.4744464
-0.1193688
-1.0628927
0.42145914
0.1926049
-1.3015852
0.24709661
0.42920536
-0.22313537
-0.23195687
-0.038661893
-0.8730506
0.5048099
-0.47379237
0.8953184
0.0033915425
-0.8520704
-0.6320973
-0.7784053
-1.6660452
0.31936878
0.03929551
-0.60575104
0.62695754
0.9877715
0.78887284
-1.2330866
0.12586275
-0.91503835
0.3409886
-0.8595474
-1.7200783
1.1836101
1.035851
0.788475
-0.39615232
-1.3744103
0.97171694
0.05192313
0.462825
1.1690294
-1.0728066
-1.2686815
0.5273365
1.721426
0.11575261
0.2076508
1.4515
0.018051969
0.955497
-0.62053984
0.706328
-0.64331335
-1.8581065
-0.07042781
0.16811371
-1.6244072
-1.6364415
0.22103198
-0.8342806
-1.1040583
0.18045169
0.119129024
-1.4461609
-1.0066375
-1.3172549
1.5581837
0.99253243
1.0751418
-1.2466414
-0.68675506
0.5290588
-0.012382604
-0.2019616
-0.26352775
2.0267467
-0.22123249
1.2964672
-0.8942369
-1.3141336
0.89355713
-1.5113732
-0.23709565
-0.6186349
-0.953935
1.1050124
1.8833818
0.61976266
-1.5394799
-1.064749
1.0469837
1.3925291
1.020592
-0.85718334
-0.49714863
-0.10869276
-0.23356153
0.10960242
0.82121825
-0.9353854
0.19044338
1.3394612
1.2869602
-1.3588918
0.6013427
-1.726562
0.1844428
0.8722422
-1.4147673
0.3211246
-1.517334
-2.008917
-1.0702832
-0.37425855
0.394087
-0.07015257
-1.6892927
0.6758616
0.372788
-1.1383536
-0.594072
0.065262236
1.7315104
1.3243153
1.7617328
-0.8470957
0.5964822
1.3214444
1.4621766
-0.08080012
-1.1761239
-0.67176116
0.56649756
0.36088032
-0.9843397
1.8588784
0.6512883
0.32872364
1.6602414
-0.86825603
-1.0676239
0.11254714
0.35177186
-1.5865155
1.0853181
0.63036543
-0.20481677
-0.74663216
-1.0030427
0.6940073
-0.83961797
1.7071252
0.37506086
1.1269042
-0.6566251
-2.299862
-0.6098546
-1.1279793
-0.31934878
-0.6958745
1.001464
-1.6951979
1.2950242
-1.0450283
-0.9647141
0.8492035
-0.96604645
-0.101106375
0.1887716
-0.008197559
-1.0258758
-0.6365405
-1.400436
0.92821026
0.48653868
0.09295332
1.5085163
-0.23370114
0.15601255
0.23301888
-0.13909407
0.08489081
1.7211485
-0.2694831
-0.9420707
-0.96485126
1.646037
-0.8598588
-0.19052234
0.9613279
-0.6355101
1.071618
-0.38509628
0.4014915
0.59077764
-1.2186913
-0.6815796
-0.26648822
-2.0619254
-1.2177881
-0.049767215
-0.6909804
0.3072673
0.04443737
0.21317577
0.10379799
-0.675854
-1.3904907
1.473412
0.9623519
-1.9997233
1.9161121
-0.47410023
-0.4827584
0.6869871
-0.43267405
0.9943678
-0.44357938
-0.18599194
-0.9978634
0.23213878
1.4556949
-1.149827
-1.2331063
1.1713016
-1.071898
-0.9397034
0.16571037
0.2688895
0.3981238
-0.07869291
-1.6048865
1.1422573
-0.40032908
0.40094882
0.25771147
-0.78317696
-1.485346
1.5675299
0.78354436
-1.6763104
1.2407719
0.64329946
0.11572877
1.680423
0.12205338
0.31294945
-1.2473706
-0.62265253
-0.8532966
-1.3217472
1.3562874
-0.023907065
1.5572444
-0.5028172
-0.49047026
1.6449157
-0.39736602
1.5527842
0.49062026
-0.79750615
1.453327
-1.5595384
-0.62377477
-0.6370436
0.4706732
1.2487943
-0.84521353
1.8815655
-1.4723954
-1.2579206
1.1041428
1.8091356
0.3363566
0.6122526
-0.97419673
1.3354782
0.39336812
1.1774443
1.9461317
-0.19141695
1.7984638
0.25142318
-0.97363555
-0.2478751
-0.13493691
0.40220824
1.8883119
0.6641438
-0.045304418
0.68746746
-0.14962947
-0.7503071
0.3854404
-0.4290673
-0.5723758
-0.26413164
-0.6347165
-0.7072334
-0.51710445
0.16596226
-0.46439022
1.3796573
0.5887599
0.43176955
1.3913858
0.10391466
0.49619326
-1.4443252
-1.0803049
1.5495707
-1.369742
0.8351962
-0.6909775
-0.9523451
1.6851001
0.20482372
-0.17869553
1.1279579
0.07169703
0.5424261
-0.35664824
-0.66237825
-0.24040222
-1.4848396
0.7430294
0.91578877
-0.25685522
-0.9592893
-1.0694772
-1.2916317
0.28730822
0.6963793
-0.12034738
1.068498
-0.8310635
0.6108401
1.567416
0.6950689
-0.3862427
1.0952183
-0.19044277
0.5677674
0.26766425
-1.1057589
0.49767053
1.6643747
-0.7334285
1.7191474
-0.045373287
0.32439214
0.005373333
-0.5454439
-0.2765523
-0.9761
-0.58153623
1.055677
0.9525943
1.0742979
-1.406235
0.6962347
1.1678205
1.6900206
2.076963
-0.44622058
-1.4702181
1.4817549
-0.47518963
-0.80089396
-0.66473013
-1.1947008
0.95261866
-0.6041428
-0.63864386
1.2919232
0.10904852
-0.63896596
-0.3616638
0.60931015
-0.28432965
0.5509754
-0.26022744
0.04810887
-1.6916285
1.525775
-1.7562175
0.81052595
-1.8938979
-1.4714581
-0.17483588
-2.2136898
-0.5580696
-0.82104224
1.7693639
-1.0125079
-2.1262352
1.0352315
1.1944773
-0.4738391
-0.7405336
-0.7919711
-0.2502961
1.1689396
0.96507406
0.5727925
1.4575073
-0.6992365
-0.20597436
-0.18009308
-1.1056916
-0.7235069
1.3634995
0.1121943
-0.6259052
1.8210092
1.069994
1.6034774
-0.68473727
-1.1891879
1.3934398
-1.3112023
0.71862215
0.46302843
-0.94753474
1.2202629
-0.6109578
1.2744174
-0.9426732
0.1905494
0.1586439
-1.3748422
-1.1845999
-0.23055059
0.91657114
-0.11660894
-0.48873523
-1.1577787
1.9837465
0.9813897
-0.13604844
-0.8849907
1.0044533
0.7989659
0.8668613
-0.6813212
1.1326497
-0.23514988
-0.45853776
-0.14964804
1.7648209
0.1520236
0.13245396
-0.32413375
-0.8530685
-0.5162345
-0.017525163
0.2657659
-1.492842
-0.12444302
1.2891792
-0.40653318
-0.47745612
-0.012813621
-0.13298865
0.06734046
0.6516373
-0.0039089317
1.5254343
-1.1888567
-0.95759666
-0.2651538
-0.6539514
0.033629697
0.4484622
2.20735
1.5578262
-0.33117333
0.3853862
0.21947353
1.4119728
-1.0595121
-0.10249363
0.030144194
1.3880981
0.5823465
1.3621936
-0.460751
-0.6617917
0.17912407
-1.2118559
0.99916613
0.22793162
-0.7241426
0.13861467
-0.8770709
-0.5623011
1.4725252
2.1328533
-0.6938356
0.4467346
-1.0063864
1.4803314
0.47556502
-0.29981554
0.21326095
0.631031
-0.16225493
-0.32703316
-0.32903004
0.22384092
1.0315192
-0.1493052
-0.38293955
1.5215868
-0.21992686
-0.116484135
-0.40634385
1.6791244
0.20798208
1.7522838
0.8841963
0.032524068
0.9256384
-0.113014325
-1.4775405
-0.2212673
-1.213527
1.429402
-0.85020405
0.6842918
-0.40207195
-0.82373095
-0.6889028
1.1633992
1.1200349
-1.9077361
0.9215594
0.22390391
-1.4649684
-0.0961215
0.7526293
-0.9132058
-1.2896875
0.67644495
1.3165771
-1.197675
-0.24530879
-1.0115201
1.6667672
-1.9002373
1.3028412
-0.5352699
1.3187406
1.7396313
-0.026887836
-0.0001616627
-0.44217718
1.9266406
-0.931259
0.23677333
-1.3471301
0.98259723
-0.29974097
0.10082872
-0.6248651
-0.26421508
0.3069588
-0.8123987
-1.7060777
-0.41061822
0.31440818
0.5767981
0.20601872
-0.61750555
1.1230423
-0.9356368
1.7102642
-0.5626243
0.11912217
0.24150157
-1.8846151
-0.9706548
0.058116037
-1.490849
-0.34451956
-0.16570354
-0.050275758
1.2536027
0.23432606
-1.1104262
-1.3168476
1.2204186
-1.184464
0.6463364
-0.89999616
-1.3942754
0.165203
0.9308013
-0.8786983
-0.40015727
1.4588975
0.25793317
0.20205507
0.8228226
-0.68640995
-0.22744088
-0.7178954
0.44832605
0.3739208
0.8776239
1.8350329
1.3129424
-1.3476032
-0.1575796
1.7355108
1.5271568
0.26318684
0.6300036
1.0910246
1.1353341
1.1745462
0.1664189
1.1508391
-0.23754223
0.9554028
-0.14693409
0.76545686
-1.2371432
1.3029615
-0.5429668
0.5160685
1.6120627
-0.25427893
-1.730368
1.7465059
-0.10038965
1.2367518
0.27289274
0.071043916
1.9384419
-1.3443602
-0.31783614
0.012558368
-1.6729021
-1.142552
-0.5613864
1.4850644
-0.86099124
0.29688576
-1.2417266
-1.7268963
1.7085766
0.96432865
1.1428232
1.499164
-0.6567917
-1.1711009
-1.2183369
-0.04037428
0.14406607
1.6677549
-0.35252124
0.2673869
-1.0668633
0.5775942
1.1697664
-0.06306633
2.056097
-0.9069033
2.047265
0.37923577
0.27710098
1.1434156
0.42140764
0.49067223
0.20779145
-0.06499432
-0.48974583
-0.8872474
0.99035585
0.9272872
-0.91548944
-0.78762084
1.0586195
0.82367563
-0.39818078
0.62922275
0.18404007
0.79365695
-0.27721313
-0.25178352
1.0015265
0.167827
1.2845831
-0.9528384
-0.91253376
-0.23283227
1.4983352
-0.40899602
-0.65008986
0.034020063
-1.3172835
0.6082266
-0.83020407
0.44249356
0.43658385
-1.2014065
0.095424965
0.79564977
-1.1862662
-1.2988316
0.36204907
-0.45530814
-0.7348359
-1.3964112
-1.0294508
-1.8552902
1.3988804
-1.0885096
-0.5143536
1.2912667
1.3232205
-0.75845736
1.2917187
0.29032525
0.33877927
1.2912983
0.85393035
-0.032616165
0.043281704
-0.64971834
1.8214955
1.2538058
-1.522692
1.1673169
0.7053575
0.37199178
1.2064399
0.7986622
0.8139849
0.64239997
0.4512096
-0.20108026
1.2810478
0.6751214
1.0224805
-0.89883906
0.31086195
1.6719909
-1.262477
-1.0384555
-0.58665943
-0.88310176
0.93395054
-1.3677777
-0.5606771
-0.32651836
1.8844814
0.07307466
-0.60300213
-1.0219829
1.691936
-0.4564773
1.3172947
1.4519526
0.013581276
-0.42504278
1.2268404
-0.62288845
1.3448678
1.1275148
-1.1780553
-0.9240632
-0.2864849
-1.3643092
1.5534848
-0.4197986
-0.13834803
-0.1241175
-0.3855853
0.011460351
0.44127074
-0.9115075
-0.03792973
0.4149753
-1.4380567
0.13790223
1.0977623
1.3557605
0.66078925
0.8763778
-0.96342146
0.20386323
0.7164859
1.3880844
-0.6601953
-1.016999
-0.15823783
0.68970025
-0.741916
-0.92947125
0.06675054
-1.7966164
-0.16592541
0.40583292
1.1661637
0.01380358
0.28038713
-0.8613961
-1.4937891
0.40429834
1.5942453
1.2293096
0.7733972
-1.1643265
1.000696
0.19557542
1.6673276
-0.639954
0.3200667
-0.825425
-0.77674145
0.823237
-1.0154164
1.3978431
-0.66116846
-0.6372697
0.56724817
1.1054609
0.963117
0.13091998
0.6094174
1.0854905
1.3773872
-0.605057
1.386376
-1.7214885
-0.93475676
-0.30083808
-0.23632348
1.0547035
-0.057921637
-1.7371694
-1.1016586
0.27187
-0.10288183
1.5185416
0.045621842
-0.77198535
1.3600919
1.5389905
0.22658135
1.1472981
-1.2987705
-0.20175563
1.3058585
-1.1105485
-0.25295863
-0.4434737
-0.5941868
0.57040936
0.019748058
0.5118984
-0.56697005
-0.24389179
1.2097999
0.19557774
-1.293234
0.87550217
-0.3484472
-0.8509825
1.4281827
0.6095058
1.5134133
-1.6044016
-0.84524965
0.019543853
0.80385387
0.3380482
1.6133485
-0.25605968
0.70434177
-1.2399607
0.008798727
-1.7087023
0.27682096
-0.22110498
-0.029906806
-1.0139902
-0.064287044
-0.83899015
0.63283634
-0.26508513
0.23874877
-1.5564061
-0.8909702
1.0154325
0.04209
0.17743358
0.082588695
-1.0476867
-0.18913145
-0.89326036
-0.22349451
1.4328202
0.8386531
1.6298376
-0.5808984
-0.19088888
-0.53320026
-2.0035625
-0.14761251
-0.43518737
0.7289549
-0.7368322
-0.9942114
-0.71094024
-0.14668064
0.15415609
1.537084
-0.51912224
0.17387515
0.65772873
-0.19554028
-0.83310056
1.1719253
1.3283027
-0.6507701
-0.51045144
-0.65510523
-0.9802245
1.3095365
0.19780931
0.965531
-0.12389554
-0.6072703
-0.10110835
0.3820108
0.3027432
-2.0058172
2.0610578
0.98333347
-0.022934198
1.6259794
0.56629246
-0.11598048
-0.18469797
0.29815364
0.35095924
-0.6188856
-0.18432249
0.16163565
0.3711218
-0.42373088
-1.1116537
-1.5756154
-1.4954104
-0.19658741
-0.25639474
1.3966839
0.5463915
0.37267008
0.3950023
-0.865743
1.031859
-0.012185659
0.27424368
-1.3459622
0.9802425
-1.1918867
-2.1893263
0.6465499
-0.9545618
1.5627416
0.27835017
-0.9030341
-0.36773878
-0.08594672
0.05133943
-0.56924653
0.19959576
0.1436898
-1.5401018
0.7308742
0.10712822
1.3272705
1.1103872
-1.6348233
-1.4096539
-0.011112319
-0.96293855
0.7053307
0.43604058
-0.90584904
0.52659893
0.47296762
-0.18506819
-1.3536049
1.6446283
-1.1100489
-0.9236545
-0.86488503
-0.34433064
-0.08559021
-1.0244159
0.0077747516
1.6392443
-1.1185946
-1.1915334
-0.22140878
-0.07493063
-0.49848267
-0.30487677
-0.07206491
-0.50029135
-0.31573328
-0.9471141
-0.37925714
-0.067390755
-0.10609336
0.0740021
-1.1826628
-0.30155486
1.6516007
0.6633345
0.48174357
-0.049837586
1.6882097
-0.8845691
-0.6837528
-0.09379941
-0.9782518
2.1159413
1.4683264
0.96826386
-0.094533
-0.656885
0.1226033
-1.4435062
-0.6981022
-0.9381526
-0.8532116
1.1995554
0.6834619
-1.065495
0.033746965
-1.265142
1.1666968
1.6251773
-0.41959462
1.5080507
1.3292675
-0.37610352
1.6437265
1.1774389
-0.6687499
-1.0817432
-1.1343174
0.9064374
-1.2504117
-1.0968717
1.4971232
-0.797087
-0.86621267
-1.9540476
1.2163355
-0.059436206
-1.080722
-0.055712894
1.8033495
-0.8996973
0.486053
0.77072436
-0.4503708
-1.100156
0.009550098
1.4239557
-1.5665517
1.1405292
0.46851486
-0.030643718
0.5887933
1.273244
-1.5933108
-0.34310672
1.857399
0.25717553
1.2821099
0.8858944
-0.06470146
0.4337612
1.1299686
-1.3149059
-0.01420436
0.31682792
-0.9260627
1.3554728
-0.10000526
1.7617167
2.05133
0.19047268
-0.2731013
-1.2256705
0.03579478
1.2185376
-0.046176855
0.13414083
1.0978822
0.11761635
-1.1459963
-0.068400174
-1.3488587
-0.016931335
1.3197172
-1.0856718
0.87101406
-1.3203783
-0.515401
1.1941824
1.3320358
-0.51396894
-0.37701502
-0.8918714
-1.0833865
0.1625166
1.27124
0.43020657
-0.8427079
1.2130876
-0.62533545
-0.5439794
0.8207184
-1.5081313
1.623032
-1.2845075
1.5783685
1.397919
1.7778928
-0.71278757
1.0298034
1.2166902
1.3640728
1.3205646
-0.115209974
-0.043566734
-0.8102742
1.0396483
1.3517867
-1.4349624
0.48665833
-1.2838212
-1.2778333
1.5961878
-1.3173627
-0.62782156
-0.8957949
0.28035006
2.071393
1.8587048
0.020261869
-1.129608
0.66578305
-0.107063994
-1.4148302
-0.33058783
0.92014307
-0.84496915
-1.2174101
-0.5949068
0.04781162
-0.27369985
0.38177907
0.5023936
0.26527625
0.7999261
-0.5987489
-0.09570484
-0.38961598
-0.39487693
-0.6204257
0.38820228
0.94054234
0.5753683
0.1445375
0.30618313
-0.13406324
-0.10534555
0.5485401
1.6662375
0.28453428
-0.31451148
-1.3610004
-1.1833712
1.4841176
-1.388844
-0.70731956
-1.4863149
0.64148706
-0.510242
-1.1253241
1.1499654
0.10313582
-0.61338794
1.1421258
1.4201708
0.673082
0.4721773
-0.10399832
0.42311138
-1.4236814
-1.3765101
-0.00032870471
-0.014430976
-1.732787
1.1764892
-0.24806748
0.48336092
1.2165593
1.1629752
-0.9269186
-0.8446732
-1.0184864
0.7913274
0.731521
0.05323363
-0.16264944
-1.1860354
-1.5891266
-1.438495
0.4093722
-1.316598
1.6246128
-1.8289492
-0.7402552
0.6949505
0.94225705
0.3222966
-0.92888665
0.07276395
0.14900714
-0.7057518
-1.1332852
1.4144713
0.1769899
1.7913632
-1.2408694
1.2717354
-0.26904324
-0.5341901
-0.1605986
-0.30047983
-0.98764193
0.8198408
1.5442697
-1.3458104
-0.12447292
0.14341545
-0.7230264
-0.58213484
0.73173636
-0.011088658
1.7041208
-0.13617496
0.22362518
1.872949
0.4697261
-1.2151865
0.08187431
-0.44748878
-0.6302642
-0.41463503
-0.4798713
0.78347325
0.011762914
-0.002847623
-0.25135893
0.5139376
-0.20801347
1.0821402
-0.23142691
-1.7157887
1.6060843
0.9190145
0.43775275
-0.47321653
-0.67293924
-0.008040871
1.2910492
-0.6541156
0.08890849
0.06237031
0.53624886
-1.684399
1.4746978
0.08158862
0.3172447
-0.116315596
-0.81898063
-0.045164876
1.4737785
-1.1588225
-0.8425946
-1.2643008
1.4376333
-0.9272908
0.599005
1.3743271
0.6597203
0.9069172
0.52184826
-0.8942726
0.16891025
0.5432948
-0.36332428
0.30644014
-1.3501911
0.96637976
-1.247557
0.70793074
1.0528754
-0.44762665
-0.36428007
-0.14179981
-0.7564639
-1.3745383
0.6909248
0.8884493
1.2779393
1.910275
-0.43358907
-1.1505148
0.9934374
0.60401356
-0.03371323
-1.1694837
-0.8750554
-1.3554449
0.0141777415
1.4318004
0.06406668
0.5733027
-1.1682456
0.18082681
0.25447485
1.032552
-0.0016348355
0.589805
1.7757438
0.11483059
1.2592884
-1.0292704
-1.4644563
-1.0578854
0.93016887
-1.5666553
0.43863657
-0.5841701
1.2332342
0.008490788
-0.5843315
1.458673
-0.7452657
-0.15564047
1.2240355
1.1390764
1.7121114
-1.9535038
-1.614774
-0.85647357
-0.99389267
-0.19569549
0.6040128
1.1317276
0.84254026
0.2597368
1.0404336
-1.3250505
1.4481549
0.091577895
0.1184207
-0.17007779
1.3772842
1.1485765
1.13516
0.56104314
-1.1501898
-0.12656312
-0.35624132
-0.56417805
-2.1503797
1.020587
-0.9898658
-1.5320143
-1.0459508
-0.6307205
0.3351782
0.14112273
-0.0141258985
0.50742406
-0.10184517
-0.07282922
1.2966362
-0.56810415
-0.4446965
0.21745217
1.6731493
-0.3408039
-0.38780227
-0.7211059
-0.045731414
-0.6851049
-0.20549676
1.2535634
1.3047466
-1.1083494
-0.54945517
-0.034443498
1.1278788
-1.0684295
-1.6372237
-0.60907674
0.08244804
0.047255542
-1.1752115
-0.5489414
0.87896085
-1.3970451
-1.4812288
-1.2569166
-0.4790097
-0.42110136
-0.2600062
0.99658525
-0.37752536
-0.60673594
0.40132123
-0.97470963
1.1134914
-0.40066627
0.04887372
-1.2837434
-0.61227924
-0.4512442
-0.7260177
-1.0457485
-1.8047869
-1.3757507
0.73180866
0.2799502
-1.0280558
1.4652721
-1.3933475
-0.09909476
0.80095506
-1.4329844
-0.7608537
-0.6029962
1.5198777
-1.583257
-0.6822075
-1.5234177
-0.6257493
-0.6233796
-1.6873004
0.540361
1.0421104
1.6748557
-0.4531333
0.3756884
-0.5134349
0.14624077
-1.3252101
-1.8297858
-0.4313598
1.0135263
1.2260574
0.7809554
-1.834535
-1.2979953
-0.15234324
-1.0176667
-1.3617604
1.6100622
-0.8728142
1.1368994
-0.18606076
-0.0034935516
-0.11098107
-0.8163948
-0.59390426
1.4722408
1.2120526
0.46399605
-0.6469515
0.92026997
-0.4420264
-0.3794972
1.546314
-1.187574
0.5550476
-0.6632548
1.2517483
-0.2247099
-0.7304031
-1.063297
-0.23745146
0.91165406
-0.2928154
-0.432319
-0.1715596
-0.35824054
0.41556808
1.4358585
0.33040553
0.10649768
-1.5802362
-0.20898591
-0.20536406
0.9383246
-0.62768066
1.293984
-0.6096434
-0.62691295
0.68562955
0.21510112
1.8522034
-1.5667542
1.1523298
-0.38535088
1.0563049
0.68904805
-0.9191854
0.04343911
0.78394175
-0.5377395
0.6443628
0.70963234
-1.1248516
1.0423249
-0.75315046
-1.8505119
0.8890442
0.3459407
0.29880035
-0.68484145
-1.7825516
-1.1767242
0.0753703
1.1747062
1.9669799
1.430506
0.06325699
-1.0049037
0.25152606
-0.075101525
0.6731946
1.0269885
-0.10995203
0.44175783
0.93703365
1.9452475
0.5116839
-1.9106617
0.92681664
-0.09254306
-1.5384883
-1.0678103
0.62569934
-0.53187215
0.23172018
-0.5658436
0.21461406
2.154438
1.4362078
-1.5542331
1.4545821
-0.7725059
0.7394839
-0.8929516
-1.6647387
1.56655
0.27977625
-0.5908189
0.2726904
-0.8428244
-0.97422606
-0.37338153
-0.708964
-0.43230426
0.35476354
-0.498264
1.9125525
1.6212541
-0.075673334
-1.2619182
1.3451906
1.4660473
0.2067626
0.6090158
0.2413583
