0.106932186
0.35153714
0.7424305
-0.5112432
0.8401809
1.1914399
-2.1420171
-1.1662005
-0.16852467
-0.18408304
0.77870554
0.61473286
1.2731675
1.9182509
0.34816644
-1.7279099
-1.3029078
0.73802257
-0.40603235
1.6077943
-1.7054456
-0.63463956
1.5858816
-1.180712
-0.38213554
0.8057079
1.4978793
-1.4738107
-1.4936278
-0.76394564
0.7429728
0.87745196
-1.3012576
1.302737
0.3523773
1.6869104
1.7071371
1.385641
-1.114999
1.2597121
-0.069673695
0.59220487
0.18155792
0.952864
-0.18652219
-0.5417893
0.6210163
0.9700029
-0.08843868
0.10633778
0.71807027
0.44574293
0.035945702
-1.7349504
1.7951664
1.3009925
-0.052895688
-1.3991976
0.082212105
-1.2487488
-1.2957878
-0.77847505
-1.0550156
-0.5595862
0.70562106
0.5982571
-0.95890605
0.15149982
0.13634536
-0.23669699
1.4363973
0.23271799
-1.5430785
-0.789281
0.573392
0.7338281
0.13000077
-0.97443426
-1.4826949
0.11537741
1.3265316
-1.5570513
0.8346835
1.3533508
1.0662999
-0.05874198
-0.4101663
1.3742086
0.47140408
1.6693217
0.64287484
0.40959084
-1.3838801
-1.6505256
-1.5010065
-1.0060209
0.64223796
1.6881473
-0.03730555
-1.8107448
0.75893897
-0.24372408
-0.19429673
0.08280023
0.050394908
-0.09739341
1.0290763
1.3648974
-1.4280614
0.021981737
-0.63612217
0.7220722
-0.41683847
-0.41374263
-1.1599408
-0.5033793
1.8730379
-1.5544357
-0.93190885
0.47308743
-1.2330825
0.71166825
-0.01943272
0.6499196
1.1477444
1.0653259
-1.4692549
1.0197945
-0.8724818
1.5078663
-0.5378647
1.0809898
1.1447394
-1.0722226
1.2228767
1.1297349
-0.40360838
-0.91407895
-0.7603805
1.1413113
0.049019817
-0.4237959
-1.1182879
-0.3423681
0.29076585
1.31693
0.9331351
1.9178798
0.08396547
1.5281441
-0.86590093
1.4881328
1.3036275
-0.34798503
1.7401967
0.18273793
0.9826373
0.76416564
1.3069124
1.8454825
-0.4655654
1.6625468
1.0876085
-0.8130013
1.0649698
1.4735732
0.31927156
1.6998038
-0.044912532
1.0996625
1.4301875
0.5323627
1.338675
0.8857845
-1.3995537
-0.3188966
0.10662251
0.518173
0.57470024
-0.969336
0.24557309
1.2664151
-1.040216
-0.71539277
-0.28228068
1.8927412
0.5506594
1.3348181
0.82801455
-0.25514543
0.79293233
-0.93493694
0.10667018
0.4743855
-1.0162245
-1.9849296
1.7863433
-1.2377563
-0.33503163
1.6503277
1.4461482
-0.08290735
-1.772686
-0.1382622
0.4778443
0.5890931
0.5714855
-1.9320145
-0.60990787
-1.5345198
-1.2776158
0.10976992
0.99768823
0.7329906
0.6992685
1.9653146
-1.5399582
1.1847248
0.14161572
-0.79066443
0.2757073
1.171538
-0.021134166
1.1495535
1.2715075
-0.60785574
1.4808758
0.37110388
-1.8951023
-0.9253458
0.26241937
0.02705733
0.86892974
1.6095989
-0.72877073
0.5017035
-0.5089205
0.71176124
1.0886692
-0.008036002
1.0686635
-1.0373284
0.98198235
0.46595502
0.37796745
1.2921362
-0.3217299
-0.6047277
-1.0938272
1.0114312
0.012303896
1.0934193
-0.30730748
-0.32447493
-0.92379314
0.7671063
0.64680713
-1.8602152
-0.19171636
0.3771613
0.10366115
-0.8164166
0.99619853
0.9735692
0.79657376
-0.14382283
0.07364922
0.7292315
-1.3536006
1.4796349
-0.28410414
0.18095514
-0.5951583
1.7422558
0.36791706
1.1138954
1.2710139
-1.514974
-1.0644848
-0.6981106
-0.68542147
0.106947206
-1.1691643
0.97651917
-0.5423635
-0.23391294
0.2622948
1.6756421
-0.32532513
0.36545247
0.13555582
-0.036826186
1.9621688
1.6957049
-0.89532197
-0.6674565
-1.3620132
1.3375812
0.73561174
-0.5630675
-0.97756535
1.0868335
0.25792092
-0.84477615
1.4515667
1.4097439
-0.55400085
0.51750344
0.69807327
0.55608237
0.44559395
-0.41767332
0.20959403
0.97648597
-0.8168922
0.019070897
0.037946206
-0.9839713
0.60396427
0.7607459
-1.4200145
0.12021308
-2.0979562
0.8899979
-1.377232
-0.23699841
-0.06547387
0.4008191
0.555051
-0.63435495
-1.542135
0.12924437
0.31463712
0.005059802
1.3287852
-0.15976694
1.0143595
-1.46078
1.4212519
1.244745
0.7458586
0.28008172
-0.8756766
-0.84027874
-0.23815663
-0.21179155
1.4743402
-0.77262545
-0.7237141
0.5604442
-0.94476366
1.2865782
-0.029061466
1.382045
0.5883534
1.2777983
1.0875167
0.055320237
1.352846
-0.4331372
-1.4933406
1.1014729
0.58733046
1.0755041
-0.60994595
0.7619935
0.7676943
1.2830142
-0.11854996
-0.21205083
-0.12848586
0.81849986
1.3139485
0.65264785
-0.7840483
1.0579288
-1.4989581
-0.4476933
-1.2660754
0.67078584
1.0121348
-0.2797602
0.35045967
1.0381197
1.9805367
-0.030632868
1.4649173
0.6073166
1.6310196
0.7278725
0.9536659
-1.4442141
-0.23442185
1.802467
1.7685407
0.39284414
0.538907
-1.3920536
-0.27047324
0.06635192
1.4418459
1.6960462
-0.013703607
0.69522035
0.19165441
1.687859
1.4212631
0.2952873
-0.90275526
-1.2478397
1.1789992
-0.33842316
-0.46836433
-1.4612195
0.81598204
-1.0361689
1.2511271
0.122265734
-0.4350985
1.0413861
1.0924618
1.1969978
-1.7245983
-1.6639454
0.542565
-1.0058143
-0.41344732
1.5084536
-0.6802389
0.679929
0.70797634
1.1389365
0.06371812
1.1228755
-1.1935914
0.88921946
1.1677448
1.1509349
0.90308845
-1.41397
0.72323763
0.20889673
-0.71274364
0.8371972
0.89946806
-0.5750034
-0.18530859
1.6983675
1.2935033
-1.8610532
0.4908831
0.45543584
0.91424406
-1.6336402
-0.57851046
2.0262537
-1.6437778
0.726368
1.6841174
0.06628162
-1.1053804
0.5232211
-1.3307225
1.6581354
-0.32931507
0.47405654
0.3989491
0.92503506
-0.06400686
1.2555546
-0.6059893
-0.9382965
0.14838682
-0.31206825
0.77751017
-1.196254
1.9161991
0.8813888
-0.6464968
0.4274517
0.0688969
1.5614511
-1.7043839
-0.6500403
1.5798249
0.62505305
0.62453496
1.6978102
-0.18430859
1.4587282
0.02070837
0.15406112
1.1937184
-0.46653694
0.04098437
1.7395855
1.517017
-1.4438257
0.83381605
1.9729272
0.26978353
0.15854383
0.5702114
-0.25916243
-1.4413542
0.3740457
0.12522864
-0.5126677
-0.09644961
0.10923286
1.4652202
1.008266
-0.120159335
0.89239615
1.5370369
0.6865722
-1.7298238
1.1409142
1.2729636
1.0908942
-0.05776592
0.28194684
1.0707517
-0.01929329
-0.5246353
0.11288457
1.2667775
-0.98526275
-0.87613434
0.2959147
1.9269617
0.39386776
-1.62528
-0.14632353
-0.28213066
0.9414445
-1.2706589
0.43560314
0.6805422
0.32549328
0.6292294
0.9399379
0.11505242
-1.529631
-0.9990537
0.5174263
0.610686
-0.13448225
-1.7396053
-0.7314981
-0.101671316
0.30236936
-1.4974165
0.49626982
0.5738415
0.08426947
0.81595176
0.09229276
0.042145543
0.48320016
0.32162252
-1.1818092
0.82696015
-0.09907089
-0.5118592
-0.43880057
-1.0866687
0.026462007
-0.7833613
-0.62210923
-0.8350583
-0.7104093
0.60261595
-1.1861162
2.162473
0.24828541
-0.034553092
-2.0115635
-1.4027723
1.1959126
0.89898574
-1.1303458
-0.39766994
-0.20508318
1.6640471
1.6476645
-0.5467934
-1.2520906
0.6347072
-0.5564667
1.5195259
2.0180223
1.1508772
0.3634336
-0.29003626
0.2282671
0.08012757
-0.36753613
1.7128375
1.7318537
-1.3448384
0.10218683
-0.036299735
0.07777838
-1.5077341
-0.22362825
-1.648186
0.5027679
1.8383846
-1.8731147
1.0782118
1.1041038
-0.7341794
-1.806584
0.896698
1.6871508
0.9939923
0.011302696
0.51975274
-0.2166695
0.29177308
0.73387563
-0.8753104
-0.31948644
0.76917726
0.24138962
-0.18131185
0.767252
0.368397
0.19046159
0.99694335
1.4655493
0.66683924
-0.44221207
-0.3351955
0.11856653
-0.7100996
0.88290924
-0.85017323
-0.88501227
0.31781843
0.5453315
-0.4476043
1.15149
-0.06822942
0.097825736
1.095245
-0.66565406
1.1444999
0.87162346
1.6201229
1.2846102
-0.8956754
0.10250389
-0.06980706
-1.1050438
0.79066443
0.2700029
-1.7944126
1.8199501
-0.13612837
-1.3034816
-0.7066064
0.57141143
-1.7639167
-0.5652974
-1.352552
0.64678544
0.5611498
-0.5563528
2.0496063
0.46100795
0.79527074
-0.030105408
-1.5461333
-0.6920801
0.30093655
0.4163374
-0.10823678
0.7739675
-0.99533427
0.6323465
1.0290387
1.3388478
1.7298174
0.4642751
1.3988575
0.4424753
-1.1089375
-1.1234703
-0.3618184
-0.46880752
-1.4836212
1.0224135
-1.3387257
-0.40991855
1.5962282
0.75271153
0.27318612
-0.00043956935
0.33924466
0.27935022
-1.2745836
0.325644
-0.028452879
1.3233995
0.31832755
-0.71171814
0.95655525
-0.42514232
-0.9980857
1.2061762
0.02989988
-1.1630954
0.31370568
0.78114635
0.14069255
0.5106697
1.60956
0.6280885
-0.62730867
-0.7241686
-1.1752993
-1.9721807
-0.27271286
-0.48290694
-1.5544924
1.5397263
1.7770169
-0.92832255
-0.19594654
0.23994334
-0.34491527
0.63997334
-0.5076409
0.6886137
-0.09946043
-1.4628427
1.2064903
1.4526557
-1.4619887
-1.1003393
0.50551087
-1.5149713
1.2123309
-1.5634716
-0.05531997
0.048034716
-0.31881636
0.29324105
1.8416007
-0.65053445
-0.86906004
0.6108574
-1.0630436
1.0776616
1.2453425
-1.8124199
-1.7017481
1.0489012
-0.9828923
0.9745772
-0.39559957
1.3717204
-1.8328075
-0.2232685
0.5156649
-0.70198
0.32780904
-1.0798349
0.4710971
1.6833303
0.9466598
-0.19366714
-0.06782085
-0.95268905
0.6901685
0.33026645
1.553785
1.7695808
-2.2826233
-1.0947487
1.114954
-1.2169138
0.973927
-1.0291157
0.10650257
0.6318737
0.647024
-0.43137127
1.5790142
-0.30453762
1.112214
-0.42218113
0.6854287
0.6495136
-0.40058425
-0.04138182
0.4866255
-1.2202901
-1.644495
-0.3117288
-0.8024875
-0.8164212
0.9960643
-0.88212395
0.9495825
-0.044127192
2.2482226
0.67867935
-1.6425333
0.9044113
1.2291576
1.6633296
1.9801086
-1.8679678
1.410527
0.71539736
1.284638
1.5590568
1.4731952
-2.135362
-1.0751961
0.085394345
-1.7778147
1.6192552
-0.64758176
-0.63105875
-0.9978665
-0.08677468
-0.07723925
0.6981257
1.8486007
-0.27583554
-0.8943365
-1.793278
1.5805146
-1.2299536
1.8826596
-1.2911092
2.007477
0.031499032
0.6138687
1.0267946
0.009840001
-0.42232203
0.9957248
0.57136464
0.12460577
1.586791
-0.79963267
0.6481538
1.2787035
-0.23207994
-0.0032608004
-0.3009125
-1.506674
-0.26735985
0.8289434
-0.30303374
-0.5088816
-0.25344214
-0.6192648
0.5329319
-1.802408
-0.9392222
1.1691729
0.8603596
0.9802966
-0.66859215
0.2231991
0.89333713
-0.09474067
0.34214345
-0.2409792
0.75133336
0.19711517
0.5344946
-0.67315894
0.85548735
-0.26037863
-0.9479078
0.008790722
1.5179915
-0.4606365
0.3828058
2.0717554
-0.83018327
0.09679703
1.755554
0.018051034
1.3499264
0.060325924
-1.75067
-0.10185475
0.816798
1.6713643
0.20917594
-0.22597614
-0.9309994
-0.34748328
-0.2343097
-0.09916634
0.08883744
-1.0400207
1.2605137
1.6738876
-1.3737572
1.1129872
-1.8741347
-0.3289997
1.1404587
1.5809556
-0.76340806
-1.1283642
-0.36043823
-0.913043
-0.1567698
-0.89982903
1.500797
-0.18661544
0.09436916
0.24503687
-0.94770527
-1.0376872
1.389976
-1.0480629
-0.77787995
0.7394864
-1.7363478
1.2843623
0.39065245
0.12881145
-1.9041412
0.8556709
-1.2153502
0.7230635
0.7157117
-0.6959416
1.6446931
1.767298
1.009424
-0.14879754
0.6002928
-0.68617004
1.5935384
1.2705066
1.0929421
-1.8853459
0.9379716
0.20997857
-1.5528116
0.15570301
0.41020367
1.5687371
-1.1051775
0.5857507
-1.4303514
-0.75127816
-1.4073597
-0.6313892
0.1430355
0.80855787
-0.7633931
-0.7053466
1.0015808
-2.1469586
-0.9268817
0.8694319
-0.07117195
1.2643678
0.08692174
-1.343466
-1.1712499
0.03766771
-0.6036642
-0.22892119
-1.4560465
-0.015730694
1.7103717
0.8855932
-1.7509177
1.0662186
1.8947872
0.8717424
-1.5036966
-0.017513914
1.3232722
0.7356064
0.95846665
-0.7618023
1.2683995
-0.17503308
-1.1270041
-1.8374312
-0.05873859
1.4067266
-0.6004439
0.91355217
1.0675862
-1.4774566
-0.3425461
-1.6494122
-1.646723
1.021843
0.0066399705
-1.9585878
0.36621445
0.3236372
-0.251786
-0.12660368
-0.61727846
-0.19373308
0.34934533
1.1844909
0.92172694
0.48812318
0.09158215
1.3093323
0.96223587
0.7349883
0.41941544
2.026163
0.56554085
-0.12575519
0.5875044
0.5370933
1.4527054
0.055915356
1.680525
-0.3170163
-0.1276419
-0.21970586
2.044398
-1.0586658
0.57720333
-2.1606078
0.5940854
0.5823474
1.2179384
-1.9289203
1.07935
-0.5940065
0.8103632
0.101458915
1.3714161
0.3228311
-0.5085988
0.597789
-0.22281198
-0.26921767
0.57290834
-0.081133656
0.93357605
-0.15170933
-1.1645926
-1.0759398
0.31624064
-1.505743
1.8639433
1.2555349
0.50578904
-0.41427457
-0.2290137
-0.73245955
-1.0569687
1.970742
0.7832978
1.5030519
1.0145944
1.6377833
1.1574386
0.28045258
0.6834716
0.34671056
-1.1517254
-0.055119716
-0.63296556
1.4125308
1.1564665
-2.0877922
0.99412155
1.2420543
0.07063938
-0.6807638
1.36678
-1.8952683
1.146234
0.18360539
0.6490837
-1.3088104
1.1878824
-1.1141042
0.2936274
-1.7308142
1.1350102
0.5775248
0.7809635
1.7025714
-0.17837563
1.1212329
0.7544523
1.172903
-0.58687
-0.18474285
-1.4400721
-0.8557387
0.23473287
-0.017733911
-0.7769467
-0.8534752
0.42263994
0.7766652
1.332164
-0.21823138
1.6590829
1.7563
1.8353237
0.5073457
-1.2373142
0.58127505
-1.2835119
-1.2704505
1.8594334
0.543259
-0.22625488
-0.1104422
1.3889185
1.6436399
-0.25854605
1.090222
0.24197975
-0.7464525
-0.50902474
-1.7189424
0.12719671
0.75051826
-0.96631753
0.53749084
-0.6067115
-0.3343193
1.283914
1.6060894
-1.962644
-1.0072793
-0.14744766
0.24228409
-0.8127527
-0.8284498
0.677916
-0.11495874
1.145153
0.7003924
-0.91423357
1.2025075
1.2794458
1.5083966
0.02388861
0.73819876
-1.0239227
-0.49105322
-0.008138887
1.4990078
0.14526612
-0.0059709344
-1.0808636
0.8099431
-1.9630501
1.154462
-1.3716537
-1.8540635
-0.75753146
-0.54921234
-0.92902344
0.36177728
-2.1280835
0.9437347
1.5630574
0.9609326
-0.7543447
-0.71004194
-0.13630249
1.0938795
0.9840186
1.3475413
0.9409349
0.4454476
-1.0455904
-0.83281815
0.0944763
0.22772466
1.0816519
-0.9587836
1.0589222
-0.7094765
0.24573876
0.95717794
-0.18686964
0.17282802
1.3568051
-1.7559733
-1.4957722
1.2421747
-0.0034763743
-0.23255283
-0.9746634
0.30450803
1.0414222
1.4170078
0.81096303
0.63987035
1.1293333
-0.40913346
0.4765342
0.29215795
1.0349792
0.32700163
0.412769
-0.52937496
1.4265419
1.540542
0.8315243
-0.116209954
-1.6288095
0.85989285
0.672306
0.63037014
0.45622957
0.17110227
-0.54005635
-0.032749373
1.2565607
1.0052822
-0.5147518
-0.78063774
-0.09283342
1.5456837
1.7537946
1.0617224
1.5603218
-0.106624484
0.2591146
2.1169975
1.3015492
1.6088684
1.7619994
-1.0578554
-0.44563866
0.23141716
-0.0197379
-0.30268914
-0.48615837
-0.97383606
1.8058178
0.13081005
-1.1710261
0.5623667
1.1959807
-0.9509265
0.5716717
1.5267656
-0.30070814
0.8409896
0.6060072
0.9083437
-0.03423115
-1.9333612
-0.5613377
-0.44296646
0.5595324
0.14001921
1.4265727
1.796352
-0.5776156
-1.9076
0.27910095
1.0200895
-1.2057501
0.91303617
0.81520087
0.6530148
1.7258158
-1.0391159
1.3966228
-1.7158957
-0.2424096
1.8960347
1.6196553
-0.5227561
0.90953475
1.5056164
-0.08690088
0.29160732
-0.20520298
1.5196899
1.3291824
-0.10477112
-0.43813914
-0.39250445
-1.1605434
1.8722544
-0.5252741
-0.52831155
0.013450501
-0.6706872
-0.19079575
-1.8838172
-1.0807402
-0.24966067
-0.15880863
-1.3076332
0.09792912
0.16866338
0.6119835
-1.9842588
1.5057584
0.2239789
0.061263464
0.3267666
-1.5423832
-1.2841547
1.7169489
-1.6875472
0.95397806
-0.65916586
1.3744396
-1.0115427
1.3390806
-0.44703668
0.6989906
0.44426644
-0.034650236
-0.031429943
1.3755175
1.0248893
-0.6841835
-1.1435077
-0.09292372
0.17040576
0.08777901
0.35488403
-0.84296864
-1.3276964
1.3952194
1.3506229
-1.5644253
0.45067036
0.3284751
-1.1656202
-0.9463284
-0.014522519
-0.9225565
0.41661653
1.6515208
0.96878946
1.3647084
0.27191022
0.44588333
-1.2935635
0.031762253
0.027929852
1.3727006
-0.71119547
0.1449794
-1.2295785
1.5356199
0.45103875
-0.9610506
1.3259737
1.2360067
-0.4335849
0.17987089
-1.2719646
1.2017807
-1.2660348
0.36767098
1.1634581
-0.047313716
0.3307976
0.15928267
1.3587871
0.9479635
-0.6254135
-0.00032935292
-1.4587915
1.300186
0.11603804
-1.2787225
-0.025565648
0.21559085
-0.8688805
0.8623727
-0.22649206
0.62008536
-0.084698
-0.9209592
1.1540115
0.65823275
0.6308753
0.22041887
1.9996163
-0.097656764
1.132571
-0.280374
0.3345672
1.6684572
-0.7405949
-1.9854963
-0.8164729
1.0090721
-0.7761636
0.40938666
0.8949857
-0.08470187
-2.0249474
-0.55961734
-0.53735185
0.4159206
-0.61643755
-1.9833703
1.6256185
-0.044357102
0.6509348
-0.71245694
-0.21228081
1.7219317
0.23148975
-1.7604592
-1.6988034
0.94261134
1.2352458
0.45522803
0.50892264
-0.25918767
-1.6837817
-0.28579885
-1.534012
1.5456779
0.33220854
-0.35119876
-0.2988186
-1.2321806
0.7294009
-0.5908747
-0.10454887
-1.0726705
-0.3920113
0.99975014
1.8146038
1.2782449
0.91146344
-0.36390895
-1.2208445
1.1174946
1.0579159
0.10216857
1.3411134
-0.15590186
-1.2744429
0.86855274
1.813834
1.7978446
0.121105954
1.0424366
-1.0601571
-1.6072004
0.010825113
-1.4736695
-0.62969685
1.0065958
-0.20732667
2.1570003
0.19516252
0.13596326
-1.1275082
1.6227794
1.9119985
-0.13053115
-0.11177225
0.50165397
1.2516731
-1.3520293
1.7653005
0.40967944
-0.9565557
0.5715569
0.12092168
0.27699766
1.1391582
0.8398346
1.0455937
-1.6233401
0.43839303
-1.6839008
0.29790896
-0.19088534
0.0051326784
1.5691686
-1.0894474
-0.5568525
-0.3890704
0.7298107
-1.3677634
-1.3437278
-1.3370467
0.3334777
1.8271109
2.1632054
-1.464743
0.26821834
-0.79493016
0.16697697
-1.441287
0.360437
-0.030592006
1.0192986
1.737644
0.20898816
0.2279479
-0.06556376
-0.8424936
-0.72771263
-1.4113013
-0.19593552
-0.7493546
-1.1094258
0.43821058
1.0431914
-0.30894342
0.88609517
0.7227719
1.0241756
0.40285507
0.78246
1.9901664
-0.084057435
1.1842573
0.014335553
-0.77463096
-1.08009
-0.25223318
-0.2477116
0.891364
-1.2299577
-1.7853336
0.8264165
0.85080945
1.4810357
1.8300612
1.1872387
-0.0054554744
0.33181173
-1.2210249
0.34485924
0.748862
0.59043634
0.90142953
0.06671743
-1.1745085
-0.39040342
-0.65349054
-0.017044874
0.92207944
0.48623392
-1.6311285
0.8321885
0.6812149
0.549137
-1.0309265
-0.8817632
1.2903677
0.7210724
0.68111384
-1.7658043
0.636953
-1.8629588
-0.02779993
2.019112
0.14056307
-0.13165894
0.9300435
-0.5144913
1.2488561
0.8018663
1.1557823
0.94759357
1.0923926
-1.3853842
1.3401344
-0.8237906
-0.3125411
0.63501316
0.30042735
1.2121714
0.23320295
-0.9805448
-0.33507544
0.9660851
-0.26878464
-1.235775
0.007516727
0.24532032
1.9038357
0.7771853
-0.79878324
0.4874552
-0.47858658
-0.73339945
-2.3226056
0.7795319
-0.07582757
-1.6280814
-1.4789425
0.6390817
-1.1485127
0.5076889
0.18860194
0.61232
-1.0361115
1.4754162
-1.2758726
0.872405
-0.29907322
0.0020146207
0.80920607
-0.64182246
1.2756044
0.53726286
1.7288698
1.129101
1.3448218
-0.59951663
0.25988874
1.9802881
0.15745348
-0.9370143
-1.3355147
-0.08674461
1.6551116
2.0798342
1.5667065
1.139244
-0.35953483
-1.2610474
-0.049737483
-1.1673092
0.45577818
2.0121226
-0.80065584
1.4220412
1.3682263
-1.866344
-0.18782486
-1.162769
-0.03274833
-0.085047826
1.6686995
0.43732238
-2.023445
-0.5790439
0.42145678
0.8533099
1.2079123
-0.7519033
1.2898343
0.921674
1.8099035
1.097013
-1.4281858
1.0995197
-0.91221845
0.4115563
0.13346078
0.3214253
-1.3178853
-0.008147358
1.0772586
-0.68637574
0.98937
-1.172432
1.1150762
1.1110454
0.8525661
-1.3820062
-1.600593
-0.5064182
-1.0941409
-0.113056466
-0.6907866
0.14037544
0.40004772
1.2897826
-1.4841971
-0.6570066
0.99527144
-1.2384692
0.031741787
0.45040223
1.0829135
1.2674694
-0.043577123
0.90831673
-1.1598111
-0.18898834
0.6121385
-1.1488369
-0.42487752
-0.0014857943
1.5180951
-0.60032403
-1.1447736
0.17036588
1.1459694
-0.9702202
1.1387751
0.014146915
-0.08306226
-0.38616124
1.0558984
-0.9030715
0.24487306
0.4904707
-0.96222967
1.8657795
-0.67167497
-0.674497
-1.6055002
-0.45927954
-1.5123177
-0.8486364
2.1366837
1.9036154
-1.561108
-1.3377622
-0.46557242
-1.6166754
-1.424586
-0.8338531
-1.348673
0.10516878
0.04840556
-1.0887187
-0.30095887
0.18020888
0.106143534
-0.9591347
-0.46048552
0.31346056
1.1683638
-1.129602
1.5229992
-0.567364
0.30872238
-0.535863
1.6815474
-0.51968193
1.5305984
0.039052848
0.64359903
0.52287024
-0.3530361
0.763911
1.3702143
-0.0059302105
1.1331649
0.49659413
0.014035606
-1.4271488
-0.9177473
1.2552662
0.053081725
0.14859825
-1.1890507
1.5348507
-1.8876123
0.9544201
1.4777278
0.5914658
-1.5811124
0.5126561
-0.8490887
2.013403
0.22227469
-0.19028898
-0.19259337
-1.0192676
-1.4419065
-0.08773184
-0.1702884
0.084543146
0.70084256
0.23777714
0.71693456
-0.6338527
-0.040026773
1.8548236
1.5108665
0.5978279
-1.6233193
0.86979717
-1.3191845
1.565373
0.6072201
0.584898
0.49867326
-0.32707432
0.337409
0.48442397
1.2557609
1.5384197
-1.3502777
0.6571844
-0.11648551
-0.6337765
-1.1549448
-0.24805102
1.6531942
-0.970082
-0.03591387
0.73937386
-0.27034208
0.7877364
-0.8867787
-1.2264978
-0.2381499
1.457364
1.1075932
1.4782457
1.1916134
1.7294126
0.60104996
0.35335612
-0.58300793
0.3708799
1.9961975
1.0753815
0.23465031
-0.032275647
1.2368759
-0.81451714
1.607045
-0.7394773
-0.09738332
1.0140424
1.0541809
1.7704664
1.3902005
-0.57418495
0.52622473
-0.9869356
1.0824202
1.6750324
0.99586964
-0.24892247
-1.1070203
0.8750666
-0.1270874
-0.39997697
-1.4269475
1.4796879
0.037012447
-0.6822368
-0.6775899
-0.43243396
1.2459801
-0.6940768
0.72207695
0.28229132
0.33712506
-1.4812145
-1.7982932
-1.0207884
-0.40945008
-0.84929746
-0.9321581
-0.51147324
0.8541037
-1.2763654
-1.4843099
-0.3659183
-1.3535995
0.7484104
-0.073915064
0.30734628
1.9544868
-1.3833829
-1.5384848
2.186044
-1.2332346
-0.433062
0.41565466
1.418343
0.9975043
0.35703346
0.5932605
-0.0040447228
0.63257205
-0.67936885
1.4860533
-1.3473092
-0.43554452
1.6110085
0.54772174
0.10178504
0.29989225
-1.6392076
0.7500988
0.31724524
-0.3746688
1.0728991
-0.34104896
1.3839594
-0.25955278
1.472526
-0.9677013
-0.95436573
0.25490278
-1.0743642
1.5730695
-0.031372212
-0.12220464
0.18431208
-0.13860093
0.912409
0.09250501
-0.06604805
1.1236396
-0.024784353
0.57725775
-0.37949473
0.9464325
1.6108297
1.1643488
0.8617587
-1.2708672
1.2128555
0.04580794
-1.1584822
1.7504423
0.8469271
1.5612108
-0.13585946
-1.802202
1.1315517
0.85968536
0.8486772
-0.12033446
-1.1730324
-0.75863457
-0.09046712
1.3271894
0.3840855
2.111918
1.4230425
0.17344832
-0.8474009
0.19838163
-0.66472983
-1.3878193
-0.00743259
-0.9099356
-1.3783634
-1.3363516
0.37219638
-0.04046112
-0.24940628
1.0572749
-1.4080244
0.81044286
-0.29794315
0.7131418
0.028992308
-0.52430964
1.9219575
0.67525744
0.4547515
1.172251
0.70992756
-0.8803745
-1.2064996
1.4379338
-1.5770874
-1.8589768
-0.9494927
0.81616133
-0.1466137
0.17398416
0.5335827
0.39500737
-0.7269805
1.475898
-0.9517933
-1.8873954
0.64697194
-2.0311923
0.28233674
-1.0201674
1.8330173
0.1389897
-0.4173421
1.7216735
-0.19068316
-1.1275318
0.83939344
-1.6967517
1.3248729
-0.46675223
-1.1178391
1.1933581
1.6881399
-1.600638
1.176527
-1.9945457
-0.40107262
-1.7899597
1.6970649
0.6507269
0.5829451
0.2757497
-0.6050843
0.37923348
-0.1099014
-0.7446333
1.8974826
0.8281037
-1.2168846
1.9613453
-0.042714413
-1.0818057
-0.04150252
0.22391509
-0.43003505
1.2939271
-0.2616199
-1.8470998
-0.5405668
1.9017752
-1.4279939
-0.48212433
1.6571574
0.08191799
0.34712544
-1.3712711
1.7001569
0.76672626
-0.54479325
-0.49358013
0.012707693
-1.6769502
0.4072133
-0.10205204
-1.656932
1.2416618
-1.0736306
0.3370724
1.6695336
-1.1219848
-0.53218496
-0.13482478
-1.0303724
-0.1961837
-0.47616386
0.93599343
-0.48637843
-0.5029526
1.0862163
-0.86879766
-1.3543301
-0.056224454
-0.58346975
1.0235536
0.03724797
-0.11251567
1.0325828
-1.5963587
1.0347115
-0.091813385
1.0897405
-0.34203482
0.047090713
-1.7270569
0.8601098
-1.0011404
-1.6382759
0.9344028
-1.479407
-0.048713
1.3453515
-0.9913676
-0.056686725
0.64590067
-0.89534014
-0.12925522
-0.3905555
0.26372674
-0.8383912
1.5445265
-0.96058875
0.11846761
0.012507355
0.59359956
-0.47897077
1.5188979
1.3692123
0.13626155
1.9923477
1.2699156
1.5162141
0.65572214
0.5198681
1.9537352
0.4008582
-0.54985934
1.1975557
-1.281049
1.3890775
-0.16336207
0.1431546
0.036308017
-0.2348471
0.18108535
0.9823462
0.984704
1.3795279
0.118780166
0.44058928
0.07830022
1.5178432
2.303377
0.081861794
-0.07892132
0.2716165
0.95356756
-1.3585035
1.3938532
-1.0643203
-0.6966426
-0.4841658
-1.289836
0.39599362
0.1420555
0.36294815
0.13051414
0.050184716
-1.4202214
-0.4192085
0.6697676
2.0784488
1.2415347
1.5988132
-0.44503823
0.86769193
1.8300613
-0.14277044
0.81998974
-0.4010985
-0.17962752
0.58349746
-0.016775506
0.36399803
0.91651857
1.2677463
0.5586231
0.83188635
1.9918653
-0.034872383
-0.18306495
-1.3802929
0.35854235
0.29043037
0.18492424
1.0197852
0.487486
0.07366891
0.17081355
0.016495
0.65431523
1.2423588
-0.36187017
-1.7210354
0.42284894
-0.84572816
1.2436659
-0.6942032
0.044809695
-0.47652256
-0.29809794
0.431184
1.4740467
2.0867293
-0.9200014
1.1422452
0.44709134
1.1512673
-0.72754943
-0.4984051
0.6166899
-0.18729594
-0.5691473
0.89483666
-1.0615236
0.57253796
2.2365963
0.27861324
-1.2713715
-2.1119204
1.1586254
-0.030065607
1.1677716
-0.06930033
-1.1321199
-0.5432751
2.19352
1.3838558
0.83679366
-0.7409291
-0.93070906
-0.20767729
-0.78779083
0.22731736
-0.9730359
-0.8607234
1.0755736
0.9422618
0.16289288
-0.1799523
-0.89513147
-0.51042855
-1.6571038
0.66672224
-1.4651152
1.3452777
-1.2618604
2.302179
-0.17272878
1.4840165
0.84792674
0.7408092
-0.80983305
-1.0780641
0.07236553
-0.34589952
0.8121466
-1.0755819
0.022792801
0.896793
-0.20568289
1.1778517
-0.5120256
-1.5747259
-0.5013897
-0.94209266
0.26183313
0.24208838
0.8891916
0.7032944
-0.27632955
0.40925023
0.8972719
0.42845204
0.98915625
-1.1264307
-1.5451043
1.4848902
0.9472225
-0.3942127
1.3842971
0.8287143
0.077277996
1.3161367
-0.2758719
-1.525529
0.5843682
-0.3112307
-0.26965985
1.4685609
0.90203905
0.8681074
1.2990217
0.28968623
-0.23624754
0.67200977
-1.1094353
2.4407463
-1.0298917
1.0176973
0.028578995
0.502812
0.19950657
0.4412625
-1.0997431
0.3814945
-1.7834582
0.54027873
-1.0033641
-0.18440473
-1.2537408
0.1922449
0.4339262
-0.09999756
-0.5951091
-0.21400951
-0.68003625
-0.13592912
-1.693278
-0.84591746
0.5828773
0.37989882
-1.31429
1.265106
0.70744616
-0.96973765
-0.43847093
-0.25736278
-0.9956973
1.402986
0.8889638
0.17380105
-0.09966912
-0.8151091
-0.99978983
-0.19784944
-0.4320322
0.6321962
-1.2458044
-2.1363103
0.78699994
-0.2655932
0.62715864
0.092810065
0.23950267
1.2269025
-0.06276533
-0.6845756
0.2271575
1.7455977
-0.43754727
0.5843715
0.67027086
-0.0102241235
0.19576178
-0.5944567
-1.2632817
1.4003537
1.4999387
0.050586376
-1.3319037
1.2188413
-0.7656567
-1.4857582
0.92802966
-0.5569602
-1.1197127
-0.62628263
-1.0054687
0.05899418
-1.9820534
0.7094427
-1.0709047
1.1495486
1.9788127
0.36869183
1.7013159
1.5590903
-1.4298657
-0.7769936
-1.836611
0.59981763
1.7748948
-0.53589225
-0.5739197
-0.15482259
-1.2053258
1.1675571
1.7631342
-0.80466616
-0.006887552
0.4874164
-0.07189491
-0.91859025
0.6381322
-1.2696346
-1.4186862
1.4802116
-0.27938664
-0.29917753
0.936064
0.1454434
1.8064972
0.51349926
0.8284359
-0.021054858
1.9904579
1.0900414
0.32258704
0.8367145
1.7399255
-0.8842737
0.8278817
1.7574179
-0.5346997
0.8279683
1.5060843
1.8842489
0.047527224
-1.0180755
0.36411822
0.16748565
-0.63717103
-1.3202221
-1.6642591
1.7007235
-1.0434083
-0.8727278
0.063139595
-1.2769318
0.07968715
0.037915595
1.3739659
-0.5076854
0.113986455
-0.55001
1.5726947
0.12519397
0.4113767
1.1449233
-0.503614
-1.3108603
1.5199211
-1.8815064
1.3228948
-0.9974612
0.6949221
0.08409949
-0.007564748
-0.8911041
0.23766798
-1.6205202
1.4258263
-1.0775093
-0.94295025
-0.79604226
0.14756736
-1.7974508
-1.0997154
0.29654032
-1.7593712
-0.9398893
-0.27318135
-0.22183427
0.16420093
-0.4357504
-0.7491367
0.28131208
-0.98395276
0.37159312
-0.30399597
1.0337274
-0.39190856
0.7125994
0.027467001
0.87799764
1.3527203
1.0754919
-1.1413809
0.62714857
0.13665709
0.4444366
-1.2723047
0.08695397
-1.3832688
1.0125363
0.27030882
1.5582749
1.8175166
-1.9743608
0.3394707
0.6805862
0.07283639
0.42661035
1.6295266
1.1683646
0.6433024
-0.7670525
-0.91348577
-0.6643835
-0.15216082
1.1989586
-0.54064727
1.1839825
-0.29532182
1.2425283
-0.70528364
0.18392725
-1.5026933
-1.8442146
0.38112804
0.0580999
-1.0020092
0.44467402
1.0741448
-1.0594628
-0.670894
-0.057764173
-2.03846
0.15743649
-0.32672575
0.21900555
-0.72843754
0.8423089
0.68888605
-1.4967778
-0.71598405
1.2862724
-0.19895819
0.39824727
-1.623069
-0.13032323
-2.044368
0.47026572
-0.67238176
-1.1098208
-0.55764997
0.74813783
0.7377907
-0.4863286
0.38469434
-0.82112885
-0.5500069
-0.9445069
0.9112877
-0.06095416
-0.004486993
-0.32067546
1.3688962
0.5962006
-0.3198336
1.5245491
1.7659109
2.0805197
1.4116483
1.5460056
-1.3276885
1.6726788
0.49742526
0.31850106
-0.18841171
-0.44297892
-0.17861898
0.5014548
-0.3635642
1.3306795
-0.2051257
0.876547
-0.064626925
-0.71849895
0.6526638
0.06168973
-1.2995145
1.2873116
-0.5808959
0.50296825
0.17152202
-0.49263394
0.49350017
1.6570274
-0.29543754
-1.6509712
0.49350774
1.6491654
1.339613
0.40264276
0.37440223
-0.084374234
-0.89222974
0.81719726
-0.3743416
0.5410651
0.088576324
0.19778803
0.38749287
1.55092
1.5668931
-0.39807835
-0.15249951
0.5408246
1.853581
0.77951795
1.2663001
0.8576697
-1.1896224
-0.3192544
-2.0955987
0.96902835
-0.09781526
1.5672263
-0.5349306
0.31487545
0.81594473
1.2633842
0.99635893
0.6046154
-0.5155317
1.0522755
-0.57576823
1.6269445
-0.0019750646
1.9656968
1.4090269
1.0147195
-0.059816107
0.114094764
-1.3490878
0.58178884
1.7739435
1.6122233
0.47742307
0.79735804
-0.92312884
-0.09210145
0.02818761
1.3822018
0.050647657
0.88736326
0.43634403
0.0018328939
-0.58100724
-0.22904038
-0.13436374
-0.029929476
0.05952142
-0.4768815
-0.4282511
-1.2070739
0.513487
0.5078842
-0.37448186
1.4496984
-1.6078424
0.57990044
1.2401106
-1.1185012
-0.19177723
1.4593322
-0.102977656
0.1526247
0.36983016
1.079624
1.1576227
0.29168203
-1.8429712
1.1465814
1.2616879
-0.62676597
0.95750654
-1.1961814
0.9719752
0.3645332
1.9272962
1.815098
-1.3564713
0.8233175
-1.9082057
0.6633698
0.7688109
-1.1924764
0.13604803
-0.9998143
-1.8129817
0.0044426774
0.08393573
-0.45345348
1.5211844
1.4277942
0.68774235
-1.4591653
0.366269
-0.14313239
-0.045263987
0.34929842
0.68078107
0.44594133
-0.14653264
1.2602769
-0.41091987
-0.8034722
-0.90960515
0.13186081
-0.96658975
-0.15121572
-1.1849167
0.24852546
-1.4677233
0.2790908
0.2993418
-0.42323074
-0.27240068
-1.2869189
-0.8290801
0.14877786
-1.3250667
-1.4444144
-1.3143796
0.907709
1.2776396
0.9325829
0.36886376
0.22193162
0.627117
1.9202163
-0.3060923
-1.398475
-0.7741548
-0.5821464
0.19618773
1.0771034
-0.2773482
1.1336281
-0.5150552
0.5699826
-1.3028386
-0.86870944
1.490115
0.73803806
0.7195552
0.18572
-0.905269
-0.29997784
0.43535218
1.1650462
-0.9929349
-1.7513609
0.15447646
0.48904037
0.7362341
0.02923142
1.1539557
-1.5209798
0.18838277
0.25613838
0.57372457
2.0363183
0.80169284
1.3176463
1.2573228
1.5521655
-0.21739163
-1.2133743
-0.475847
0.38015965
1.7894125
0.94194365
0.5529959
1.3164771
0.33435473
0.03813367
-1.4162621
0.23015638
1.7051136
0.17711177
-1.4988011
1.3024528
-1.1105188
-0.27796736
1.2288333
1.1891341
1.6045086
0.45883965
-1.1960157
0.53868175
-0.21534882
1.4423124
0.52866745
-1.7698307
0.004830163
1.0837553
1.6871035
0.089779206
0.3841879
1.382038
0.11278583
-0.3123602
-0.30701107
-0.74331015
0.9659014
-0.7406214
0.7272629
-0.8073747
0.9411237
0.0471825
-0.75188607
-1.5811262
-0.080498576
0.92699623
-0.9141143
-1.3060201
0.2790904
1.5850583
1.9946802
0.08220517
-0.64009106
-0.05043852
1.2233739
1.479861
1.3006239
-1.2062398
0.04690044
1.6714034
1.5781411
0.20059116
1.124371
-1.6496484
-0.07521088
0.7469098
-1.4493957
0.0048450516
-0.8129075
1.8016782
-1.5132847
1.2948823
1.2393676
1.6393113
0.72516286
-0.4732233
1.7658849
0.1291804
1.3812053
0.62999094
-0.19287899
0.86531305
0.9364161
-0.15932664
0.94884574
-0.26810235
-0.57413214
1.2682297
0.71705973
-0.036277227
-0.7240124
1.058648
-0.5901283
1.6648033
-0.9696158
1.587769
1.5036511
0.9333612
1.2798996
-0.6579981
-1.7802453
-0.08171663
-0.8699409
1.4531589
-0.94731855
-1.7536075
0.8466735
-1.2722247
0.56064737
-0.73179996
1.8201977
0.47219616
0.5725532
-1.4240674
1.2536799
-1.5271511
0.0028387178
-0.104517244
-0.35394108
1.2207774
-0.7753557
-2.2997797
0.015886057
-0.03439664
-1.563941
1.585679
2.2421846
-2.023815
0.964789
0.38628975
-0.84220225
1.2797365
1.3121966
-0.5640111
0.024064066
0.98596096
0.03559464
0.6378792
1.2696171
0.47879985
-0.51286685
0.7318821
0.029652862
-0.1386346
0.045692734
-2.1053505
1.5704404
-0.22553208
-1.0088204
0.6664164
0.85658896
-0.031930592
1.0223678
-1.1090314
1.0319213
1.4406006
0.87529874
-1.7584537
-0.1928791
0.89286494
0.34792212
-1.0338662
0.15574808
0.65944844
1.8438556
0.90106654
-1.393279
0.39699593
0.8708095
1.0354098
-0.46049064
-1.008487
0.43930757
-0.5046052
-0.113034345
0.507416
0.09837445
0.40019783
1.1537242
0.14795816
-0.8136007
0.83441997
0.14730807
0.7953432
1.7252774
2.055261
1.4893917
0.87270206
-0.8657838
0.38916624
0.44928402
-0.3376894
-0.67860293
0.19764082
-0.9834621
-0.41515264
1.7656164
-0.43769747
1.7271307
0.60518533
-0.16986574
-0.009618812
-0.45582506
-0.78338945
-0.391664
-1.8282822
0.12249175
0.91746634
-1.9824567
-0.24652539
-1.8339074
0.98640263
-1.8204684
1.8668529
-1.0466576
1.2104118
0.3423818
0.26794162
-0.27990592
-1.6367865
0.7306659
0.14147888
1.5549048
-0.821603
1.2348186
0.7617816
-0.5304627
1.6562008
1.5441289
1.2926593
0.31128696
-0.034464378
1.0272238
-0.90280706
0.07853726
1.0801373
-0.8455425
-0.14744571
0.04547868
1.1396134
0.34953338
1.5092112
0.20101273
-0.6403469
0.027990961
-1.4418852
0.78706783
0.8469705
-1.3159429
-0.12495798
0.6298602
0.5702262
0.9073309
1.0344306
-0.6592394
-0.14514713
-1.8451583
1.7227259
-0.09009076
0.48088735
1.0769135
0.22286223
-1.1478188
-0.98725235
1.4200878
0.27117258
0.320537
-1.3643998
0.42472318
2.125716
-0.5907082
-1.3093736
-0.525793
-1.0473131
-1.117582
1.4807333
-0.11432838
-1.2046617
0.8724177
0.83541185
-1.4850985
1.6960299
1.744603
-1.1901699
0.3160932
-0.73105496
0.8886651
1.2966872
1.872039
-0.104437105
-0.25515115
-0.8700802
-0.2917822
-0.33899137
0.47575435
-1.1215173
0.87989604
-1.305119
0.1453584
-1.0383952
2.1866755
-0.7378273
-0.2690025
0.6050345
0.19800128
1.5859611
-0.30915412
-0.073068194
0.33661026
-2.0487435
-0.953337
1.251984
0.91454774
-1.3157581
-0.23530789
-1.064297
0.5778531
-1.4320412
0.79536617
0.83377403
-0.07328729
-0.0071862615
0.89257866
1.7035708
0.34154633
0.15566781
-1.5303589
0.4943915
-1.62191
-1.6513348
0.9903705
-0.7223528
1.890605
1.2887204
1.6821485
1.039547
0.38957092
0.22278053
0.012811188
0.41996852
1.4143972
1.2967482
-0.6067949
0.37785894
-0.54494053
-0.89044875
1.3815091
-1.7000841
0.49877042
0.25306445
1.6190231
1.7120436
0.30012554
-0.6104644
-0.0033155023
-0.07516634
1.5269938
1.4328486
-1.1695287
-1.3750019
-1.9709561
-1.8212607
-1.0853239
1.5143759
0.79920197
-1.0045136
-1.1040983
-0.7217712
-0.87727344
-0.4817979
1.0769678
1.5196254
-1.7344029
0.43553457
-1.4525801
-1.5219399
-1.3381864
0.2860172
0.8989568
-0.18405923
-1.1266571
-0.75689346
1.4139665
-0.17828988
2.4138124
-1.745538
-0.67869294
0.23278794
0.26646474
1.2613751
-0.42802414
-1.1834304
0.92868066
1.8839219
1.6966851
1.1551373
-0.4605013
-1.4257572
-0.98404264
-1.117765
1.3211429
0.6233086
0.12056174
-1.4767553
1.5778402
-0.0059446716
0.12417328
-0.009924131
-0.016273169
1.087954
0.31919125
2.1040623
-0.25682035
0.53432024
-1.7344187
0.11122013
0.80619466
-0.66363806
-0.15677133
0.27786934
1.6500487
-0.040227007
1.0690721
1.1668934
1.2189701
-0.66959906
2.0441475
-0.21821812
-1.6930948
0.64383763
0.51190543
-0.10480451
1.0220839
1.3763818
-1.4151255
-0.21945335
0.40751243
0.2219891
0.33975962
-1.8782567
0.8205293
-0.102407865
-1.1488633
1.2853622
-0.010180307
-2.1955125
0.35907263
0.79987985
0.2049744
1.3614336
-0.9678519
-1.299389
0.5176362
1.3359001
1.52205
0.41228798
0.027131975
0.13428524
1.2161425
-1.9033438
1.2591984
0.3107987
0.3528203
-0.3876676
0.42787278
-0.09652367
0.6395464
-1.1771113
0.44803762
-0.9652777
-1.6751894
1.4117929
1.3644555
-0.06881003
0.20027542
-1.6781787
-1.7004485
-0.020286756
-1.0435826
-1.021868
-0.2731324
-0.84407914
1.1687034
0.22518398
0.40092674
0.5780678
-1.573854
1.0748075
1.254293
0.6270171
0.81438464
1.2237961
0.9286982
0.031777874
0.19187677
-0.43369734
-2.0629892
-0.10154087
0.31347665
-0.0687774
0.2230155
1.6509445
1.6718313
1.9024941
0.35648334
1.8767375
0.29521427
1.0773441
0.29255646
-0.6253325
-0.1463469
-0.52385986
0.09866062
0.013044286
1.0108217
1.9408934
1.1032877
-1.4760414
-1.0518711
1.5332007
1.1227225
-1.5595924
0.52977407
1.0833079
0.79496735
-0.6159564
-0.361395
0.31108057
1.3466717
0.8630411
-1.203362
0.33193645
1.4462065
0.2538619
-0.33080578
-0.20240936
1.8712515
-0.7906092
1.123921
-1.1663424
1.3474146
0.44781172
-0.39225405
-1.44996
-0.8738304
-1.2037907
1.6331049
-1.1508965
0.24267296
1.6197621
0.9582078
-0.07609419
-0.14638206
-0.44378227
-0.06596468
-1.4439812
1.6498398
1.0828346
-2.1454554
-0.27716777
1.247758
1.7072827
1.6175687
0.914026
0.46403623
-0.29228422
-1.2067713
-0.85597104
-0.5658368
0.22105822
0.49262768
-0.89137244
1.625888
1.5177554
-1.2409146
2.104116
0.55826384
-1.5586119
0.1842271
0.07168475
-1.270333
0.18927285
-0.70227265
-0.2855846
2.2160282
1.4192823
-0.2116538
-0.49726567
0.99113446
-0.4532624
1.997739
0.8527547
0.9743348
1.7512507
0.33330044
-0.6095491
1.2768384
0.054902244
-1.2783314
0.9133073
-0.4065891
-1.6878253
0.8361076
-0.8278871
1.1556659
-1.0979332
-0.6164992
0.09792085
0.26474857
1.5454823
-0.21280818
1.3617573
0.58764505
1.6832147
0.6582415
0.73236465
-0.27248472
0.75566155
-0.493846
1.7912054
-0.6483862
0.0018018326
-0.21949995
0.2582073
0.06619777
-0.7963093
0.186739
1.7643119
0.9934663
-0.61426723
0.11499248
1.2794974
1.2699734
0.16447431
1.2406462
0.026432754
-0.8642286
0.52662593
2.4764993
-0.7729783
1.0015419
-0.010487565
-1.217909
-0.28948632
0.3506549
-2.0685005
-0.7366118
-1.1111201
-0.3971656
0.77263004
1.086102
0.31733486
1.6514006
0.16509925
-0.5561696
-0.7383429
0.9425461
-0.16176765
2.0535445
1.2736067
1.2368007
-1.2420903
-0.010059949
-0.43609038
-0.76152253
0.21309662
0.082218066
1.3300548
1.2030143
0.85247403
-2.3098116
-1.4915133
1.1651875
-0.17023923
1.6741061
-0.48750317
-0.36059794
1.8245971
-0.9270428
0.705861
-1.5566541
0.09794198
-0.4943087
-0.17311569
-1.8276947
1.8116604
-1.5883448
-2.0958538
1.8115389
0.9654099
1.8357217
0.81984335
0.2472186
0.2426177
-0.5783936
2.0961974
-1.6714733
1.9949026
-0.96407104
-1.051429
-0.1208634
-1.8735842
1.0189449
1.3416528
1.4203012
0.004177547
-1.0771248
1.392429
-1.576442
0.17222242
-1.2003418
-1.1491017
0.43993086
-0.18238552
0.057555944
1.0078903
-0.72666085
1.354782
1.2343991
-1.1191515
-1.8509842
1.5599401
-0.66392887
1.2024983
1.7036562
-1.6785076
-0.5522643
0.0045867404
0.977304
-0.90378076
-1.3061676
1.9622892
1.2990324
0.18040285
-0.15322384
0.12153266
0.7283591
-0.52517223
1.892827
1.5280507
0.3051878
1.2281995
-0.733896
0.96556795
-0.69248974
-1.4503434
-0.18041262
-1.1808083
-0.15694672
-0.5294279
0.09641093
2.3260517
-0.38102213
-1.3647557
-2.0470393
0.62689435
-1.0557551
-1.8870691
-1.1745555
0.74673367
0.028610703
-0.09364613
-0.48308027
-1.8052931
0.66806763
-0.2873076
-0.5817351
-0.99431646
0.676568
1.856381
-2.1355956
-1.1291068
1.546157
0.044644743
0.34186915
1.2294619
-1.6183922
2.1882873
-0.8118477
1.5074613
-0.5468776
1.3186568
-1.1145198
-0.8865935
2.0233135
-0.76396847
0.16323817
0.86598957
-1.0576646
0.75561696
-1.0197073
1.2626727
1.6016281
1.0618069
0.742924
2.0349069
1.611604
0.40761873
-1.3954996
-0.13953158
-0.53089136
0.7597179
-1.2002025
-1.7796563
0.6150177
0.55930376
-0.5840851
-0.36574772
0.67578006
1.2340184
1.6743383
-1.0815885
1.4784508
1.2826339
0.097761355
-0.002966135
-0.027473422
0.1678844
0.1080637
-0.21455416
0.5167094
-0.15413027
0.76850206
0.76131195
-1.0893137
0.0281362
0.24660817
-0.13448597
-0.16234252
-2.0064898
-1.031189
0.31558874
0.827277
1.2788264
1.715594
1.6833775
0.97706014
-0.4644062
0.4383037
-1.5420727
0.94374156
0.9176324
0.21039337
0.08825407
0.07110065
-0.72101533
-0.40341344
1.1678544
1.2551758
-1.8722779
1.8291914
0.6994221
-1.7166595
-1.1829613
-1.7273196
0.7110012
-1.1325386
-0.97913533
0.46075732
1.5976388
-0.5203941
-0.56579274
-0.9627658
-0.006168304
-0.8272399
0.14618184
1.2957411
1.5164459
-1.2791233
-0.4359954
0.67450964
-0.51732653
-1.1960366
2.0287638
-0.3671665
0.3722369
1.399023
1.4473952
0.7806547
-1.921159
-0.39073828
1.5760571
1.7277945
-0.70415246
0.5394602
1.4683493
-1.6151493
0.12006899
-0.13073663
0.50088674
-0.25403345
-2.2265205
-0.27717343
-1.060159
0.5362989
1.0504043
-1.2401302
-0.03858793
0.12610744
-0.619537
-0.97320056
-0.68361366
-0.8116421
0.2853338
-1.4688872
-1.3747919
1.1508416
0.9615108
0.40320504
0.447222
0.7511582
-1.7094725
-0.7683857
2.154384
-1.1842674
0.11098048
1.5199416
1.5564693
1.2472361
-0.47392038
-1.5852947
-0.27972266
0.7559854
-1.5886025
1.7019835
-0.036153726
-0.19728787
1.0222452
0.1261364
0.987871
-1.288156
0.49803147
-0.67067206
0.79012877
0.20632905
1.0910276
0.34909382
1.3507115
-0.52979416
-0.5243744
-0.17407554
0.004236149
0.3637021
1.2059274
0.37407812
-1.4679109
-0.914109
0.24584076
1.4697034
1.5984147
1.3626602
0.17851517
-1.2716337
-1.481236
-1.8058592
0.4054717
-1.5816491
-0.2994609
-0.88044846
1.072111
2.0050225
0.2787763
-0.89777124
0.3746971
-0.31627017
0.49726048
-0.07383045
1.5006781
0.21714944
-1.2233288
-0.46476746
-1.357359
0.70311284
0.6276655
-0.3475513
-0.895283
1.4840873
1.1219711
0.94978833
1.4891062
-0.7883155
-1.3949559
-2.0091019
-1.0179781
-1.4285167
0.8728778
-0.8473053
0.18550274
0.58892834
0.63531977
-1.2040857
-0.42148685
-0.6466461
-1.0920601
0.043673288
-0.76098645
-0.977139
-0.16917609
0.64876425
-0.5328858
-1.2164667
-0.11563426
-0.5316421
0.46546707
1.7486408
1.0198324
-1.7234973
0.31858477
-1.6946037
-0.8038517
1.4769657
-0.8967769
0.15419118
1.2384188
-0.42054325
1.9073359
-1.7340846
1.5738173
0.03753492
0.14965951
1.9162672
0.7623893
-1.6568666
1.3141519
1.3559538
0.71008056
1.3289075
0.8461981
-1.1641161
-1.0676038
-1.6234294
1.6703204
1.1699558
-0.6842478
2.134597
-0.85435766
1.0321414
-1.4890689
-1.4640584
1.5003569
0.35831898
0.58126366
1.7772772
1.0316544
1.8881962
-0.5571659
-1.3982482
-1.2992622
2.1659827
0.3673133
-0.61157125
0.6283797
0.26288947
0.15611522
1.8507802
0.7492776
1.777787
-0.05673308
0.3564075
1.0442269
0.4570592
-0.85498714
1.3963877
0.6368303
-0.07486958
1.6673213
-0.55123335
1.3099419
-0.19465071
0.63900757
-1.4343157
0.02366503
-1.9719552
0.15981837
1.6877275
0.97675765
0.5376482
-0.3430256
0.20852882
-0.017473
-0.31245863
-0.6893182
-0.35510564
-1.9147763
-0.7794703
-0.02248715
-0.057549726
-0.7790718
1.8273822
2.2390954
-0.83214
-1.5675597
-0.9529283
0.70524573
-1.3208658
1.9335368
-0.7729205
0.4790659
1.4193015
1.083236
-1.3728828
1.3114196
0.5957767
0.59208447
0.06576513
0.58217466
0.70019364
-0.5870655
-1.9084673
1.7086143
0.027887046
-1.4477525
-0.35189372
0.18772462
1.2970413
-0.44663763
0.96842873
0.29814807
0.9211923
0.59192
-0.5258918
-0.5323942
1.2645258
-0.2286385
-0.3813793
-0.40090287
0.04871541
1.6309737
-0.009449088
2.1097186
1.0282876
-0.6049939
0.0831179
0.29028976
1.7163785
0.81967384
0.94564027
-2.094597
0.85106647
0.8008504
0.809691
0.9529333
2.043617
0.22524783
0.79989684
1.6253258
-0.7660377
-0.103787996
1.678902
-1.1421915
0.49403167
1.0227362
-1.5387642
-0.21419948
1.2564336
1.6471477
0.30631572
0.21936788
-0.11754421
0.6472348
-0.74510604
-0.99018824
-1.2897327
1.6908351
1.9262071
-0.4193836
1.3171644
1.4647452
0.625067
1.0693042
0.8223798
-1.024113
0.164763
-0.22352172
1.7244725
-0.32628214
0.74842286
2.122928
0.5447112
-1.3188927
0.21189281
1.2555977
0.15766227
-1.097579
1.652271
-0.40188694
1.9413841
-1.4006342
-0.8582953
0.24833427
1.8277581
-1.006709
-0.8015468
1.0127063
1.5544524
-0.23526683
0.46531782
0.5547287
-0.95678544
1.4119048
-1.2517388
-1.6070275
-0.7117414
0.26873243
0.5657965
0.69618076
1.3435628
2.1966512
-0.0946332
-0.7898162
0.09584936
-0.7456501
2.3794734
0.78165126
1.5584371
1.1825129
-0.68044233
0.4913613
1.5096083
-0.46763718
-0.69464636
0.59444034
-1.0258107
-0.3798381
-0.029428044
-0.86786413
-1.0207797
1.5411909
0.5177771
0.17810932
0.022194905
0.014956875
-0.5123558
0.57240975
1.9218526
1.3572912
-1.1257137
0.62436074
-1.1523123
-1.4656566
-1.3507924
0.16349222
0.38298213
1.4667875
0.6773892
2.366625
-1.1361687
-1.0741222
1.2221936
0.3808865
-0.19449747
1.673135
1.3350054
0.8604384
1.1336825
-0.04109508
0.9347954
-0.8213966
0.7862749
-0.70649153
1.3328886
0.81795305
1.1029794
-0.18288726
-1.0663759
-0.64875257
-0.99585545
-0.14114493
0.60226166
0.28066528
0.7192891
0.109015346
0.624967
-1.2961515
0.7985829
-0.16758956
0.9062864
1.6897125
0.68867683
-0.14138027
0.01922857
1.01108
1.1708531
0.078611515
0.4264152
1.4702455
-0.9952737
2.214868
-0.5247314
1.3932098
1.0904391
0.21775883
-0.24525212
-0.6157
0.7427902
1.1742718
0.25027862
0.49173525
1.9096242
-0.32169628
1.5674145
-0.9374415
2.2197697
0.011362964
-0.6898075
0.1915451
-0.7485483
-1.0376087
1.2716597
1.4503088
-0.52402747
0.31163457
-0.95154464
-0.86224663
0.74253094
0.5706036
0.94921595
1.7562342
-2.1284363
1.1302412
1.0694419
0.5442744
1.6667632
-0.7613184
1.1748416
0.7689855
-0.83111525
-0.5320166
0.4009655
-0.061041754
-0.21225297
1.3507178
-1.6151075
-0.53339833
1.083882
-0.53360224
-1.6059669
0.06701353
-0.8096111
0.051748514
-0.08155379
-0.3739339
1.4805554
-0.4003919
0.598641
-1.2196083
0.41993454
-0.64639443
0.8261717
0.51509523
0.5533653
-0.1288308
-0.16843116
-0.83666676
-0.26871702
1.3970517
1.6187952
0.8185657
-1.1530206
0.054444816
-0.09917006
1.1067762
0.33354315
1.8080335
1.06552
-0.13910782
-1.442414
1.7274088
-1.0082974
-0.4592483
1.1218178
-1.6916025
1.7457762
-0.40479022
-0.5794127
-1.0348588
0.5801341
0.33793378
1.2574139
0.16593626
-0.57971317
0.37381646
1.3133307
-0.4686797
-0.9754053
-0.35043293
1.7447404
-0.07794739
-0.53351915
1.2149402
-0.020209411
-0.17738554
-0.5748198
0.4465214
0.4660563
-0.4259883
0.27197173
0.06814358
1.2869402
1.3731248
1.7492747
-1.4614367
0.68829644
-0.5773438
-0.34935388
-0.35706156
0.9678326
0.39411938
0.50624526
-1.1228894
0.9021791
-0.106504045
0.9765645
1.1563368
-1.7947209
1.8894296
1.0164703
1.1092889
0.4355029
0.10750808
0.623024
0.344574
0.091537505
-1.2406788
-0.697183
1.1177416
0.71693355
0.9837632
1.2678326
1.2194239
-0.4068224
1.7722261
-0.103242576
0.3206883
-0.42968568
-0.83985394
1.585884
0.78132355
1.1189384
2.2462554
0.11252615
0.15910684
1.1450211
-0.74328685
0.89451164
-0.1741701
-0.44266325
-0.3553939
0.86673397
-1.0338596
-0.0774902
0.08903675
0.83552146
-0.29886025
1.4959408
-0.12748042
-0.5417197
1.746046
0.20519093
-1.006626
0.68994206
0.51079255
1.1401687
-0.057418376
0.99178445
-0.27675727
-1.7317183
0.2269671
0.69883555
1.2119656
-0.7372004
-1.0404757
1.5787449
-1.28288
0.189445
1.627727
1.0968542
-0.48055625
1.2668333
-0.8196533
0.70794564
0.37778112
0.9635796
1.5330865
-0.5671621
0.49889922
-0.2268117
1.1041481
0.5287404
0.49127138
0.5861587
1.2503775
0.085759975
1.2090007
0.21629924
1.4732985
-1.7094357
1.3097358
-1.0514704
-0.3056692
1.1155437
1.2551723
-1.0007855
0.62424254
-1.6773491
1.0230415
0.731302
-1.241946
1.3903004
-0.13388108
0.8091224
0.479887
-1.315752
-0.2605102
0.6225653
1.5617759
0.8043331
-0.9554548
0.01886623
-0.64560074
1.0828573
1.6090653
1.0962726
-1.4719746
0.24410701
-0.14525838
-1.6530375
-0.91947377
0.11852662
1.4930255
-0.0926424
1.4091406
2.2130384
-0.06676765
-1.3106444
1.6234056
0.57037836
-0.10612242
-0.9958702
-1.0953885
0.029202182
-0.6944534
1.0569804
-0.8671658
-0.8768617
-1.8147135
-0.36504385
-0.11845828
0.24717523
1.1013634
-0.27004457
-1.0937421
0.37201303
1.576992
0.9157067
-1.3890095
1.5092854
1.6841303
-0.12337984
1.1036816
1.5386938
1.1496937
1.0675513
-1.0067295
-0.06550477
0.9339329
-0.7233382
0.45281374
-0.61963195
0.4306179
-0.13604404
0.11121094
-0.88374436
0.24209492
0.9983337
0.25038663
-0.46660644
-0.098613344
1.2432749
0.44263244
1.3815374
0.05812307
1.5727894
-0.02283228
0.2126506
-0.012963711
0.5478482
-0.97098744
1.1621037
1.3436058
1.5380566
-0.26019156
1.481817
1.9791473
1.258567
0.4621234
-1.1373062
1.1316447
0.07724388
0.50243264
0.22951694
1.8042729
-0.293811
1.0811079
1.2381303
-0.9642062
1.6229957
0.49095386
-0.2614487
1.8066945
-1.1685176
0.85623837
1.6055001
-0.3274391
-1.3113445
0.64313525
1.2807304
-1.1181886
-0.5125542
-1.1118987
0.40997428
1.312846
0.9122341
0.09161242
-0.5146333
0.22101681
0.4376535
-1.0526426
1.3091942
1.6046734
1.1863734
-0.5241677
0.8325841
1.0324683
0.4590214
1.8257694
1.5296304
0.7512814
0.060433596
-0.13741425
-0.3004257
1.1773245
0.646502
1.7007369
0.8756605
1.0366173
1.723475
0.8473606
-0.68641347
-0.1431874
1.2779524
1.0148495
-1.279895
-0.7971723
-0.9906446
0.73794067
-1.4903935
1.0743144
1.2562308
1.5613273
1.0081431
0.27953538
0.6715647
-2.4779727
0.046449155
-0.5108377
-0.8097864
-0.15679209
-1.0754832
-1.8284979
0.6148406
1.5203297
1.6225461
0.1737961
2.0063598
-0.8797689
-0.49995467
-0.5145438
1.4389399
-0.66197217
1.4424295
-0.056837454
2.1931212
1.1770734
-0.37412333
-0.8804951
0.4635238
1.2584717
-0.37803024
-1.8034532
-0.9624989
0.8784802
1.6732428
-1.1523787
1.5191317
-0.95817626
0.60464704
1.0364798
-0.24555564
0.88997185
0.32169268
0.22947285
-1.0818622
0.44406685
1.9130394
1.6908759
-0.7624328
0.1120221
1.1276091
1.1948462
0.3954984
0.33876446
1.4344468
0.7414725
-0.19227697
1.7274926
0.94556034
0.49422914
0.00075444387
-1.6310928
0.45212507
-0.25239676
-0.52818996
2.5103998
0.7701154
-0.43012503
-0.66833794
0.5519239
1.0347989
0.96818465
1.7035897
-1.4194192
1.2583702
0.018422257
-0.14871526
0.3726332
-0.649323
-1.5130602
-0.96373
0.67152894
-1.4234732
-1.8091735
-1.8055544
0.44074148
1.3648657
0.6258293
0.8420405
1.7036728
-1.5333216
0.55507874
1.4069366
0.5302907
1.2185533
-1.73864
-0.026830604
1.5083787
1.7749398
-0.44931883
0.19047326
0.80332386
-1.7753319
-0.96592265
-1.1368774
-1.0911651
1.1268693
-1.004561
1.754105
-0.6465099
0.5582752
-0.39260414
0.022601837
1.1085229
0.849462
0.6380476
-0.6230395
0.20351517
0.5103282
0.0343156
-1.124407
0.70638824
0.097234376
1.5501022
0.72020817
0.07132906
0.14275096
-0.4460072
0.998858
0.07605023
-1.2039399
-0.115221806
1.1163509
0.5502578
-1.1429572
0.5383098
0.10254372
-0.77067727
-0.4632576
0.7644956
0.5519849
-0.13973321
1.8829771
2.0452454
-1.6364032
0.58836246
-0.69320697
-0.73025787
0.9033879
1.5117301
1.196337
-0.016833687
1.7745278
0.80378747
-1.0799387
0.65639955
0.6851905
-1.4944271
-2.0094373
0.5258687
-0.05703196
1.762674
0.63199204
0.65245044
-0.76765263
-0.2029562
0.32020798
-0.64054817
0.16695003
0.46610105
-2.1369002
-0.18235749
1.5742736
0.15590894
1.1868687
0.42578167
-0.8888762
1.3506316
0.18460494
-1.0635947
-0.97230947
2.1736584
0.20300587
-0.9985678
0.4759696
-0.049989115
0.2478867
1.6848334
1.1508507
0.9421166
-1.580107
-0.50759935
-1.6172333
0.44642615
0.82759875
-1.7753856
-0.16197993
0.70998615
1.1401339
0.65505666
1.5072744
0.34398672
0.17286907
-0.3200176
0.40049905
-0.18038681
1.254895
-0.5256282
0.4234925
0.12100872
-0.67513907
1.3161623
0.02259352
1.7686913
1.6472349
0.34622875
0.4125815
-0.09396211
-0.016823843
-1.5464464
1.2349706
0.21497221
-0.48323098
-0.4678213
1.674605
0.8282273
1.5676285
-0.33905742
-2.0238633
-1.495443
0.04023781
1.4382789
1.8904117
-0.24139479
-0.018102305
-1.246049
-0.076126724
1.3990461
-1.3720393
2.0597458
-0.60851824
0.35299963
0.19438262
0.8565696
-0.90692157
0.19840263
0.898345
1.6092625
-0.7392314
-0.55218446
-0.5962342
1.3096079
-0.7212953
-1.4717165
0.620354
1.7033359
0.8727349
0.74775094
-0.18906312
0.64232606
0.49252653
0.92181635
-0.38334444
0.7942584
-0.22070484
0.80700654
0.33214277
-0.6705243
-0.76889646
-1.0590684
1.6899422
-1.1858063
0.13882132
0.83930796
1.012955
-0.5123249
1.6960196
-1.3638363
-0.37406698
0.0763401
1.2338812
-0.24301645
-1.4845798
1.0682546
-0.81080747
1.7521994
-0.46588877
-0.603331
0.3015175
-0.6763997
1.784251
0.7508607
0.7008711
0.61347646
0.4840939
0.88243
0.16671446
-0.14411776
-1.3790479
-0.9641953
0.85327506
-1.1111101
-1.2090986
1.9570937
1.8284817
-1.9053934
-1.1884016
0.7831237
1.3425195
0.89968085
1.93259
-1.6056752
1.5904065
-1.1154915
0.8273915
-0.21495217
0.6813741
-0.6278264
-0.095837414
0.22691692
0.013016862
-0.5821688
-0.8407574
1.1611253
1.4633886
0.014176863
1.0609703
-1.4342389
0.4662029
0.33725062
-0.7161758
0.5271195
1.4181389
-0.39746025
1.128831
-0.28221062
1.228481
-1.0758765
-0.518927
-0.76041555
0.008997435
0.55186415
1.4788502
0.24634656
1.1178305
-0.95431113
0.10632438
0.86084867
-1.7616408
0.5661909
0.79797524
0.29062822
1.1221422
-1.5468285
1.8899274
0.10520968
-0.5572625
1.4636879
1.2879887
-0.98307574
-1.8566921
-1.0444741
-0.84687513
0.0015510762
0.32525495
1.2209055
1.6666605
-0.78262657
0.37724262
0.60574347
0.09746628
0.9405578
0.14832923
0.7359957
-1.0486917
1.054117
-1.1376662
1.3517082
0.57284266
1.0948474
-1.112435
1.9053872
0.7483971
-0.39967638
-1.1667678
0.20818949
-1.2596015
1.4341214
1.4178923
-1.7849144
-1.3424764
-1.7272164
-1.6693997
0.6352379
-0.5628462
0.33989415
-1.4501977
1.1123314
-1.3474059
-0.79975516
-0.48067498
0.70859385
-1.2979058
-0.16136037
-0.015457604
0.036446415
1.8807702
-0.3726078
-1.6152375
-0.0019107542
1.2106445
-0.9104568
0.90268266
0.42960837
0.39829442
1.7058631
-1.066985
0.9987663
-0.8844718
0.03973171
0.36235958
0.51215756
-1.0090035
-0.7927195
-0.2229795
1.0985305
1.1895915
-0.22545975
0.31834576
0.9416394
1.3247964
-1.9627445
1.42033
1.4324828
0.6361789
1.4340678
1.0364618
0.79049313
0.006297867
-0.5205517
-1.9520402
0.54930013
1.6590406
1.5737759
0.9176307
1.5786387
1.3103887
-0.9774711
-0.6674571
1.0029033
-0.4629023
0.67926383
1.4516501
-1.5393679
-0.05167785
-0.13918793
-1.1865191
-0.06322587
0.30127826
-1.5840521
1.1507863
1.4799105
-0.20969008
-0.39922667
0.011105294
0.03075737
-1.8304782
1.6528972
0.4198729
2.042333
-0.30124748
0.4992389
0.33337778
-1.4973177
0.19639942
2.3469605
0.04644637
0.28344625
-0.9723166
1.4004357
-1.4215513
-0.3984926
-1.7954654
1.4297805
2.097185
1.2311876
0.044684485
-1.6731765
-0.39657632
1.1468508
0.36950678
2.0195203
0.7944399
-0.06341822
-1.4103898
0.108843446
-0.20263755
1.4519299
0.06793597
-0.48204082
0.51878536
-0.5403519
0.2692772
0.17589599
-0.41440037
-1.4263527
-0.41317764
0.14801365
-0.25065237
1.1330754
0.55190307
0.23140125
0.56966406
-1.251555
1.8494349
1.7414142
1.393415
-1.2119083
-0.2863157
0.68525505
-2.271696
0.99267864
-0.11442964
1.3907142
-0.8027632
1.3899658
0.2597703
0.5949086
-0.12277665
-0.0944845
0.9794581
-0.5693156
1.7833053
1.1714563
-1.6135879
0.7787373
-1.3332174
-1.0721705
-0.5508659
0.7271649
-1.1568667
0.99184835
0.94682956
0.40224364
0.3002564
1.4410104
0.51545346
1.2950324
0.13482891
0.57910013
-1.6595939
0.86307764
-0.23520426
-1.8453965
-0.866761
-0.07045843
1.2144659
2.006313
-1.6398271
0.5111715
1.3008555
-1.2827933
0.054044206
-0.7356461
-1.0891716
0.38066235
2.237666
-0.9174696
-0.26720548
0.4008683
1.7283264
-0.8928484
-0.38416994
-1.5454897
-0.45597404
0.6011082
1.2939053
0.72000295
0.6612686
1.3213371
-0.09118285
-0.06530305
0.49988568
-0.5408323
1.3569698
1.205264
0.9826186
0.98951304
1.8106123
0.32949224
-0.885862
-0.5627628
-0.12635177
-0.22588746
0.14874135
-0.31779486
1.5176861
1.8332378
0.17421913
-1.835331
-0.32699728
0.04618454
0.22271979
0.25506982
-0.97083485
-0.6376941
0.29477793
0.7727758
0.5324489
0.2796499
0.036280498
0.020496886
-1.6795717
1.6320895
-0.7966131
-0.4031611
0.10580625
1.4815191
-0.31209576
0.9972789
-1.0598693
-0.749632
0.34850696
-1.0688
0.31225914
1.0699751
-0.3305021
0.6280844
0.105412595
-1.4973546
0.046121262
1.9343598
0.79238456
0.34562057
1.3794854
1.01256
0.18052357
-0.24662627
1.2751395
-0.9447041
1.0712698
0.3717893
1.4783111
-1.1884774
0.71142364
2.1453142
0.44688714
0.35004118
-1.6863682
1.1785916
0.02295826
2.0331826
1.3895627
-0.054948047
-0.82156235
0.18179227
0.73722434
0.97753775
-1.4991462
0.3642103
1.3774884
1.1575093
-0.68427444
0.1199063
1.4031214
0.14065625
-0.7432121
0.35854143
1.3134592
0.38406792
-0.0020644763
2.2623634
1.8331234
2.2892463
1.3639573
0.9325176
0.061371267
-1.4679039
-0.75223756
-0.97915965
0.55744827
0.37479442
-0.058659643
-0.06410263
-0.0914009
1.4432296
-1.6952524
0.21150044
0.21471022
1.75324
-0.7445376
-0.21438944
0.7250567
1.4654534
1.6252615
0.33616215
0.100359626
-1.5523711
1.4438722
-1.0990673
1.4591502
-0.29770693
-0.37425962
1.9065987
1.6161566
0.26443747
-0.48865283
0.16132407
1.1667261
0.07009945
2.176278
1.5599236
0.61896247
1.3891679
1.2075883
0.034710404
-0.9706826
-1.434235
-0.3393501
1.6288116
0.486853
-1.2531881
-1.0452178
-0.6715173
-1.966912
1.156439
1.6818908
-0.91149235
1.5064564
-1.0502051
0.8399012
1.8717241
0.33383197
1.2536922
0.39438647
1.5677044
0.25296393
-0.05600579
-0.73834205
-1.477591
0.7787813
-0.3566309
1.2925812
1.4981021
1.3186281
1.555449
-0.41204417
-1.3423277
1.3189054
1.1493716
0.9669153
-0.9264179
-1.1479309
1.0917529
-0.9877975
-0.72639394
-0.6854402
0.5360371
-0.51737005
1.3401499
0.2418909
0.05443968
-0.006814075
-0.18696886
2.1282706
-0.2661632
1.1743779
1.5791581
1.094786
0.7066867
1.9569842
-1.2885145
0.21989198
1.3517253
-0.60058707
0.18801108
-0.26820758
1.1453543
-0.9722537
0.9250713
2.0881302
-0.6704183
0.21359687
1.0163277
-0.6388123
-0.8614245
1.1022747
-0.45468575
-1.2582053
-0.84192795
1.5932659
-1.4452802
0.13622943
-0.7196571
-0.6240821
-0.09242553
0.9109382
0.57517123
0.4009283
1.29913
-0.06834873
-1.1796386
1.4989946
1.6616536
1.0285153
1.1997347
-0.19583556
0.42694637
1.111416
1.3447386
1.6253713
1.5990362
-1.1403687
2.0388896
0.28594235
0.18587767
1.4441282
-0.79486525
-0.30846637
0.6764781
0.07835859
0.9739237
0.9655633
-0.12723824
1.7203009
2.0768895
-1.3539191
-0.06885412
-0.6463995
0.42121255
1.4755368
-0.13573265
-0.005015479
-1.4256221
-1.2959538
-1.0889337
0.121144645
-0.8825002
0.020780625
-0.43124655
1.1696644
1.2122657
-0.7426488
-1.2756226
1.1052041
-0.23459749
-0.7928197
-2.051562
-0.66419756
0.87122947
-0.044771835
-0.114920385
0.5272657
0.47103828
-0.74155223
1.7788268
-0.38694936
-0.7310037
1.5241878
-0.23479909
-0.973425
-1.7229878
0.9441795
-1.6361905
1.6227674
-1.6696835
-0.7748393
0.005200732
-0.3431208
0.17062439
2.1167908
-0.53857553
1.505003
1.8386719
-0.5311132
0.21265908
-0.19790179
-0.31684425
-0.75886524
0.91360056
-0.810081
-0.007901541
0.52643895
0.78150547
1.2550986
1.1772721
0.117602296
0.09640993
-1.6853919
1.5309352
1.2856197
-0.61906195
-1.1322551
1.3661349
-0.28539705
0.28541288
1.1668823
-1.9796047
-0.22355548
-1.1190002
-0.05549847
0.5451541
-0.4606328
-1.570932
0.8376218
1.8113598
0.13315678
-0.0013486218
-1.7580774
0.6135189
1.1307861
0.16256882
-0.45816463
1.211717
1.6224288
-0.23053935
-0.05448671
0.015506108
0.5818302
0.99266076
-1.0833288
-0.34502858
-0.45977414
0.36519057
1.1863072
-1.3182048
1.014737
-0.43686268
0.31666085
-0.1283875
0.23025924
-1.431175
0.16451769
0.79285574
-0.06807197
-0.3588723
0.70324427
-1.1492964
1.7820358
-1.4866893
-1.0024564
0.7719621
0.08389466
1.6893063
1.3006903
-0.15694949
0.08109146
-0.9627992
1.3674333
-0.27723134
-1.6506836
0.315706
-1.7212725
0.6459931
-0.4320182
1.3796191
-0.65812135
-0.76680684
0.26706374
0.9240632
-0.5772013
1.0703266
-0.0055587376
0.18944255
1.2161961
0.2838178
0.76214397
0.20204222
-0.439889
0.6452143
0.9074757
-1.241177
-1.2338163
0.061947104
0.8879816
-1.4343781
-1.2195418
0.5489087
-0.58781993
-1.0235062
1.8474282
-0.7737953
1.3422226
-0.43698236
0.7653776
0.61082
0.13196525
0.53017116
-0.7326381
-1.8281957
0.21153861
-1.1064944
0.33795446
-1.9235375
-0.117501274
1.5002648
-0.33534542
-1.2963905
-0.063733205
-2.0362353
1.705102
-0.23588137
1.0123216
1.663424
1.419088
1.9294327
-0.022919973
1.2060922
0.5271862
1.4338185
-1.1109364
-1.2969737
1.6363716
-1.0674455
-0.381342
0.6451045
-0.09000087
0.82004863
0.44027776
1.3150303
-0.1252861
1.8556831
1.2760066
1.1838748
1.825444
1.5758878
0.30119735
0.16004597
-1.0471427
0.07316431
-0.56154764
-1.4617835
1.5636171
1.5507852
-1.1397116
1.3594415
1.4786984
-0.39623895
-2.3854978
-0.018048797
1.8129768
0.49001104
-0.28245637
-0.8921809
1.9220767
-0.43650472
0.064437784
0.14838548
0.47829485
-0.2860916
-1.0273607
-1.2812977
-0.36372095
-0.6665495
0.0146947475
-1.0283062
-1.1084046
-1.7557774
0.12657133
0.022622824
1.340343
-0.34074315
1.2176934
0.2792782
-1.5489569
-0.38226283
0.33321658
-0.7233475
-0.8891479
1.2255917
-0.08997316
-0.7907555
0.8753906
-0.71887165
-1.7918475
1.3607216
0.42052403
0.23198566
0.1741959
-1.4606682
-0.47297066
0.14310555
0.15375327
-0.43738377
-0.21212846
0.60090697
1.3417815
0.7337063
-0.5442692
-0.33695206
0.19792204
0.10342463
0.080922894
-0.8541335
1.7246635
0.20708476
1.0363576
-0.5598112
1.1713938
-0.8745109
-1.7912487
-0.42175978
1.5988246
0.04220909
1.1400113
0.10259283
1.5754148
1.1431674
1.1737101
-0.5866847
1.1280048
-0.8191883
-0.6521084
-0.43974614
-0.115140386
1.7855035
-0.7841999
0.58881605
0.5740266
0.99086666
-0.14976113
0.46712142
0.4355013
-0.15244733
0.6799134
1.0505898
1.3805113
0.010174777
-0.9079888
0.24044895
-1.6656129
-0.7952013
1.2777203
-0.97748876
-0.77832127
0.47390956
-0.24293269
-0.7216221
0.35354957
0.99056256
1.0129807
1.4003695
-0.9676855
1.3233992
1.098494
-0.17746776
0.6435668
1.2544222
-0.83234876
-0.4436777
0.40731373
-1.0506102
-1.2699633
1.7927753
1.068728
-0.7538247
1.2973667
1.2240065
-0.5426163
-0.89742655
-1.1007535
1.5055972
0.8455732
0.14316556
2.0344572
-0.3758745
2.21441
-2.1249719
1.4666895
-1.6297977
1.4243855
1.9169486
-0.08377146
-0.19662149
0.244196
1.8054823
0.46141705
-0.48134428
1.145541
-1.3275391
0.03373284
-0.9494051
1.1534146
1.6007606
0.06964284
-0.24771538
0.69804406
0.56199646
0.3837105
0.6008246
0.106987834
1.265301
0.30246636
-1.347046
-0.6144133
1.0542793
0.2793587
1.5692317
1.5330173
-0.10640544
1.2250533
0.9785831
-0.59035647
-0.7231059
1.3533124
0.88395214
-0.6368782
1.0137217
1.1345624
1.6038162
0.55915844
-1.6700017
1.5809615
1.3662407
-0.32180056
0.47754043
-0.12118079
0.5475303
0.08429671
0.292645
1.4449308
1.7781305
0.8301566
1.45104
-1.8581786
1.8877455
-1.377853
0.10409681
1.5860045
-1.6867144
1.9285923
0.123898216
0.87805885
-1.7756333
1.6005107
1.3354261
0.2683421
-0.77525645
0.022145113
-1.1563227
-0.71420807
0.12468605
-0.35732943
-1.5683331
0.41088498
-0.8050429
-0.008769534
0.1179499
1.4990871
-1.6772947
0.110503525
0.57578707
-0.25091803
1.1254517
0.77515507
-1.3496437
1.2508603
0.28193608
0.41684583
-0.7789829
0.18537153
-2.0796897
1.1178226
1.0371753
2.3568478
0.97017634
-1.1194078
-0.61693347
1.1560038
0.88261545
1.3184484
1.2945024
-0.6518598
1.0442446
0.95791125
-1.3301316
1.1716088
-1.3475051
0.44799757
-0.7445956
-0.93459255
1.1044015
-0.7354207
-0.08841664
-0.81620246
1.7419825
0.11552345
-0.5074575
0.73826665
1.0740689
0.88675207
0.13196318
1.5633447
0.86523825
1.6387571
0.19759752
1.5941559
1.1843966
-1.2348207
-0.33243454
1.525578
0.91210455
1.6367445
-0.3455036
-1.2819726
-1.2277917
1.6879598
0.21422425
1.0488274
0.02939315
0.40190095
-0.058433883
0.57262605
1.3035
-0.8622364
-1.525284
1.302282
-1.2388783
0.094727136
1.6380539
-0.8479844
0.8565468
-1.3448151
-0.53916013
1.0681019
2.1453629
-0.56042236
-0.96286416
0.86031985
-0.678428
2.277102
1.6321113
-0.5462953
0.6558559
1.1238827
0.9997953
-0.925319
1.4538857
-1.3332
-1.9128116
1.0046626
-0.12114854
0.06539768
0.4026333
0.5407994
1.646395
-0.9638603
-0.2583054
-0.36963907
-0.8531911
-0.11593712
-1.508897
-0.08117096
-0.116575085
-0.935753
-0.8232931
-0.1266465
0.11240564
0.42793134
0.25111482
-0.31731424
0.41222677
0.4816627
0.11977448
1.8200334
1.1507667
-0.3314851
-0.57204396
-0.31190717
1.475656
-1.6269495
0.5297649
-1.1901348
0.26843494
0.20496751
2.029927
1.3552248
0.5409497
0.8658009
0.33608612
0.9087153
0.52248096
-0.8152909
-1.262059
2.0252137
1.6100436
1.1488266
0.31490046
-0.1658283
1.4691361
-0.78780043
1.3588903
0.0024291514
0.10746972
0.9460036
-0.6068237
-0.1978774
1.4517691
0.21880119
1.1105452
0.1840981
0.24772388
0.93452615
-0.10808983
0.34118518
-1.1497934
0.6854209
-1.676053
0.39672628
-1.3784549
-0.7598586
1.4900842
0.027449796
0.33572224
-1.1122335
1.1448543
0.75701225
1.6996548
0.18101572
1.1096294
-0.81207573
0.17256786
-0.16133529
-0.7253102
0.16180901
-0.4095583
0.053629436
-1.3136622
1.7057523
1.2465874
-1.6392245
-0.490246
-0.55828714
-0.09021163
0.0079705315
1.9245245
0.6860735
-0.24430574
1.0178785
-0.65789646
0.23630537
0.67000633
0.08978824
0.72719425
-0.30771855
-2.076517
1.0189437
-0.77043164
-1.2288445
-0.21001667
1.7002985
0.089344256
0.5218655
-0.017743155
0.3519465
-1.8418475
-0.62234455
1.4424753
-1.3673631
0.7763343
0.08568229
0.1918312
1.2003362
-0.5214344
1.135175
-1.929801
1.2456999
1.1057131
1.5055206
-0.2389496
-0.51629496
-0.69064945
0.95012385
1.934535
0.044212498
-0.6457524
-0.6742424
1.5968294
1.3725071
0.6359263
1.4181255
-0.31845614
-0.23580717
-0.33566895
0.7000028
-0.3701702
-0.85949314
0.74470687
-0.26570016
1.0822172
0.0550598
0.04798631
-0.7462829
1.0209947
-1.1183765
0.6081215
1.1835475
1.3812518
0.1817392
0.8185455
0.18147781
1.7518137
0.2969164
-0.50000465
0.025702422
1.2422762
0.24500902
0.89612776
-1.2739913
0.34316602
-0.06365453
0.021877697
-0.58641744
1.3186301
-1.6919327
0.9515034
-0.78840756
0.9799364
-0.2325032
0.57858145
1.6203338
-0.11853712
0.46582928
-0.7478984
1.4532048
-0.114386916
0.46382582
-0.91830254
-1.5403224
1.4387352
-0.77094555
-1.1680949
-0.76917726
-0.2564986
-0.4259316
-0.28776777
0.16342546
0.01899526
-1.7127547
0.9089556
-1.4276811
0.2820284
0.464145
0.19567671
0.18091719
0.9066162
-0.46002197
-0.6300808
-0.5390102
0.36641365
1.4901948
-0.63298166
1.4737461
-0.66175747
-0.058394987
-1.2631407
0.43202055
-1.4733236
0.33792728
-0.22285418
-1.3296463
0.092432536
-0.55538046
0.46830916
1.7013627
0.11179251
-0.78916645
-0.35009834
0.74676526
0.74997926
-0.919566
1.1407323
0.6579371
-1.5911218
-0.76472104
-1.5792801
0.4589244
-0.28368446
0.21086116
-0.8848964
-0.09539624
-1.9511461
2.3653665
0.74692947
-1.6017654
1.4523097
-0.27240247
0.63263065
-0.6414072
0.8664291
0.42033833
0.16935499
0.36758968
-1.1097687
1.8646837
-1.3475283
1.1695031
1.3533417
1.1342503
0.17641275
-0.029968858
-0.055433527
-0.45383614
1.7377353
0.23872156
-1.0621617
0.8399661
-1.3380601
1.330638
0.6968792
-0.4810428
1.0896274
1.0460243
1.0810183
1.5974706
-1.3614726
1.1630266
1.7247045
-1.6170013
1.6405104
0.6844346
-0.06812153
-0.6901334
-1.3369149
1.0103921
1.2151709
-0.043864354
0.67334825
-0.12764497
1.486845
-1.0960547
-0.2949809
1.1985004
-0.7093004
0.5228995
1.633781
1.6799604
0.6307443
-0.7657692
-0.522576
2.0976503
-0.17638412
0.44034442
0.13411762
0.36546892
0.79209906
-0.74086845
0.07417
0.6318063
-1.1433874
-0.10638109
1.1959138
-0.08324107
1.9662234
1.9692496
1.4533591
0.43150875
0.94601333
-0.22502762
-1.3581593
-0.6582963
-1.3904536
-1.1797527
-0.3451017
-0.410166
-0.02140234
-0.677253
1.0490402
0.33881557
1.6140199
0.13189436
-0.24842557
1.2804298
-1.6370616
1.0222964
-1.2148263
-1.519765
1.4472584
-0.5285967
0.6004911
-0.6886038
0.07535611
-0.02330563
-1.8212312
-0.4829877
-0.8815881
1.0278094
1.8230991
1.1883438
0.2838579
0.093700774
-0.35893977
-0.3951205
0.96554565
1.1537548
-0.5683694
1.0776093
-0.55750287
0.5444861
1.5467235
1.4037267
1.3969475
1.2891827
0.22847542
-1.7132039
-1.5995154
-0.739893
0.17538676
0.0960913
-0.43261996
1.3361373
-1.2881991
-1.4633285
1.4254444
1.071212
0.5239097
0.5283903
-1.7434763
0.08293291
-0.7985984
-0.07193953
-0.6449859
0.19668187
-0.657268
0.06118226
1.353988
-0.9803883
-0.38952023
1.3352324
1.3148917
1.4994918
-0.5887305
-0.5457697
-0.8384205
-0.5379381
1.5035077
0.5569854
1.865077
-1.7121711
0.09752162
-0.07634665
0.62076986
0.017782532
0.85727924
0.37255415
-0.6745198
0.80342805
1.5831299
1.4516209
0.5269339
0.25275978
-0.96540666
-0.46294042
-0.8487251
-0.25830993
-0.3012327
1.1734561
0.6788421
1.8244773
-1.1181688
-0.48419112
-0.8520936
-1.7413242
1.0226134
0.9305776
0.19990714
0.31989512
-0.21184303
-0.9117733
0.012003615
0.9246829
-1.3022674
-1.0818553
-0.71564364
1.2707412
1.468216
-1.3947442
0.6097048
-0.08130073
-1.0758836
-1.280736
-0.9845981
0.5859771
1.6868212
0.39177176
0.4142253
1.4907677
0.20043088
1.6829737
1.5244132
0.11695974
-0.56358963
0.0020803905
0.75579923
1.4859263
-0.96841276
0.65845406
0.96481395
2.012511
-0.330515
1.0420129
-0.081949934
0.20980015
-0.35290423
0.10876235
0.33668935
-0.058468662
-0.8834003
2.1214068
0.22928643
1.9389105
-0.6388197
-0.55846393
1.3590561
-0.19130667
-0.059865244
0.018231157
1.3743207
-0.5960555
0.50552243
0.6671977
0.71726316
-0.5762832
1.1946373
1.5568157
1.4529924
-0.0100115435
0.26449412
1.2030259
-0.68601614
0.16770495
0.81534255
0.4817136
0.45784274
-0.028849943
0.40388554
0.78524417
-1.2047806
-0.24088384
1.8337796
-0.32404765
-0.4910968
1.2381046
0.10302867
-0.20668863
1.2946332
0.20378761
-1.0085936
0.98542166
-1.059365
-2.0288627
-0.6364327
1.3640472
-0.7423948
-0.047354937
-1.598034
0.9513705
-1.812473
-1.5341449
-1.5588365
2.0981154
0.2940836
1.3919861
-1.3240545
0.09362656
0.015194485
0.120346814
0.27235472
-1.4214113
0.0019809925
-0.95097333
-1.60779
1.5280061
-0.097482726
-1.3263444
0.08450548
-1.7154694
-0.32050854
-0.39795128
0.19950457
-1.8174688
-0.439195
1.0042435
-0.8775111
0.83382565
0.20548716
0.035385516
1.6645377
1.7525434
0.13822693
0.17743972
-1.725513
-0.054156456
-1.6941613
0.07578965
1.0384351
-0.021917414
1.1435294
1.3549014
-0.15488912
1.740587
0.80849326
-1.1903179
-1.9088225
1.4231602
-0.7994741
-1.4899042
1.4353914
0.5093841
2.6368
1.3982544
0.029964095
1.136629
1.8059075
-1.8774569
0.7430182
1.617213
-0.6999637
-1.0823523
-0.022424283
-0.48400742
0.1661378
-1.0377252
0.9519936
0.033398636
0.6529819
0.8120497
0.49105942
0.5863736
-1.0154706
-0.4566073
1.0449185
-0.6197976
0.7737266
0.19622402
-0.169384
0.37494674
0.89012337
0.56485325
0.23226024
0.7506866
0.9575193
-0.4446141
0.8665765
-1.1740804
1.9742804
-0.58991885
-0.4278404
0.68701124
0.064660884
-0.7082001
-0.48511356
-0.93850386
-0.9081013
-0.123386025
-2.197844
1.7303432
0.1200962
-1.1902678
1.3623272
0.89459556
-0.38632366
0.814794
0.17134899
1.3008194
-1.2094872
-1.3864311
0.93266416
1.3422861
1.9100335
1.1660382
-1.542492
-1.5221624
0.011645508
-0.7662263
0.7437503
0.061304633
0.7772876
-0.638131
0.1651863
-2.0116723
0.47985822
0.55049837
0.016939273
0.40876082
-0.7163986
0.31855378
1.6362288
-0.4306839
1.5479606
-0.69110125
1.7684498
-0.14687628
-1.1089065
0.96463346
1.6324666
-1.5276518
-0.089853644
-0.44514883
-0.26599893
-0.14201345
0.7888235
-0.008054769
0.60598403
1.3550639
1.6261153
0.6983175
-1.4302285
0.19908735
0.65130776
-1.3768867
0.39211166
1.1374685
0.15749365
0.063178614
0.78092074
0.8716765
-0.28768823
0.08765924
-0.13029352
0.1287255
-0.6728725
1.4432858
0.55532956
0.2733971
0.49898702
-1.5629368
-0.17592113
0.087172166
0.29334342
-0.33982596
-0.2410213
0.41600594
-0.48190337
-1.2206067
-0.009030264
0.2564683
0.022573892
0.45741028
0.044667076
-1.3969104
1.4119687
-0.4131854
0.9184494
0.12285778
-1.4008987
1.134383
-0.33834672
0.19494921
1.0838238
0.2627303
2.1108387
-0.39711523
0.485579
2.2495258
-0.9498505
0.95160425
-0.035081744
0.14343573
0.54655147
-0.23497236
2.0835848
-1.7276971
1.790841
1.7582552
-0.6081003
-0.075850636
-0.26775926
-0.5708256
1.4317983
0.48855633
-0.22282308
0.3103581
0.7744726
-0.42693794
1.4464874
0.81715775
0.0037192318
-0.82277983
1.3543055
-0.1686008
-0.8588078
1.0691797
-0.02983608
0.40938735
1.5808827
1.3586724
-0.39292705
0.94189
-0.5034322
0.41664964
0.45156878
1.7011735
0.49756783
-0.24782279
-1.1277866
0.18892641
-0.7802754
-0.9155947
-1.5811152
0.5971478
0.29670763
2.0195777
0.82548755
0.46393752
0.9930267
-0.9762977
-1.39326
-0.72746164
-0.5485619
0.7018646
-0.7014088
-0.87470436
1.0862439
-1.1084979
-0.1854738
0.19165637
0.7429388
0.91868114
-0.5750301
0.5617377
-1.695716
1.1197294
1.7266153
1.2033498
0.69834805
0.07343513
-0.0740631
0.363898
-0.071163975
1.4798496
0.37723204
-0.05760361
0.3015158
1.217755
-0.502271
0.7056575
0.029920466
1.707306
1.5638039
0.68001485
-0.05884105
0.17804231
0.27202702
0.5549084
0.34551847
0.64784145
1.3369104
-0.3803621
1.7446052
0.9414983
-1.8683946
0.97925544
-0.796522
0.8535852
0.3064088
-0.16442128
1.1015096
-0.21141443
1.5370252
-0.74798834
1.1161515
-0.63661236
1.5019188
-0.39052933
-1.5810425
-0.6613536
2.037171
0.9227201
-1.8343258
1.2571088
0.41373262
-1.105095
-0.4376352
2.1566348
0.17199941
-1.0818226
1.1122861
-0.42525253
-0.112050064
0.1488349
-0.9691163
-1.5046576
-0.049261194
-0.23276803
0.43565914
0.9560045
0.7360529
-1.6377339
1.5909779
0.869751
1.8977928
0.25272766
1.4199939
1.5813133
1.5904131
-0.23822804
0.034606025
-0.6259196
1.8744575
1.9390928
1.1045518
0.4504918
0.8729407
-0.46242195
0.36474574
1.5499691
-0.75442094
-0.70843875
1.5050693
-1.1134481
-1.3341687
1.5771759
-0.19392331
1.3084828
