-0.02816753
0.5227908
0.7915641
0.69065607
0.53665775
-0.26707482
0.8443969
-0.750121
-0.100211106
0.56804067
0.7263613
0.80553544
-0.0004058443
-0.5799338
1.2498323
-0.48381084
0.29258043
0.97893476
0.4330954
-0.44414392
0.12614633
0.025627013
-0.63075286
0.7408483
-0.38301438
-1.0544131
-1.0296838
-0.4422337
-0.18108332
0.2252895
0.1273233
-0.018432245
0.34034365
1.0386915
0.26295745
0.98365605
-0.6976276
-0.21164834
1.2019567
0.10106395
0.51045907
0.46757057
0.0073259417
0.065886535
0.026507486
0.7102075
0.14263606
0.19063659
-0.044478167
-0.02544749
0.55984575
-0.3879538
0.7907299
0.23260209
-1.0794488
0.24208461
0.40837735
-0.4226136
0.00485122
0.50532526
0.2889091
0.67894816
-0.29844826
0.4933027
-0.16524233
-0.43206063
-0.9396048
-0.30472437
-0.1955568
-0.08467337
-0.3073612
-0.54162407
0.48797905
-0.19636312
0.6555517
0.0989206
0.025846737
0.23428299
-0.27919906
-0.32727084
0.5324969
0.56377554
0.6419867
-0.03490157
-0.2871566
-0.29950303
0.66646767
-0.8455542
0.80178195
0.04179719
-0.7201271
1.2359211
0.21125418
-0.2602863
-0.2102048
0.91089106
-0.22953759
-0.2763908
0.30623215
0.22994666
-0.52303153
0.91000104
0.68694353
0.3219438
-0.5733706
0.61792696
0.89258915
-0.3808475
-0.16057393
0.7431593
-0.33076444
-0.59358776
0.4838425
0.18349183
0.46028212
-0.013876161
0.32470328
0.66377556
-0.33253735
0.93337643
-0.5108043
0.071576186
0.20976374
-0.1463026
-0.089817844
-0.3083947
0.25691825
-0.04157529
0.8574505
-0.6022186
0.14959648
1.1237332
0.21321906
0.69197327
-0.93220305
-0.40117952
1.5442549
-0.60687333
-0.2511199
-0.28168327
-0.45819888
-0.44704255
-0.3761902
1.3145523
-0.21594302
0.52155197
0.46592462
-0.590283
0.0402999
-0.88531303
-0.8180295
-0.80130816
0.87974805
-0.20495945
0.40039963
0.53744197
0.061574418
0.72241473
0.11151729
-0.65315306
-0.23665161
1.0253851
-0.325894
0.9262854
0.09340949
-0.5781094
-0.076033086
0.30020905
0.76911545
0.48655623
0.31698966
0.2706627
-0.72749865
0.43275914
0.1457488
0.3273361
-0.09087979
-0.15013531
-0.4871559
0.29657716
0.6197327
0.6043806
0.81894326
-0.0731649
0.66995066
-0.40288982
0.119354464
-0.2551556
0.45904514
0.058448434
-0.010338604
0.3192891
0.010273166
0.45545864
0.2477068
0.31099644
-0.6109853
-0.7993594
0.28330296
0.46457258
0.23978521
0.06927377
-0.14259301
0.67456686
-0.21895413
-0.61823404
0.40813512
-0.14744022
0.41451198
-0.26980624
-0.2904615
-0.19940911
0.24193707
-0.3962283
-0.34594995
-0.900712
0.8118413
0.78853315
-0.3079133
0.2723281
-0.8886323
-0.7872941
-0.21111684
1.1920352
0.29690835
0.29576778
0.6871437
0.14666994
1.0790031
0.8803825
-0.013651464
0.5716546
0.75696945
0.7353572
0.17740032
-0.6399633
-0.1121389
0.8930062
0.5537393
0.9450622
0.8201477
0.9007743
-0.1772818
-0.2752023
-0.010503776
0.56574017
0.60427165
0.31136605
-1.021819
-0.08596281
-0.011860624
0.89210516
0.103582636
0.4945863
0.9889566
-0.4375409
0.026959404
-0.19690697
0.2752705
0.113104865
0.17312154
0.073245846
0.33263677
-0.69446117
0.43312913
0.7615854
-0.91437066
-0.053422734
-0.6871305
-0.28847075
0.042152535
-0.91845477
0.05779347
-0.80034643
0.43000075
-0.00630002
0.2744614
0.74460196
0.2097333
-0.05019194
-0.123739265
-0.014044693
0.53616214
0.6460838
0.43536672
0.37651822
0.3622228
-0.10454523
-0.39423233
0.24492025
-0.004642822
0.05178069
-0.28019074
-0.11607798
0.15581056
-0.026612058
0.19671698
-0.41100946
0.6813422
0.44277123
0.06368829
-0.061758198
0.27229357
0.19660363
0.35201213
-0.05753115
0.5128584
0.041112933
-0.032286584
0.040701006
-0.28131574
-0.22415927
0.47685915
-0.8949635
0.064841665
-0.8887509
-0.3706223
-0.61820686
0.0028436405
0.27293012
0.9979782
0.20885026
0.3596173
-0.449888
0.1702952
0.28079543
-0.4672137
0.42261863
-0.33869284
-0.13746195
-0.63678
-0.97394526
-0.020563636
0.73819524
0.70628035
0.026068559
-0.3212749
-0.35787734
0.6801429
-0.45323583
-0.06667013
-0.7148183
0.80899864
-0.3486246
-0.29870608
0.42347458
0.31110144
0.51318073
0.32830206
0.6429271
-0.40741
0.26934007
0.10701564
0.9199783
-0.24436976
0.16048826
-0.39551705
0.8968854
0.36319754
-0.27003866
0.69333744
0.6624912
0.13259679
-0.31431922
-0.035519127
0.06130087
0.54442024
1.092908
-0.053349435
-0.0357194
0.21205685
-0.12481064
-0.22841917
0.5975593
-0.48009104
-0.24303557
0.11614671
-0.6066853
0.63496125
-0.2956245
0.18984999
0.28701392
0.831728
-0.28067815
-0.38949308
0.35334876
0.08027462
-0.4521281
-0.027077766
0.26415044
0.36560026
0.6875204
0.23581105
0.1972048
0.73577833
0.59509873
0.7342596
-0.46985155
0.03146294
1.1636881
-0.037617654
-0.33386493
0.05056908
0.23339574
0.7994369
0.0023190582
-0.3634552
0.3949143
0.22382681
-0.48049814
-0.041869216
-0.6770146
-0.2613644
0.49317896
-0.57626134
0.0009026936
-0.22329932
0.89759827
-0.15152998
0.2863945
0.16354068
-0.110919096
-0.5405748
0.7340018
-0.09968546
-0.95294225
-0.19880874
-0.12136863
0.28012535
0.49963394
-0.05452547
0.058538307
-0.0007803048
0.53473926
-0.5097414
0.31907803
0.20227586
0.34341168
0.33351707
-0.41367763
-0.6669392
0.06496654
-0.017959207
0.34589478
-0.6950909
-0.04322653
-0.2957605
0.09582492
0.20646815
0.72017604
0.45570934
0.2095147
-0.426543
0.42190275
-0.47264606
-0.012454211
0.42924792
0.6414368
-0.124357805
0.8746473
0.90363765
0.24637717
-0.4083629
-0.92294014
-0.41125464
0.20463754
0.016180681
-0.8225846
0.1681562
-0.34856752
-0.54275525
0.81409746
0.99144113
0.6819469
0.21053867
0.65916514
-0.164572
-0.39855716
-0.210156
-0.44148153
0.047982577
-0.035666354
-0.12066855
-0.13045302
0.08007128
-0.16108622
0.48249614
0.0005895327
0.15336822
0.31043938
0.5332115
0.16067371
0.34992588
0.3103049
0.33734104
-0.5616313
0.45894676
0.5461456
0.42031112
-0.22517546
0.95784533
0.091097206
-0.092838116
0.5670178
0.5234293
0.27614617
0.018934367
0.1859967
0.79483885
-0.095464356
-0.9016895
0.7468216
0.13809216
-0.35376036
0.3502996
-0.8544011
-0.10959374
0.07081264
-0.5080124
0.33697304
0.21025263
0.6957908
0.10845693
0.051467862
-0.0032917054
0.5953372
-0.10260682
0.2640767
0.11256789
-0.86815536
-0.5706351
-0.3137672
-0.63087726
-0.06089946
0.4143161
-0.23314543
-0.2716311
0.56905526
0.14459959
-0.12738238
0.5470288
0.5048749
0.12584874
-0.14511146
-0.046207476
0.3965962
0.60188806
0.76203364
0.3556914
0.008108392
0.17216846
-0.90436375
-0.015292186
0.83258826
0.799941
0.15256311
-0.040817354
-0.10231791
0.8887108
-0.18987839
0.06658292
0.45605546
0.7137116
-0.2656007
0.38348335
0.5161622
-0.4852574
0.015326957
0.9311255
0.46662545
-0.15187074
0.9911801
-0.7173357
0.17020038
-0.9880198
0.33397853
-0.049604382
1.1678646
0.118236236
-0.016827699
-0.8926974
-0.07812218
0.9849782
0.35706785
0.22040257
0.19216357
0.45860475
0.058135945
-0.114911206
0.17285636
-0.73401797
-0.66682494
0.24799606
0.67309374
0.30330083
0.44571978
0.03274488
0.034747303
0.25786945
-0.33671814
0.32739156
0.369383
0.33829263
-0.5923682
0.19409986
-0.040729515
-0.64249396
0.19143514
-0.2629699
0.84546375
0.32263908
0.9254038
0.91517776
-0.00803262
-0.4623617
0.17613491
-0.47701922
0.3443257
0.5896127
-0.4271136
-0.69073063
-0.22510964
-0.669449
-0.47656316
-0.6393433
0.57754076
0.63161886
1.3188996
-0.0676051
1.1072376
0.065459676
0.4927957
-0.040872913
0.75952405
0.51322156
0.6254419
0.56845176
-0.19130963
0.32813865
-0.27606115
0.20745443
0.22417946
0.8675355
-0.46801674
0.032882955
-0.06216206
1.1162671
0.45570672
-0.31549022
0.21849614
-0.7084214
-0.8418592
-0.7551974
0.609319
0.44516954
0.17399941
-0.6371787
-0.3698102
-0.1727068
-0.6459458
0.47606784
0.35213566
-0.40803814
-0.21386257
1.0623089
0.7746958
0.031650953
-0.05739797
0.04786184
0.53510547
-0.58629566
0.55938566
-0.60437095
0.53407925
0.4176857
-0.40913188
-0.003686038
-0.037595734
-0.31470484
-0.055628646
-0.095281005
0.03097718
0.49836046
0.9086828
-0.5015167
-0.5340783
0.22138761
-0.05367547
-0.29776475
0.14959028
-0.061838783
-0.56023824
0.11226967
0.8200533
0.26866344
-0.06930522
0.35831097
-0.1801438
0.058550768
-0.9120854
0.32947525
0.39217296
0.968398
-0.44034165
0.09994124
0.13229355
-0.16235103
0.29917428
-0.9552016
0.39178157
0.7689509
0.6398317
0.07221706
0.9913944
-0.18869871
-0.5004912
0.037360992
-0.097864226
0.08827259
-0.48303598
0.4361998
0.72124344
0.5722801
-0.43838584
0.42816478
-0.15516168
0.14993615
-0.9012962
-0.122790635
0.14120209
-0.12304889
0.36592788
-0.28934795
0.11097669
-0.2099507
-0.13004966
0.15643287
1.3399626
-0.45384413
-0.6916689
0.13819593
0.58927524
0.09454965
0.5925395
-0.07187059
0.1719374
-0.056879207
0.14881594
0.6285155
0.11239788
-0.1648505
-0.11544901
0.67238456
0.24086472
0.38452566
0.9370345
-0.4672541
0.4664148
-0.41561612
-0.22836863
-0.26988545
-0.10360162
0.21296622
-0.94308496
-0.37094977
0.7523959
0.19425635
-0.6216748
0.10349351
0.46000373
0.112497434
-0.6749905
-0.047512468
0.0049939915
-0.029216468
0.54265654
0.46412092
-0.17350835
0.43058673
0.523728
0.060604922
-0.092120275
-0.108314864
-0.11371128
0.3141634
-0.13276692
-0.8452908
0.7153936
0.2584187
-0.21694215
0.38921502
-0.2781695
0.60039747
0.34169474
-0.25718024
0.035026178
-0.46595562
0.5676685
0.9255487
-0.33424723
0.8849655
0.8015857
-0.53027916
-0.37843102
-0.221402
-0.0731132
-0.7588696
0.5363015
-0.06374635
0.38793525
-0.19553235
1.2928942
0.36310384
-0.79591644
-1.1695045
-0.259982
0.36278957
-0.36860168
-0.5561357
-0.20949173
-0.050485384
0.33074066
1.0422249
0.78164166
-0.29024237
-0.96714145
-0.6604975
-0.03123945
-0.3636514
0.92869216
-0.40718386
-0.07070609
-0.4299082
-0.5393328
1.1166158
0.35075748
-0.10881978
0.8650453
-0.17753339
0.82857525
-0.2219141
0.2763365
0.819416
0.7493291
-0.0058112964
0.10988763
0.4544237
0.17170294
0.7422647
-1.0115258
-0.14472075
0.59918404
-0.7019501
-0.15531266
-0.11124361
0.19626854
0.7955532
0.07199795
0.2698332
0.541257
-0.30703872
-0.5460415
0.8044754
0.011176903
0.1828162
-0.97706366
0.071810536
-0.042839896
-0.13933088
0.17930423
0.89975387
-0.33738503
0.4303797
-0.42134
-0.052098066
0.27527255
-0.14520031
-0.11211309
-0.008218423
0.2554324
-0.10621248
0.7263979
-0.9706509
-0.82254475
0.5421989
-0.066994466
-0.64860326
0.3150135
0.97058773
-0.7930522
0.07884728
0.0061363303
0.0061699916
0.9658568
0.42768994
0.3804515
-0.19798034
-0.5041821
0.015259088
0.8860458
-0.3771513
0.11548386
-0.05830194
0.080336906
-0.85260326
-0.9918561
-0.084567934
1.0382471
0.6158968
-0.74659806
0.006464522
0.6200777
-0.37833592
0.45735925
-0.3747886
0.7128067
-0.09462423
0.6139811
0.8496562
-0.3404316
0.57506067
0.85663325
0.32572344
0.8807966
-0.13673522
0.8247882
0.9242902
0.28601664
-0.5121103
-0.71414053
0.13743536
0.36775205
0.47558075
0.07864313
-0.103163354
0.604597
-0.5952052
-0.05252479
-0.09847262
0.12378277
-0.113047525
-0.5520345
0.064953834
-0.06286934
0.51253164
-0.6173021
0.7653939
0.33340314
0.6710253
1.0122443
0.21929033
0.19761632
0.21196146
0.07798017
-0.80763894
0.28589547
0.3435162
-0.20144354
0.16384935
0.042937204
0.60409427
-0.3391306
0.37947443
0.20906013
0.022091856
0.2746132
-0.43775108
0.36880833
0.4905104
0.72241896
-0.49235177
0.5134928
0.17020263
0.2955317
0.58857334
0.22499493
0.35594675
0.81953317
0.6512883
-0.16542761
-0.10335826
-0.6041504
0.24689339
0.08541578
-0.13531533
0.18905121
0.63851184
-0.63355136
0.6945514
-0.65054005
-0.36113852
-0.15882534
-0.3717892
0.2023125
1.0481116
0.86010456
-0.43696076
0.7687392
-0.36392236
0.80078566
0.18941465
0.65376014
-0.07618356
0.025533397
-0.4042712
-0.0060346923
-0.24757324
-0.41506273
-0.39808533
-0.105379306
0.018623134
-0.11136553
0.11645654
1.0527582
0.23799314
-0.40466365
-0.26890984
0.70963734
-0.5848519
0.088521734
-0.45769745
-0.12988941
-0.83206385
0.26068276
-0.51207423
-0.49152592
0.7709785
0.62627435
0.21823259
-1.1353713
0.97939765
0.038996734
0.55659604
-0.63759995
-0.25326002
-0.9489401
0.5964585
1.193583e-05
-0.1301229
-0.2903424
0.77962035
0.24929526
0.38677788
-0.42514464
-0.13136066
0.6703151
0.8493022
-0.17807494
0.37722406
0.62052464
1.0902103
-0.09615812
-0.3912006
-0.5232276
0.61130464
0.283248
0.709791
-0.034283686
0.8288593
-0.25080907
0.28227276
-0.59235215
0.5759495
0.054570872
-0.21810639
0.61916375
-0.32846898
-0.11395199
-0.17210276
-0.6698042
-0.28570884
-0.55373645
0.3114498
-0.8971381
0.90303075
0.32616162
0.19516222
0.22624014
0.36395222
0.16127522
1.0988998
0.0017304076
-0.44371197
-0.53296864
0.9116378
-0.38669282
1.0058908
-0.6775972
0.89179057
-0.11257123
1.2522318
-0.20651725
0.47405648
-0.06928153
0.27544066
1.2991652
0.09050549
0.8417708
0.32976165
0.029239768
-0.32034543
-0.42116803
0.09815462
0.06931355
0.16119924
-0.41581127
-0.05076015
-0.038547713
0.37565175
-0.37285203
0.5296784
-0.20606138
0.69145834
-0.33711734
0.06236035
0.07675578
-0.39614692
-0.20321397
0.13288175
0.2563793
-0.055097226
-0.67289984
0.4550679
-0.89920783
0.25018272
0.18711509
-0.6736858
-0.27278426
0.27094176
-0.87685305
0.9793929
0.7083293
0.5100612
0.1018441
0.6396365
-0.2670541
-0.28726125
0.6480611
0.09430666
-0.10076996
0.73604524
-0.12583154
-0.15941511
0.67814004
-0.43200198
0.6015558
0.026837869
-0.55653673
-0.19006528
0.5043377
-0.009494644
-0.3295927
-0.6618755
0.5648844
1.0654012
0.15288064
0.0064536333
0.3781964
-0.22045061
0.5814393
-0.8718037
-0.14101836
-0.099353544
-0.19876787
-0.14242227
0.023258794
-0.08681938
0.728369
-0.2914504
0.072827876
0.18141355
1.2136396
0.3693497
0.057588562
0.16712393
0.16096424
-0.17834638
-1.2070826
0.1541448
0.9481796
0.31286898
0.13846542
0.2016915
-0.42264923
0.41885212
0.92364395
1.0531284
0.24838993
0.26078978
0.049834054
0.40046856
-0.3042997
1.1566963
-0.30712765
-0.02078535
-0.16167584
0.08975171
0.8251132
0.61264426
0.37569118
0.09500421
0.97412384
-0.5461557
-0.7703508
0.18579406
0.46680546
-0.64232504
0.7488795
-0.111885026
-0.021643646
0.68243104
0.46692768
0.076708294
0.11984059
-0.29252312
0.093026966
0.062090732
-0.7958371
-0.41015008
0.1158975
-0.8001399
-1.2439412
0.12755248
0.7033292
0.27628317
0.053025045
0.27838883
0.09304165
-0.010245507
0.21167031
-0.11498927
-0.333454
0.21206729
0.8193356
0.030332407
0.14554387
0.044656847
-0.8207237
0.37956113
0.3162913
-0.1536434
0.4234979
-0.069106445
-0.3081864
-0.46928135
-1.2054721
0.60657436
0.20295475
0.30851167
-0.058661792
0.13262406
-0.49768186
0.57164586
-0.99014795
0.026277557
0.69969183
-0.24604572
0.7105246
-1.038673
-0.107770815
-0.06691801
-0.09987056
-0.11876854
0.19452736
-0.092369966
0.14864703
0.7564078
0.3928673
-0.040959857
-0.40640298
0.025046773
-0.21166965
0.505629
0.23601036
0.3543469
0.62190896
-0.47880483
0.28561652
0.36599612
0.3831897
-0.23669687
-0.78547055
0.7262546
0.5840153
0.5283
0.9166291
0.95142704
0.0746834
0.088240124
-0.078425534
-0.6195597
0.041685805
-0.08557235
0.20924783
-0.65388656
0.075371705
-0.085419595
0.048132807
0.30324325
-0.42724863
-0.81336564
0.04361328
0.8165786
-0.027170572
0.81372136
0.25827202
0.82796705
0.36729544
-0.3733629
0.008928419
0.37579587
0.2450917
0.040293533
1.2489375
0.002599598
-0.49589264
0.13706191
0.86396945
0.27698424
0.0947601
0.48854327
0.016639633
-0.13845691
0.2643569
0.13615024
0.16773771
0.84846735
-0.8596118
0.19896816
0.5538658
-0.0999121
0.47420824
0.42016438
0.8137418
-0.5765425
-0.13298969
0.5150363
-0.25847962
0.12721403
0.40181252
0.18785204
0.11046799
0.47647142
-0.97811425
-0.28726926
0.18250373
0.16331221
0.14623642
0.23419566
-0.22755048
0.049768027
0.54867554
0.31347635
-0.4930392
-0.04476752
0.9290525
-0.32352588
0.77198696
-0.18556148
0.018440418
1.2933202
0.3763127
0.49925014
-0.8256142
1.2141954
-0.7980596
1.5471877
0.39579934
-0.5232177
-0.5367867
0.21419454
1.1108782
0.4990706
-0.72980183
0.022960009
0.081378825
0.851516
-0.059566293
-0.534448
-0.051619407
-0.28909302
-0.18390524
-0.25070468
0.26340964
0.29204944
-0.2736504
0.12270062
0.28256083
0.30993265
0.21101965
0.8397316
0.062256455
0.9022901
-0.077829935
-0.16793273
-0.28359064
1.1908145
0.105098255
1.247714
0.26220727
-0.6240407
0.14473403
-0.44212437
-0.42795986
0.7615126
0.7253801
0.05335265
1.0891942
0.3045379
0.136005
0.7340964
0.4049588
0.75651014
0.8508851
0.19637027
0.07836682
0.36110216
0.084966235
0.46300173
-0.02535945
-0.12721829
-0.358027
-0.13228123
0.6355583
0.64099073
0.41350934
0.7959561
0.40591177
-0.27594686
-0.07568821
-0.16919874
-0.47401083
-1.2019768
0.24744247
-0.28014603
0.5901269
-0.5225803
-0.5777941
1.021492
0.78982997
-0.11432646
0.09849722
0.11425703
0.6246429
0.14669977
0.07326143
-0.25214583
-0.18449077
0.48864436
-0.31665644
0.95268047
0.92084897
0.6372508
-0.327414
0.06902397
0.4316483
0.29596812
0.14857742
0.8991642
-0.21899678
-0.11266421
-0.35309497
-0.01886045
0.37786716
0.2682802
1.174382
-0.00022697449
-0.4274974
0.045749806
-0.101028085
0.003426751
-0.24263948
0.013151488
-0.02253206
-0.4090098
0.64275116
0.16859394
0.056023706
0.268643
-0.18789576
0.45005977
-0.1370459
-0.6057707
0.750993
-0.33129779
0.02624285
0.038826216
0.04997174
0.6743515
-0.41633183
-0.5221951
0.12566978
-0.52697957
-0.061634053
1.361939
-0.1289352
0.06804882
-0.057498377
0.433125
-0.68539536
0.16557138
0.052507915
0.6348907
-0.8852938
0.5387801
0.5830352
-1.1287547
-0.5095499
-0.050644152
0.1745567
0.20260991
0.11486204
-0.027442163
0.02494319
-0.83295214
0.40096068
0.026185213
-0.22421098
0.4343781
0.47658497
0.6835982
-0.30810294
0.026297463
-0.7580071
-0.19099101
-0.041703537
-0.6161367
0.04006502
0.029661667
0.038517594
1.2558181
0.5767572
0.05736138
0.19183022
-0.1678347
-0.31689048
0.8476837
0.0015146941
0.2577133
0.22220153
-0.2851246
0.9330997
-0.161684
0.18835312
0.97355735
-0.48775563
0.57912254
-0.7530292
-0.26274925
1.0972502
-0.22788127
-0.38488176
0.1882892
0.5417912
0.122827984
-0.022891028
-0.43230763
0.036783595
0.811315
-0.067386836
-0.8440104
0.58866704
0.48790526
0.28416854
0.6032799
-0.45896822
0.13541916
0.98213816
-0.603178
0.75739676
0.34218642
0.48805183
0.5830421
0.33323613
0.15363903
-0.17082189
0.089063674
-1.017225
0.32141724
0.607188
-0.53229254
0.5170287
1.0042788
0.07114164
-0.23363562
-0.07386298
0.28790984
0.89217913
0.72885495
0.6377282
0.06282396
0.07980902
1.0575793
-0.025825832
0.61879086
0.15022346
0.30674043
0.031408012
0.1763511
0.18730167
0.05789706
0.95990014
0.1414644
0.4649536
0.32804504
-0.14769956
-0.089650825
0.20344868
0.19500656
0.24104142
0.365556
0.5827217
0.8314829
0.027387185
0.4644905
-0.07413428
0.67897004
-0.14513694
-0.6628302
-0.60087514
0.4690231
0.6827898
0.796049
-0.5049024
0.70981425
0.21420594
-0.43689904
0.17085406
-0.44812423
-0.29991317
0.30345756
0.09414927
-0.3770475
-0.27445602
-0.0077780886
0.331804
0.32261312
-0.08006089
-0.11433722
-0.5210161
1.2206814
0.011526877
0.07662753
0.7623236
0.23582207
-0.30258
-0.51294845
-0.31574592
0.97475666
1.1488701
-0.87402564
0.4175234
0.026752355
0.2935461
-0.07325984
1.0535171
-0.5838401
0.03928857
0.20839563
0.2437665
0.15432112
0.39729542
-0.37155572
0.058993243
-0.6243695
-0.6219199
0.6181867
-0.15667708
0.89983857
0.22819576
1.1048807
0.103115976
0.12907335
0.10481567
0.46396518
0.030430775
0.37111056
0.5373998
0.521618
0.5836115
-0.55780524
0.81069297
-0.51305586
0.53673756
-0.42182198
-0.051063336
1.2327554
0.8693717
0.017680984
0.68639946
0.97757053
-0.0339419
0.42438626
-0.35773918
-0.34634858
-0.04491706
-0.01819721
-0.41589108
-0.49469656
0.5115015
0.07169576
0.012029108
0.25145626
0.56726253
0.75278056
0.75386
-0.034894377
0.053059854
-0.0063816984
-0.87392724
0.46186033
-0.52345926
-0.54286516
0.25582868
-0.39271677
-0.5214552
0.024301162
-0.18114634
-0.004799288
-0.18180816
0.19171114
-0.4919288
-0.50883454
0.29961452
0.51139843
0.029861605
-0.16164705
-0.7073764
-0.04036775
0.9884402
-1.0497091
-0.117221594
1.4392481
0.6883637
0.09829743
0.36073017
0.09361619
0.83897626
-0.6374514
-0.8477206
0.8110561
0.69635105
0.37500823
0.59713906
-0.5829813
0.8464458
0.69945526
1.1453326
-0.21011779
0.77177465
0.83538544
0.3184435
-0.4217352
0.20919846
-0.4523192
0.94206196
-0.06121248
0.011889853
0.60252315
0.6065472
0.0846451
0.80587363
-0.711758
-0.43338928
-0.8328297
0.7401771
0.02625124
0.85026467
-0.17539576
0.6219544
-0.54548025
-0.51324356
-0.10912715
-0.28196016
0.15779883
-0.088643275
0.13447744
-0.5182142
-0.24943241
0.04794649
0.7908469
-0.7057635
0.1405223
0.5011368
-0.5788131
0.05761511
-0.17418048
-0.29333565
1.2062724
0.35235372
-0.47497243
0.38538274
1.0228181
0.11021313
0.7162732
0.6413444
-0.039795756
-0.7525925
-0.092957444
-0.731466
0.16715236
0.402048
0.6119177
-0.2130228
-0.21753226
-0.31720066
-0.33711532
-0.07748975
0.36211577
-0.83642894
0.13477282
0.049295112
-0.1736628
1.1465232
0.34881583
0.4194997
-0.0084857475
0.24552304
0.42186856
0.44733638
-0.28382716
0.3530544
-0.10312751
-0.07209673
0.23850805
-0.30349797
0.10526725
-0.7636968
-0.07997726
-0.41555363
0.25163394
-0.488338
1.2048122
-0.037919734
-0.68834925
0.5850698
-0.39924836
0.40032795
-0.1949491
0.02065899
1.3231754
1.0368218
0.32791823
-0.6625062
0.046488505
0.27930748
-0.81882536
1.3990299
0.09752503
0.61693317
0.23195866
-0.1300014
0.5881938
0.05603753
0.23258424
-0.3727092
0.76726043
-0.47865438
0.66989577
-0.3408413
0.5909749
0.20394626
0.5285843
0.7736606
0.8576891
-0.31564665
-0.114531785
-0.15147528
1.0534177
0.8607973
0.49715844
0.32137027
0.2866678
0.099826545
0.10893463
-0.3357163
0.5332358
0.05950965
0.24178226
0.2311688
0.79099035
-0.04824038
0.02192607
0.40294784
0.94642544
-1.0891436
0.8923266
-0.6214411
-0.25186726
0.10179486
-0.16333899
-0.3750589
0.9609137
0.5870787
-0.2286418
0.48029625
-0.124863565
0.041035574
0.007922158
0.37428856
-0.07828293
-0.4540815
0.40586033
-0.7547113
0.16368607
0.10256801
-0.20829657
-0.31232113
0.0825176
1.2097224
0.008218165
0.96261907
0.0064177634
0.09297381
0.9821594
0.098246194
-0.5052333
0.86132854
-0.61761075
0.31917408
0.34957835
-0.7153396
0.0032442776
0.08149785
0.6155316
1.1965661
0.26908547
-0.3171965
-0.45398018
-0.5162098
-0.78707093
0.43440974
-0.2986102
-0.07418928
-0.23186155
0.13494208
-0.0035792515
0.3523272
0.3088942
0.036538184
-0.039177366
0.5393851
-0.024696004
-0.23807053
-0.7547965
-0.64506084
-0.28536162
0.73643553
-0.18962596
0.31679496
0.12950587
0.11706456
-0.6973488
-0.17733975
0.05814039
0.23957826
-0.068409406
1.1181855
-0.25358176
0.06010925
0.45460486
0.026584746
0.46230024
0.5892016
-0.092378594
0.20506594
-0.40340295
-0.78831095
0.4167161
0.070369005
-0.30783516
0.016739657
0.7459255
-0.16465156
-0.18294819
0.33585685
-0.62602675
-0.12685782
0.1298784
0.80283505
-0.8849567
0.23163347
0.0005372464
0.68533605
0.019918745
0.113006
-0.08710828
-0.087171815
0.53141296
1.0711076
-0.7346072
0.33117482
0.8872261
0.39538032
0.70383215
0.720077
0.2403401
-0.9520667
0.053067733
0.3887656
0.20474988
-0.9178836
-0.13233587
-0.4934415
-0.28443485
-0.19625962
0.20666547
0.6186961
0.547348
0.12254465
0.22984254
-0.25903225
0.59770536
0.5362035
-0.30005732
-0.6488371
0.10043815
-0.52324265
0.18566902
0.19030224
0.7330102
-0.3917456
-0.32831472
0.32799348
-0.2642231
-0.07974259
-0.57843685
0.5906956
0.25790575
-0.1903501
-0.04891667
0.56491894
-0.30249992
-0.17134908
1.2041156
1.0400181
0.4609192
0.8863799
0.21195485
0.65891004
0.21812195
-0.19658832
1.3311627
0.4004215
-0.29436126
1.0562495
0.74384946
-0.8166768
1.2876719
0.43329865
0.5232001
0.85100895
0.0047997762
0.11192818
-0.33375406
-0.25907773
0.113062195
0.093401246
0.74862695
0.15375285
0.05489894
-0.96948516
-0.6649881
0.044078454
0.89768225
-0.2710097
0.46627265
-0.0628325
0.20918487
0.9015459
-0.5212674
0.017386053
0.51366574
-0.24418204
0.39931023
-0.7901634
0.32218507
-0.16394922
1.0513096
0.0145572005
-0.6967077
0.3874981
0.09902472
-0.401847
-0.34904006
0.2548969
0.58664215
0.33638516
0.15367262
-0.035584196
0.39388913
-0.55982697
0.004691304
0.38709313
0.08464107
0.11016942
0.8171885
0.040016167
-0.11145766
-0.6796418
-0.5668723
0.88906467
-0.7262085
-1.0024102
0.07195685
-0.2569501
-0.97735715
-0.56606936
-0.4916671
0.23703071
0.31309807
0.4431238
0.6508414
0.812544
0.4686178
-0.49584556
0.75230336
0.105572864
0.2745948
1.1933523
-0.03833458
0.4236665
0.16844569
-0.42405942
-0.332705
-0.22924528
-0.10122973
-0.41099703
-0.9962517
0.69220185
0.99116004
0.5264698
0.09970454
-0.21257576
-0.63969386
0.1142968
0.6353666
-0.1527776
0.19377148
0.08680994
0.506124
0.77362823
-0.077175215
0.5887638
0.7038695
0.26187545
1.1017209
-0.33591115
-0.22236256
0.01637513
-0.09013551
0.8570332
0.45902625
-0.33641323
-0.7151702
0.37779647
-0.50189114
0.18403128
0.93320715
0.28752494
-0.44384837
-0.9170153
-0.41281298
0.2631784
0.24017091
0.03767548
0.67671
-0.2003158
0.6323609
0.2134408
-0.06723612
-0.7567859
-0.3563153
0.03744341
0.40287304
-0.42839402
0.17382878
0.31841454
-0.20688315
0.033384938
0.07082128
0.4756825
-0.0113087585
0.11126165
0.05329097
0.18502864
-0.3035602
1.1330351
-0.3199355
-0.14918968
0.18364114
-0.14247496
-0.035048943
0.76627636
0.976691
0.22763982
0.39166725
0.5439297
0.78000385
0.8031521
0.7517869
0.5367627
0.6161213
-0.3222056
0.4037599
0.17679761
-0.40212628
0.5599367
0.021851793
-0.48335302
-0.5758047
0.083630316
-0.40621278
-0.9317185
0.16223721
-0.03823376
0.25324014
0.117947996
0.47312194
-0.05739024
0.12224275
0.7480081
0.4751427
-0.42838547
-0.26236403
0.13187493
-0.27911723
0.15660526
0.30565798
0.29629987
-0.26399204
-0.06684991
-0.19699277
-0.8465174
-0.4689054
-0.75984985
0.09692121
1.1227694
0.14851536
0.06913269
-0.10267866
0.3323621
-0.63862336
-0.29934505
-0.00032366533
-0.2811162
0.6041074
-0.11620293
-0.15604135
-0.24688026
0.77121
1.0625464
0.01597069
0.15317386
0.195698
0.39909545
-0.43157607
0.5673031
0.11750412
-0.45432168
-0.5841842
-0.3946609
0.4503016
-0.5782731
-1.0237625
-0.012518211
-0.23559608
-0.01845878
-0.0055768155
0.034428123
0.8955512
1.0197144
0.5289386
-0.27508056
0.51789033
0.17794695
0.049450926
0.056734312
-0.15469229
-0.40201518
1.113711
0.0059350454
0.3036595
-1.0715307
1.0478193
0.731881
0.20145264
0.46067727
0.469876
0.35756615
0.23097835
0.043254547
-0.21331622
0.29908213
0.24779204
0.73889476
-0.29823396
0.016565796
-0.21848418
0.36291295
0.3878842
-0.539981
1.2018486
-0.23689318
0.032350052
-0.028429888
0.11241757
-0.5966138
0.065118216
-0.24603692
0.46905828
0.10955586
1.1560552
-0.012511013
-0.3537549
-0.19732746
-0.79040456
0.2812137
0.014766626
0.8650158
0.6680596
0.323776
-0.18538968
0.16118558
-0.44501185
0.3232111
-0.8484193
-0.9153191
-1.1967572
0.14280695
0.6573267
0.024952913
-0.074538715
0.81180036
0.2777959
0.46931082
0.15709834
0.24462733
0.048350267
0.31352833
0.22529013
0.9460707
0.55966485
0.81046546
-0.27649575
0.019740576
0.4380673
0.1807347
0.30930042
0.6435872
-0.3069901
1.1055403
-0.19978866
-0.11893919
0.61590815
-0.26025587
0.60511684
0.39785323
0.12695196
-0.5880186
-0.1520659
1.0207279
-0.7165557
0.6317313
-0.24282409
0.802221
-0.18246892
0.2734475
0.016955197
0.059082385
0.8629673
0.5189625
0.16457325
0.07052901
0.057446945
-0.00035167113
-0.00051519764
-0.30485862
0.69053924
0.563099
0.05574298
0.47973466
-0.4241005
-0.9723202
-1.1862581
-0.027166052
-0.98079574
-0.007523694
-0.80264217
0.49527407
0.8305014
-0.85565114
-0.5443411
1.082398
0.50245416
0.29200786
-0.54448193
-0.16809812
-0.30294856
0.58408594
-0.28614256
0.43671814
-0.13963236
-0.43937907
0.52025294
0.30678907
-0.043487426
-0.070229255
0.76942796
0.14252621
0.4257559
0.4204208
0.82660717
-0.8771528
-0.05736833
0.8035234
-0.0048691207
0.004668619
-0.19880708
0.65852773
-0.06922614
-0.1787264
-0.277603
0.8281914
-0.33573726
0.57591933
0.24731046
-0.074633
0.31592318
0.33374763
0.6716333
0.24006961
0.56656855
0.6381317
0.0059980983
-0.053784788
-0.21794768
0.48600256
-0.807019
0.12575567
0.033951927
0.083650276
0.4351496
0.6061713
0.5191778
-0.5044868
0.39271745
0.6859008
-0.8780085
0.62744784
0.3666222
-0.38981104
0.22138242
0.005494748
0.28902486
0.4735703
-0.23379253
-0.5335713
0.06038812
-0.4601751
-0.14138055
-0.8907353
0.13259423
0.66395223
0.3104303
0.3558221
-0.61734927
-0.006386651
0.063729204
-0.47160095
0.46526337
0.039288957
0.031629473
-0.5578101
0.27041396
0.4843534
0.5880552
-0.33791837
0.048824396
-0.42942587
-0.74288684
0.7150792
0.9647552
0.014603795
-0.5103926
0.16002691
-0.20701471
0.026999015
0.16244002
0.98038954
-0.3854902
0.8321086
0.044599492
0.026911505
0.26891407
0.86560446
-0.2375376
0.319071
0.15588114
0.7606921
-0.6437238
-0.72729725
0.3305291
0.44875067
0.11535891
-0.2674678
0.096715614
-0.1848531
0.3124751
0.2398431
-0.4136049
0.3497657
-0.15952715
0.99454147
0.09443246
-0.46729037
0.29167908
0.21477984
0.46077335
-0.19670662
0.067378335
-0.3605809
-0.5892535
0.20497808
0.04002948
-0.1828167
0.063236535
-0.76864266
0.057418384
1.0222954
-0.40615442
0.010383314
0.005221939
0.41163558
-0.67477304
-0.71611875
0.5948437
0.33352685
0.07005743
-0.90257275
0.53236866
-0.5956814
0.5223533
0.75447434
0.3320182
-0.4679401
-0.12813269
0.15679358
-0.59955496
-0.087466866
1.2660406
-0.117434196
0.20219335
0.85413194
0.034710985
0.4104556
0.15336981
0.10663942
-0.17266434
-0.08519949
0.0044836914
-0.076911196
-0.33761707
0.045927282
0.13119757
0.24620146
0.21774866
0.6596544
-0.43163985
0.57899153
0.60511005
-0.705238
-0.46847737
0.60338247
1.3454826
0.65829796
-0.13624276
0.013700766
-0.0055606975
0.044926878
-0.2132529
0.10827162
-0.9987259
0.838113
-0.25155535
1.0198928
-0.3342768
0.9014629
-0.07900378
-0.053642835
0.3460452
0.45816758
0.7533875
-0.6758657
0.48211977
0.28093612
0.6948249
-0.7320604
0.59159154
-0.65183604
-0.41381383
-0.5144548
-0.41908318
0.05673297
0.8448516
0.14441857
-0.0053735715
0.67712945
-0.18260132
0.7487299
0.82341945
0.013130144
-0.053914264
0.4785285
0.16276273
-0.2301933
-0.85490346
-0.60389334
0.37039825
-0.28030032
1.1086187
0.948712
0.630797
-0.09287436
-0.6698983
-0.23944715
-0.6806205
-0.48469377
0.5545087
-0.009248138
-0.07263141
0.6824704
-0.7808902
0.3729636
-0.058563977
1.2287832
-0.06362535
0.00075985485
0.0687093
-0.22899945
0.33538464
-0.44049752
0.2362458
-0.15044741
0.37306902
0.23530845
-0.6835961
-0.14475995
-0.70637125
-0.43924183
-0.26324308
-0.44539672
-0.86279285
0.9301221
0.6368381
0.6948406
0.6518767
0.6942492
-0.44052356
-0.51658064
-0.38243458
0.4349995
0.71358263
0.72994703
0.5602599
-0.024855316
0.20148186
-0.056071367
-0.26218042
0.4413751
0.12392005
0.7031598
-0.43200085
-0.4093893
0.07577061
0.6369515
0.52376795
0.28805384
-0.11118969
-0.1778811
0.60709983
0.54892516
0.0683013
0.043734733
-0.020621981
0.40227252
1.0005283
1.148531
0.8903206
0.04716958
0.38303033
-0.3680679
0.042840533
0.025464918
-0.1322217
0.8052728
0.00042664583
0.67544454
-0.010909119
0.023082616
1.1894867
-0.57728
-0.107080415
0.67702305
0.013225008
-0.18124083
0.5971134
0.03694836
0.0068524196
0.9390686
-0.5224068
0.45409232
0.42817804
-0.15286832
0.26149982
0.1960234
-0.0862582
0.35980108
-0.5486721
-0.3477119
0.41895425
0.5794317
-0.87984097
-0.7999799
-0.7638442
-0.07300879
-0.07500632
0.6555708
0.21244009
-0.060268536
0.22614667
0.74596965
0.011062802
-0.18034132
0.670469
0.023352092
-0.2962026
-0.17261226
0.19664541
0.009750338
0.4768514
-0.9069592
0.11289711
-1.0529388
-0.31664768
-0.35707897
-0.64345384
-0.41434523
0.067726634
1.1765997
-0.34535217
-0.6052326
0.29575124
0.82773596
-0.0035008513
0.050019532
0.4480996
1.0724671
0.14931607
0.676415
0.61496776
0.34391618
-0.7800793
-0.10736361
-0.7515903
0.51959956
-0.41996288
0.40434068
0.36076552
0.30234024
0.21672417
1.2469662
-0.17573948
1.3832163
0.893079
-0.2080715
-0.03816878
1.1313386
-0.33727038
-0.61718494
-0.04020166
0.19515227
0.45120758
-0.49079734
0.19357719
0.36278662
0.7017263
0.15620707
0.5884158
-0.44760585
0.66328216
0.5051527
0.7315446
1.3694087
-0.23131558
-0.22935984
0.06656665
-0.7058937
-0.5930808
0.99948263
-0.28351697
0.016499534
0.18363963
0.8084192
-0.60301125
-0.11916386
-0.06061907
-0.05485984
0.046948005
0.16081119
-0.95124304
0.9296506
-0.16363208
0.23987682
0.041022703
0.004109313
-0.011397262
0.97454727
-0.55769813
-0.14146784
1.3683481
-0.72789484
0.8968654
-0.25736904
0.57715046
0.8275032
-0.4911427
-0.03299784
-0.7606603
-0.6424178
-0.36763772
-0.2216774
0.44152814
0.03575869
0.25914213
-0.43330312
0.124232925
0.0493655
0.3578592
0.8598319
0.28560284
0.16491908
0.37461567
-0.063171506
0.33867735
1.0658896
-0.12384724
0.17490323
-0.06700311
0.40363035
-0.1683465
0.18346079
0.8083124
0.2953909
0.6872864
-0.49873024
0.36581734
-0.0037969633
-0.033304065
0.37965652
0.19564444
0.84283626
-0.017340483
-0.102991834
-0.0038945451
-0.17680202
0.9771005
-0.40386274
0.064845905
0.56460065
0.7913063
-0.046081632
0.37443662
0.33275887
-0.8026544
-0.31487575
0.4806568
0.12558284
-0.0011044776
0.3212015
0.66365737
-0.63157827
1.2171665
0.1949319
0.002003062
0.0017644531
-0.5185863
-0.04358436
0.5142555
-0.3519812
0.031436473
-0.27968854
0.46131176
-0.34706637
0.5719098
0.028369905
0.5035384
-0.3157487
-0.42038372
-0.26164302
0.10117696
-0.19360037
-0.57253706
-0.17783797
1.3317317
0.33767706
0.41597244
-0.3761467
-0.24217322
-0.49547535
0.9015157
0.95925176
-0.17184155
-0.09234747
0.72539246
-0.5282127
-0.35859513
-0.025010569
0.309262
-0.32022363
1.1315343
0.7886963
0.6374065
0.49501052
0.14740732
0.41023317
0.27217925
0.12551212
0.7054758
-0.25374618
0.20244627
-1.2769811
-0.003698195
-0.2034639
0.804019
-0.0071716714
0.05100802
-0.09839152
-0.07973504
0.059894208
0.06911825
0.31860694
0.14301917
0.5977336
-0.76983714
0.26202324
-0.5197447
-0.3093216
0.16325006
0.20814717
-0.45634842
-0.037670344
0.81934834
0.12886994
0.48128894
-0.81802684
0.20652877
-0.04351329
0.16151068
-0.23854968
0.9301848
-0.7320282
0.119608015
-0.6558548
0.9198253
0.0075340224
0.7289624
0.5832181
0.14418785
-0.2339864
-0.7267602
0.67646337
0.16243623
-0.279688
-0.11509424
0.5482925
-0.4021662
0.17449786
0.35204935
0.88773596
0.53458124
0.6604568
-0.31440085
-0.5307653
0.3918242
0.4554379
-0.25590444
0.13453768
-0.08375213
0.5569595
0.808272
0.4317801
0.7435781
-0.1411038
0.7491954
-0.50643694
0.6250305
0.043144647
0.49695393
-0.059324555
-0.18775286
1.068754
0.01180336
-0.18144652
-0.3608843
-0.23529746
-0.035323106
1.0357677
-0.7755573
0.07241137
-0.2828188
0.77962786
-0.25848004
1.0693856
0.03845266
0.6718129
0.13752475
-0.6451554
0.43401188
0.6732343
0.0058339317
-0.61965275
0.3661449
0.29755825
0.059902176
0.3473762
-0.5077839
-0.6542926
0.16716295
-0.21785685
1.2494818
-0.2713485
0.12360845
-0.064775266
0.017163578
1.1593835
0.33938614
-0.23658481
0.48408645
0.70143235
0.30923268
-0.37839046
0.8723278
0.7563096
0.8255366
-0.30055904
-0.6942591
-0.35511667
-0.78733593
0.5884142
0.6975224
0.6103772
-0.06431117
1.2648259
-0.0146955475
0.55220836
0.65051603
-0.6896338
0.21139845
0.0042645875
-0.40928087
0.118667364
-0.37982202
-0.33599135
-0.29175866
-0.5855495
-0.13337599
1.0144515
-0.13855554
0.6268326
0.38270277
0.2582594
-0.4779603
0.008277038
-0.6807195
0.19376297
0.25334957
-0.20666721
-0.29621816
0.08143609
0.41585582
0.2118448
-0.39786446
1.0040038
0.017331984
0.92059445
0.029541137
-0.10729236
-0.45024225
-0.66727287
-0.07668838
-0.5675113
0.8062924
0.20767772
-0.7162428
-0.033252347
0.20807779
0.7304994
-0.17485528
-0.61564857
-0.5123592
0.4233717
0.16284715
0.74282724
0.49116623
-0.45242995
0.11957285
-0.36167967
0.046302237
-0.007978967
0.5544904
0.8331661
0.35138792
0.72719496
0.5931881
1.0030414
-0.18633898
-0.4595275
0.77730465
-0.8525758
0.8762966
0.29676288
-0.52623475
-0.047014136
-0.070352554
0.15072782
0.47446793
0.1360843
1.0016594
0.15798587
0.069915816
0.37531555
-0.72843826
-0.2669269
-0.5243578
0.3909027
0.19959104
0.2759658
0.20353045
0.56251043
1.0538069
-0.71198505
0.11462452
-1.0126531
1.062827
0.6957326
0.28286758
0.4929567
0.22470067
0.38874814
0.49407238
-0.8205292
0.41158044
0.015217035
0.19464955
-0.01969063
-0.066869676
-0.26658407
0.02435697
-0.81640553
-0.37314034
0.49260473
0.82152104
-0.40949658
0.08666729
-0.3212711
1.2381759
0.0058118445
0.5384782
-0.65183866
-0.17073865
-0.070588626
-0.3317998
-0.51726496
-0.96742713
0.013195847
0.34758642
0.16022578
1.0676678
0.05898661
0.022930847
-0.016805466
0.60684973
0.5238441
0.7498893
-0.06382475
0.07817466
0.81382006
-0.15465492
1.0371335
-0.4331636
0.34822658
0.078828625
0.54714507
-0.32484597
0.4446465
0.6493984
-0.2923501
0.13752124
0.15190837
0.22688149
-0.5507647
-0.41934505
0.6422393
0.286322
0.02844488
-0.101715595
0.8935264
-0.53398156
-0.52586037
0.46987355
-0.09654378
0.6600586
0.052846123
0.48529023
0.7040573
0.8486165
0.26493394
0.13353771
0.15042457
-0.07906695
0.48776323
0.48392728
0.61717796
0.32286575
0.6591897
-0.06705313
0.06979473
-0.061186362
0.38287583
0.33331737
0.5682067
0.5771117
-0.0045884387
0.3422758
-0.50186056
-0.9372413
0.1876138
0.037843693
-0.6948349
0.25194114
0.48733854
-0.0017649945
0.29889423
1.2199695
-0.5218702
0.18610658
-0.29190356
0.806329
0.007276074
-0.40511507
-0.5125413
-0.32981536
-0.34638906
-0.27874738
0.63592815
0.25675476
0.32109493
-0.12261492
-0.054877628
0.55542666
1.3315722
-0.28230035
0.34251797
0.13638568
0.19379738
0.079479225
0.73154354
0.7355255
-0.42130262
0.005007254
0.76723874
-0.33462608
0.12150922
0.12180901
-0.1401183
0.7600738
-0.76390195
0.91809785
-0.18001743
0.15804426
-0.8072733
-0.051138557
-0.09059382
-0.30105788
0.47190303
-0.4975257
1.3174919
-0.30431026
1.151273
-0.3771877
0.36764556
-0.61049855
-0.001186434
0.27047998
0.036801465
-0.065556854
0.34860831
-0.0788725
-0.27677065
0.20970567
-0.13165422
-0.10010811
-0.023361536
-0.80204785
-0.08822938
0.80388784
-0.31816635
0.9636872
-0.36486688
0.33209494
0.2815391
0.21811184
0.45674145
0.15152372
0.25352457
-0.38154826
0.9529259
0.44796634
-0.23646563
0.79462016
0.7268182
0.013668529
0.55535567
-0.03395719
0.8923861
-0.22709192
-0.040848516
-0.7451396
1.0474875
0.21708554
-0.31372824
-0.7253842
0.7087446
-0.045666214
-0.032718617
-0.9741436
0.4259466
0.72895926
1.3800914
-0.16025978
-0.48047513
0.265788
0.42057186
-0.06532424
-0.0151512595
0.2537084
-0.3360954
0.33361706
0.4809018
0.8301128
0.24066304
-0.2957057
-0.4315301
-0.21283548
0.68221414
0.20585819
-0.37728125
0.115188286
-0.30016473
-0.5039304
-0.54975873
-0.094842166
0.5867307
-0.10010414
0.29719386
-0.17194039
-0.48304206
0.06812062
0.5660925
0.39111614
-0.37362474
0.3643288
0.05199638
0.040954664
0.296837
-0.117135845
0.27424255
0.20909192
-0.801461
0.59719133
-0.3014059
-0.34929302
1.0152544
0.9737652
0.8825205
-0.77922696
-0.16540243
0.09874153
0.034937263
-0.1557092
0.9136205
-0.054485872
0.39265215
-0.06719483
-0.553438
0.11935966
0.9702519
-0.28256682
-0.0071070828
-0.7898075
-0.048631303
0.4487784
-0.104748
-0.28986487
0.012744255
-0.6072917
0.7301251
0.18202205
-0.34777826
0.095023476
0.60296524
0.1085423
0.7061974
0.009425263
0.3741463
0.27782625
-0.8177891
0.9432154
-0.009775014
0.64790714
-0.4092507
0.23154625
0.016451452
0.052813616
0.124345385
0.9468547
-0.13480248
1.3564792
-0.52266705
0.9990449
0.055891667
0.2484863
-0.66452837
0.3993204
0.23394561
0.7664333
-0.7247985
-0.45386338
-0.009107757
0.008561605
0.16743377
0.2855562
-0.018294176
0.43301684
-0.2352441
1.2039716
0.20049794
-0.41823342
-0.6549202
0.20067875
0.868415
-1.1300492
0.5180805
0.70149094
-0.14099108
-0.4299688
0.949932
0.15173477
0.44608545
0.014252327
0.045545775
-0.05984714
-0.75708246
0.08916241
0.57875943
-0.16054983
0.26223168
-0.25868797
-0.6738402
0.63610744
-0.71930844
0.10098565
0.25209555
0.09167943
0.25565255
0.1381224
1.2136983
0.53586
-0.26981995
0.45324963
0.9090564
-0.21893658
0.051407114
0.80082655
0.18790238
0.32052648
-0.4809734
0.17603506
-0.037206065
0.21766813
-0.25470504
0.027616024
-0.113534786
-0.08801348
0.07634089
-0.057532415
0.119907826
-0.19843078
-0.0883035
-0.09055822
0.865679
0.59043825
0.081032336
0.62416416
-0.050073046
-0.44597507
0.52394164
-0.31301385
-0.113296725
0.747785
0.027892984
-0.09181267
0.17599763
0.32674447
0.13213415
1.1238581
-0.44195282
0.49499232
0.296162
-0.13908924
0.0030804335
-0.70472467
-0.76540345
-0.42935967
0.6976661
0.9302843
-0.6421775
0.16881037
0.3059745
0.47913095
0.14441481
-0.110766426
-0.19399057
0.091166586
-0.20599616
-0.0011827319
-0.7551211
0.5767538
-0.5827638
0.5834783
-0.12142513
1.0491923
0.5845468
0.35469446
0.14893997
-0.04657731
0.0069548525
1.0070491
-0.6422406
-0.28332984
0.3082626
0.153529
-0.21781114
0.5641094
0.1957928
1.5507748
-0.39448473
1.175568
0.6407274
-1.0490149
0.933533
-0.08265072
0.29804423
0.503798
-0.68391174
-0.48501116
0.02638584
-0.060775775
0.5860009
-0.077739015
0.04030125
0.018234165
0.0794668
0.058231216
0.08621387
1.0197768
0.75150174
0.3376931
-1.0683541
-0.20680605
-0.84644854
-0.9189583
0.20644654
0.13879138
0.12398183
0.4449497
0.42985952
-0.7102384
-0.49583387
-0.29923996
1.3451861
-0.17606765
0.539199
0.89062226
-0.00036957135
-0.28219235
0.48268288
-0.09514294
0.08802453
0.2913752
0.2992791
0.17513336
1.1506295
-0.06743614
0.66921854
0.29586378
-0.1403549
0.26835373
0.14178298
-0.22275387
-0.34728873
0.647773
-0.21696039
0.27344552
0.50282526
-0.041165356
0.14153647
1.1173812
-0.052364297
0.18322966
0.9737211
0.57228714
-0.06632617
0.040104926
-0.16161072
-0.19254655
-0.04633699
0.7159138
-0.39364958
0.90007925
0.058319047
0.54707015
-0.120425105
0.20233604
-0.010109186
0.27615345
-0.5899781
0.2303053
0.79134786
0.16107209
0.04549439
0.20717461
0.023760421
0.8691405
0.14700678
0.43646058
0.4969993
0.7479954
0.10803203
-0.31037
0.05428505
0.34105784
0.8714522
1.0132791
-0.14232025
0.51030207
-0.12171093
0.5365921
0.8085938
0.30903554
-1.0187045
0.6463532
0.97925353
0.5557666
0.9102296
-0.5448351
-0.18153387
0.22876897
0.26340994
0.32225043
0.38905072
-0.5904062
-0.009457959
-0.30042717
-0.0043886383
0.48537943
-0.5189102
-0.024961993
-0.08151926
0.26803985
-0.83319664
0.4419186
-0.005557985
0.23530273
0.14356247
0.30015567
0.38014293
0.12568519
-0.028657705
-0.060107086
-0.20583504
0.5637287
0.037351828
0.38530344
-0.106605016
-1.4451933
-0.619029
-0.24821824
0.11256319
0.07453945
0.3589246
-0.07185334
-0.2594528
1.030793
0.026144402
-0.02317996
-0.6062629
-0.24121721
-0.20870163
0.6430027
0.42617053
0.257031
-0.7968354
0.08288933
-0.1958781
0.0030864645
-0.34693894
-0.24842392
-0.11809136
1.2048228
0.0869318
0.15815695
0.26562774
-0.34915838
0.7046393
-0.16650784
0.7899875
-0.31778756
0.25303346
1.2014902
-0.8527896
0.024377715
-0.016087612
-0.33424047
-0.41322717
0.1064384
0.5263544
0.7937791
0.6847327
0.3499253
0.10015239
1.1894298
0.75151545
0.8817239
-0.20619561
-0.007737401
0.52779937
-0.3968794
-0.08883678
-0.19758157
-0.11702581
0.23757555
0.7172861
-0.3559038
-0.17701244
0.37112492
0.12695125
-0.38357654
0.5934782
0.5484637
0.5898708
-0.41193986
-0.33221677
0.7983985
-0.41536593
0.020388233
0.49918857
-0.6484032
0.7538799
0.7515189
0.28769472
0.6353273
0.18594697
-0.48525912
0.06884616
0.7560113
0.40548286
-0.064342655
-0.4477824
-0.3260059
0.14770252
-1.0692977
0.49271202
-0.044535168
0.93137676
0.35492802
0.59690785
0.08632893
-0.7740099
-0.6872287
-0.37151635
-7.766113e-05
0.51292574
-0.025777677
0.55301595
-0.7133695
-0.014394937
0.46998948
0.55450785
0.6832303
-0.78870344
-0.5790139
0.85392946
0.13585338
0.14473277
-0.039419267
0.75250894
-0.06830732
0.43867216
0.30974093
0.34478357
-0.0073837126
-0.35612884
0.38387093
-0.75738084
-0.14371505
-1.1454135
0.21384233
0.4015917
0.109919116
0.75517577
-0.32032338
0.082001485
0.6517432
-0.09744962
0.04915697
-0.0862332
0.35116556
0.36850807
0.06868298
0.7291487
-0.16272497
-0.012398493
0.4311849
0.7574476
-0.7331443
-0.33762774
0.1628377
0.43014094
0.32476658
0.40099162
0.86226296
0.24925077
0.06341536
0.47243792
0.15463506
0.9104513
-0.0074040936
0.40818807
-0.24501918
1.5432715
0.06574
0.76863235
0.23575963
0.8932023
0.58463407
-0.53025866
-0.009841208
0.43213582
0.40360773
-0.16607545
1.1833117
0.5046141
0.6370554
0.19476901
-0.40162033
0.42477226
0.22718677
0.69555044
-0.3174484
1.1546134
-0.13246058
0.58183587
-0.27133158
-0.14559397
0.52202606
0.439113
0.3545725
-0.65274245
0.55255187
0.5414844
-0.1919416
-0.34509537
-0.32877275
-0.40170696
-0.8151016
-0.07360327
-0.45571363
-0.6623981
-0.314984
0.8548741
-0.0073065315
0.5521886
0.05148275
0.66820276
-0.0025295028
0.2988181
-0.033419758
-0.49686372
0.55316186
-0.49367046
-0.21227859
-0.008543052
0.0074184993
0.86531866
-0.53362423
0.051699057
-0.24981216
-0.009238528
1.2538735
-0.24394122
0.36197966
0.5991268
0.54147756
0.19391474
0.7520943
0.9247614
-0.22835115
0.18594727
0.7766972
-0.5095409
-0.45849684
0.16346928
0.64916337
-1.1099485
-0.7623928
0.76287633
0.46843594
0.75858915
-0.38758674
0.6924873
-0.7580816
1.3167665
0.5806016
0.05370069
1.4030182
-0.5279528
-0.45204404
0.37364563
0.06380206
-0.8315058
0.111561045
-0.123907164
0.47790217
0.21679546
0.30541837
-0.545807
0.31482416
1.0893075
-0.27934247
-0.023180908
-0.18076114
-0.061474603
-0.3846382
-0.40793374
1.1813331
0.6084008
-0.15009587
0.80551267
-0.4894756
0.033985395
0.55605537
-0.45337874
-0.163967
-0.039028652
-0.07593287
-0.31089655
0.002558277
0.09701743
-0.19887364
0.13172022
0.16954586
0.03184727
0.39253312
-0.5508941
0.4083768
-0.6221116
0.17996468
0.047986396
0.14963448
-0.13861606
-0.97148633
0.13563213
-0.3161915
0.78714937
0.8573444
-0.35723168
0.38140747
0.12867765
-0.05971036
-0.7975545
-0.39644533
-0.7707773
0.42927942
0.65224457
0.4584251
-0.058817044
-0.04389208
-0.93050945
0.35944805
-0.041289914
-0.6225281
0.102047935
0.8897577
0.70832074
0.49912134
0.9071137
-0.5970295
-0.033672825
1.1118034
0.61147517
-0.16179143
-0.36935183
0.47949952
0.011466337
-0.057212565
0.2665246
-0.16532846
0.04759105
0.6662878
0.046456765
-1.0689118
-0.7015831
-0.57504743
0.5813787
0.54045665
0.01746019
-0.37856117
-0.6245429
-0.13827157
0.74699336
0.77949095
-0.4948227
0.18942069
0.18830445
-0.19596411
-0.41931343
-0.1601632
-0.43303132
-0.19930689
0.5734829
0.9129282
-0.91146004
0.28147164
-0.06413072
0.12103337
0.7017728
0.5279085
0.5209104
0.40629506
0.007383885
-0.690166
-0.5110611
0.4780122
0.17289533
-0.9913334
0.5292673
0.0007653198
-0.5073334
0.15800293
0.160787
0.09467612
0.88099664
0.18831113
-0.6302604
0.3889287
0.6205328
0.095730536
0.06230234
-0.110500835
-0.017983815
0.6995119
-0.5455121
-0.12988158
0.5196472
0.11999534
0.7522235
0.76302356
0.3582706
0.7869111
0.95898795
0.0854566
0.31139925
0.61429524
0.07034041
-0.17482884
0.020528227
-0.35584137
1.5095417
0.41213286
-0.7731935
0.63570464
0.11996638
0.14697482
0.65540624
0.08638941
0.31214148
0.5690911
0.04751505
0.1963193
0.85957736
-0.1444658
0.30281523
0.2663192
0.108263135
-0.28326005
0.049762085
0.30964652
-0.6539373
0.13139057
-0.2201564
1.5060234
-0.35459435
-0.21438111
-0.41214666
1.0932704
0.30456147
0.8078156
0.59566355
-0.41437134
0.106666125
0.66620547
0.45550743
0.022671964
0.08379141
0.39972252
0.2308973
-0.07085762
0.50737447
0.40472022
-0.35010892
0.18804039
0.5571807
-0.555495
0.075255714
0.891786
0.55944556
-0.058783706
0.10036979
0.6008496
0.46745396
0.06132132
-0.44856694
-0.026348984
0.037557423
-0.503846
-0.14677949
0.30680105
1.1172365
0.10277281
0.30728427
0.5336485
-0.33021653
0.41527748
-0.2877113
0.4952476
0.6429432
0.050850336
-0.78381705
-0.032435756
0.23568416
0.6958071
-0.88972175
0.25513494
1.3026674
0.09897659
0.06094849
-0.14551167
0.27208686
0.24940474
0.7225874
0.9760164
0.29160115
-0.020674182
0.34213123
-0.54450715
-0.17086227
0.49186596
-0.32205322
0.8061401
-0.061678823
0.45462847
0.47657853
-0.27509212
0.7576716
0.13520037
-0.831741
0.14498122
0.55385745
-0.10338031
0.44516093
-0.16392875
0.30810234
1.0472484
-0.569461
-0.6936882
1.3534104
0.65426826
-0.037175253
0.44271263
0.10126867
-1.2352968
0.20476632
-0.33254227
-0.17406674
0.6162858
0.7244638
0.31640378
-0.050505567
-0.3484025
-0.18097818
0.93703014
0.10292107
0.6572204
-0.3900993
0.109476626
-0.43141475
-0.49044436
1.0303289
-0.8271215
0.7098155
-0.039251015
-0.8350736
0.7189006
0.051682543
0.1988095
0.10809268
-0.6021423
-0.4541139
0.43744704
0.09065085
1.0702262
-0.5956031
0.36730295
0.4158865
0.011800372
0.15392384
-0.88782763
-0.53503036
0.072634466
0.113399416
1.4624311
1.2082752
-0.1691951
0.87277806
-0.22118858
-0.0056856275
-1.0410532
-0.48642194
0.06106366
0.92203987
0.54159045
-0.24302448
0.4329377
0.19006193
0.71585655
0.6663953
0.1124609
-0.4801088
0.8234849
-0.11461888
0.029855456
-0.33921424
-0.3562916
0.8844838
0.03194609
-0.103950635
0.66860783
-0.22513615
0.5762967
0.05309076
0.32313302
-0.044036802
0.38233584
-0.049450397
0.31911176
-0.17838536
0.42281574
-0.36007395
-0.12428633
-0.25385943
-0.43147603
-0.4555971
0.022394016
-0.042526644
0.35147706
-0.50787216
0.020722238
0.99200785
-0.46507174
1.0988696
-0.22285873
0.78788894
0.7144496
0.22137891
0.89446294
-0.061494477
0.66824234
0.3075595
-0.23362789
0.01844654
-0.15954073
0.053074293
0.55263233
0.74706656
0.33968085
0.05484714
-0.40026847
0.023933124
-0.28934196
1.1629196
0.07595908
-0.12681255
-0.099081144
0.042168
0.52975565
0.12590942
0.39508992
-0.402386
0.20125169
0.80345935
-0.37374985
0.94252855
0.5099388
0.15186329
-0.5098963
-0.15505709
1.0691321
-0.63244456
-0.287034
-0.5771273
-0.088491715
0.030415416
-0.29535
0.88361
-0.21091323
0.37664896
-0.95098925
0.7943309
-0.7199105
0.48825687
-0.7865446
0.7894504
-0.5820499
0.23792048
-0.7892111
0.34807253
0.8632394
-0.45989794
0.21832086
-0.25197303
0.688233
0.64943016
-0.039290257
0.048958857
0.90404797
-0.22158241
0.24172734
0.8205261
0.5770103
-0.8986326
-1.0909456
-0.5769423
0.07484991
0.5813842
-0.30499417
-0.36627737
0.08108376
-0.515008
-0.3539433
-0.5431921
0.5156653
0.24304564
-0.877299
0.01669945
0.012961177
-0.4239304
0.5111657
0.017650038
-0.7673337
0.44039646
0.5381178
0.5260874
1.2514277
-0.820652
1.4735311
0.14742099
-0.0082640955
0.07909913
-0.6826019
-0.12201192
0.19518727
0.16279681
0.030972803
0.35609937
-0.6153006
0.017920984
-0.0808294
0.5469286
-0.20612182
0.34178963
1.213993
-0.002182989
-0.19624573
-0.1498952
-0.5512166
-0.39351597
0.2785575
-0.36771804
1.2320476
0.8328215
-0.2596057
1.3296576
-0.42817128
-0.24006106
0.94243944
0.49777073
0.07962667
0.49199972
-1.2160414
-0.8710945
-0.48935568
0.4533919
0.95221746
0.5627473
0.3125396
0.352745
0.48251265
0.631426
-0.8145236
0.49698025
0.6101161
0.45826644
0.8257738
1.0213838
0.15978597
0.11030426
0.92595696
-0.8012628
0.6501259
0.32262644
-0.57270604
0.32699847
0.5992448
-0.21147689
0.2980298
-0.36883911
0.3135292
0.742373
0.4241385
-0.105522744
-0.47789687
-0.7264458
0.108567454
0.018509677
-0.22665928
0.2805665
-0.042806257
-0.94940424
-0.35999644
0.43681002
-0.07978207
-1.1845759
0.056813955
-0.13294408
-0.0076458715
-0.3158754
0.8974
0.49079454
0.08213739
-1.2673712
0.994647
-0.41832337
0.41199705
0.35097006
0.013856158
0.7538914
-0.42802867
0.3708203
0.2194114
-0.015410253
0.30149058
-0.2034434
0.17880857
1.4254938
0.15759432
-0.6990559
-0.3098321
-0.5017417
0.18496081
-0.18166906
0.07270563
0.23379722
-0.44457006
1.0260015
-0.6129705
-0.27071425
0.66356295
0.26519766
-0.52058387
0.45851678
-0.27792275
-0.22990099
1.0100813
0.74345297
0.22223106
0.65092206
0.24161258
0.7739859
-0.054480217
0.7053605
-0.22398053
-0.8386918
-0.7858715
0.27417094
-0.20493336
-0.40187272
0.5396515
-0.5173937
-0.5069048
0.12490437
-0.66017425
-0.39337274
0.061457515
-0.12097005
0.5358515
0.7187104
0.08285755
0.5710399
-0.12483144
0.89007866
-0.031921204
-0.24819899
0.19666603
0.025454368
0.120774284
-0.3543138
-0.4906127
-0.7568036
0.6635293
0.076057725
-0.22390614
0.13460667
-0.06832716
0.53343225
0.5341853
0.023432465
0.45761752
-0.56503356
1.3167069
0.23691592
0.20622435
0.074570835
-0.5372737
-0.93619835
-0.25346732
-0.4514125
0.25069407
0.07638104
0.40590143
-0.11607531
-0.30580652
0.107897714
-0.05490188
-0.2078262
-0.35553712
-0.0050487453
-0.2961254
0.33078986
-0.20448518
-0.08469537
0.44530588
0.8312439
0.040416483
1.0564936
0.05387141
-0.0665015
-0.009784866
0.7455825
-0.18302022
-0.07290637
-0.6921447
0.01364893
0.79119426
0.19919474
0.6205906
-0.7415108
0.16154736
0.30508295
0.6729379
0.04685657
0.7906149
-0.39946622
1.1468987
0.06193683
0.16954336
-0.59410226
0.82480717
0.040283013
0.04599404
0.2101156
0.074404046
-0.98635375
0.9194294
0.9128925
-0.079168156
0.6689145
0.018905744
0.50987047
-0.22558877
0.16916023
0.47187614
-0.10829214
-0.061417546
0.5207662
1.1797547
-0.19542699
-0.6037635
-0.059631012
-0.65285736
0.6763421
0.30584976
0.0039832066
0.09374801
0.40926993
-0.5631682
0.17539343
-0.30759346
-0.38028106
-0.18407735
-0.14325474
0.77231157
0.80456656
0.2730618
0.24557869
-0.0048694345
-0.2547323
-0.042043768
1.1836262
-0.55695254
0.07797343
-0.0383889
-1.1218445
-0.590983
-0.65981627
-0.5526714
-0.32871106
-0.11415987
-0.46759868
0.6003384
-0.7418286
-0.58956325
-0.94085056
1.03352
-0.25936416
0.71603584
0.019538313
0.60932857
0.9309212
0.29969138
0.32328627
0.030561866
-0.95067704
0.6216007
-0.05064193
0.13284326
-0.7631707
0.15920004
-0.23816857
0.4497822
-0.10506691
0.45755482
0.747043
-0.039500453
1.0328751
-0.38617164
0.87532926
-0.80803525
0.0650489
-0.3711575
0.9349798
-0.4359475
0.3597367
0.13052213
0.0073281787
0.1187371
-0.14170527
0.56524587
0.80509925
-0.029940765
-0.6460219
-0.18706991
0.8920162
-0.07801158
0.33303943
-0.52780724
-0.054429747
0.3066212
0.21083184
0.7888945
0.6278552
-0.25907382
1.0458245
0.15333168
0.3264527
0.9905479
-0.5951819
-0.38337868
-0.022840459
-0.4990937
0.07907792
-0.712505
-0.30988252
-0.7516782
0.74017197
-0.5177648
0.58269596
0.5055203
-0.6725946
-0.1532708
0.23789681
-1.2318742
0.6099118
0.8280164
0.3884075
0.7585952
-0.5738154
0.2545444
-0.024927666
-0.396616
-0.012696342
1.2299756
0.55570585
0.23104057
0.54021144
0.69111705
-0.2643355
0.82084703
-0.17433125
-0.418938
0.38539317
-0.28844664
0.24715018
-0.3822018
1.1719279
0.030247623
0.24493365
1.426182
0.6008585
-0.24429353
0.46648127
0.6836647
-1.0193971
0.6358511
1.2415738
-0.06486213
-0.14078127
1.0305768
-0.0132281715
-0.06621894
0.10486326
0.18237138
0.022247326
0.12937622
0.6448818
1.2673075
-0.51478714
0.12127294
0.07727691
0.36461493
-0.4346218
-0.094019316
-0.28879455
0.5702372
-0.050649222
-0.043285053
-0.1969983
-0.54113495
-0.5444655
0.281689
0.30309632
0.32371143
-0.19062491
1.0664936
-0.25635278
0.38068524
-1.0269533
-0.6544179
0.8103304
0.13204058
0.07321624
-0.38991892
0.7910285
-0.2917989
0.29833668
0.4042543
-0.05960693
0.49471617
-0.017118111
-0.16249523
0.6399266
-0.20051841
0.77664477
-0.26080957
0.6011485
-0.07990806
-0.12735173
0.42010245
0.6816934
0.0002794277
0.5915107
-0.8196558
-0.15011854
-0.34336853
0.045107603
-0.25522938
0.17358729
1.0467118
-0.0077725775
0.40352073
0.74260294
0.8120551
-1.186807
-0.6018907
-0.3570596
0.41032276
-0.31166238
0.5815114
0.07092775
0.20170514
-0.27656734
0.73173773
-0.12527154
0.39202148
0.529837
0.42059782
-0.6684371
0.10899111
0.4208333
-0.28615636
0.06429007
-0.20752396
0.26169258
-0.07698295
0.08244669
0.2428903
0.42730305
0.51374185
-0.069030374
-0.86361974
-0.058205307
0.549956
0.30378544
-0.098064505
0.15925637
-0.11437571
-0.021691637
0.7360014
0.4108174
0.11955959
0.016902227
0.59494805
-0.017912468
0.53683007
0.32316703
-1.1499245
0.20209558
0.39047223
0.6064654
0.5595952
-0.0020232173
0.15822499
0.36815736
1.0394784
0.62575763
0.2901775
0.5093151
-0.19224341
0.57205
-0.05833899
-0.820726
0.06207165
0.45371732
1.091738
0.04087405
0.52722794
-0.279152
0.406316
-0.47620088
-1.1465595
0.19065283
-0.4594726
0.8605006
0.07342602
0.18231456
0.63706535
-0.9443414
0.23183659
0.07416002
-0.17029712
1.0130454
-0.08162851
0.18727909
0.13884673
0.25817034
0.22728747
0.23233142
-0.021841556
-0.45184374
0.36120275
0.51667154
0.56939363
0.05033676
0.010905338
0.35127994
-0.3644975
0.30521566
-0.16528115
0.51302993
-0.7987954
-1.0573174
0.18224621
-0.236978
-0.46611983
1.0039696
0.62188345
-0.64888155
0.059188873
-0.47167662
0.11601057
0.71012425
0.21098746
1.0593668
0.20337164
0.028594011
-0.18451773
-0.584837
1.0142457
0.5784273
0.41676348
0.012797137
0.87993217
0.034142658
0.14931057
0.9264746
1.0414358
-0.35652995
-0.06070547
-0.108411945
1.1964244
0.15735966
-0.56603056
0.25965393
-0.10936911
-0.7347837
-0.36009708
-0.8333727
-0.39685598
-0.38978165
-0.27405947
0.8754213
0.052979715
0.1723185
0.43554857
-0.038041133
0.24888593
0.057424933
0.73850507
0.048607666
0.096636854
0.026970997
-0.067836314
0.023522338
-0.003931651
0.12689173
0.1690458
-0.6833117
0.22044505
0.32446805
0.27877212
0.12477903
-0.38559482
-0.37770656
0.33676344
-0.65630704
-0.11535128
-0.30676
0.09891868
0.2615103
-0.7961514
1.2440952
0.94457066
-0.027249703
-0.108465604
-0.13869673
-0.22788721
-0.8469972
-0.09436008
0.62047803
-0.01825187
0.53953433
0.44208828
-0.8576674
0.41252583
-0.7423274
-0.21704885
0.5659253
-0.17010823
0.51798224
0.29524502
-0.32331645
0.25161338
-0.35331243
-0.11475223
-0.0349695
-0.31388792
0.4566179
0.4831803
-0.1971719
0.068686925
-0.37187174
0.29195496
0.17577165
0.1068168
0.21671909
0.16099964
0.07132126
0.62491214
0.3286406
-0.101045825
0.12160705
-0.28522322
0.24571429
-0.18573596
1.0247586
0.037324633
-0.46808666
-0.08278304
-0.35788402
-0.56424224
0.47592723
0.22013365
-0.07973958
1.0879987
0.21789895
0.3088247
-0.08524614
-0.4426887
-0.8422687
-0.39281416
-0.33454648
-0.028233435
-0.10064083
0.7478152
-0.8792102
-0.15208638
-1.1347386
0.93825233
-0.20140608
0.052950513
0.48582178
0.17452304
-0.7653614
-0.6987501
0.6137241
-0.64169514
0.18322878
1.149576
0.008449976
-0.48318866
-0.12889461
-0.2385496
0.30178946
-0.45403457
0.0166693
-0.050766934
-1.0432738
-0.864264
-0.83534586
0.05162457
-0.11070496
1.1909381
0.756871
0.26222715
0.46138197
-0.41360494
0.79039747
-0.078911155
0.18501803
-0.114366114
0.056325126
-0.14023772
0.19146577
0.02758964
-0.068470165
-0.1049717
-0.042253014
0.83623904
-0.110597014
0.28394586
0.54889536
0.18620014
-0.48387897
-0.44573647
0.08964835
-0.6354588
0.49607575
-0.060424775
-0.2598374
-0.9462825
-0.2062725
0.6286942
0.5264677
-0.3735114
0.064156696
-0.70459956
0.2711583
-0.10783099
0.8968854
0.1117845
0.059732158
0.3173503
-0.19855137
-0.1515742
-0.79149413
0.096060164
-0.4696714
0.89884216
0.19667447
0.98403573
0.21234368
0.2696619
0.3716162
-0.041765384
0.32972184
-0.2303289
-1.2077754
0.66201663
0.46904945
-0.05316812
1.4485931
0.12475227
-0.4855002
0.25950542
0.34299222
0.23991829
0.8132082
0.7900215
-0.26084554
-0.72665465
0.19741876
-0.25755867
-0.83009446
-0.28563145
-0.04054249
0.6690755
0.20533052
-0.76401794
-0.38222712
0.8974564
0.372627
0.3676762
0.69123566
0.6402927
0.7673486
0.053541284
0.08248907
-0.11452217
0.29915023
-0.7280011
0.07264102
0.28397438
0.7384194
0.9884838
-0.22246444
-1.1247687
0.25693175
0.08705597
0.41404
-0.040765893
-0.24542272
0.162863
-0.57544565
0.78125155
-0.2037401
0.0877458
0.5087323
0.42282143
-0.056280576
0.34001186
0.1427044
-0.58512735
0.91678673
-0.4142393
-0.4320392
0.1432591
-0.5084131
-0.16437927
0.25356483
-0.013604742
0.06738532
0.34894127
0.3216813
0.111058764
-0.6219005
0.2664178
0.00709261
0.16320096
-0.47135773
0.72505605
-0.025835564
0.2708278
-0.31813768
-0.7312594
-0.121598944
-0.21600458
-0.42367372
0.72102386
-0.13437018
0.26660913
0.022589987
0.11535851
0.23010924
0.06663797
0.6878338
0.022514405
0.6566408
0.39485508
0.13195874
0.029925037
-0.1878784
0.9502803
0.7682453
0.9527987
0.2220142
0.57263386
1.4247484
0.1716352
0.8595813
0.075745046
-0.2719611
0.5593334
-0.8273235
-0.7299248
0.9512955
0.35545322
0.3526502
0.3526389
-0.17599335
0.12262977
0.07014246
-0.9148959
-0.19719957
-0.22434886
0.19664043
0.38900778
0.13012496
-0.76879287
0.45857874
0.44597518
-0.20638753
0.19851124
-0.33559042
0.18310265
0.5048468
1.163239
-0.38752922
-0.6650056
0.9451274
-0.10339549
0.3481883
-0.040614195
-0.0023886045
0.69694746
-0.8003677
-0.6086153
0.2131193
-0.26050162
-0.5012791
0.032191623
-0.3138853
-0.6942945
0.2488895
-0.3011803
0.4775628
0.5597629
0.9861633
-0.7345827
-0.36423886
-0.019267375
-0.55591536
0.5479028
0.9726427
0.6828327
-1.3040638
-0.021426849
0.18637533
0.038035385
0.7952197
0.259698
-0.2166014
1.0264039
1.2244583
0.31728125
-0.15153183
-0.043513883
0.28815648
-0.16971995
0.024573417
0.49152642
-0.12896371
0.62254
0.025920149
0.90226513
0.33262628
0.23399076
-0.009897467
-0.006484849
0.11894637
0.64375526
-0.09623636
0.9149842
-0.7136635
0.5575635
-0.27217764
0.4926352
0.52633023
0.32040775
-0.025657153
-0.6250584
1.1579555
-0.40473187
0.021067074
0.41076544
0.8250684
-0.56609166
-0.06353581
-0.023439355
0.72985566
0.34544402
0.1758388
0.2617199
0.6193877
-0.57833296
-0.22318096
-0.58890486
0.3596087
-0.0026756763
-0.8917411
0.107259154
-0.29949936
-0.009562678
-0.21713686
-0.23418818
0.11777026
-0.25265428
0.5098374
1.0811388
1.0384552
0.2017417
0.06880718
-0.21299624
0.24613976
-0.34779572
-0.12370723
0.020494208
0.07443494
0.98558545
0.8955002
-0.32151452
0.18410373
-0.6989676
0.56858784
0.6317466
0.01687874
-0.2991398
-0.0037674163
-0.44656807
0.4538121
-0.2940413
1.0053205
0.47341502
-0.24788715
0.4249345
0.15152274
0.14873967
0.07526073
0.33105323
-0.10537805
-0.4977255
-0.28366065
0.5283998
-0.49143618
-0.49191976
0.8053297
-0.011112602
0.17793912
0.07451445
-0.26227033
-0.012149961
-0.39167735
-0.06029867
-0.71693856
0.6469979
0.30910736
-0.45804858
-0.082891926
0.25409472
0.40059605
-0.6189731
-0.26266026
-0.19448815
-0.5197271
0.3165017
0.89137655
-0.26513758
0.6959165
-0.07844578
-0.47963393
-0.15344703
0.69321084
-0.0037846302
0.1263921
0.43578514
0.1224857
-0.3763125
0.2519776
1.2725284
-0.1852398
0.18468921
0.216651
0.03907779
0.026548926
-0.14642178
0.07883058
0.030756235
-0.066886336
-0.1703399
-0.3071471
0.04532416
0.08687741
-0.15995133
0.34153387
-0.039857883
0.46259516
-0.6247741
0.30748746
0.28825852
1.2964123
0.3796286
0.027368896
0.08389454
0.1144281
0.07824897
0.45419246
0.34410676
-0.31354094
0.93385154
-0.11881523
0.04416479
0.6851324
0.72555906
0.14427663
0.57610846
-0.45405143
0.10448928
0.39854628
0.14347303
0.1904368
0.9799676
0.22112286
-0.056283653
-0.14713511
0.7101096
0.16885318
0.76144385
0.1619175
-0.8115474
0.080471344
0.043888558
0.545084
1.3751831
-0.03873833
0.02811984
-0.11943899
-0.3722244
0.022130333
0.7916503
-0.409828
0.16601315
0.40730202
0.5560637
0.01067606
0.080730684
0.56231207
-0.36772725
0.031441536
-0.0072054183
0.6190755
0.039912146
0.26916683
-0.10873004
0.16729662
0.40368083
0.6964757
0.04453688
0.5180123
0.50361896
-0.30865306
0.023545235
-0.08925066
-0.3743719
-0.18317182
0.24227485
-0.3179445
-0.4056715
0.16869542
0.4045167
-0.34166113
0.17431602
-0.51484305
0.40003502
-0.25855651
-0.068793856
0.8238515
0.44402617
0.1137914
0.96425337
-0.010526213
-0.20373254
0.45156023
1.0348718
-0.050079133
0.17325133
0.0308511
-0.08326238
-0.11805661
-0.7646403
-0.6599838
0.40176174
-0.00031746176
0.2901698
-0.57120836
0.42365035
-0.38864073
-0.1245718
-0.10809752
0.207526
-0.3445525
1.4400586
0.07003991
0.042406436
-0.4182053
0.35828832
0.49593684
-0.2235348
-0.35407904
0.31817573
-0.075864
-0.7096569
0.07048952
0.011060717
-0.56901956
0.5243975
0.45056218
-0.40698275
1.121837
-0.6576703
0.28121978
-0.48511833
0.30889156
-0.9573281
-0.07659949
-0.7410922
0.1304024
-0.088135116
0.2359155
0.14132175
0.08599417
0.708022
-0.888147
0.045646936
-0.15698442
-0.029590493
0.5335045
0.04449515
0.0016023659
-1.0469079
-0.99088705
-0.02268019
0.50141275
0.16388923
0.0843446
0.18877408
0.44239837
0.16329454
1.055007
-0.7484381
-0.048688553
0.053924777
0.3936699
0.398248
-0.3540518
0.009068762
0.06693883
-0.20877828
0.13101012
0.8037708
0.3223676
-0.58496106
-0.36196992
0.06738149
-0.45314002
0.80729866
-0.5825242
0.20819163
-0.274963
0.067976356
-0.48013633
0.33140096
0.7712399
0.113744944
0.13650556
0.80522275
0.95033526
-0.4541315
-0.4106258
0.05082477
1.1339155
1.3157078
0.9714997
0.5749965
-1.029131
-0.117310986
0.07900503
-0.7902236
0.7012103
-0.8500298
0.99968016
0.97799927
1.1181713
0.0259363
0.7039266
-0.047578137
0.7939585
0.17940664
-0.3356694
-0.101217136
0.9379039
0.84084713
0.998379
0.46442428
0.6616159
-0.13562348
0.3779489
0.116939105
0.9787231
1.2158219
0.20904492
0.923334
0.31414428
0.013856027
0.30316678
-0.2541408
0.04967616
0.054273333
-0.17946124
0.8507798
-0.36406738
-0.67294395
-0.06903476
0.37325755
1.3131328
-1.1956142
0.5858608
-0.70662844
-0.10385256
-1.0349445
-1.0902026
0.5611212
0.422717
-0.025729991
1.2097096
-0.5030368
0.7866066
0.4056673
-0.2881423
0.59515476
-0.89348257
0.51871157
-0.07468987
-0.040575553
0.4132687
0.05257555
-0.08715735
1.282651
-0.006063067
-0.44924915
0.11398451
0.02712537
0.88947177
-0.1780099
-0.06725065
0.40881038
-0.1841092
0.25711352
0.5786399
0.96367264
-0.5578203
0.33219957
0.5378522
0.7746371
-0.31817904
0.775522
-0.6037555
0.015730279
0.030876555
0.21490599
-0.6277324
-0.26943162
0.19775832
-0.99265695
-0.13648018
0.2901698
-0.5839221
1.0409688
-0.33925804
0.2547871
0.7943453
-0.7894602
-0.988906
0.3918057
0.6072953
0.770982
0.14787866
-0.37291026
-0.69289833
0.63895434
0.6938147
0.5220301
0.2544135
-0.23656382
0.5287312
0.14403468
-0.29366916
-0.44075027
0.5985615
0.57481074
0.018184997
0.037440624
-0.71862584
0.108035535
0.33558825
-0.38782567
0.34182826
0.4748562
-0.1747261
0.16584662
0.17549679
-0.1014124
0.2839418
0.6859739
-0.011689967
0.9118483
0.12016987
0.5687169
-0.036662698
-0.17605309
0.6180987
0.18799695
-0.69888955
0.082952544
0.5947312
0.20467179
0.24206617
-0.26390296
0.024741448
0.49915534
-0.023783175
0.4903161
-1.1166568
-0.5158533
-0.1065408
-0.52102137
0.46146482
0.6094251
-0.7858575
-0.23778148
-0.029283488
-0.79781616
-0.4844256
-0.4317276
-0.096050136
0.10861173
0.19413492
0.27172172
0.30568284
-0.010552122
0.0062554954
0.0028115204
0.027543794
-0.3656692
-0.43031988
-0.14426868
-0.2993003
0.74419427
0.23206118
-0.64228356
-0.15172118
-0.05661547
0.81545454
0.95470285
0.5921232
0.16701148
0.38365722
0.4780451
0.53641194
0.46699557
-0.24942744
0.63118404
-0.6852441
0.3604104
-0.48118073
0.066189885
-0.0046892776
0.09566843
0.67893463
-0.10831115
-0.74248296
0.47854695
0.55233884
0.17878631
0.5633337
0.35769778
-0.21530956
1.0749727
0.23283252
0.44203025
0.08099775
0.65230554
0.31665272
0.7094729
0.6013728
0.5746349
0.5068557
-0.34523588
-0.68171716
0.23380437
0.078004315
0.7528374
-0.28801012
0.8730366
0.9969541
0.33248204
0.07876565
-0.28879082
0.33675912
0.37387237
0.06680486
1.0640619
0.9456333
0.4148456
-0.2562344
0.19596218
0.10238884
0.024998974
0.021400502
-0.5486196
0.20796648
-0.09642855
0.57848245
0.23242627
0.94973326
-0.88030934
-0.06294171
0.19637777
0.07252696
0.28625843
-1.1749904
0.07909811
0.34251782
0.13663144
0.13401861
-0.3309846
0.2847322
-0.28864914
0.2852191
0.1471568
1.1823754
-0.051449124
0.7814128
0.530339
0.030254222
-0.10005826
-0.15701789
-0.12690668
0.06324231
1.0055673
0.2597701
-0.52120775
0.9256227
0.21687292
0.030790526
-0.005475046
-0.8873453
-0.051185757
-0.40101802
0.11507716
0.048023146
0.0024047645
0.49961567
-0.16125691
-0.49149996
0.41863483
-0.19938318
1.612961
0.45021403
0.23548217
0.024270084
-0.3894349
-0.2108549
0.10755558
0.002092266
-0.9493736
0.54772556
0.5147583
0.833971
-0.047342032
0.82504094
-0.5394083
-0.8875526
-0.03722629
-0.73617715
0.6997588
-0.24940461
0.36980402
-0.9208055
0.85789233
0.5194107
0.568193
-0.023658108
0.87251616
-0.16939646
1.3962808
-0.5648078
0.70707774
-0.26102945
0.77291816
0.9339053
-0.16720077
-0.21526451
0.072201036
-0.8958734
0.26598
-0.15707493
0.46734983
0.6662949
-0.94844836
-0.27578437
-0.17625253
0.5167873
0.14363489
0.2473951
1.0192208
-0.15536271
0.77314013
0.0065263296
0.41329658
0.44887012
0.3388093
0.00696253
0.88494843
0.44423872
0.30183214
0.06467299
0.1277778
-0.43622988
0.11378697
0.41583508
0.8499328
0.78748816
-0.5974926
-0.41646364
0.35558262
0.7300118
1.0002805
-0.41255763
-0.7833603
0.09098972
-1.0190232
0.36606726
-0.107735015
0.29808235
0.03565375
0.08885546
0.036867667
-0.12276037
0.83365124
0.65976506
-0.4508831
0.1095077
0.687662
-1.2905867
1.4522699
-0.3969471
0.019898383
-0.4402192
0.3137875
-0.5697739
-0.11085427
-0.62302035
0.43400156
0.29231125
0.001884816
0.28810596
0.31768465
0.37357503
0.43328217
0.630456
0.40111506
-0.50710106
-0.39850163
-0.91317326
-0.46037853
-0.12229667
-0.21252014
1.0190271
0.38185045
-0.21432902
-0.6469507
-0.4337522
0.17567903
-0.08849401
-0.08962105
0.13527042
0.04113921
0.043910198
0.24974617
0.034370795
-0.6447762
-0.014251468
-0.34979135
0.7968014
0.8759595
0.37943
0.9911556
0.05834208
0.49715462
0.04830622
-0.400105
-0.44429812
0.5015332
0.837257
0.67564005
-0.46432763
0.114065915
0.52055043
0.5505283
-0.38673508
-0.27801055
0.042094603
-0.22218575
0.6032438
-0.10773192
-0.8627791
-0.70827246
0.05266596
0.14905943
-0.59823656
0.8821737
0.3903452
-0.046962798
0.160856
0.18521512
0.32401997
-0.80555856
-0.29531467
-0.11855246
0.38554496
-0.16050695
-0.047127496
-0.27833253
-0.40699932
-0.46493155
-0.23048313
0.34275454
-0.010556525
0.25832927
0.009343429
1.1749188
0.2689208
-0.0023053286
0.37377167
0.0700603
-0.56301016
-0.7539524
0.33461583
-0.61570436
-0.13057052
0.70136154
0.4831338
0.0025215123
-0.08457068
-0.50545967
-0.75521123
0.16615129
-0.2285782
0.6115965
0.19020405
-0.14421321
-0.5322454
1.1371516
0.26094806
0.011294444
0.15549801
-0.29484248
0.9584577
0.36434844
-0.5433469
-0.18771388
0.045180265
0.062427297
0.53035307
0.013224052
-0.11547493
0.38669667
0.4704
-0.15991919
0.1903047
0.07534659
-0.3206514
-0.8719071
0.41087934
-0.55837965
-0.16564012
0.25327122
-0.1129726
0.2006035
0.121455915
-0.55298454
-0.7026544
0.10764489
1.1101546
-0.0013320359
0.48698422
0.5220762
-0.2950837
0.015782148
0.42179114
0.2673813
0.30018735
0.5276262
-0.74057025
-0.0319803
-0.36401927
0.16526087
1.0082116
0.03143966
-0.8000699
1.1428256
-0.617545
0.04973501
0.013602162
0.6975473
0.8222902
0.6215719
0.7056615
0.33094743
-0.14213589
-0.29940033
0.4031067
-0.00678474
0.2074072
0.80006963
0.26737198
-0.33867472
-0.13730933
-0.16612409
0.6412379
0.7688568
-0.47238886
0.36504656
-0.24027343
0.111041605
0.6989545
-0.70565706
0.484392
0.9709375
-0.36449873
1.1231858
-0.5035975
-0.6186051
0.91445625
-0.6793969
0.30257845
0.038924705
-0.28173205
0.02471558
0.049626667
-0.020398943
-0.27135843
-0.8630548
-0.002407271
-0.6086818
0.3290832
0.48152316
-0.12711495
-0.1369911
0.24518868
-0.29287508
0.0958486
0.874465
1.1026922
-0.22651993
-0.16569464
-1.1097053
-0.5864545
0.3165054
1.11864
0.58513886
0.5737573
1.2306707
-0.09175147
0.190126
0.16503516
0.3488084
0.5895796
0.5958911
0.7703787
-0.57339036
-0.50647485
0.054764297
0.787503
-0.8487534
0.5490241
-0.34647736
-0.019620342
0.56795824
0.3897949
1.2405381
-0.39486918
-0.10408488
1.209294
-0.0756035
0.56987387
0.093644716
-0.1331203
0.023550795
-0.08103191
0.45609593
-0.052644137
0.5212606
0.25640467
-0.20618866
0.81153816
-0.49314886
0.7272419
-0.03849042
0.33554047
-0.39517024
0.56790906
0.008213428
0.44472858
-0.17810658
0.7730764
-0.39970827
0.5702838
-0.033013493
0.6240143
0.038043424
0.09643492
0.015401981
0.32297346
-0.17886566
-0.233827
0.070694566
0.979161
0.23974127
0.100212656
0.19134538
0.020568037
0.9382567
-0.51832294
-0.1648084
0.45976716
0.25715458
-0.20833777
0.060910173
0.03897528
0.73900986
-0.11402148
-0.5133058
-0.47395998
-0.37803546
0.05313875
-0.16803373
-0.15285973
0.040667426
-0.14869665
-0.0056604166
-0.35202438
0.34393784
-0.20605895
0.13754396
0.2300236
-0.12689579
0.72161645
0.36637312
-1.1328651
-0.7810274
0.13071518
0.12315873
-0.27774373
0.96871513
0.036619812
0.91308576
-0.0077180453
-0.33450624
-0.032716144
0.6418422
0.19835107
-0.36498165
0.23822096
0.30030745
0.34806365
0.9542594
0.87787294
0.7115761
0.38444823
0.26161203
-0.16950448
-0.08270578
-0.29889327
-0.045118783
0.74145293
-0.5726927
0.77255315
0.35910085
-0.99081254
-0.21858504
-0.52835935
-0.34660205
-0.5183782
-0.24022843
-0.26206598
0.24253607
0.12372698
0.8353059
0.08044843
-0.1787541
0.095932156
-0.060908798
-0.21957502
0.9409208
-0.041525483
-0.36345223
0.25075537
0.30021676
0.28272322
0.70846826
-0.44048193
0.9629907
0.5440765
-0.06825425
0.8218055
0.9869431
-0.0825769
0.4191112
0.36959276
-0.4814226
-0.11358945
0.48030174
-0.24262913
0.6901881
0.27049974
-0.71581143
-0.22093081
0.2935024
0.45144358
0.6297353
-0.7842187
0.47100717
-0.53489894
0.77421355
-0.16770771
0.23850743
-0.4585799
-0.34682232
-0.1948251
-0.07581277
0.45057958
0.5947205
-0.009341441
0.30988657
-0.89020264
-0.24820712
-0.5061151
0.30684853
0.8461517
-0.187406
-0.52508247
0.99679816
0.22340368
0.72234416
0.59318227
-0.15024897
0.08154203
0.06341378
0.053356588
-1.1195693
-0.16921075
-0.18337473
0.21013074
0.2626846
-0.015086682
-0.2727849
0.43967193
-0.4157776
-0.42830938
-0.0020806487
-0.012953046
-0.1434912
0.5412208
0.07211219
0.7232079
0.91338485
0.25405422
-0.47225237
0.030315654
0.2635833
0.46693918
0.35774297
0.057345968
-0.3546796
0.5762535
0.024631634
0.11494857
-0.8034157
0.46546215
-0.021969235
0.5053851
0.094328515
-0.08252528
-0.3073405
-0.3361232
0.626954
-0.17853367
0.07627563
0.7047358
0.7419647
0.084169984
-0.535143
-0.23223762
0.062129587
0.33629474
-0.16702124
0.3690142
0.35364416
-0.27979037
-0.60485214
-0.021292575
0.01772074
0.050538983
-0.10220964
0.48414087
-0.24270068
-0.10706831
0.6626033
-0.065494835
-0.433719
0.27606255
-0.09884818
-0.4998111
0.6152097
0.5008779
0.11277274
-0.46987143
-0.55559593
0.20728482
0.49351668
-0.0892452
0.09330189
0.043768205
-0.39681944
-0.57927537
0.15737502
-0.02115728
0.18734403
0.24001971
1.3699836
0.83800304
0.17165333
0.22178851
0.45816624
0.57601666
0.84975314
-0.60099393
0.18528779
0.91202754
-0.1908877
-0.43561664
0.3189414
-0.0787759
0.14182548
0.62075424
0.6522152
0.042667788
-0.81307554
-0.10144562
0.33225864
0.33405545
0.69722646
-0.81525064
0.31664643
0.81745744
0.4603185
0.42022458
0.39296547
-0.7590356
0.24012609
-0.109659955
0.71092516
0.39906043
0.22685505
-0.6964829
0.10476549
0.5980335
-0.76345766
0.46036822
-0.5827108
0.8420564
-0.015183179
-0.22379383
0.46655178
-0.031659376
-0.026058739
-0.31115964
0.9640646
-0.0668841
-0.15155941
0.14145443
0.88876057
0.093415454
1.0439274
0.9082962
0.32128897
0.7604931
0.3521912
-0.3177308
-0.05338598
-0.05676661
0.28361544
0.1565562
0.017596971
-0.12736405
-0.4169487
-0.19305366
-0.37532175
1.0974822
0.6269751
-1.0599536
1.1713775
-0.4434943
0.5701083
1.2965816
-0.7266188
-0.26830962
0.4521057
-0.30340686
0.31502995
0.9024689
0.76609373
0.69720566
0.27088043
0.46311003
0.7393257
-0.48402515
0.15532112
-0.001570863
0.30109277
0.5253612
0.31061214
-0.87867373
0.09396343
-0.04910158
-0.7113987
-0.23674546
-0.022664562
0.03163381
0.2712439
-0.3888594
-0.49811727
-0.3562256
0.08559506
-0.08303015
0.6259692
-0.31121144
0.31237426
-0.81887597
-0.9557249
0.14351399
0.738429
-0.07952187
0.52703494
-0.18317123
-0.8438767
-0.06473957
-0.42414504
0.29268396
0.5893376
0.6245734
-0.23790605
-0.5122186
0.14790884
-0.12727992
-0.051516943
0.59862924
-0.87486833
0.7291173
-0.753265
