-0.025224801
-0.25825328
-0.93995225
-0.1506283
-0.86069727
0.02909973
-0.17108305
-0.78844845
0.92468846
-0.33187425
-0.48281294
-0.50210094
0.40666494
0.6593263
0.06807111
0.09930641
-0.14918523
-0.5085304
0.039872672
0.57725006
-0.78627545
-1.0368334
0.80948824
0.16851865
-0.17376298
-0.32582003
-0.26621452
-0.76368415
-0.8923667
0.04091805
0.14126079
0.36758614
-0.07615723
0.299979
-0.5509374
-0.75172526
0.3686931
0.3381618
0.017387718
0.5709798
0.12811343
-0.7242567
-0.0049251607
0.038065623
-0.011607749
-0.77038544
-0.26412818
0.14091009
-0.8754991
0.004098167
0.69400376
0.33444804
0.5396617
-0.117765106
0.25051242
0.17360222
-0.4276959
0.038470495
-0.054926317
-0.6387772
0.59393305
-0.89710003
-0.62310064
-0.8010459
0.4542793
0.5277634
0.4205795
0.27493453
-0.74541056
0.092091784
0.67283213
0.18383971
-0.47561795
-0.04916874
-0.7400697
-0.19949822
0.26573333
-0.7098867
0.11434024
0.7533496
-0.34480402
-0.3404412
-0.536316
-0.16355608
0.30665684
0.4128026
-0.9963745
-0.12549853
-0.6225029
0.38804704
0.28407383
-0.28656927
0.20054129
-0.53827155
-0.3744387
-0.9895218
0.16618969
0.38447943
0.2738314
-0.20777096
-0.4642629
0.047896784
-0.36258456
-0.6612406
-0.26019293
0.26240817
-0.68233633
0.54636884
0.35484767
-0.06171197
0.026854595
0.3644542
-0.7691408
0.018442197
-0.8140854
0.09655063
-0.94370365
-0.14453258
0.3045361
0.51770663
0.73539317
-0.02926319
0.2051999
0.18557338
-0.06384091
0.4345191
-0.89217293
-0.21821415
-0.17001152
0.8961768
-0.57671016
0.2104096
0.8392885
-1.0342271
0.57680523
0.73252755
-0.44484556
-0.55984175
0.38339508
-0.9915062
-0.628835
0.59402555
0.3008014
0.46620154
0.5535312
-0.94652224
-0.9473368
0.5045833
0.000730126
0.5509441
0.88754123
0.4772676
-0.09303426
-0.17563178
0.5267588
-0.6520317
-0.042132903
-0.09484863
0.21631244
0.5162393
-0.03118492
0.82271564
0.040771805
-0.38183746
0.04610018
0.6407377
0.58991075
0.29123926
-0.65260124
-0.22703354
-0.61355853
-0.23389317
0.41870078
-0.2751533
-0.95564
-0.9391092
-0.027905477
0.47801787
0.4946378
-0.6293635
-0.79402095
-0.27403265
-0.94893134
0.05336144
-0.7375825
-0.07887147
-0.41672128
0.50214875
-0.80859876
-0.9434494
0.002279478
-0.3298843
0.011594778
-0.8780371
-0.49825194
0.19630773
0.5020605
-0.47679925
0.36332315
0.580211
0.30662975
-0.8600503
0.35174444
-1.0288057
0.4342972
0.52596176
0.42873847
0.052436523
-0.15584543
-0.4205499
-0.02699886
-0.14964612
-0.41903314
-0.20135604
-0.07497103
0.42518643
0.107600346
-0.2398727
0.09081538
-0.8445932
0.48750404
0.92782414
0.33979967
-0.021572834
-0.42606568
-0.7699425
0.025297109
-0.04695449
-0.38419747
-0.8307686
-0.008213247
0.3469386
-0.7191811
-0.05744235
-0.70032465
0.107889146
0.37310156
-0.97872806
-0.35960877
-0.79953873
-0.58866477
-0.4773167
0.51354134
0.14267649
-0.8964354
-0.7325428
-0.9230813
-0.80452
0.022450214
-0.43948802
0.13605478
-0.57477057
-0.054022834
-0.58178234
-0.12605177
0.44603434
0.24014536
-0.59734803
0.1688228
-0.79879624
0.09846051
-0.037263025
-0.20874688
0.16593772
0.0050818953
-0.91850054
0.83646286
-0.008215615
-0.58253306
0.5923841
-0.009419775
0.2121854
-0.45851094
0.5436151
-0.18607147
-0.42576316
-0.18950264
-0.81072587
-0.4404435
0.36118788
-0.8110559
-0.009482007
-0.83934754
-0.8288758
-0.5902607
-0.21869683
-0.30896497
0.7211519
-0.60005665
-0.5589762
0.26586
-0.0065480317
0.5676201
0.2766477
-0.8393651
0.47686297
-0.34226468
0.5336567
-0.85721004
-0.48338145
-0.01885996
0.108094156
-0.07576249
-0.021580439
0.12034754
0.5123549
-0.20585606
0.41693488
0.37816456
-0.0845388
-0.8270331
0.25045255
-0.9003391
-0.2100389
0.23271714
0.41047004
0.39377603
0.11115827
-0.13946067
-0.7235417
-0.5360998
-0.2810357
-0.2793515
-0.15416346
0.3260683
-0.4958682
-0.046926282
-0.16709659
-0.056229137
-0.1315854
0.46869725
0.23782603
0.0955723
-0.33622637
-0.9365298
-0.04881183
0.35693592
-0.0033190208
0.64435107
0.25490353
0.58855647
0.09592172
-0.31478298
-0.11121463
-0.1194345
-0.7463985
-0.0066992054
-0.4708248
-0.74390775
0.19545262
-0.57068926
-0.20859161
0.39349368
0.15045458
0.24405485
-0.12127285
0.21002065
-0.5926819
0.015900373
-0.3460632
-0.7676863
0.19582056
0.34208766
0.62640965
-0.6798131
-0.6726996
0.35926566
0.40129566
0.04293676
-0.38257763
0.080839045
-0.6142189
0.13385442
-0.048548333
0.3876452
-0.14786856
-0.07747425
0.1632212
-0.35170546
0.3736023
0.22229823
0.19605213
-0.5379048
0.8683537
0.117647156
0.037287567
0.17267755
0.6255891
0.0599295
0.16029412
-0.11391952
-0.50592124
-0.09573865
-0.39793628
-0.39812317
-0.2519999
0.1262674
-0.01607837
0.04342319
0.08619417
0.5973484
0.47731572
0.06642766
-0.9767879
-0.52163976
0.15635201
-0.04708816
0.09867855
0.47924343
0.17263402
0.42542756
0.3603376
0.24293344
-1.0213019
-0.011054744
-0.19981265
0.7275049
-0.74283993
-0.8147127
0.15031584
-0.6780097
0.22215098
0.11191899
-0.64121974
0.30171892
0.23587508
0.48372135
-0.14464688
-0.6729968
0.18115145
-0.10055163
0.036434006
-0.8041908
-0.15206392
0.0045026173
0.23653752
0.022388052
-0.3510763
0.32116258
0.5467519
-0.14368503
-0.27469933
0.42797703
0.0032821489
0.7566445
0.6288516
0.07560016
-0.34770587
0.41813838
-0.9156355
-0.8038008
-0.019999253
0.5290719
0.3404255
-0.14049089
0.17209478
-0.006438211
0.19326384
0.32687494
-0.6437748
-0.61642134
0.0701294
-0.9286556
0.2132085
0.51381236
-0.13423969
0.16019748
-0.07683571
-0.38180044
-0.011428245
-0.24656646
0.0057307538
-0.64090365
-0.82912934
0.034948997
-0.31629533
0.18458174
0.412469
0.16838156
-0.32396278
-0.0051752003
0.16880484
-0.1840944
0.010466351
0.45919377
0.17583734
-0.7274056
-0.2908449
-0.330605
-0.3319704
-0.0007750216
0.06671548
0.10615167
-0.8737307
-0.59908056
0.6198982
0.2986087
-0.25668374
0.5378826
0.5152899
0.25437805
0.28737268
-0.091463104
-0.10280755
-0.16613749
0.17658837
0.016359149
0.0056392536
-0.35739934
-0.44601935
0.8215418
0.66711247
-0.6041268
-0.010455567
0.5090751
0.8043127
-0.12250141
0.016327659
0.54385173
0.03243404
0.024916472
-0.8461938
0.41144034
-0.058037356
0.14031842
-0.43787315
0.8872248
-0.28925568
0.028933924
0.08890789
0.5285556
-0.38671666
0.12532736
-0.5432196
-0.7357706
0.49066222
-0.39914814
-0.69422454
0.12293818
-0.019931965
-0.548102
0.037356533
0.1030142
0.19604537
0.26618823
-0.15089113
0.2507008
-0.90223503
-0.33637676
-0.16152604
-0.5906485
0.1473811
0.01765366
-0.45138377
-0.4891963
0.09354654
-0.20999928
0.59818614
-0.3729005
0.017647937
0.008513834
0.4067559
0.38484204
-0.20201817
0.46627086
-0.44006532
-0.15510505
-0.01989033
-0.2891334
-0.8560668
0.31826368
0.16173927
-0.4240413
-0.9177495
0.512767
0.37221894
0.004987583
-0.3367682
-0.9304151
0.059378307
0.25825715
0.1497239
-0.342373
-0.87117887
0.7038065
0.023971768
-0.89222515
0.15073861
0.44429648
-0.4207568
0.113833874
0.1841868
-1.043061
0.09832593
-0.23993783
-0.63053316
0.38320664
0.6363246
0.64793915
-0.44124937
-0.9669436
-0.14662829
-0.9776859
0.47506386
-0.11753638
-0.081371576
0.28733435
-0.07020487
0.9370116
-0.09296189
-0.39765227
0.15131244
-0.28012136
0.10330481
0.28231388
0.5646161
0.3517192
-0.21403515
-0.4775495
0.58603466
0.21639457
-0.121727884
-0.49687564
0.85108256
0.040842514
-0.4213985
-0.66472834
-0.5502484
0.2906339
0.21072866
0.06327069
0.66085243
0.29624695
-0.62162495
-0.9610682
0.40908328
-0.96836257
0.8277414
0.24062361
0.10681247
-0.045303207
-0.29376286
-0.74899983
0.01329687
0.010153892
-0.024378423
-0.4075668
-0.081275985
0.77889836
0.08447903
0.7392181
0.2808667
0.6591142
-0.80372477
0.02343208
-0.8411682
-0.46154144
0.2251977
-0.55652654
0.26043284
-0.17265004
-0.682819
0.20185916
0.1649825
-0.035842013
-0.4418863
-0.6555373
0.6026952
-0.061358795
0.10857673
0.9674192
0.018175887
0.642489
0.7322195
0.26337406
0.4550772
-0.07239683
-0.5896698
0.16094886
0.073682204
0.4208432
0.02534881
0.32404202
0.6356045
0.024397498
-0.71770513
-0.22681704
-0.058214296
0.14272481
0.14053848
-0.10077775
-0.54596794
0.42114976
-0.14275908
-0.9200373
-0.88209176
-0.7882482
0.3590319
-0.10082895
-0.05662678
0.1555419
-0.16790299
0.27456644
-0.6801554
-0.84624326
-0.8415228
0.37849048
-0.65660167
0.48834917
-0.77255416
0.0067843096
-0.68591815
-0.52762747
-0.5263132
-0.45275682
-0.114584744
-0.011228948
0.36174753
-0.06966008
-0.072187565
0.12526612
-0.5762771
-0.34858555
-0.108959876
-0.062298834
-0.37144414
-0.21206905
0.8030697
0.468598
-0.036468245
0.20791742
-1.037759
0.13825093
0.023456259
-0.26201773
0.29484642
0.2544767
-0.7029327
-0.07609808
0.5137477
0.052819505
-0.80737036
0.2647566
-0.655428
0.5006521
-0.62630475
0.04909574
0.37768006
0.08400412
0.597131
0.5157793
0.31613645
-0.28895575
-0.801641
-0.34604365
-0.017196275
0.4484467
-0.61560345
0.24850208
-0.7201936
-0.07799604
-0.24956085
0.021002166
-0.2871498
-0.23464918
-1.0251232
0.021803552
0.5323752
0.07383939
-0.5238947
0.5858038
-0.057539485
0.0705111
0.46289364
-0.06466474
-0.048369657
-0.5204231
-0.2102259
-0.1591001
-0.022041935
0.005754253
0.91177696
-0.036898322
-0.61697185
0.46854898
0.5446918
-0.05035648
-0.60864437
0.024099655
0.11903012
0.5300093
-0.546449
-0.70556396
-0.067665525
-0.107165456
-0.36802524
0.15507759
-0.49295682
-0.5697967
-0.5262671
-0.488471
-1.072448
0.012777245
0.41474935
-0.32570893
-0.52951944
0.3815121
-1.0662004
0.34360564
-0.32620177
-0.038894948
0.49214923
-0.22242309
0.26554143
0.32422072
-0.24055193
0.6059185
-0.069985025
0.5026962
0.10559401
0.48650265
0.0654457
-0.2770861
-0.8919872
-0.34438288
0.71165115
0.2996684
-0.22196151
-0.053679835
-0.7976475
-0.003453767
-0.8788943
0.42189398
0.18023837
-0.2627379
0.0058091804
0.8351583
-0.4344765
0.4747555
0.54089403
0.60058224
0.10553504
0.31922838
0.66437745
0.07698706
0.17085387
-0.09621765
0.3437908
-0.54883456
0.45228916
0.22423813
0.3148708
0.6806879
-0.1464617
0.51565075
0.117951654
-0.6578904
0.20123808
0.1390135
-0.7886832
0.11399917
0.09310952
-0.41057488
-0.060730264
0.04555847
-0.23698421
0.6141458
0.16757017
-0.013245704
0.18120621
-0.50760293
0.6118981
-0.076587886
-0.27517694
-0.59217685
0.044724155
0.041812602
0.2691307
-0.27051568
-0.09330184
0.011670371
-0.84528303
-0.02733814
0.73540527
-1.0393867
0.18156493
0.4915192
-0.3880122
-0.3386593
0.5784677
0.006265627
0.38710603
-0.033811953
-0.10217381
0.20295006
0.51863074
0.15793872
0.03848388
-0.01665683
-0.44487488
0.6061083
-0.016352883
0.75401723
-0.0118886875
0.71564615
0.21552947
0.9055454
-0.62601125
-0.9230401
0.7711852
0.24574037
0.61374336
0.68787557
-0.06391377
-0.30038133
-0.63366795
-0.28191888
0.011049041
-0.95757973
-0.115362994
-0.7915713
0.59801066
-0.109974004
-1.0161959
0.17227924
0.75632596
-0.41887057
-0.6810545
0.23510413
0.6583252
0.43901843
-0.84332633
-0.37181088
-0.0014819392
0.004785571
-0.83736175
0.1152539
-0.07656423
0.02732113
0.38747084
0.6060176
0.769082
0.7282677
-0.13840775
-0.00711007
-0.03315554
-0.2555171
0.12474634
-0.14683674
0.30958137
-0.7475379
0.27418777
-0.14185806
0.29930112
0.17543027
-0.22761747
-0.6438649
0.5881276
-0.1813842
-0.5677327
0.7178533
-0.015257629
-0.33656755
-0.030496113
0.28112236
0.1342105
0.23061013
-0.0338995
0.23052865
-0.05673212
-0.8686445
-0.8423333
0.16455011
-0.13784416
-0.86381245
-0.76045233
-0.89787555
-0.17875642
-0.42619604
0.11104916
0.38996252
-0.23211248
-0.7319532
-0.36302105
-0.35102284
0.07639606
-0.733814
0.13967998
-0.5269655
0.0005331492
-0.06143369
0.39771476
0.74589765
-0.093822695
-0.7782197
-0.16628641
-0.0034477764
-0.15935877
0.37961766
-0.2408157
0.022319123
-0.8282227
0.26849517
0.2523129
-0.3695962
-0.01313403
-0.7993182
-0.20917098
-0.6097538
0.5805829
0.0066779233
0.42835665
0.036583144
-0.034135666
0.20989646
0.7206825
-0.0117628565
-0.5916753
0.6461635
-0.20001355
0.3000268
0.038614344
0.7802749
0.16912536
-0.32491532
-0.13363959
0.74888325
-0.25667772
0.18115559
-0.4910215
-0.45654505
-0.05168132
0.2715522
0.71999586
0.09553418
-0.6843823
0.026593192
0.19474815
-0.12695947
0.3564176
-0.8596209
0.5688246
-0.18902421
0.2735852
-0.08433631
0.59830403
-0.13850051
0.6750574
-0.15029469
-0.21870914
-0.94438946
0.21267764
-0.6066662
0.42038178
0.34341076
-0.80965674
-0.9109408
0.27391234
0.16644312
0.57243955
-0.26858455
-0.32061705
-0.46433884
-0.10183991
-0.68281347
-0.88130957
-0.44153205
-0.72359204
0.66904825
0.4638423
0.15886657
0.25618032
-0.8499275
0.18231586
0.4526735
-0.32264513
0.14263123
0.006714062
0.7546809
-0.3593345
-0.120881476
-0.19818804
0.5486499
0.51844263
-0.53859496
-0.68424875
-1.0803019
0.8790078
-0.33866727
0.45637438
0.2354016
0.5271479
-0.22223604
-0.9688275
0.3702352
0.36642396
0.4190171
-0.66113967
0.82515645
0.012108849
-0.26855075
0.5816848
0.55368006
-0.4828695
-0.006850799
-0.71557385
0.22147831
0.3470492
-0.6426927
-0.86859024
-0.8769057
-0.040215395
-0.39939865
0.41149455
-0.08609549
-0.7162173
0.28089103
-0.29181165
-0.31693658
-0.16107419
0.3638049
0.7335408
-0.67317116
0.51165676
0.7257592
-0.35387215
0.03610743
-0.668649
0.28089905
0.0446716
0.20926227
-0.95618796
-0.94949627
-0.9817126
-0.29145944
-0.4463625
-0.35792184
-0.61915505
-0.23982605
0.09674486
0.047865603
-0.39803845
0.5002707
-0.024646256
0.7429789
-0.8433458
0.0049468814
0.1440726
-0.11215228
-0.27764478
0.013864282
0.17413355
0.8018987
-0.2369677
0.7092438
-0.103076674
-0.0019415059
0.15632872
-0.043000117
-0.311392
0.48519576
-0.78849816
0.4983324
0.060430933
-0.31033403
-0.9207168
-0.83793336
0.12831579
0.63001734
0.27433118
-0.91517735
-0.6743167
0.2487028
-0.30839717
0.0051652594
-0.7775308
0.594289
0.11720594
-0.5371084
-0.67246234
-0.080038175
0.043902084
0.044995327
-0.13395527
0.5658529
-0.44014612
-0.6811475
0.03511704
0.2276412
0.14518444
-0.81227034
0.6078766
-0.45665145
0.1483498
-0.2378262
0.30067566
-0.23741306
0.1699144
0.3431421
0.17450732
0.030561121
-0.6842601
-0.84182245
-0.049807247
0.47566664
-0.8941748
-0.09777634
-0.26596656
0.39807525
0.6149902
-0.81975293
-0.19443764
-0.064466275
0.35747626
-0.3717432
-1.0032202
-0.011696273
-0.08348174
0.84769094
-0.47650832
0.07065623
0.24044608
-0.41012543
-0.9095312
-0.45233822
0.17862657
0.26709595
-0.3351836
0.019495199
-0.87296665
0.11253294
0.27987427
-0.97194415
0.44915056
-0.79333717
-0.7924367
0.11752074
-0.23396629
0.23637469
0.29972687
-0.037108462
0.12976103
0.3815102
-0.47331733
-0.15076087
0.025438724
-0.9997513
0.020091195
-0.15375358
-0.7570653
-0.025989316
0.4712718
-0.57984644
0.13044903
-0.42838225
0.1889607
0.14684616
0.15733291
-0.2342156
-0.035925347
-0.052267905
-0.9008013
-0.09422296
0.12512594
0.24557708
-0.97978187
-0.32780126
-0.8218979
0.061232615
0.6278318
0.7367456
0.36074308
-0.44973597
0.101630196
0.04970061
-0.17747964
0.5147201
-0.29663354
0.18844545
-0.4102354
0.31350303
0.63303
-0.99138415
0.47411567
-0.118345834
0.094007924
0.08228645
0.094907776
0.14518249
0.34241197
0.49787945
0.029457312
0.28082874
-0.19027722
-0.910177
-0.013743043
0.1698898
0.0032984675
-0.044675253
-0.20580691
0.60287577
0.29953367
-0.24683945
0.056663852
-0.5025779
-0.4093776
0.025840314
-0.14253925
0.009679417
0.010978735
-0.40620545
0.011234025
-0.043779336
-0.08233698
-0.25683996
0.43416497
0.052693177
-0.93909925
0.22173207
0.5854018
-0.6028186
0.71045077
0.4011765
-0.25321624
0.30731463
0.04650093
0.018898664
0.6031001
-0.061191566
-0.9174012
0.3334532
-1.0219067
-0.06640242
0.6686409
0.22516161
0.014845139
-0.86482394
0.12246812
-0.4751081
-0.17385663
-0.77285266
-0.03027429
-0.35660958
0.5247735
0.55069727
-0.41703847
0.15705578
-0.7267273
-0.4786679
0.04588876
0.10539322
-0.03447561
-0.65156025
0.023931304
0.4085033
-0.33697912
-0.13642439
0.11736837
0.11145088
0.009966434
-0.26975605
-0.7495262
-0.15914465
0.21744679
-0.2473045
0.95477307
0.51447785
-0.83799356
0.6002647
0.16071546
0.40673625
-0.1777062
0.19126827
-0.58642066
-0.1816547
0.45692635
-0.5827529
-0.03406869
0.005612781
0.019511808
0.6608525
0.45766145
0.36019894
-0.80564046
-1.0039735
0.23983344
0.07951608
-0.44403988
0.1627556
-0.89478135
-0.48730373
0.17084277
-0.9980248
-0.22695903
0.12935624
0.031004602
-0.1486225
-0.10544723
0.48691595
0.5820468
0.3678776
-0.433444
0.5446636
0.6007422
-0.3572115
-0.3968196
0.010929591
-0.21065718
0.29235294
-0.42074344
-0.61217606
0.28764868
-0.08822819
-0.6636124
0.07176636
-0.45857546
-0.85383534
-0.32285908
-1.0117621
0.23892626
-0.018041011
0.7030663
0.43056005
-0.299343
0.71044356
0.18632147
-0.39182347
-0.43254593
0.50475645
0.56109357
-0.35925484
-0.77125686
0.35996187
-0.68484986
0.49997908
-0.58156294
-0.3538822
0.39967573
0.36301053
-0.5686067
-0.13338943
-0.9953674
-0.04815859
-0.8915193
-0.012673853
0.06083588
-0.12753579
0.18145758
0.04555898
0.4802192
-0.5247329
0.40505362
-0.27441382
-0.5837905
0.21430804
-0.21232453
0.17946446
-0.7309712
-1.0337038
0.39482385
0.09638548
0.6588668
-0.033946253
-0.29062933
-0.19241047
-0.546142
-0.005842234
0.34359
-0.43398342
0.59363365
-0.64611894
0.5981938
-0.006147546
-0.5954708
0.09550003
-0.32534134
1.0573369
-0.037503835
-0.62269235
0.3021995
0.012167748
-0.24245122
0.045451567
-0.7791859
0.12440765
0.2646903
0.03158944
-0.091243446
-0.41795886
-0.19238974
0.087051384
0.54379195
-0.69196886
0.02926151
-0.36617833
-0.17236787
0.048557535
0.5326661
-0.21124081
-0.29288787
-0.7284638
0.24133645
0.08135937
0.29693362
-0.7830072
-0.46410215
0.17269029
0.5032364
-0.0043983823
-0.18765219
-0.4775766
-0.193865
0.6624955
0.08065669
-0.755458
0.20221758
0.6393149
0.25231686
-0.016649028
-1.0246623
-0.5661376
-0.066777304
-0.39418513
0.15024187
-0.4138097
-0.35439783
0.39136323
0.2736985
-0.2626912
-0.7391206
0.58912545
-0.88199675
0.038732957
0.02624896
0.34407035
-0.10786833
-0.54680735
0.0127082905
-0.009049432
0.16881377
0.5068497
-0.27519608
0.1492643
0.27936658
-0.73763186
-0.65950567
-0.057437368
0.3176749
0.87833333
0.55809164
0.57922363
0.33629075
-0.91294134
0.04967502
-0.09095266
-0.20803396
0.46537542
-0.03512875
-0.4812451
-0.033290673
0.052725602
0.030133743
0.09619848
-0.7632708
-0.12601073
0.5490693
-0.7703065
0.16847257
0.3903857
0.06929265
0.16443972
-0.20344204
-0.49427637
-0.3923212
0.32843915
-0.12480379
-0.6992271
0.26279685
-0.3324364
0.10606103
-0.07905632
0.069171645
-0.0004421387
0.030926522
0.8019169
-0.790065
-0.8452556
-0.68572605
-0.8168775
-0.040974684
-0.017429482
0.14980166
-0.46952564
0.15884243
-0.92697144
0.11229997
-0.7373076
0.3644203
-0.0076193893
-0.8890176
-0.08367619
-0.6062692
-0.274314
-0.4380105
-0.26343504
0.21672843
0.46089986
-0.36653706
0.045912467
-0.62126744
-0.43018955
-0.6989843
-0.23763002
0.5591569
-0.3835433
0.0790208
-0.8855129
0.028059632
-0.27395573
0.01914129
-0.012895556
-0.5125685
-0.1463646
0.51438016
-0.92613256
-0.98955256
0.2627124
0.41732156
-0.1773574
0.07497447
0.031012414
0.08374153
-0.89228773
0.76801276
-0.025338503
-0.89434683
-0.77938634
0.092785746
0.459782
0.7024394
0.030767683
-0.27536052
0.1951415
-0.29759264
-0.105177835
0.17015627
-0.30376542
0.5338252
-0.3938789
0.5266553
0.7057216
-0.07229718
0.018654024
0.17522147
0.43548876
-0.005958892
0.65997773
-0.64691895
0.44285882
-0.17912823
0.19903073
-0.38186416
0.5443112
-0.017454354
0.5481722
0.5582369
-0.17389017
-0.5676522
-0.42027476
-0.28087044
-0.10102181
0.17128037
0.12048789
-0.14806269
-0.07837617
0.7123326
-0.15757132
-0.8258402
-0.5308641
0.029333958
0.07568914
-0.61013293
0.04318232
0.15749831
-0.054444846
-0.1260321
-0.19795726
-0.839955
0.10738176
-0.34742862
0.165984
-0.48110828
-0.18784818
-0.014060889
-0.54910904
0.19199629
0.09196732
0.42115653
0.064788885
0.013895715
0.11662173
0.29692602
-0.35893115
-0.15888512
0.1993398
0.2056422
0.041150875
0.018997166
-0.43530533
0.08979094
0.19694693
0.080703944
0.103359126
0.32858706
0.47974592
0.10150591
-0.29970607
0.26560268
-0.2398032
-0.6280892
-0.0677778
0.5597022
-0.47473174
-0.15343203
-0.46991277
-0.16699079
0.004699595
0.20245168
-0.638805
-0.7456343
0.6197085
0.27680638
-0.54020816
-0.16157569
0.269197
0.8585431
0.15819985
-0.20870535
-0.2194269
0.6327821
-0.44319728
-0.97678447
-0.02363761
-0.9598279
-0.87174076
-1.0416572
-0.14277358
-0.4348461
0.15117624
-0.62043357
0.21308358
-0.8163575
0.08004298
-0.07376141
0.34048548
-0.35139307
0.40380856
-0.00041193733
-0.66011083
-0.53959084
0.11661762
-0.83795613
0.62034047
-0.38885713
0.53158665
-0.024766542
0.022674622
-0.7247274
-0.21517092
-0.7100142
0.6715485
0.5098714
0.52943885
0.17373051
0.13403013
-0.26451528
-0.49525025
0.3006029
-0.3705541
0.16857868
-1.0441397
0.7719273
0.20125826
0.0029434238
0.32807773
-0.4924271
-0.77088624
0.0636979
0.43184328
-0.06621772
-0.07490589
-0.5968196
0.25765145
-0.34671444
-0.5977489
0.7209565
-0.011604648
-0.66348255
-0.16475844
-0.102069184
-0.026509158
0.68366915
-0.14577003
-0.37304348
0.7417642
-0.52917224
0.40692583
0.04399603
0.3209303
0.90961605
-0.96069455
0.2239842
0.36653936
-0.19655347
-0.95136344
-0.10739882
0.894657
0.01340105
-0.072353266
-1.0301752
0.0658043
0.025331354
0.46962908
-0.8488307
-0.94808704
-0.13689783
-0.023625586
0.77021813
-0.0021760026
0.61882436
0.31392136
0.80060244
-0.16582343
0.25394374
0.5688354
-0.7130343
-0.85549796
-0.97133005
0.04308099
0.6411739
0.50521773
-0.304578
-0.8011849
0.14183453
-0.48703107
-0.028397132
-0.09901421
-0.0030015071
0.56021327
-0.43829703
0.049521133
0.17393921
-0.3633464
0.029996622
-0.11937929
0.76126677
-0.48841166
-0.14379086
-0.080328345
0.6464764
0.4465125
-0.04661539
0.35444775
-0.41886795
-0.72796404
0.42056754
-0.21888332
-0.6627605
0.19254154
-0.806782
-0.78549415
-0.06834966
-0.7130366
-0.90929586
0.24668628
0.46647394
-0.3108734
-0.74283236
-0.34472176
0.012238568
-0.26157433
0.007552045
-0.010089368
-0.7391181
0.291058
0.03114673
0.11142685
0.30971488
0.08984962
-0.61940914
0.48533154
-0.6723912
-0.2716264
-0.18609306
-0.06674159
0.2890992
-0.19747071
-0.2866299
0.42684102
-0.9348946
0.03302649
-0.49011904
-0.15092638
0.6437477
0.5742394
0.405631
-0.5618857
0.47812426
-0.31702045
-0.36895016
0.062746115
-0.41117534
-0.021358311
0.65049535
-0.38254952
0.30551785
-0.54023963
0.22319658
0.7636878
-0.6105275
-0.47511148
-0.6175445
0.073722444
-0.7615941
0.028400766
-0.30692834
0.060471717
0.09301057
0.5034361
0.516192
0.61140436
-0.52193534
-0.0018574073
-0.28768647
0.2890898
-0.8407263
0.06832315
-0.8257576
0.56216425
0.11347055
-0.20493723
0.049821816
-0.23664397
-0.22596808
-0.113587946
0.05607543
0.6059207
-0.42647848
-0.6239868
-0.14742076
0.30383414
-0.39073068
0.45639902
0.6477565
0.00079841993
-0.2039419
0.021902548
0.18897933
0.45108038
0.108831175
-0.02196152
0.16661346
-0.6014179
-0.3575836
0.35302278
0.12302156
0.563497
0.73687816
-0.14039135
0.003880532
-0.41919234
-0.016257638
-0.30152854
0.28657484
0.62575763
-0.99334514
0.19561176
-0.7350795
-0.14818329
-0.6063231
0.06265417
-0.53321177
-0.5656787
-0.39966428
-0.15927702
0.073528044
-0.0034980427
0.39852875
0.06805918
-0.6925151
0.33419177
-0.16211341
0.34891218
-0.554282
-0.001026082
0.32498276
0.19137844
0.53938174
0.024845878
0.22308548
-0.12039262
0.91825426
0.25152948
0.21842666
0.74116844
-0.8616841
0.5375633
-0.15713103
-0.4447915
0.28422552
-0.357726
0.35460907
-0.012576766
-0.8950901
0.3350646
0.4172649
-0.069420055
0.4701435
0.20207866
-0.92904955
0.26094225
0.105099164
-0.28246313
-0.018746823
0.3249641
0.2851807
0.8963375
-1.035437
-0.063956544
-0.01652943
-0.10452289
-0.6895301
0.77169585
0.4056402
-0.78465205
-0.42503503
0.0008345889
-0.55785346
-0.76168656
-0.05436184
-0.058043845
-0.0546181
-0.20146208
0.5642583
-0.7024984
-0.19173917
-0.39585066
0.5645086
-0.19723025
-0.9240387
-0.71677566
-0.5151353
0.41339162
-0.21147728
0.3642724
-0.26843145
0.04523644
-0.29641786
-0.22083756
0.037542995
-0.73230016
-0.49393135
-0.8146839
-0.6978355
0.179795
-0.02990739
0.090626985
-0.21190327
-0.18348813
-0.9952415
0.45520705
0.076680325
-0.6255428
0.5114435
-1.0420117
0.3962765
0.40349507
0.3606459
-0.72663057
-0.014783033
0.00465033
0.010123378
-0.23030381
0.18023999
-0.6630321
-0.6741647
-0.8332751
0.07347152
0.16379865
0.052923065
0.16351542
0.36691126
-0.8181964
-0.13457042
-0.0330335
-0.22914931
-0.009183788
0.09491523
-0.047238953
-0.04527648
0.39408833
-0.11180514
0.63492006
-0.09585749
0.083853535
0.3334625
0.052787125
-0.28877914
0.5560895
-0.33549756
-0.17836283
0.20335586
-0.6560851
-0.6651362
-0.16307788
0.48022157
-0.39614925
-0.47570404
-0.60997206
-0.42726097
-0.04530351
-1.115671
0.4751945
-0.42385888
0.1149517
0.25798938
0.182781
0.7620478
0.3353365
-0.50704896
-0.64161634
-0.25721425
-0.24303484
0.22796726
0.14146875
0.49209487
0.14876498
0.09075918
-0.10905399
0.8384571
-0.48520148
0.31269944
0.28901184
-0.93084484
0.2448305
-0.7296381
-0.26780877
-0.039415047
-0.087600596
-0.83511555
-0.018349575
-0.21510316
-0.08301777
0.11824055
0.49910736
-0.12624025
0.23304826
-0.968668
-0.31340876
-0.040142536
-0.17134984
0.3224434
0.35416868
-0.06392126
0.41170332
0.24933974
0.7492049
-0.08345624
-0.36277735
-0.06730573
0.030985074
-0.06258569
0.096218534
-0.03921027
0.061033595
0.44632703
-1.0091281
0.35737124
0.14306629
0.045374766
-0.30166164
-0.47921976
0.84961313
-0.4873696
0.07456216
-0.6416383
0.26523817
-0.5176369
0.36646408
0.28362653
0.09969446
0.5574882
0.13176323
0.017183911
-0.38533783
0.14260007
-0.281282
-1.0071144
-0.25049064
-0.6272372
-0.7140276
-0.81958413
0.4833806
-0.29864186
-0.921753
-0.6789121
-0.016404854
-0.21812797
0.007993684
0.7432947
-0.22219907
-0.13011925
0.80923456
-0.0096369805
0.3464646
0.2587489
-0.8044872
0.0069165067
0.33964688
0.23397781
-0.17615747
-0.8643589
0.028982647
0.39712164
-0.85114944
-0.037331764
0.14124048
0.027934358
-0.860481
0.030494034
-0.48159283
0.6465817
0.0066871666
0.4507059
0.39591074
-0.084513165
-0.4246825
-0.1272569
0.03742331
-0.29359156
-0.015013711
-0.953177
0.47157705
-0.13732588
-0.029551499
0.4902845
-0.72531855
-0.271079
-1.0596656
-0.9664335
-0.25419927
0.53187966
0.011249225
0.23233469
0.55998874
-0.90213525
0.50631166
-0.80930537
0.2989933
-0.05244019
-0.9132729
0.21772859
-0.92407906
0.23374885
0.81035227
0.22332557
0.51664233
-0.4347011
0.038784206
0.0477575
-0.65029246
-0.94607604
0.26847926
-0.058307424
-0.8984218
-0.17583425
-0.21621032
-0.08674068
-0.80482644
0.96787834
0.36310625
0.17264104
-0.31341887
0.65514827
-0.7509061
0.31066453
0.07239038
0.67671984
-0.92272055
0.5064002
-0.47329152
0.009656967
0.63075745
0.09591181
-0.012127587
-0.4387228
-0.33011213
-0.066311955
-0.3232965
-0.49263054
0.030942533
0.43439126
-0.6202273
0.23051123
-0.87890726
0.37389666
0.16804777
-0.6819
-0.17187712
-0.2940898
-0.56836575
-0.2907605
0.22939098
0.1886188
0.5303777
0.3824876
-0.30960238
-0.25400367
-0.03626224
-0.3031864
-0.49785244
0.11475418
-0.1971576
-0.038837984
-0.37345845
0.2561997
0.12501428
-0.43250877
0.2889427
-0.05918694
-0.7487849
0.6639468
0.5259285
-0.68726563
-0.8148986
0.054884043
-0.35468385
-0.025502246
-0.9248921
0.17449369
0.09793712
-1.0447806
-0.9934942
0.35961238
0.52046335
0.02162758
-0.84753114
-0.2791996
0.23009484
-0.90496105
0.18411928
-0.2834439
-0.6387719
-0.19907644
0.6622649
-0.194485
-0.265948
0.18812965
0.1871654
0.09832283
0.68459076
-0.5319696
0.06342482
-0.108298965
0.41463557
0.41928786
0.52018416
-0.24372609
0.41334462
-0.85696256
0.09445269
-0.92068726
0.18826133
0.19530562
0.58074033
0.1156027
-0.009226132
0.3242987
-0.8037956
-0.27977744
-0.28674155
-0.23464054
-0.49663538
0.47131616
0.5225929
0.09058824
0.8865972
-0.045390185
0.6322072
-0.13558988
-0.33086434
-0.17651136
0.789913
-0.5282795
-0.23114774
0.12917568
0.75593567
0.28831127
-0.012336438
-0.22319043
-0.06438604
0.2545602
-0.2485725
0.59561527
-0.44937152
-0.1586271
0.23351225
0.160561
0.026463645
-0.6838529
-0.29946873
-0.5090035
0.052197516
0.25037694
0.16471276
0.08407907
0.0056593404
-0.0035064209
0.51575
-0.3670572
0.110141344
0.7287747
0.32770452
-1.0362635
-0.33216706
0.75342834
-0.5407552
0.680624
0.8902737
0.43069196
0.5969986
-0.49674472
0.008338096
0.28740633
0.010563848
-0.4561171
0.6852385
0.1859661
-0.13310358
-0.43460765
0.011631698
-0.051842783
-0.73061967
-0.08001285
-0.9317814
0.39950767
0.10015773
0.0054537607
-0.36447617
-0.6254139
0.11022158
0.3293396
0.602049
-0.015004476
-0.92243093
-0.16666453
0.3042408
-0.21505885
0.054282647
0.6395373
0.33065468
0.68940926
-0.571359
0.7258288
-0.052916717
-0.22170095
-0.07036004
0.016811615
0.3625245
-0.1466549
-0.70548433
-0.013700147
-1.052567
-0.06685727
0.7148941
-0.24403678
0.52601683
0.29266512
0.0052613514
0.04032557
-0.41523832
-1.0005453
0.23595439
0.06457754
0.7807733
0.38500467
0.23924507
0.19999951
-0.38636282
-0.020721095
-0.85885656
0.8053652
-1.0376669
0.05963218
-0.09452439
0.2759223
0.4978522
-1.0734335
-0.08274132
0.2653003
-0.08091567
0.6921097
-0.36107495
-0.6825286
-0.28764564
0.60090005
-0.9296871
0.1909943
-0.88782454
0.22295983
-0.135591
-0.45690453
-0.69422436
-0.52461076
0.04617303
0.68514705
0.08941923
-0.35175458
-0.77418864
-0.060775403
-0.44306082
-0.93111193
0.116603546
-0.7742954
-1.0464023
0.46384612
0.06128792
0.6192093
0.5658266
-0.17403454
0.29505238
-0.54643434
-0.009765347
-0.24341708
-0.109851204
-0.7950911
-0.72031164
-0.22143675
0.2406099
0.8130608
-0.13911273
0.60978484
-0.8214389
0.87159866
-0.11482104
-0.5387806
-0.0036418403
0.052657664
-0.3927244
0.026185442
0.010230103
-0.33200794
0.21219131
0.33430204
0.2501069
-0.101684906
-0.19639573
0.171131
-0.001881904
0.0051889936
0.19067393
-1.0419675
-0.21526112
0.11575015
-0.73252475
0.3524352
-0.53219235
-0.66247
0.018935196
0.18636869
-0.6598816
-0.3017558
0.4486646
0.28635284
0.31354117
0.2656558
-0.07720391
-0.02856263
0.07935655
0.024639098
0.24759093
0.52800566
0.12613559
-0.24789251
0.06735458
-0.251331
0.6332505
-0.34084478
0.2485632
-0.20079778
-0.78675103
-0.6306033
0.018554617
-0.16429563
-0.1768561
0.39574018
-0.7185895
-0.48748723
-0.3715416
0.22706102
-0.028785896
0.5048088
-0.29728398
0.8375639
-0.49384403
0.23306942
0.018954063
-0.8054165
0.58102524
0.0032550741
-0.0021753814
-0.037843436
-0.7758068
-0.40394196
0.37901774
0.07609656
-0.052541055
0.039395496
-0.8055852
0.048190325
-0.24427684
-0.22815756
-1.0336456
-0.006472425
-0.4907175
0.0034589507
0.061895456
0.42302802
-0.1959898
0.25917837
0.1756213
-0.96289605
0.8020228
0.10800087
0.14000641
-0.043808285
-0.15774073
-0.31297734
0.24254186
0.05625093
0.19309156
0.1854858
0.15825328
0.22154985
-0.49221796
0.0077526676
-0.3901373
-0.2772794
0.49275708
-0.45309046
-0.24560943
0.6820849
0.5543271
-0.24594864
-0.6360032
-0.7910335
-0.12182233
0.08356073
0.760477
0.7636468
-0.002756594
-0.15505368
0.08284515
-0.21351731
-0.11095829
-0.7431402
0.40273514
-0.19386253
0.5286211
-0.66244
0.09992713
-0.0077097574
0.44667774
-0.012691759
0.009055377
-0.29840252
0.001989781
0.13544482
0.12708417
-0.401051
-0.6508567
-0.0836625
0.35986325
0.5393444
0.17933765
0.0497715
-0.083877474
-0.82679564
-1.044008
-0.0004630647
-0.47282296
0.0067659724
-0.47004235
0.050945982
0.78566587
-0.7343577
0.10197207
0.028923592
0.17254184
0.15652983
-0.45987144
0.03636893
0.48792815
-0.6764501
0.58892125
-0.3625999
0.004503495
-0.0523242
0.1949955
0.5145197
0.7185099
0.21127471
0.9651328
0.30026698
0.2248792
0.2130749
0.29255745
0.29148734
-0.81333137
-0.81940305
-1.0327712
-0.8385161
-0.005063997
0.6932821
-0.26079193
0.06104821
0.6547993
-0.42113987
0.12769702
-0.21354617
-0.94309527
0.30930844
0.009091852
0.2133633
-0.40445206
-0.016319046
-0.8084986
0.43967173
-0.043337088
0.06469949
-0.94675833
0.2737156
0.18198164
0.45770383
0.6037578
0.002763748
0.43414533
0.30654553
-0.049075697
0.23868296
0.7421007
-0.37189305
0.09269212
-0.23580822
0.08942892
0.01532235
-0.89818573
-0.043254536
-0.55402374
-0.46759534
-0.46540493
-0.22523159
0.25597918
0.21523297
0.049489778
0.08091678
0.0801314
0.09272066
-0.6663955
0.10468917
0.09116996
-0.14109673
0.46413922
-0.47024965
-0.13007767
0.49752012
-0.22954208
0.37183022
0.14014722
0.13044268
-0.49636775
-0.113765135
0.7770586
0.21999824
0.7404712
-0.34964678
-0.37692955
-0.5239536
0.346587
0.1926639
-0.097661376
-0.6004273
-0.449727
0.22883137
0.27297065
0.6942852
0.058645416
-0.4331734
0.16231537
-0.7166311
0.50151384
0.06548541
-0.75208056
0.16316128
0.23538749
0.30664122
0.050537106
0.5018315
-0.11671966
0.023136025
0.25168106
-0.30618012
0.31985548
-0.7813577
0.4505868
0.3100438
0.23126584
-0.421388
-0.74163854
-0.046506345
0.6068589
1.002425
0.33972865
-0.09586033
0.54154056
-0.50359714
0.44994792
-0.058385737
-0.49458325
0.19415571
-0.87656116
-0.9815967
-0.038863055
0.045286994
0.04629579
-0.4790671
-0.10804912
0.024276458
-0.16802315
-0.21630128
-0.7488271
0.1352928
-0.20473306
0.6483391
-0.6364968
-0.52719
-0.2278196
0.22536802
-0.32831582
0.010880587
-0.19429071
-0.48989844
-0.88268256
-0.37390617
0.032445103
-0.56248736
-0.0021096673
-0.55094653
0.8901737
0.08628293
-0.22141339
-0.7777858
0.45261127
0.12020893
0.008233441
-0.64904755
-0.75875694
0.40970105
0.2476706
-0.41428792
-0.6827788
0.005366387
-0.08465396
0.36424872
0.40554127
0.62692946
-0.8815632
0.045843605
-0.38123667
0.12239517
-0.5819825
0.6376675
-0.77020514
0.3102065
-0.015402095
-0.13187087
0.7534695
-0.91000974
-1.0226306
0.026699184
0.004160727
0.18437973
-0.112705514
-0.39839566
-0.9712863
0.15997517
0.0071852226
-0.64575183
0.18128438
-0.5283681
0.82555693
0.27032813
-0.023679653
-0.41339272
-0.46867555
0.18219024
-0.36871564
-0.70493346
0.08949009
0.2920086
-0.7608981
-0.25719938
0.46650702
0.15056588
-0.59877425
0.053848065
0.18887772
0.1847024
-0.21698691
-0.054539304
-0.9069694
-0.464231
-0.898949
-0.03989128
0.03347486
-0.86271125
-0.033834234
0.056912247
-0.82718277
0.038327232
0.5142057
0.38252598
-0.7534529
0.5151746
0.35208833
0.44749838
0.23731746
0.28271753
-0.33237812
0.03629998
0.48863614
-0.14238183
0.19957937
-0.21620403
-0.61804163
-0.7473595
0.3750297
-0.046971597
-0.6743554
0.22750108
0.11819136
0.060111776
-0.24503973
-0.4066005
-0.6860063
-0.8381709
0.017726086
-0.55517554
-0.20221826
0.19782671
-1.0175465
-0.24497055
-0.27174482
0.431925
0.19410776
-0.004606835
-0.90842193
-0.33109325
0.74818224
0.09472537
0.7430398
-0.89690477
-0.40161565
-0.38183758
0.03588142
0.06517054
0.687899
0.3133568
-0.09623714
-0.5217675
-0.028488414
-0.9000429
0.1921711
0.30040175
-0.8372543
0.053801045
0.15203664
0.35461482
0.3818384
-0.396343
-0.8264097
0.20920837
-0.6475045
0.19018002
-0.044261105
0.43179202
-0.9590353
0.014354887
0.099264875
0.12034352
0.46537605
-0.21096918
0.20060432
0.44139814
0.42901284
0.8850408
-0.6730974
-0.53087306
0.19525939
0.052970603
0.07269052
0.5687315
0.26260942
0.49304312
0.26333377
-0.91558087
0.14168209
-0.18691598
-0.36162347
0.08577897
0.39516878
-0.4065213
0.37570766
-0.18637316
-0.051677432
-0.8529266
0.44408798
-0.10413772
0.29637396
0.52594745
0.3085663
0.38812953
0.020060446
0.15995531
-0.49362645
0.6010832
-0.39480227
-0.129799
-0.037885606
0.16142146
-0.8995802
-0.12438116
-0.5928905
-0.60583276
-0.27852958
0.23557676
0.62305003
-0.20708555
0.2183669
-0.86572444
-1.0371898
-0.11595302
0.12961139
0.25391424
0.00080810033
-0.34202754
0.15594223
-0.40799403
0.275096
0.5931043
-0.08761681
0.28806716
-0.7420306
0.211354
0.62266874
-0.16184312
-0.4112362
-0.63858783
-0.67563015
0.26884797
-0.6210678
0.3531705
0.08467111
-0.030998081
-0.3953511
-0.564834
0.2162633
-0.24908225
-0.6202305
-0.41063818
-0.07321857
-0.46053654
0.82542217
0.81303644
0.050889984
0.14132123
-0.066298805
-0.5237943
-0.36413017
-0.48575586
-0.9659245
0.027224768
-0.34501618
0.032274414
0.18415351
-0.89064294
-0.19745597
-0.14054848
0.52375114
0.42821315
0.16419138
0.10351098
-0.06592856
-0.05506853
0.3961575
-0.34015915
0.1841196
0.383185
0.28291833
0.004056887
-1.018705
-0.22157244
-0.5476994
0.06498953
0.03186433
0.73283005
-0.43702197
0.12900338
0.38981712
-0.5612503
-0.9138314
0.018274073
-0.18264388
-0.34649208
-0.36522382
0.591017
-0.15569483
-0.052378867
-0.32743537
-0.32959577
-0.07865251
-0.95662475
0.18626013
0.14606859
0.72304744
0.20897247
0.22598924
-0.46455142
0.051591843
-0.43314102
-0.108903065
0.08832064
-0.5638071
0.5079698
-0.33207795
-0.6649753
-0.038737014
-0.023659475
0.5665263
-0.7289743
0.20737086
0.6911371
0.51461166
0.38008654
-0.043178048
0.03588774
-0.6200429
0.3252477
-0.00056572485
-0.37565157
-0.5443244
-0.22757064
-0.5408336
-0.24643017
0.8428551
-0.38261247
0.4404004
-0.68330264
-0.769761
0.9636366
-0.65242106
0.14545237
-0.118285984
-0.59510046
0.20687525
0.06857327
0.0345328
0.09891059
-0.8041205
-0.32570046
0.033046648
-0.4795971
-1.0690573
-0.77919865
-0.573389
-0.049210224
-0.76500946
-0.61929816
0.03839111
-0.5101689
-0.1432021
0.127798
-0.32421747
0.14884971
-0.03144146
0.024199555
-0.8530966
-0.7776113
-0.88062024
-0.28485593
-0.7912504
0.9024875
0.68963116
-0.83693033
-0.35505483
-0.00602452
0.48718312
-0.0451572
-0.15603937
-0.12650327
-0.77869177
0.26234064
0.58426505
0.015477404
-0.40421417
0.055645972
-0.507989
0.4854193
-0.19403404
-0.79437155
0.4346396
0.16338885
-0.6104366
-0.43742844
-0.26109466
-0.17062323
0.30407596
-0.07880025
0.0059629474
-0.86952657
-0.249944
-0.9715796
0.016038788
0.011122916
-0.03547779
0.5622077
0.79118073
-0.1851979
0.005045698
0.024872992
0.049544353
-0.16128872
0.03880668
-0.23362094
-0.4366174
-0.4980324
0.022728866
-0.61960685
-0.07983574
0.27951515
0.5073809
-0.11705994
-0.33621532
-0.3710886
0.13696127
0.2434469
-0.024286462
-0.5468656
-0.93322396
0.162496
-0.64063567
-0.84635967
0.6199582
0.418297
0.26566827
0.17021589
0.043802895
0.5732213
0.3129895
0.5799869
-0.082279705
-0.22952703
0.7388253
-0.22285807
0.07848036
0.12123679
-0.5370692
0.3258972
-1.1045574
0.18758862
-0.17269483
0.8434378
0.6958096
-0.14085369
0.47475022
-0.9690517
0.7090506
-0.07377615
-0.5382806
-0.4269725
-0.68778664
-0.034442976
-0.025242763
0.033020597
0.73256814
0.073001966
-0.06103904
0.17476173
0.22708984
-0.13572592
-0.0023824424
0.27127013
-0.3655951
-0.60599804
0.6541146
0.16631232
0.29634634
-0.21271849
-0.62475497
0.62632614
0.42132464
-0.76293314
0.27696422
0.08512436
-0.8723872
0.15163185
0.48812842
-0.58650637
0.14307272
-0.13409552
-0.7671201
-0.22363445
-0.4074706
-0.8471738
-0.15324149
-0.3341423
-0.21637753
0.1314953
0.024211818
-0.16886622
-0.30249196
0.054550465
0.060000323
-0.41735822
0.25718448
-0.79268706
-0.16099857
0.33269408
-0.29166436
-0.55104125
0.46711832
0.6324171
-0.037932534
-0.746803
0.15294369
-0.0413686
-0.021981955
0.33683917
0.13435246
-0.9845238
0.10480373
-0.40743005
0.012557504
0.46467716
-0.038437895
0.19472255
-0.24636428
0.21108529
0.16404743
0.6296051
-0.2524893
-0.15743795
0.17853619
-0.24873124
-0.3147847
-0.14980388
-0.02787956
0.6779301
-0.008159771
-0.76758486
-1.0605335
0.5582944
-0.29392162
-0.6086218
0.084485345
0.77262557
0.014033874
-0.6829392
-0.023653295
0.79309034
-0.17079355
0.38915157
0.14001636
-0.5871314
-0.43270716
-0.5893195
0.34388292
0.02280918
-0.81750685
0.007671372
0.2505515
-0.50054467
-0.04789711
-0.3199435
0.16469863
0.63737464
-0.25400057
-0.64290553
-0.55496126
0.019735908
-0.6058005
0.10410291
-0.79456127
0.37749547
-0.88099456
0.097851776
0.6643999
-0.571016
-0.16663153
-0.6158286
-0.07203798
0.4827337
-0.45669898
-0.90421593
0.049096838
-0.39657757
0.347116
-0.25322518
-0.14024973
0.5221083
0.0072514033
0.06785403
-0.11711627
-0.7028936
0.5115288
0.41467196
0.45551836
-0.35570428
-0.3878995
-0.30364636
-0.5362779
0.009543926
-0.09733163
-0.0046678875
0.1458012
-0.01495192
0.56975543
-0.1118007
0.37773824
0.004658704
0.10338958
-0.040509738
0.32087123
-0.23455705
-0.20857245
0.27336028
-0.49795526
-0.14585932
0.45970237
0.5886121
-0.27877536
-0.101918876
-0.13011885
-0.2928912
-0.29616114
0.06380352
-0.0710362
-0.1690691
-0.602319
-0.44814047
0.18783957
-0.64177704
-0.78643036
-0.2320851
-0.49539134
0.76754975
0.24343011
0.2014163
-0.52691257
0.5737558
-0.8693734
-0.014740791
-0.32628557
-0.36811954
-0.85315776
-0.16912834
-0.05166781
-0.26448002
0.17382845
0.07648498
0.10732344
-0.08975755
0.01404008
0.60055804
0.49918002
0.38146362
-0.27687404
-0.1976039
-0.39202258
-0.6347327
-0.7374169
-0.09633116
0.30972055
-0.012162289
0.34448978
-0.66927874
0.19738925
0.025192574
-0.060162455
0.10604689
0.15384592
0.3113303
-0.15585694
0.09435895
0.11677745
-0.3236075
0.2409962
-0.7402941
-0.8177928
0.10127304
0.09481326
-0.9211011
-1.0138316
0.092668116
-0.73267996
-0.029212305
0.26169005
0.11246858
-0.42524073
-0.8196252
0.5257094
-0.0042719026
-0.09707876
0.085383676
-0.87120235
0.17355543
-0.38521075
0.7437326
0.05496743
-0.38390067
-0.92749983
-0.010639486
0.6273912
-0.47058704
0.033417553
0.038673304
0.17942187
1.0033941
-0.3393039
0.2675928
0.3194623
0.53865343
-0.3709492
0.620778
0.3360809
0.31174284
0.14127986
0.10988534
-0.9265565
0.4570739
-0.06713827
0.09291866
-0.6971324
-0.27018318
0.31545937
-0.050428994
0.28735986
-0.19088177
0.27686027
-0.6071062
0.20886034
-0.11103463
0.5082545
-0.51632273
-0.10368891
0.30033898
-0.7489633
-0.6687936
0.24207516
-0.9776721
0.14438285
0.029847246
0.32893515
0.023311593
-0.22642553
0.015793823
-0.15199128
-0.17365734
-0.099120885
0.23008297
-0.6187807
-0.12016029
0.5816074
-0.57976305
0.325697
-0.06610943
-0.60183764
-0.3642595
0.34911212
0.21920885
0.18979172
0.1301942
-0.38062793
-0.611477
-0.49280724
-0.117708005
0.42616755
-0.7494231
-0.050881203
0.43891153
-0.15371555
-0.24331369
0.22794639
-0.035375588
0.1449505
0.26166812
-0.025281822
-0.089257084
0.037480682
-0.5150273
0.29067004
0.30937
0.2781433
-0.6653049
0.39098144
-0.35799384
0.2624685
0.25044352
-0.14545129
0.12938026
-0.6263912
-0.22329396
-1.0794251
-0.33473933
0.5510966
0.21793535
-0.33793446
0.16703717
-0.048296507
0.5578348
0.20054136
-0.11516956
-0.5458896
-0.5541947
-0.37217715
-0.053229988
-0.96533525
-0.3450223
0.06290255
-0.5967771
-0.87639636
0.8539306
-0.29607925
-0.09312663
-0.20356199
-0.12664703
-0.68028593
-0.9604206
-0.9203249
-0.7891269
0.4724399
0.086225614
0.11334872
-0.08703497
0.022266164
-0.70147955
-1.0074246
-0.04511451
-1.0313691
-1.0467367
-0.1896144
0.6921219
-0.013776636
-0.5429208
-0.77240324
-0.6897233
0.36398494
0.17342106
0.15607402
-0.6283323
0.9126854
-0.51048803
0.055950966
0.33956707
0.3466916
0.33463734
0.49074122
0.08985312
-0.26489305
0.77989435
-0.10001089
0.39417014
0.19855325
-0.7331995
-0.7895814
-0.114486575
0.86257523
-0.7420927
0.039737772
0.009568552
-0.079883374
-0.25391898
-0.76748943
0.17302561
-0.22360586
0.28158903
0.41136327
0.24361996
-0.42790523
0.020166028
-0.100696824
-0.2946361
0.2478678
-0.92882985
0.44926313
-0.2428744
-0.3259143
0.5298379
0.5040672
0.14688389
0.42453185
-0.5488074
0.0022750036
0.4961837
0.020741852
-0.76989675
-0.015545443
0.48262793
-0.20574152
0.5845835
-0.035381228
-0.56524706
0.38463658
-0.33566076
-0.6243104
0.4398841
-0.5972483
0.64683
0.32130253
0.01858342
-0.5444223
0.06596917
-0.013121347
0.5680639
-0.06003637
-0.33900002
0.17394741
-0.03295173
-0.44625294
-0.6529877
-0.15124667
-0.7588789
-0.587127
-0.5186696
-0.5436269
0.31261247
0.2722421
-0.022437846
-0.13537401
-0.43783307
0.21712202
-0.4973963
-0.66400427
-0.45534283
0.064000264
0.2589825
-0.047601804
0.2557416
-0.26302698
-0.08957891
-0.14614694
0.10584668
0.11407036
0.017658137
-0.96676457
0.7042419
0.07648427
-0.03276974
0.2580722
0.06552594
-0.35925114
-0.7919801
-0.24239594
-0.5656027
0.11886373
-0.03952861
-0.5572122
-0.02339526
-0.3134341
0.5087279
0.8385797
0.20726117
0.74689245
-0.82287526
0.7296991
-0.26017094
0.18111153
-0.8106403
0.36151266
0.67509556
0.28315625
0.10644345
-0.00923173
-0.5497458
-0.26533636
0.22649746
0.44702289
-0.0012615181
-0.7469919
-0.93397176
-0.32809997
0.5023704
0.3551574
-0.59326684
0.38207936
0.33427328
-0.027625417
-0.80214125
0.017925289
-0.802814
-0.16746959
-0.18332215
0.037431728
0.6166748
-0.6649996
0.08200265
0.7241812
0.14239432
-0.7457817
-0.11227842
0.39069745
0.65148294
0.053799063
0.8549901
-0.34749743
-0.062643275
-0.0192279
0.009743232
0.031708486
-0.08093488
-0.0129863415
-0.582898
0.1619316
0.059574235
-0.9276249
-0.25515443
0.27590954
0.63340974
-0.037103374
-0.4789542
-0.22938715
-0.04272928
-0.5298852
0.53362036
-0.7783614
-0.35322005
-0.7840249
-0.13182467
-0.30983755
0.051263675
0.15476905
-0.14446393
0.16102871
-0.4696727
-0.57944834
-0.05264897
-0.27660558
0.37031412
0.027010411
-0.24899302
-0.36047974
-0.5348986
0.047600277
-1.0563208
0.26845157
-0.4490489
0.7951028
-0.8197844
0.28136188
-0.98026764
0.21554169
-0.7536425
-0.008657785
-0.33548126
-0.06735454
0.0793054
0.15235662
0.7006224
-0.080711395
0.25473255
-0.21536739
-0.14964843
0.006701874
0.068329185
0.19929746
-0.34913063
0.32524922
-0.022601033
-0.17530017
0.5495494
0.3248583
-0.98789954
-0.50925076
-0.17569062
0.17711072
-0.9717679
0.31645778
-0.25941062
0.020364273
-0.050017532
0.567536
0.64404994
0.1818433
0.44550908
-0.17232166
-0.48547846
0.22483067
0.17362462
0.0759739
0.6427303
-0.21123318
-0.31066802
-0.20850942
-0.92911375
-0.44514585
0.80760777
0.09232563
0.11020218
0.12501058
-0.92899024
-0.33736354
-0.8239261
0.81638294
0.039454393
-0.18427666
-0.3793228
0.47783995
0.36550462
0.21340002
0.093041025
0.03655243
-0.7002565
0.6595418
-0.90318626
0.31281522
0.07101473
0.48717096
0.080856495
0.056383613
-1.0070633
-0.03791009
-0.26788205
0.39790127
0.18743668
-0.034577202
-0.01853994
0.3890579
0.17403778
0.37088907
-0.46751645
-0.22936422
-0.3316496
0.10347469
0.03975074
0.50281
0.43564743
0.37043896
0.09304513
-0.42891127
-0.17738292
0.2590211
0.09084639
-0.62890285
0.39176694
0.51147836
0.09176365
-0.5876417
0.5148924
0.081404164
-0.5028279
-0.29580086
-0.2176768
0.3449771
-0.12539083
-0.90732765
0.4898558
0.0026395773
-0.8103183
0.29925507
0.1753613
0.22020741
-0.09682636
0.49136674
0.16004643
0.08133839
0.025210438
-0.94069827
-0.04675837
-0.8161799
-0.054106273
0.16217683
-0.041976318
0.38763323
0.2928103
-1.0039328
-0.48618796
-0.5644845
0.06100674
0.26924103
0.66042495
0.36365324
-0.5274209
0.18761455
-0.02815701
0.047988687
-0.19727486
0.1760408
-0.43066034
-0.0024367105
-0.55794764
-0.18415818
-0.18177241
0.35935742
0.24949326
-0.096025206
0.007693947
0.4121475
0.06720273
-0.06749823
0.21733326
0.13439845
-0.21361233
0.04245703
-0.36293396
0.02824616
0.094004884
-0.26058766
-0.011364813
0.7604118
-0.100316904
-0.6704824
-0.7916408
-0.14515272
0.09461862
-0.24157745
0.38657302
0.0913074
-0.29338738
-0.25720105
-0.14148386
0.20362525
0.04804867
-0.60799664
0.32455707
0.015285312
-0.002072328
-0.6271484
0.08464024
0.7842363
0.81778276
0.115841135
0.021765498
0.77404904
0.80143166
-0.73932034
-0.9603795
0.25193176
-0.08488692
0.5185973
-0.23988914
-0.7440253
-0.3518232
0.0025533482
-0.5096337
0.45551643
0.35799572
0.11376261
0.48879054
-0.9112419
-0.9032415
-0.27295348
0.49466538
0.25254762
-0.2444533
-0.82566583
-0.9031196
0.025899282
-0.5421678
-0.97481215
-0.2721035
0.10119778
-0.5718768
-0.5117032
0.043853283
0.016555198
0.054864757
-0.056577396
-0.055329736
0.16995136
-0.05439583
-0.82884914
0.00767624
-0.61177874
0.11483417
0.025848515
-0.7355243
0.0019143412
-0.10828796
0.75074774
-0.0200269
-0.19211374
-0.6814665
0.17031871
0.18825598
-0.96545833
-0.34547967
-0.9411593
-0.07309712
-0.9796888
0.14890802
-0.02194795
0.23318204
0.07359355
0.5404123
0.26026008
0.6413186
-0.9025693
-0.888405
-0.2288371
-0.102486454
0.032249846
-0.10924974
-1.0335946
-0.21051726
-0.44145396
-0.33122358
0.17404895
-0.7445354
0.3586142
-0.19468509
-0.68889445
0.08363279
-0.13210998
-0.846346
0.6056839
0.14588659
-0.18450418
-0.24450253
0.093736306
0.6333867
-0.1678666
-0.30608028
0.18708481
-0.71224445
0.1524637
-0.020584766
0.4960291
-0.34707263
-0.92534876
-0.7919999
0.059930317
0.6592391
0.48176956
0.5311702
-0.5863106
0.1878736
-0.6251338
0.01916023
-0.68764955
0.10318635
0.9049002
-0.5715851
-0.91505545
0.620502
-0.024012204
0.6908483
0.0546736
0.3843188
-0.01649385
0.33915943
-0.011826046
0.048271846
0.37771013
-0.057066124
0.43630603
0.24361914
0.44887587
0.03581744
-1.0324893
0.04910331
-0.24447335
0.0024815043
-0.2143688
-1.0279298
0.4331377
-0.75804865
-0.75844574
0.7381384
-0.72456634
-0.94158113
-0.077901416
0.18514642
0.42982462
0.44508788
0.43243358
0.17477307
0.072124735
0.31804952
-0.64526355
0.065270014
-0.4654328
-0.03554931
0.27920973
0.26933417
0.87637746
0.3994248
-0.81261486
0.14587444
-0.50133985
0.110868536
0.5028312
0.21783337
-0.6332655
-0.9495668
-0.88818914
0.47168422
0.928426
-0.19377747
-0.24631818
0.1373617
-0.21728693
-0.91015285
0.03196858
0.2794003
0.21310599
-0.004587314
0.8554372
-0.3655214
0.8500113
0.30251062
0.24663728
0.13319574
0.5617534
-0.5580593
-0.636084
0.7422592
0.24565734
-0.5039339
-0.067837656
0.64839447
0.001625961
-0.10594472
0.06266606
-0.28578487
-0.6219401
-0.44120824
-0.21055104
0.014119122
0.06169008
0.1694565
-0.14286634
-0.17908578
-0.14982747
-0.8849452
-0.5361471
-0.6981196
-0.773105
0.24912518
-0.5554353
0.2609138
-0.9511076
-0.021905847
0.3912583
0.69651705
0.032511365
0.634703
0.058160014
-0.0058441
-1.0129533
-0.0140339425
-0.47751343
0.54013634
-0.85718143
-0.29353374
-0.08615484
0.3212213
-0.6647555
0.46646369
0.08556411
0.66969585
0.83189464
-0.6924277
0.04836648
-0.56017303
-0.09135762
-0.02300821
-0.8742562
-0.71009153
0.0054803663
0.3648771
-0.55202574
0.18059552
0.18511398
-0.10539117
-0.20713502
0.28823724
-0.6302465
0.31715336
-0.47372562
0.03742775
0.46639013
0.39647582
0.33757856
-0.08637079
0.07210985
-0.30400795
0.40502882
0.042700365
0.7705045
-0.46252275
0.4582042
-0.92234373
0.064057864
0.6215126
0.4625616
0.21034607
-0.94853544
0.025437051
0.3862537
-0.20456019
0.33517653
-1.057241
0.011619657
-0.7547622
0.71756476
0.08681638
0.28834775
0.65718627
-0.04148943
-0.12314172
0.643636
-0.4840738
0.30563477
-0.0005625617
0.52042603
0.08605714
0.73091066
1.0997503
0.4668285
-0.8025771
-0.13103941
-0.37874827
0.7362568
-0.38804507
-0.38752773
0.03820567
-0.25692657
-0.12528607
-0.6268184
0.5164285
-0.19450563
-0.43493283
-0.042607006
-0.28208992
0.8052024
0.21754532
-0.010944157
-0.1581992
0.56025815
0.15613174
0.5580736
0.03996872
0.5015021
-0.07923175
0.13476807
-0.40775368
0.16141135
0.108711466
0.033565417
-0.5578568
0.056464758
-0.012303039
0.10253918
0.25418672
-0.2170116
0.13793479
0.23104379
0.75392383
0.4468531
-0.9262414
0.65984374
-0.4153872
0.69742084
0.21714586
0.6797978
0.008501718
0.3303527
0.0064589875
0.011343906
-0.056712132
-0.10004413
0.74786246
-0.14546947
0.5995607
0.2880311
-0.039684013
-0.302828
-0.03802491
0.4993448
-0.28465506
-0.28849852
-0.28232908
-0.5993194
0.24500313
-0.3277104
0.5345349
-0.561146
-0.121398695
-0.69744307
-0.19044033
-0.058137644
-0.21507984
-0.8872321
0.028154591
0.39913115
0.40105093
-0.51981753
-0.8742559
-0.92432386
-0.35263827
-0.08448842
-0.43375316
-0.16873269
0.1706027
-0.6052234
-0.2959543
0.3477326
-0.63505167
0.28426456
0.4465577
0.4463695
-0.41488218
-0.32176337
-0.040849682
0.09039201
0.5583277
-0.6674782
0.24760321
-0.8945545
0.7237644
0.87720656
-0.1811709
0.2507684
-0.05552672
-0.77735484
0.5195566
0.13263023
0.13943847
0.27090335
-0.35384172
0.4071979
0.29859647
0.6704742
-0.21884036
-0.06529343
-0.028731247
0.5321091
-0.49691328
-0.018746443
0.0946382
-0.28320828
-0.79257977
-0.5701218
0.22233929
0.4256252
-0.07767342
0.00962704
0.47015205
0.7890522
-0.1261533
-0.91899437
0.63965935
0.14984293
0.5619178
0.052519865
-0.51320416
-0.71653175
0.4015651
0.28760314
-0.08112749
-0.3251215
0.06842852
-0.29572257
0.006952655
0.40200412
0.31831864
-0.0726577
-0.57044077
0.9025339
0.13265273
0.09408326
-0.77516633
0.36970904
-0.25255352
0.46225315
0.6186745
0.8031875
0.68992794
0.60405964
-0.85309
0.3250902
-0.43740615
0.22394148
-0.39333534
-0.001956723
-0.80711436
-0.00028282468
0.52113736
0.4640652
-0.72872055
-0.24112985
-1.0032886
0.35693756
0.015945777
0.4933201
-0.41451198
-0.15309998
0.30922556
0.54701084
-0.1113467
0.46821034
0.11986196
0.43199295
0.22232595
-0.19213672
-0.41099986
-0.91631746
-0.88545525
-0.051091127
0.3590912
0.23898874
-0.21271703
-0.024169786
-0.026773334
-0.1696497
0.051487338
-0.5554273
0.24015316
0.6539434
0.56371886
-0.32459956
-0.02516764
0.14971377
-0.18356158
-0.6542191
-0.738786
0.74628013
0.03898434
-0.46487302
0.5848254
-0.5385994
-0.55516183
-0.062044706
0.03832541
-0.59873664
0.659549
0.7514087
-0.6070509
0.25760478
-0.79970044
-0.271623
0.067884795
0.11912069
-0.0991348
0.09696912
0.27684522
-0.12001548
-0.045400936
-0.034921926
0.41946402
0.26937002
-0.44811714
-0.5073781
-0.8716856
0.20279188
-0.39569277
-0.3182173
-0.8293162
-0.002056661
-0.7241349
-0.7594632
0.25187328
0.7685148
0.4633309
-0.8106208
0.3271601
-0.9453198
-0.3853518
-0.73665136
-0.41131508
-0.7501479
0.019318547
0.7097631
0.52816176
-0.06260197
-0.9476701
-0.21996519
-0.21551983
-0.5386816
-1.0157244
0.03693551
0.51639044
0.03393773
-0.06536641
-0.46266434
-0.21177007
-0.019481255
0.23233321
0.030011982
0.27674162
0.12618712
0.17596774
0.5329699
0.1074356
0.20057105
-0.8128529
0.26057482
0.6241321
0.2961305
-0.018348644
0.73955846
-0.08179921
-0.14999162
-0.030503454
0.114974506
-0.21394905
-0.068072185
-0.9335942
-0.16588481
0.22178198
0.4241533
-0.016557993
-0.018138621
-0.70143026
-0.45654798
-0.32365668
0.028247202
0.15418482
-0.113802485
-0.16312675
0.53061795
-0.5376546
0.1035382
-0.34354198
-0.46644878
0.8021382
-0.2223178
0.35910827
-0.05074606
-0.6481841
-0.035994384
-0.42531112
0.5759431
0.9182849
-0.8626564
-0.36971742
-0.43196866
-0.014295536
-0.65640074
0.1944772
0.026317358
0.5612142
0.18032539
0.16463658
-0.85022616
0.35002497
-0.7478201
-0.5475398
-0.07748996
0.018377047
-0.39629143
0.021536252
-0.134053
-0.590895
-0.8125649
-0.49520415
0.736124
-0.15098697
-0.33355454
0.28053898
0.552771
0.25836408
0.53585315
0.29563203
-0.0507222
-0.053049963
0.8341427
0.38083863
-0.8173223
-0.732017
0.3226379
0.3993187
-0.20429815
-0.13330308
0.166305
-0.5337297
0.63729376
-0.13223217
-0.062417667
0.25960958
-0.56615317
-0.59045124
-0.09173174
-0.886021
-0.3765271
-0.67256004
-0.4057724
-0.3589334
-0.47021896
0.17958307
-0.031114774
0.6329021
0.24589075
-0.47657079
0.63172996
-0.25796694
0.096460134
-0.43791848
-0.08550778
0.3241397
-0.40334737
0.027032694
0.52685785
-0.9173455
-1.1351334
-0.9125136
-0.6210738
-0.25878963
0.3916203
0.33830184
0.7386275
0.033331733
0.062579006
0.092210256
-0.022075469
0.0031719506
-0.35702583
0.19490117
0.46475166
0.33320844
0.12585634
-0.05898768
0.4443621
0.44230607
0.051382497
-0.26715893
-0.015647642
-0.39236805
0.23848663
-0.14358944
0.77061576
-0.5796913
-0.43111596
-0.31387398
-0.94517154
-0.10351707
0.18865283
-0.7946074
0.2757212
0.4705665
0.58390856
0.1926815
0.20949897
0.61147463
0.48336315
-0.33972508
-0.60871917
-0.71113247
0.020310057
-0.041040298
-0.20144415
0.6255068
0.39363453
0.61915296
-1.071887
-0.23852982
0.05362578
0.33529788
-0.10701178
-0.10686154
0.023175515
0.50722885
0.38643172
0.20884997
-0.40455234
-0.06288579
-0.7920412
0.26184115
0.3046219
-0.06327079
-0.9955956
0.17111842
-0.20644826
-0.1906165
0.3935724
-0.024043523
0.15078478
-0.24664238
-0.7512418
-0.31548718
-0.97081846
0.14919308
0.044796195
0.04907759
0.095539704
0.38144743
-0.0724532
0.42240432
-0.96478343
-0.57691336
-0.015323512
-0.5539416
0.610528
-0.05371878
-0.5532932
0.15691617
0.089329466
-0.6794637
0.83258617
0.41013265
-0.75345904
-0.102113515
-0.6514962
0.70237976
0.6634152
0.35179168
-0.33717683
0.17088304
-0.6323327
0.02957918
0.51484823
0.56410545
-0.49848545
-0.0684301
-0.7376176
-0.08654277
0.19118358
-0.24515824
-0.49617758
-0.48623982
0.6301695
0.10260986
0.022048818
0.17870164
-0.05765701
0.17241605
-0.45454764
-0.99639654
-0.1268007
0.5503759
0.12384417
0.8669399
-0.97896254
-0.892069
0.086935
-0.6867705
0.38983712
0.5313015
0.8131681
0.066097535
-0.5445249
-0.0062415614
0.05969172
0.016541466
0.07619818
-0.88053095
0.027652852
0.06723985
0.06524094
-0.51192117
-0.4482981
0.0065305843
0.38341334
0.5066767
0.16469695
0.3102715
-0.7625723
-0.104962066
0.19834878
-1.0419253
-0.051046167
0.66632533
-0.03825543
0.94090194
-0.71915674
-0.19539088
0.12690482
0.53102005
-0.59938836
-0.4087306
0.72368234
-0.14584416
0.09479806
-0.8881126
0.30072516
-0.73880404
-0.5633967
0.66484547
0.066801324
0.055090982
-0.46826798
-0.27282533
-0.0016889226
0.3592227
0.017324891
-0.06683772
0.1974732
-0.22537872
-0.05923554
0.13819237
0.5525007
-0.858056
-0.7721395
-0.003638248
-0.025209239
-0.7295625
0.15186127
0.36385846
-0.2935228
-0.2484351
-0.075335704
0.33599508
0.31217584
0.26111305
0.5281868
-0.1594864
-0.3982695
-0.3041207
0.18778399
0.6200338
-0.67145324
0.074764036
0.20085949
-0.57788116
0.11892533
0.076954745
-0.9632602
0.38923776
0.44229776
-0.49176762
-0.6386602
-0.08077046
0.2208396
-0.71751946
-0.48745638
-0.54364616
0.21108827
0.0011900534
-0.09551665
-0.12484782
-0.40262786
0.6396151
0.13057026
-0.36558247
-0.14047375
-0.48115343
0.041089285
0.59599257
-0.28836673
0.21551646
0.4000792
-0.43945605
-0.61378676
-0.3601025
-0.8799531
0.31717744
-0.8216747
0.32346842
-0.06385844
-0.1695376
-0.111158535
-0.0026597767
0.7609353
-0.21766843
-0.01639153
-0.45806298
-0.1892837
-0.64752686
-0.22999002
0.04733949
-0.7624995
0.41632125
0.27271125
0.4845022
-0.6509588
-0.0002828033
-0.4275258
-0.05506904
0.18551053
-0.8041758
0.12566206
0.45017818
0.4277819
-0.94278985
0.021567758
0.05186493
0.3421871
-0.067470565
-0.015380501
0.055461757
0.02641116
-0.8023691
0.45552334
0.5955583
-0.15781538
-0.10372544
-0.38946086
0.62740695
-0.88777447
0.11411941
0.13671468
0.46828467
0.064769715
0.8069317
-0.74350816
0.055703633
0.3435851
-0.9315208
0.19758989
-0.63800406
0.15301152
-0.059722975
-0.20915905
-0.00034662764
-0.16548127
-0.6566658
0.41110483
-0.7681333
-0.070398174
-0.70583403
0.15265734
0.7335205
0.31226364
-0.37015218
0.026195189
0.31443515
0.1312452
0.15385708
0.05999146
-0.18726118
0.39348486
0.77083945
-0.026669415
-0.019970289
0.3898748
-0.7336343
-0.24807225
0.44781354
0.7278538
0.1852696
-0.29006058
0.77583647
-0.12996809
-0.42160714
-0.64423287
0.17296053
0.1649404
0.32705522
-0.5433436
-0.12551239
0.088799536
-0.69580203
-0.16862412
0.6551819
-0.13766433
-1.0255057
0.14542714
-0.08036191
0.14141074
-0.040547412
-0.47417438
-0.13181582
0.29285347
0.0155216865
0.12050305
0.056073323
0.048642967
0.5422893
0.38488632
0.7998778
0.11396425
0.53462684
-0.29481506
-0.5907429
0.13161811
-0.06779144
0.3858576
-0.77693284
-0.030635726
-0.76981807
0.46017504
0.5084977
0.20567492
-0.15135582
0.011182949
0.530861
-0.11006424
-0.07635317
0.34685677
0.24291451
0.8430848
-0.7274142
0.43816543
-0.68128455
0.13260968
0.3012782
0.06393329
-0.75787544
-0.12946768
0.42177397
0.04548858
-0.271843
-0.9021543
-0.27736902
-0.054050628
0.80294347
0.11332458
0.18914196
0.045278195
-0.50817484
0.18611339
0.08818223
-0.49483714
-0.21673386
0.22175398
-0.7153885
0.36355853
-0.50967675
-0.6251604
-0.31503376
-0.20417722
0.151965
-0.1532205
0.21803606
0.7626013
0.3311627
0.4488693
0.71356356
-0.81843174
0.48691773
0.51172507
0.34831357
-0.0103592705
-0.4232946
-0.8532962
-0.55330133
0.49319428
-0.31377846
-0.2754793
-0.69427574
0.26959574
0.05825354
0.5849594
0.36176428
0.54607886
0.39979398
-1.0910344
-0.20208143
0.10904701
-0.51880753
-0.09045832
0.48324016
-0.08654783
-0.40901244
0.06437852
-0.4826089
0.17756654
0.11649814
0.22815982
-0.032563142
0.70271105
0.25212008
-0.41748488
-0.7265801
-0.45277336
0.20283887
0.57588494
0.41272706
0.6576311
0.107573815
0.06920464
-1.0018835
0.37938356
-0.30473232
-0.058155615
0.42861265
0.3871113
0.38223803
-0.4792289
-0.07421409
-0.21531557
0.3588239
-0.060688347
0.2980362
0.24174707
-0.7571597
-0.053748462
-0.12034444
0.053702984
-0.100579575
0.16709559
0.04056867
-0.77192426
-0.95613575
-0.15968238
-0.21895859
-0.07830745
-0.8395591
-0.08989628
0.55081886
-0.8050442
0.0075147534
-0.64691967
-0.14335142
-0.66545707
-0.3257926
0.7651912
0.65186834
0.25435832
0.35344452
0.78125894
-0.006881673
0.36380857
-0.74822825
-0.14534684
-1.0215291
0.0026222763
0.16640852
0.83894515
-0.33279413
-0.84484756
-0.08585155
-0.6938389
-0.109306246
-0.12879296
-0.036815315
0.15685391
0.027259937
-0.0031560187
0.22214349
0.92182875
-0.1769953
-0.91433954
0.3485769
0.20880811
-0.5896667
0.31216806
0.6051883
0.26293585
-0.23335893
0.40842268
-0.5300079
0.22147602
0.5451449
0.4118325
-0.8622758
-0.3540986
0.026986152
0.6467813
-0.96854174
-0.30960807
0.021223731
-0.658161
-0.1832422
0.39145225
-0.2656199
-0.81444526
0.3844392
-0.00506605
-0.20233843
0.5952008
-0.19412598
-0.77595574
0.002136134
-0.84920645
-0.26606548
0.6263728
-0.39043865
0.6585868
-0.4236037
-0.52119017
0.6627757
-0.59828997
0.040804263
-0.17011859
-0.15112488
-0.296128
-0.6074087
0.48261672
-0.60264355
0.22728011
0.6009835
-0.5787989
-0.89006585
-0.61106
0.2095982
-0.34961855
-0.827888
-0.20689477
-0.58369505
-0.88365436
-0.15995039
-0.8129172
-0.30283895
0.11467318
0.22048368
0.19295797
0.12611501
-0.10359659
-0.44740546
-0.35676518
-0.15214072
-0.64654946
0.031472187
-0.42071745
0.08240527
0.6222124
-0.13751753
-0.019476445
0.32974687
0.4404264
-0.163462
-0.31504562
0.12976159
-0.3681501
0.28745696
-0.540953
-0.3736763
-0.55554473
0.4740526
0.33656833
-0.07563557
0.23003347
-0.098053455
0.4134022
0.07545585
-0.16362208
-0.87982166
0.020870866
0.09926671
-0.09417853
-0.28537208
-0.24869812
0.21828973
0.65143347
0.20597446
-0.0893163
-0.7510636
0.09857764
0.08233212
-0.10282385
0.53001404
-0.023855321
-0.40800497
-0.030829517
-0.62951446
0.51270574
-0.22621003
-0.607414
-0.545802
0.075060755
-0.71727234
0.4141563
-0.5928494
-0.22426721
-0.016977325
0.5226624
-0.9706316
-0.120350696
-0.8707762
0.4953121
-0.08078532
0.46749806
0.6404975
-0.61716336
0.7101653
0.4098373
-0.6822653
0.45862666
-0.6470908
0.17624132
-0.9519502
-0.22091074
0.17862463
-0.9546741
0.066290915
0.33243853
-0.40159276
0.32786518
0.1022115
0.55824995
-0.00046735097
-0.91435134
-0.20623103
0.7343203
-0.4439374
-0.053889994
0.25628787
0.10530012
0.26451033
0.054392256
-0.16514765
-0.036525395
-0.7071
0.5554612
-0.2032548
0.13543737
0.2517093
0.16168235
0.3299917
-0.028476607
0.6880018
0.37383032
0.25089452
-0.14627767
-0.007389762
0.554334
-0.77013636
-0.3110832
-0.5736554
-0.13643317
0.2923503
-0.02894144
-0.35024694
-0.25242212
0.61048025
-0.50571847
0.54111576
0.0037694233
0.13864675
0.21178764
0.5569085
-0.72553676
-0.008041467
-0.29481632
-0.6033896
-0.5234022
0.26333815
-0.015810147
0.6083856
0.14377047
0.21834397
0.09937422
0.72088057
-0.43393487
-0.12207157
0.88764864
-0.25824237
0.2813716
0.2436774
-0.6098946
-0.2563225
-0.060869664
0.085929364
-0.122474685
-0.1717973
-0.20291704
-0.26648426
-0.090072446
-0.0051591224
-0.043374013
0.14444819
-0.6760174
-0.22036979
-0.3879722
0.20052509
0.6996347
-0.19230837
0.4991958
-0.2012635
-1.0695417
-0.09420711
-0.04393429
0.40507582
-0.41317764
0.34935498
-0.74873346
0.1621171
0.25354993
-0.0015252519
-0.16775228
-0.116967365
-0.210436
-0.073610455
-0.0057608015
0.10156899
0.32126102
-0.009769346
-0.7699126
0.64692914
0.2820894
0.5070665
-0.33997312
0.5806377
0.009194012
-0.84433603
-0.2458972
-0.03650986
-0.07078889
-0.10199202
-0.29165882
0.132939
0.3524912
-0.03569918
-0.17115562
0.07164626
-0.42562002
-0.122273505
-0.06545628
-0.04440027
0.023395298
-0.6954296
-0.034868278
-0.5998795
0.63644505
0.44417152
-0.29830956
-0.87844455
-0.7560189
0.034967754
0.0011503896
-0.47025484
-1.0095847
0.045774776
0.14973955
0.0039194236
0.3556883
-0.08188217
-0.3639285
-0.9387426
-0.5764484
0.13894334
-0.08593471
0.09234635
-0.6405222
-0.06054287
-0.24499372
0.41164836
-0.6527594
0.07539199
0.008572055
-0.7755458
-0.39098
-0.24831256
-0.10249999
0.06676606
-0.007882398
0.33936322
-0.5453279
-0.05681712
0.07527979
0.035215706
0.20392488
0.5942127
-0.9970994
-0.65423346
0.28495094
-0.9922055
0.09970425
0.59375095
-0.49422055
-0.46323532
-0.14549491
0.35070053
0.48342532
-0.40676445
0.59221685
0.8353033
0.07372421
-0.44619286
0.42231375
-0.88005424
0.9170935
-0.4877562
-0.045174975
-0.011662704
-0.13988483
-0.063398525
-0.62388647
0.055403844
-0.24510911
0.5796835
-0.27953246
-0.29854372
0.9668852
-0.5595459
0.06081827
-0.017065002
0.58733106
0.6169693
-0.086900145
-0.8800106
-0.4275078
-0.52978903
0.0861566
-0.48017904
0.09405819
-0.12613143
0.04478362
0.39975455
0.09322621
0.09906576
0.2701067
0.17593364
0.1910401
0.0038194882
0.386666
0.036473796
-0.72458506
0.2003787
0.17946069
0.1915713
0.03421382
0.28937715
-0.63146466
0.449566
0.58988166
0.20324695
-0.6455499
0.58225524
-0.12524955
-0.6289312
-0.006573612
-0.045723088
-0.4021278
0.79459596
-0.11871831
0.4035106
0.044503085
-0.08050622
-0.9149337
0.0613956
-0.7835182
0.62498647
-0.8276061
-0.9941742
-0.026295563
-0.9691739
0.4168856
-0.5317141
-0.5887971
-0.59820926
0.015083533
-0.43443885
-0.5504799
-0.83874625
0.2165872
0.04103152
-0.10258986
-0.4643551
0.09673508
-0.32345545
-0.8244153
-0.46997803
0.33211455
-0.83867955
0.026100649
-0.73174876
-0.08531446
0.39737445
-0.4463906
-0.084802076
0.09157506
-0.083423354
-0.20962808
0.12532611
-0.050130785
-0.6087988
-0.41161117
0.045280095
0.9482741
0.56767404
-0.98981965
-0.87430155
-0.17622535
-0.34332478
-0.25862956
0.12701868
0.0024956896
0.5566288
-0.08508478
-0.068996154
-0.63935363
-0.47939998
0.038454324
-0.10865037
-0.91057366
0.35414648
-0.18464367
0.22068822
-0.6803193
-0.6477797
0.03581116
-0.5214574
0.4795838
0.42768425
0.48408872
0.013839939
-0.2845184
0.65814966
-0.3901579
-0.34396356
0.26950136
0.0909816
-0.23470919
-0.563794
0.93113005
-0.79748464
-0.39970922
0.6573053
-0.4066669
0.17778537
-0.63255286
-0.06982904
-0.35978243
0.32547265
0.20533319
-0.036173746
-0.38539922
-0.2789264
-0.21519943
-0.04504615
0.56856966
-0.12831683
-0.08113901
0.52868176
-0.44270185
0.47465405
-0.6270353
-0.041354217
0.52215135
0.6876532
-0.30472884
-0.12628888
-0.6378927
-0.05574381
0.7507981
0.37329435
-0.29905608
0.24263416
-0.4578055
-0.7946589
-0.100681305
0.86126137
-0.49606442
0.3015265
0.4203556
-0.1691895
-0.23982169
0.10827536
-0.01729527
0.3855281
-0.42122948
-0.5634762
-0.42055178
-0.3911106
-0.17771001
-0.81286466
-0.84305704
-0.7417402
-0.6626374
-0.8885634
-0.41988498
-0.00926638
-0.83972573
-0.5472796
-0.83703756
0.28506204
-0.16819791
-0.9365765
0.21881482
0.478933
0.061879292
-0.028163927
-0.6258385
0.20334443
0.5037983
0.17057173
-0.8897496
0.007822133
-0.07462083
0.039652795
-0.7559583
0.13465479
-0.8815768
-0.99116606
-0.19428293
-0.35088816
-0.78236765
0.1431245
0.223119
-0.6454638
0.3392971
0.22206597
0.63247764
0.20194645
-0.93665946
0.29885802
0.110681005
-0.023991339
0.2867509
-0.6029402
-0.2976168
0.39941528
0.14423545
0.677601
0.06919062
-8.024461e-05
0.13379757
-0.7570484
0.0073551717
-0.33175457
0.3061232
-0.66107965
0.0053403745
-0.084185936
-0.649248
0.050405778
-0.20767555
-0.6943859
-0.05120184
0.070224725
0.22789459
0.43413883
0.06440247
-0.38060823
-0.7673759
-0.35761708
0.058944188
0.2736478
0.19777784
0.01756332
-1.0405152
-0.55714273
0.012352605
0.20465513
-0.49034888
-0.2898178
-0.7201159
0.2862376
-0.2565755
0.55099624
0.26665968
-0.9558507
-0.15844634
-0.896398
-0.05011139
0.09632393
0.04030669
-0.41975418
-0.14976953
0.24213593
-0.5198354
-0.3220279
-0.7151873
0.20792755
0.0345132
0.64911205
0.86810976
0.10045024
-0.75685704
-0.66513515
0.16695023
0.13332716
-0.7276088
-0.013382267
-0.097254775
-0.76771706
-0.2966491
-0.014926813
-0.2920455
-1.0639648
0.23018509
-0.5698243
0.65590096
-0.29213202
-0.7481215
0.4655425
0.22720525
0.61628276
0.50325114
-0.035847165
0.08837142
-0.3471511
0.64021325
-0.14834024
-0.25727654
0.035228655
0.08431541
-0.25659916
0.22090364
0.673584
-0.98374814
-0.41714633
-0.8731014
0.3547577
0.43512064
0.041038867
-0.66788787
-0.2032716
-0.89656365
-0.19244817
-0.0867687
0.25395426
-0.031990923
0.36827874
-0.026823549
0.50918436
0.05222489
-0.046299666
0.0011322974
0.72255284
0.11193023
0.10813906
-0.21105248
0.47571483
0.2757848
-0.9334501
-0.17363104
-0.0013735974
0.34291664
0.5585723
-0.026986387
0.36317834
0.4342709
-0.6000465
0.08012562
-0.8890921
0.08597851
-0.11151845
-0.0908508
0.73422885
-0.068716444
-0.4279901
0.031205222
-0.65800905
-0.28310794
0.029361699
0.28910622
-0.5273902
-0.05664683
0.030663807
0.04826715
-0.380099
-0.23221335
0.038770895
-0.42986092
-0.18173246
0.3784434
-0.057684157
0.6003145
-0.104573585
-0.7236037
0.34564748
-0.9185092
0.009402778
0.0918713
-0.5283287
0.027818179
0.28460386
0.035325263
-0.81709814
-0.38560516
-0.03922889
-0.54722124
0.4300387
-0.08567786
-0.030935973
0.048375715
-0.8836594
0.9403361
-0.0042331913
-0.72708166
-0.013160823
0.20130305
0.16436137
-0.05636554
0.49777544
0.0010359007
0.43763232
-0.8898542
-0.07505043
-0.1327265
-0.048191603
0.78590083
-0.9422183
-0.037405252
-0.63150656
0.545991
-0.66729766
0.07258229
0.19353542
0.032582745
0.18860114
-0.6596351
0.7187047
0.028726857
0.35754672
0.5325432
-0.0329148
0.5568756
0.19613682
0.33905193
0.9241478
0.17998151
-0.33560497
0.020109707
0.06465187
0.3289254
0.47210708
-0.58066344
-0.32148615
0.17436399
-0.09109634
0.58536816
-0.5035671
0.52970445
-0.21626942
0.021306248
-0.2481325
-0.18963183
0.612214
0.54272777
0.5811415
0.17536734
0.7414085
0.26200873
-0.7475706
0.3174071
0.57444483
-0.39977717
-0.49497396
-0.0646597
0.38722438
0.05695926
0.398524
0.48309594
0.21962236
0.3181961
-0.15710194
-0.11067794
-0.15951303
0.56538737
0.3758006
-0.09861798
-0.7498984
-0.17644486
-0.17062058
-0.89969385
0.21001716
-0.271547
0.24935883
0.62187874
-0.83637345
-0.8792644
-0.92018926
0.02205557
0.23548986
-0.16352393
0.6467299
-0.29106942
0.091406345
0.22582892
-0.5429522
-0.58542377
0.108273536
0.15294485
0.63200843
-0.42237213
-0.5721146
0.23453453
0.1099794
-0.9031501
-0.14774898
-0.9975349
-0.7735494
-0.7722692
0.30903274
0.52469087
0.16311888
0.08541583
-0.06493186
0.4133061
0.5002443
0.6745204
0.8122069
-0.43045253
-0.021460183
0.012775633
-0.045854647
-0.75753045
0.1608811
0.3577517
-0.30137414
0.49683884
-0.24091926
0.86252874
-0.13606817
0.60222256
0.05486202
-0.28035384
-0.048745587
0.023383763
-0.7726463
0.6268878
0.4128863
-0.65269756
-0.023966892
-0.5290022
-0.75530624
-0.2556909
-0.11647058
-0.6558084
0.21117386
-0.025252052
0.06982251
0.40767035
-0.3823465
-0.7850755
-0.32914293
-0.78405327
0.22314131
0.091508165
-0.18717436
0.056774937
-0.017867431
-0.39912865
-0.04603944
0.04652372
-0.008034435
0.066514805
0.4956455
-0.47932446
0.24261372
-0.01825939
0.52589226
-0.23251387
0.46384025
-0.1720451
0.08556911
-0.39620057
0.54249114
0.092034906
0.69148254
-0.83043665
-0.14244537
-0.56191736
0.029083041
0.03587192
-0.91149306
-0.033559363
-0.021938903
-0.58976537
0.039580353
-0.0040513393
0.20698115
-0.7118371
-1.0061489
-0.8285618
-0.5714809
-0.5485466
-0.12764004
-0.64779145
-0.8025698
-0.10867595
-0.18699977
0.12039115
-0.818944
-0.8145877
0.431574
0.5093126
0.12538372
0.21149461
-0.95010424
0.12814355
-0.09404482
0.39059308
-0.15611915
-0.8802967
-0.44808018
-0.12603813
0.34791893
-0.15308085
0.5043359
0.118553415
0.01661782
0.31950673
0.16996859
-0.04494049
0.62706643
0.08647761
0.5374764
0.31532946
-0.42214674
0.013769365
0.03073993
0.096683025
-0.2505473
-0.02204881
0.09768947
0.5496448
-0.4499023
-0.57485104
0.058220766
0.83861136
-0.71926665
-0.4688576
0.0062728915
-0.2729935
-0.88022465
0.21889769
-0.09433606
0.9384276
0.29341492
-0.53142494
0.13831931
0.39618412
0.76897687
-0.71531194
0.97978914
-0.19516775
-0.092269
-0.68928003
0.895998
-0.87874293
-0.7419112
0.21766558
-0.30860853
0.016917245
-0.7888323
0.34227526
0.91465175
-0.5010674
-0.278771
0.7791527
-0.70910835
0.033880107
0.32347864
-0.6671265
-0.62950164
0.57990664
0.22300328
0.08861484
-0.5311331
-0.40578133
-0.16201597
-0.073936574
0.5841113
0.7171888
0.514779
-0.116522595
0.13715017
-0.42476103
0.2039274
0.562172
-0.3065381
-0.47351274
-0.67460155
-0.08325814
-0.4903324
0.038836036
0.29346412
-0.5859846
-0.14711998
0.12858373
-0.6841401
0.4237161
-0.56584316
-0.36018234
0.32081902
0.054260477
-0.034905437
0.3359024
0.5713169
-0.42457893
0.22640161
0.2105202
-0.035588846
0.6674948
0.19767351
-0.087422036
-0.025127377
-1.0455153
-0.25730455
0.41481277
-0.9209909
0.19912082
0.24250868
0.49549356
0.1884821
-0.17837247
-0.02240986
0.5928212
0.47173417
0.2321852
0.02934872
0.301656
-0.5619758
-0.011569125
-0.19708823
0.049053602
0.55347884
-0.8096197
0.24952795
-1.098328
-0.022820752
0.5511736
-0.16673028
-0.67942214
0.23648238
-0.25021666
-0.34327567
0.019011468
0.6282775
-0.82281184
0.9123643
0.92643386
-0.0055254875
0.1469743
-0.00556269
-0.501255
0.33778104
0.3700804
0.23790628
0.12971918
0.3616489
-0.160064
-0.79461086
-0.0033850078
-0.19984026
0.09861239
0.08339404
0.31887853
-0.3976437
-0.06626158
-0.37960705
0.48483357
-0.5518475
-0.10932261
-0.35370657
0.49341434
-0.093573764
-0.10348074
-0.3111731
-0.5599976
-0.016476287
-0.1078206
0.04755972
-0.57321817
-0.72999275
-0.047820117
0.59494656
0.052249487
-0.10071917
-0.4490868
0.1930704
0.0817007
0.29859906
-0.6056222
-0.8864044
-0.70057255
-0.69718385
0.7087121
-0.019460868
0.18485063
-0.47561902
-0.52257895
-0.9890379
-0.64341915
0.03314895
0.14107238
-0.066421025
-0.14162129
0.93728673
-0.4619865
-0.07544686
0.19161348
0.48194614
-0.5637025
-0.6718143
0.18051149
-0.78721386
0.10128807
0.30651352
-0.6473652
-0.30985925
-0.8664801
0.3900492
-0.19806196
0.2904409
1.0043015
-0.38888162
-0.38557702
-0.69968796
0.0136041
0.1649615
-0.08563879
0.21496935
-0.8117533
-0.49221703
-0.5491449
0.43036148
-0.69576347
0.020232486
-0.88232327
0.5361134
0.12636822
0.33357328
0.10032
-0.12694335
0.401688
-0.20700085
0.35219455
-0.039721504
0.026795462
0.16704613
0.17866172
0.25765717
0.528929
-0.29155016
0.0003349699
0.31393272
0.3568705
-0.041105367
0.47022444
-0.18722047
-0.18616189
-0.09973359
0.62252563
-0.06410272
0.07888102
-0.0720344
-0.004755241
-0.05488861
0.27021307
0.40601236
-0.13864365
0.015599225
-0.6326265
-0.36315995
-0.00878524
-0.8404287
0.034863036
0.011689553
0.73318446
-0.021400945
-0.43668872
0.4315876
-0.16651358
0.8519076
-0.5296732
0.06781438
0.3085411
-0.50627655
0.052346304
0.020900061
0.12701666
0.90680516
-0.82128125
0.17202492
0.13005407
0.34049007
0.054242156
0.04599703
0.22784656
-0.08043538
-0.50231975
-0.07961695
-0.7839193
-0.24125813
-0.113007575
-0.7411222
0.17439917
0.32155672
-0.2835428
0.24609424
0.30891627
0.6252345
-0.2617553
0.15634379
-0.06629901
0.24459343
-0.027083253
0.76182085
-0.46068126
-0.41852224
-0.6868795
-0.6590345
0.23733589
-0.049990166
-0.3489081
-0.10162608
0.56484705
0.17173278
-0.10113268
-0.047826197
-0.2524368
0.1053782
0.48030522
0.35873285
-0.72944725
-0.23934332
0.08484151
0.60479844
0.21699053
-0.90158665
-0.23397973
-0.0008449531
0.49865294
0.4262692
-0.013806073
-1.0011945
-0.7476369
0.52874434
-0.21035658
-0.41678724
-0.11291486
-0.02113797
-0.99361885
-0.2502108
-0.606108
0.13424577
-0.54698205
-0.12427042
0.054205995
0.4491803
-0.047208022
-0.08984621
-0.102037095
-0.06972849
-0.06477724
0.38031155
0.00598156
-0.18337338
-0.6358294
-0.07392276
0.6258883
0.30711007
0.026333785
-0.5796772
-0.29924563
-0.9112938
0.4404047
0.552029
0.79862
0.40685642
-0.79211
0.66943806
-0.5318832
-0.03528364
-0.33288884
-0.49494678
0.2245977
0.07083418
-0.3207241
0.4863979
0.6860639
0.41754988
0.56699485
-0.9628905
-0.61356175
-0.095873095
-0.551457
0.82453316
-0.12576778
0.8512893
0.33547196
0.10101916
0.085126825
-0.15394618
-0.18741557
-0.5020858
-0.9648283
0.5565361
0.3079632
-0.011155443
0.16283266
-0.38018796
-0.005776004
0.04125299
0.3727611
-0.89931834
-0.17806707
0.5785357
-0.027718836
-0.03550599
0.17449754
-0.36849627
0.38596696
-0.17873242
-0.10005138
0.02286271
0.3409358
0.116927475
-0.46676546
0.023336457
-0.56450456
0.21354154
0.06727862
-0.25472862
0.14201052
-0.47865745
-0.35481903
0.052550707
-0.50518256
0.3472759
0.62226254
0.54401934
0.07720568
0.44656214
-0.29316407
-0.59820133
-0.56301606
0.055192664
-0.13387462
0.022327285
0.057248622
-0.7223299
0.37947372
-0.48023874
0.40004277
