-0.57358617
-0.35271454
-0.81384957
-0.552611
-0.38954404
0.10793293
-0.22010197
-0.3063644
-0.40978366
1.5628695
0.36426577
-0.655735
-0.38897777
-0.6806163
-1.1065724
0.6525667
1.4920284
1.3367376
0.10940289
-0.6003702
0.42292005
-0.7292835
-0.20095265
1.3893816
-0.6059121
0.9488473
1.2521522
0.10684718
-0.9854207
-0.53245556
-0.7905235
1.8166043
1.6710386
-0.892608
-0.038974557
0.7527473
-1.0071679
1.80439
0.30593875
-0.799968
0.69694793
0.12399205
0.09733454
0.32657248
0.21475779
-1.1272056
-1.1263249
0.70588744
-0.10843885
0.1429453
-0.8903551
-0.90953535
-0.35321328
-0.58304167
0.88655615
-0.50879234
0.021241184
1.1060257
0.1425813
0.047661707
1.2058185
0.1658729
-0.0029901222
0.8347993
-0.45256972
0.086276315
1.0374618
-0.7659819
-1.0037293
0.24821444
1.0546468
-0.38082418
-0.7972083
0.3872775
-0.16058673
0.18006077
-0.698766
-1.4939201
1.9665508
-0.46874198
0.64611846
1.2189676
0.5497484
-0.71936107
-0.78529316
-0.14395763
-0.24258903
0.46535966
0.7154307
0.45611852
0.911212
0.8648859
-1.2615712
-1.2523286
0.104356065
-0.24112715
-0.6222143
-0.8516046
-0.34542778
-1.0550243
1.2704586
-0.92591804
0.8105684
0.33006245
-1.0219204
0.85006464
0.6105203
0.406577
0.78902984
-0.6520796
0.98025656
-1.8818237
-0.45035928
0.30379158
-0.21660165
-0.95710874
0.52288973
-1.2689697
0.37263918
0.64897674
-0.91045904
0.08252134
0.85840905
0.17495148
0.7526749
-0.1629233
-0.85600203
0.51855135
0.07962487
-0.9510356
-1.1004851
0.7900226
-0.6366035
-0.40256557
0.2625955
-0.4413337
-0.72838056
-0.5406183
-1.0138743
0.10532985
-0.51712626
0.0776171
1.2060974
-1.0269713
-0.63325906
1.1243162
-0.119061165
-1.0065954
0.31387538
-1.3332955
-1.4979044
-1.382353
0.22664762
0.43999204
0.31291547
-1.3845122
-0.117737524
0.59663075
-1.6136013
-0.40173718
0.15886787
-1.1080893
-1.8264806
1.7714335
1.2225577
0.40381593
0.035897207
0.15188839
0.37535062
-0.3505579
0.6594299
-0.69557554
-0.3192904
0.6969844
-0.2640397
-0.016417347
0.0020385073
-1.0480044
0.2875614
-0.452433
0.33510208
0.14258015
-0.4805913
0.9419532
0.64665806
1.0706834
0.8910322
0.17522085
0.32101548
0.06273691
0.69157773
0.51680315
0.37065712
1.221645
1.1504892
-1.6006316
-1.5924509
0.8177795
-0.48381162
-0.6897704
0.07176453
-1.3321035
1.5329444
1.1468482
0.09606777
-0.51206744
0.7269282
0.056651607
1.3355803
0.9010881
-0.5971237
-0.03414105
1.5419177
0.48173252
-0.29357544
-1.9326527
1.0100987
-0.14660865
0.73524934
-0.27418426
1.2130394
1.0857308
-0.68545866
-0.7090223
1.5848942
0.872399
0.97061145
0.0007974318
1.096568
-1.3353465
0.38917577
-0.23419338
-0.7485263
-1.6597135
-1.6240245
-2.0410569
0.42002675
0.52842873
1.1001238
0.65179044
0.47681448
-0.21983704
-1.0287718
-0.17200716
-0.7374372
0.74901235
1.1652654
-0.6144806
1.1556654
-0.042511176
0.51249313
0.7566496
0.24241355
1.0454394
0.7422751
-0.84601104
-1.4982499
-1.8684655
1.2986271
0.5550823
-0.9172471
-0.57389975
-0.29948327
-1.0912821
-0.63567203
0.9951097
0.68779117
1.1340936
0.96443343
-0.34178442
0.2416791
-1.6007489
1.0783926
0.48876616
1.1318811
-1.0413989
0.93130314
1.1446334
-0.2158595
-0.8470849
-0.49765593
0.09644318
0.17445454
-1.350221
-1.3326269
-0.5631513
0.9161837
0.16699515
-0.73676157
1.1219485
-0.9739357
0.051203184
-1.1451601
-1.7075839
-0.7520106
1.6845894
-0.124519385
-1.4933298
-0.07706595
-0.57923484
0.34464997
-0.09530285
0.5277411
-0.40953213
-0.07959408
-1.1996164
0.5779937
0.43817142
0.36914715
-0.3087208
-0.19064823
1.5271456
-0.02788884
0.60422766
1.0208421
-1.1809688
1.3296074
-1.672534
1.4554125
0.3725119
0.7930267
-0.35626018
-0.15729196
-0.5920674
1.1415434
-0.10316024
-0.97300845
1.3043528
-0.66817105
-0.24221887
1.7546322
0.36848596
0.35821998
1.0323706
0.94530135
0.23272157
-0.29598266
0.0059783547
-1.4659373
0.6272277
-0.2773903
-1.4898037
1.6546292
-1.4917094
0.2534367
-1.0323313
-1.7429495
0.33484203
0.4940998
0.6654525
0.14375217
-0.8592021
-0.2832752
-1.397564
0.1846138
-0.7998739
1.4780596
0.9630983
0.43972963
1.7807268
1.7350124
0.84136564
0.6861103
-0.16130634
0.08615233
0.72667575
0.4836349
0.40989876
0.25059608
-1.5144873
-0.17742214
1.4353603
-0.18816192
0.37840658
0.7759171
0.91692376
-0.30990726
1.1972367
-0.99004495
-0.68135345
-0.22930337
-0.43520314
1.3448843
-1.0374935
1.044191
1.8172286
0.26865542
-1.4849964
-0.48254862
0.08812601
-0.44617462
1.3923427
0.12964095
0.7354349
-0.34192
1.4778829
-0.6773181
0.7477545
-0.38363412
-1.0683537
1.4303722
-1.355315
0.6271932
0.01200741
-0.38197833
-0.00911551
0.7459871
0.27885666
0.80343175
-1.4753457
-1.1316543
0.58450484
0.6395423
-0.2648598
1.8324285
0.76078606
-0.608127
0.43103683
0.0869393
0.6094567
-1.0933397
0.7691979
-1.7385508
-0.39934912
-1.3746052
-1.5385036
-0.36250696
1.048697
0.09593611
0.19848673
0.38187215
-0.56945944
0.51085156
-0.8927579
-0.3102437
-0.525964
-1.380172
-0.79073524
-0.096705094
-1.0682638
0.048410043
-0.3272329
0.17529665
0.27719793
-0.2224169
1.1858029
-1.4788343
-0.26273674
0.59699726
-1.4260913
-0.23445939
-0.1534003
-0.5209767
-0.71042246
-1.5494252
1.6218623
-0.9163288
0.6798918
-1.7447299
-0.52450055
-0.055654135
1.0681916
-0.98911285
-1.3185877
-0.6959469
-0.5690274
-0.9401125
-1.3603432
-1.2467788
-0.4182314
0.42647588
1.9133141
1.5140911
0.123522066
-0.17496248
1.2166584
-0.5411106
0.495048
1.1233797
-1.0070312
0.16741565
-1.4972535
1.2617788
-0.6395264
-0.6734302
0.021907857
-0.554815
0.78572494
-0.5612349
-0.24323346
1.5479767
1.47795
-0.2961769
-0.89592135
-0.088559605
-0.46044326
-0.27879742
1.9012415
0.9310471
-0.6205602
0.14575902
0.9553591
-0.60155296
-0.8424433
-0.6642502
-0.00043055415
0.058116607
0.5806223
1.6237696
-0.4010553
-0.57630074
0.23778945
0.48301327
-0.06126062
0.17730498
0.4840343
-0.8793032
1.1247253
-0.67037654
0.2289462
-0.28493565
1.0808983
1.4527013
0.29357454
-1.2279403
1.0108747
-1.2133987
-0.6015643
-0.056591596
0.62773335
-1.2229701
0.4332303
1.3251654
0.25880334
1.7238541
-0.28535444
0.7707532
0.90555775
1.2470912
-1.6676419
-0.73478425
1.210071
-0.68368256
-1.7622703
1.7445506
1.2066888
1.0184451
0.66845775
1.0901991
1.4008251
1.058063
0.404137
0.55769724
1.0736079
0.47946298
-0.77678883
-0.6677472
-1.1337597
-0.5881226
0.13261478
0.114088036
1.6210203
-0.3493962
-0.7443745
1.0385904
1.2130395
-0.9825166
0.024817131
-0.2598385
-0.82390636
0.4898428
1.4086206
1.2956817
-1.2166204
-0.23595469
-0.45902205
0.48593387
-1.6366934
0.5568334
0.13508345
-0.23362495
0.3727807
0.11659115
0.05706833
-0.39903626
0.47236824
-1.407776
0.109863155
-1.073239
0.43998834
-1.372942
0.18556136
0.884113
-1.1146369
1.0920042
0.8106511
-1.0773519
-0.1459306
0.86619556
0.0967982
0.6457563
-0.51870805
-0.52186906
-0.7384017
2.130907
-0.7525748
1.2280397
-0.7768991
-0.58162886
-1.5421239
0.51715267
0.13085307
0.5361115
0.6254594
-0.528859
-0.45071912
0.10631686
-0.19490911
1.0925474
1.3650236
0.3423934
-1.1544689
1.3089869
-0.90084004
-0.13650657
1.0156081
0.39731023
-0.7714811
0.3113223
0.23387796
-0.8412999
0.14696394
0.6235428
1.0464402
0.6518551
1.3875759
1.0110745
-0.42987546
1.4121025
-0.38053268
0.008479669
-0.8425015
-0.3126798
0.9037771
0.5641297
0.11241212
-0.3618047
-0.3498424
-0.3456653
-1.4699736
-1.0840342
-0.6679406
-0.8986678
-1.0568652
0.715201
-1.1578766
-0.0191591
-1.1311278
-1.4114126
0.98603797
0.57005954
0.39731476
1.8241291
-0.814137
-0.4367748
0.3575063
-0.09889965
1.3083761
-0.120334886
0.153269
-0.5657283
0.9976014
-0.086236954
-0.9392934
-0.5962745
0.51919526
0.37995985
-1.0049235
1.7868619
-0.45901734
0.8528961
-0.36532387
-0.757823
-0.29449698
-1.6512945
-1.3552362
1.4587246
0.38367906
-1.4823043
0.40773043
-0.32773522
-0.017983122
-1.7872876
0.4608155
0.069475845
0.1650351
0.85951155
-0.7948573
0.18281214
-1.5727419
-1.1413598
-1.1824588
-1.6528574
-1.1973491
0.53962904
-0.49740657
-1.0048354
0.86262906
-1.5244972
-0.5990095
0.35959852
1.5631089
-1.6094348
-0.48672268
0.6604634
0.66378045
1.0047501
0.54896635
-0.44927597
-0.9292267
-0.17111585
0.32488483
1.145086
0.41598436
0.882602
0.77772796
-0.24342835
-1.2463822
0.103137635
0.1883468
1.3956661
-0.3344652
-0.43211952
0.03174331
0.4725634
0.7526255
0.32959843
0.55020857
-0.9680568
-1.9955543
-1.4252428
0.22175376
-0.5198456
1.2639658
-0.5419498
0.59626263
0.31203005
0.8091932
-1.2128608
-1.8148181
-0.4911449
0.89160335
1.0503576
0.14917366
0.6867466
0.2860796
0.10904297
-1.2912048
-1.9578012
0.8735564
2.0693142
1.8888061
-0.74454725
-0.5877739
-1.6520585
0.09524236
-0.36244723
-1.5985806
0.40202546
-1.1312165
1.3789697
-0.5420011
0.41274786
-1.5645258
0.18589878
-1.0366595
-0.04700134
0.6458162
-1.354274
1.3360795
-1.7674327
-1.3243113
-0.31142092
-1.2096138
-0.882208
-0.37006485
-0.5075114
-0.39056215
0.53969586
-0.056278944
-1.7506368
-1.5137525
1.4462204
-1.1665303
0.6905279
-1.0353643
1.4702603
-1.2872754
0.67588466
1.8236362
-0.9662792
-1.2201647
0.04882178
-0.12714815
1.2205155
-0.45721912
-0.80118054
-0.8619294
0.055715922
0.94196516
1.3523551
-0.7606909
-0.3037986
-0.95787585
0.86790013
-0.5725715
-0.19603866
-0.25875238
-0.49924004
-0.98864573
-0.091681756
1.6690555
0.21387513
-0.4274897
1.7128328
0.0018320911
-1.2814006
0.64324486
1.0906508
-0.35815158
1.0143746
-0.92970794
0.33503282
-1.8479623
-0.46158248
-0.7632013
-0.8294813
-0.33904037
-1.0762476
0.5890197
-0.4502565
0.3432178
-0.71736753
-0.7766137
0.42335266
0.6685827
1.2236829
0.11159848
-0.9017008
-0.54912215
1.5871482
0.52281016
0.17037424
0.40295035
-0.5383316
0.6921765
1.7211955
-1.2756268
-0.0868919
0.13901433
-1.4407398
-1.4118327
1.2564472
0.30190644
-0.06904497
1.1007317
-0.79703146
0.4494988
-1.3367949
-0.3698794
0.11680702
-0.43159992
-0.7111656
-0.60779774
0.58711827
0.21569039
-0.7572947
-0.26626977
-0.3408611
1.7620814
0.13771072
-0.37544888
-1.2528797
0.13102719
0.13001704
0.48103923
0.9036391
0.46618378
1.2097107
-0.71868366
-0.0429263
-1.0898585
0.09282614
-0.086428136
-0.107251406
-1.1252213
-0.6620666
-0.29853228
0.07288513
1.7348242
-0.68318737
0.25821692
1.2267888
0.15897849
0.5522522
-1.8108897
-0.88056684
-0.28306845
1.2143565
1.1344643
0.72045344
1.0498765
-1.1417576
-0.3283131
-0.70545506
0.45022655
1.9476455
-0.16705857
-0.7289365
1.5441942
0.22380273
0.20834969
0.024869803
-0.5941343
-0.42004204
-0.90736526
0.36264423
1.8267946
-1.1399732
1.7285075
1.0070782
-0.79657865
0.31510523
0.90640813
0.39262477
-0.95719475
-1.2848945
-0.21940956
0.0327063
-0.42182297
0.7746634
1.0017314
-0.016886475
0.7407871
0.4535277
-0.7663556
-1.7042348
0.76901644
0.3508767
-0.60310555
-0.37740815
1.3327361
1.7996436
-0.6981271
-1.1746054
0.14942276
1.1257688
1.1832918
0.5566273
-1.5994588
-0.25691795
-0.42179048
0.838251
1.9785644
0.43938562
-0.053102445
-1.7639045
0.6055503
0.8670263
0.11172094
-0.08332579
-0.48134264
-0.33980283
-0.44489515
-0.5880848
-0.5260416
-0.38945258
-0.3660169
-0.95121217
-1.4710318
-0.79473835
-1.8672037
0.39866373
-0.17277412
1.7959385
-0.6528813
0.18823929
0.09605085
0.58397496
0.4444508
-0.89446515
-0.029818274
0.7421721
0.18128376
0.9530805
-0.2052125
1.0301937
-0.60808414
-0.0793852
1.3224528
0.9083868
-0.3338195
-0.92138726
0.5928488
0.51911235
0.016857883
-0.6683776
-0.4694246
-0.61071575
0.3483512
0.684458
0.29621458
0.33232492
-1.0923519
-0.34345466
0.3043492
-0.543157
0.4643823
-0.7993981
0.5699094
-1.1207782
0.86619055
-0.67824566
1.1387789
1.3744793
-0.31666365
0.16106342
0.19944908
1.1625634
-1.4787879
0.51438594
0.10057053
0.004325853
-0.77271765
1.1565466
-1.0398253
0.53258264
-0.5087799
-0.056442074
0.23765413
0.11117186
-1.3832994
1.06401
-0.913304
0.31158128
0.6757908
-0.44277206
-0.52933115
0.16791295
-0.099679165
1.2334113
0.20310242
1.3191482
0.6824379
0.04750926
0.35126474
-0.0012145487
0.11381417
0.3483409
-0.7784749
-0.6237109
0.7739593
-0.09727111
0.9426556
-1.430067
1.2542298
-0.27465013
-1.7102282
1.6671262
-0.7191183
-0.8199897
0.058368765
-0.33429638
-1.4144815
-1.1885458
1.6746987
0.46605113
0.98583174
0.278594
-0.7397542
-1.2943931
0.16232947
-0.31167084
1.4548677
0.22626342
0.70297754
0.29352534
1.0238506
1.6374676
-1.6750581
-1.3960744
-1.2941192
-0.4934392
-0.18165997
-1.3889829
-0.98896766
0.34830114
0.90706414
-1.2243049
0.47073153
0.98247766
-0.54000866
0.53492403
-0.09838549
0.23447077
0.69620305
0.7519969
0.3463672
0.43053585
0.26832592
-0.9579171
0.3521468
0.13351943
-0.4707238
-0.18109976
-0.23741214
0.4642397
-1.1843523
0.24079959
0.73569113
0.27713156
-0.3342205
0.20509706
-0.6983009
-1.0725932
0.5009339
-0.6908121
-1.2093991
-1.9328704
0.5012058
-1.0544062
1.2690673
-0.074973114
-0.40469825
-1.0693929
-1.4704565
0.11688516
-0.78230137
-0.40075204
-0.3208822
0.95807815
-0.47270757
-0.45784143
1.9379445
-0.744839
-0.10419433
-0.21484181
-0.59519887
-0.008034143
1.0461903
0.35712326
-0.7558954
0.4685761
-0.41807714
-0.7890699
-0.38311052
0.9358354
-0.7143249
0.0045315465
1.2457726
-1.5320771
-1.0417534
0.0005941838
0.6584457
0.29145458
0.21205334
-0.12504472
-1.4760553
1.3960791
0.35458842
0.49463376
-0.77793014
1.2452204
1.4471622
-0.44743198
-0.5517809
-0.027686054
-1.1223813
0.44224578
1.023048
-1.0029411
0.08206156
1.0549328
-0.46319377
0.85858005
1.5122219
-0.13837996
-0.7813693
1.0399895
0.4430855
-0.61081296
-1.1966548
-0.75381845
0.15108505
0.9781452
0.47058436
-0.9095814
0.050214972
0.7366028
0.31366393
-1.2949067
-0.8637335
-0.71828735
0.12971942
0.5111308
-0.9313935
-0.7210602
0.19047962
-0.24580067
-1.314915
-0.007524002
0.5929299
-0.4749235
1.1932232
0.0041706553
-0.97050744
0.18721798
-0.97301805
0.88362586
1.3723933
-0.85572463
-2.151744
1.2233695
0.02353899
-0.64842016
-0.94862366
-0.06948073
0.07353875
-0.026481997
-0.421604
1.522125
-0.6389916
0.2084089
-0.7351675
0.008266087
0.67090756
-1.4645829
-1.6617789
0.35649988
-0.29263055
0.8984872
-0.405073
0.32683188
1.4206518
-0.45657456
-0.9758113
-0.77441776
-0.1217239
0.53405446
-1.1425636
-0.27024138
-0.60974336
-0.10612344
-1.037498
-0.50892806
-0.5831534
1.2689184
1.6685214
-0.38679424
0.18517631
-1.269438
-1.3664659
-0.5696379
0.21832913
-1.0433984
0.16596305
-1.4736507
1.1553113
0.82471305
-0.19545518
-1.0118368
0.82766765
0.53361166
-0.37478054
1.4433607
-0.65679884
-0.24007754
-0.649559
0.5976527
-0.8250816
-0.33668825
-0.82432336
0.14692782
-1.0636774
-0.36656538
-1.3583091
0.62570333
0.21102482
0.43696466
-0.4307441
0.29874447
0.30524057
-0.6133605
0.18380253
0.5257307
1.5159447
0.17293975
0.33298698
0.36469522
0.81624
-0.8440357
-0.5329667
-0.81492394
0.5885714
-1.2436652
0.75743055
-1.4970326
0.3695204
0.088657096
-0.18761519
-1.3109615
0.46599442
0.0728749
-1.1574671
1.0858995
-0.04517842
0.14681126
-0.4188463
0.048962347
1.7654079
1.5706954
-0.023748348
-0.06785239
-0.5714696
-0.9590304
-1.3768969
0.018560596
0.5667163
1.6978076
1.1443132
-0.42332444
0.03110609
0.36967805
-0.73259723
1.2515944
0.2913121
1.5901093
-1.0333269
0.6327247
1.8071417
1.2709663
0.7212872
-0.79013145
-1.0822037
-0.7223638
-0.069145285
0.24384761
1.7264304
1.8400587
1.0787833
0.5505699
0.54478186
-0.9845177
0.7847516
0.5238215
0.8932795
-1.679749
0.39093843
0.08297975
0.046602987
-1.5118159
-0.3744746
0.053493436
0.122011185
-0.15481707
0.7957482
-0.81230366
-0.9290906
-0.5273742
0.23465371
-0.910607
-0.6421827
-1.0761027
-0.92888993
-0.77929884
0.56386584
-1.5404332
0.064433254
0.90427834
0.5646095
-0.65745276
-0.07929728
0.6231787
0.099391416
0.28249297
-0.23278362
0.2634954
0.9688897
-0.5108121
-0.06249936
0.8692502
-0.373956
0.37471303
0.011363117
-0.19228607
-0.8429322
-0.0583574
0.3129697
-1.2315615
-0.36206883
-1.213795
1.0293612
-0.59671867
0.10710403
0.56699175
1.3693092
-0.08610995
1.4127737
1.3569944
-0.8916837
0.64970493
-0.19398317
-0.5393474
-1.3987943
-0.38829443
1.4361757
-0.4659887
-0.77400756
0.65649366
1.9109194
-0.095171124
-1.4265287
1.2850411
1.4501947
0.39891267
0.66131383
0.4603427
1.4195693
1.7142136
0.098255046
1.1010776
0.78336704
-0.6102199
-0.2563607
0.9157758
0.45045394
0.795734
-0.33487043
0.23945662
-0.36437234
-1.7016879
-1.3413899
0.08717933
-0.17814481
0.06530745
0.5864223
-0.88374615
0.45921978
-1.1524234
-0.5338361
1.3970693
-0.4729317
-1.4376746
0.3668027
0.4302283
1.9865737
0.12233066
0.016772214
0.8688841
0.1683442
-0.003949915
-0.9025718
0.2379231
-1.9210446
-1.3496062
-0.052842118
-0.014235415
0.80542535
1.1824961
0.8063314
-0.7155386
-0.7643722
0.050110985
-0.9036332
0.9658644
-0.43121722
-0.9096345
-0.14024559
1.3422328
0.24721768
0.8131578
-0.9838093
-1.4289798
0.61361516
0.91071284
-0.11197044
0.12074344
1.0766075
-0.5435226
-0.01968945
-0.18653962
-0.80011946
-0.7461386
1.232227
-0.9632797
-0.25151312
0.13045096
1.052799
-1.1765451
1.1303849
-0.27245402
0.30986056
-1.2638744
1.4696002
-1.7945609
0.17788313
0.660619
-0.7967636
0.53849655
1.470542
-0.17274141
0.017295288
-0.3557845
0.45509642
-0.5163921
-0.48730367
-0.5102334
1.1227374
0.093806006
0.78029543
1.6322576
0.45583293
-1.2983043
-0.8601885
-0.09466768
0.91776747
1.0521871
-0.98729485
1.4062592
0.09190599
-1.1691424
1.7125449
0.5612552
-0.6890675
-1.548239
-0.43041974
0.49905485
0.000985164
1.3633937
1.3165596
-0.25361377
-0.90842783
-0.7548218
0.63579196
-0.46685767
0.05029688
-1.2267148
-1.2306662
-0.27552167
-0.7436353
0.7461518
-1.538958
0.7208752
-0.47932282
-0.61356664
-0.67041755
0.44495848
0.5629929
0.26993784
1.2220435
-0.7731907
1.0777606
0.26716018
-0.80149144
-0.036611333
-0.56704867
0.38463363
-0.2810239
0.445223
-0.1783109
-1.034932
1.4757216
0.2412275
-0.54415417
-0.31941736
1.240008
0.7693192
0.22462133
0.98567057
0.27728218
0.60906225
1.2657952
0.94098043
0.13436942
-0.3593967
-1.1481947
0.2314853
0.38117144
-0.47117215
0.040337294
-0.05843059
-0.033831723
-0.6873641
-0.09072483
-0.5182777
0.61598706
1.3532043
-0.57629
0.40489775
-0.112923056
0.65008533
0.84143573
-0.96435165
0.5467219
0.6954907
0.80300176
-0.025262283
-1.0550665
-0.21511705
0.4572559
1.7571859
-0.29646823
-0.32869184
-0.60684603
0.50680304
0.6992332
0.23000747
0.0528944
-0.90986145
-1.2596442
-1.0524914
0.8143883
0.5460524
-1.2311478
-1.0801754
-0.7672986
-1.2317016
0.45772877
-0.53810865
1.2073747
0.42533943
0.844066
1.0596737
-0.9982315
0.15667143
-0.15746137
0.031360783
-0.034737296
-0.5747383
-1.2589549
0.5080878
0.35046068
0.16105095
0.7847451
0.26325184
-1.1202519
-0.8050821
-1.1102433
0.9971181
0.066191435
-0.116311595
0.057382025
0.25148532
1.699996
-0.20514639
0.70375115
-0.7772167
-1.4480221
1.0585895
0.77535003
0.70213807
1.3101275
1.2802628
-0.30975184
0.30739596
0.2349415
0.040051002
0.36194295
1.3031127
-0.31200784
-0.93392366
0.9705081
0.44679862
-0.40979293
0.94085234
1.1552758
-0.9733968
-0.7053778
-0.47556755
0.74141073
0.440165
0.4293787
0.49499297
1.6739028
-1.5566964
0.41964686
-1.6281503
-0.63117385
0.61859244
1.4231147
0.4972073
0.16736735
0.18613485
0.68498397
-1.5619035
0.023917243
0.51907533
-0.22576085
-1.7651708
0.4739359
0.2508933
0.85139555
0.020631947
-0.5070116
0.42103913
-1.4435127
-0.042030938
0.2985805
-0.9690156
1.187057
-0.7803212
0.7230809
-1.5013683
0.9040817
-0.13676247
-0.46182573
0.75670654
-0.60124516
-0.57205987
1.6489756
0.32486454
-0.47186437
-2.0476644
-0.04193174
0.1644094
-0.22471228
-1.575995
-0.3333005
0.6664722
0.6187386
-1.5864594
-0.8108661
0.68495154
0.33732817
0.6743264
-0.3577182
2.088777
-1.5162418
0.3487681
-1.8484532
0.33249748
1.5020756
0.7057351
-0.09308362
-0.46064118
0.79199547
1.292049
-0.35547328
0.39089364
-0.10962717
-1.2003247
-0.02609106
-0.85032463
0.4089004
0.23297982
1.0191067
-0.9881259
0.17255834
-0.23336735
-0.16744716
-0.9277811
-0.46162856
-0.93361616
-1.3620008
-1.0183873
-1.3185784
0.2297595
0.022714071
-1.3413575
-0.1902767
1.0232824
0.10429431
1.5738704
-0.16599256
1.972812
0.8404479
-0.6861303
0.4407722
-1.6813494
0.04187282
0.43544298
-0.5218248
-0.3316606
0.2968282
-1.3711252
1.299452
0.32189846
0.6675954
0.0037315995
1.9473822
0.07637905
0.70630956
1.2611835
1.9742908
-0.5498088
0.6175699
0.6297471
0.4376773
-0.4248207
0.35366964
0.055867873
0.9801464
1.167974
-1.4347974
-0.8303217
-0.6441756
-0.5679209
-0.016956873
-0.23541811
-1.4352735
-1.1763185
-0.9066875
-1.4240937
-1.0400125
-0.17383833
-1.0364913
0.39561036
-0.06939856
-0.48242092
0.11492384
0.20853409
0.99528027
0.26399678
0.34671587
1.397569
0.58061534
-0.29735735
-1.0591847
-0.55621433
-0.3836886
0.76608384
-0.66767466
-0.5763784
-1.0421709
-0.37518695
0.80164623
-0.32054567
0.77826744
1.7337892
-1.5588993
-0.03312611
0.82529175
-0.007197974
-2.022197
-0.9476085
-0.28131366
-1.44838
-0.9372896
2.1573932
1.3390088
-0.058269005
0.2567719
0.058363143
-0.9395411
-1.1078546
-0.3252978
0.91387546
-0.36191285
-0.043716796
-0.130739
-0.5436279
0.53387386
-1.2499912
0.18498543
-0.9477771
-1.17824
1.8323805
-0.5522516
-0.2589701
1.2421468
0.3369644
0.43303204
-0.15149973
0.6907988
-0.74391544
1.0327939
1.1111704
-1.2819049
-1.1641477
0.42768353
0.9051547
0.13687958
0.12438066
1.2039812
0.9561242
0.08903368
0.5290057
0.5434774
-1.6919571
0.47655308
-0.993067
-0.8377541
-0.57493544
-0.18761532
0.706601
-1.1822965
-1.2532889
0.06492562
-1.3378785
-0.17206593
-0.047152586
-0.12917197
0.4676267
-1.7356741
0.40059084
1.4986608
0.42655674
1.5976884
1.0076097
-0.5323626
-0.02148101
1.2155379
0.9668286
-0.27230588
-0.43902767
-1.3797604
0.58933175
-0.92264134
0.6517431
0.74550486
-0.9581692
-1.0611396
0.34655434
-0.33649576
-1.4038656
-0.10714744
-0.36002168
-0.9839765
-0.16229363
-1.2566687
-1.2337127
0.4923797
-2.1420925
-0.3557387
1.0056959
0.41901743
0.9562844
1.056536
0.032230377
0.29696146
1.1100196
-0.2301
0.042361937
1.6009845
0.9385892
0.30671203
-0.42175782
-0.869344
1.1935953
0.991648
-0.29023877
-0.65154034
-0.6321738
-0.6608074
-0.08613411
1.0488739
-0.16201825
-0.92426306
1.2342634
0.60666513
0.97774494
0.52293354
-1.1414933
0.22806144
0.39278567
0.043061744
-1.4133987
0.7860249
1.2023225
-0.20836802
0.49512327
0.30746338
-5.8084726e-05
1.6594788
-0.552475
-1.1511306
-1.3901991
-0.20639737
-0.28712082
-1.2459702
-1.2875181
0.13964348
0.59208894
-1.2125415
0.9341488
-0.15661502
0.96083724
-0.3918415
-0.061825234
1.6771545
-1.4318445
-0.8732859
-1.3146231
0.9187857
0.32713777
-0.8906219
0.869599
-0.4894808
0.5966768
0.28875422
-0.98943645
-0.100116245
-0.09752155
1.2332628
1.9057478
-1.4971278
0.7867277
1.5392287
1.0169556
1.6905837
-0.9937255
-0.2050591
0.46522194
0.6713166
-0.06564934
-0.24845491
-0.5768254
1.0570475
-1.4269634
-0.63023317
-0.92712414
-0.88512826
0.7504425
-0.3590133
-1.4179989
-0.36186242
-1.075795
-0.55214167
-1.7283844
0.70690316
0.8581221
-0.49992102
-0.3627258
-0.17985952
-0.20062643
-0.28133276
-0.041592587
-0.12847075
-0.018697558
-0.785538
-0.2846787
1.1839043
-0.7264045
0.35691932
-0.75721383
-1.4461054
-0.60208195
-0.17585348
0.06524582
0.7150106
1.7916969
1.326966
0.20294175
-0.35525402
0.012659412
-0.81171554
-0.858441
1.1067709
0.48927024
0.9603028
1.1699921
-1.7656271
1.0188596
-0.14696795
-0.32138246
-0.2011822
-0.66754204
-1.3001113
1.1492319
-0.8072341
0.23839322
0.7913418
1.4590696
-0.6006351
-1.4112695
-0.63069963
0.6346395
-0.7609571
1.0417045
0.142007
0.09671303
0.73067874
0.6131707
-0.10642555
-0.06745901
-1.0094202
0.64419
0.5137205
1.3822975
0.16506584
0.05410743
-0.6246518
-0.27885428
-0.49139953
0.7336894
0.0074847834
-0.99221206
1.9559109
0.20478456
0.9290974
-0.72154516
-0.5981836
-0.5384894
-0.40818492
0.66164297
-1.4273007
-0.4180437
-1.4498022
-0.15540598
0.79330766
-0.6299623
-1.0745932
0.12232127
0.8166194
0.11619313
1.1352866
-0.7957268
1.4903727
0.6777535
-1.2227019
-0.9933628
0.36425433
1.2370659
1.0476196
-0.1743825
-0.9442562
-0.5091747
-1.1605414
0.067446165
0.13850671
0.0034120763
0.63340825
1.2025764
1.4158028
1.1215018
1.806817
-0.9131268
1.3203843
-0.17412028
1.0538228
0.8328881
-0.21671675
0.6327843
-0.30117357
-1.0972826
1.6631488
0.9080723
-1.2988776
1.4954686
-0.9488543
-1.1252494
-0.89003164
-1.0027319
0.7909613
-0.22733277
-1.8755748
1.2138437
1.1262034
0.89214337
-1.4298297
-0.32006708
-1.4362432
0.09131169
-0.22401063
-0.37909812
0.40595588
-0.73824537
0.38790607
-0.6569798
0.11795329
0.27930066
-1.1439288
-0.31913054
-0.14195988
0.6754751
0.48212633
0.34075484
0.8069165
-1.5766268
-0.28264764
0.1741151
-0.30041435
-0.60899127
-0.54159164
0.52380705
0.50056654
-0.78970087
0.35579896
0.3983861
-1.1319697
0.7345564
-0.3706104
-0.28012407
0.14342557
0.2425843
1.5629941
1.3518814
0.22681083
-0.6683182
1.2110455
0.8477315
0.40844
0.40139034
0.9846257
-0.7910362
1.3864706
1.2676883
0.3724547
-0.3795953
-0.56065154
-0.8395763
-0.72790724
1.038395
0.16703363
-1.4508477
0.6416372
-1.2211205
0.24905582
-0.113091744
0.41921416
2.0036442
-0.75734884
-0.31376764
-0.6902552
1.372234
0.10754881
2.0473146
-0.49841312
0.9580924
0.65085626
-1.077353
0.4747042
0.67605627
-0.4396346
1.0119796
-1.4823835
-1.0746254
-1.5059428
0.77249193
1.58971
0.0058059404
1.1872119
-1.9519485
-1.6713941
-0.02486863
0.036199637
-0.92100877
0.27156508
-0.017488856
-0.41979066
-0.40827164
-0.5805091
-0.042618714
-0.43816167
1.5086701
1.0119867
0.5509856
-1.3098874
1.3944889
-0.9606962
-0.7192141
-1.41703
-1.1428068
-0.9035224
-1.0403228
0.6075546
-0.4749043
-0.26921767
0.22687241
-0.87522763
0.73399514
-0.46485078
-1.0699348
0.5598972
0.30598456
0.59019935
1.6946473
-0.2135826
-0.71341765
-0.7860603
0.9463133
0.43289453
1.7722995
-0.942237
0.23577216
-1.7066977
-0.8850684
-0.04935667
1.2404721
-1.1047716
0.6389314
0.27309406
-1.4055496
-0.37835225
-0.17210595
-0.53947055
-0.0300202
0.40594724
0.6921173
-0.6574634
0.83916926
-1.6554832
0.15360834
-0.22782062
1.0232842
-0.3813619
-0.42325544
-0.37164468
0.25939554
-0.4351399
0.98828727
-0.4699651
-0.09972014
0.66847295
0.87441105
-0.5777278
0.5031239
0.94150925
0.32735968
0.5565846
0.90760475
0.5823626
0.03434205
-2.0191152
0.1742481
1.4986756
0.93615437
0.2574064
-0.9663751
-1.1091926
-1.0570283
0.6437732
1.153745
-0.3500254
-0.61966854
1.1720374
0.95716465
1.8262396
0.4919397
0.71525115
1.5025947
-0.29147854
0.8982029
-0.24967693
0.48113376
0.34435764
0.75287944
0.77885497
-0.37194857
-0.1706234
0.56248266
-0.047372267
-1.6441553
-1.4356458
-0.82930994
-0.25657427
-1.7048798
0.4823685
0.29637805
-0.59612817
0.6194664
0.20994845
-1.7023576
0.8350406
1.3297166
1.2819728
-0.9054362
1.1749052
0.01773152
-1.0401427
-0.31115052
0.25367352
0.9602738
0.13543804
0.74924177
-1.198399
0.026088899
0.5990221
0.7098148
0.2134066
1.1478944
-0.033522166
-1.8295419
-0.36910763
-0.4338235
0.22507133
-0.77846384
0.3082915
-0.5444735
-0.79984325
0.8959568
-1.173327
-0.3110487
0.6758254
-0.79123217
1.0512636
-1.4732296
0.54568195
1.6897169
-0.561573
0.9581312
0.9440139
-0.18604839
-0.42439577
-1.1247389
-0.6443041
0.191448
-0.28602558
1.3326653
-1.0746884
0.945343
1.5222775
0.18349597
-0.80585265
0.41385946
-1.2188034
-0.0038203057
-0.0016171106
-0.11226741
0.31101108
-1.4092313
-0.54661673
0.558308
0.5235053
0.14987859
-0.7281796
1.4616517
-1.2284722
-0.59075314
0.20578602
-0.21455982
0.40101013
-1.0339799
-1.2675042
0.17626213
1.427565
-1.5011706
0.41747692
-0.49984327
0.6801125
0.87687564
0.73234636
-0.8331697
-1.065751
0.26423833
1.3901486
-0.12839913
-0.52566624
-0.65889734
-1.0054185
-1.0929649
-0.24132606
0.020373276
0.1497802
-0.49279445
-0.36684012
0.75032496
0.10718658
0.045483142
-0.11953137
-1.0656706
0.0905349
0.41275668
-0.65279037
0.5609439
1.2395918
-1.2993274
0.102072746
0.41430616
-1.820097
1.1445869
0.41718674
0.80496275
0.51209235
-1.4732797
-1.6631391
-1.3258792
-1.02811
0.40614724
0.14365682
-0.19854558
-0.059054073
-0.8504438
-0.6385755
-0.80723387
-0.9399059
1.184787
0.47885412
0.21090077
0.40437067
-0.2743066
-1.0059102
-0.25117263
-0.014569733
-1.024677
0.21819377
0.6840745
0.81617975
0.1445458
0.47301114
1.7678152
0.22086865
-1.0694929
-1.0997571
-0.9189763
-0.88360775
0.9606252
-0.086221285
-0.24411003
0.7803736
-0.48443806
0.60667604
-0.8053411
-0.038504887
-0.21365502
-1.7489138
0.58640707
1.050653
-0.7502737
0.6991048
-0.85113204
-1.0445964
-1.1571379
-0.8497524
0.05813646
-0.63987964
0.25073007
1.5462549
1.5615957
0.4772826
-0.44745553
0.18599817
0.0105420705
1.5626938
-0.31860492
-1.6822726
0.75161254
1.2646562
0.3055095
-0.86801493
0.20705602
-1.0961549
-1.4299649
-0.42860675
1.5267351
-1.5258607
0.7563311
0.5784745
0.9152869
0.34749645
-1.1182868
-0.46409893
1.0405748
-0.04679992
0.7846856
0.6139965
-1.0992409
-0.037401713
-0.91218156
1.0504494
0.6702021
0.28788108
0.5064466
0.17697103
-0.30264622
0.43042642
1.7120874
1.810915
0.023740802
-0.022732086
-0.3308998
-0.4646883
0.2638711
0.74949425
-0.7819019
-0.29222593
0.4184835
0.25888455
0.6916418
-0.03179601
-0.81415564
-0.22087583
-1.2259867
0.5928577
0.33946908
0.0978364
-0.870181
-0.6878042
-0.7691421
1.1982355
0.3102626
0.41685387
-0.8951981
-1.5702717
-0.8725158
-0.5849758
1.174516
-0.9476727
-0.14222379
0.5980612
-0.7020001
1.017619
0.1635816
0.4793551
-0.2576837
-1.0112936
-0.012198423
-0.07522373
0.12287835
-0.97590744
0.37651747
0.2405181
0.21175589
0.1821546
1.4770821
1.0238246
-0.7854143
-1.784857
1.6238196
0.7784591
1.3592215
-1.2994653
1.5835593
0.5879124
1.1358314
0.81226295
0.67143387
-0.053383924
0.46813852
-0.879706
-0.13980547
0.31147712
0.121097624
-0.8550571
0.8544328
0.23519088
1.395153
-0.34084946
-1.1910104
1.6608374
0.33797142
0.30237612
-0.48215598
1.6380097
0.7954047
-0.120170355
-0.9367098
-0.7102251
-1.0399858
0.68201315
-1.8012266
-0.6793889
-0.8618626
0.30408418
0.3942551
0.9070362
-0.6750915
0.615333
-0.9412375
-0.8523472
-0.6274219
0.94259715
-1.100517
-0.3627003
1.0106193
-0.7200107
0.2049549
-0.95574915
-0.93854994
1.6188909
0.61816776
-0.61888504
-1.3583205
0.3239885
0.35763276
-1.2549629
0.26487795
0.85399866
1.5641114
-1.5029768
1.6994433
-0.15817294
-0.12130025
-1.1545261
-0.68214095
-0.3479884
0.9270142
0.5419034
-0.31394392
-0.11547713
-0.45672545
0.9043646
-1.121742
-0.6208118
-0.722818
0.8760885
0.5114457
-1.0283849
1.2748936
0.4530949
1.5014743
-1.3689432
-0.2108789
0.38757807
-0.19830471
1.356137
0.77525324
0.42897114
-0.41242
-0.38821694
1.7938366
-0.5375445
0.42894375
-0.37100643
-0.594073
0.8945166
0.6097202
0.8177866
-0.7017975
1.3087822
-0.75476277
-1.0921289
-1.7587432
0.5196904
-1.7830617
0.37237856
1.2803601
-0.20451859
0.984841
1.00766
-0.3927793
-1.4227881
0.25783885
0.09558298
-0.3405189
0.23977737
0.6477064
0.7426704
-0.04069106
0.49985617
-0.22643971
0.8606594
0.82907116
-1.832319
0.7121948
0.22930534
0.5883315
0.4408259
-0.2641766
1.0844691
-1.1586893
-1.44396
1.0241829
-0.6988421
0.024057541
0.108907975
-1.0823545
0.44452667
1.3804053
0.83689576
1.0700154
2.0337534
-1.6706796
-0.9718952
-0.4165756
1.0771538
0.79306
-0.5201882
1.5289724
0.07094918
0.67536265
-0.17808154
0.20315251
-0.0546777
-0.5719374
-0.6255573
-0.8419193
-0.5667722
0.8916534
-1.1491373
-0.93706346
-0.13723262
-1.2170613
0.92411387
1.8806651
0.2973395
1.0338615
0.6383772
1.0893571
0.97793543
-0.88694024
-1.2198876
0.6494127
-0.9691478
-0.056094132
-0.77869433
-1.2269325
-1.587761
-0.7074034
-1.1994126
0.65669316
0.13298106
0.6943744
0.38987568
0.4427766
0.52906233
0.37388065
-0.3919401
-0.27252886
-0.061094612
-2.0040412
-1.0127916
0.024686348
-0.75035775
1.4161655
-0.076495916
0.88619924
-0.952524
-0.85983354
-1.4350005
-0.9368916
-1.1838481
-1.2348179
0.25451207
-0.33624658
-0.20315093
1.2271988
0.449535
-0.5613054
-1.2317249
-0.8458092
0.62779635
-0.96941626
0.69266236
1.3764378
0.75058055
1.4441345
0.2668025
1.0007173
-0.3927271
0.98423684
1.2853652
1.0653315
-0.7707817
1.1360508
0.5830815
-0.9719852
0.022885917
0.09322764
-0.5497242
1.2080108
0.02295951
-0.39298338
-0.2983761
0.66197646
-1.2081438
1.2185433
1.2462615
-1.1255343
-0.8843865
-0.46991256
-0.62332284
0.5721053
-0.0040078503
0.009216436
-0.52305996
0.9609777
1.0330684
-1.4602802
-0.639022
1.2732979
-0.13014795
2.1140296
1.3803947
-0.86167276
1.2619762
-0.13322772
0.54714954
-0.22193643
-1.003113
0.15694672
-1.1582326
-0.7550191
-1.0366576
-0.027539125
-0.7790469
0.89403224
0.09811436
0.11943464
-0.38397154
-0.010394151
0.970558
-0.98353744
1.310538
-0.24055547
0.39041457
-0.122960575
0.5414038
0.29539856
0.9353405
-1.1147885
-1.338589
1.6945505
-0.86237454
-0.01163373
-0.6868515
-0.90288544
0.23820898
0.2133788
-1.6889908
-0.38695377
-0.764898
0.98840797
0.049161002
1.5093039
-0.9382629
-1.4749036
-0.19706869
1.1462474
0.043455213
1.1969335
-0.91628695
-0.42650226
1.7789477
-1.3879411
-0.17373528
0.48740387
0.061053902
0.7486278
0.19118927
-1.1394275
-0.36100057
-0.09070965
-1.564125
0.48432893
0.1900296
-0.57865125
-0.30059665
-0.104855604
0.58554333
-0.85604
-0.60698605
0.0205626
-0.5030799
-1.4031144
0.13076152
0.22360268
0.16868182
-0.42191884
1.2386967
0.13044907
1.2868822
-1.3447617
2.0638137
-0.8393781
0.94134295
1.629418
0.3308663
1.5211345
-0.18629648
0.90835047
-1.3929825
-0.06843255
-0.29163074
-0.57659435
0.24615489
-0.6472398
1.5193617
-0.91466403
1.1165085
0.6506695
-0.18855013
0.54133385
-0.25365475
1.5204997
-0.28477487
0.029708128
1.1342839
0.10015229
0.32730913
-0.572502
-0.9280589
0.4457232
-0.5503834
0.6891888
0.47658736
-1.4413948
-0.76075023
-0.21471827
-0.11219704
0.9718646
-0.4611076
0.14444894
0.84585285
0.26231456
-1.028823
-0.5441715
-0.03376754
0.71703005
-0.049016707
0.82971
-0.23492113
-0.11054668
0.006439552
0.82851696
0.11525468
-0.068243735
0.28705153
1.276559
0.9681413
-1.2838305
0.45356035
-0.5763782
-0.4312859
0.31722736
-1.2708325
0.9070748
0.7332178
0.2342426
1.8700701
-0.18763633
-1.4049007
0.66092116
-1.0172551
0.050132293
1.753469
0.6207233
-0.07806403
0.98248947
-0.18150121
0.0800097
0.8756938
0.056237224
-0.35427096
-0.77080685
0.6829789
0.6739774
0.3863619
-0.8925328
-0.60612375
-0.32914975
0.7242684
-0.47864503
0.119832925
0.239415
-0.009904163
0.5847997
1.7235593
0.44208926
0.91437316
1.496879
0.44828877
0.40481013
0.2674264
1.8785741
0.0760628
-0.36814797
1.0388174
1.3973905
-0.6152377
0.33520347
0.60398406
1.1506895
-1.3437009
-0.57794785
1.4594108
-0.012271529
-0.7379846
-0.7582241
0.2603495
0.62421054
0.7904075
-1.0014255
0.19967036
0.82199293
0.13830782
1.1882265
1.4470803
1.0234005
-0.32063258
-0.6496879
-0.37141827
-0.60538274
1.0324078
0.44722372
-1.1915814
-0.1246579
0.6899983
1.2319492
1.2353377
-0.22522062
-1.3729979
0.2115488
0.47674102
-0.9333688
0.06339853
0.97789013
1.2596003
0.54544294
0.07606504
-1.758297
-1.1150107
1.758893
1.6811126
-0.6122645
0.549026
-1.2782102
0.15130952
-1.2978097
0.93847245
0.75652623
-1.3576436
0.34555197
0.9130734
-1.069719
-0.7743223
-0.7603664
0.70373577
-0.38606223
-0.8105953
0.28520426
0.19933149
0.31930548
1.2505999
-0.87093556
-1.4569083
0.86222315
0.36408877
0.7379254
0.7716631
-1.1300418
0.23582149
0.12175878
1.8401532
0.7512153
-1.2709002
0.44110993
1.3683549
1.1417466
1.2784419
-1.4804573
-0.38098302
0.8389386
-0.60414225
1.3747706
0.35258058
-0.10762872
1.5808456
-0.8495779
0.17815515
0.8090048
0.7985707
-0.11876002
0.5298841
-0.10521488
0.099979974
-0.11912742
0.616194
0.22115071
-1.2460368
-1.4818974
-0.49507678
-0.044069152
0.6647688
-1.8575197
0.7851426
-0.66648644
-0.53542393
0.5680409
-0.042442948
-0.78354925
-0.12417049
-0.07464301
0.9230275
-0.89347917
0.4419267
0.40925425
0.7442008
-0.9087776
-0.45893198
-0.0033420264
-0.4492196
0.08042848
0.93764496
0.7679448
0.06394074
0.1011551
-1.4765863
-0.0259108
-0.07225662
-1.9342703
0.5969588
1.2543092
0.92581964
0.12443049
-1.424347
-0.37365285
-0.5494266
0.0020285682
1.1230979
-0.386505
-0.7924155
-0.98553836
1.2477343
-1.0926728
0.22397071
0.28563485
-1.2530693
-1.4609694
-0.13552527
1.139625
0.5680021
-0.85551155
0.4612295
0.35944355
-0.85505074
0.31656268
0.6540573
-0.23391165
0.0059923767
-0.057355486
1.2480955
-0.55727446
-0.57430166
-0.44918862
0.546255
-0.7873987
-0.3448604
-0.4534149
-0.9331369
0.13793981
0.8146565
0.614491
-0.97138286
-1.0085347
0.43088606
-1.3694426
0.037131567
1.0067623
-1.7472042
-0.8203532
0.76524764
0.13149616
-0.2722883
-1.0953544
-1.5783414
0.53222585
-1.1534253
-0.16403653
0.82687867
-0.8207284
-0.25178316
-1.1161785
-1.1603701
-0.050384086
-0.34747535
0.41122746
0.355052
-0.27629894
0.9779265
0.6454136
0.6427353
0.9393575
-0.7076278
-0.25999147
1.4490423
1.9599191
-0.2466576
0.14824025
0.9429385
-0.44983724
-0.12549627
-0.30270296
-0.50697297
-0.6382954
1.4514177
0.59488654
-0.7326363
0.0983104
0.51994973
0.66832423
-1.6672735
-0.3881178
0.116968416
0.71975756
1.2452548
-0.928291
0.13318323
0.66241515
-0.30582786
-0.6101683
0.90187675
-1.8066528
0.4433537
-1.5302011
1.6065695
0.15330538
0.5436067
0.19448085
-0.9267234
0.83722615
-1.2054652
-0.05940004
-0.042537227
0.066173576
-0.28258392
-0.4503826
1.0182542
-0.42862535
-0.8858616
-0.60762554
-1.4245456
1.1812379
0.45117086
1.8450011
-0.75453
-0.8982529
0.30466998
0.63305265
0.09101219
-0.4066677
0.9727825
-0.37889186
-1.1009275
0.21809828
-1.1584508
1.8981404
-0.15978104
1.8933983
-0.06711926
0.4703092
0.44738674
-1.7747185
0.48114583
-0.14928411
0.5509448
-1.5965275
-0.5298274
0.48429847
0.7276627
-0.06473343
0.10617239
1.600168
-0.26807594
0.6079146
0.17659931
-0.8436152
-0.38412517
0.85918576
-0.6492767
-1.2595361
0.6842966
0.895303
0.35506335
1.0485405
-1.0466982
1.7410614
1.3236665
0.7246704
-0.44482562
-0.22187184
0.25942627
1.2084885
1.0848986
0.97227407
0.49360102
-0.77277446
-0.1342661
0.42783543
1.010076
-0.29530954
0.41155267
-1.0523171
-0.9575731
-0.13800098
-0.83109194
0.9096286
1.1571171
0.66052896
-0.008504065
-0.92313504
-0.091749996
-0.118824475
-0.2401786
1.1360317
0.49724346
-0.30330786
0.3455204
-0.9138348
0.32341582
-0.34146413
-0.28720304
0.34192207
-0.51464134
0.09653855
-0.9309328
-1.0982401
0.2132446
-0.48173672
1.4230845
-1.6009955
0.08052339
-0.03966
-0.9802146
-0.8076886
0.24223663
-0.9962235
-0.036925912
-1.4018879
1.5929071
-0.006293859
-1.2366822
0.644526
1.0461055
0.47795308
0.614207
-1.047673
-1.033484
-0.80718696
0.5457572
0.21527976
-1.4475312
-0.8925738
-0.72362244
0.075545244
0.07122516
1.4207884
0.31579944
-0.14552
0.9871901
0.26031527
0.413693
-0.654067
-1.3531504
1.1680638
0.108448885
-0.23034534
0.46346205
1.0592977
-0.16674511
0.026101783
0.98916876
0.10797607
-1.3599175
1.2074455
0.951444
1.0859406
0.5183549
-0.9939299
0.69444853
1.3334986
-0.9809804
0.19699332
1.1750951
-0.83384913
0.04078722
1.5514797
-0.28979152
-1.5293884
-0.9340042
1.4855523
0.7652055
0.07287921
-1.6484902
1.4925654
-0.21415532
-1.5238464
-1.0243057
0.63567126
1.2935164
-0.27622953
-1.929577
1.1343493
1.6248466
-0.45286557
-0.80163324
-1.099822
-0.9483062
0.44857508
-1.6548107
-0.79457325
0.45921195
0.0007178336
0.33705112
-1.7221127
-0.23274964
-0.52599823
-1.337365
0.64730597
-1.3056271
-1.0651274
0.15842734
1.1642759
-0.7829062
0.24830239
-1.0070584
-1.4364831
0.03437049
0.7604536
-1.6742363
-0.21449536
-1.5536165
0.8849262
-0.9148686
0.9208777
1.7374876
0.049316082
-0.037749503
-0.16534115
0.31058097
0.3054083
-0.030769024
-0.49878794
-0.41182256
0.5245057
0.36104372
-0.3272047
-0.24472143
-1.5858339
0.53977716
0.26423067
-0.007815643
-0.91926277
-0.546661
-0.06265522
-0.99503183
1.2650867
-0.020499792
0.61418146
1.0186788
-0.5326339
-1.3415872
-1.0991839
1.0850065
0.54763997
0.076938964
-0.8782906
-0.8853557
-1.3365071
0.3834699
-0.7628772
0.4015243
1.0395013
0.22959168
-1.4431682
-0.38792077
-1.1488647
0.38137713
0.8108862
0.94745445
0.6373495
1.4690155
0.36595917
1.0486517
-0.5421061
0.8576174
-0.84889597
-2.0507598
0.9481447
1.7308632
-1.8164752
0.19531505
0.34378523
-0.932755
0.8357042
0.58656067
-1.1230807
-0.33086526
0.7928593
-0.55251235
0.892831
1.0205082
0.033882067
0.27272502
1.3894318
0.39583614
0.09880089
0.8107862
-0.5027472
-0.98144287
0.36387676
-1.7947626
-1.126039
-1.3747017
1.0640081
0.14550884
0.8895042
0.5895233
-1.303317
0.2414967
-1.1325003
-0.1550356
-0.28123042
1.2549579
1.9922132
0.20889807
1.0819812
-0.61699015
-0.09241439
0.13532172
1.3793173
-1.1398294
0.005148917
-0.07018358
0.86110663
1.6574011
0.63141507
-0.31042635
-0.33888283
-1.1892633
-0.5854062
-1.0739955
-0.35614535
-1.6852405
0.13508888
-0.07539625
1.494711
0.96011114
0.1037856
0.5557116
1.0126091
0.53226346
0.24445975
0.3835019
-0.65746963
0.69935703
-1.4246241
-0.8470418
0.8521561
-0.82818466
0.78600764
-0.69612986
0.8717881
-0.020632114
-1.5935577
0.20974372
0.2838749
0.5839193
0.050768737
0.40537825
0.5655783
-0.21005067
0.05361658
-0.41538784
0.3336768
0.33585346
0.31905636
-1.3393313
0.6829404
-0.42975456
-0.04812844
0.065301955
-0.72510386
-0.41055045
-0.7428714
1.1174536
0.37862113
-0.3507603
0.046464458
0.3623894
0.81598175
-1.4271791
1.0142436
0.45159775
-0.5327557
-0.99071693
-1.1083484
0.5693995
-0.69379354
-1.0567367
-0.38872927
-1.3344797
-0.23596063
0.8708548
0.551932
0.6959731
-1.0638595
-0.017155312
-0.5962024
-0.8612493
-0.6751032
-1.2691209
-0.66048896
0.9824493
-0.9658574
-0.22618218
-0.21692353
0.7039864
1.0979415
-0.017278347
-0.3608676
0.444795
0.53196996
-0.9922681
-0.531415
-0.58248717
-0.007732374
-1.3303558
-0.99200296
-0.19833125
-0.016141016
-0.56753576
1.8816204
-1.1949761
0.42820355
-0.78863114
-1.920005
-0.2643333
-1.0290049
0.11453272
0.73817813
0.57517135
0.73865443
1.5567483
0.4544111
0.730129
0.24061272
-0.9325529
0.56002903
-1.5631524
0.6502602
-0.51056504
0.53200865
2.0264618
-0.076312594
-0.41758057
1.3264651
0.28238234
1.7902783
-0.080979176
0.3158575
-1.5996921
1.0134168
0.93749356
1.082026
-0.89589983
-0.74922854
-0.9672492
1.784189
0.9137567
0.38089874
-0.24011387
0.40962335
1.0411335
0.76586825
-0.46467152
-0.42242998
0.05878856
-1.5473137
-1.1210729
0.5184105
0.86473936
-0.19095011
-1.2904274
-0.9405728
0.11184436
-1.5595917
0.8731309
0.4018912
0.30208316
1.6379424
-0.7488243
0.868078
-0.59859776
-0.5561977
1.3977797
-0.004330994
1.0234569
0.016090294
1.0648444
-0.94313097
0.8553954
0.21186753
-0.36870787
0.64899784
0.98841333
-0.13515423
1.1969016
-0.60187393
0.20523158
-0.38188192
-0.34304255
0.11600406
-0.41728503
0.26687714
0.46911114
1.0511007
0.2986553
0.066875674
1.1763679
0.2402466
-1.4333808
0.40861362
-0.07939337
-0.90282977
0.5799392
0.105902895
-0.019102668
-0.07772862
0.077047646
1.5663111
-0.6998656
-1.0803643
0.17791851
-1.1709704
1.0106277
0.1559028
-0.12282756
-0.017869923
-0.12706876
0.9143839
-0.8027636
0.36934584
0.07046841
0.21257055
0.7097648
0.24321832
-0.28123632
-0.8201952
0.45942235
0.41217342
-1.2999935
-0.3046862
1.4671754
0.5947947
0.2555189
0.30272532
0.271926
0.6913098
-0.1375613
0.075299405
-0.6528063
-0.97698456
0.3127549
0.7717942
0.05480152
-1.2387184
-0.6013233
-0.72288775
0.6554375
1.9201124
1.0274782
0.83582914
-0.60443324
1.3660066
0.60044795
-0.6012621
-0.8776193
-0.19426742
0.61261004
0.6558714
-0.14839639
0.19920127
-0.08481233
0.450024
0.37154323
0.10060528
-1.7468538
-0.06916746
-1.0530684
-0.26999095
-1.1652652
-0.27157882
0.92955
1.2326088
0.10835393
-0.3327191
0.8979138
-0.3255306
-0.70133495
-0.43310925
-0.24138339
-0.016664874
-0.032058083
1.4612966
1.0297351
-0.034324296
-0.10757866
-0.88221395
-1.1777314
0.3756899
0.62860453
0.2912751
0.51122963
-1.3206242
-0.06206982
-0.74328357
0.38877937
-0.60164326
-1.3804955
-1.9311225
1.0126334
-1.0314422
-0.2984537
0.94878364
0.052400276
-0.71306956
-0.41293263
0.5660219
0.05148782
-0.442794
0.8703179
0.3478781
-0.33681422
-0.5227728
0.67839265
-1.2437106
-1.0313194
1.1294677
-0.73529357
1.0003078
-0.6149011
-0.58137953
-0.29634398
0.80404484
-0.44937336
-0.52006966
0.5138801
-0.00031168014
0.7100788
0.078848146
-0.3009144
-0.7878816
0.82501423
0.21751282
-0.41295007
-1.0181882
0.60643
-0.3871753
0.065379895
0.4419716
-0.7587525
-1.4407549
1.0168887
-0.34743547
-0.6601848
-0.17455083
-1.3454951
-0.88578165
0.81297445
1.0964078
-1.0098612
0.07668918
-0.9144624
-0.77034783
0.45725077
-0.29212803
1.1590629
0.9242072
0.88785017
-0.9367749
-0.41346198
0.69068944
-0.99659693
0.8490217
-0.48668188
-0.8511363
1.2685583
0.09606984
0.53151953
-1.5915066
-0.62783647
0.0072834888
0.05208253
-0.14749564
-0.22944653
1.6960438
0.924982
1.2084969
-0.96589446
-1.0565612
-1.714039
0.6804158
-0.9227512
-0.26652956
-1.0989113
-0.54663515
0.7475427
-0.60107225
0.4309074
0.4409987
0.47631425
1.1555562
0.18303701
-0.24453728
0.5008425
-0.04326315
-1.1487377
1.4054925
0.7711617
0.3251
0.08868093
-0.21930565
-1.3321021
0.19845146
0.22517724
-0.17335401
-0.32800472
0.63502896
-1.3174983
-0.24680993
-1.109846
-0.16286175
0.17430481
-0.20515731
-0.18884525
0.62079954
-1.2603029
0.8221108
-0.45806026
-0.7488687
-1.7625042
0.13070759
0.99384445
0.9422708
0.033605985
1.5541476
6.67423e-05
0.15433449
1.4851083
-0.63425696
1.3465276
-0.0076027676
-0.38318712
0.72018856
0.52389693
0.5190004
0.278283
0.15526126
0.32842088
-0.31187126
-0.22945127
0.90227395
0.8705838
-1.4951819
1.0817717
0.43031508
0.97767067
0.9004182
0.02355906
-0.9646152
0.10627454
0.5532669
-1.1210117
0.4464116
-0.15742542
-0.78287965
0.11879753
-0.14748397
-1.2531255
-1.3788317
-0.013485284
0.025200866
0.33936542
0.5384838
0.33828652
0.90229905
-0.98107606
0.67536545
0.5779507
-0.6630533
1.0109866
-0.981848
0.27039856
-0.9688881
0.7976473
-1.1656299
-0.69510186
-0.45244306
0.08685072
0.01151727
1.8591318
0.24555826
0.21382469
-0.29594356
-0.44671905
-0.10648937
1.2692722
0.42591497
-0.8065932
-1.5539236
1.2035905
1.4263504
0.7714371
0.3812023
0.4819302
0.66638803
0.24756753
0.3665023
-0.11461868
-0.29947215
-0.72413194
-0.2958475
-0.081532806
-0.07956293
-0.9322657
-0.024726612
-1.0966761
-0.06725649
0.22910522
1.434266
1.006352
0.08693388
-0.32233414
0.6932219
0.9457042
0.619513
0.7487552
-0.8844849
-1.2540123
-0.09800386
1.339478
0.16795926
0.25256497
0.5906667
-0.4405286
0.083917424
-0.8930937
-0.3485288
-0.23004626
-1.1724595
0.9769987
0.23193885
0.5487025
1.1915216
-1.2323459
-0.9393838
0.79283637
0.34945327
0.9954994
0.91898453
1.0197726
1.9781755
-0.85463876
-0.5766079
0.48055023
-0.91778004
0.6897617
-0.6679856
-0.6699712
1.8940016
0.20108391
-0.3075484
-0.4996743
-1.5432174
0.74019253
-0.37321383
0.112219416
0.21602459
1.3466141
0.7598304
1.0201149
-1.7875044
-0.6924933
0.25590116
1.3105861
-0.0042569507
0.2118899
-1.4236995
-1.167482
-0.051466256
-0.27912647
0.42381746
-0.71512926
0.16560167
-1.2129167
-0.074943505
-1.1900456
0.27906427
1.2800795
0.47216886
0.8130542
-0.7356127
-1.4553112
0.02862587
1.4072161
0.46381873
-0.105401635
0.08620032
-0.8463165
-0.6570027
0.05874064
0.315667
1.1004367
-1.0793786
-0.2845346
0.23372763
-1.0437654
-1.5789218
1.0847898
1.8275177
0.06977284
0.3382626
0.55252904
1.1601784
-1.6422958
-1.8216069
-1.2053156
0.5445339
0.66909367
-0.02372254
0.10907541
0.57475376
-0.13047105
0.7511847
-1.5963144
0.81096965
-1.3531373
-0.41377643
0.63762295
0.49829513
0.4358594
0.49383008
0.024782863
0.0012978647
0.86537665
-1.1998651
1.1934009
0.17492366
-0.9668133
1.0966681
0.7492944
0.24924888
-0.86048347
0.62462664
0.2529901
-0.80240464
-0.8081686
-1.3966241
-0.21535653
0.32834458
-0.5872792
0.76297975
-1.1783702
0.64475673
0.104113
0.7936383
-0.9562726
-0.051118996
-0.21316937
0.120961875
-0.4223715
-0.73816085
-1.0246774
-1.9781208
0.83888316
0.043576974
0.47392505
-1.607572
0.28703612
-0.22352163
0.049811862
0.82654667
-0.26359072
0.084771395
-0.050550982
0.40063792
-0.24249643
-0.34293717
0.17124072
0.40317363
0.022891397
-1.9982278
-0.35655814
0.39018887
-1.0954101
0.5379122
0.4719556
-0.3125226
-0.1102436
0.8325297
1.209911
1.01437
-0.0063455203
1.9034218
-0.5816928
-1.5392377
0.0019971416
0.31909755
-0.9972571
0.88889325
-0.8752266
0.92441815
0.7664391
1.1773545
-0.41588563
-0.84350836
0.08774306
0.050752934
-0.7384147
-0.41302872
-0.6991535
-0.63288504
-0.81446344
-0.37422854
0.30337575
0.9353122
0.2259448
-0.8447734
0.08618225
0.025956802
-0.44153535
0.3032604
-1.4217749
0.68291706
0.58531183
0.7320141
-0.6077399
-0.31454813
-0.3349073
0.4620391
-1.2024859
0.27817902
-1.0799235
-0.42910415
-1.0563799
0.42207932
0.14996062
-0.20063005
1.681288
-0.6848145
0.04360528
0.4691202
0.770967
-0.27783212
-0.1270061
-1.5840312
-0.5656373
-0.76492065
-0.5642064
-1.0785972
-1.8334895
0.43510965
0.0725911
0.4307875
1.7987362
-0.8707496
-1.234956
-1.1828163
0.4856302
0.1362951
0.291581
-1.1978168
-0.27129373
-0.22435224
-0.20699066
0.7774979
1.2621521
1.4452372
-0.3451071
-0.5075072
-0.61795694
0.5689908
-0.39727795
-0.47938514
0.57630783
0.61237425
0.5015184
1.1667897
1.1633494
-0.39090425
-0.95108104
0.6715244
-0.29610637
-0.19767292
0.17690791
0.4848681
-2.487394
0.19874151
-0.65219426
-1.2434034
-1.4460342
0.28503615
1.0612557
-1.4920083
1.0366708
-1.2482381
-0.91989464
-0.27117616
-0.93658817
0.47319946
0.3879926
0.66520274
-1.4824923
-0.24796425
0.6658767
-0.6865476
-0.6664943
0.3758324
-0.005899425
0.53952765
-0.23024495
-1.0922718
-0.36771846
-0.56283903
1.0176101
-0.6761936
0.21242973
-0.4295482
0.041114993
-1.0987077
0.8582183
0.54878056
0.69901067
-0.9514698
-0.46099496
-2.1032567
0.6312506
-0.93813753
0.27071825
-0.577636
-1.8913807
-0.8112611
-1.3239942
1.5058894
1.185403
-0.96080816
0.4593358
0.6315648
1.8217714
-1.6273272
1.4940482
-0.25669366
-1.0395378
0.20685701
0.17564932
-0.3845151
1.2269704
-0.66258407
-0.021295011
0.32766992
-0.04008126
-2.077227
0.876506
-0.8879945
-0.10506475
-0.5045783
1.8842027
-0.7192587
-0.5003579
0.021861332
-0.6570705
-1.5598444
0.57226235
1.47512
-0.3876251
1.2954279
-0.17387518
-0.25430748
-1.2426001
1.442534
0.11273374
-0.106726214
-0.29479843
-0.50799394
0.08331503
-1.0299963
1.2844934
0.22573975
-0.64090145
-1.1104153
0.7845448
1.5999119
-0.4691348
0.3125621
1.317044
0.02100819
1.594342
0.52880114
0.044832513
-0.2222796
0.36007246
1.3029516
0.14144436
0.48700988
0.15749054
-1.1473558
1.2686439
-1.7453554
0.49427152
1.6522659
0.039386354
0.813083
-0.4139731
0.6553025
-0.21267244
0.16698644
-1.1362953
1.562438
-0.40903065
1.0269369
-1.3663003
-0.0065729446
-0.5402784
1.4869642
-0.90080875
-0.82691216
0.351754
-0.20995183
-0.2648188
0.4053315
-0.5054472
0.85147774
0.68709195
-0.660041
0.080709025
0.060931813
-0.66171527
0.7826052
-1.3658793
-0.23854914
-0.5560044
-0.28659138
-1.1902704
-1.3177723
1.187622
-1.9860123
0.091211244
0.7349955
0.24170795
-0.282896
-0.1756361
-1.0097494
-0.26586968
-0.014561712
0.17069964
1.471874
1.2977437
0.22917482
-0.11801155
-0.98868597
0.59189343
-0.57244134
1.1385114
0.99335206
0.39471722
-0.55413556
-1.0431933
1.4810513
-0.11601749
0.6495686
0.1378067
0.5165515
0.4279132
0.68301886
0.12255141
-0.35990784
0.33598807
0.9580939
-0.52059466
-1.2491219
0.9361875
0.060233068
0.35539135
-0.1360002
-0.9926734
-1.10011
-1.4426557
0.5567639
0.18124184
-1.1074699
0.32118273
-0.056690942
-0.8775747
-0.011532022
1.2494385
-1.7339984
0.14847508
-0.0155432075
1.3045197
1.22214
0.6944447
-0.5464916
0.8012234
0.41977832
1.1833613
1.0946051
-0.026712848
-1.0149518
-0.38358697
-0.568759
-0.018263398
0.53683066
-1.5892377
1.0351546
1.293462
0.30769283
0.14306745
-0.7383668
0.57048655
-1.5087017
0.56195575
-0.33362234
-0.848457
1.3631307
-1.1066468
-0.6705993
0.6462409
0.13620554
-0.37413555
-0.061257675
-0.8612312
0.9403083
-1.4305694
-0.81231356
1.0007502
0.06876549
0.72461504
0.14261569
-0.84384245
-0.38661492
0.57644767
-0.009356988
-1.0872259
-0.29316044
-0.09046651
-0.2316872
0.20087515
-1.2762225
-1.0386338
-0.5411299
0.50294316
-0.23753908
0.22879553
-0.39338917
1.3503716
0.8009693
-0.72255903
-0.6942933
-0.746002
-0.79197466
0.7407596
-0.4162679
0.33303532
1.7413489
-1.2545545
-0.07540802
-0.33486387
1.9951807
0.4940199
-0.10694233
-0.7142796
0.29961783
-0.42250314
1.4131726
-1.3475735
0.524105
1.0760717
-0.7483265
-0.13170084
1.9285623
-1.2579668
-1.0614378
-0.5211011
1.3186373
-0.1376713
-0.10517508
-0.5965327
-0.9409641
1.2003396
0.59099853
-0.14602102
0.075911626
-0.8235471
0.72486794
-0.5347705
-0.5751425
-0.44856203
1.187145
-0.79813045
-0.40522546
0.62684345
-0.11163896
0.093522
-0.09338237
-0.6589896
-0.80501735
0.6808861
0.72405034
0.8093134
0.71788746
-0.6753959
-0.89392143
1.7736559
-0.053722657
0.18564148
0.7724378
-0.36269003
0.7242495
-0.443582
0.25736886
-0.12103016
1.512633
-1.1754614
-0.28415447
-1.361665
-1.0107927
-1.5377685
-1.0045176
0.70222723
1.2823313
-1.1431259
0.48158282
-0.071203575
0.67614675
-0.003473394
0.94424534
0.8543136
0.4187309
-0.07591746
-1.1997443
1.8022523
1.1860722
-1.1740185
0.6789691
1.312722
-0.7868671
0.816752
-0.055613723
-1.3683013
0.7802052
0.38680524
-0.29288146
-0.45719507
-0.833292
1.2175972
-0.85408366
-1.9868394
1.1197982
-1.3502877
-1.1438634
-0.28082585
0.12657379
1.0551157
-0.4685349
0.29377702
-0.199748
0.9256709
-0.61232495
-1.4795262
-0.77121234
-0.6569189
0.42838246
-0.35539547
-0.9644809
-0.28266868
0.064157546
1.3907462
-0.03784655
0.35510314
-1.814051
-0.33054924
0.70791227
-0.74983084
-0.02374192
0.95972013
1.059207
0.83690333
0.02792371
-1.1222177
0.68663543
-0.6843195
1.212768
-0.0041216793
-0.9876718
1.3196496
-1.8441107
-0.14786115
-0.42166516
-0.0708498
1.1734077
-0.95137215
-0.44278482
-1.0760604
-0.58036643
1.3606758
0.043020923
-0.4506362
-1.5152875
-1.4409506
-0.4759072
-0.0012223122
-1.131316
0.92335624
-0.23939571
-0.44055402
0.78447354
-1.4933194
0.072771706
1.7311804
0.3486395
-0.4364036
-1.7690718
-0.19135375
-0.724655
-1.2926741
-0.85805124
0.7533758
-0.2860112
-0.85874766
-0.4613767
-0.67965066
0.3415937
1.4636917
1.0554993
0.9047722
0.41156903
0.68599385
-0.5621558
-0.003525041
0.0050184783
0.37058362
-1.5556927
-0.6849086
1.8283985
0.51527405
-0.1288218
-0.3800839
0.056389417
-0.10579575
-0.16105859
-1.3499925
0.90364605
0.012876632
-0.75832283
1.4624286
0.088953674
-0.16136049
1.1480929
0.5153987
1.2839772
-0.51957065
1.0814245
0.22155082
0.73001635
-0.24564816
0.47204798
-0.95090735
1.8042414
-0.99170524
-0.98354125
1.5568299
-1.4657787
-1.0077547
-0.8246223
0.28902978
1.1291935
0.3930977
0.42352146
-0.09775661
-1.4226595
-0.77470994
1.0508194
0.42598382
-0.029349465
0.9384702
-0.7211148
-0.7325924
-0.35304892
-0.121107206
-0.99135387
0.2980426
-1.2901639
0.20969446
1.0121734
0.3856324
0.074403346
0.98788404
1.2786965
0.99070436
0.20348808
0.083977915
1.4901576
-1.3740385
-0.6225355
-0.5405157
-0.3843138
-0.6845095
0.19114636
1.0415361
-0.43354344
-0.04988373
-0.046617787
-0.4238856
0.13346824
-1.3705629
-0.38452026
-0.0032126848
-1.4547303
0.75937223
0.364505
-1.3493471
-1.0073717
0.3526377
-0.49368775
0.48338687
0.62939364
-0.9898149
-0.2643573
0.5143882
0.91945785
0.21507445
1.1861975
0.35573652
0.37663567
-0.24218859
0.58023435
0.71914494
0.2007942
-0.9375512
-0.970132
-0.6218826
0.15643498
0.12913513
0.054958332
-0.94164276
0.69051796
0.28229854
0.10384189
0.09390841
-1.1600288
0.2822538
1.30374
0.77637655
0.8378296
-0.0394495
-0.6975584
-1.0926414
-0.07417171
-1.1068326
0.8467901
0.30985168
-0.8070601
0.33580482
0.6217753
-0.23742965
0.092268735
-0.10365591
-0.25591716
0.38929754
0.06844331
-0.44069412
-1.8409283
0.5045
-0.30551612
-0.1575317
-0.2930095
1.147464
1.2685573
1.6309557
1.1701292
-0.9639789
-0.9639933
0.7772207
0.42977616
0.9039583
0.08480038
-0.9226284
0.40582338
-0.33815375
-0.367936
-0.19317603
-0.67160887
-0.2010279
0.57914126
-0.7195589
0.46165282
1.9521002
-0.3449395
-1.3208903
-1.146897
0.14329915
0.5962312
1.1188419
0.49997523
0.49139586
-1.5910954
-0.89093554
0.6908071
1.2781742
-0.35459575
-0.6647493
0.35494888
-0.278121
-0.013591199
-0.5831061
-0.9877692
-0.35548413
0.08055442
-0.5211564
-1.0108849
-0.5155163
0.7051435
0.36909387
0.6075815
1.2592382
-0.44600284
-1.9156971
0.29185718
0.42083165
0.08549203
0.28240672
-0.30757672
-0.1505279
0.26347345
1.054162
0.442298
0.2532062
-0.21884438
0.81825554
0.26190135
-0.411242
-1.0087849
-1.302805
-0.16398847
-0.04230706
-0.38018984
0.9071964
1.0900363
-0.019972516
0.61560035
-1.0966768
0.027032271
-0.2520994
1.217846
1.1895732
1.5081618
-1.5212253
-0.111393936
-0.57081926
-0.039866317
-1.079396
0.57478887
0.52765536
0.644841
-1.5603667
-0.5555477
-1.0185139
-0.37910584
0.7581549
-0.060996044
1.2248555
-0.5435706
-0.14587271
-0.36495367
0.17778875
-1.3149081
-0.13692525
0.11174959
0.8158394
0.06745321
-0.70015496
-0.54457337
0.61608356
1.2043066
-1.5677841
-0.6148522
-1.3985207
-0.069946535
-0.3644838
1.6866767
1.3034652
-0.6390711
-0.54817206
0.38303688
0.25393844
-1.2430948
-0.46124065
-0.7420232
0.15311348
-0.7881456
-0.47257653
1.1794375
-0.22871055
-0.67876524
0.12251636
0.31573692
-0.65891474
-1.4325725
-1.4660546
0.70321816
-0.14667013
0.56045246
-0.5858656
-0.6072703
0.011503652
-1.0487685
1.2727704
0.4344612
-0.3617715
0.19387165
0.17017888
0.60754126
-0.21856152
0.110103294
0.45667365
1.831376
0.34310925
-0.60303336
-0.011932746
-1.0924782
-0.066584386
0.04079989
0.12756535
-0.047179215
-0.64618784
-0.4125169
0.44923517
0.3932721
0.54397047
0.16938837
1.6474111
0.14822264
0.013901656
0.18310374
0.08349097
-1.484935
0.70482016
-0.48614776
-0.77481276
-0.19908966
-0.0016959897
1.5045424
1.372189
-0.9122638
-1.1693085
-0.016919194
1.3566148
0.014094244
-0.032600142
-1.6346995
-0.9840133
-0.2546192
0.3451267
0.7661386
0.54115564
0.020423066
-0.5649959
0.154116
0.42050046
0.45406044
-0.3210619
0.07137251
-0.66817313
-0.37314248
1.1031563
0.3701662
-0.20102943
-0.37700984
-0.08625086
-0.13303037
-0.35151312
-0.98482466
0.84897494
0.11448512
0.9803932
0.8793799
1.1619141
1.3439715
-0.104340315
0.43688715
-0.28692168
-0.3933762
0.2640922
-1.024066
0.7200241
1.4474336
0.1774782
0.58589065
-0.72117835
-1.2588054
0.88469875
1.1037871
0.28252313
0.8609042
-0.20907524
-0.7517126
-1.8046541
-1.1214333
0.5538812
0.40655592
0.24793766
1.0137799
0.852907
0.7900465
-0.05760993
0.6706749
-0.072896816
-0.7292645
-0.5896756
-0.5573862
0.5442185
0.2938526
-0.79924387
-0.4450829
-0.47023952
-0.5439309
-0.37327942
0.066700816
-0.07784195
0.18582186
0.1421938
-0.9451431
1.5401478
0.10616919
-0.744153
1.1905472
0.08868292
-0.7873437
-0.051417254
0.749142
0.13130896
0.15579373
0.14505254
-1.4039716
1.5906446
-0.21624365
-0.93870866
-0.84427506
-1.2435639
-1.0665034
0.023743588
-0.2622089
-0.08219081
0.091794044
-1.3654498
0.44704175
-0.03253791
-1.3728554
0.7102934
-1.2192572
-1.4998051
-0.13490723
0.48857614
-0.6478422
0.6749883
-0.3496779
-0.72054493
-0.160931
0.041202657
0.46956885
-0.9081801
1.2238524
-1.146883
0.122604154
-0.33097884
-0.7525608
-0.66721463
1.1417905
1.3215775
0.124272995
-0.14238012
-0.8585791
1.78072
-0.8553959
-0.7658667
-0.08281655
-0.56389636
-0.48907745
-0.0729059
-0.8184327
-0.73676145
1.446374
-0.35534063
0.42396808
1.0857275
-0.19266802
0.99818563
-1.9877542
0.7321114
-0.18540077
-0.43935382
0.20989111
-0.015051356
1.0469964
-0.9417777
-0.04577793
-0.29821736
-0.82526475
0.413676
0.7329598
0.35834455
-1.6970106
0.19803323
-0.7431098
-1.893054
1.3096508
1.2055254
-0.527403
0.7094395
-1.4024998
-0.12836586
-0.276026
0.25313455
-0.20494302
-0.82200885
0.24254853
-0.88210166
-0.17589536
0.23807798
-0.8363882
-0.6701325
-0.14094459
-0.38645345
0.9005668
0.8101031
0.84435236
0.41864192
0.3467821
1.210855
0.4757192
0.45094147
-0.22875342
-0.11353822
-0.22394305
0.614031
1.5123662
0.35476264
-1.387163
-1.3012224
-0.14569409
0.27341554
-0.72424495
1.8139789
-0.0011611579
-0.9274963
0.034474876
-0.23708299
0.2538602
0.2749698
-0.32640973
-0.33044586
-0.18330024
-0.39656043
-0.6061158
0.4184052
1.3557261
-0.17817286
-0.65030015
0.5430428
0.014411874
-0.972316
1.4235594
-0.13840067
-1.2309225
-0.8167928
0.62509406
0.52478075
0.2797347
0.18082935
-0.42442143
-1.5783427
0.15760495
-0.47091138
0.61946446
1.0120567
1.1680801
1.185167
0.62396127
-0.1998836
1.0440348
-1.4040278
-0.6636133
0.35481304
0.31223413
-0.42832544
-1.0704135
0.88100326
0.46763077
0.76112384
-0.725227
0.123811044
-0.35184845
-0.3604258
0.28160468
-0.9675126
1.59557
0.023529416
1.8598601
-1.0743213
-0.09747986
-0.21055055
1.3258778
1.0477556
0.64413744
-0.32331643
-1.0086126
-0.04504418
0.25272208
0.079094045
-0.22081648
0.64884454
-0.41431534
-0.61589634
-0.8044923
-1.2765626
0.19499443
1.0708797
0.08480902
1.1526101
-0.12375289
-1.2661495
-0.14259985
0.29014438
0.042862076
2.2942274
-0.4672544
2.0577738
-1.7755208
-0.58113134
-0.008926743
-1.3531548
-0.005975889
-0.8201467
0.08144179
0.800755
-1.256522
-0.95178735
0.97485995
-0.3041345
1.1677072
0.8873787
0.54919004
0.7357727
0.0021635091
0.8641772
-0.5978937
0.15329722
-1.600821
-0.55876064
1.105995
0.45956767
-0.37107748
0.1997127
-0.67402804
1.2569335
0.17795874
1.0666201
-0.7474972
-1.1188958
-0.37319258
-0.030892435
-0.95293
-0.078419454
0.7952287
0.30179444
-0.509272
-1.6948891
0.6081793
0.76532924
-1.320435
0.39933884
0.6777064
0.35825396
1.5361847
0.62145716
1.5588022
1.2942859
1.2929214
0.41549858
0.040511183
1.1908394
-1.194139
0.6585147
-0.42728513
1.0492809
-0.7048872
0.9882765
-0.049695358
-0.86245733
-0.4367481
-0.3033333
0.350714
0.23320852
-1.0482705
-0.6498362
0.49970073
-0.6003202
-1.1828302
-0.45209128
1.4102969
0.2535707
-0.05798038
0.038482893
0.2736152
1.7561235
1.0121374
-0.03083837
0.1477941
0.14017598
-1.1400471
0.38345888
-0.048809934
1.3794143
-1.5371988
1.1671183
0.023174357
0.3756457
0.1346971
-0.1222365
-0.9107456
-1.8120542
0.7124365
0.78609157
-0.48147523
-1.6365602
-1.0501138
0.35650322
-0.34559327
0.5778403
1.1973803
0.8523738
1.2297909
-1.5400763
-0.07517051
0.31315336
1.3201573
0.46081892
1.602338
-0.07269712
-0.12762183
-0.42905366
0.49824205
-1.0202538
-2.024361
1.3523202
-1.0744143
0.92531157
-0.06115019
-0.5714052
-0.13159357
0.7214572
-0.92371756
0.45471627
-0.045813713
-0.040393192
-1.5577356
1.383408
-0.2537997
-0.03782908
-0.43608716
1.4580054
-0.041575763
-0.756906
0.7804974
-1.4400754
-1.0824728
-1.1857898
-0.9630586
0.13248582
-0.2551886
0.3135941
-0.18193579
0.07648024
0.032764446
-0.43934438
1.2745051
-0.44656098
-0.33298153
-1.34187
-0.59594864
0.80078346
-1.071559
-1.0571516
0.76207405
0.8851729
-0.7447283
-0.97175896
0.81975955
1.6654938
-1.9615649
-1.0178933
1.1901008
-0.9889636
-1.3860601
-0.4573395
0.93195665
-0.48808348
0.27984032
0.3103333
-0.013021429
2.1405256
0.24804708
0.29650068
0.49479365
-1.2676405
0.52385026
-0.2967934
-0.5290085
-0.23334399
0.2617491
-0.13037598
-1.0432627
-0.39614302
0.37028283
-0.15336779
-0.1351055
0.8327522
-0.53374475
0.52730876
-0.6432229
1.2754825
-1.074861
0.605097
-1.1536548
-0.22556596
0.5395412
-0.02919635
-0.39314052
0.34486455
0.29209328
-0.1530197
-0.017690295
1.9061552
0.02167237
-0.7901785
-0.802945
1.3611984
-0.37661633
-0.5730589
1.0456637
1.4537456
0.98550165
-0.0012187433
1.2967895
-0.5931674
-0.12237884
0.42687562
0.83579034
0.9269315
-1.1638359
1.711942
0.11634404
-1.3446151
-1.2597588
-0.7775871
-0.8273656
-1.4769874
1.2237426
1.6289641
0.6076866
-0.43824053
0.41860437
1.1766407
0.45759088
0.2902139
-0.4513356
0.0788636
-0.7477349
-0.51599985
-1.01671
0.83659816
0.38990825
0.5132156
-0.2622786
-1.009513
-0.08904308
0.33747882
-0.9792589
0.22128223
-0.12687449
-0.77201176
-0.2610072
0.24515444
0.18700139
-0.061958287
-0.080756724
-0.1141034
0.67707646
0.40321708
-1.2758209
-1.4669536
-0.28588367
0.86212564
-1.56403
-0.25402856
0.17502664
1.1008613
-1.9168067
-0.6250744
0.96153194
-1.0784693
1.3098481
1.3195307
-1.0534239
0.35291898
0.13160504
2.1697185
1.7986944
2.0743
1.4379323
-0.67190737
0.56934106
1.1841315
-1.1120217
-0.28858414
-0.26392582
0.21051046
-0.46631387
0.5579213
0.5333561
0.78857696
1.0539842
-1.0786338
1.3914614
-0.34517843
1.1162097
0.6496677
0.5403077
0.412252
-1.4414002
-1.7652574
-0.042115398
0.5179179
0.75348085
-0.7466334
0.5125609
-0.14172632
1.5279839
0.911633
-1.4111292
-0.3453615
-0.9239378
0.33060467
-0.14562501
1.8230077
1.2048064
-0.6757046
1.3708344
-0.867489
-1.0865729
-1.5757476
1.9077178
0.810343
-0.87148285
-0.71053886
0.043097593
-0.41703984
1.4001341
-1.1392918
1.3575383
-0.22880958
-0.15867524
-0.773819
-0.7093757
1.8215508
-0.92742896
1.5603762
0.05196588
-0.18353054
-0.24770315
0.17544046
1.7320983
1.3442528
-0.604108
1.4879032
-0.47859877
-0.59021676
-0.30072778
-0.5857158
1.3066536
0.19579716
-0.8324573
0.089156166
0.0024180985
0.80079055
1.3663092
0.64011896
-0.08260543
1.085338
0.8539886
0.42553508
0.35623527
-1.136577
1.0095974
-1.270597
-0.26352757
0.27672765
0.3139475
0.17177348
0.7780683
-0.99878705
0.15239973
-0.040822774
-1.166291
1.2157714
-0.70910037
0.031861324
-0.1157784
-0.54675514
-1.3345267
-1.4702171
-0.8364845
0.44740862
-0.21263471
1.5734074
0.12622043
-0.2461131
0.7678316
0.08844198
1.4816256
0.35990277
-1.1853105
-0.4147718
0.6972054
0.6303663
0.24047159
0.38393304
0.106609344
0.81868315
-1.0291603
-1.9274348
-1.7067707
0.2994741
0.55389774
-1.1521088
0.9096587
0.85416263
0.5765306
0.4384312
1.3247889
-0.9453969
0.74251217
-0.9835193
-0.012960785
-0.21284275
-0.728325
0.90597653
-0.74996
-0.9251729
-0.37963316
0.08980005
-0.7576251
0.034286458
-0.42043483
-0.43801817
-0.13951886
-0.23142321
-1.4845101
0.7062375
-1.7602519
0.074962884
0.7786635
1.1540153
0.032890707
0.11174547
1.5127287
-2.1749365
1.5847082
0.6952874
0.46324593
-1.6014732
-1.1245731
-0.9870757
-0.38999364
0.39640957
1.2008705
-0.037371323
-0.78421944
0.5043881
-1.2919401
-0.95670295
-0.13609383
0.66684103
0.7212437
-0.2032698
0.35136494
-0.7931957
1.1060413
-0.87706494
0.55331
0.31831586
-1.2213211
0.94947106
-1.2083389
-0.80509126
-1.1077852
0.42830017
1.1080081
-1.4393524
0.17021807
1.0953918
0.43582597
1.3862414
-0.84561515
0.08317117
1.0443195
0.19232285
0.909872
1.3533915
-1.2209749
-0.6337048
-0.4490899
-0.43674845
0.4891237
-0.37367058
-0.5592227
0.124437876
-0.19527125
0.9033134
-1.085897
-0.8429169
-0.08783088
-0.32977957
0.11343015
0.22415058
0.16500247
-0.47068548
0.558521
1.0564423
0.118388705
-0.63868165
-1.5206406
1.3346528
-0.7020904
-1.0248469
-0.404282
0.24401331
0.45909578
0.5603527
-0.9803599
0.3385508
0.84663206
-0.35115203
-1.241156
0.6406558
1.3949121
-0.9156468
0.3627164
0.044910777
0.70420134
0.1928998
0.22943656
-1.7412491
0.64306647
-1.4778681
1.3399656
-0.39485538
-1.7131481
0.3437242
0.19201693
0.575877
0.79108393
0.9700023
0.8248445
0.33100054
1.2529703
-0.8437597
0.717837
0.56969315
-0.5859092
0.5884448
-0.59781754
-0.75811267
-0.8226263
0.7402792
0.8778878
0.3466652
0.26928866
0.022666644
-1.0923898
0.64039063
0.1354735
0.69579047
0.9191519
1.9647979
-0.23803116
0.24675041
0.9508639
-0.9257989
-0.12627356
-0.06039394
0.6403976
-1.141377
0.80266535
-0.21049441
0.60022545
-1.1120851
0.09248396
1.0045667
0.5583088
-1.1648694
-0.16733983
0.10410212
-0.4116727
-0.80770487
0.5218757
-0.5423215
-0.80361784
-0.4936458
-0.33542997
-0.56817335
-1.4223706
-0.50960016
0.29751456
-1.4213979
0.10818801
-0.7546847
0.07800067
-1.7709438
-0.8593977
0.92249274
-0.7284377
-0.50352085
-0.7994861
0.46134168
1.5727006
-1.0176692
-1.2804599
-1.166476
-1.0726519
-1.7061406
1.4782333
0.6488458
0.7457334
-0.218683
1.5044081
-0.2575148
-0.2912539
1.0264893
-0.70513195
1.1552831
-0.263258
-1.9301461
0.8135062
-0.60515887
-0.6427082
-0.73861676
0.9527463
-1.049103
-1.626763
0.70537823
-0.14718437
-0.25207222
0.9543266
0.07826472
1.7463225
-0.12998617
0.4446171
-1.563112
-1.7287965
-0.65597564
-0.84783596
-0.3035722
1.6979079
0.52086145
0.7897603
0.040238936
-0.04266692
0.1429633
-0.626812
2.1301334
0.21546116
0.42705396
-0.1680469
-0.71375686
0.3680668
0.5100383
0.1312069
-0.48377556
-0.55545163
-0.16860862
-0.7399568
-0.53269863
-0.28376302
1.030919
1.64104
-0.36020488
0.3070062
1.1409197
0.6445374
1.3855132
-1.3795049
-0.1442156
0.7314936
1.1513252
-1.0780671
-0.14409918
0.36287588
1.5358436
-0.24332234
0.18394735
0.649446
-0.62378436
0.70044136
-0.93158424
1.050873
0.13505773
1.2193588
0.06711861
0.60588574
0.58904326
0.15927242
0.2381472
-0.49433672
1.1842422
-1.0469266
1.7088692
1.9761819
-0.63638055
0.72350115
0.91110235
-1.7530446
-0.7740704
0.5193411
0.37363654
-0.48618263
0.0030563725
1.3095701
0.1792871
-1.7468369
-2.009787
0.91522795
-0.334324
0.14453968
0.68172246
-0.4216111
1.6643922
0.92917866
-0.98667014
-1.1155888
-0.42122495
-0.34855103
-0.32759395
0.36503246
1.1002142
-0.6977971
0.6079736
1.1695757
0.63843095
1.2982805
-0.31538653
0.9111585
0.68684685
-0.09920239
0.095402606
0.10050661
-0.6819334
-1.129944
1.4360651
0.2375283
-0.2530046
-0.3232123
-0.9185128
-0.9889746
1.3624045
0.2281271
0.7470668
0.63165855
-0.16967739
-0.054551646
0.46961796
1.1815817
-1.0199416
-1.6149035
0.42183253
0.6154467
-1.2738858
0.954859
-0.57979023
0.086243905
-1.5529683
0.7318131
1.4590145
-0.7632224
-0.18201746
-0.25124997
-0.2847342
-1.5136063
-0.07248966
0.80765855
0.44272375
0.25900766
0.3913382
-1.2163547
0.007732886
-0.46132392
-1.7090441
0.4591955
-0.51376915
0.90318155
0.010091141
0.5481622
0.35261333
-0.14856237
-0.03236831
2.2687516
0.1758124
-0.3524303
-0.7716955
-1.4393069
0.2174358
0.009460263
-0.32914203
-1.4358122
-0.68324643
0.43699592
-1.8943434
0.16986346
0.22272903
-0.6169064
-0.35958993
-1.4398397
1.1219467
-0.7741027
-0.37006006
0.726416
0.07776075
-1.1612085
1.536622
-0.9002434
0.17891526
-0.1051493
-1.6999097
-0.34050626
1.2744309
0.10804843
-0.7023535
-0.8343469
-0.7098636
-1.1551296
1.3040148
0.884755
-0.94721365
-0.46609366
-0.6354072
-0.36886534
1.2553599
0.6677264
-0.205025
-1.4420872
0.34526637
-1.129649
-0.10332725
0.10015438
2.1514132
0.63641083
-0.98096997
0.30459157
0.9100854
0.19970313
-0.7961422
-0.06542841
-0.19167425
-0.063817635
0.28523657
0.74798226
1.0511305
-0.57748383
-0.87651294
1.4515016
0.69539064
1.7469289
-1.1567895
-0.6315715
1.3666991
-1.4653774
1.3993013
-0.5713067
0.054746337
1.3339332
-0.03150873
0.80312765
-0.27269053
-1.133087
-0.12426533
-0.35358086
-0.12514074
-1.1820529
-1.0265223
0.38482216
0.20699601
-0.98370606
-1.1178471
0.42447165
-0.3191098
1.2756716
-1.1731272
-0.33889136
-0.25178984
0.047761966
0.04174446
-0.6447235
-0.5722626
0.9055497
1.7898679
1.4191997
0.07525144
0.20662202
-1.9614383
1.5807792
0.060459703
0.21012695
0.58595926
-1.3212148
0.1339362
0.42624712
-0.14411767
0.11133159
1.5790057
0.16977426
-0.96276623
1.2851034
-0.51841015
-0.9416597
-0.97926486
-1.0007511
1.1862504
-0.24863872
-1.0951395
1.2698455
0.8564826
0.8979747
-1.5302489
0.35938653
0.9109639
-0.2674957
-0.0040544607
0.33160484
1.3044555
1.2166641
0.41762504
-1.3579528
-1.2200642
0.9557448
0.48172614
-0.2775683
-0.8472617
0.12262933
0.9832376
-0.5086827
-1.3022381
0.27646932
0.7457969
1.5257401
-1.443586
-1.24229
0.6784978
0.22134985
-2.0917494
0.33607253
-0.7380254
0.02080958
0.41567153
0.20803837
-1.2665169
0.37204337
1.227383
1.2057285
-0.8262543
-1.7806695
0.6403176
0.24247353
1.5031991
1.4409716
-1.1920838
-0.5676129
0.8544804
-0.55208397
0.28867063
0.74372715
-0.51093584
-0.6949436
-0.4041105
-1.8813967
0.09546961
-0.17121515
-0.061854728
-0.96229213
0.024240458
-0.98284125
0.25952592
-0.37445995
-1.5216933
0.029137302
0.47451794
-1.0784146
-0.33916894
0.11270753
-0.4231306
0.80860806
-1.1412067
0.28776023
-0.4295614
1.4986039
1.5621065
-0.47636414
-0.3717945
-0.5569947
-0.25119197
0.29724088
-0.36315367
1.2393521
1.178227
0.5400903
-0.42718285
-1.467525
-1.9479321
0.33953243
-1.4862908
-0.9069041
0.16573422
-0.08355402
-0.01543407
0.33940458
0.7281579
-1.1276468
0.16706999
0.56998384
-0.90464634
-1.9926509
0.90418285
-0.23798843
-1.1929721
-0.4270949
0.74308896
1.0742731
0.49731582
-0.6695316
0.333686
-0.020512557
-0.19067086
1.2422165
0.24767368
0.49224776
1.7506377
-0.47326672
0.08517067
-0.93579376
-0.34502968
-0.077503316
-0.66170645
0.39073718
1.3730849
1.8922689
0.024386
0.3639213
0.51054347
0.39326116
-0.28273395
0.33643684
0.123192586
0.20557868
0.70575655
-1.5148163
-0.6050642
0.8450814
-0.8852308
0.19475368
-1.2664675
-0.14236608
1.2845796
0.45393464
1.6845976
-0.26721814
-0.5434542
-0.6890416
-0.7934092
1.386761
0.18589292
-1.1872452
-0.7700118
0.8418602
-0.112774715
0.23274197
-0.39944875
-0.61892056
-0.7089444
-0.08536321
-0.10014269
-1.1263088
-1.0952389
0.09617647
0.74682766
0.8148171
0.47508565
-0.75745296
1.1915946
1.1003139
-0.65819424
-1.0781983
-0.6459806
-0.6326452
-0.8030462
-0.5580161
-0.7436775
0.25306588
0.8856337
0.169285
-0.6051531
0.8089197
1.0118483
-0.5493509
-0.5908322
-0.7490106
0.68803495
1.0366853
-0.5283025
0.7180112
-0.034264654
-1.264532
-0.82452023
-1.3432686
1.2231627
0.76592153
-0.26620084
1.6128962
0.21478708
0.66659814
0.03479577
0.069748946
0.20499562
-1.3744364
1.3843306
-0.57521623
-0.8556711
-0.74335736
-1.040928
-0.3129136
-0.42725277
-0.16691029
-0.28574705
0.54200584
0.48887187
0.47023457
-0.90779704
-1.1072328
0.27067813
-0.6053593
1.4187396
-0.75426435
-0.46728757
0.26088166
0.22828633
0.2541857
0.3043575
0.8241388
-0.36421582
0.71157277
-1.094954
1.1327957
-0.5032288
-0.08098788
-0.017335143
0.33642012
-0.45700458
-0.7798013
0.8217277
0.8852894
0.012314113
0.25228757
0.76834327
0.36386955
-0.28785792
-0.98559606
-0.62515247
1.2377274
1.5656797
-1.7607882
0.6853811
-0.016771805
-1.179656
0.50043
0.0057953717
0.6831012
-0.91789764
0.261521
-1.2101675
0.33747914
-1.0242586
1.6248147
0.35388538
-0.7098049
-0.40948117
0.5950402
0.29948056
-1.6637106
0.06049346
1.3001932
0.30566856
1.5142175
1.2057319
-0.5969901
-0.843029
0.3240094
0.05970804
-0.8430587
-0.6016012
0.22471638
0.11088531
0.6304922
0.7202273
0.34591633
1.5881852
0.45761102
0.35619214
1.310682
-0.94796133
0.8049252
-0.473989
1.193864
1.0139935
0.10613833
0.15076178
-0.16996296
-0.90201986
-0.81823575
-0.7476842
-0.26639175
-0.70318085
1.8878546
-0.52929235
-1.0890115
-0.6032711
-1.0019736
0.5589592
1.395115
0.16316843
1.1735197
0.59534764
-1.1548591
