-0.9289401
-1.3940579
-0.76235855
0.8684709
0.5324732
-0.27599192
1.3784935
-0.9998031
0.7361586
-0.9912015
1.1034182
-0.9049485
-0.35416144
-2.0839078
1.9612476
-0.009023394
1.384704
-0.82675654
-0.4280619
-0.912235
-0.0872242
-1.0145115
-1.9352145
-0.5689433
0.09891747
-0.59527487
-0.2956133
1.6252683
1.3010553
-1.1273903
-1.1856858
-0.93216574
-0.81630796
1.130801
2.0313628
-0.82811785
-1.4324057
-1.8014283
1.6778069
0.84019715
0.2322837
-0.20871463
0.05759408
0.32092676
-0.07954824
-0.2915701
-1.3685455
-1.2694803
0.8384781
-0.34127295
1.3759072
-1.4303943
-0.3207255
1.213908
-1.2819763
-1.231762
-1.8820674
-1.5007282
-0.15882732
-1.1417
-1.4909859
1.8651923
-1.2297366
0.35516936
-0.43880203
-0.21278377
-0.08595676
0.25989634
0.301819
-0.87442636
-0.8469049
1.3533015
-0.1364942
0.69270283
1.0495795
-0.31567994
1.6239614
-1.4895679
-0.30924672
-1.7590858
1.1760703
0.6547784
0.7857326
-1.3560091
1.2308463
0.6098684
0.044014562
0.36450735
-0.7403189
0.3286554
-0.58539176
0.9427294
-1.8260318
1.4849806
-0.34122023
-0.21257405
0.7034331
0.36382645
-0.14917342
2.0110211
0.49986994
0.8151616
-1.8033681
1.2386233
0.43238655
-0.7043108
0.7836208
-0.6933971
0.5474025
0.23438337
-0.64801246
0.048531406
-0.804894
-0.26081598
-0.47273618
-0.59277177
-1.0608085
1.3935645
0.28714725
-0.12493754
-0.011365557
0.51295745
-0.02909673
1.0383356
-1.0077575
0.28170076
-1.0431212
-0.7401302
0.8994614
-0.86436826
0.97461694
-1.0430387
1.7071172
-0.74175966
0.9927168
-2.3905625
-0.53015745
0.5542855
-0.33544442
0.5680986
-0.83640796
0.5267954
-1.8520004
-0.6824099
-1.9517808
-0.6682641
0.096818
-1.118809
0.08855294
-1.401562
-0.9420003
-0.84826505
1.0013977
-0.63642234
1.4281863
1.5214939
-0.3962842
1.1646683
-2.436765
-1.2217621
-0.72154117
1.143436
-2.0330532
-1.2769234
-1.136062
0.2870856
-0.40826803
-2.0875697
-0.19612181
-1.7680888
-0.20668957
-1.6241438
-0.2534266
1.0768273
-1.173322
-0.61509824
-0.06737114
0.4907332
-0.061001275
1.4589455
-1.439113
-1.0311973
1.4922057
-1.4281328
0.697494
1.7345923
0.3370106
0.092933826
0.92358375
-1.6100129
-0.029636148
-0.4614033
-0.10677698
1.2900878
-0.11827938
-0.15167864
-1.9986185
1.1359491
-0.39652452
0.14245793
-1.0427127
-1.18851
0.9418468
0.3968475
-0.9873946
-0.5891761
0.21338631
-0.045583226
0.2541634
-0.7555545
-1.0564544
-0.33561924
-1.5020641
-1.7422829
-0.44869182
-1.6818327
0.18271887
0.25140512
1.3502649
1.4259248
-0.4494795
1.5747024
-1.2214845
1.8100995
-1.2951921
-0.1998041
0.3154576
-1.3040448
0.41139627
-0.77692574
-0.07290814
1.5669698
0.7948496
-1.8290977
1.1048938
0.58814037
1.4659473
-0.6803479
-0.3665407
-1.3491055
1.6568569
-0.21362048
0.016261889
-0.16897818
1.6629584
1.1758267
-0.5098018
-1.6895852
-1.48032
0.63697237
-0.46579894
0.36363828
-0.98166525
1.73557
1.1312696
0.66025037
0.9987043
1.1825798
-0.99937105
-0.9598074
-0.26306176
-0.67208743
-1.7124195
0.28519836
-1.4350339
0.84963834
1.5454589
-0.73956263
1.9932015
-0.5396722
0.39862987
-1.8333182
-1.4246131
-1.2830882
1.0926112
0.9951438
0.68170315
-0.48704004
1.230959
-0.49959433
-0.8901834
-0.2401635
-1.204947
0.5987587
0.6990386
0.15395863
0.94389683
1.584939
-0.45116696
-0.689982
-1.4527494
0.109909736
-1.1318012
1.655223
-0.54298264
0.37759978
-0.20867793
-1.6904968
-1.0093815
-1.3736697
0.79666394
-0.9894399
-1.1834493
-1.4228638
-0.6603059
-0.1538759
-1.7842288
-0.7350354
-0.9209342
-1.2674828
-0.3522228
-1.4548156
-0.17460886
-1.9900404
0.42893755
-2.0828989
0.5228714
-1.2758936
1.8249469
0.8675352
-0.70648867
-0.39814007
-1.4652475
-0.3333124
0.14747806
-0.34149125
-1.3627583
1.837192
-0.38350812
-1.1655858
-0.5871452
1.8087615
-0.16646035
0.21797055
-0.56529063
-0.11334197
-1.0679715
1.9527258
0.7403477
-0.6329986
-0.87023765
-0.042858217
0.6160198
-0.023182819
1.4756013
-0.70116395
-0.3700254
-1.2526919
-1.1187246
2.136668
-0.24983858
-0.33885035
0.8419858
-1.176531
-0.7861504
-1.1900553
-0.7227061
-1.7518104
-1.4015666
-2.0043256
-0.9938985
1.8506175
0.24040982
-0.95389986
-0.6945225
1.5408093
0.7440417
-0.33042505
1.3074389
-0.52628034
0.7023326
-1.4079996
-2.0390933
0.9440217
0.19113693
-1.9618051
0.4042923
1.4097503
-1.0507894
-1.1286018
0.9916229
0.19641535
-1.0622561
-0.2788797
-1.8456854
1.4252968
-1.2331308
-1.6322151
-1.2231932
-1.465175
0.8296456
-1.1261901
0.14847173
-0.14380251
1.5557784
-1.0305554
0.6741027
-0.43717706
1.4120456
1.7251196
-0.3545003
-1.6739982
0.098193385
-0.7104896
-1.1839695
0.6567462
1.1252545
-0.14676245
-0.9917439
0.40401146
-1.4211614
-1.1763425
1.5233363
-0.076279104
-1.059733
0.5037076
-0.23504525
-1.7477816
-0.46258804
-0.32343876
-1.0048575
1.2281965
-1.8137754
0.20669712
-1.766017
-1.3879629
-1.1615087
0.07483443
-0.70816535
-0.7468864
0.9492011
-1.5312077
0.8681747
0.78132206
0.48967507
-1.2518032
-0.17460176
-1.5366535
-0.38769615
-1.3782578
0.6644748
0.32394603
-0.38856903
-0.7193325
0.2769114
0.7494978
-0.8888359
-0.28954676
-1.2047889
0.7574193
0.971889
0.32034767
-0.26539853
-1.4256281
0.27322614
-1.1138017
-1.1924586
-0.47492325
-1.6023008
2.118529
-1.3848557
-0.17653212
-0.9943713
0.31896108
-1.4223411
-1.6232575
0.99947333
-1.3865446
-0.5106945
0.6103145
-1.2296667
0.7961578
0.12121222
0.7445123
-1.1913444
-0.8166928
0.4518734
-0.8356028
0.16260156
-1.5578334
-0.3001915
-1.0330976
0.085791975
-1.3112122
-0.9976416
0.5947966
1.024494
-0.34220243
1.2044524
-0.21989386
-1.2544724
-1.273938
-1.9232315
-1.2354801
0.8819239
-0.33216646
-1.0069481
0.2418404
0.61985826
-0.30639023
-1.6886936
0.25713184
-0.9597064
-1.5819008
0.44611526
-1.2121594
-0.06204755
-0.37739375
-1.3454553
0.30546173
-0.69099575
-0.10872036
-1.3243548
1.3850338
0.89672863
-1.7170676
-0.47921234
-1.2232201
-0.49517447
0.1632296
-0.6414011
-1.0294902
-0.9375492
-0.0760819
-0.72014457
-1.7228465
-1.5876582
0.6822372
-0.4679582
1.0028719
-1.4323653
-1.2209462
-0.5789902
0.41348252
-0.08586066
0.051571336
-0.754447
-1.3471705
-1.5327525
-1.8300459
-0.6329115
1.0168831
0.54573643
-1.8424083
0.7243851
-0.4991454
1.0184484
0.16300891
-0.6920102
0.55300957
0.7916447
-1.8393718
0.22847053
-1.3612068
0.22614169
-1.1490144
-1.3854566
0.81183755
0.58033985
-0.3853259
-0.56465524
-0.6546081
-0.09297917
-1.0749036
-0.63394153
-1.5012786
0.12158846
0.0037166637
-0.7410666
0.7044204
-0.6329899
0.27994817
-0.825592
0.2868348
-0.5821897
-1.6407783
-0.40956354
-0.29543367
-0.9682394
-1.6183918
-0.0654015
1.1593927
-0.9522293
-0.7701787
0.51241976
1.1850698
-1.3341006
1.6839681
-1.4464105
-0.32393786
-1.1621174
-0.43886918
-1.6006285
-0.91399175
-1.2945766
0.40806624
1.7125828
0.040965244
-0.9107026
1.9279969
0.8235187
-2.0718703
0.16835219
0.68289715
1.2996475
-1.3950521
0.4310193
0.7426001
-2.153135
-1.2007962
-0.9791763
0.46087003
-0.29973358
-0.08962066
-1.3603067
0.98454595
-0.76233894
0.50588465
-0.8826472
-1.0586007
-0.4384773
-0.99478996
-1.3937111
-0.57992274
0.029137958
0.0066367574
-0.98113847
1.5609776
-0.9279972
-0.103266954
0.79911876
0.8746002
-1.5319197
-0.6575076
0.49753445
1.56036
1.7696123
-0.6522541
0.694114
1.9535494
0.076960295
-0.8345907
-0.21212517
-1.7598367
-0.028548803
0.24502705
1.1020625
-0.62276274
0.1433297
-1.4426739
-1.3977748
-1.75901
-1.3438498
0.05589953
1.3110551
-0.9078772
0.6037183
-1.3512658
1.7977386
-0.89758974
-1.509325
0.96921563
-1.0819498
-0.99806166
-0.883346
-0.22822578
1.7510006
-1.0042664
-1.9890387
0.49709097
-1.5421497
1.4578528
-1.4508079
-0.8990786
-0.8446346
0.9258743
0.45377976
-0.8369693
-0.32126433
-0.62279916
0.9488941
-0.0720728
1.3998003
1.5683204
1.5274817
-1.6924638
0.74475604
-0.70285153
-0.43631056
0.54564023
-0.4379121
-1.4173312
1.2807176
1.7412558
-1.0365226
0.44378015
-0.17865591
0.14321041
2.0165317
1.6453753
-1.4990511
-1.2443312
2.0662987
-0.9931451
0.035009623
-1.4520704
-1.8813881
0.9395867
-0.8953531
0.70393556
-1.1203809
0.93237126
1.6704006
-0.9831276
0.13482822
0.08744648
-1.2521237
1.3987052
1.3643436
-1.4851484
1.6724743
0.38588002
0.09585679
1.0316248
1.7020268
-1.6037626
-1.2445362
-1.6778468
-0.8792395
-0.14552027
0.24145727
-0.10885629
0.053857245
-0.2232524
-1.5581731
-0.90936214
-0.81067574
0.48762754
-0.29286912
-1.3363227
-0.14737354
-1.5101398
-0.82494277
-0.35018906
-1.6416953
1.1880082
-0.19460674
-0.6169644
-1.9433386
-1.0314595
0.8497166
-0.28666967
-1.1244402
1.0285444
1.1753321
0.79885983
0.66442585
0.05889071
-1.6116326
1.5747069
1.9416507
-0.55099314
1.0983129
-0.34903535
0.8596309
-0.5452613
0.3059718
-1.0657008
-0.043520033
1.8997517
-0.5846439
-0.98777366
0.27412325
2.0147939
-0.49017835
0.6277972
-1.4334372
-1.5071841
1.2140592
-0.49656206
-0.73365533
-0.42619544
0.74448776
-1.363616
1.3274124
-2.0738363
0.48366833
-1.5522213
-0.7722194
-1.9279852
-1.7627438
-1.7938875
-0.18820198
1.4194212
-1.2708775
-1.3636875
-1.2391715
-1.6379153
-0.53783137
1.0065899
1.1847104
-1.5543408
-1.0456005
-0.8814292
-1.5908996
-0.17270496
-1.9415349
-0.7598796
-0.5242013
-0.1949155
-1.2446182
-0.27200562
-0.5473901
-0.0889933
-1.1099702
-0.99936825
1.5243794
-1.2737381
1.2161934
0.5715644
-1.2196693
-1.1226315
-1.4146358
0.4072023
-0.21786702
-0.93915355
-1.1838145
-0.64667904
0.9253399
1.2148224
0.24944909
0.05225846
-0.92074215
-1.6880298
-1.2382551
0.09960582
-1.259807
0.27871984
0.02666092
-0.1563599
-1.5883967
-0.16870761
1.9935048
1.5552732
-0.5909105
0.07267924
-1.1290222
0.72052485
0.35090294
-0.36590305
0.020999437
0.62789637
-1.5689881
-1.3259181
0.3846279
0.7197802
2.1408036
-1.3968943
-0.6495294
1.4202924
-1.5933957
1.1534972
0.73540574
-0.8295178
1.2145171
0.67581666
-0.51012594
-0.3449318
-1.7281717
0.38991138
-1.9926867
-0.051108506
-0.14813188
-1.6770823
-0.3769413
1.5787481
-0.7687971
-1.2534997
-1.4637737
0.98939
-0.9210869
-0.5404709
-1.1039634
-1.5120612
1.2373532
0.1812389
-1.127023
1.1579391
-1.8087655
1.7798992
-0.4738505
0.5801362
-0.11164788
0.52035797
0.81980234
0.8840107
-0.6837989
-0.36034113
0.26048172
-0.6414839
-0.13187288
-0.52007544
1.3422087
-0.27679062
-0.767928
-0.6191949
0.4926467
0.5147652
-0.31263503
-1.4844344
0.12125672
-0.696217
-1.3158815
-1.4273361
0.78191596
-0.38586718
-1.0293068
0.3387447
0.7824431
1.127604
-1.1416885
-1.2897667
0.11334669
0.15694532
1.2692629
0.5095568
0.067216314
-0.7744118
-2.0188403
1.3872097
0.6287313
-0.053420804
-0.83942103
-1.5827259
0.6887154
-0.6114579
0.41390118
1.0667869
1.4136534
1.5887641
-1.3699216
0.5471723
0.27480128
0.81432164
0.6306336
-2.1194541
-0.07509745
0.4204195
0.96074337
0.006201645
0.5926733
1.121158
-0.5454486
-0.1803707
0.32228783
0.46065515
-0.45875245
0.11899038
0.79528046
-2.2987404
-0.13288786
-1.2585549
-0.86093205
0.31290755
0.32863098
-1.1199719
-0.7053653
-1.0883117
-0.8369905
-1.0223826
0.7705871
0.5228629
1.3695464
-1.0371299
-0.09028692
0.9745737
-0.20053096
-0.37193236
0.39512205
-1.762005
0.045049924
0.2718171
-1.8672161
-0.95023125
0.3488797
-0.41830665
-0.4320181
-0.9293342
0.4597776
-2.062357
-0.44454738
-1.919774
0.1420719
0.871151
0.9646764
1.993167
0.9451356
1.6852365
-0.95778203
-0.10796848
-1.3871605
-0.30230772
1.5122452
-1.3747476
0.89949524
-0.01440432
-1.1420884
-0.94581455
0.5650662
-0.42872396
0.2579031
-0.14099176
-0.8837259
2.126267
-0.2631912
-1.310886
-1.0158752
-1.2357129
-0.20870486
-0.40078777
-1.3673633
0.7259599
-1.3499793
1.9889971
-1.1540421
-0.98954916
0.68056273
-1.284819
0.53567475
0.004988411
-1.7585709
-0.19356644
1.0259597
-0.94390213
-0.15764448
0.23315395
0.18376571
0.51500744
-0.7944419
1.4223564
-0.4037901
1.0965922
0.9777243
-0.9282293
-0.4605127
1.2844121
1.1031184
0.68274087
-1.1182963
-0.25312358
-1.0398693
-0.7658776
1.4297173
-0.8838325
0.550647
1.4663035
-0.96799344
-0.6315127
0.9840262
-1.3147632
1.7028799
1.0844268
-0.78944546
0.018436996
-0.91100895
-0.39373457
0.0978639
0.059074458
1.4614391
-1.6687971
-1.4058971
-0.8453784
0.5384729
-1.6114533
1.2607114
0.20748226
-0.6805135
0.16358076
0.5519018
1.003465
1.3806856
-1.0389764
0.35232338
0.5277566
-0.7366615
1.5877584
0.45941925
-0.54455674
-1.2446182
-1.9337445
1.6881323
-1.9397341
-0.9206307
-0.06310874
1.3732189
1.3998307
-1.139649
-0.5064205
-1.2941681
0.16023855
-1.3150665
-1.794773
1.3459369
-0.8536627
0.29176116
-0.95204085
-0.4560685
0.120917745
-0.49786708
-1.3194478
0.7046758
-1.4566804
0.15385708
-1.2769501
-0.144558
-1.1868912
0.85301685
0.99847364
-0.9300044
-1.3703694
-0.3064701
-0.5090747
-0.3353255
0.2643479
-0.44964716
-0.3981729
-0.74934024
-1.2717093
-0.71653134
-0.72130966
0.89967513
-0.790422
-0.7846605
0.18195029
-0.9319899
1.7655652
0.5072673
-1.5739756
0.98862183
0.8878594
0.10018085
0.9649123
-0.15167895
-1.3993107
-1.1362796
0.5804549
-0.64829105
0.91214454
-0.43866694
0.3759876
-0.18706681
1.0891019
-1.3953651
1.4787227
2.3711915
0.7975403
-1.2112366
-0.8728548
-0.32876742
-0.7064114
-0.24771667
0.20253932
-0.6814275
0.35639244
0.9793885
-0.57209194
-0.7501881
2.445331
-0.71136934
-0.35085088
-0.5114243
-0.91290665
0.5823217
-0.63679636
-0.07922812
0.68815356
0.63879496
-0.7573559
-0.41292375
2.326907
-0.8799145
0.571259
0.26137418
-0.86548966
0.4180954
0.985631
-1.9178668
-1.5845675
0.32104263
-0.037492488
0.8219751
-1.3507289
-1.7987611
-0.7141516
-1.283092
-0.7631014
-1.1671895
-0.8061068
-0.080184296
0.4987986
-0.79545337
-1.6598086
-1.4093521
-1.3965906
-0.14819707
0.12286741
0.9498608
0.06290144
0.6181193
-2.3433943
-0.8948014
0.5151334
-0.2619498
0.878939
-0.79658073
-0.5484679
-0.4819938
-1.4763923
-1.9234326
-1.6000513
-0.83936346
0.85675514
-0.39489326
-0.96211404
0.88341475
-0.7500596
-0.04723833
-0.5544758
-0.12963271
-0.9263626
-0.34122488
-0.8196955
-0.26864904
2.080974
0.76792836
0.23654985
0.68617004
-0.5377891
0.98058134
-0.83652264
-1.3186545
-0.6905767
-1.5961603
0.36838585
-1.0708781
1.3901855
-0.91488457
0.83956313
-0.52922106
-1.1899476
-0.62363696
1.0895121
0.10452949
-0.39252594
1.4052169
1.6142063
1.213721
-1.5300679
1.3508143
-1.2138461
-0.33316043
-0.9892729
-0.98065424
0.53907335
1.1073458
0.7853639
2.3235157
-0.04675305
-1.3608775
0.85384536
-1.7146454
-1.1140671
-1.6190236
-0.30960432
-0.12075163
-0.9735377
-1.4261305
1.2414237
-1.1377339
-0.31134453
-0.4847959
-0.2866225
0.7015523
0.71700335
-0.8260502
-0.67505205
1.2285666
1.2623644
-0.43742493
0.96528363
-1.40878
0.051144503
1.8110373
-1.459723
0.8681975
1.597043
-0.8048995
-0.7079825
0.38136667
-0.95098484
-0.057054408
-1.6977091
-0.26987007
-0.35976055
0.83589107
-1.6518949
1.870897
1.7381339
-1.2612113
-0.19341569
-1.2424587
-0.51373196
-0.17246862
1.6244458
-0.16603938
-1.7495046
-0.1117467
-1.9829816
1.3148098
-0.8831736
-1.3921307
-0.40277758
-1.582225
1.0815792
-0.14788087
-0.014231857
0.4751253
-1.1686176
0.4356786
1.4814053
-0.9808215
-1.1014073
0.92748314
-0.46330297
0.18514322
-0.16706134
1.6214637
-0.5234291
-0.6943593
-1.7304125
-1.2392545
1.6911945
-0.6065269
-0.6802251
-0.36250964
-0.53082573
-0.39109156
-0.17206638
2.3004222
0.9151076
-0.44394338
-0.50465876
-1.3745266
0.55637264
0.077192575
-0.4678959
-1.2632737
-0.9028188
-0.6755967
0.1272626
0.7447617
0.69575423
0.36696994
-0.12136
1.1028489
-0.76629055
1.8766356
-0.324295
-1.1146835
-0.7901691
-0.011275358
0.7780812
-1.3646061
-1.8715696
-0.4486251
-1.7012596
1.4155984
-0.45762497
1.7207186
-0.6089981
-0.8822458
-0.3645736
-0.37757924
0.24197368
0.91176873
-1.1114427
0.042697456
-1.197671
-0.39416543
1.0004916
-1.1511177
-1.7140789
0.6716016
-0.62039375
-0.32191247
-1.0625107
-0.26185283
-1.4264438
1.323022
0.29301855
-0.99274695
-0.52058756
-1.2879508
0.7284208
2.0679188
-0.37591392
0.3570898
1.3470086
-1.5238404
-1.7260827
-1.0520558
-1.629095
1.110409
-0.2394081
0.84117746
0.44377726
-0.044029504
1.4512141
0.53595936
1.7997693
-1.1458256
-1.2281214
1.6090001
-1.6710347
1.1816806
-1.0976686
-0.7733993
-0.88016224
-0.22502434
1.7467973
-0.119137466
-0.534017
0.95404375
-1.5809128
-0.34840217
-1.6646061
-1.1440037
-2.180315
-0.24412683
-0.41896254
0.071925476
-1.2347984
-0.92036754
1.896078
0.49976665
0.36934507
-0.35874116
0.6144808
-1.3918418
-1.3582524
-0.27414644
0.73366106
1.1327469
-0.47221178
-0.60680395
-0.58488524
-0.5773445
0.7643595
-0.95037955
-0.80268127
-0.44416505
-1.2083086
-0.32934472
0.08280708
-0.41976535
-1.5284055
-0.031127702
1.1779236
0.9179568
0.7306615
-0.36917755
1.3871181
-0.13302647
-0.5784829
1.7908283
-1.0404761
-1.2342793
-0.4420234
1.6132867
0.21911438
-0.5865047
-1.5672317
-2.123009
0.13593589
-0.34600806
-0.40960947
-0.50755775
-0.5705205
0.78805876
-0.7065316
-1.0218529
-1.3879972
1.4439985
0.026283696
1.8773637
-0.7645738
-0.54465663
-0.85618556
0.45020425
-1.6670066
-0.6751112
-1.1465285
0.9563017
1.4861655
-2.1029875
-1.2976378
-0.53339577
0.3436325
-1.9204484
1.4325294
0.48449343
-2.0586665
0.68655723
0.26824865
-0.21279934
-1.6427375
1.5104816
1.2989126
-1.2006577
0.32168052
-1.3841358
-0.07848871
-0.9283085
0.6473198
0.87696904
-0.13404389
0.86553437
1.7657508
-0.066598825
0.815254
1.8196164
0.85633093
0.71780723
-1.4583453
-2.230201
-1.1308049
1.192752
-0.0005149767
-0.7403088
1.4410989
0.6290252
-1.1237867
1.0509324
0.3234233
0.037142303
-1.0613043
1.0351956
-1.0286494
1.4848956
0.13310568
-0.55075794
0.12718776
-1.0506623
0.53875417
-1.1377207
2.0789669
1.7600412
-0.5584512
-0.13433677
-1.5411559
0.49244666
-0.6920525
-0.7938609
0.25829685
1.2472535
-1.2948645
1.4582895
1.2096746
0.31036067
1.1096447
-2.0110526
-0.0876492
0.44919068
1.3925775
-1.1069664
0.3811985
-0.870641
-1.0964484
-1.1757882
-0.4975003
0.46433967
0.9079935
0.13751073
-0.26887426
0.9367575
-0.58614755
0.73275036
-1.2569647
1.590833
-0.41557208
-0.29796124
0.27434704
1.1473761
-0.81300503
0.40404335
1.3846233
0.38049456
-1.188743
-1.1793563
1.3560979
1.2315297
-1.2897308
-0.3758086
0.33376336
0.261719
0.32222998
-1.1255897
-1.2812872
0.8457999
-0.105881006
1.5174118
-1.871859
-1.614224
-0.19689402
-1.7207937
-1.2220142
0.3544343
-0.64162624
-0.30419287
-0.23392516
-0.08940086
-0.29916778
0.3687045
-1.159945
0.64678276
1.0054812
-1.0581617
-1.1388533
0.007795307
-1.4323528
-0.70214605
-0.24414569
-0.439784
-1.2400625
-0.26724973
0.78478026
-1.5897534
0.6242563
-0.29382426
-1.405222
0.86914647
-1.9616386
-0.9943502
1.3254181
-0.14511627
0.07629126
-1.9939305
-1.4018991
-1.7187228
1.5128555
-0.710816
1.4548702
-0.481953
0.22047226
-1.2273244
1.172573
-0.81312764
-0.6614384
-0.38047653
1.1556412
-0.99023294
-1.3375813
-1.1732333
0.9753221
-0.74053836
-0.9359977
-1.5125982
-0.37324682
0.92865396
1.3848059
0.81878763
0.97699463
-0.389706
-2.0043
-0.11420114
1.1776258
-0.09423033
-0.8564071
-1.183148
-0.060946833
-0.20981954
-0.9168915
-0.8378348
1.0484824
-1.2322855
0.66494954
1.0467894
0.6359077
0.30472842
0.92946947
0.7630849
-1.4662559
0.52530015
-0.23860046
0.33068302
1.1523741
-0.22886944
-0.7066177
-1.2186465
1.2277776
-0.10072429
0.9130354
-0.90268916
0.12906519
-0.24897546
2.2246819
0.15278468
0.10417744
-0.29688126
1.0664428
1.153609
-1.4988744
-1.72173
-0.1593428
-1.53076
1.1391264
-0.3688778
-0.6840028
-1.7390491
0.2977252
-1.7845782
-0.58272356
-2.082492
1.0688267
-1.1973126
1.0190967
0.80962735
0.43313757
-0.9560364
-1.3037288
0.6077575
-1.7892913
0.8209531
-0.19906512
1.4972471
1.1487873
-1.3236316
-1.6589494
-1.3563572
-0.006012653
-1.6083652
1.6254761
0.66506195
-0.6667081
0.23247008
0.43618456
1.3536216
-1.374512
-1.284938
1.3888589
0.029028064
-0.03675673
-0.39554343
0.2866977
-0.7456586
1.8774958
-0.44014478
-0.06321863
0.20591132
-0.318906
-1.4531778
-0.24782525
-0.26280588
-0.47625315
-1.8310041
-1.8048129
-0.14254768
-1.9493119
-0.03190158
1.0200211
-1.564387
0.021444734
0.0580323
-0.22038864
0.98556864
-1.0451701
1.9984051
-1.872843
-0.725219
0.0050192564
-0.9233768
-1.1961329
-0.90089023
-0.43312898
-0.47658104
-0.8561937
-0.8986326
0.015004128
0.41076714
-1.7370281
-0.81782144
-0.22485638
1.4493927
-0.22231427
0.42209968
-0.15738879
-0.04933165
1.0093951
1.7531204
-1.1217132
0.28329182
0.112803094
-1.093334
-0.64513814
-0.78363276
-1.1447895
-1.6663628
-0.12711434
0.8116014
-1.4635235
-0.5928782
1.051445
-1.0444221
1.6152022
-0.9719964
-0.32543865
0.30328336
0.02352995
-0.53704953
0.1509183
-0.9247564
0.29391155
1.4279544
1.2522519
0.21400635
0.53128767
1.2020566
0.22735888
0.163081
-0.36466175
0.729942
-0.84245294
0.9391897
-0.08723711
-0.58236724
0.9382735
-1.0262558
0.1163177
-0.11993376
1.7944118
1.0229864
1.9482876
0.9812266
-1.3625855
-0.535651
1.2290254
-0.20543289
1.4685228
0.5536693
-1.6313078
0.026370004
-1.3479266
-1.5237769
-1.3683171
1.2231413
0.4591431
-0.32041723
-0.726054
1.5590138
-1.827019
1.2972792
-0.08256086
-0.6331284
-0.60410607
-1.006841
-0.25832248
0.6745623
0.44229355
1.4272293
1.7860584
-0.49487948
1.980006
1.9486823
0.270154
0.009247023
0.8039176
0.2715226
-1.1583915
1.5280471
0.113096386
1.2491705
0.7260708
-0.64200675
1.5182385
-0.71537626
-1.9747951
1.4724507
-0.58441
0.09501
-0.67603314
-1.3036431
0.07600393
-1.8717109
-1.0402607
-0.33372256
1.832653
-1.3329315
0.68818635
-1.1053691
1.3583498
0.112523235
-1.3872203
1.391921
0.5889672
0.6473718
0.81100184
-1.6125426
-0.64986324
-0.42177087
-0.08600755
-0.44337797
-0.9653043
0.76520175
-1.7031081
-1.6321793
0.045704216
-1.1104379
0.9345283
0.9968817
-1.9303285
0.18871532
-0.9583533
-0.16193548
0.39083445
0.78618795
1.2016263
0.15930551
-1.1559672
1.0155628
-1.2653848
-1.4770116
0.4798674
-1.253195
-0.77301705
0.6519824
-0.10874054
0.24100856
0.7975632
-1.0464377
-0.4895897
-0.51818144
-0.7561664
-0.24440674
-1.4100251
-1.4181309
-1.1537796
-1.2352519
-1.5775336
0.9626163
-0.21169834
1.0768893
0.41241717
-1.3474891
-1.3561014
0.013594529
-0.8478609
-0.47213513
2.0251575
0.48892295
-0.34468105
-0.032384768
-1.6200625
-1.5091324
-1.7484189
-0.06620871
-2.158473
-0.9205854
1.6673284
-0.8113381
0.045798086
0.18236376
-0.85984623
-0.6036881
-0.97808504
1.233079
-0.5957044
-1.9943575
-0.8286648
-0.74384224
-0.8875716
-1.695523
-0.25225514
-0.7376467
-0.101153076
0.68449265
1.0434881
-0.09553043
-0.5739349
-0.39160615
1.5444703
-1.1112082
1.442918
-1.3371278
0.5018185
0.30815163
1.3200302
-1.1639096
-1.1344799
0.1059017
-1.3743871
-1.6267576
-1.4788665
-0.90927684
-0.9834051
-1.4702878
-1.9044938
0.26759538
-0.50485146
-1.2993048
-1.372676
0.8943398
2.2302654
1.5724127
-0.7704898
-0.6858133
1.3622181
-1.5131383
1.3051054
1.0227275
0.24701376
-1.3286697
-1.9339993
-0.61769146
0.74091065
-0.5830688
1.3226672
-0.47941786
-0.0734525
-0.5274305
-0.32373938
0.6611598
0.14943464
-1.2637223
0.18683963
-1.6686596
-1.4342418
1.7022867
0.38122708
-0.08047209
0.29272267
0.98532426
-0.1370137
0.18229374
0.3183352
-0.9855044
-1.8636535
1.003924
0.4367243
1.0992386
-1.3471361
-1.3271
-0.5221369
0.9009042
-0.06925719
-0.6816461
0.37472403
-1.2104126
1.2744825
0.6087891
1.1530845
-0.8875814
-0.65059346
-0.92261267
-0.64106214
1.0029143
-0.5920806
0.6389789
-1.2691052
-1.7326267
-0.57803804
-0.26341134
-0.27343184
-0.122712605
-0.5703238
-0.84713286
0.20048009
-1.635535
-1.8054687
-0.062132668
-0.23248723
2.193521
-1.4802744
0.42764762
0.05750197
1.0429955
1.963717
0.4704555
-0.4232357
0.14270774
0.07923085
0.0051807533
1.1658708
0.72877336
1.4511
0.24532473
-0.24177851
1.3174846
0.45029783
0.12441288
-0.9650004
0.550356
1.1107426
0.6134471
-1.1477803
-0.2955985
1.1478227
-1.3748827
-0.9427099
-0.83182716
0.30295828
1.8618395
-1.1777581
-0.63783634
-0.37218356
0.031981636
0.25279596
-1.6538627
0.67962736
-0.04666625
1.6499639
-0.92176235
1.5020226
1.0533521
-0.82793146
-0.7121224
-1.1147497
-0.2062748
-1.5052837
-1.2062169
-1.5283854
0.09707246
-1.0658761
-1.4585916
-1.0341961
0.1580586
-1.0571077
-1.4406104
0.1323448
-1.5895
1.0791597
-1.0431309
1.481491
0.47671515
-0.53131294
1.1391051
-0.95745766
0.97302866
-1.2075104
-1.1215091
-0.16647078
-0.37634376
0.5468787
1.2504267
-0.48149028
-0.46577215
2.3595796
0.9518633
0.8394909
0.4485106
0.051403515
-0.28206006
-1.2837839
-0.5662507
-1.4183348
1.2593772
-0.21813291
-0.8541461
-1.8016208
-1.6019064
-0.2212581
-0.12702493
1.0663959
-0.256631
0.3043321
-0.5502375
-0.55117524
-0.3928967
1.9450468
-0.9420507
0.8036526
-0.17300747
0.7157695
-0.67044324
1.6526638
-0.46781987
-0.23159288
-0.4741587
-1.8625324
-0.90505517
1.2191526
0.7997334
-0.102770105
-0.61859876
-1.5544205
-1.5249614
-0.51395494
0.7586557
-1.9627001
0.7939237
1.7607149
-0.94500554
1.0716434
1.2349728
-0.36116955
-0.35011166
1.7850128
1.4796492
0.24650218
0.4114202
0.019352734
0.037334114
-1.1497796
-0.6695097
-0.25577787
1.9821575
1.073782
-2.0168757
-0.2121224
1.5016297
-1.4502858
-1.7328162
-0.32846886
-0.3057171
0.0846666
1.3201891
-1.2012274
0.26913643
0.35380268
1.0639962
1.1817689
1.6501346
0.08898215
2.3879213
-1.3859456
0.9392723
-1.8544215
2.0756526
0.88009083
1.2881854
-0.31006628
-0.40468198
1.0195351
-2.4095998
-1.445588
-0.067582995
-0.59344834
-0.7237855
0.80734324
1.026125
-0.56305426
-1.0219426
-0.8213426
-0.022191148
0.48465407
-1.7239077
1.33399
1.1400418
0.41997498
-1.6992513
-1.0124462
0.54308033
-0.33536214
0.5897291
-1.8641201
-1.2378423
-0.54453045
-0.83517516
-0.65770584
0.01626745
0.520802
-0.1419466
-1.6014135
-1.9938906
-1.7392015
0.7484513
-0.89275825
-0.06690695
-2.2961442
-1.2659314
-0.33271807
0.118196465
-0.34311372
2.3829427
-2.068062
-0.9708327
1.491213
0.3654905
1.3497812
-0.103406206
-0.86594844
0.12976855
0.022990564
0.7248554
-0.6020172
-0.5022439
-1.8553754
-1.6552212
1.0785013
0.09430393
0.849428
-1.0851147
0.31647468
0.97889525
-1.3212953
-1.4512674
-1.6829805
-1.6098464
0.7731729
-1.9972774
0.7203267
-0.56500447
0.81853294
2.5112529
0.09402659
-1.2864226
-0.28919673
-1.061738
1.9347538
-0.83109
-1.3244988
-1.3880782
-0.34294224
-0.58681864
-0.21801153
1.4754665
-0.47383773
-1.4184997
-0.6460673
0.6776784
-0.09460053
1.6915089
1.0022899
1.1052005
1.1263872
0.011823466
-1.3233719
1.6542845
-0.3843688
1.2873459
0.9917019
0.3663979
0.1184882
1.4973357
0.8292306
-1.4732709
0.028417366
-1.5246094
0.44569618
-0.5534065
-1.7692041
-0.81051296
-1.2033694
0.068307556
1.0665116
1.6307858
-0.72378117
1.8856883
-0.15965536
1.3052222
0.31052226
-1.4212964
-0.8055123
-0.57822764
1.9307929
-0.19930755
0.3326697
0.91798717
0.5611805
-1.2568145
0.25621977
0.6608917
0.34718743
-0.49679908
-0.70966405
0.4662029
-1.445575
0.0036626526
-0.3516237
-1.202554
-1.12822
1.0203846
0.1840316
-1.7545729
-1.0263755
-0.43811962
-0.72015226
-1.2692878
-0.25314942
-1.3684996
0.7401379
-1.2267978
-1.2752354
-0.6865679
-0.018703671
-0.25029138
0.45197302
-1.582946
0.43480158
-1.2946198
0.5726738
2.216826
0.9349167
-0.62172574
-1.6424544
-1.9731268
-0.8815649
-0.59319615
0.37550494
2.3577902
-0.72527665
-1.7381866
0.5308213
1.1032891
1.2948422
0.108551644
0.7408666
-0.08739517
0.0020757546
0.97003067
-0.63155377
-2.1762385
-1.1622677
-0.49974525
-0.9126455
1.643899
0.38541585
0.03308101
0.6045669
0.83745444
0.513278
1.6904197
-0.47909427
1.359087
1.2544981
-0.041159444
1.1330438
1.4784433
0.0626164
-0.90019727
-0.7341416
2.4983945
-0.1541837
0.23375005
1.6685499
1.7408111
0.9808878
0.76494354
1.0790344
-0.430622
0.30429214
0.70075476
-0.9656098
0.94946074
-0.30305943
0.3464397
-0.8554592
0.97603774
-1.4460272
-0.5040597
1.1355379
-1.2431835
-1.4237845
-0.5622909
-1.0998764
0.6800918
-1.17259
-1.469282
0.201506
1.1674483
-1.3879428
-0.15145737
-0.9101442
-1.2068632
-0.71192294
-1.8741481
1.0831814
1.6392604
-1.3572531
-0.42347345
1.5424225
0.38122502
-0.40928656
1.300014
-1.4907191
-0.45504612
-1.0599259
-1.1169971
0.6936584
0.5187671
0.8157885
-0.39487082
1.559193
-1.3438466
-0.14599349
2.0043125
1.030305
-0.70534325
-0.9067155
0.1525917
1.1141508
0.4122648
0.33876467
-1.4837748
0.24108618
1.2189283
-0.7038676
-0.98966914
-0.71158
-0.32895488
-0.9994935
0.08588361
1.8654214
0.5275394
0.93958455
-0.8152643
0.24945529
-1.2882401
-1.1386594
1.7668461
-1.2131115
0.3938216
-0.062050182
-0.21576734
0.63669866
-0.36202025
-0.510236
-0.5837216
1.5576842
0.2454668
-0.034647357
-1.456385
0.6115352
0.013318677
-0.42930332
0.17546616
-0.82855564
-1.48153
0.540432
0.40758982
-1.3949887
-0.59069574
-0.25367367
-0.7169714
0.57500374
-1.5121559
-0.8197757
0.020326018
0.07151232
0.50540745
-0.35392296
1.4351356
-0.8931464
0.38743967
0.9107921
-0.013230071
-1.281157
-1.577045
-0.10448868
0.5815572
-1.1107292
0.064459115
0.15269247
-1.2798882
-2.034523
0.76661503
-1.2264867
1.6464237
-1.3451202
-2.0891283
-0.621542
-0.74071336
0.14728433
-1.533656
-0.2711701
1.2732129
1.2980107
-1.1268528
-0.4122779
-0.3115765
-0.013053531
-0.5926546
1.4115952
-0.98072326
1.3900559
-0.15813574
-0.0383713
-0.5367647
0.031483766
-1.852448
-0.3373608
0.22240253
0.5372454
-0.24211568
-2.1782076
1.1401376
0.10537353
0.6488707
-1.1842142
1.268656
-1.7098908
1.8927891
0.33539304
-0.91080475
0.21173345
-1.1081043
0.5276864
0.11897945
1.0385091
-0.19491641
-1.0640081
-0.45886782
-0.192466
1.2165589
-1.5617485
-0.7019288
-1.4683585
-1.5725776
0.31941098
1.3618739
0.77967465
0.99764097
0.73367083
0.049384978
0.9658773
1.0927263
1.4587847
0.34788948
-0.118035
0.181381
-0.34689212
-1.1051574
0.071948595
-1.4718535
0.06261274
-1.6087128
1.0890073
-0.766965
-1.8732285
0.20152749
-1.2993915
1.4135208
-0.45281017
-0.48923227
0.039339885
-0.81936735
-0.08170689
0.61385655
-1.7017388
-1.8318245
-0.8511766
-0.16521297
-0.978268
-1.7940207
0.629015
-0.8772944
2.1617036
-0.469518
0.68002194
-0.8901057
-1.2169652
-1.1438062
1.2069204
-1.654875
-1.206047
0.47884429
0.26356262
-0.7956729
-1.7388506
-1.9676404
0.48026526
-0.48008087
-0.08684784
0.71706563
-0.7855228
-0.20122248
-1.1297692
-0.78995806
-0.16479743
-0.4281449
0.14645508
0.55445814
-1.008325
0.07071764
-1.3551619
-1.2504591
0.16194236
0.41715398
2.0784075
0.422825
-0.21380275
-0.019013384
0.9190229
2.0202901
0.3802668
0.30487165
-0.3184672
-0.07900531
0.36822304
0.968452
-0.6077573
-1.6638745
-1.4329036
-1.8627169
-0.9213133
-0.31943288
0.8478012
-0.5358693
-0.2893083
-1.9536811
0.82560873
-0.52951527
-0.41635728
1.5918921
-1.6980994
0.6382345
1.5231047
-0.1933939
0.38816535
-0.66013414
-1.0311995
-1.4979455
-1.1681179
-0.16454713
-0.5744306
-0.5502991
-0.13872524
1.5636505
0.9080593
-1.0386924
-1.2198318
-0.05139489
-0.93786716
-0.24271165
0.35516724
-0.7652153
-0.45763627
1.116513
-0.6343434
-0.4549349
0.6212086
-0.54051363
-1.9400305
-0.6891383
-0.46618837
-0.12409925
-0.7153247
-0.7474285
-0.99138045
-0.4612788
0.9500941
-0.3868024
-0.8856035
-1.9658676
-1.5757451
-0.15356646
-0.1043621
-1.6528658
0.76645815
1.2648867
0.40314054
-0.74727166
0.8261989
0.46998757
-1.9633665
0.6077894
-0.04230696
-0.70376647
-0.91177195
-1.3763231
-0.2594402
1.9558684
0.5207548
-0.7546418
-0.46075863
1.4707762
-0.6087241
0.23021866
2.1673787
-0.9962743
1.4539996
-1.6133513
-0.048932787
1.256546
-0.7385564
0.6442975
1.2249055
1.4884405
0.011794302
0.62292993
0.94711775
-0.42131075
-0.42514274
-1.003966
1.2212951
-1.4658825
0.8006304
-1.1783025
-2.1576788
1.2450407
-0.96394205
-0.35390282
-0.33769277
0.13719295
0.28292608
-1.8307809
0.45486316
0.36469346
-0.4134076
1.1429603
-0.1298268
-0.9584875
-0.835169
-0.8387916
-0.16453496
-0.2504555
1.1987971
0.5599795
-1.8212333
-0.7342618
0.9334728
1.0681841
0.00012394786
1.38772
-0.5364491
-0.82270664
-0.5263505
-1.4171304
0.6517426
-1.0936482
-1.6009873
0.018122934
0.4234723
-1.2490013
-0.4660666
-0.5953722
-1.0916632
1.3408673
-0.6216577
-0.9507834
-0.8957392
0.45677048
0.72166383
1.5853839
-0.6575898
1.4925741
-1.6271143
-0.7098811
-0.5281549
-0.4905216
1.6198884
-0.81385183
-0.49633685
-1.019844
1.790634
-0.38652816
0.080681294
2.2410913
-1.3393116
-1.3128709
0.8439654
-0.27754557
1.5260404
0.15528895
0.39215487
0.0139808105
0.4320498
2.2850332
-0.6801123
1.0429856
1.237657
-0.19592439
0.005587523
-1.7561085
1.138386
1.4638765
-1.329471
0.36885533
0.7948517
0.21044092
0.90368426
0.5179862
-1.6747146
-1.5317769
0.26384634
-0.099203
-1.0019165
0.14630312
0.23423305
-1.1178775
-1.0488572
0.04684319
-1.5017502
0.9317447
1.6746716
0.24742624
0.07028531
-1.0954256
0.44685274
-0.64747864
-1.4000413
1.8845595
-1.3960357
-0.15279804
-1.2323681
1.6486214
-1.7953541
0.3960734
0.10130263
-1.1114585
-1.6958563
-0.99258685
1.5509617
-0.54003865
-0.5427414
1.0995654
-0.73750025
-0.6274426
-1.2577049
-0.98881257
-1.492912
0.83273077
-0.12831274
-1.1860904
1.1141341
0.39534062
-0.7242414
1.8006586
0.06109754
-0.28496745
0.1364921
-1.9426031
-1.5780106
-1.1929619
-0.3054758
1.3049136
0.38646623
-1.2935251
0.53112435
0.2514761
0.35775164
0.6030566
-0.7676481
1.0698222
1.3328658
0.5169022
0.13785341
-0.623439
-0.45216966
-0.7437832
-0.8241547
-0.951558
-1.5982938
2.1520288
0.421676
-0.28071022
-0.74384785
0.29346132
0.48886535
-0.27243719
1.4946592
0.9593239
-1.468306
0.2271108
-0.95925903
1.4939718
0.05630499
-0.6784469
1.653892
-0.89043224
1.1147006
0.6369367
0.43413383
-1.2329229
0.5101361
0.6381632
-1.2977242
-2.0872624
1.6967385
-0.21569017
-0.1054692
0.854578
0.7072897
-0.4044565
1.4035413
0.53360075
0.4684114
-2.293594
-0.80219275
0.05828885
0.3907259
-0.74092
1.2343915
-0.86997354
1.2862731
-0.09299506
0.96841264
0.9648807
-0.37096688
1.2083948
-0.32564086
1.0412887
-0.55355465
0.7716496
0.2905125
1.1403761
-0.6183468
-1.1587018
-1.0564274
-1.6288524
-0.7824121
-0.18780442
-1.647576
-1.4250833
1.1766148
-0.526497
-0.05394615
-0.84513986
-0.98508406
-1.4754819
1.5691265
0.41172835
-1.6067657
1.1233628
-1.1097375
-0.42670515
1.1894926
-0.79133403
-1.3163278
-0.9806711
0.38403687
1.0605296
-1.1230414
0.1860966
-1.5683944
-1.1351521
2.0238907
2.116883
-0.6203868
-0.8062196
1.7294638
-1.0335318
1.4346734
0.8998749
-0.17293836
-1.4034389
0.37274984
-0.88309
-1.6228479
-0.5665436
-0.32559413
-0.31716043
-0.5730803
0.028873939
0.7494578
-1.7021604
-0.28398174
1.594672
0.580829
-0.2790115
-0.7750729
-0.6692625
0.09474243
0.48150408
0.02688531
1.525192
-1.5767351
-1.7270539
-0.9428067
-0.60391504
-0.6788237
-1.2577295
0.7074232
-0.6517164
-0.3813087
-0.8971806
-0.051739402
0.9739926
1.2272025
0.9951743
-0.26116186
1.4767789
1.1662076
-0.19118609
-1.5850062
-1.0265801
0.114180386
0.024792025
-0.6668075
1.2268937
-0.7212865
0.6555982
-1.7331989
-0.31999823
-0.23295495
-0.66415185
1.8712392
1.3028877
-0.50679296
0.028792456
-1.0310105
0.09326082
-1.3159165
0.8007268
1.7326586
-0.8912599
0.9127723
-1.193308
-1.926295
0.7492876
2.1112835
1.2672288
-1.6678379
-1.5482273
0.040154215
0.8921877
0.896047
1.9546306
1.5733671
0.8104239
-0.90676713
-0.5737304
-0.17994499
0.74061894
0.0022520402
-1.4506718
0.96292055
-0.760237
0.35427362
0.6544147
1.2895064
-0.042782933
-0.004712683
-0.88833743
-0.571632
-1.8367
0.76991844
-1.5505558
0.5666884
0.32948062
-0.6558436
-0.8916356
-1.6499693
0.57388586
-1.013282
-1.2953923
-2.059151
-0.3391293
-0.13864297
-1.3025314
-1.526015
-1.1352332
1.1854278
-0.69076943
0.8312573
-0.045277257
-0.19136429
-0.3726868
0.3017445
-0.112520665
-0.94085026
-1.7075241
0.32666534
-0.8153849
0.26131725
1.4646319
-1.9677658
1.2137184
-1.4620053
-0.9014902
0.42434755
-0.7036707
-0.5392244
1.3411454
1.5728093
-0.8521322
0.069695994
1.1073474
-0.15647775
-0.36561638
0.40765208
-0.21943967
-0.4283805
0.80094784
-0.5783402
-1.4558487
-0.49054906
-0.66178286
-0.04902577
-1.8824967
-1.3760308
-1.6484444
-1.3012367
0.31124148
0.6308551
-0.5983716
0.19047482
0.06357906
-1.4064118
0.2368307
-1.3433111
1.1510501
-1.63523
-0.26320842
2.3296983
-2.2916155
0.0042387825
-0.61020124
1.9524292
-1.3536465
-0.3011976
-1.2732193
-0.4226331
0.4162109
-0.055475343
-0.81777316
-1.592158
-1.6093092
-1.2405522
0.36805528
-0.5090397
-0.51233244
-0.8939229
0.25706494
-1.3483001
1.1027534
-0.35442963
0.5303304
-1.7907858
0.84724414
0.9092168
0.6762009
0.83374953
0.34506717
-0.5289966
-1.1581752
0.25889546
-0.72385585
-1.0592127
-1.3768636
-1.4540071
-0.253886
0.45979956
0.091079555
-1.4898524
-0.6426031
-1.2089338
-0.47098982
-0.45756215
0.1311841
0.14086515
-0.6780043
0.51926047
0.7381683
0.90097284
-0.4681611
1.370431
-0.20282762
1.8860292
1.4449981
-1.2801095
-0.17342928
-0.15892135
1.1392462
-0.09983428
-0.27678478
-0.9658134
1.674377
-0.30713135
2.3547661
-1.0430094
-0.1309794
0.9197151
-2.111602
-1.4501538
-1.3034266
0.18099332
-0.6862123
-0.6003493
-1.1653175
-0.41298306
-1.2052048
-1.3295858
-0.92923665
-0.14313744
1.3973029
-0.2928912
1.3408704
-0.42810968
-0.22463706
1.6709747
-1.2095363
1.0650563
-1.0905998
-0.61579627
-1.6012741
-1.3955655
-0.24370925
0.7712865
0.39678988
0.32906076
0.95299965
-0.32531944
-0.3376624
-1.4505378
0.91535974
1.6386147
1.2911422
1.5848223
-1.0940161
-0.11078816
0.5559216
-0.8765534
-1.0173513
-1.9078947
1.5398853
2.120544
-1.9627594
0.7180872
-0.5617358
0.57572246
2.1328645
0.60367537
-0.80011314
-0.44743133
-0.9800351
-1.756642
1.3952266
-1.5185213
-1.2101222
-1.1187283
-1.173951
-1.7514167
-1.966948
-0.48592272
-0.6448369
1.3574069
-1.3943642
-0.8952817
1.8386602
0.10289918
0.25044674
-0.33149695
0.6142752
-0.1466387
-2.162358
0.22497402
-0.39329728
-1.2915183
-0.037233032
0.49767062
1.7762644
-0.30425617
0.57785904
-0.33762357
1.520275
2.2088113
-0.5914117
0.31589505
0.79312724
0.98029315
2.104549
-0.99432045
-0.6821171
0.36000133
0.83394533
-0.5331252
-0.6044451
0.41825444
-0.13197196
0.8888821
0.5659394
1.2439816
-0.90226203
1.1308917
0.09077129
-0.148002
-0.13814907
-1.0104784
-1.0255027
-0.08209399
-0.76599306
0.39613643
-0.5917889
-0.6333216
-1.0199846
-1.5213175
-1.4849781
0.33749926
1.2373687
-0.06633533
-1.320371
-0.98666686
-0.64228696
0.4187652
1.3061587
-0.90031534
-1.1357508
1.849767
0.4217886
-0.60912824
-1.0391182
0.002670911
-0.24644183
0.32310054
-0.82618386
-0.14721866
-1.269884
0.8415543
-1.4092333
-0.6506459
-0.35363972
1.2381803
-1.1573615
-0.11880184
-0.53790617
-0.46472463
1.4467105
0.24777494
1.6382675
-0.20605338
0.14363089
0.58759606
1.1742158
-0.7487232
-0.7890522
0.20015968
-1.6895809
0.9194728
0.73039937
-0.6820848
-1.6754248
0.1846156
-0.58857787
-1.7494559
-1.9560984
-1.4405578
-0.20352864
-1.0567095
-0.6102865
0.012634686
-0.0006418228
0.5933617
-1.039417
0.69141215
0.7716818
-1.4187958
1.3851361
1.0895388
-1.3090196
-0.7779453
0.7486987
1.4702543
-0.26524377
1.3813508
0.89174956
-2.102281
1.5951382
1.3685331
0.13316756
0.11719208
1.2886261
-0.960654
-1.0168202
-1.3883631
0.3215671
0.7230785
-0.030303802
-1.6269854
-1.6811833
-0.44141307
0.09449119
0.55634975
-0.7031558
-1.2625808
0.2205275
-1.5578384
1.8698299
1.5300717
0.84996504
-2.1324635
0.57023245
1.0944916
0.4649788
0.05439931
1.6474677
-1.4631609
0.76845646
-0.93934417
-0.33950642
-1.0478982
-1.005054
0.11862835
-0.95267993
-0.2895276
0.28893438
1.1542504
-1.5892003
0.35744396
-1.334048
1.4820923
-0.39305508
2.4491339
1.4930513
1.1996033
-0.9957017
-0.60749
1.0469906
0.7684802
-1.3232754
-0.19032577
0.9685135
-0.2796266
-1.2735151
-0.89152205
-1.7386327
-0.36162058
0.2815197
-1.8678802
-0.90505207
1.0108156
-0.37418815
-0.055108204
-1.3445358
-0.41795713
1.0881476
0.4520784
-1.3626649
-0.89814985
-0.49675435
0.75628924
-0.47933996
-1.0598011
-0.42475718
-0.48511738
0.7971992
-0.5974716
1.1918333
-1.3395844
-1.5824574
-0.20859969
1.267025
0.96213645
0.014031919
-1.5109057
0.783734
-1.5954183
-0.14774919
-0.7728577
-0.69904214
-0.27733842
1.2110012
0.4901706
-0.61644167
-0.9626376
0.9347081
-0.26318344
1.738265
-1.5148666
1.4644785
-0.36805093
-0.82106006
-0.92079353
-0.3150004
-0.49761528
1.2517183
-0.54722726
-1.0159132
-0.5998911
0.052440688
-0.8074632
0.2812859
-1.273627
-0.276416
-0.2519998
-0.2042816
0.41393426
0.02465995
-1.0532631
0.8830159
0.33772618
-1.44719
-0.19646506
-1.4777312
0.044802487
-1.5928177
-1.0944006
-0.4427392
1.2820362
-1.4760134
1.2161851
0.08773419
1.6483884
0.55781126
0.6732057
0.15136687
0.25995737
-0.5591313
-1.4181117
1.8393246
-2.1194384
1.3945719
-0.60697913
1.501095
1.8024175
0.3940792
-1.4404514
-0.4330892
-0.8222412
0.63328063
1.4559605
-1.4419948
-1.3485414
1.5409449
1.1018195
-0.7384364
-1.1230209
0.46755087
1.1482723
-0.03199127
-0.20872292
1.3480449
0.5610169
-0.88244724
0.32313377
-0.97080046
1.4926484
-0.9835825
-2.023651
0.47919834
-0.98641896
-0.5703839
-0.91825414
1.7197357
0.6095654
-1.3670152
-0.26392874
1.3097335
-1.8991476
-0.34292513
1.249499
-0.4304359
0.80457973
-0.4833747
0.28227714
-0.9792172
0.86295295
0.724252
-1.5778987
1.3066854
1.2271669
-0.9931596
0.5287898
1.5481943
0.7020466
0.48406202
0.9455533
0.80377877
-0.24432665
-0.8392182
0.77218306
-0.35994413
-1.5551114
1.2521276
-1.3777535
0.65911454
-1.9766879
0.4095849
1.0689104
-0.3524256
-0.37813535
1.3087045
-1.7249928
-1.2238048
-0.30735224
-0.76022416
0.5068874
-0.17674977
-1.8677561
-1.6702428
-0.38866448
-0.33650446
-1.2580224
0.60140073
-1.486078
0.61741567
-0.95629895
1.1425774
-1.1082047
-0.99258626
0.05605575
-0.8352282
-0.15605588
-0.46971112
1.4389641
-0.42600262
-0.3605966
0.70714664
-1.26973
-1.0066373
-0.91176593
-0.88965714
0.79029155
-1.1818504
1.0738655
-0.6189109
-1.988562
-1.7292185
-0.99882877
-0.99163175
-1.0693611
-1.8704693
0.7442621
-0.5941134
-0.78235966
-0.5265963
1.3177971
-0.60415393
-1.5813601
-0.70117456
-1.4548637
1.754015
-1.1652745
1.0181295
-0.6660159
0.5742972
1.9489903
1.7460306
1.5670022
0.5665027
-1.2630635
-0.16746026
-1.5641319
1.8865381
0.6864299
-1.0257125
-1.6420019
0.591106
0.84907424
0.67948526
-0.55315834
-0.61114925
0.87261426
-0.3627742
-1.5652571
-0.84832495
-0.6998012
-1.7335198
-1.0548117
0.40141913
-1.4218554
0.13873595
-1.2156397
1.676043
-1.2833942
-0.7749108
0.3693336
-1.5911877
0.20524006
-0.6865819
0.48983532
0.36012203
-1.2215583
-0.93202543
0.37646258
-0.75574976
1.9925326
-0.41631064
-0.65437716
-1.3025963
0.50156707
2.1493533
1.477158
1.010583
0.6026685
0.08962321
-0.0025923073
0.8506609
1.86618
-1.0108066
-2.0658598
-1.407364
1.3483973
-1.6421509
0.524907
0.32621515
0.53933334
0.94453466
0.84857637
1.1263707
-1.2816943
-1.2973598
-1.100507
0.72947973
-0.04170176
1.3469731
-0.18940824
-1.5952499
-0.4992261
-0.21794905
0.6456826
-0.91406405
1.0654476
-1.5332766
1.518856
-0.35834518
-0.26145858
0.3679248
-0.6986329
-1.0051217
-1.2077694
1.5485814
-1.1490151
-0.32355887
-0.48815864
0.41859585
-0.90524226
-1.8545064
-1.6264862
1.0343553
-0.50776404
1.2742566
0.60683763
0.6283134
-1.09221
-1.6277575
-0.7961692
0.33396563
-0.2849296
-0.98500407
-0.2645914
-0.4643101
1.0377039
0.8727244
0.062197853
0.5397011
-1.1698059
0.016236173
-1.7508122
0.6614071
1.5486882
0.12776434
-1.2097199
0.16808948
-1.7930452
-0.5883519
1.3442101
1.1216434
2.0287707
-1.0551597
-1.5324893
-1.0172076
1.2843009
0.13708377
-0.2654163
-1.3389758
0.70960104
-1.5357175
-1.661364
0.16433312
0.35599288
0.69944304
1.9592394
1.1662031
0.76685536
1.1401243
-1.1535549
-0.53772604
1.2521523
-1.7642313
-0.2402473
0.15550494
0.47420153
0.5082911
-1.3526784
-0.7473417
-1.0918168
1.200309
0.33655626
-0.5091872
-0.3881104
-1.5736837
-1.2640934
0.6022651
-1.3613749
-0.15305653
-1.7244407
-1.3322846
-0.80446535
-1.4820209
-1.9029084
-0.083533175
-0.96068394
-0.43370008
1.6676525
0.5211854
0.6530266
0.17351785
1.766766
-0.7913978
-0.48081586
1.3492327
0.97382873
-1.1805136
-1.853508
-1.711423
-1.2884437
-1.4528126
-2.1837664
0.85142016
0.28746152
1.3124497
-1.8285351
1.6803509
-0.32013595
0.12534995
1.4645038
0.538491
1.0434443
-1.2735513
1.5250812
0.23035076
1.0471557
0.9212478
-1.0804051
0.87887
-0.80554557
-1.3550229
1.023763
1.5213075
0.29022852
0.37095708
1.0389609
-0.9297808
0.5496359
-0.3481527
-1.3528343
1.7483175
-1.5448908
-1.0919905
-0.24306633
1.1979432
-1.1751337
-0.102941714
0.17575902
2.2478895
0.10020854
-1.7816027
1.8976965
0.7072154
-1.8633573
-1.5912455
0.52206504
-1.6531638
-0.67802936
-2.1138732
-1.9305453
0.9993855
-0.55500007
0.56299776
-0.7827803
-0.95297897
0.9333658
-0.07548942
-1.3702058
0.027741019
0.085817575
-0.6337502
-0.7028476
0.611254
-1.5666062
-0.5178247
-1.0802106
0.3093537
0.042935453
-1.4612719
-1.0768744
-0.67498595
-1.0662799
-0.35996625
-0.7475089
-0.2905965
-0.79628766
-1.9280268
0.30287558
1.2762321
-0.18362704
0.9029336
-0.7957714
-0.0124170575
-1.2821096
-0.61656153
1.2344694
1.4960405
-1.7833586
-1.0165104
-0.023585472
1.3037002
-0.43455997
-0.07041943
-1.547851
0.6454337
-0.72612005
-1.3421756
-1.5659045
1.4966488
1.8599904
-1.3583571
0.539828
-1.7937746
-0.38769996
0.24995264
-0.62411296
-0.15235694
-0.6161505
0.9261362
0.05528664
-0.94510907
-0.34487864
-0.44272313
1.684433
1.56346
-0.9722446
-0.6140203
-1.2195836
-0.88590115
-0.39129132
-0.12834454
-0.5488213
-1.1235547
-1.4580176
-0.28156048
-0.50615656
-1.429576
-0.084650084
-1.4468588
1.0192598
-0.6261489
0.24934083
-0.11549907
0.14194362
0.7292488
-0.13486524
-1.1403885
-1.3092898
-0.5025593
-0.8409569
-1.4633521
1.5039213
-1.0919139
1.3553295
0.09480949
0.11773099
-0.34751996
1.5382403
-1.4610631
0.98676205
-0.6434158
-0.8973998
1.1290767
-1.1419473
0.3461486
-1.2042727
-0.6144279
2.2452424
1.0537682
0.30518723
2.2299604
-0.5536947
-1.0524327
-0.46277112
0.8045744
-1.3571639
-0.3352954
-1.5692017
-0.50599563
-0.04414942
1.3992689
-0.82068765
-1.6592487
-1.1638312
0.64353716
-1.2585148
1.2783172
0.0017029337
1.0335672
-0.46457964
0.6023455
-0.9471389
-1.0343411
1.7751093
-0.19582734
1.3413689
-0.20002308
-0.93175644
-0.27722624
-0.3511709
-1.5872073
0.9764538
1.1052315
-0.43698016
0.5623659
0.35890216
-0.10386067
1.4082813
0.10316048
1.177578
0.35991228
-1.1683892
-1.4840584
-0.42572528
-1.1217338
0.6503146
1.4451963
-1.6842486
0.50394666
-0.96214414
-1.0938927
-0.7749044
1.1087466
1.4653151
-0.99456656
-0.5227656
-1.3034495
-1.2827733
0.34358126
0.16901575
0.38224494
-0.8478073
-1.1207191
1.6075802
0.6862141
1.4092711
1.2346312
0.19509737
-1.2179148
-0.3272452
2.198081
0.7330907
0.23752646
0.6652422
-1.3492868
-0.26873508
-0.94824123
-0.31913987
0.38026857
-0.5803345
-0.44925097
-1.4389623
-0.53176385
-0.059243664
0.8013975
1.6254588
1.4577483
-1.1415942
0.5755048
-0.71707517
0.39697486
1.3543537
1.0222116
-0.86274564
-0.6361953
-1.1640246
-1.9135816
-2.0334835
-1.342475
1.0506496
-0.08065336
-1.3792058
-0.48176855
0.8231857
-0.92533916
1.0238814
1.3523077
1.2332139
-1.5355673
-1.1141505
-1.52673
-0.47705746
0.2938847
1.0026591
0.9512753
0.7384359
-0.52917576
0.10738221
0.90138596
0.42495418
-0.88644737
-1.2564108
-2.0215676
1.4883208
1.4506557
-0.886773
-0.48724836
-0.3034828
0.82277036
-0.3819131
-1.5347832
1.659816
-1.8081055
-1.0446211
1.45985
0.12043822
-0.45627832
0.56943727
-0.1165448
-0.15050559
-0.13192753
2.0136123
-0.663479
-1.0711513
1.0251757
-0.4064493
-1.6040908
-1.5497179
-0.5985268
-0.112958744
-1.7584562
0.17230418
1.9594537
1.9427068
-2.454851
-0.7260924
-0.060994945
-1.4841554
-1.1428986
0.55040675
-1.2539029
-1.2301874
0.8909764
0.33930337
1.4970727
0.02690527
1.6968827
-0.24132472
-0.80883306
0.58433485
-0.94478333
-1.6550891
0.2106543
-0.5348457
-0.40359887
-0.17856912
0.6664059
-0.40054825
1.3632592
0.69452846
-0.18726043
-0.7657248
-1.301852
-0.8069434
-1.1017879
-1.4703476
-0.6303739
-0.026933186
-0.65842736
1.9636221
0.71948516
0.84572864
-0.03166924
-0.5224693
-0.45982748
-0.6867837
1.5136248
0.44408292
-0.3043213
0.9985307
-0.4213558
1.1041665
1.4072838
0.56863165
0.266731
-1.4597813
0.7084925
-1.7326472
1.6225251
0.099375725
-1.9316856
0.05810153
0.63392895
1.3413239
0.49110788
-0.21067649
-1.775051
0.45052564
0.5259162
-0.16901392
0.016174385
-0.041306537
-0.011383809
1.4733504
1.2126421
0.6874703
-0.794314
-1.3404938
-1.465468
-0.25798446
0.32878363
-1.3082266
-1.6887579
0.6981761
-0.8286941
-0.35235986
-1.5206325
1.1976105
-0.71498984
1.5531843
2.1322477
0.3298561
-1.0711002
-0.053840194
-0.5911003
-1.6325784
0.9559168
-0.82479787
-0.35001877
-1.274218
0.18190077
0.5706403
0.14291532
-0.7876228
-1.5810901
0.9216509
0.19752184
-1.469615
-0.59335303
0.7188708
0.010627041
-1.8354155
0.9195283
1.1310672
-0.6826238
-2.2809741
0.27052018
-0.011195497
-0.18398833
-2.2511299
0.52539265
1.1893913
-0.4958685
1.6699979
1.4756064
0.7820918
-1.3058336
-0.78287625
-0.4443121
0.21884641
-1.0970447
0.30577365
-0.5994031
-0.5593656
-0.42342016
-0.4821331
1.2695819
-1.2236898
-1.5167683
-0.6341589
1.3509526
1.137481
-0.6268522
-0.8191064
0.931872
0.825612
1.1615226
-0.8278014
-0.13412264
-0.6215695
-0.3243601
-0.30405018
-0.2814519
0.7980089
-0.08759451
-2.019259
0.29332295
-0.1109853
2.0336723
0.30247578
-0.96696067
-0.22136198
0.122585975
-0.74239194
1.6634417
0.41154057
0.8833364
-0.2895475
1.5565195
-1.3973571
1.8264434
-0.75893784
-0.6168203
-1.1796074
-1.6834441
0.86686045
-0.31821135
0.6477574
-1.589385
-0.5920288
-0.91504914
-0.0019063659
-0.17282297
-1.0912714
2.0808482
-0.5882426
-1.4872437
1.1947509
0.53536296
1.7769531
1.4543068
-1.3500637
1.0617588
1.7092906
1.7021117
-0.31669888
-0.42443672
1.6954086
1.1989131
-2.1077056
0.9172574
1.9551635
1.3745518
0.3283419
-1.302471
-0.29342768
-1.1343696
2.1478865
-1.0307916
-0.14905158
1.1923524
1.0140482
-1.6518316
1.1327922
-2.0129642
0.85769296
-2.0481858
1.0570087
2.0199423
0.36130813
0.060830966
0.8427973
-0.68357086
0.51283765
0.6912971
-0.76222444
-1.600893
0.7341277
-1.399731
-1.5488441
-0.69725984
-1.0564635
0.5922256
-1.269946
-1.8668418
-0.51470196
0.8986869
-1.0232996
-0.45277733
0.0050248033
-0.40538028
-1.0218457
-0.69097877
-0.5054138
0.8701699
0.8059737
-0.3897279
-1.2472516
-1.2533977
-0.50657696
-0.0074917967
-1.001503
1.4387735
-0.7121845
-0.8023289
-1.4363834
1.384614
-0.09994114
0.10974051
1.5027122
-0.7244354
1.0815816
-2.4045498
0.07605887
-2.1127017
-0.18127911
-0.55725825
0.15756643
1.4611549
0.34335697
-0.01623353
0.6466724
1.2087173
1.481824
-0.5825342
-1.2215854
-1.9016604
0.846081
0.6838962
0.42504272
-0.794505
0.35577273
1.1444299
0.3260481
-0.31263208
-0.25458956
0.27734235
0.4702747
0.93747634
-0.6675502
1.2648444
1.0061814
0.8344192
-0.46830916
-0.51463956
-0.09248126
-0.8224043
-0.68193907
-0.6996803
-0.16987534
1.8316205
-1.89447
0.12088746
-0.86587137
-1.7482973
0.15338917
2.3721964
-1.5011995
-0.74133414
-0.66282326
-0.9521004
0.985078
-0.3633838
1.0445291
0.76336867
0.40208367
-0.46331552
1.4779227
-0.38645664
0.14285208
-1.217393
-0.7591958
-0.09888982
-0.52569044
-0.45892
-0.040654402
0.4436827
-0.60620004
-1.502266
1.2735963
1.369653
-0.3105816
0.12863666
-1.9862413
1.5791652
-1.3934196
-0.28321823
-0.47217554
-0.044420294
-0.2535799
-0.30974346
-2.0772383
1.4785831
0.051879734
-0.136805
-0.5844634
-0.79796124
0.5898161
-1.2358801
-1.2439697
2.1094725
0.9493506
0.5462506
-0.5677831
-0.748684
-1.629405
-0.9168887
-0.71998286
-1.3064218
0.10872377
0.50947905
0.9147674
-1.3449162
0.75243014
-0.6231422
-1.0986567
-1.0408839
-1.7074982
-1.1169639
0.66379863
-0.56896156
-1.5364306
0.52200055
0.9250529
-0.5458288
-0.124247715
2.0084133
-0.07453209
2.2360365
0.68953925
1.5368607
0.9989093
0.11473279
-0.637686
-0.3655146
0.61977476
-0.12496123
0.57202554
1.1575912
-0.8964493
0.0139774
1.061836
-0.26939923
0.3950206
-0.51696676
-0.58405006
1.1823024
-0.40524292
-1.5197852
-1.2473874
1.672205
0.37793553
0.2769964
-1.7184178
-0.7731756
1.3506429
1.2956496
-0.14420745
-0.31496045
1.3571581
0.13961524
1.2660172
-1.3761222
0.5295744
-1.580416
1.3177891
1.3000007
-1.1860985
0.8131019
-1.374971
-0.15723084
-0.5114324
1.3703524
1.7875935
-0.37124917
2.3877473
0.4254143
0.7807367
1.8773608
-1.908079
-1.8801972
-1.8739092
-1.3426304
-0.07251706
-1.0855231
-1.3649651
0.49997783
-1.1222023
-1.4978585
0.37973666
-1.5067852
-0.80158985
-1.6448724
1.0541723
-1.3723584
-0.9745126
-0.22685012
-1.7175064
-0.26234323
1.74892
1.0895712
-1.3423638
-0.9629488
-0.032028295
1.1756124
-0.31990853
0.45644054
0.08080696
0.15094513
-0.8489599
-0.68860275
-0.29720283
-1.449387
0.77974355
0.2526906
-0.3681769
-0.51506364
1.7849591
-0.60829663
-0.057182632
-1.144458
-0.8515875
-0.3795469
0.38799596
0.5713269
-0.43567026
-0.85715455
-1.0375592
-1.5707424
-2.0415814
-1.1368129
-0.89679605
0.80302197
-1.0598055
-1.1337112
1.3336655
-1.4110758
-0.37627843
-1.3643595
1.6126404
-1.0486257
0.58722794
-0.8697066
-0.40502465
0.52882594
0.015137094
-0.88065284
-2.145317
1.8857754
1.2470152
-0.9768667
2.0483394
0.4071677
-1.8415009
-0.93282884
-0.4074885
-1.6363633
-1.7962682
0.6704566
1.2705725
1.6224685
1.3584394
0.45759207
-0.54847455
-1.5851929
-0.18121248
1.164542
-1.3791133
-0.26356947
0.78752965
1.451614
-0.9820823
0.14793421
1.6231518
-0.21277685
0.11211669
1.8831291
0.9809203
0.205811
-0.11017725
-0.23013881
-1.1200553
1.4957073
0.10848364
-0.26288393
1.1514596
0.1560291
-1.8323996
-1.3074551
2.0725856
-0.10845594
-1.7229855
0.24746704
0.9097178
1.4788626
-0.96132374
0.67307675
-0.5383059
0.6440461
-1.355037
-0.7352659
-1.2867594
0.9330636
0.19405204
1.6605073
0.64651865
-0.21813618
0.26844868
-1.4473006
1.101939
-0.2856492
-0.6962346
-1.4547144
9.2510134e-05
1.1452246
-0.9477048
0.22803052
-1.4311976
-1.3490407
-0.13863452
-0.41760394
0.57489777
-1.1550676
2.1551113
-0.9729402
-0.20667976
-1.4029771
-1.8713647
-1.7375858
0.2410039
-1.8357557
1.8211069
-0.6480886
-1.2286931
0.8339387
1.2531389
0.5044091
1.5232852
-1.6475713
1.3325579
-1.0888646
-1.4171989
-1.3561198
-1.2708532
0.00503167
-0.39940637
-2.3134549
-1.6982555
0.9909904
-0.63233066
0.26311606
-0.099545084
1.1703658
-1.3941112
1.0378981
0.87603664
-0.976588
-1.1895931
0.4043334
-0.3430741
-0.5332514
-0.746541
-0.5896698
-0.565832
1.8248605
2.2941227
0.16791657
-1.0052423
0.2985199
1.8371909
0.61267257
-1.2174292
0.8128041
-1.1650093
-0.8813244
0.32244572
-0.36974773
-0.34006476
-0.09072177
1.0946138
-1.3753563
1.1113709
-1.8108661
0.27152136
-1.3896819
-0.42741403
-0.17432813
-1.0567636
-0.5820983
-0.38685843
0.4564332
-1.4045446
1.3907415
-1.2010332
1.0451106
0.09990723
-1.3947521
0.07316494
-0.98811245
-0.9375258
-0.33125257
0.8944989
-0.7677832
-1.3969773
0.1399989
-0.11736349
-1.4430674
1.5717701
1.4297649
1.2162485
-0.14260338
-1.8389429
-0.47507358
-0.5209335
-1.3803519
-1.0717227
0.29201955
0.9957438
0.65617067
-1.5865082
-0.48567718
-2.1623049
-0.31934297
-0.33261752
-1.7979981
0.33429
1.0574379
-0.8068202
0.18843392
1.3691647
1.1224797
-1.095336
-0.5973865
-0.4003764
-0.9787623
-1.1377828
0.6997322
1.3730935
-0.29457805
-0.6028766
-0.073385365
0.26046258
-0.27035382
0.83444065
1.8500445
-2.499147
0.49112695
-0.09291017
0.34342623
-1.6841427
-1.4411161
-0.4531693
-0.73077726
-1.291452
-1.2189808
-2.2629864
2.0402348
-0.83827686
0.2713654
1.2622306
-1.2135179
-1.3769963
-0.5497859
-1.1939858
-0.4020871
0.809271
0.3720594
0.49138337
-0.82921785
-0.78139406
-1.087017
-0.65332496
1.0902545
-0.49054664
-1.4096532
0.1513319
1.2466769
1.3231978
-0.8213016
0.5107545
1.9846677
1.8651752
0.4715615
-0.37615088
-1.7687902
0.54289913
2.33497
-1.0030122
1.1365193
-1.4618479
-1.0818392
-1.628726
-1.4344124
1.1883761
1.2839366
0.23307142
0.9279511
1.2683867
0.9737822
-0.079836175
2.017228
1.3344971
1.5649761
1.280109
-1.6729321
-0.532907
1.514538
1.0139564
-0.18522939
0.7324203
-0.1497921
-1.6831079
0.4401616
-1.6998495
0.59338623
-1.8086988
-0.7755694
-0.39022404
-1.3380067
0.89438814
1.1494673
-0.9890661
-0.47934464
-0.42148647
-1.5511688
1.3793601
0.1466607
-0.39754122
-1.6390376
-0.065796666
1.1392592
-2.0493574
-0.6687102
-1.3374498
-0.050051905
0.67871565
-0.016686501
-1.4822934
-1.6559983
-0.95187163
-1.2474879
0.3706295
0.16100068
-1.078269
-0.91553605
-0.8232053
0.31396312
0.20320208
0.7660476
-0.19123837
-1.2459565
-1.2824079
-0.43260306
1.9244013
0.18864672
-1.5181366
-0.7431467
0.5266556
-0.4375935
0.31519353
0.8209667
-0.6052383
-0.8957299
0.2745257
-0.32808065
-1.0911384
0.0070308913
-0.30571827
-0.38825426
1.4835732
0.23807399
-1.118546
-0.81046516
0.75934315
-0.3794218
-0.8527184
0.24451643
-1.0649325
1.0237961
2.1307428
-0.43606362
-0.24288522
-1.478902
-0.75152385
-0.0073129702
-0.49350697
-1.1823456
-0.13058855
-0.7493278
-1.5373946
0.2351326
-1.3662311
1.3377216
-0.77915716
-1.3744384
-1.0355258
1.3974674
-0.893088
1.814285
-1.2886486
-1.1076312
-0.01718298
1.6468526
-0.44041875
-1.8287926
-1.5693069
-1.92062
-0.5977439
-1.3833793
0.38798177
0.12212488
-1.5154991
-1.302905
-0.8612319
-1.6376742
-1.0352988
-1.1174736
1.758945
1.6859097
1.7234973
-0.060964793
0.66150355
-0.6421581
0.4116814
0.9794909
1.1294525
-1.0418426
-0.15707736
0.4539413
1.8091788
-1.0553623
0.42570347
0.2731236
-0.039502837
1.3826885
0.48047814
1.4653854
-0.66660845
-0.75527585
-2.093374
-1.4533513
0.6768347
0.036251053
1.472578
-0.51841366
-0.6762284
0.69856167
-1.5536623
-1.4918336
1.5939391
0.2496734
0.31056395
-1.051481
1.6631787
-0.47713614
-0.026114075
-1.214589
1.5417526
0.2570918
-1.205315
-1.7725723
-1.3587686
-0.69236755
-1.4484318
-0.90668106
-1.3926415
0.8054381
-1.4523997
-1.310776
-2.2124155
-0.738805
0.94205505
2.1776905
-1.4825299
1.1579947
1.6894512
-0.07447848
1.299794
1.0987182
-0.3724314
1.8091363
-0.24671297
-0.40102255
1.0296413
-1.946159
0.8297817
1.2494905
1.1289756
-0.25863278
2.0076268
-1.2102059
-0.0986535
-1.0201575
0.15264122
-0.16073976
-0.41731688
-0.0038275924
1.6536064
1.6110823
-0.9584627
1.4955863
-0.16690266
-0.28320408
1.3409566
-1.8446932
0.8510753
-0.9234292
0.9034679
-0.17914683
-0.5359144
-0.7684583
-0.2516697
-0.206999
-0.32858965
-0.55792916
0.7354545
0.85602486
0.696054
0.44426817
-0.70155895
1.4063703
0.22258784
1.1075417
0.49975586
-0.23658654
0.7190607
0.16311401
1.7328298
-1.5405109
-0.74647033
-1.0326555
0.46131843
-0.5460569
-1.7550098
-0.34934828
-0.09873155
0.42466834
0.6475533
0.46308708
0.38280657
0.39124247
-1.4640687
1.2026964
-0.87575847
0.8603264
0.0032193605
-0.6976976
-1.1124012
-0.63942754
1.6716931
-0.6973489
0.26610243
2.155506
1.4397802
1.199284
-0.2755354
-0.82134175
-0.43885204
-0.7223394
-0.9431385
0.11622523
0.73760104
-1.806916
-0.17043296
0.92964566
0.69833326
2.1030703
-0.326343
1.0304605
-0.82630116
-0.34861585
1.6423459
0.17323
1.303662
0.1318969
-0.096804425
0.82535994
-0.155962
0.6021986
0.4835214
1.3974801
-0.6000836
-0.75778764
-1.1524976
0.4406117
0.5260847
-0.14327262
0.8477795
1.7667369
0.95984644
-1.2521628
0.010089129
-1.9090177
0.7298734
-0.7221904
0.9200129
-1.2976036
-1.0596709
-1.1484736
2.327402
1.2885114
-0.6358892
-1.2061509
1.8804773
-1.2428563
-0.38628966
-0.0068470524
0.03358661
-0.6080044
-1.5329376
-0.6575062
-1.5650843
-0.34894526
-1.6801896
-1.233043
-0.6516304
0.17915097
-0.7602093
1.1610836
-0.055306014
-1.5935562
-1.503397
-0.8766049
0.07024029
-0.2600951
-0.81888735
-1.1825567
0.25341672
-1.9994826
-0.3534704
-0.76477695
0.6524715
1.4836679
-0.14129338
-1.3001145
-1.2618966
0.19528489
1.0358777
-0.49783012
-0.6324143
-0.17687817
-1.6481436
0.873199
0.0042322
-0.8680263
2.05565
0.7248828
-0.41918725
-0.053021304
0.31599623
1.4551877
-0.36912996
0.66692686
1.9579319
1.9959831
0.1118822
-1.596016
1.1931937
-1.5178615
1.3838962
1.1434388
-1.1512547
0.04207613
0.0037283066
-1.1066749
1.9147182
-1.2403065
-0.7913805
0.1951197
0.20246823
1.7845013
0.82460946
-1.8034112
-0.31311005
-0.142822
-0.80781657
-1.6318216
0.09537413
-1.5834554
1.3076987
-0.6305581
0.27673972
-0.35709354
-1.619185
-0.77713114
-0.703838
-0.55844855
-0.10271211
-0.07510013
-0.20083626
-1.4224575
-0.877615
-1.7286518
-0.85761845
-1.4202214
1.396908
-0.5463526
-1.375351
-0.16576959
-1.6319067
0.35848886
-0.9467274
1.4334141
0.34187898
-0.59739935
-0.12629999
1.423697
0.6999797
-1.2323786
-1.0822939
-0.7297917
0.8097085
-0.17545718
-0.75310093
-1.4075468
-0.19877172
-1.0304744
-1.3150847
1.0737132
0.57554084
0.31011423
-0.507704
-1.2746043
-0.38701373
0.2032461
1.0641937
0.62797374
-0.97158444
-0.5323411
-0.028963465
-0.16170801
-0.45725554
0.06499177
0.23864734
-0.12155081
1.0204148
-0.6294374
-1.6759474
1.1437887
0.8839239
1.5247772
-0.6358096
-2.0324259
-0.47152597
-1.2116135
-1.6199808
0.32291824
-0.053184647
-0.14110546
1.3882191
0.6452709
-0.63818693
0.19906496
-0.5243139
-0.8898673
-0.97492075
-0.43748158
1.1747688
-0.8367464
0.12287021
-1.1538695
1.1723131
-1.7560923
-0.4383112
0.6219447
-0.016520703
0.4222968
-0.6395716
1.150089
1.0579257
0.35355332
0.58484155
-1.9774075
0.34006065
-0.23142184
-0.7277406
-0.58292687
0.18655905
1.4423078
0.109315984
-0.91909754
-1.896625
1.4365363
0.9732243
1.3897904
0.5184484
0.22212291
0.056003883
-0.82415473
-0.8277235
-0.16585985
0.6147949
-1.366451
1.3373291
-0.020748364
-0.37043068
-0.18246971
1.0383799
-1.7355001
-0.44793716
0.92832285
-0.6770261
0.83332396
-0.8158546
-1.9292319
-0.2777446
-0.42366803
0.28636518
-0.97266054
0.47381228
-0.60922503
0.14197555
-1.566303
-0.11445879
-0.8306584
0.4408205
1.9474765
-0.044935532
0.06809046
-0.7945238
-1.2217631
0.014061428
-0.5132726
-1.7123773
-1.9746255
0.73469126
-1.2047348
-1.4806886
-1.3068962
-0.08480918
1.6090817
0.06379823
-0.70840347
0.128532
0.9348633
-2.1054137
-1.2093765
0.9337416
-2.002879
-1.6401309
0.074480526
-1.0652581
1.4160452
0.66326946
-1.66775
0.91915995
-0.5253117
-1.1719182
-2.3832688
-1.3435616
-1.6595603
-1.3285072
0.028115474
-0.49812585
0.112676196
-0.930796
-1.6347537
-0.8010868
-2.0408611
1.0554204
-0.9442918
-0.9911308
-1.0895245
-1.1807745
-0.1501435
1.3300378
-0.43098584
0.2146015
-0.50722176
-0.5043392
-0.7363841
-0.8655465
2.0611167
-1.850193
1.9629376
-0.13199869
0.46621406
-1.5974311
1.2256868
-1.3347217
-1.5162607
-1.0852947
-1.1347792
1.6498196
1.2500333
-1.0523522
-0.17997369
-0.87363404
1.4685527
-1.6029168
-1.3734362
1.0803237
-0.36638573
-0.96165013
0.48094833
0.34190062
-1.4209274
-0.5236641
-0.111350894
2.116861
-0.6826787
1.2262976
1.1056471
0.46201605
-1.1443267
0.1941994
-0.36948845
1.2973669
-1.2432034
-1.1834843
-1.1378413
-0.8874986
-0.9651047
-0.32715666
-1.1911318
-1.3662616
1.3468792
0.15938205
0.5435792
-0.765286
-0.40705448
-0.9562146
-1.6062803
-0.71471375
-0.19483185
0.26761732
-1.511725
-0.34842837
-0.6583037
-1.5328716
-1.1689067
1.6833987
-1.1857314
1.4923173
-0.60499674
0.85866195
-0.33528075
1.1677645
0.4786559
-0.012430832
0.24277931
0.1472684
-1.0414065
-1.4053483
-0.7896806
-1.8998193
-1.3753569
-0.6734433
-2.0846486
-1.0811136
0.7968234
-0.96708524
0.65015984
-0.7921233
-0.5676292
-1.2704027
-0.96492386
-0.8270657
-1.1751931
-0.2296599
0.9760598
-0.9281408
0.0060412367
1.5867541
-0.7740017
2.023412
-0.1657694
-0.13760321
-0.14664574
0.6280116
0.013926779
-1.8696995
-1.8299052
-1.2019726
0.7535428
1.8303993
-0.19492552
0.5192621
2.0437129
1.1897684
0.6012466
0.17635906
-0.26588482
0.9243598
2.1306736
-1.5622169
0.60856074
-1.6510255
0.48440447
1.4576483
-0.987774
0.9338632
1.4967467
0.5745841
1.0884398
1.2747251
0.9705452
-0.08829695
-1.0698146
-0.59492344
-0.08669986
-1.0130726
1.0037129
-1.250516
-1.35258
-1.1188934
-1.3708103
-1.242032
-0.53077924
-1.8243817
-1.2611141
-1.4230149
-1.3508923
-2.1487112
2.1542153
-1.2606251
0.45109972
1.4559368
0.14872107
-0.5394733
-0.39773932
-0.29965875
-0.4290426
1.392297
-1.8118799
0.21857391
0.5507123
1.8756603
-0.1164831
-0.15675676
1.8259394
1.0995862
-1.5347964
-0.77265793
-1.0598027
0.016651457
-0.44312358
-0.35642812
-0.7309326
-1.1693342
1.1252035
0.74816364
1.7231665
1.8258482
1.3950374
2.1705134
1.3322232
-1.2400657
-0.36057588
0.3211123
-0.37319136
-0.43537816
1.2968146
-0.31126946
-1.3503343
-1.6880412
-1.224387
-1.1674463
0.11166478
-1.431118
0.11966527
-1.7466093
-1.0910233
0.91253287
-1.9817108
-1.0268707
-1.1551337
-1.7594883
1.0698227
-1.8520974
0.25248203
-1.6920508
-0.36541638
-0.60277426
-0.98669624
1.1628343
0.08847212
1.3321222
-0.13765821
-1.502756
0.5056568
0.71935165
0.31663534
0.25138223
-0.44489843
-1.6610417
0.8869915
-1.5506214
-1.7034428
-0.35373023
0.6075058
0.78994334
-0.6823993
0.09479585
-0.08772217
-0.22345826
-1.5607908
-0.13677736
-1.3334823
-0.9870445
-0.6442279
0.11144111
-0.8660921
0.9577441
0.5252843
-1.2094264
-0.2769161
0.9500172
-0.65995353
-1.8275827
0.63759255
-1.0868604
-0.62592727
-0.25112292
-1.0683906
0.6997774
0.2621932
-0.7094693
-1.1483629
0.72321993
-1.7383677
-0.6968065
-0.39346617
-0.91150665
0.24566597
0.31410983
-0.42105725
-0.08711526
-0.19841288
1.6597728
0.48829758
-0.10497506
0.22594592
-0.07993483
-0.88431394
-1.2331678
-1.4457177
-1.5255214
0.37247527
0.56904995
-0.7202153
-0.6153009
0.0020159842
0.7114556
-1.1442945
-1.4287618
2.132568
2.6740942
-0.013580516
-1.2167149
-1.2089474
0.30693784
-0.75219214
1.4477954
-1.1941751
-1.6506964
-0.7032665
-0.86853737
-0.24609281
0.81507623
0.93817365
-1.061527
0.63278764
0.20192622
-0.1119814
-0.15244603
0.77620167
-1.2788364
1.4885075
0.66347766
0.7137812
-0.5349707
-1.4955041
1.4055246
1.4531531
0.2602642
-0.8545211
0.3365913
-1.3484051
1.4078898
0.9789543
-1.1886109
-0.66399497
1.1047934
-0.62874943
1.7007606
0.546966
1.6579676
1.468208
0.20399313
-0.4050433
1.4460298
-1.6254891
-0.31344447
1.1866307
1.3668942
-1.2651358
-0.63615286
1.355935
0.752914
-0.02756985
1.3351055
1.6080923
-1.1830902
-1.4201171
1.1088645
0.80280477
-0.13487828
-0.6512449
1.0858102
-1.1994524
-0.6738452
0.57819694
-0.97673
-1.0325453
-0.049360316
-0.114356734
-1.006124
-1.0566761
-0.04890397
-1.1567259
-0.14465572
-1.040124
-0.31366345
0.34369856
1.164377
-0.7142096
1.1888057
-0.869036
-1.0527864
-1.0380752
-0.18979605
-1.436171
0.98979586
-0.27602947
-1.2674414
1.2151778
-1.5379448
-0.18341704
0.7856963
-0.37346134
-0.51472557
-0.80185944
1.5872179
-0.04669169
0.25009724
-1.6686953
1.1472158
-0.775295
-1.1659875
1.6957417
-0.8336042
-1.5804937
-1.0266596
-1.1767101
-1.7112322
-0.043674562
0.5120015
-0.19731627
0.7568874
1.467228
-0.09439426
0.59169936
-1.1933329
-1.6491469
-1.6387751
-0.38052878
1.3151531
-1.7685603
0.4158426
-0.9897935
-1.3479701
1.7160454
-1.4422748
-0.823504
-0.4668262
-1.1756264
-1.3090376
1.2196975
-1.1737095
1.0531147
-0.39787742
0.040945653
-0.9700618
-0.061803922
0.47512072
0.69309783
0.40283048
1.3547819
-0.20044705
-1.5308292
-1.5009215
-0.22194882
-0.34736866
-1.8597995
1.2307981
-1.8787088
1.6212908
-0.9554025
1.0664994
0.99064493
0.3500046
1.3441926
-0.42556176
-1.4465681
-0.1444657
1.2273977
-1.1368573
-1.8141569
0.58966625
0.037012797
-1.7236434
0.030035568
-0.21441701
0.7654004
-1.0383732
-1.8014361
0.1997947
-1.086314
-0.71859497
1.3470359
1.4599936
-1.1729395
-0.013958008
-0.86657506
-1.9415361
-2.0429592
-0.46125227
-0.37312192
1.9348443
-0.46714115
-1.2506518
0.36747995
1.4719172
1.2497282
-1.7410111
1.3166
0.28121957
1.3807812
-1.3243265
0.50815797
-0.3115885
-0.47176087
-2.197092
-0.34115845
0.4243527
0.45476586
0.18239687
-1.4527396
-0.49848062
-1.3181632
1.0981948
1.1494613
1.2592505
-1.410463
0.92385006
-0.45754105
-1.4946207
1.0924665
-0.022035694
-1.0302073
0.14335895
-0.2691189
1.765933
0.16815561
0.5122674
-0.62043405
-0.47186744
0.32236785
-0.79433674
-0.60098577
-1.1195221
-0.3465647
0.65149176
-1.8264401
-1.1143675
-0.79622245
1.1632175
-1.4865417
0.0034707715
1.1273586
0.28688753
1.1701658
-1.5790697
-0.42725867
0.4867894
-0.26743037
-1.5491755
0.09772838
-0.7750782
0.16087702
0.019829588
-0.83449423
-0.34238717
-0.50950515
1.4651504
-1.550107
-1.2608123
0.8812488
1.2027527
0.6211324
0.071604215
-1.3760551
-0.7646529
0.9928238
0.06504158
0.69693154
-1.315198
-0.13861726
1.6658123
0.69180506
-0.20536783
-0.32641906
1.428734
-1.7114587
-1.0816591
-1.4325523
0.060788233
0.9784916
-0.3309598
-1.731602
0.0071431254
-1.8941365
-1.2109587
-0.39721584
-1.4188707
-0.7838486
-1.2267773
-0.78225
-0.39578974
-0.014292082
-0.42751008
-1.132447
0.062837854
-1.2290648
-1.1403835
1.2622623
-0.8440199
-0.72494423
0.3463548
-1.6534245
-0.33322272
1.2343423
0.36154994
1.4348543
-0.0838216
-1.0700362
-1.0465121
-0.033501532
0.07067147
0.17917402
1.2608292
1.4703099
0.41589442
1.3853654
0.50834227
-0.2546966
-1.5204636
0.20176117
-1.0910455
-1.8616009
0.51655644
1.1321223
-0.6635168
-0.3650979
-1.0248076
0.2041408
0.9171907
0.33751774
0.80689514
-1.0141912
0.85133016
1.9123037
0.21821176
-1.3155775
1.1469462
1.008847
1.1701775
-1.5636469
-1.4480017
-0.5060456
-1.6803852
0.7969351
0.48930925
-0.31943646
1.0514919
1.2575487
-1.2336738
-0.18318495
-0.0541681
1.3187163
-0.747091
1.2534494
1.256547
-1.3672608
1.4979244
-0.46714988
-0.07889221
-0.94706225
-0.0037091589
0.906353
0.50083023
-1.5131453
1.2014902
1.7683914
-0.9176925
0.573552
0.056286883
0.01274204
-0.80353045
-0.86198276
-1.9212104
-0.8992684
0.9457197
2.0551329
-0.8221473
-2.2585201
0.5742121
1.3569686
-0.6997597
-0.5474892
-1.2833776
0.021594657
0.3778175
1.9832416
-1.1614985
-0.3651743
1.1570905
1.707643
-1.256986
0.20325191
-1.7657282
-0.025552837
0.027269782
0.22688016
2.1002038
1.4715934
0.38514456
-1.341243
0.49897224
-1.604986
-0.7656873
-1.0741506
0.6921284
-1.8321176
-0.4028122
0.10844142
2.1278884
-0.46375626
-1.298563
-0.9824553
-1.3214723
-0.14215137
1.4491082
-1.28202
-1.883976
-1.7713842
-1.6860391
-1.0775954
1.3534166
-0.84755945
-0.8543718
-1.23737
2.082701
-2.2296157
-2.0118554
-0.024061786
-1.3513846
-0.073083915
-0.0729699
-1.3881898
1.1317672
0.76281774
-0.14064045
1.4509789
-1.0840378
0.03702483
-1.6364745
2.1079907
0.15962474
-0.5097517
0.3053342
-1.3253284
0.5606119
-0.687578
-0.90780973
0.87497306
-1.24667
-1.536896
-1.7824645
1.7100309
-0.28988057
0.18286647
-1.1474429
1.0047157
0.41088212
0.3366632
0.81054467
-0.39451954
0.8773057
-0.59052575
0.17796187
-0.59381217
1.0759076
-0.38336048
-0.38053465
-1.7856182
1.0688446
-0.5211161
-0.7382019
-0.7701768
2.391857
-0.41391608
0.7627663
0.88829833
-0.27009854
-1.010642
-1.4336494
0.44069257
0.68837625
-0.23400556
-0.09796187
-1.2306287
-1.6596779
1.1848085
0.1824936
-2.0793157
-1.7770444
-0.28416294
0.015792854
0.088998884
1.538816
-0.17849167
-0.7246524
-0.043609086
-1.5063398
-1.4485838
-1.6530459
0.5363099
-0.8192756
0.07768094
1.2564927
-1.6263988
-1.1372184
-0.5484833
-0.4753607
-0.21264577
1.4853182
-0.8420152
-1.4470633
1.0129374
-0.0769303
-0.25694895
-2.2628558
-0.6880896
-0.7935293
-0.49450755
-2.1908658
0.317831
0.6689217
0.2036158
1.403624
0.57009494
-1.9950979
-1.524254
0.035760675
0.011155076
0.93105966
-1.170131
-1.92196
-0.841781
1.3510131
-0.4746319
-1.2948302
1.1552763
1.8960693
0.58636445
0.35365465
-1.5689766
-1.196173
-1.2412481
-0.35758588
0.055213884
-1.1109619
0.7423723
1.539927
0.83622694
-0.15169872
1.8862437
0.84320736
1.0038476
0.30108652
-0.5624776
1.4989573
-0.5993745
-0.5206642
0.9123153
-0.7860646
-1.1862438
0.7618874
-0.71113074
0.06137646
-0.8835805
-0.550034
-0.9505155
-1.0883647
0.17638122
0.112226196
0.93558747
-0.7286567
-1.3804258
-0.4455484
-0.6341785
-0.17956278
-0.83349484
-1.414303
1.0949936
-0.6629253
-1.3040868
1.0628616
1.6673132
1.6470958
-1.5200304
-0.6336593
1.1696093
-1.5168042
-1.1637642
1.4144536
-0.4175834
-1.0284679
1.0851495
-2.1690664
0.6992134
-2.0182998
-1.3606002
-0.52572954
-1.2332559
-1.3473823
0.119482204
1.3746369
-0.51262903
1.0703788
-0.4288293
-1.2283465
-1.7301831
1.0544957
-0.45385605
-0.2103789
-0.8718614
0.072719425
1.1476742
-1.1993046
0.5499024
-1.0600667
-0.024364464
0.276276
-1.6880518
0.07499272
-1.2418875
-0.69686586
-1.2631739
-1.2368038
-0.5092696
-0.31508145
0.8367513
-0.81113076
1.5285488
0.67903703
2.0701678
1.6019554
-0.16772783
-0.90798163
1.757029
0.9219739
-0.16755645
0.23299584
-0.26466584
-0.9405918
1.2113565
-1.8425716
-2.1923742
1.7648621
-0.28959516
1.850453
-1.0275995
-1.4599398
-1.2925806
1.2757566
-0.40773678
0.64739716
-0.12780905
0.2854976
-1.255218
-0.5124504
-0.18127692
2.0096626
0.2866882
-0.35656598
-0.62355673
-1.4150718
-1.9665295
-0.9458903
-1.1045141
-1.5548908
0.44514364
-0.17002887
-0.077231675
0.46078196
-1.3401614
-0.04459213
0.8554072
1.127238
-0.9311466
-1.4875919
2.0633621
1.4156734
-0.5677346
-0.8966465
0.22160299
2.0229657
0.46687108
0.64395666
0.7491904
0.66057724
0.5360335
-1.1443138
-0.8341802
0.3650177
-0.7252559
-0.2502893
-0.6642254
-0.8612956
-1.077333
2.4854689
0.17070624
-1.40817
0.6870422
0.22748755
-0.12373172
-0.81709784
1.447322
-0.013630628
0.8687696
-0.55093145
-1.0237403
-1.0262213
-1.4525949
-0.86395526
0.026274351
0.9915286
1.2109884
1.7633337
1.7113358
-1.0908451
-0.7877781
-0.5893835
0.06485951
-0.7903834
0.31895497
0.87598276
-0.7957725
1.5965396
-0.6362987
0.48504478
-0.7936827
-0.018504845
-1.0487869
-0.49260768
-1.3400782
-0.091822624
-2.253925
0.20565084
-0.69363207
0.03437666
-2.1603577
-1.0378714
-0.056760397
-0.010483192
0.9347141
0.89369285
0.48058844
-1.2274476
-1.4539062
-1.1356393
-0.28540117
-0.6348403
1.2403592
0.33852667
-0.087656766
-0.77767694
-1.2243427
0.72735953
-1.428927
-0.24831322
1.0886438
-1.0578043
-1.1772867
-1.4876488
-1.1843576
0.17078844
-0.95124495
0.6342124
-0.6886192
-1.6832261
0.06965303
-1.2111864
-0.5217795
-0.47211212
-1.0408549
-0.117663905
0.35484213
0.30629665
1.2582749
-0.75932395
0.012850773
0.08508504
1.5057861
-2.023802
-0.8428071
0.017147567
-1.0018069
-0.0637773
0.38404003
1.4763714
-0.87018573
0.023861887
-0.5890722
-0.8910354
-0.9168686
0.40685984
-0.9785007
1.4895483
-1.4526347
-1.6150477
-0.937487
0.09247163
-0.8445355
-0.81272626
1.4823148
-1.2549025
-1.3370007
-0.8072508
-1.4943306
0.89292943
-0.95139253
-0.6292466
-0.21135566
-0.027424771
-0.07590103
-0.34097677
1.8340207
0.53836256
-1.6102843
-1.2368279
-1.546614
