-0.75330067
-1.4264114
-1.5452051
0.98919624
-1.3015455
-1.6137811
1.2987645
-1.7118174
1.7951269
-0.85941833
-1.0876168
-0.64596444
0.6831505
1.8169961
0.2726955
-1.8739737
-2.3277924
0.56038153
0.22805643
1.5384206
-1.654307
-1.351131
1.4489356
-0.64474875
-1.1866524
-0.030360296
-0.2604526
-1.4008361
-1.7756196
-1.6287696
0.22655614
0.37852114
-0.8663403
1.1157124
0.4294282
1.4199753
0.4649135
-1.1569481
-0.2778617
1.3445061
-0.9372815
-0.6953943
-0.18152057
-0.48293245
-0.18219112
-0.82319903
-0.5932551
0.9074289
-1.8169448
-0.20704536
1.5829128
0.22868243
1.3663987
-0.7263367
-0.74135625
0.8245542
-1.246947
-0.59522825
-0.101495504
0.74092764
0.8377145
-1.3080682
-1.0755955
-0.22172913
1.5366719
-0.4249672
-1.2647845
-1.0866215
-0.15020086
0.0046061487
0.88662416
-0.85319525
-1.4818661
-0.92320377
0.8339995
-0.69413763
1.0766315
-1.9474926
-1.707314
0.9960803
1.4873564
-0.26934707
-1.4427476
0.8334854
-0.5716352
-0.07407024
-1.134498
-1.0735239
-0.66641796
-0.23512189
1.3915284
1.3937371
-0.16785339
-1.0134423
-0.57949924
0.08744841
-1.0951835
0.7318275
0.6789823
1.1156937
-0.46053803
-0.05729031
-0.63772774
-0.26926342
0.6507145
0.71231574
-0.13904238
2.1493456
-1.2233074
0.46952075
0.4423447
1.0838189
-0.42815962
-0.3928871
-1.2813358
-0.7055031
-1.1123673
0.50710547
-0.93272835
1.6167997
-0.39010906
-0.7681749
1.2860045
1.799792
-1.1923568
1.0664455
-1.9838202
-1.5479608
0.7813531
1.7361531
-1.6865714
1.9543054
1.7938267
-0.9888974
-0.19132693
0.40853527
0.24215406
-1.2443407
-0.06861362
-1.18859
-1.0011685
0.77956355
-1.321725
1.5626508
-1.5766363
0.83603287
-0.69699395
1.4365853
-0.30846375
1.2544678
-0.47459507
-0.4404124
1.4763218
-1.0177401
1.947978
-0.28739923
-0.6379912
0.8042358
-2.20581
1.1096021
-0.5996451
2.1579137
-0.59848934
-0.19547117
0.04118338
-0.69646555
0.6988775
0.55179965
0.708958
-0.8401068
-1.3032429
-0.6570792
-0.31680173
1.2432661
-1.8532524
-0.5020618
-1.1904225
-0.6742864
0.018117465
0.0015681118
-0.36389247
1.6057574
0.41760743
-1.2952644
1.845757
0.084861666
-1.533279
1.339139
1.1702696
-1.149196
-0.88384426
-0.49762833
-0.16607232
0.54829216
-1.7329537
1.3684378
0.79048896
-1.1800091
0.6824687
1.4169668
1.3637023
-0.52636504
-1.8082157
-1.4062761
-0.94209516
-0.19927025
0.23148361
0.6129525
-1.4515134
-2.7860143
-1.9873713
0.96331745
-1.4583824
0.23222892
-0.6992911
-1.0713853
1.326747
0.8146997
-0.38431096
-0.26127622
0.80098796
1.5212319
0.7349445
1.587416
-0.19813746
-0.6055616
1.0188545
-0.72945774
-0.66745406
-1.7652962
0.019925397
0.52548206
0.13908057
-0.5624849
-0.8274678
-1.1936967
-1.7260282
0.43990508
-0.482401
-1.5683492
-0.14951216
-0.7347413
-0.271117
0.43921074
-1.4461322
-0.2041754
-0.40968454
-0.65181684
0.16400829
-0.16103396
-0.18688531
-0.45143026
0.79632497
0.4928689
1.0204861
-0.20129682
-1.4792042
-0.49469137
-1.62995
-1.2115886
0.31894207
-0.3305783
-0.63134813
-0.92615694
-0.26406562
1.220944
1.1674317
-1.321533
-1.1684943
1.8684304
0.015074926
-1.1401199
0.64990854
1.3371003
-1.5128589
1.0537051
0.93959963
-0.8275217
-1.3756725
1.2969582
-0.6979168
-0.06864639
0.08455871
1.6742957
-1.2210393
0.64392364
-1.2059315
1.2859833
-0.07126419
-1.9287847
-0.6605419
0.02491021
0.2596505
0.91959834
-1.9301642
-1.5236603
-0.26261485
-0.2935577
-0.20994952
-1.0019577
0.14670856
-0.23007692
0.20391098
-0.2967792
0.14569286
1.5622511
-1.8150874
0.47401893
1.037243
-1.1099563
-0.2529706
-1.5746844
-0.725281
-1.1570133
-0.95319104
-1.4613695
-1.275275
0.87565446
-0.583061
-0.58798003
-0.2785039
0.7060921
-1.7223854
0.43811238
-0.41514003
-1.1890674
-0.77755815
-1.3371258
-1.4787586
-1.4823177
0.46709895
-1.0108987
-0.8040037
-1.1968137
-1.2118516
-0.20088913
0.9917306
-1.2021854
1.0338464
1.4299809
-0.1352863
0.12197186
-1.4671715
-0.28993133
-1.6060877
-1.6902275
1.2101161
-0.94977105
-1.1623262
1.9203717
-0.8227914
0.007871621
-1.3144462
0.22065805
0.38088202
0.41961238
0.40671277
-0.50635076
-1.1332215
1.1130464
-0.6761305
1.9078046
0.518439
1.1640401
-2.0322635
-1.5627377
0.21439351
1.3228878
-0.34656256
-0.064142235
0.41903675
-1.0536845
-0.68945277
-0.34054053
-0.7623982
-1.6346494
1.054241
0.09402576
-1.6237887
-1.4094405
-0.60400015
0.2964006
-0.33839363
0.8720881
0.46782714
-0.80218816
0.46674043
-2.1222541
-0.26936036
-0.75866973
0.35847485
1.3289821
-0.33443528
-1.2724031
1.9284983
0.6937981
1.2522025
-0.9210775
-0.3913265
0.18365769
0.6161159
-1.305353
0.26486057
-0.92142063
-1.0652416
1.7381271
-0.07971236
-0.67580837
-0.7438382
-1.4163722
0.24098137
0.8276719
1.0799782
-1.1272597
-1.512475
0.5132382
0.5619207
1.6273104
-0.71404004
0.9797976
-1.3749995
-0.8375521
-1.2053181
-1.4693176
-0.47116753
-1.5182035
1.0759066
-1.2153174
-0.13351592
0.67487764
0.4284234
-0.022610705
0.35454255
0.5190245
-0.9850889
0.97341037
0.42047855
-1.3303332
-0.32875237
-1.1233892
-0.8572287
-0.5241365
-0.2701031
-0.91606265
0.060946498
1.1018803
0.72221
0.03198999
1.0611633
0.36889282
0.38736182
-0.29302037
1.3755661
1.3402966
-0.33271742
1.0819266
-2.0747857
-0.16058524
-1.5364374
-0.15161277
-1.1910901
-0.36370468
-1.862533
0.06310968
0.004882121
-0.33326444
-0.23139997
-1.8361328
-1.1878258
-0.8720696
1.3157257
0.33302563
0.88112104
1.0181108
0.38587338
-1.1597749
0.9804207
-0.99578464
0.71109086
0.17381334
0.00987174
0.052262116
-0.053849682
-0.82459414
1.9899956
-0.35874236
0.44160596
-0.23574002
-0.08555048
-1.3932513
-0.9515158
-0.15105155
-1.9649957
-1.8464293
-0.17197028
1.6206672
1.7440121
0.20528664
1.3697423
0.24286483
1.2506266
-0.060285583
-1.7090472
-1.0445948
0.056970492
-0.9994522
-0.047084842
-0.8389542
-0.70943254
-1.3499173
1.5852426
1.7226338
-1.4568181
-0.565201
1.2222826
0.7225209
-1.0284587
-0.5850864
1.7472261
-0.67754203
-0.36508217
-1.0028602
0.26091328
-0.06818379
0.18113987
-0.9091008
1.3206532
-0.26285222
-0.10090712
0.92730147
2.0481205
-0.6752935
0.9994323
0.4587479
-1.6228515
1.5028776
-1.2811439
-0.9262759
0.25694475
-0.35228902
0.13421446
0.80742896
0.21315841
-1.7206819
-2.1945271
-0.5908942
1.5554616
-0.645556
-0.05407848
-1.3775309
-1.8069494
-0.0048093614
-0.41971862
-0.19224153
-0.80857486
0.29117352
-0.58345306
0.6463523
1.584166
-0.4495715
-0.29701
0.38081825
1.0486654
-0.6203086
1.472374
-0.95680714
-1.2473344
0.015032067
-1.9601759
-1.423765
-0.5330577
1.2354264
-1.2923133
-1.735186
1.8079137
0.5166425
-0.92249644
-0.8374443
-0.71621495
-0.7863361
0.6432522
-1.716051
-1.3364915
-1.0836849
2.101876
1.1388824
0.041363932
-0.42931488
0.90305984
1.401464
1.0487437
-0.61386514
-0.7822796
-0.15965284
0.6211566
-1.6455204
-1.5543119
-0.09330607
0.2441597
-0.9434869
-0.35323104
-2.1561928
1.0248424
-1.7240164
-1.7161312
-0.9283259
-0.8461273
-0.42547533
1.8900206
-1.0369965
-1.2615702
0.9546007
-0.37929013
-0.41695464
-0.100781426
1.7237198
0.9557637
-0.2329094
-0.7318681
-1.970951
0.7965179
-0.8073479
-1.591171
0.30492285
-1.3979739
-0.70108414
-1.2416251
1.6024344
0.26801237
1.5350174
-0.7183331
1.7167624
-0.5724779
0.361094
-1.0167851
0.17786022
-0.36087358
1.2916372
-0.99085057
-0.43512198
-0.03794406
0.70760274
1.1032468
-1.7759126
-0.43627396
-0.2623487
1.8051847
-0.44290313
1.1553223
0.06295842
0.39107475
1.2544942
-0.49844503
-0.047909316
0.37577268
-2.136502
-0.14499962
0.6790538
-0.8474278
1.5931959
-1.0003747
-0.70370656
-1.293588
-0.66175675
0.44857845
1.157244
-0.9845964
-0.57568806
-1.0292354
-0.94519615
2.1472437
1.9812778
1.0181174
0.8406804
-0.83466923
0.66921145
-0.25340042
-1.2718475
-2.0177453
-0.34337166
-0.08063881
-1.1874927
1.5511758
2.026532
-1.2597312
-2.7139707
-1.7840173
-0.62259793
-1.034118
0.90660036
0.56527054
-0.99401635
1.2081044
0.8754669
-1.3403242
-1.6882167
0.2930506
0.7275144
1.0097969
-0.62049866
-0.20084248
-1.2704997
1.1609178
-1.1585104
0.3118532
-1.4709086
0.33745617
-1.6977187
0.12697788
-1.3390763
-0.9308249
1.7489982
0.8096259
0.08417226
-1.434715
-0.8751362
-0.45298278
-0.6416789
1.501533
0.37836388
-0.83060056
1.0808375
0.95421267
1.5331749
-0.1610426
0.071062274
-1.3576746
0.99314564
1.3492699
-0.66868913
-0.80527693
-0.7233187
0.50859267
-0.17380549
0.2721786
0.40831187
-0.30953345
1.0525866
1.161143
1.3210496
-0.8026234
-0.5182314
-0.07121059
-0.08761968
-1.3491608
-0.31805992
0.04259197
-0.2915395
1.0084059
1.2466192
1.6762035
-0.92930746
-1.4022343
-0.34103003
1.0381364
1.1897848
-1.4750803
0.1723038
-0.247928
-0.7015092
-1.3800431
-2.0366292
-0.58884287
-1.7507803
-0.9296515
0.29437497
-0.009850946
1.3985913
0.065167196
1.3176188
0.39105466
-0.23298046
-1.3073891
1.4755483
-0.5281654
1.2995725
-1.5767391
-1.194182
-0.057816893
-0.22182988
-1.9500074
1.1405002
-1.1630405
-0.048460685
1.4624337
1.4205716
-2.2318568
-0.362691
-0.3899406
-0.7977646
-1.2409813
-1.8896455
-1.5988709
-0.83542025
0.7500294
-1.0530372
0.18001269
0.48001277
-0.12940057
-1.964277
1.4949018
-0.67511195
-1.0517353
-0.44425374
-0.999773
-1.1495042
-1.717732
-1.6578956
1.3140917
-1.1537507
-1.511867
1.6759472
-0.8746122
0.8022637
-0.3327327
-1.6075304
1.22881
-1.2021201
1.3412113
-0.5445756
1.0696907
-1.000696
0.24098657
-1.8130734
-1.3378814
1.279308
0.96519434
-0.88038135
-2.140065
-0.49002334
-1.349607
-0.9317142
0.63423514
-1.0725417
-0.6476141
-0.4196408
1.5421576
-0.68829286
1.8488581
2.0219476
0.3841555
0.51213646
0.22050618
0.7142085
-0.48566172
0.6553882
0.29399318
0.07310113
1.1111734
1.5012071
-0.59977186
1.3462676
1.2366163
-1.4676118
1.0434859
0.21431752
-1.3197144
0.93294054
-0.12817495
-0.1695503
-1.1383896
1.1156974
-2.1289892
-1.1908975
1.5748774
-0.6633305
1.8269424
-0.03625989
-0.954461
0.10098868
-0.68678313
1.166174
-0.35251948
0.038807128
-1.2857051
-0.8691208
0.36384144
0.14056765
1.9159291
1.3711909
-0.38751572
-0.8423729
-0.14535217
-0.77620405
0.0594754
-1.0233966
-0.43422216
-1.674604
-0.096620895
-0.30795112
0.02724201
0.77761376
-0.19263689
1.404319
0.9685217
0.8295724
-1.6313875
-0.57977486
-0.24674517
-1.6326919
1.1229599
-0.39070854
-1.0199622
0.636714
-1.5292373
-1.0785488
1.0133667
0.9018238
-1.1800736
-2.34986
-0.20911059
0.45507497
1.0870844
0.90244
-1.2649622
0.026592035
-0.48263383
0.9750731
-0.5616677
-1.7097728
-0.24197671
1.672268
-1.1527416
-1.7036806
-1.3091303
1.851659
0.74760705
-1.0520966
0.4722713
1.2285396
0.7857268
1.3234584
-0.26907316
-1.5013155
-0.18748592
0.445998
0.013080806
0.7903532
-0.16975464
-0.94376045
0.90522367
0.08723782
1.073397
-1.418814
-0.8460885
0.65360427
-1.131506
-1.4297806
-1.2022625
0.973878
-0.7496394
0.594173
-0.980512
0.42747667
1.3364338
-0.40923974
1.138754
-1.5210533
-1.4928181
-1.4787228
1.1910896
-0.62518346
-0.7603861
-1.4726069
-0.7613589
0.3755067
-0.97546154
-0.730302
-1.3772985
0.4828999
0.19531734
-0.7263861
-0.7344332
-0.31727037
-0.6060268
-1.9867535
-1.6953219
-0.7695847
1.7706563
1.1507101
-0.27537316
-1.8091547
-0.70780647
1.6766012
-2.2658474
-1.3352163
-0.51084983
-1.4456384
-0.8022618
-1.1061211
-1.0264126
1.3214322
0.66075134
-0.4050856
0.7049454
1.1951531
0.5649891
1.0099909
0.74666893
1.9276946
-0.20997836
-0.94010204
0.22857884
-1.2436055
-0.7576746
-0.07415908
-1.6064473
-0.8537935
-0.61924165
0.18433371
0.24223107
-0.2575852
0.014913349
1.5208213
1.276519
0.89922583
-1.470089
0.5648265
1.9275967
1.0786815
0.113494016
-0.42946267
1.2399474
0.40590787
-1.4024973
-0.7732764
2.1027849
1.4406475
0.44055122
-1.7769676
-1.7806003
-1.2863533
-0.9255934
1.1251105
-1.3817493
-1.0198008
0.17071936
0.44804025
1.1211839
0.5589035
0.2876372
0.25406107
0.6812775
-0.40332103
-0.10936884
1.6643778
1.0643746
1.3051522
-1.3703145
-0.9178523
-0.53198004
-0.54180694
0.034200557
-0.021717422
0.90096045
-1.7608987
-1.583473
-1.2767226
2.0857823
1.9153534
1.1804464
-1.5178475
-0.03423387
-1.8904489
-2.2729845
-1.7731729
0.62365353
-1.1385041
1.549705
0.36519736
-0.20220798
-1.240196
-0.9137058
-1.620147
1.9647995
1.036469
-1.1616162
0.16728215
1.3822302
-1.4123112
1.4840829
-0.3358494
1.5583315
-0.762052
-0.1833508
-1.3891864
-1.1055547
0.87067384
-1.4843718
-0.6999879
1.7888073
0.58184737
0.366797
0.23324046
1.7144275
1.1862731
0.084367715
-0.27131188
1.4853501
-0.30725247
-2.1808934
0.11336413
0.2949428
-1.2454606
-0.64527357
-1.5332742
-0.016652394
0.8704905
-1.4085419
-1.9521946
-0.80431885
-1.3788753
0.009992374
-1.1189259
-0.1948486
-0.98971045
1.1241086
1.7830079
0.99807894
-1.0435983
0.072474755
-1.3772012
-1.6644578
0.23287497
-0.33784932
-1.3785951
-0.93859303
-1.373444
0.87366414
-1.6248705
0.15195614
1.1880512
-1.1780372
-0.83360004
-0.6632244
-1.601607
-1.3373626
-1.3899983
-0.88474095
-0.23384789
-0.36524338
-0.7583044
0.56181586
-0.85697967
-0.07798225
-0.789448
0.071344756
1.4912174
1.0617365
-0.022267804
-0.10133173
0.78217447
1.7404337
0.40589172
1.4149728
0.7279986
-0.16718884
0.26056492
-0.5227204
-1.6523376
1.4129559
-1.6433223
-0.35046083
-0.87850654
-1.1129506
-1.8633435
-1.3725059
0.6692834
1.2172251
-0.61676615
-1.3678381
-0.3444419
-0.90592957
-1.98141
-1.36173
-0.10096728
0.5694034
-0.6931331
-0.47206214
1.485032
1.1081014
-0.77025604
-0.8663277
-0.9211537
1.5750457
-1.2388682
-0.27648687
0.24795401
-0.5579457
0.44265828
-1.3075958
1.1643903
0.34840408
-0.31909144
-0.96657246
0.43066937
-1.4041791
0.037262883
0.21411595
0.23436815
-0.68184793
-1.329471
-0.28361258
-2.3353555
-0.94023114
-2.0334108
0.3334714
-1.1522397
1.1933632
-0.75844824
-1.4278263
0.83552945
-0.74378204
-1.5769432
-1.3133774
-0.53183544
-0.16408558
0.32773593
0.74082506
0.8457235
-1.6652498
-1.5953543
-0.76939553
-0.62391603
0.8099129
0.3471336
-0.4300176
-1.0171254
-0.0085393125
-1.6618822
-0.6795914
-0.5119024
-0.6806596
-0.25877994
-0.7794097
-0.17903145
-0.41892153
-0.11881799
0.89786816
-0.4005262
-1.0154674
0.019527743
0.6157986
-0.55045617
-0.8765767
0.83130217
-1.4052948
-0.5032455
-0.8749457
-2.484106
-0.6232624
-0.048600204
-1.0828868
0.28491473
-1.133099
1.3586721
-0.46241054
1.7948389
0.9114489
0.006786652
-0.0777047
-2.0953007
0.4948427
-0.6477614
-0.69878453
-0.7731867
1.9624946
-1.2244043
0.22998923
1.0748591
0.056391686
-0.86926955
1.2050167
-0.12502521
0.020636762
-0.7916003
-0.242451
0.30581462
-0.8438144
0.4106263
-1.0952171
1.1359721
0.8198582
1.461209
0.8132497
1.0383196
1.6936998
1.4857582
-0.32438076
1.1690799
1.8789835
-0.25274935
-0.28663573
-1.1129439
-1.0154765
0.28878525
-0.7850899
0.14375429
0.02385031
-2.1021526
1.6007471
1.030504
0.64654064
-0.25896767
-1.1760299
-1.4889979
1.5279022
1.3288182
-0.8283172
-0.23215361
0.08177343
-0.33905852
-0.6667983
1.2703642
0.3999888
-0.54318476
0.14137073
-0.053318
1.3191173
-0.7921579
-1.6520741
1.8005376
-1.0009855
0.5236859
0.93806314
-1.1850878
0.7607184
0.32092443
-1.5108202
-1.2007853
0.7208229
-0.96841896
-0.97506
1.8500694
1.0803205
-0.383374
-1.4295933
0.5204795
-0.53567874
-0.7287724
-1.433127
0.56370735
0.13980852
0.09191805
1.073406
-1.1868724
0.3361741
0.047071923
-1.4713501
-1.3634161
-0.114485815
0.32029128
-1.9501895
-0.6917685
-0.47127464
1.3601532
-1.7725443
1.5457796
-1.0382965
0.0150801595
1.2192633
0.17067446
-0.112970464
-0.9357276
-0.053367604
1.0996493
1.7110593
-1.4762836
0.5740064
0.16661398
0.38763216
0.8339327
0.13860542
-1.643591
-0.5935735
0.9197662
0.98841524
-0.10699798
-1.3153962
0.2261587
1.7200232
0.31540075
-0.56009376
-0.55047196
-0.81454664
0.5051646
-0.86589754
1.4652295
-0.43999636
-1.1543834
-1.0105315
-0.81030834
-1.2783897
1.2005507
-1.0134972
-1.4660776
1.0211203
-0.10085019
1.6785749
0.2581174
-0.49372002
-0.9950937
1.2602317
1.3396463
-0.73049587
-0.78669095
-0.84753096
0.8059021
-0.69009274
-1.38647
-1.095294
-0.79798496
2.1952693
-0.42229792
-0.07998224
-1.8268437
-1.2952728
-0.5487694
1.4029522
-1.8593998
0.22513877
1.1047828
1.2295129
-1.7021405
1.655879
1.8221251
-1.3053192
-0.7853955
-0.77234495
0.335451
-1.2532197
-0.39969566
-1.5331179
-1.2836971
-1.277877
0.70666474
-2.150725
0.27318463
1.1692672
-0.618338
-0.80007964
1.021491
-0.08528941
0.9647098
-0.39474323
-0.74613744
-0.8374774
0.6153104
0.9211449
1.6209779
-0.24558723
1.2936085
-0.6987031
-1.5487641
-0.35578412
-1.3933895
0.776521
0.17711894
0.30074602
-0.6863957
0.8076234
1.8847954
-0.19377866
1.0283968
-1.2319493
-0.66687524
0.0041758306
-1.8158882
-0.43860793
0.47195384
-2.1435132
1.011324
-0.029390946
0.5023825
-1.4694886
-1.7970142
1.8541319
-0.018227305
-0.7979059
-0.72795933
0.5559707
-1.1125808
-0.11597374
-1.4808599
-1.4161326
0.22435765
0.18669061
-0.997849
0.11543346
-0.77362174
-0.80698544
-1.1143031
-0.096773684
-0.17189254
2.0317345
-0.10797196
-0.08877869
1.690875
-0.84113705
-0.8908175
-1.9456522
-1.4375436
1.8380908
-1.1983784
-0.09587114
-0.50832754
-0.008579983
0.1716738
-1.0299088
-1.5885358
-1.9535699
1.0237508
-1.4322555
-0.45671207
-0.6578381
0.67107695
1.5241162
-1.0961314
1.0470598
0.16602953
-1.471154
0.5598633
-0.8844553
-0.89981616
-0.5219421
-1.4376173
1.628288
0.22994503
-0.39091134
1.5593598
1.4715985
-1.9075377
-0.37323332
-0.43741935
-0.72702
-1.7456595
0.34503585
0.024458652
1.5675666
-1.0646675
0.84450114
1.4777842
-0.521047
-1.3289969
-1.3568091
-1.3922611
-0.24296367
0.7113966
1.9018923
0.22154842
0.9571314
0.81666017
-1.3543768
0.42442414
-0.22680156
1.0656676
0.19167985
-0.40646896
-1.5166537
0.2942952
0.8329599
-1.2497954
1.468317
-1.1408343
-1.2258574
0.72452277
-1.5254899
1.961949
-0.975927
-0.092715725
-0.38559026
1.1667566
-1.8679906
0.1839969
-1.2393422
-1.5668631
-1.7096499
0.47241324
-1.0341587
-0.4709481
-1.4323521
0.70816684
0.25814918
-0.13118047
1.5813023
-1.5404136
-0.16289318
-0.2294679
0.92993313
-0.37637857
-0.7157466
-0.36733988
0.032061383
-1.2812036
0.52822644
-0.17762807
-1.3658369
-0.65689677
-0.44579047
-1.2580998
-1.1523545
0.055719167
-0.250107
-1.4268492
-0.5285546
0.2502846
-0.5718028
-0.8391332
-0.3987772
-1.9868538
-1.4139464
-1.803259
0.32389364
0.89630824
-0.24238391
-1.4478081
-0.04382928
-0.94265306
-1.9699817
-1.4008667
-1.0931087
0.52453065
-0.25282437
-1.4711092
-0.34813875
-0.79961383
-0.7193701
0.618153
-1.3694037
-1.673882
-1.1682708
-0.31760675
-1.9481366
1.4931517
-0.0068701785
-0.2484369
-1.1083847
-1.0580121
1.6134291
0.24988084
1.9517351
-0.14621165
-0.75325114
-1.4420598
0.08073438
-0.7373185
-0.17309342
1.4917085
-0.23009145
1.3874617
1.6046747
-0.13974169
-0.16217536
-0.5618437
-0.43752265
-0.8208294
1.8140078
-1.6049021
0.8482574
1.3437266
-1.3425719
-1.634836
1.2535276
0.3797946
-0.27929425
0.97239053
1.2530957
-0.26775247
0.65366673
-0.74637
-0.01954294
1.2001901
-1.523579
-0.22706732
-0.42470998
-1.1344802
-1.2895477
-1.5227158
0.5171574
-0.1613713
0.06314958
-0.55164325
-0.14986819
-0.31535965
0.3591945
-0.6056491
1.2319498
-0.10471305
-0.563943
-1.1175325
-0.5856557
-0.634598
-0.22278863
-1.2531934
0.5341089
-0.21349771
-0.3520691
1.0977237
-1.4278548
-0.64641404
-0.38889548
0.41759524
-0.9905633
0.22287649
-0.60814065
-0.36846566
-0.88952136
-0.6338377
-0.11746948
-0.87031984
-0.27186427
-1.4375845
-1.6071652
0.7890007
-0.8794079
-0.41795817
0.7647647
0.3189506
-0.6087226
-1.0117265
-1.3479308
1.7134122
-1.4151073
1.7514415
-1.7397326
-1.0076953
-1.5607604
-0.53530043
-1.4164313
-0.52342093
1.205493
1.4848119
0.36524543
1.7016805
0.1485143
1.6286755
-1.5924267
0.04640736
-1.2165056
0.78756094
-1.0528232
0.14316198
-1.1612264
-0.7271679
-0.73019147
-0.08005198
-1.4425838
-1.1658223
-1.4063895
1.0460448
0.47090924
-1.7859334
-1.5031799
-0.21138681
1.227273
1.6410155
0.857741
-0.096437186
-0.20887491
-0.8071147
-0.75109106
-1.5557585
1.698086
-1.0600188
-1.5304599
-0.6781893
0.10573836
-0.70029145
-1.7353258
0.59431696
-0.5802255
-0.36187607
0.64881474
0.3118202
-0.9283097
-0.008350216
-0.0646579
-0.7430447
-0.9725108
0.63537496
-0.66586554
0.25375268
-0.31535435
-0.8630065
0.6709691
1.2492604
-0.7532574
-0.15304103
1.8932266
0.7894877
-0.8352719
-0.31813657
1.5934663
-1.1534014
1.1975452
1.9786013
0.8600005
0.8134118
0.14126378
-1.4266844
-0.95593166
2.0247612
0.8971304
-0.18874303
1.5049267
-1.419626
0.51757145
-0.375709
0.7818434
0.06813312
-1.5549206
0.47956365
-0.75018483
1.3355045
-0.50504375
0.22508128
2.0506144
0.39523876
-1.6580681
-1.2216789
-1.3349475
-1.0736136
0.5728249
-1.6670129
-0.30632663
0.57997566
0.4155145
1.1851993
-0.8144747
1.8902805
-1.2614479
0.9269184
-0.18271086
-1.6536758
1.7954445
-0.8331932
-1.1127061
-0.10089904
-1.598042
-0.93677527
1.6719298
1.647221
0.3326004
-1.626818
-0.76016986
1.1303252
-1.3926601
1.0200962
0.29344118
-0.77567554
-0.47296137
0.29347715
-1.0943378
-1.3714255
-0.34849754
1.3462043
-1.8365816
0.15273535
-0.17783998
-1.2912687
1.5714085
-0.05815083
1.4782625
-1.4583509
0.9085552
1.6121862
0.8447335
-1.4999224
0.791928
-1.3587621
0.1628305
-0.42899793
-1.3306718
-0.50114924
1.4960527
-0.58103913
0.2893006
-1.6078357
-0.26669925
0.54245484
-1.0104918
0.9642812
-0.28157893
-1.7270755
1.545847
-1.8292773
1.1425217
0.14916182
-1.1990385
-0.8392719
0.856372
-1.1053833
-1.2576349
-1.187007
-0.9950222
2.3549185
-0.050630003
-0.4369288
-1.2524711
0.005649816
-0.13609159
-1.6538526
0.41546643
1.0011204
-0.52105117
0.23700854
-0.37106103
0.96908414
-1.8581641
0.12523447
-0.15898068
0.002379162
0.58726853
0.5417329
-0.33857632
-0.14960511
-1.0204154
1.7078503
1.0348499
-0.90153044
-1.024356
-1.4963483
-0.4233838
0.40623057
0.92205626
1.8561251
1.5426402
-0.8282658
0.016557395
0.55155843
1.0842786
1.8889656
-0.2569661
-1.4331026
1.3029903
-0.920676
0.24712214
-0.9739913
-0.5440029
-1.0524417
-1.4206501
1.2910972
-0.9328045
0.06534579
-1.4791116
-0.4465451
-0.61713886
-1.306925
-0.30315334
-0.39020735
1.085596
-0.9800378
0.91777354
1.5446835
-0.9281139
-0.0015644202
-0.123999774
1.6257509
0.6654137
-0.35962123
-0.7072942
-1.1988708
0.61092484
-1.2297599
-0.10421427
0.29382756
0.09457142
-0.19960338
1.3532134
-0.21763447
-0.96785736
-0.60695815
-0.8426698
0.9942566
0.42513484
-1.9366256
-1.4938346
-1.0787903
0.36484078
-1.4352032
-1.4125036
-1.3794789
-0.7517388
0.9929645
-1.6995673
0.725662
-0.6009513
1.2953525
0.5087378
0.042712215
0.74276793
1.2533853
1.2863352
-1.6961838
-0.6614972
1.2792761
-1.3209864
1.7895603
-0.5064604
-0.5232587
0.85804844
0.32210776
-0.42153296
-1.2991073
-1.1284382
-1.3933916
-1.3022486
0.19650593
-1.0559852
2.173938
-0.30414158
1.0893517
1.3712634
-0.97711855
-1.457437
0.8909776
-0.18405458
1.7125833
-0.11186118
-1.9422615
-0.4924308
-0.7598731
0.90276814
0.0029187347
0.21644227
0.7771336
1.7701304
-0.2611989
-0.726745
0.47897
0.12865789
-0.708364
2.276649
-0.58780473
1.184025
-0.053454496
1.4936789
0.2954133
-1.0003788
1.6813728
1.303253
-1.6846678
0.17945878
0.8660276
-1.3081521
1.0574872
1.1804252
-0.34402224
1.0757493
-1.8739877
-0.2446401
-1.1334381
1.7913492
-0.8947475
-1.0594774
-1.0897108
0.83269334
-2.0353198
0.46700686
-1.5649655
1.3895363
-0.884665
-0.467961
-2.2071755
-0.12018424
-1.0371147
-0.8607498
-2.4982648
-1.515068
0.20975359
0.7914994
-1.0981594
-1.0528063
1.427562
-0.9741829
-0.11980303
1.491977
-0.93475264
1.1768498
-0.12034494
-1.7034181
-0.03625311
-1.293834
-2.0021222
-1.4220107
1.4978597
-1.1552074
0.47434142
1.3192953
-0.01333506
-1.0434171
0.46885464
-1.6110027
-1.1512744
-0.41533992
-0.2932992
1.7076851
-2.087549
0.46359736
-2.1061242
1.5503336
0.39599323
1.7378821
-1.7376873
-0.190226
1.5085229
-0.79706997
-1.0084852
1.6495758
-1.4101882
1.9512413
-1.385676
0.16927996
-0.6494951
0.5195278
1.7586658
-0.8794242
0.3287221
-1.5856256
1.9331559
-1.5522854
1.0165046
0.29447094
-1.7454264
-1.0993471
-0.5680545
0.80759275
1.4983981
-1.4046017
-0.22045875
0.19621384
-1.2786088
-1.5507697
-1.0167675
0.7222044
-0.71050656
0.43826455
-0.5811778
-1.4878001
1.2834758
-0.6847415
1.2609502
-0.38777927
-0.94560134
1.2968321
-0.95805633
1.2168005
0.9202021
-2.1279838
-1.2700135
-0.5072972
-1.0179621
1.5246428
-1.0786301
-1.4150754
0.15713128
1.63211
-0.46671697
-0.790338
1.3815702
-0.9752515
-0.58225316
-0.42938656
0.97922575
1.9119253
0.45011693
0.7765041
-1.6018677
-1.4576064
-0.9947474
-0.77488565
0.82714593
0.9788381
0.37775603
-0.24790736
-1.2033846
-0.6864536
1.4067427
-1.2047144
0.51784563
-1.439795
1.4961512
2.0039628
0.67507017
-0.14024955
-1.6500146
-1.2055237
-1.4352434
-0.48546463
0.9837189
-0.75891566
0.90383303
-0.9430686
1.2063437
-2.2349343
-1.4899888
-1.1688167
-0.21202901
-1.0186875
1.2293421
-1.5502584
-0.9314971
2.3470047
0.33601093
-1.788281
-0.4959878
-1.8059946
-0.19116907
-0.8595196
-0.77151865
-1.6686084
-0.6924369
1.7663835
-0.7176398
0.11589126
-0.8582905
-1.0523353
-0.41580728
1.7466717
-0.26714656
0.043869875
0.01360358
-1.3412758
0.38066053
-0.013246343
-0.4002481
-1.0260557
-0.54684603
0.8145689
0.014733898
-1.5775669
0.89862114
0.4919539
0.07103656
0.49673855
-1.5409315
0.25369248
0.29539633
-1.2305722
0.671976
-0.6386048
-1.408213
-1.4380095
-1.3822638
0.0005588978
1.1523805
-1.3778678
-1.4111562
-0.56602967
-1.4910975
1.806601
-0.06710285
-0.6486524
1.4482926
-0.29720595
-0.8365451
0.053697824
-1.9698731
0.45714086
-0.52055717
-1.8181357
-0.36392578
-1.5559554
1.4267725
1.6146442
-0.4634691
-0.7507704
0.5166302
-0.2972918
-1.3817816
0.05710076
-1.6724677
1.6032934
-1.6405029
-0.43343115
0.2538628
-1.9440002
-2.1425722
0.33708766
1.4870143
1.2821925
0.60364294
-1.1305647
1.1641296
-0.33381703
0.82220775
-1.186205
1.7689393
-1.0475465
-0.85890615
-0.19640282
-1.8232247
-0.24784133
0.50480604
-0.3550029
1.2178665
-0.54872024
1.0331018
0.53727984
-2.0184307
1.2346001
1.88214
1.0237021
0.2201709
-1.0476688
-0.5236962
1.0055397
-1.2260491
-2.165255
-1.298407
-0.88086313
-1.5660193
0.7077481
-0.25383687
-0.43242392
-0.67014754
-1.0343953
-0.9527379
-0.6976053
0.052123323
-0.97485846
-1.281706
-0.97797483
1.0977591
-0.2109659
-1.8140293
-0.9329764
-0.8000754
-1.7727622
-1.1295668
-0.8565712
-1.3761461
-1.1158004
-0.35717192
-1.1463599
2.1048646
-0.714663
0.38625968
-0.58174044
0.93894356
-1.4887304
-0.9671291
-0.60604125
-0.17673251
-1.4734187
0.099515855
-0.46356416
0.83684736
-1.4375632
-1.86875
-0.8904265
0.27324182
-0.97212064
-0.76552844
0.0053976513
-1.6024866
-1.7089739
-1.037086
-0.48640522
0.32705563
1.7020676
-0.7988885
0.30653366
2.3507638
0.4997909
1.8801243
0.92573255
-0.7041842
0.7422754
-1.8464724
-0.043431047
-0.88309795
-1.9617257
1.3963372
1.4654474
-0.46784404
-0.024775054
-0.23766714
-0.7619852
-0.012689227
-1.7950662
0.27347803
1.0107596
-0.63350964
0.39216495
-0.5377133
-1.175018
-0.13649803
1.1266236
-1.8298776
0.8113514
-1.6131873
2.0282156
0.2627369
-0.64010733
-0.862293
0.5168323
-0.7876797
-0.7851522
-0.4128664
1.0611181
1.6480944
-1.1532412
0.95307606
-1.3145673
0.32281968
1.3253503
0.567564
0.835881
-0.7702055
-1.3546367
-1.1619273
0.8747306
-0.9917268
-0.000634253
0.13585326
-0.3126702
-0.00061817653
1.4859838
1.2235706
-1.5471231
0.25680533
1.0031185
0.36716434
0.905753
2.1413472
-1.0415481
1.4208099
1.8216578
0.3356943
1.692483
-1.3985088
0.5734491
-1.143295
-0.0055338386
1.0802828
1.6025811
-1.1280388
-1.3490684
-0.6613666
-0.19517191
-1.5683182
-0.916193
0.96349764
-0.89275765
-0.26072997
0.3880175
0.2136223
-1.9416255
-1.1702728
0.22361487
-0.14947651
-1.1312232
0.0019585104
-2.019032
-0.052591696
-0.8368455
-0.6489594
-0.9986757
0.96648145
1.2910767
0.5939626
-1.1753867
1.6335902
-0.22535932
0.2600817
-0.7916048
-0.13953948
0.37219372
-1.4078006
-0.65505326
0.101397425
-1.206608
-0.5347798
1.3317248
0.30913475
-0.14462028
-0.39494017
-0.2692683
-1.3079181
-1.4236022
0.10293878
1.5015515
-1.0577334
-0.60585064
-1.5450963
-0.3506982
0.717172
-0.2942368
0.44569546
-2.0261958
1.4389311
-1.35505
-0.0039685713
-1.5478247
-0.18749148
0.06816407
-1.8079232
-0.07771717
0.7012486
-0.2264515
0.20229515
0.40279755
-1.2256438
1.2345467
1.6135387
-1.3189126
-0.015098445
-1.1481173
-0.48121268
-0.27022845
1.467417
-0.7259349
1.9918655
-0.8198185
0.3519057
-1.4578259
1.4193711
-1.6255045
-0.7860773
-0.6077212
-1.3660395
-0.6220087
-1.2954865
-1.1487119
0.9293865
-0.14040068
0.50524247
0.6176888
0.81560814
1.2103881
1.4029425
-0.057005357
-0.64773726
-0.5966366
-0.7326331
-1.0055622
1.7716866
-0.30324188
1.5020609
0.64026
1.1969571
-0.3181516
1.6509879
-1.0368185
-0.3625897
-0.2589169
-0.23947306
-1.071733
-0.7613218
0.045997296
0.67049956
-0.19081692
0.8458591
0.114187025
-2.0388246
-2.5600367
-0.5366127
0.649564
0.6064841
-0.13280591
-1.1908106
0.15840122
2.0839005
-1.4609377
1.4091034
-0.0017979135
-0.3927351
-0.44677556
1.7687639
0.6106924
-0.83154106
-0.3663546
-1.2232536
1.5302771
1.1031103
-0.9870454
-0.24318595
0.07407826
-0.4299818
-1.7878592
0.85929835
-0.59394276
1.2992088
0.3804294
1.4453596
2.0108678
-0.83971405
-0.053491425
0.65946203
-0.99296904
-1.3948504
-1.7464333
0.18301596
0.30561292
-0.846615
-1.4950897
-1.9124019
-1.1924317
-0.81186724
0.7426104
-1.0411589
-1.2106469
-0.018210188
-0.9299512
0.5468799
-0.08015757
1.9888948
1.582051
0.58650726
1.2405792
-0.30884618
-1.9736695
0.027938994
0.98751915
-0.42481622
0.34616533
0.94958663
-0.8939957
0.66635007
-0.54763925
0.61135775
-1.2050248
-0.50558615
-1.404608
1.2048137
-0.7341201
0.018626954
-0.660307
-0.780404
-1.4924988
-0.744397
-0.76517814
-0.7114461
0.09165464
2.204725
-1.4071146
-0.07619611
-1.3402951
-1.0771483
1.6564753
-0.04526905
0.42575762
1.5923847
0.1926859
-0.71707326
-0.88848555
-0.8077317
-1.3187803
-1.2064896
-1.4288602
1.334863
-1.8095315
1.4378617
-0.5518388
0.456099
0.10401956
0.12474124
1.8906747
0.79423
-1.1734297
-1.0811043
-0.3431602
-0.06987146
0.7688968
-1.7553875
0.066848904
-1.9151019
-1.4918476
-1.514548
-0.15665257
0.040053163
-0.39708412
-1.3816277
-0.012509481
-0.1401495
-1.2011911
0.26748204
-1.4514934
-0.7624045
0.30124098
-1.402799
0.86850655
-0.4150724
0.35177633
-1.2193081
0.000706613
-0.1393073
-1.3331771
-0.05484973
0.9160281
-0.313643
0.1461915
0.57755715
1.3260143
0.25415537
-0.13143568
-0.25162497
0.29164645
-0.2396909
0.35444587
-1.5864658
1.2278523
-0.10500586
1.7444273
0.39012447
0.2233516
-0.47230992
-1.466336
1.966301
-0.92787665
-1.0412856
0.8913653
1.5875715
-0.47170362
1.5488644
0.02976507
-0.065013565
-1.6019298
0.45030117
-0.9449968
-2.1099102
1.3062588
0.06653523
-0.5608343
-0.1186444
1.209829
-1.4506717
0.29521888
-0.15428476
-2.1579754
-0.93645805
-0.2523298
-0.10322279
-0.8636883
-0.21966365
-0.96112835
0.19690019
-0.46610937
-0.6819507
-0.8265399
-0.96832955
0.51915497
-0.1851642
-0.9991685
-0.45313287
-0.07116961
-0.7279526
-0.5152649
1.9615176
1.6881425
-0.92955565
-0.9766716
0.6232429
0.0055516115
0.051298767
-0.41948
0.9904362
-0.7623757
1.3494521
-0.9229631
0.92996454
-0.85607964
0.62922156
0.15315065
-0.99748755
-1.6225948
-0.49008602
-0.29730016
-0.6157763
0.42659232
0.68695986
0.21880737
1.7885004
0.53560567
0.66476816
1.69656
1.3294665
-1.2075874
1.3964962
-0.98236465
0.43771031
1.6163024
-0.6189529
0.41717753
-0.64098716
-1.6237266
-1.04789
1.2786334
1.6958555
-0.30204594
-1.143641
-1.0145814
1.3277711
-0.075424515
-0.11438683
0.34906825
-0.90662706
-0.447111
-1.245743
-0.37094122
-1.126869
0.14265892
0.4080328
-1.1213301
-0.5486841
-0.1604278
0.6007431
1.389763
-0.29185244
-0.32481655
-0.6885879
-0.31804922
-1.1918688
-1.228526
-0.090899244
-1.111178
-1.1183949
-1.7409354
-1.8259172
1.8436561
1.976571
1.2121707
-1.0511956
1.5870389
-0.98208094
0.66033286
0.29992646
-0.19709665
1.1601645
-0.10123472
0.33880848
1.1297317
-0.6262176
-0.6407684
-1.3613396
-1.1485677
-0.16689523
-2.0154352
-1.3680884
-1.0744579
1.5373123
1.350077
2.02249
1.663978
-1.1149018
-1.53389
0.34342304
-0.62685275
0.37397322
-1.4093899
1.0018888
-1.4444485
-0.7983918
1.6983017
-1.5151532
1.7985919
0.1952156
1.8862544
-0.566687
-1.3890676
-0.92969817
1.6898284
0.9229633
-0.042555097
-1.6512083
0.9063988
0.26690122
-0.88409257
0.8397734
1.0797958
-0.044470135
0.73126304
1.0932233
1.3063467
-1.4853201
-0.27928963
-0.17915525
-1.201138
0.71939206
-0.4767897
0.65922874
-0.23553006
-0.8606812
-0.024355052
-1.2473745
1.1918855
-2.0118754
-0.42755657
-1.2666782
-0.17106612
-0.41754568
1.5373191
-0.6898668
-0.3593043
-0.37439594
-0.24171755
-2.0238235
-0.8322197
-0.5883481
0.91953397
0.62129855
-1.8107767
1.1031457
-0.26240736
-0.05978111
0.9751605
-1.7814407
-0.06507115
-0.8824437
-0.46792367
0.12082377
1.7085054
0.8354979
0.80228806
0.77118486
-0.31473073
-1.284124
-0.33119988
-1.33373
-0.6056588
-1.6554394
-1.5904886
-0.051027965
-1.0205059
-1.0689511
1.025052
-0.23958257
-1.4408102
-1.1063449
-1.8787355
-1.1256784
-0.8214458
-0.84573257
1.729493
1.344141
-1.4381833
-0.22975376
0.08958562
0.36096507
-0.6190193
-0.67791706
-1.6919708
0.7625933
-1.338437
0.44484615
-1.8759601
-0.6258869
1.1782477
-0.37697148
-0.87176406
-1.621667
-0.16406377
-1.4958863
-1.4335355
-0.8032756
-1.4255985
-2.3177612
-1.027979
-0.46927965
0.18731342
-1.3380126
0.04205977
0.16096136
-0.9568153
-0.04660057
-0.40387118
-1.500426
1.2365049
0.41726127
0.85136986
0.5068489
-1.7144587
-0.9629182
-0.9799032
0.4260608
2.4077504
0.061310682
0.17535059
2.0464218
-0.04325391
0.1806415
0.12142578
-0.6942363
-0.04566739
-0.7331436
-1.1269617
1.1658022
0.43884188
-0.9519216
0.009480811
0.26774678
-0.9794933
-0.20947205
0.089466594
1.023107
-0.83532155
-0.35914713
-0.38531527
-1.1740882
1.2237962
1.4385856
-0.33719987
0.78971785
-0.1381191
1.3943245
-1.6187083
0.2086331
0.47232702
-0.048163567
-1.2535322
1.8571796
-1.7461948
1.7173234
-0.66340697
-0.6061711
0.94038373
-1.713687
0.06171199
0.23877507
0.17416006
-1.6306077
0.5024882
-1.6858224
-0.59576327
-0.79182976
0.82687473
-1.5300558
-1.2149282
1.4625863
1.727629
-1.5807008
0.10794941
-0.27896535
-0.570426
2.0740628
1.7745826
-1.8968652
-0.39127174
1.8634226
-1.6326407
0.51916564
0.5976729
0.07716418
-0.8475834
-1.430031
0.5140078
0.6678432
0.522418
-0.22908978
0.19565253
0.37391296
-0.61682713
1.8122747
-0.6143754
2.0464935
-0.16843764
-1.9405274
-0.8558938
1.3880322
-0.8208543
0.32523665
-1.885479
1.1964437
0.30563906
-1.3830848
0.5112281
0.089134425
-1.4666092
0.7051691
-1.3968344
1.1733996
0.12543224
-0.18891369
-1.3333203
-0.8553684
-0.6352337
-0.983049
0.7474808
-1.3269652
0.9949018
0.75498646
1.7798982
1.1513101
0.20658943
0.4828905
-0.4969514
-1.7911844
0.103925414
-1.1689569
-1.3674927
-0.6865
1.0807307
-0.53778964
0.428117
-1.7071222
-0.8607769
1.4484509
0.9636756
1.8466771
1.2654513
1.3058081
-0.9968407
-1.5346498
1.6115689
-1.0181472
-1.7607229
0.02770022
-1.4841342
-0.14378682
-1.173335
-0.8210549
-1.3344916
-0.38974556
1.1588016
1.1734489
-1.4852327
-0.8454599
1.0050839
-0.873766
0.3704246
-0.7289976
-1.5085403
-1.6802225
-0.08978008
2.0497653
-0.8619716
-0.8739795
-0.008946646
0.23242381
0.1722778
-1.5720682
1.5613889
1.7170998
0.35478023
1.7775756
-0.8448496
0.44799554
-0.47898325
-1.2279115
0.99148536
1.8075006
0.31272715
0.105469085
0.23798367
0.47495937
-0.73282856
-1.2372139
1.8870785
-0.29592964
-0.92130977
0.3136429
1.0452778
-0.21501386
0.055946592
-0.21232188
-1.0565791
0.44962868
-0.20011163
-1.5931252
-1.8613086
0.37192813
-1.4555498
1.0081902
1.5016264
-2.145027
1.3259734
-0.811763
-0.81105614
0.87082064
-1.19819
-1.1118523
1.60807
1.1607867
-0.09891093
0.09542395
0.96965635
-0.24553852
-1.0875864
-1.008836
-0.4869715
0.2605587
-0.47308016
0.7529594
-0.75218475
-0.4968657
-1.306489
-0.71686184
-1.089617
-0.6049542
-0.63500315
1.4928739
-1.31482
1.4535775
-0.7816236
-0.273764
0.9650484
-1.2977431
-1.4854617
-0.08775222
1.0106212
-0.34396088
1.991291
-1.4974504
-1.3534478
-0.11122613
0.6818604
1.5198135
-1.0516181
-1.3271865
-1.7599261
-0.15606649
2.0076132
-0.04420338
-0.095602065
-1.4763086
-0.07626181
1.0084774
-2.3676462
-0.26388058
1.4438396
-0.83546203
-0.6962665
0.536255
0.10404347
-0.542471
-0.72961986
0.40395433
-0.6736985
-1.1611433
0.92866504
-1.0529449
0.5122102
-1.1120517
-0.6269694
-1.3046315
0.9377338
-1.5919168
0.22570562
-1.800245
1.2519653
-1.5159769
-0.11908251
-1.2569906
-0.42997268
-1.2280697
-0.6436064
-0.63034856
1.4549283
-0.43144256
1.6768868
-0.38421676
-0.5522113
-0.9776757
-0.0087367045
0.530842
-1.0619156
0.62829185
-0.12263371
0.03897056
0.3953759
0.5246708
0.9583167
2.001484
-0.9538475
0.66680694
-1.9251318
1.7909331
0.7173609
-1.2326291
-0.4222733
-0.71544516
0.6779017
-0.60383964
-0.37409642
-1.004014
-1.5564035
-1.2304647
-0.58422774
0.739031
0.2124991
-1.515724
0.28389874
-0.2280244
0.81385475
-1.5653634
1.71182
1.2686058
-1.0983928
0.9249829
-0.7916539
-0.3099105
-0.04997368
-0.9800135
1.8703594
-1.5925009
0.0077967746
-0.1943879
0.5786784
-1.789905
-0.9588737
-0.60992944
-1.5319536
-0.5899388
1.0515001
0.3758071
1.3979391
-0.11909811
0.010599951
-0.44153848
1.7341913
-1.4572666
-0.6753426
-1.4401803
-1.6478776
0.23662592
1.5027534
-0.15778822
0.49703857
-0.3327517
1.7583356
0.7252335
-0.9037578
0.80433536
-0.37648806
-1.6952487
-2.0062776
-0.2756517
-2.041402
0.6789971
-0.2595103
-1.2919221
0.065301225
-0.34607607
-0.26478046
0.15893623
-0.08067173
-1.2185284
0.9319495
0.84643775
-0.9400654
1.7519413
-1.9729896
-1.3756665
-1.6955998
-0.24856535
0.29804665
-1.0327224
-0.27972308
0.057285413
2.0713584
0.6003292
-0.9363545
-0.6412878
0.5114277
1.0700855
1.1408643
-0.3461429
-1.3102922
1.1106888
-1.3590649
1.0272603
-0.9303682
-1.8906287
-1.531227
-0.38630792
-0.54569745
0.9554136
-0.19747359
-1.4715363
-1.4720863
1.5810401
-1.4307685
-1.1232522
-1.1070803
2.0831125
0.71372336
-1.3561505
-1.1031355
1.4414668
-0.75830054
-0.371526
-0.55988896
1.6200966
-0.2680184
-1.3718365
1.2996522
-1.6748346
0.8041843
-0.0622329
-0.42148027
0.33279455
-0.51730335
-1.212501
-1.1604915
-1.1395272
-1.3791975
1.6031742
1.2320913
-1.6848993
-1.8051852
0.12984937
-1.0807217
0.87518275
-0.58052236
0.19950727
1.1486205
0.12252819
0.29116887
-1.7383703
-0.66019094
1.2498362
-0.6469905
-0.91313475
0.026127473
-0.8166491
1.8234695
-1.646292
1.3320405
-0.62974584
0.40275994
-0.21460882
1.7604414
-0.7213694
-0.60528654
1.6962508
2.001625
-1.1221995
0.8333857
0.49915645
-0.6173043
0.06025144
-1.1174608
-0.74015045
0.108744845
-1.1658429
1.9290044
-1.0340532
-0.38370734
-0.8725933
-0.7577027
0.6065482
0.109762974
0.3940447
0.625793
1.3385432
1.5566615
0.33873385
0.94540834
-1.6449263
1.4074639
1.1484215
-0.020365305
-1.040641
0.6182983
0.41053203
-1.7459052
2.071479
-1.3901297
-0.07320975
-1.5618851
-2.188211
-0.17590676
-1.4167857
0.16890287
1.3981588
-0.0335385
-1.6245599
-2.1416004
-1.3541399
-0.8086499
-0.66495764
-0.2303274
-1.1205599
-1.6264974
-1.6032939
0.86426604
1.3652763
-0.48907477
-1.7000173
1.073249
-1.6150917
-0.8549294
-0.8418065
1.7640593
-0.65789914
-1.549391
1.0364234
-1.6169069
-0.68471354
-1.9252129
-1.4627186
-0.2853337
0.7996815
0.460737
-0.8316482
-2.1353943
-0.6041851
-0.42062506
1.3939104
-0.98472977
1.2611895
0.95036805
-0.45346525
0.90853524
-0.94109315
-0.6350367
-1.2252127
-0.75806457
-1.0947294
1.0992513
-1.5787053
-1.4051805
-0.2415029
-1.2850266
-0.8447238
1.5205193
0.7241211
1.3037978
-1.4795558
0.456129
0.007648751
-1.4380057
-1.4646847
-2.0365076
1.6914651
-0.190888
1.9203241
-0.564978
0.29649174
-1.3975297
-1.194181
2.0497582
0.10950881
-0.9001891
-0.40850323
-1.3260784
-0.46023223
1.276211
0.24011387
1.2483922
1.6580696
-0.72952425
1.8327918
1.5516751
1.4116888
-0.7353243
-0.2000911
-0.6133375
1.5092025
-1.2550473
-1.0689894
-0.66341025
-1.5055376
1.1773028
-1.1168832
1.5332336
0.92819166
1.9318012
-1.0525643
-2.133851
1.7504733
-0.34812748
-0.8121254
-0.6045394
-0.6464709
-1.9829026
-0.60828686
1.2176068
-0.9346471
-0.19661431
-0.89314497
-0.7547041
-0.11890321
0.45267504
-0.20845781
1.3195043
-1.1141988
-1.4099368
-0.7896026
-0.9053614
-1.8097842
1.0551424
-0.15373424
-0.846114
-0.4182863
-0.5387965
-1.5322717
-1.6154377
1.5666673
-0.036081094
1.7920984
0.51796556
0.11784802
-0.9109747
0.87713856
-0.20790884
-0.23286268
1.2194484
0.5541029
-0.6850473
-0.3444337
-1.0051855
2.0679877
-0.33284208
1.222989
0.29229763
-0.94403017
0.34105924
0.2843416
1.2450635
-0.15628643
-0.86409855
-0.48508108
1.8239652
0.3191126
-0.2718452
-0.6514881
-0.4690195
-0.31740588
-1.6430324
0.8375357
0.68437874
-0.46334746
1.6643939
-0.26601902
-0.20390263
1.1305199
1.5919514
0.9837712
1.3957691
-0.2512321
0.50380147
1.1824856
-1.2830619
-0.13295533
-0.91765803
-1.3755802
-0.3747148
0.8861937
-2.1256137
1.5485623
-0.8058839
-1.1297354
-1.4818993
-1.3215846
-0.19114575
-1.3856812
-0.503872
-1.2872903
1.0631384
0.39235267
0.8146872
-0.08072794
1.6233906
-0.89557993
0.613459
-0.5714511
-1.023906
0.35576677
-0.38753802
0.6155154
-0.9735185
-0.8795557
-0.26444384
0.3805607
-0.81284505
0.16375397
-1.4564313
-1.581895
0.49769193
-1.6240357
-1.187188
-0.80468726
-0.16550332
-0.04486705
-0.504853
-1.1176114
-0.035045587
-0.6404103
-0.9577106
0.86599636
-0.023784973
-0.3714
-1.1483822
-1.7249309
0.9438777
-1.5217587
-0.8129141
0.14023748
0.6511097
-0.25199482
-0.82724375
-0.53950155
0.4388804
-0.7308615
-1.3607148
-0.99416536
-0.14079167
-0.34677503
-1.5077424
-0.40279463
-1.1036298
0.5351154
1.0243913
-0.38606244
0.29520032
1.4773291
1.6234827
-0.3833421
0.83042383
-0.7157719
-1.1552169
-0.36242837
-0.9053139
-0.97583354
0.17283899
-1.4389871
-1.1515886
-1.4675688
-0.40194365
-1.5749981
-1.1462885
-1.6482782
-0.4652213
0.9930564
-0.5846127
1.4298456
-2.068457
0.9756794
0.88155085
-1.3201053
0.9257151
1.6653287
-0.53885543
-1.4160235
1.5557225
0.90742326
-0.07172391
-1.157378
-1.3427322
-1.8315413
-0.2636105
-1.6136518
-1.1690754
-0.37816852
-0.5133236
-1.232167
-1.4313558
-0.27701074
-0.7499477
-0.67388064
1.1491525
-1.0981469
-1.8037257
-0.5536758
-0.790557
-0.7231017
-1.068558
-0.26949942
1.4898238
2.338912
-1.4353335
-1.3789557
-1.7500775
-1.1208997
-0.53067225
1.41782
-1.2498665
0.41647992
1.0927556
0.93163437
0.9290343
-1.2944846
-0.06725634
-1.6929946
-0.84525317
-0.8681137
-0.41243973
-1.5251746
0.90749776
-0.7005994
-0.038348533
-0.9515139
1.236292
0.7116456
-0.72379774
-0.01994477
0.5940585
-0.21309203
0.4635509
-0.94872534
-0.22498693
-0.40459648
-0.26375243
1.0295901
0.30658743
0.2821133
-0.014959725
0.21899626
-0.5389603
-1.699442
-0.61196756
1.371149
1.1195524
0.20261508
-0.09126584
-0.082723305
-0.591784
1.9193068
0.6781573
-1.1999412
-0.15927066
2.003011
-0.9156006
1.4317936
-1.2875057
-1.0175526
0.3818652
-0.15495537
-0.29974326
1.1907723
1.3230553
0.31453162
-0.9199108
-0.34389278
-0.053929206
-0.73939866
0.4554012
-1.597859
0.20129846
1.2886537
1.0641654
-0.15170366
-1.0624678
0.3861478
-0.48112777
0.21227683
0.9800198
0.005738823
-0.094034776
1.7331905
-0.6970873
1.5060598
-1.176687
-1.4352278
-0.31248233
1.7305663
0.55046403
0.54085517
-1.1197498
1.3556007
-0.13277346
-1.3062339
-2.126723
0.19955148
-0.75517356
0.22101277
-0.050140582
0.466379
0.17870398
0.64714926
1.6899352
0.21309413
1.3252034
-1.337532
1.1215031
0.7775138
0.48776376
-0.714524
-1.4813615
-1.5618258
-0.40041056
-1.0346515
-0.53043574
0.6433628
1.4755552
2.1186023
-1.0772814
-1.0670924
-0.42866248
-0.4302903
-0.53684604
-1.1365681
-0.89167374
-0.45342463
0.98101705
-1.3356785
-1.4730285
0.48388276
1.8874376
-1.2199619
-0.94035757
1.1825166
-1.8382425
0.13106905
1.3702158
-0.57572716
-0.96374696
0.625081
-0.9190625
-0.6431878
-1.096271
0.68363386
-0.29738623
-0.68362045
1.1932503
-0.23165539
1.0575336
-0.6477394
1.0753629
-1.3039012
1.7861738
-0.41312608
1.201369
1.8147542
0.8554226
1.4157293
-0.8826394
0.7837219
-1.7900101
0.79988086
1.8004858
0.072374366
0.25327012
-0.88466465
0.108379275
-0.13911141
1.4907176
0.35621697
0.45474878
-1.097317
0.3097661
-0.49892032
0.5379678
-0.65531427
2.1966045
-0.51563704
-2.0583901
-1.0352225
-1.9109417
-1.5834955
0.477749
-2.009414
2.0274863
-1.3279014
-0.6337651
0.5782844
0.28150952
0.7246459
-1.7886951
-1.2568275
-1.0882381
-0.53067803
1.7599047
0.85086006
1.680569
1.4556736
-0.56733584
1.764991
1.4048249
0.08631647
0.27515894
0.5696379
0.12802733
-0.3340923
-1.6918828
0.9693854
-0.78398484
-1.0475878
-1.5299685
-0.78274435
-0.6513471
0.22530884
-0.6235034
1.2531598
-1.2422806
-0.009799502
0.33140597
0.036359522
0.04864333
-1.5062486
-0.5943267
1.3747872
0.031369094
1.1259525
-0.30075747
-1.3669666
-1.5163151
-0.9457499
-0.235808
-0.8835559
1.2725303
0.102757454
-0.4760806
-1.1847966
0.22707945
-0.22834942
-0.19985852
0.9182622
1.4586303
-0.98248744
-1.2896227
0.07537007
0.4941363
0.61008364
-1.1828384
1.1617895
-0.9257823
-0.4932304
1.7387323
1.1620004
0.17535892
-1.5582467
0.8738136
0.0058820955
-1.6191441
-0.4038933
-0.07431304
0.18026121
0.052962773
-0.8084954
-0.12021511
0.87104136
-1.2153615
1.7606833
0.07305589
-0.26589042
1.5316045
-1.5510434
-1.8202507
0.13113892
-0.7035097
0.27015373
0.10954731
2.07895
-1.6394266
1.153405
0.6670966
-0.44498625
-0.92218465
1.9578346
-0.38024858
-0.91147983
-0.7535596
-0.6006914
0.30677897
-0.55467016
1.389506
1.6431736
0.89077604
-0.036803704
1.4207695
2.0253873
-0.25257662
-0.23841916
0.13743703
-1.60916
0.9798676
-1.533689
-1.8376057
-2.2725842
-0.071504384
1.0793811
0.82426727
-0.42281464
-0.4354014
1.5918123
-0.36710227
-0.95266056
1.7360889
1.1065474
0.9894832
1.1953224
-1.5262309
-0.8891616
0.32425705
-0.051973812
-0.2938169
-0.24412556
0.7236116
-0.9052925
1.1078261
-1.1036487
-0.87881136
-0.10940247
-1.8452204
-0.6962126
-0.5551653
1.5824867
0.6068275
-2.2161942
1.0357263
-1.4838574
-0.25839704
-0.13739313
-0.5336446
0.38321382
2.2482152
-0.2423474
-1.3676332
-1.1955813
0.97486967
1.65936
-0.44412303
-1.161402
-1.3515853
-0.20211996
-1.5725795
0.11556346
-0.15104602
0.7817664
1.5570056
0.21389782
1.1296552
0.7024007
-0.0748467
-1.3025489
1.5650966
0.26345265
0.025403129
-0.8258797
-1.6240889
-1.2605671
-1.3753667
-0.4380919
1.1122167
-0.9776658
-1.2139586
-1.339516
-0.24548417
0.5506667
-2.0243537
-1.0372336
1.2854009
-0.23709251
1.3534781
-0.93323284
-0.87886345
0.7837467
-0.98170376
-0.55849624
-0.07377698
-2.16601
0.46817052
0.12920234
1.0511026
-1.2804552
1.4316658
0.12695284
0.074844964
0.55622584
1.9947708
0.8501297
-0.9999645
-0.15410872
0.48649618
0.08206955
0.5322152
-0.36597192
1.3905853
-0.69785273
-1.985553
-0.1214608
-1.1559913
1.6400594
-0.21800007
1.2633947
-0.63527536
0.20710926
-0.7382614
1.8712322
1.2929833
0.831829
-0.24455345
-0.6886749
0.44508165
-0.8340419
-0.831823
-1.0561931
0.8633759
0.32214645
0.3828293
-1.827919
1.332367
0.9505391
-0.70958763
-0.62765515
-1.2412483
-0.6318144
-0.7242428
0.12774117
1.4371736
-1.0707122
1.5226412
0.17281733
-2.0548265
0.74247634
-0.663537
-0.18121926
-0.6488899
-0.28661832
-1.2217389
0.92213804
0.51072043
-0.19469297
-0.6848558
0.6410044
-1.0579517
-0.4271147
-0.7631816
0.06592347
-0.11980107
-0.2128994
-1.5040643
-0.46800816
1.3021411
-0.44915587
-0.5431521
1.7459161
-0.73020864
-0.004988337
-0.06104104
0.3131659
2.4461462
0.90484864
1.5631406
0.35511827
0.49928257
0.08962559
-0.7727224
-0.16983926
1.5280116
-0.060514428
0.12566681
-0.58494735
0.19678532
-0.7630483
-2.1474102
1.2653444
0.00086902815
1.0513897
-0.5344053
1.4098636
0.1221207
0.9610451
-0.97798663
-0.34080157
-1.4706178
-0.15522355
-0.7462176
-0.74272317
1.7549542
-0.73194826
-0.06391369
0.4028034
-0.09901804
-0.82648826
-0.38776982
-0.9400567
-1.4003786
-0.93941015
1.5101377
1.557261
0.040997077
1.0181246
-0.12502885
0.3520986
1.863235
0.95713943
-0.19233516
1.8389443
-1.2755405
1.3095174
-1.5504704
-0.5580386
-1.6140772
-1.7398133
-0.13815485
0.9832022
1.3595079
-0.73691577
-1.4294615
-1.3825655
-1.0284317
0.014091759
-0.31538317
-0.33276537
-0.08854193
-0.6229771
-0.31878293
1.0401946
-0.43518123
-0.16046314
-0.02020901
-1.4790064
-0.09752128
-0.60186803
-0.38279942
1.1578074
1.0716562
1.6767141
-0.25202933
0.5770246
0.3880975
-0.91007376
-0.016889634
-0.23486552
1.755898
-0.8800533
0.6878098
1.5402418
0.012178001
-0.61762786
-0.5335833
-0.9955199
-1.248392
-1.1070523
0.74190134
-0.017996978
-0.5967107
0.7114151
-1.1103543
-1.1518288
1.9519721
0.05906651
1.9312041
-2.1604965
1.0707479
-0.8236997
1.6353338
-1.7837496
-0.6609487
-0.020936668
0.036412477
1.1014533
1.677008
1.9234486
0.27665848
-1.1327865
-1.4045131
1.6720872
0.83607745
0.11356119
1.529749
0.3128504
-0.11132002
0.9433361
-0.80802333
1.8472644
0.21032551
0.3086655
-0.4295548
-0.0317771
0.7664497
1.2406267
0.62461674
1.2259877
-0.7274249
0.83948565
1.3053159
-0.7917629
-1.0477831
-1.4028704
-0.96520346
-0.7375098
0.9092624
-0.18152139
-0.107287236
-1.4473051
0.90564996
0.31660354
1.242817
0.71769035
-1.2811003
-1.7886212
0.011203665
2.039874
0.6614718
-1.7117882
-0.7456293
-0.65730786
1.0221827
0.6004103
1.9288907
-0.525002
1.7171757
-0.87693226
-0.31554657
-0.3408484
-1.9459305
1.6032022
1.4139011
1.3312154
0.11856714
0.1719353
-1.2208164
-0.0484539
1.5324297
-0.89158154
1.2765276
-1.1207736
0.23040725
1.338682
0.7008926
-1.4627935
-0.11100964
-0.4489879
-0.00029832125
0.8091757
-0.86368406
0.71343654
-1.1958556
2.247308
0.13797517
-0.582405
1.5362121
0.29120263
1.256704
-1.1882133
-1.179557
-2.0023568
0.25798288
-0.22251743
-0.26862842
-1.2963979
1.3980339
-0.90228456
1.2270305
-0.7777208
0.76766646
0.7597053
0.15361921
1.7262794
0.4056879
1.9467508
-0.6956547
-1.8582108
-1.2416543
0.48270294
1.6795062
-0.2834994
-0.26588717
-0.34611344
1.0981923
-0.31801546
-1.0685644
-0.2713662
0.07810498
-1.1787264
-1.0718791
-0.5068654
-0.28574753
-0.16683054
-0.21097994
-0.051366113
-0.7397709
-0.6801619
-0.5037389
-1.3352766
-1.0109688
-0.3675683
-1.5142015
0.15783733
-1.0769103
0.16933312
-0.038166195
-1.259383
1.2715802
0.7322384
-1.057483
-1.26808
1.1839235
0.357673
-0.916976
0.85054827
1.3386434
1.4811504
1.0949055
-0.7146344
-0.50351274
-0.112522535
-0.6777393
-0.08574696
-0.13237199
0.6868918
0.1782442
-1.3504719
-0.07588779
-1.5522722
-0.65068716
-1.3061081
0.063087195
1.0887241
-0.21047753
1.580512
-0.6961322
1.7726142
2.083373
-1.6625454
0.23975675
-0.52922505
0.85543334
-0.94362676
1.7851317
-0.07510939
-1.2026514
0.67501897
-0.40159413
-0.38675743
0.76914465
-1.6146677
1.3962026
-1.8150234
0.10462423
-0.40493622
-1.0806409
-0.5609625
1.8178169
1.4769307
0.7314345
0.18290997
0.4602209
-0.51170135
0.5345783
-0.58508456
-0.9981489
-1.0096803
-0.3044869
2.0056043
-0.17600574
0.8109207
-0.18376337
-2.4687562
-0.26119944
0.15890159
-1.4929786
0.05347838
0.41952622
1.0828209
-0.6616734
-0.42928824
-0.16738972
-1.894041
0.6469505
0.32213572
1.3483982
-0.020307546
1.4668559
-0.41082275
1.7705753
-1.0236238
0.25210968
-0.63489676
0.07214589
-0.9230686
0.98118293
-1.4848684
0.9492992
-0.9009333
0.18000613
-0.5175886
-1.2331877
-0.18718638
-0.106897965
-0.9249455
-0.5317292
0.23426288
-0.6986048
0.95230484
-1.6476266
-0.9292144
-1.5085968
-1.0196117
-0.039458435
-0.96213543
1.3403792
-0.36737338
-1.0525944
1.2367601
-0.93280053
-0.78037506
-1.1446147
-1.2105459
-0.09438067
-1.0920131
-0.5142669
-0.21822795
-1.9099844
-0.31148937
-2.0942361
-0.4257483
0.33763042
1.4568175
2.2212102
-0.7765467
0.61149836
1.3000492
-0.40861422
-1.3651832
-1.1369723
0.05020911
-0.0033385395
-1.267654
0.3601115
0.5199849
-0.398481
0.03380052
-0.13856472
-0.1692465
-0.28766426
0.6895594
-0.45684642
-0.18103501
-0.18504187
-1.2315077
0.8544686
0.53923297
0.87872344
-1.3503387
1.6983571
0.7954202
-0.05372949
-0.15262854
-0.5598542
-0.29806715
0.3659603
-0.7762624
0.80601877
1.2764952
0.5907644
-0.16236284
0.31468368
-0.3879568
-1.9392023
0.0979338
-0.50397235
-0.004762512
0.4171741
2.0723267
1.3908553
0.41405496
0.34104678
1.1904845
-1.5697663
1.6615784
-1.4942751
-1.5670855
-0.14845277
-1.4209139
1.3136175
1.0192481
1.4205093
2.240238
-0.43152854
-0.76830786
-0.7048163
-0.16996881
0.9282942
0.9349442
-1.1067065
1.8207805
-0.4898677
-0.33066377
-1.3289249
0.29922503
-0.8048227
-1.4561226
-1.3527224
0.49792418
-0.22771366
-0.7144024
0.24763341
-0.4039429
-1.3220533
1.6581851
2.0002632
1.2580588
-0.09119218
0.2347436
-0.65610564
1.8772871
1.9213015
-0.31769302
0.028962787
-0.6523292
1.4044094
0.8410778
-1.3866955
-1.4632653
0.7986553
-1.5700446
-1.4513918
0.8250679
-0.17461632
-0.34297517
1.0494449
-1.5710013
-1.0396616
1.2203609
0.49138466
0.17802314
-0.84579504
-0.079717636
0.5618657
1.112415
-0.50032145
-0.74562407
-1.4501563
0.73388094
-1.6819522
-1.3113858
-1.7312796
-0.7103482
0.16888808
1.2127551
-0.49889767
-1.2784845
1.1829714
-1.4801843
0.10845822
-0.66320074
-0.4332751
-1.4234949
0.30981782
-0.7149707
-0.98410726
-0.95436
0.38750187
-0.044581793
1.2102478
0.049238335
1.2832605
-0.78602916
1.0924618
0.64827174
1.4914596
-1.362227
1.8182544
-0.26029474
-1.3248018
-1.0364826
0.7766051
-1.0597738
0.18935885
1.796194
-0.20390347
0.3618586
1.5595218
0.20596844
1.8075407
1.1044939
0.81160426
-0.5233087
-1.9340298
2.0240355
-0.4428076
-1.3498449
1.8207757
1.2660279
1.5710067
-0.83418655
-1.086808
1.6468623
1.057349
-0.14898013
0.6183023
-0.8749061
-0.27972612
-1.8678012
-1.8385849
1.6119858
0.82105774
1.3222554
-1.227242
1.4690264
-0.046085037
1.4688655
-0.95860493
-0.020460967
0.74337864
1.7180941
0.911347
-0.79339194
-1.7772347
-0.9562
-0.13614018
-0.17245309
-1.6068647
0.9344337
-0.51728827
-0.16807741
-0.83792734
-0.6014703
-2.15987
0.98033667
1.2549882
-0.7982887
0.8253224
0.14326853
-1.2272412
1.5775642
-1.0940355
0.43120685
-1.3309666
0.077919364
-0.48569193
-0.5220525
-0.3378854
-1.7636285
0.008161532
-1.3953652
1.6682999
-0.36491463
-1.2023867
-0.22192083
-0.32801977
-0.6843563
2.1013517
0.49124074
-0.85796595
1.8738935
-0.5831406
-0.4973126
0.52830434
-0.6527021
-0.3489914
-0.996926
-0.6054399
0.13272814
-1.7815071
2.047245
-1.0830646
-0.28008315
-1.1917995
-0.42161986
0.45053747
-1.9734998
-1.6782773
0.7401722
0.4349809
-0.23423924
-1.0654869
-1.2423582
-0.43921673
-0.3275744
-1.6927137
-1.1617354
0.34466082
0.12957647
-1.527722
1.7611964
0.80685854
-2.0423837
-0.7004041
-1.0027506
-0.23323202
-0.37285373
2.0330384
-0.14954855
-1.3616741
-0.10920333
-1.1367692
0.39300582
0.6891873
-1.639229
-1.8047069
0.94575655
-1.6137453
-1.012253
-1.2242216
-0.0368129
0.37894538
2.0547853
1.3892833
1.1305153
-1.063387
-2.2638104
0.7919279
-0.25007343
-0.563754
0.8258438
0.29727682
1.8284112
0.1209393
-1.752415
-1.5520811
0.6695236
-0.72759795
-1.5692528
-0.6017548
0.74071676
-0.31463432
-1.5681405
-1.0833921
1.0315235
1.2506436
1.3498377
-1.3736084
-0.15503377
-2.0873241
1.6605752
-0.42710122
1.9357429
-0.11064663
-0.66958964
-0.5926015
0.7075278
-0.21967871
-1.2782073
-0.5851821
-1.84923
0.015103946
-0.122165
-0.2069978
-0.12981984
1.0388463
1.256325
-0.7850702
-0.9202806
0.0033335327
-0.95991784
-1.5924402
-0.78538084
1.1144049
1.0234711
-0.06369931
0.9248256
-0.16843319
1.2615815
-1.6113284
0.27112782
0.69870746
0.5599631
-0.009008368
-1.006313
-0.17690577
0.73472226
1.8763237
1.2180709
-0.84972703
-1.404656
1.5619993
-0.12896279
-0.94986176
-0.019763181
1.7825059
-1.240969
-1.8314123
-0.24971685
-0.65164596
1.5883601
0.968802
-1.2411841
-0.84691644
-1.3563727
0.30088133
1.6193188
-1.2161065
-1.4578748
-0.7545105
-0.5291923
0.15643796
1.6123714
-2.071359
-0.7545997
1.7383654
-1.2196138
-1.3804302
-1.2605138
-1.4250664
0.03348346
1.4464338
0.053294104
-0.13988665
-1.2607021
-0.76842195
-1.0346311
1.5092067
0.67835695
-1.3487217
-0.501631
-1.0421071
1.4828453
-1.4478072
0.2511438
0.5602289
-0.8679311
-0.62203467
-1.5751262
-1.0691743
1.9046887
1.4145396
-0.83865976
0.09862359
-0.7687878
-1.4642996
-1.1271902
0.49379003
1.4043274
-0.2594196
-0.08579547
-0.27032778
1.7779301
-0.27115643
-1.0664037
-1.2626662
1.8036451
-0.7102776
-0.18551962
-0.6179738
-0.33376923
0.29459205
-0.24143286
-0.21627517
-0.3526475
-1.0890992
-1.6353362
0.9482461
0.77693886
-0.22965792
-1.1712306
-1.7891513
1.3723568
-0.5609337
0.13326441
1.0153786
0.3311265
-0.29563525
-1.4053935
0.14017946
1.2226979
-0.39229548
-0.6189796
-1.1335397
1.7287592
-0.096542284
0.89400136
-0.82875675
-1.4853865
-1.3681142
1.4724405
-0.49769717
-0.5667658
1.9512644
-1.3021715
-0.6274846
0.014228386
1.8901359
-1.0103587
-0.29102862
2.0321326
-0.806033
-0.9716269
-1.3416787
-1.3225161
0.5702514
-1.0261924
1.6807446
-0.08137427
-0.33335856
-1.0685437
-1.2445256
0.9671251
0.118948475
-0.6322084
-1.5690347
-0.6716611
1.0249741
-0.3450251
1.3017915
-0.20229842
-0.85384464
0.25263137
1.3186712
1.1992009
-0.24683295
1.0062099
-0.22961503
0.76365876
-1.3800005
2.0196931
1.1349453
0.88549525
1.2898955
-0.45720488
-0.89244455
-0.05292856
-0.63845927
-1.2606767
0.51895183
0.94484127
-0.84717584
0.018448144
-0.84927636
0.96669376
0.3011273
0.052903555
1.554439
0.57912797
2.1367137
0.718531
0.9139962
-2.0046666
-0.6315366
-2.1323626
-0.5017842
-1.0035641
-0.3643996
1.8369542
-1.8979744
-1.2174004
-0.3065261
-1.4123107
-0.91275036
-0.16955127
-0.36125952
1.040302
-0.28064764
1.212067
1.1563442
-0.8524188
-1.785892
-1.1621784
0.8587326
0.49284136
0.19399442
-0.7939322
-1.3959298
-1.5953499
-0.26961723
0.21609078
1.8641653
-1.0965972
1.8522902
-2.1680002
0.6659225
1.6034412
0.24293302
1.6442772
0.92295897
1.8007472
-0.35138747
-1.7278286
-1.3836921
-1.0201161
0.6251363
0.6397345
-0.49968994
-1.7624202
-1.4981431
0.95165086
-1.6111314
1.1176589
-1.0540389
0.7709746
-0.098982714
-0.3672569
-1.7843553
-1.0119597
-0.89707077
0.15248463
-0.14464903
0.7960274
0.31058234
-1.0066966
-0.8118019
-0.20485435
-0.5887006
-0.50261563
-0.44592613
1.2680174
0.12842888
0.3530573
0.41678458
-0.6453863
-1.1209328
-1.4816225
-1.334998
0.03295113
0.37411383
0.058969893
0.6639836
-1.2393354
-0.52959245
-0.6182301
0.47881562
0.4427497
-0.6022155
-0.2955791
-1.3572037
1.1434215
-0.73343116
2.1136637
-1.2611209
-1.8835735
-1.74999
-1.4653907
-0.46021268
-0.9150986
0.9516362
0.22546472
-0.37680233
-0.0151990615
0.47637808
-1.5974158
-0.11867052
-1.1289006
1.1201471
1.4549404
0.684752
0.4280076
-0.68287647
-0.8932537
-0.9186705
-1.5210943
1.8342409
1.9347779
1.203729
1.9208883
0.88536096
-0.0143844895
-0.31368348
-1.526659
0.30728787
-1.4291085
-0.1447948
0.22460563
0.9871845
-0.8018799
-0.81357914
1.3905451
-0.45665318
-0.52213
-0.005750483
-0.9445255
1.3611188
0.5447076
-0.7781666
-0.392725
1.3999367
-1.6247633
-1.0859997
1.3134671
1.350969
1.6178266
1.0230223
-0.33884075
-0.98077387
-1.847129
0.5783555
-0.3402918
-1.7731102
-1.0805769
-0.44577593
-0.9050844
-0.36515597
-0.7204501
1.111712
0.027952997
-0.5822165
1.9392567
0.29058424
0.20466751
1.4958861
1.4995395
0.81390774
-0.973861
-1.7249863
1.4244596
1.6855841
-1.4719636
-1.2438844
-0.013564673
-0.6187897
-1.2325706
1.9356477
-0.86277014
1.8154248
-0.46485993
-1.6680574
1.9995574
-0.34235266
0.08992482
-1.5019188
0.98905516
1.001705
-0.50992996
-0.95845544
-1.9309273
1.1386056
0.6951254
-0.5266236
0.5467497
-1.7673681
-1.482526
-1.2058167
-0.793518
-0.6789384
-0.5083609
-1.5115309
-1.1786573
-0.21955594
0.39369512
-0.60920095
0.8087522
-0.94851905
0.53261095
-0.1928151
0.07488575
-1.4702123
2.0498466
-0.7137504
-0.4508149
1.111206
0.2090903
0.8639077
0.13785405
-1.6156445
0.7428794
1.80269
-0.72508067
1.5779191
-2.2080638
-1.6484574
-1.4787232
-1.5710596
-1.2428849
-0.4257284
-0.6334831
0.014254653
1.1010199
-0.7554395
-0.4897725
-0.90629923
1.159319
-1.2533929
-1.0588667
0.20363937
0.48725116
-0.36760682
-0.5557139
-0.5114751
0.74566543
1.1101526
-1.1106142
-1.082162
-0.8722761
-0.7140987
-0.22752306
-1.0948474
0.42517015
-0.8825642
-0.41595262
-0.031244501
-0.9157623
-1.8669438
0.5082236
-1.1386896
-0.5628982
-0.7924032
-1.8433651
1.9447954
-1.1612761
-0.97023857
0.5657643
0.46398628
-1.8605393
-0.50014687
-1.1546888
1.6131656
0.06253764
-0.62238467
1.680769
-1.3480848
0.06999376
0.8485261
1.2432475
-0.7804742
0.8488336
-0.71830803
-0.7768781
0.9581035
-1.256162
-0.90196055
0.5724536
-0.9784566
-2.0189137
1.8078645
-0.27113342
1.3724132
-0.60284543
-0.9121059
-0.8020165
-0.88737017
-0.877568
-0.19499026
-0.5346224
-0.35861942
-1.8467786
-0.23368932
0.9742391
-0.2474344
-1.390139
0.64918095
-1.5552576
1.1459264
0.25804257
-0.60023403
0.9765945
-1.9158015
1.2791357
-0.24762936
1.0404284
0.11540404
0.35569757
0.008054047
-1.4749279
1.3726002
-1.3085575
-0.22883238
1.645689
-0.28748178
-0.10520103
-1.4036084
-0.032615367
-1.7067959
1.413561
2.0118043
-1.1037457
1.0149577
2.0561612
-1.3365551
-0.4291152
-0.53303325
0.23885942
-1.4994187
-0.96837074
-0.9185518
1.6610283
-0.9489732
-0.36820698
-0.38724923
1.579482
-0.5900822
0.25090376
0.78134644
-2.151004
0.7908503
0.72101355
1.4438622
1.0713999
-0.10916943
-0.3425472
-0.23912902
-1.2092243
1.0081912
-1.346397
0.21011595
-1.5001789
-0.03939184
1.1060249
-1.6109215
0.27244315
-1.7013648
-0.8420834
1.1618993
1.0667454
0.93772006
0.18978466
0.57748055
0.22417188
-0.51242715
0.39611807
1.4289525
0.847542
-0.95969826
-0.60492754
-1.0049357
-0.664953
1.2031641
-1.2437745
-0.3312209
-0.50041676
-0.21929514
-0.37020022
-1.0607479
-0.083065726
-0.40857723
-1.0108904
-0.9435892
1.0480661
-1.4779822
0.51693267
-0.97255325
-1.0394205
0.061243106
-0.4227674
0.49535656
0.15149051
0.5120316
0.9222738
-0.56116736
0.2903231
1.4604958
1.2346773
0.76827675
-1.4508252
-0.46592203
-0.678107
1.4666147
-0.8344831
1.4301416
-1.3382304
-1.1641395
0.05917124
-0.21871021
-1.5400224
-0.245835
-0.9060008
-0.9759675
-0.19144873
-1.1681254
-1.0972775
0.41520268
0.54002136
-0.44378847
-0.5902176
0.27698395
-0.5967198
-1.7978587
1.7030402
1.3675408
-0.43835652
-1.9026942
-0.33035266
0.39068666
1.0103674
-1.7727757
-1.4843463
0.8279627
-1.4893109
1.1102741
-0.5374477
-1.5352732
-0.5689454
-0.75281864
-1.6441675
-2.0666153
1.531143
1.6312339
-0.52355653
1.4115514
1.6246687
-0.3595144
-1.1958921
0.82501614
-1.3236836
0.55835986
0.6118425
-1.111459
0.420631
-0.7294623
-0.2873337
0.39686078
-0.9326186
-0.14470561
1.9136987
0.0794729
-0.9932009
0.16667233
-1.687163
1.4646186
-1.3777637
-0.865834
-0.5342703
-1.8916227
-0.6642616
-0.6991817
-0.497902
-1.5714624
0.6424483
-1.154633
0.6393999
1.7515001
0.80495083
-0.10996702
-1.5197058
0.17377378
0.9010018
-0.41108924
-1.0545137
-1.1893373
-1.0648874
-0.6457762
-0.22458237
-0.025896143
0.37777266
-1.1169075
-0.94008845
0.66240203
-0.8287387
-0.02016623
-1.7524664
-1.1842973
0.24675348
1.0390126
-1.2468538
-1.4274759
1.613344
-1.4256271
-0.35884854
-0.979138
-1.4284565
-0.24043892
0.61475253
1.3828331
-0.6350262
-1.9621614
0.19245034
0.34777886
-0.35713378
0.60349613
-0.34180295
-1.2558436
0.37939727
0.45125872
-0.66690964
-1.0327592
2.046225
-1.0788404
1.5378023
-0.92822176
0.47284925
-1.430907
-1.0486495
1.1253189
-0.6219706
-1.5654871
0.7465465
0.2541206
1.6514208
-0.3676418
-1.587409
-1.3854641
0.67087173
-0.5747871
-1.150671
-1.0499291
0.7206604
0.6180822
-1.0639305
-1.6378325
-1.4530635
1.4580567
-0.21405688
0.093156025
-1.0935223
1.1596122
0.80669135
0.9850862
-0.1445998
0.9328557
-0.30711985
0.7369355
-0.013450352
0.20039159
-2.083071
1.5367155
-1.3172619
2.2341242
-0.64937913
-1.2184023
1.0129066
-1.3396014
-1.7525395
-0.89384216
-1.0534595
-0.91765714
-0.9752878
1.7930071
0.40080646
-0.17500553
-0.8585405
0.24087459
-0.08057789
0.10612975
0.9996939
0.2680814
0.694635
0.10068139
-1.1560817
-1.0876634
-1.6166257
1.5158529
1.5516917
1.934724
-0.15021665
-0.2304349
1.3237325
-1.1805005
0.86466354
0.96544755
0.8091482
-1.3642966
-1.0279487
2.1059453
-0.6808689
-0.08582343
0.2980138
0.061830826
0.75808954
0.5785151
-1.2734379
-0.96200854
-0.0011266766
-0.30072263
-0.44108367
-0.39373395
-1.0116552
-0.93453
-1.825805
-0.050694413
-1.9215046
-0.51626027
2.1394572
-0.66645855
0.7097928
0.12720376
1.4228408
0.4109315
-0.79074484
-0.83247745
0.10306172
-0.5131154
-0.75608426
1.3818128
0.6982064
-1.0208386
1.177232
-1.5986893
0.12154536
1.2894087
1.5198544
0.928279
-1.267519
1.3193979
-1.4056264
1.1016673
-0.76434165
-1.507653
1.239213
0.6290833
-1.1777343
0.24399872
-1.3714652
-0.9573762
-2.1795952
-1.3146739
-1.1229954
-1.780557
0.3233915
-0.8329765
-0.10437546
-0.8078816
-1.1741016
-0.8345989
-0.07597784
-0.14847122
-1.5360752
-0.16250913
-0.35741875
0.625824
-0.493535
-1.4202633
-0.484367
1.0011188
-1.0532569
-0.11140873
-0.15511231
-0.44535816
0.40208885
-0.6845886
-0.8602306
-1.091617
-0.607129
-0.6204746
-1.9288021
-0.5853828
-0.89443964
1.2773956
-1.6751419
0.99459255
-0.7867157
1.5015068
1.1006936
-0.96124804
-0.18617919
0.10267974
-0.032753848
0.4715125
0.80078787
-0.1389405
0.39201686
0.25506848
0.20058559
0.4823036
0.19749445
-1.0271049
0.66334033
-0.65862435
1.4910551
0.97446346
-0.33429164
-0.99812794
-0.8581194
-1.3570709
-0.22547343
-0.75646067
-1.6250421
1.187817
0.48971763
1.344781
-0.7015661
-0.116084516
0.6397739
-1.2890182
-0.03931256
0.39032686
0.20952742
-0.77185816
-0.11299019
-0.61487734
-0.15910776
-0.7953688
0.3026703
1.0434406
-1.6701186
-0.8302537
-0.0392677
0.6898791
2.089807
1.0823047
-0.5823133
-0.34538084
-1.6013584
0.22637288
0.7715941
-1.1323379
-0.65410286
-0.42420128
1.3541783
-1.3579731
1.4000012
0.62846607
-1.2369468
-1.1851069
0.78670514
1.563367
-0.1907437
0.80034703
-0.5600271
-0.8921009
-0.830164
0.45541263
1.2229123
-0.3804208
-1.1400586
-1.352338
-0.9047541
-0.38471878
-1.2273351
-0.5421354
0.7960445
0.7791562
0.27201873
-1.1729075
-0.5929451
1.0755868
-0.25845847
-1.3738761
-1.2061312
-0.8836225
0.024750745
1.458638
0.41893026
-1.5390031
0.62110114
0.72918963
-1.134001
0.83345604
0.4450396
0.5505276
-1.3793491
-0.7901573
0.15132602
-0.75835156
-0.029177964
-0.64862275
0.36890134
-1.8884779
-1.3070884
-0.5662569
1.6726332
-0.19256918
0.23074186
-0.1541463
1.4600564
-0.95103407
-0.18478912
-0.16699325
1.4831465
-0.61587405
-0.39863953
1.3695053
0.98099583
1.4944416
-0.2379769
-0.032351512
-0.54427016
0.4159025
0.92548966
-0.7267333
-0.7879222
-0.71747077
0.025842361
-0.56401366
0.651389
-0.37193573
0.82393473
1.3447261
-1.0395391
-0.042237144
0.5451026
-1.4615245
-1.4338992
0.97345847
-0.36752224
0.0025765272
0.10767142
0.031184923
-0.4667269
-1.2685411
-1.63581
1.0675483
-0.11903452
1.4501566
-0.7281142
-0.20900796
0.84270316
-0.6414622
-1.4986544
-1.3778296
-0.3564847
-1.4779941
-0.49328518
-0.535409
-0.057004146
-0.5336065
-0.7067564
-1.1926234
-0.45195433
-0.32020345
-0.27840453
0.40205014
-1.5788502
1.7778844
-0.15621482
-0.30800036
-0.5713551
1.9662509
-0.020471096
-0.3721683
-0.25084245
-0.1373018
0.19214731
-1.9635795
1.1855559
-0.08404181
0.7375196
-1.1817153
0.4872357
-1.7670965
0.35637468
1.6540427
-1.3973958
1.153278
-1.3718194
1.0605655
0.29362977
0.52091473
0.95529
-1.024461
-0.03053313
0.672374
-0.2799648
-0.7960153
0.007628248
1.3145909
0.38766614
1.2122899
-0.92764527
2.354339
1.0012493
1.9698485
-1.4895476
-0.7934095
1.7857497
-0.54167974
-0.091754176
-0.9172261
-1.3990902
-1.0642517
-0.14726283
0.6780309
-1.2816002
1.5084996
0.9401809
0.9821922
-0.19702932
-1.054422
0.39141065
0.28300074
-1.3433497
-1.071745
1.8724868
1.176276
0.956491
0.74539953
-1.1900535
-0.3517007
-0.9438722
0.114467554
1.0402987
-0.057967894
1.9086379
-1.2119772
0.63794816
1.1078849
0.5351796
-1.0580266
0.21694161
1.5289409
0.26675203
1.3319254
-0.9186595
1.8503244
0.36167797
-0.11986875
0.9273827
-0.73288447
-0.9653212
1.3114142
-0.91675675
0.5298178
-1.1720173
-0.1618871
0.8948102
-1.2071091
1.4701705
0.20831105
-0.14208645
-0.93538165
-0.91137516
-1.1269152
0.09039741
-0.27682963
-0.97244227
-1.538838
-1.0719019
0.80229706
-0.49987307
-0.7377333
-0.5532074
0.5379007
-1.4874868
-1.7012956
-0.47418344
0.5039419
-1.240654
-1.6237624
-0.84578216
-1.1872356
2.0333
-1.3199968
1.7940221
-1.6890339
-0.035847116
-1.0722187
-1.173572
-0.9493679
1.721426
1.0772535
1.8071299
0.9684464
-0.005303727
1.2701632
0.8881606
0.77695096
0.06296721
-0.67678744
-0.50236505
-0.11194776
-1.6767191
0.42087558
-0.80113494
-1.8054849
-0.6949706
1.3000625
-1.2166162
-0.47723866
-0.97528684
-1.6128352
-0.2467872
-0.16792479
-0.014752306
0.21872902
1.211216
0.31140968
-1.8899763
-0.99367136
1.4430742
-0.8010084
-0.4379115
-0.14843194
-1.8526816
-1.292311
-0.14550778
-1.4833516
-1.2439497
0.22565825
0.25328138
-1.8288089
0.085078724
-1.1501018
1.2205799
1.6497242
0.8883991
0.1896904
-0.61365646
-2.1696496
0.6321502
1.1895081
1.6054603
-2.1150668
-1.3039014
0.1693219
1.7025927
-0.34131935
-1.8423231
0.27322835
-0.25928518
-0.098217264
-0.518744
1.2681015
-0.54028356
-0.084000975
-1.6087263
-1.136443
-1.3544384
-0.19369118
0.19715852
0.27930263
-1.6181645
0.3248565
-0.4425173
1.21922
-1.4155747
-1.766333
0.19442824
1.0449495
0.41299978
1.1621948
-0.7984064
1.3739529
0.24411009
-0.5397513
1.2397335
-1.2492603
-1.8100029
2.125468
0.44678682
-1.5528073
0.045079704
-1.9265221
-1.505419
0.3356962
-0.033621114
0.24581641
2.004337
0.95737505
1.9796518
0.97702134
1.4752725
-1.0183492
-0.8358709
-0.7036076
-0.11935832
-0.018525897
0.20155397
1.5725849
1.0813792
-0.58556837
-1.4478126
1.0813447
-0.6988627
-1.4295578
-0.5458442
-0.68262774
-0.28515038
1.5822358
-0.8173405
1.1182246
-0.11142641
-1.3234606
-1.83436
-0.0871726
-0.04393428
-1.5357038
1.7530477
1.2226951
0.72170955
1.3236362
2.0109165
-0.8737436
-0.9398817
0.37077594
-0.02573331
0.729957
-0.47801614
1.4944034
0.4423448
-0.85015064
-0.71499914
0.8305855
1.0549462
-1.147367
0.30254808
-1.3842372
0.7583897
0.94599575
-0.15804783
-1.1255718
0.9360438
0.8991462
1.8485197
-1.2010825
0.7506773
0.7843306
-0.73294425
0.29339287
-0.46673185
0.5211568
-0.42826095
1.4131726
-1.3200867
-1.1916467
-1.5346252
-0.009976133
-0.6962978
-1.5372176
-0.5987559
-1.3238659
0.23149328
0.34355778
0.8877141
1.4370685
-0.33680987
-0.1660914
0.047712572
-0.27225778
-0.3103043
0.7694671
1.0485591
-1.7575226
-0.9314918
-0.2637637
-0.59664506
1.9078687
0.02160455
-0.17299601
-0.27122438
-1.7563405
-1.3363651
1.2888386
-1.0209696
-1.0963551
-0.78878635
1.7545874
-2.0421023
-0.630708
-0.18843763
-1.0076532
1.4773022
-0.3282523
-0.4379152
-0.10446278
-0.61076385
-0.025553038
-1.06563
0.0015536764
1.5592264
-0.4390637
0.7384349
-1.1439307
-0.0902598
1.8952066
-0.5067821
-1.1856188
-1.7559065
-1.1855209
-0.6212577
-0.9641336
1.2696469
-0.7209459
2.3575132
2.0504856
0.008220543
-1.1043725
1.6751311
-1.7763783
-1.115692
1.0631115
-0.93523216
-0.81263494
-0.95882255
-0.052080054
0.7812034
1.1923898
0.8714867
-0.00023274124
-0.66731536
1.1250393
-1.8718425
1.4255596
0.64191896
0.6332597
0.085103296
-0.5050278
-1.3214809
0.065500036
-0.49368426
-0.48460358
-1.0217606
-0.81650764
-1.1647835
-0.8455936
-0.936787
-1.4504724
-1.0330715
1.2012286
1.7489648
0.58123064
-0.87827474
1.32445
-0.15914752
-1.1125972
-0.02297218
-0.6819257
-1.5713454
-1.3906292
-1.6527101
2.295834
-0.48903462
-0.89022934
-1.1608682
-0.6056324
-1.3456285
1.2090168
0.9343176
-1.3988662
-1.0980932
-0.46154058
0.9553064
1.283265
0.41858366
-2.0904639
-1.1401031
1.0942101
-0.6607933
0.86443937
-1.0966744
0.3119818
-1.1742222
-0.28053916
-1.7140812
-1.4007368
0.197608
-1.377607
0.16523363
1.1570882
-0.6149413
-0.7332365
0.82309717
0.43625075
1.15278
-0.8119258
-1.1839402
-1.385325
-1.3912907
-0.77345127
0.5823226
-0.5514768
0.2944268
-0.9615955
1.0094321
-1.1098857
-0.8684442
-0.13299085
-0.07700401
0.62004143
0.8042938
-0.8926391
-0.25757268
-0.89764124
-0.6539033
-1.542352
-1.3066974
0.6446622
-0.04355356
-0.1278512
0.8568035
0.7323168
0.5853759
1.7560327
0.22312482
1.744323
-0.59020656
1.5385882
-0.9616155
0.6557601
0.4670648
0.35143146
-0.65755075
-0.5476455
1.5871491
-0.8264635
0.1535844
-1.2074312
1.9109273
-2.0812414
0.023522772
0.25054857
-1.0336266
1.9598725
-0.77752143
1.4126973
1.0773097
0.26366466
1.3852658
-0.547552
-0.19140951
-1.5044411
-1.2886434
-0.56792843
0.21670896
-0.21008994
2.2840085
-0.9487689
-0.35179406
-0.7175339
-0.3204551
0.47390747
0.3510345
-0.22010389
-1.2350926
-0.7247164
1.4078912
-0.95713043
-1.7771779
1.732826
-0.53801316
-0.69751763
-0.1370571
1.0600734
1.8475499
0.12128224
0.38638547
-0.91131175
0.73169816
-0.21200918
1.9850831
0.5602765
-0.7689144
0.3100989
-1.0601841
-0.86618763
-1.1118356
-0.61748755
-1.2707914
1.556478
-0.21400143
1.2171295
0.66921175
-0.69306123
-0.55569124
-1.6578292
-0.37148634
1.4183041
-0.52044564
-0.731859
-1.7810512
-0.4692742
1.7686422
0.18617263
0.18099624
-1.4342312
-0.13722809
1.0596545
0.6808667
-0.4844556
-1.6149764
0.99390876
-1.1722354
-0.424032
0.1200748
-0.1319177
-1.0103384
-0.538703
0.5484644
-0.40400192
0.016022094
0.36807954
-0.35807577
-0.31417668
1.3900671
-0.3005066
0.7834548
-1.534448
1.2062069
-1.3219837
1.5503944
-0.89849627
-0.8267452
-1.586301
0.035536192
2.0421848
-1.5104134
1.0925565
-1.1524385
0.5025635
-0.5805905
1.7957995
0.17297721
1.7851691
1.7933099
-0.7455248
1.5990684
-0.421517
-1.3992004
1.0139307
-1.305653
2.0685387
-0.8963338
1.3392874
1.7776964
-0.21519287
-0.58984107
1.5136964
-0.9232186
-0.09017979
-1.4087304
-0.88891536
1.8672777
-0.41917396
1.9239286
-1.1767433
-0.18566659
0.20896925
1.3619285
1.9837747
-0.28029022
-0.57696044
1.8243465
0.5911787
-0.09012954
1.3812785
-0.31778812
-0.62779915
0.18314224
1.2964121
-0.66386175
-0.49609676
-0.14353321
-0.5076883
0.014340036
-1.7895716
0.4320519
0.056894638
0.6621182
-0.73360777
-1.1118314
-0.8017582
-1.7356299
0.984281
0.74577487
0.6815988
0.24900058
-0.3110673
-1.3721093
-0.47026175
0.75615233
-0.8675591
0.2513311
0.42514008
1.447619
1.0771967
1.0019093
-0.90057355
1.6381058
-0.1132859
0.44270176
-1.1789347
-1.8103923
-1.1841414
0.8075152
-1.1357989
-0.041712344
-0.4409806
-0.12635297
-0.15025349
