-0.10002329
0.53715473
-1.0542877
-0.86077166
-0.82975733
0.56523573
1.1355737
-0.5037521
0.53664047
0.3043773
-0.5109977
0.8515135
-0.5139332
0.9951526
-1.2697581
-0.5197105
0.64270353
-1.2139525
0.70532864
0.26797074
-0.5290123
-0.9377399
1.2435278
0.84267396
0.61587685
-0.697714
-0.76904416
-1.1507579
-0.37197307
0.064005606
0.5841638
-0.6123172
0.7627427
-1.9111876
0.0623225
-0.28135508
0.7398147
-0.46774298
-0.028315665
0.26086223
0.8534891
-0.9365219
0.014406622
0.05474615
0.08371194
-0.36724272
0.4065614
0.09310625
-1.3931862
-0.017955683
-0.20772177
-0.3598505
1.1659132
1.4206244
1.1945267
0.22173399
-0.66054547
1.1961182
-0.039150387
-0.54430616
0.8235159
-0.69406915
-0.77266145
-1.5594064
-0.34444833
-0.6503074
1.2365879
0.0063278773
-0.44408226
-0.43189216
-0.83170366
-0.24494657
0.45409125
0.21920852
-1.144902
-0.58743936
0.037652463
-0.4057898
0.28320378
0.86500204
-0.30471286
-0.91791743
0.47294593
0.29442516
0.9629078
-0.105925836
-0.26142728
-0.8813842
0.033495165
1.0214413
-1.3220499
-0.78608924
-0.3509026
0.1919216
0.007874773
-0.0037853552
0.4294752
1.4128723
0.05380474
-0.4982174
-0.1164345
0.84791625
0.9594221
-1.1280098
-0.7063752
0.57682645
-0.8235791
-0.44775152
1.0564843
-0.25722715
-0.10033841
1.4258302
-0.16553418
0.2245302
-0.6036987
-0.06432485
-0.77568007
-0.40743214
0.38563642
-1.0766504
-0.61491203
0.19429478
0.50166214
0.010621119
0.9828244
0.058747668
-0.87557626
0.30183703
1.3658704
0.705045
-0.9323952
0.3340042
1.228542
-0.39343813
-0.57146806
0.5885014
0.63939494
-1.2855788
0.22795917
-1.4209975
-1.3298836
0.19700024
0.8352916
-1.0961354
1.6491492
-0.67447275
-1.0941154
-0.9621495
0.026090013
0.6185529
1.3492535
0.92450804
-0.24263856
0.83117056
0.4303367
-0.2788607
-0.0039089597
1.273732
0.6430614
1.0396191
0.42627415
-1.3493471
1.3727789
-0.6233284
0.9410175
1.3467288
0.41292405
1.0403736
0.012871038
0.0862794
0.087841384
0.5138637
1.5110936
0.33040318
-0.8893475
-0.81845695
0.45862305
0.4655131
0.5642977
0.06176545
-0.45054978
-0.3207274
-0.9867332
1.4109651
-0.121450245
1.133849
0.25269502
-0.32263958
-1.7626984
0.18076421
0.48367047
-1.0574703
-0.053980596
-0.9454547
-0.22896855
0.8702732
1.4461755
-0.08246194
1.2702385
0.492211
0.3466321
-0.97602737
0.28785825
-0.87470675
1.0089161
0.9110855
1.0984908
-0.86824363
0.5081934
-0.096713156
0.97225523
0.49546343
0.35349268
-0.13631566
-0.9044197
1.0669467
-1.2937866
0.37518433
-0.068205945
-1.478004
0.121042885
-0.19876368
-0.6998541
-1.5071384
0.05843955
-0.4221366
0.53458345
0.25887746
0.30435035
0.09317169
0.12946461
-1.2930086
-1.2399541
0.6781033
0.6326324
-0.013039628
0.0143324295
-0.9863968
-1.5952517
-0.41989312
-0.8222279
0.42962384
0.96268666
0.1663338
-0.89622045
-1.4275124
-0.4744119
-1.0487022
0.46736187
-0.5332738
-0.17621988
0.28236187
-0.2526888
-1.5457029
0.602553
0.72557473
-0.7683757
-0.9954642
0.5424924
-1.1256771
-0.020767223
0.24909258
1.5338182
0.5475962
0.27625895
-1.4039279
0.69477427
0.9074271
-0.8486661
-0.7145345
0.030639984
1.3526425
0.22798918
1.29909
-0.12669751
-0.8884774
0.783426
-0.50249726
0.0016494209
0.18880346
-0.7556685
-0.0075629107
-0.40737703
-0.96258605
-0.05274982
-0.51345056
1.2966441
0.77889436
-0.20466472
-0.12233931
-0.20715424
-0.012934397
1.116949
0.43047446
-1.3091155
1.1210768
-0.07736065
1.1765053
-1.5853097
0.7093402
1.1747366
-0.043234654
0.1941073
-0.38407183
-0.34709224
0.28509608
1.1532573
0.9296354
0.26724637
0.9209678
-1.0616467
1.4573094
-0.8729234
1.1762466
0.36760452
0.99999195
0.720952
0.882595
-0.03528213
-1.064631
-0.68311167
0.014013637
0.5863179
-0.34748888
0.49231663
0.6546123
0.1891536
1.0554066
-0.15104954
-0.3434435
0.1582879
1.1663601
0.24899037
-0.492225
-0.49560425
-0.9492772
-0.3848321
-0.44660407
-0.7872539
0.40679342
0.94591033
-0.71096194
-0.31621507
0.059813026
-0.3335808
-1.0996304
-0.5939787
0.3187493
-1.0611218
0.6421892
-0.5381148
1.2285023
0.37471712
0.75194997
-0.0750082
0.68092364
0.5276279
0.032306045
-0.30445167
0.9615426
-0.80571026
-0.79565525
1.1495051
-0.037926774
-0.5038066
0.6866201
0.71604073
-0.19815741
0.21068077
0.107021086
0.17274167
-0.936679
1.4525325
-0.9062007
0.69110626
-1.2117871
-0.075059704
-0.2120218
1.1388304
0.633322
0.32975265
0.09619706
0.36603713
0.49241942
1.3805588
-0.05669022
1.069592
0.613772
1.2991171
0.6944996
-0.99834526
0.28632566
0.7804166
0.5103221
0.3055477
-0.44315547
-1.6824037
1.1601115
0.71269196
-1.6759092
1.1559172
0.38714918
0.13762873
-0.8362973
0.86730945
0.50581944
0.9248921
0.92002076
0.66348934
0.61073023
-0.036730584
0.95919824
1.3253217
-1.2366505
0.87662995
0.570228
0.2201417
-0.5624193
-1.315238
0.48173136
0.86388403
0.7824112
1.0002548
0.20460014
1.1009672
0.02883875
0.38669407
0.800118
0.52282655
-0.9421364
-0.3166859
1.5635418
-1.3961948
0.8089043
-0.9915699
0.45555848
1.0023043
-0.17082362
0.48323798
0.5269643
1.1178471
-0.18293993
0.41149822
0.9557717
1.1496294
0.24213305
0.8083816
-0.22396836
0.18985252
0.6582511
-1.1455488
-0.3702135
-0.22585353
1.5341835
-1.1354827
0.6733036
1.1416125
0.80419683
0.995654
-1.4077861
0.47630668
0.42480624
-0.19522713
1.3845733
0.39357156
-0.17933516
-1.2156324
0.67344886
0.51542085
-0.52787113
-0.10105532
0.4769209
-0.6523604
-0.7198022
-0.11265671
0.43219107
1.18538
0.12973508
0.07756383
1.2482686
0.03872799
1.042001
-0.22486365
-0.07119508
0.14544833
1.0149002
-1.1711171
-0.3613245
-0.6556824
0.44586837
-0.38177404
1.1230394
0.49599487
-1.1512141
-1.4918513
-0.028368963
-0.3603535
-0.75185454
-0.39263466
0.7436155
0.4850214
0.21519929
0.021862673
1.2207041
0.1471336
0.97715133
0.0056540086
0.3510374
0.36947653
-0.3539561
0.28673753
-0.5410238
-0.6695176
0.23655249
0.5616262
0.77188087
0.6148149
1.030413
-0.102873445
0.33833522
0.10342185
0.15123904
1.45298
-0.009914405
0.24004067
-0.09104686
1.1050825
0.32137948
0.25677583
0.9363488
-1.5155735
-0.41829723
-0.7000043
-1.2344961
-1.5275726
0.06357856
-0.35512355
0.34859863
0.5878502
0.8465939
0.20884179
0.33769605
0.048389673
0.65354335
0.33028385
0.54849815
1.1020329
-1.4485376
-0.6248773
-0.49290082
-0.8179088
1.2329133
0.9039302
0.45196342
-0.587124
1.7112334
1.312735
0.5400988
0.57304
0.085724205
0.00032039732
-0.6997031
1.3191395
0.60103554
0.7545513
0.064671524
1.0541824
-0.013220173
0.64159834
-0.9369143
0.28928506
0.90272295
-0.5152644
-1.0658531
0.37215608
0.5795405
0.3451763
-1.2555821
-0.92481023
-0.080463454
1.4683937
0.9300637
0.6285591
-0.7834294
-0.46871838
0.73891455
-0.6768415
0.0015669012
0.6029863
0.28159824
-0.6309554
1.3612305
-1.0023986
0.44719893
-0.63650835
-0.22186333
0.9377981
1.1704121
1.3577336
0.1691513
-1.1416427
0.4069499
0.6624112
0.78005064
-0.3110439
1.1309867
1.0476255
-0.9337292
0.6543499
0.8439589
1.0099707
-0.29129136
0.40719748
0.86969256
-0.29623386
0.31859627
0.619778
0.9790007
0.6431232
1.2659101
1.7953482
0.16055866
0.6462569
0.8444846
0.25526577
0.43979716
-0.83326083
-1.2993454
0.0926939
-0.32456103
0.51225173
-0.8346989
1.4286405
-0.5920559
-1.4536645
0.57641506
-0.58387
0.827919
0.8190789
-0.44229114
-0.11786692
0.38321045
-0.4416238
-0.66660845
-0.05044995
0.07078814
-0.75054646
-0.20047049
0.20103763
-1.6780906
-0.020266863
1.7596534
1.4014975
-0.68228155
-0.25948685
-1.3150418
-1.5309585
-0.89126784
-1.0161561
0.86440074
-0.94116443
-0.44802788
0.42291984
1.4837263
1.278595
0.7309618
-0.78764945
1.6026342
0.48515505
0.5396943
0.022259125
-1.5625803
1.2299134
-0.08829914
0.3683676
0.14953122
-0.13833474
0.6220483
1.1329131
0.290276
0.73169214
-0.0045031863
-0.74374664
-1.6681225
-0.4726094
-1.0067532
0.026543783
0.25132054
-0.32952175
-0.6264419
0.31787357
-0.49930373
-0.044157725
-1.1400136
-0.4883908
-0.47489744
-1.0067446
0.56802005
-1.1348157
-0.74422365
-0.7760342
0.6197133
-1.7653887
-1.3867631
-0.998251
-0.82943946
0.020847606
-0.8365683
1.3279359
-0.70440704
0.48772705
-1.4670286
-1.5027834
1.5183198
-0.8950915
-0.38664418
0.5478464
1.3658376
-0.37138844
0.778911
-0.15293127
-2.0512152
-0.80056685
-1.0669732
0.6147427
-0.33428925
-0.27726722
1.1200223
0.100591354
0.2504346
0.29770017
-0.74919635
0.79751784
0.1758687
0.24931435
0.82032996
0.24572289
0.30038938
0.47817767
0.6723856
-0.8726468
0.4793114
0.8740078
-1.2159477
1.0783393
-1.1353476
-0.015837377
0.7260294
1.4194653
-0.2961332
0.6243779
0.6112596
-0.37859672
-1.4557011
-0.64379823
-1.5894359
1.3409969
0.07794187
-0.7728079
-0.7741622
0.14822839
-1.1224303
0.09866172
-0.15333061
-0.03631286
-1.2387712
-0.369512
0.70846295
0.22390279
-0.91999143
0.8907002
0.7457933
0.07148463
0.5504465
0.3424165
-0.43412232
0.3359285
0.021306131
0.99169874
0.3116867
-0.54880786
0.8334062
-0.35982913
-0.66053236
0.46790093
0.4590184
-0.7928409
0.06661939
0.2649884
0.5016596
1.2794504
-1.4908968
-0.5314157
-1.4830363
1.1356956
1.260322
-0.970513
0.13554738
-0.6467856
-0.062480588
1.3687674
-1.0388452
0.43723068
0.44172543
0.9031479
0.89527655
1.0599902
-0.30201703
-0.3542722
-0.5363436
-0.36410466
-0.82057613
-0.17205673
0.99851245
0.61378914
-0.1862696
-0.36333552
-0.19460402
0.8693968
0.97661376
-0.4056228
-0.3043306
0.72301227
-1.0681336
-1.0018916
-0.2601311
1.4842583
0.57542765
0.107847705
-0.3434745
-0.26088426
-1.0442343
-0.10788112
1.3963035
0.77779555
0.8803997
0.5635566
0.04776199
-0.9450669
1.0136924
-0.5160311
-0.0034093305
-1.3464911
-0.522779
0.065010525
-0.29966757
0.521281
0.09318549
-1.1732202
0.9119987
1.548428
0.63548505
0.24536559
0.5049879
1.3895602
0.6855538
-0.91519654
-0.62975746
0.2993463
0.36205238
-0.79257053
-0.79385614
0.881581
-0.39952946
0.091344744
-0.37439838
-0.7568252
0.0017400931
0.17341208
0.14821814
0.41237834
-0.38508353
-0.10847702
0.18677433
-0.3777133
-0.21055949
-0.07464954
0.16561398
1.0792104
-0.571319
0.17778723
-0.40794718
-0.7134482
0.8415888
-1.1055212
0.008967626
-0.28938958
0.33463907
0.2966677
0.43213496
0.14062986
1.0553219
-0.0012719954
0.7313014
-0.6057169
-1.3667685
0.7445748
0.23825026
-0.071976244
-0.26506433
1.3027366
0.05911626
0.040307343
-0.044435374
-0.33922985
1.0768937
-0.07603124
-0.25924206
-1.0841365
1.2125931
0.12959604
-0.6855441
0.1413965
-0.020016892
0.72107434
-0.530353
-1.62717
0.7239205
-1.2019879
0.790071
-1.3905554
1.3035591
-0.041910864
-1.6461409
-1.0255256
0.7250521
0.427814
-0.7798069
0.30114022
0.50939834
0.8680888
-1.3895044
-0.17034051
0.005392846
0.2551185
-0.47814804
0.4687317
-0.3471392
-0.43894222
-1.2069639
1.1032652
0.8323823
0.6446996
0.58748984
0.8249254
0.18191488
-0.2383065
1.0020297
-0.042944554
-1.3118625
-0.81440055
1.0144746
-0.05173875
-0.30977556
-1.0965694
1.2660508
-1.5251454
0.4204879
0.577013
-0.43717456
-0.071085095
0.33307096
0.89206874
0.4874369
0.63926935
0.8108981
1.0471609
0.3185062
1.0566471
0.28758025
-0.61063874
-1.4424267
0.5302566
0.8679396
-0.9317221
-1.7287731
-0.8431151
1.0654614
1.122696
-0.55249363
0.93173474
-1.2007475
-0.7374249
0.20567809
0.29673588
-0.003032471
-0.7203903
0.074928135
0.07303673
0.4463547
-0.07447445
0.4524538
0.74543625
-0.7561003
0.050012782
-1.3970443
-0.5852799
1.219775
0.21018878
-1.9731736
0.8859062
-0.9283292
0.9642333
0.5902973
-0.47672424
-0.0030718169
-0.9365051
-0.6872277
-0.5990049
0.49776396
0.09641753
0.5420284
-0.008675381
-1.3703479
-1.3131137
1.2388953
1.1845474
0.33578452
-0.35807654
0.98050934
1.2278175
0.053319693
0.9460201
-0.46414143
-0.90677685
0.3607777
0.16208383
0.19454786
0.3091638
-0.06379328
0.12952161
0.30135933
0.15452316
0.6403878
0.6407097
-0.16571803
1.1397704
0.48137686
0.8404653
-0.3810536
-0.20292133
-1.0025306
0.99705076
1.0861439
-0.22470276
-0.95630753
-1.350878
-0.012029294
0.788844
-0.1577148
-1.1334198
0.15990752
-1.3170846
0.697325
-0.3686438
-0.6073913
-1.2794672
0.61943364
0.5896777
-0.111796305
0.39595094
-1.356984
0.06551077
1.1062186
-0.35263574
0.16945566
-1.2798107
0.039136972
-0.34171805
0.7483279
-1.0421662
1.364684
-0.9141492
1.240037
-0.32664454
-0.8553405
0.40273273
-0.30463144
0.2626685
-0.70892066
-0.6185119
-0.4200533
-0.7980089
1.5050926
0.7114326
0.36223194
-0.58521235
1.1503474
0.20160376
1.1729549
-1.6606606
0.85442513
0.871251
-0.9799061
-0.312012
-1.502689
0.48454282
-0.4215733
0.8659756
0.116429605
0.7047003
0.5458635
0.80803627
0.06517977
0.23031719
-0.55555594
-0.12864485
0.73348093
0.7913922
-0.9483979
-0.22140446
0.6332444
0.5207875
-1.2208848
0.016756551
-1.4520218
0.0875656
-0.5894863
0.41569334
0.413384
0.6251078
0.22933622
0.10400937
-0.51524913
0.9520495
0.15568918
0.14184083
0.8431204
0.85856545
1.2183186
-1.318865
-1.1073916
-1.6496735
-0.5636937
1.6166197
-0.43154833
0.85985845
-1.0207164
-0.77258277
0.16070373
0.46933946
-0.7625119
0.9814672
0.9657062
1.5189502
-1.4637139
-0.11429101
0.04720886
0.022918072
-0.20817561
-0.02182992
0.14961435
-0.26858085
-1.8340319
-1.5660034
0.03001223
-0.5451724
0.12318914
1.0071683
-0.013960472
0.016116846
-0.8435886
-0.10911683
0.0530362
-0.20300195
-0.32926705
-0.5345009
0.5042918
1.4253677
-0.0023151336
-1.2820164
-0.20805919
-0.19077244
-0.7397685
0.9305258
0.24711165
-0.92459196
-0.15670517
0.43080607
-0.86381996
0.9148305
-0.36134705
0.47844982
0.77821654
1.221843
-0.34445384
0.09418388
0.23312815
0.49531117
-0.19246998
-0.8544644
0.56297874
-0.21248867
-0.14807042
0.6113802
0.5600072
0.88719475
1.4614096
0.3711712
0.7211809
0.69612163
0.44579053
-0.31500986
0.13015716
0.54840297
-1.2168756
-0.54898345
0.5679869
0.004736718
1.0903716
0.63482386
-0.6141183
0.26553768
0.6471743
-0.23376854
-0.9871021
0.23346661
0.3092364
1.302979
0.37639034
0.33510944
-0.17645298
-0.6239711
-0.7922554
-0.32598191
1.4572693
-0.17546025
1.0237346
0.0048998715
0.5300602
0.5447587
-0.42057896
-1.0985689
-0.8181219
-1.292512
-1.4387434
1.3017086
1.5612923
0.6827287
0.4080657
0.66965187
1.3177273
0.7766095
-1.2954097
-0.7286963
-0.90300876
-1.1691988
0.049789276
0.95456916
0.01512441
0.02426325
0.6565998
-0.35462284
-0.5574175
-1.1350646
-0.4712428
0.66178155
-0.55671763
0.4299948
1.1948664
0.8597032
0.04576418
0.037426475
-0.11997636
-0.79144585
-1.4942526
-0.0963742
-1.3870146
1.0720468
0.16322687
1.4136568
1.0338856
-1.0121099
0.34841567
0.84417534
0.7662597
0.44992808
0.27446845
0.9616196
1.4591086
0.76523685
0.9697299
-1.4504664
-1.7872702
0.9676367
-1.0260545
-1.0998996
-0.92318285
0.3710869
-0.09958571
0.11644068
0.008780701
0.26577678
0.54303473
-0.32599023
-0.015182046
0.31566963
0.028876154
0.1613045
-0.4161098
-0.35696524
-0.6613649
0.108178735
-0.13365184
-1.3575947
1.3055339
-1.756938
-0.19271268
1.2204857
-0.3173142
0.33720163
0.07312325
-0.07478838
-0.29341775
0.52667725
1.2986261
-0.036665514
-1.2608013
-0.4002219
1.3924445
-0.0069620865
0.14679177
0.7356786
-0.8563357
0.21829
0.27881187
0.52355456
-0.24613559
0.6327465
-0.9572284
-0.3585463
-0.6790052
-0.34657118
-1.0006201
0.7702289
0.27615586
-0.8593167
0.31766498
0.87623537
1.0180357
0.2000403
0.78970623
0.3651565
-0.05859822
-0.20234127
0.7324456
-0.1649143
-0.86468035
-0.36776313
0.6110061
-0.11122832
-0.3544219
-0.39015406
-0.59154165
-0.025613265
-0.30020335
-0.23388794
0.9163382
0.61324954
-0.022127202
-0.6894608
-0.87082124
0.75344235
0.44514537
0.5077139
0.78966427
-1.2140871
0.094729796
0.012791132
0.6473142
0.7361668
-1.4504458
1.2414513
-0.14919902
-0.2647421
1.5213288
-0.7135113
0.06283979
0.566723
0.2046426
0.38319305
0.19923136
0.3289814
0.16049138
-1.536621
0.56480646
-0.061556138
1.3018866
0.2106284
-1.2665615
0.5596199
0.99698323
0.21913864
0.62725526
0.57730854
-0.28092572
0.7454898
-0.25541797
-1.2773917
0.9665955
0.93365043
-0.47531712
0.46794397
0.024652852
0.38633585
-0.25861984
0.8505654
-1.052451
-1.0585036
0.5697011
-0.22063223
0.4399138
0.72925407
0.5329854
0.397984
0.30305848
-0.9907828
-0.8896805
-1.1953999
0.24472444
0.65670514
0.50296474
-0.20866117
-0.045918457
0.50557214
1.153445
0.66363955
-0.42652008
0.96838367
0.74975246
0.13331059
-1.0839306
0.06997492
-1.5492232
1.2234417
-0.6835879
0.15273494
-0.5484079
-0.52086306
-0.4350442
1.3552494
-0.2899939
-0.3668925
-1.5312032
-0.40322226
0.10496669
0.21816452
-0.17132911
0.60372335
0.087055005
-0.38411105
-0.3916183
-0.7806573
-0.61247236
1.1860745
0.8666547
0.5282472
-0.96588856
-1.2464583
1.0028379
-0.77864575
0.16973796
0.09283938
-1.3062644
-0.3722292
0.5530977
-0.0004644035
1.1449546
-0.9488257
1.1727264
-1.2828664
-0.118523076
0.016868047
-0.3463781
1.1085156
0.61757433
-0.02174604
-0.14452536
-0.7159524
-0.43883032
-0.33710313
1.265695
0.24815206
-0.64341784
1.3880213
-0.45801604
0.09351071
0.36672843
0.100386314
-0.5196863
0.60743135
0.54666275
0.72146404
-0.31352773
-1.2456522
0.22126336
0.2051454
0.5539979
-0.36296162
0.27113146
-0.7000404
0.7561251
-0.10785793
0.4910391
0.91471446
0.45863914
0.75134
0.66092294
1.1271393
0.9409151
0.6720747
-0.36202502
1.0601132
0.108828895
-0.8915562
0.46675587
0.6536628
-0.4373454
0.89967585
-1.1729486
0.4617312
0.2242461
-0.5878386
0.32293805
-0.27223164
-1.3947256
0.8381762
-0.90075064
-0.9882809
-0.022323754
-1.437106
-0.8685633
-0.042940386
1.0878692
-0.5799573
-0.89059126
-0.18922739
0.0067084455
-0.59821963
0.8624139
0.9703379
0.82077944
0.14633617
-0.41336983
-0.1465031
-1.0362343
1.4704189
0.65556645
-0.8201711
-0.43158486
0.9291706
1.6372073
-0.4542477
-0.009875301
1.1276479
-0.6117058
0.32778695
0.0072401767
0.42196646
0.38174185
0.99897563
0.37042376
-0.42193687
-0.4055803
0.0034072779
-0.044750586
0.2382432
1.499171
0.8543332
1.0644547
-0.22348751
0.6143248
0.2808103
0.2626276
0.9176735
-0.73004276
-0.7518135
1.5087852
-0.09894758
0.18006575
-0.72268426
0.38309953
1.4484371
-0.20943347
1.1531173
-1.0864549
-1.8219097
0.9643769
-0.3437915
1.5023806
0.46144652
-0.10278051
-0.26496965
1.0931824
-0.080739416
-0.47734457
0.2950638
-0.18897359
0.16538942
-0.39685327
0.11078324
0.4537897
-0.4410713
0.6233211
-0.056066565
0.30136108
1.0307125
1.3381553
0.03942198
-0.077112414
0.9630825
-0.17093746
0.49970105
-0.2987793
-0.033517916
0.2108363
-1.2555916
0.3594977
-0.5329739
1.4920441
0.4140976
-0.62728995
1.0158937
0.30447203
-1.1211499
-0.57960457
0.01743866
1.4427414
1.1533774
-0.845488
0.78063107
0.47475553
-1.3044595
0.7163298
0.034474924
-1.0240701
-0.9289877
0.11968214
-0.56393176
-0.8460484
-0.7742692
-0.25348726
0.7701311
-0.19838704
0.29346132
0.20778233
0.8903518
-0.6073637
0.8521991
0.4566097
0.30303457
-0.45187423
0.26051933
0.42574772
0.25464195
0.1258421
0.44930303
1.066493
0.9976151
-0.6887095
0.7451631
0.7012446
0.50422746
-0.08320725
0.22441556
0.19814022
-1.4961243
-1.0371978
0.017405821
0.7009016
-0.8328182
0.112602234
0.7333584
0.6823536
0.002920031
1.3066393
0.7384759
-0.066202074
0.9281148
1.4657892
-0.083619446
0.27390724
0.5236807
-1.5591974
0.22786719
0.15421754
1.26452
-1.5458902
0.24599196
0.26208586
-0.98196507
0.32846037
-0.6308039
0.5811897
-1.4356145
0.58929735
0.37388465
0.19220597
0.15764782
0.81963
0.1397094
0.5831716
-0.6184612
-0.3543301
0.44600382
-1.0395545
0.14309703
0.0627103
-0.9074379
-0.5343547
0.13814615
0.9496807
1.4587189
-0.12783764
0.35916317
0.07873199
-0.4389934
0.16162762
1.1589699
-0.56553453
1.2864134
0.6610014
-0.09055665
-0.7717829
-0.40614647
0.26878163
-0.6063386
1.0364666
-0.1658963
0.20871602
0.29595786
-1.3665439
-0.9433652
-0.9246659
1.0541774
-0.22310735
1.0842274
1.2151965
1.2829456
-1.122225
0.53605705
-1.1686971
-0.72266483
-0.8478231
-0.44631785
-1.5015192
1.1100135
0.9985919
0.004374725
-0.5011774
-0.5725271
-0.625204
0.6070203
0.25083417
0.10553037
0.26806062
0.89976037
-0.0069640027
-0.9680038
-0.4773984
1.1606613
-0.8048868
0.04819019
1.0556035
-0.19646683
0.5367192
0.05270516
-0.7171341
0.3675807
-0.53731203
1.0211924
0.5325576
-0.07845228
0.06083563
1.2579515
0.093424
-0.60641825
1.316894
0.025543457
-0.30815405
-0.8417773
0.3906202
1.280019
0.77810824
-0.2686914
-1.2723589
-0.23259623
-0.030947953
-0.7957897
-1.6058576
0.59113276
0.44811222
0.40107483
-0.46122485
-1.6277186
-1.5812756
-0.52142847
-1.1273562
-0.47401363
0.22599469
0.09053336
-0.86243117
0.5651871
-0.17348304
0.7379743
1.2460296
-0.23037009
-0.08916052
0.69228095
1.4043295
-0.4364888
0.3050973
0.26672414
-1.6680491
-0.8106229
-0.07728823
1.2370876
-0.69148505
0.7841751
-0.94535017
1.0826582
0.43122482
-1.1892405
-1.025982
-1.4616656
-0.83143306
-1.1369346
1.5314103
1.1070473
-0.0071309274
-0.48194954
0.519914
-0.98023534
0.306295
0.5637725
-0.3099891
0.5066364
-1.3514755
-0.032611094
-0.94974434
-1.085103
0.468907
-1.1978623
0.24413192
-0.23395889
-0.50537604
-0.42791706
-1.1368114
0.14731126
1.0802777
1.127212
0.61920935
0.7499203
0.83805376
-0.83821785
0.19330956
-0.46681386
1.1829185
-0.5113901
1.096009
0.40138346
0.07251857
0.43285805
1.1167344
-0.039870504
0.32530162
-0.15817837
-0.9108256
-0.43796042
-1.034976
0.1632547
0.673579
-0.44022518
-1.3953048
0.9722383
0.8529979
0.3679275
-1.3234764
0.48208493
0.7855518
0.6031573
0.6648766
0.11279387
-0.39986035
0.23090793
0.32023135
-1.1832726
-0.0733383
-0.5446026
-1.3042109
-0.07848068
0.06469747
0.5963033
0.31850815
0.03912265
-0.57603204
0.5577775
-0.20914897
0.9098769
-1.4831338
0.16568334
-0.3283172
0.10106047
-0.4778453
-1.1474305
-0.8278465
-0.3800805
-0.27047566
0.43247777
0.70221454
-0.28618294
0.8641151
0.6789655
0.6969114
0.8231355
0.10971257
-0.27041543
-0.2933008
0.7414526
-0.6056939
-0.06278369
0.5407964
0.12221282
0.8504851
-0.3140553
0.9011885
-0.028374208
1.4039861
-0.09566624
0.3945818
1.0420752
0.33572817
0.9833243
0.79640764
0.3339971
-1.5273061
-0.17077444
-0.77467823
0.24166036
0.2135005
0.64453375
0.22755712
0.2699988
-0.7633937
0.72898626
0.4763713
0.17053811
0.6358016
-1.0440984
0.09288466
0.36327112
1.1716152
-0.31612638
0.27310193
-0.046354827
-0.1254142
0.13953839
-1.9557204
0.08316419
-0.0732748
0.2250304
0.3524359
-1.2730567
1.093446
0.20116048
-0.39276353
0.28275698
0.36798966
0.26522085
-0.11740957
0.23139477
0.22552304
1.2692796
-0.27339298
1.2865459
-0.9712278
1.3607618
0.06420137
-0.31846967
-0.5013281
1.1884433
-1.2484611
-0.2305104
-1.5698566
0.91225606
-0.385262
-0.026396934
0.10840751
1.3251824
0.553586
1.2662181
1.2332356
1.0346047
-0.4300643
0.8117615
-1.3049095
0.08527183
0.5794562
-0.0840505
1.0128329
-0.25561458
1.3168026
1.0969279
0.094280645
1.0568397
-0.76583767
0.2553234
1.2589927
0.60921705
0.62974805
-0.69150394
-0.13049895
-0.14385897
-0.11278905
0.86495155
0.9093361
0.5184472
0.17981778
0.90449774
-1.4510875
1.008821
1.3411356
0.549634
0.158939
-0.25837752
1.3960353
0.3291245
-0.56130505
-0.99335885
0.7101893
0.0891165
-0.94895935
0.26348564
0.03624173
0.53034604
0.8110913
-0.6200248
-0.25550926
-0.7557919
-1.1800317
0.17053145
-0.74862295
-0.5105733
-1.8379742
-1.1187094
1.5833687
-0.703677
1.2367512
-0.42961004
-0.24152635
-0.5565261
0.7783432
-0.13747185
0.6575185
1.4834259
0.5697856
0.32347625
-0.34803236
-0.42439687
0.80600697
-0.36422044
-0.56534183
-0.5858685
-0.5917611
0.09867279
-0.009667844
0.4159476
0.46923319
1.3982992
-1.2941123
-0.39880168
0.36621702
0.032225847
0.24606541
-0.43727973
1.1162181
1.119728
0.7733079
-1.4329134
0.06857668
1.0826923
0.7724399
0.63153565
-0.39588195
-0.7135983
0.6964075
-1.5415982
0.6361774
0.24599311
-0.029252172
0.74589145
0.91107005
-1.2772436
-0.25044402
-0.1424104
0.122973345
-0.99777114
0.26890272
0.028924657
0.096752785
0.3366631
-0.7105651
-1.0720371
1.381621
0.32277554
1.065539
0.8895289
-0.44782084
0.33436084
-0.20359702
-0.5528593
0.1838706
-0.21773443
0.8070925
-0.33478078
1.0173097
0.33227435
-0.30818
0.3374055
-1.288254
0.0007569715
-1.0765898
1.4219038
0.7919184
0.37370816
1.1386048
0.3735836
1.0813153
1.0131685
0.42507708
0.5718027
1.2226101
1.2575909
0.35946023
0.08602744
1.3324969
-0.17085385
0.3493438
0.668503
-1.0126175
-0.1869338
-1.7013534
0.12001171
-0.92245936
-1.2765954
-1.3639688
-0.8031789
1.2154648
1.2173396
-0.20323463
0.54677254
0.55067503
-0.65200526
0.40213668
1.3272556
-1.3492882
0.43461472
-0.8557265
-0.1757764
-0.4608463
0.3933327
0.30911577
0.6301812
0.6867625
-0.031477585
-0.053798307
-0.3024322
0.8746362
-0.48620594
-0.1639958
-0.26912066
-0.23125024
-0.58168066
-0.09371285
0.77778316
1.2243232
-0.7244652
0.14267758
1.1542927
0.14180237
0.26687762
0.6159569
-0.9665327
1.0197002
-0.10553759
-0.33705914
1.3926413
0.51042515
0.17160872
-0.5067426
0.9327189
0.0068808175
-0.05744172
-0.394634
0.7181132
0.25713208
0.70048994
-0.9097426
1.6015054
-1.4399985
0.4152282
-0.8377334
0.99189043
-0.5234403
-1.0702177
-0.14470464
0.20617919
-0.34022266
-0.064612955
-0.4051993
-0.36068365
0.08267593
0.3882673
0.0011327451
-1.3249586
0.6314043
-1.1165408
0.09232983
-0.49818194
1.4755075
-0.7709222
-1.3680695
0.37550277
0.17189254
-0.60861415
0.19614466
1.0981328
-0.1620083
-0.800256
0.73515356
-0.94782656
0.58474535
-1.0140003
1.1260614
0.7079549
0.5374251
0.26376003
1.1107566
0.100892596
-1.0664388
-0.21308278
-1.1342559
0.31255108
-1.2481571
-0.014949919
0.04540763
-1.7217543
-0.7796442
-0.75816596
-0.17752261
0.8160511
0.89632285
-0.056957774
0.6024068
1.3671912
-0.20444845
0.9890902
-1.7414327
1.2062154
-0.32023957
-1.0231568
-0.32052335
-0.936328
-0.39697894
0.826703
0.4157671
-0.009483963
0.37775338
0.075415164
0.6563506
0.4007737
-1.0563953
0.6338628
1.2737014
-1.2319603
-0.06585344
-0.261209
-0.3927364
-1.1854488
0.9834092
1.0117228
0.20024109
-0.44828162
0.094201826
-0.0013214942
-1.3646122
0.5793725
-0.3890703
-0.67362106
0.45535573
-0.6839608
0.604539
0.106104724
0.032022312
0.19028214
-0.029846266
1.4182093
-0.507691
-0.2862253
0.11682264
-0.07502365
1.6007903
-1.325343
-0.14000589
0.37499225
0.85073614
0.70820516
-0.41611296
0.589226
0.8200385
0.22028312
-0.84694546
-0.40235707
0.123706885
-0.3971714
-0.51177466
0.8564367
-1.0590746
0.13665348
0.41901478
0.49520338
1.3728855
0.99926
-1.3096154
-1.1562846
0.69377613
1.5400535
0.07628504
-0.4856146
0.42773333
-1.2562351
0.47098655
0.32830206
-0.651961
-0.8050131
0.024685752
-0.49263185
0.2084692
-0.53725684
0.033460498
1.1681226
-0.91576105
-1.1827841
-1.0310732
0.655222
0.11771992
-0.5629161
0.35425958
0.34592056
-1.2370195
0.17752272
0.7884447
-0.5212001
-0.37587747
-0.29091918
0.4502172
-1.1415408
0.5565244
-0.78220344
1.1388924
-0.1098439
0.7665445
1.619414
-1.6708024
1.4323046
-0.688731
-0.92364377
0.007857661
0.6367993
-1.3835064
-0.06815965
-0.7764706
0.40234953
0.9767436
-0.5916754
1.0781145
-0.003126956
0.44661677
-0.24847299
-0.2987911
1.3765689
0.40436652
-0.65740025
1.0267053
0.999128
-0.024314139
0.48394307
0.02368296
0.2302033
0.4915553
0.3031677
-0.6975462
-0.031147491
0.1987065
-0.08309964
0.5057406
1.1651676
0.36724213
0.36140835
1.193863
0.30309165
0.9044368
-0.5907618
0.8311529
-0.23979788
0.94049656
0.0131952865
0.07001267
-1.2148857
0.4621545
-1.0034475
0.252583
1.1604794
-0.22206928
0.17551965
1.0278732
0.09975865
0.009328003
-0.16064341
0.21360663
0.41578972
0.5636023
-0.65611404
-0.40466774
0.51014745
-0.9435418
-0.7733545
0.14713603
-0.7728344
1.5385326
-1.6305445
-1.6564934
-1.2018356
0.24507496
-0.012826347
-0.9822452
-0.24778667
-0.32367453
0.6248516
0.058330167
-0.8543881
1.2230761
0.28466293
-1.3155292
-1.4669447
-0.107652366
0.9928731
-0.01501264
-0.24759431
-1.4498682
0.5637549
0.9687368
-0.37479353
0.015769247
-0.8292303
1.3002051
0.9034694
-0.39960572
0.2231807
-0.44061178
-0.12141045
1.7880545
0.07622252
0.71246374
0.1500658
-0.31005067
0.499013
-0.052005917
0.69679874
1.0443182
-0.7558772
0.13680753
-1.2154322
-0.720601
0.32053432
-0.43522626
-1.4469066
1.2932931
-0.006097464
0.58540356
0.780968
-0.68284285
-1.57024
0.34451503
1.2860423
0.9459025
1.0610245
0.6942081
-0.9037137
-1.4833496
-0.7886906
-0.98192227
-0.55523235
-0.08737429
-1.2721742
-1.0963755
-0.011218181
-0.55810136
0.040701654
1.4707173
0.49252468
0.61198634
0.22605076
-0.541391
0.4663794
1.1135318
-1.6786658
0.0020464675
-1.1428638
0.40244517
-0.05894307
-0.8174895
-0.23412569
-0.6221328
0.39977726
0.7080625
1.5189676
-0.5398746
-0.76146567
1.1618236
0.49410066
-0.60303533
0.37727582
-0.53013533
-0.93659604
0.32087564
0.16121987
0.17078939
0.839682
1.055834
0.5380727
-0.20194243
-0.016481765
-0.80185866
-0.8998955
-1.0417156
-0.5308517
-0.19199272
-0.6615993
0.6781278
0.19385654
0.12265108
-0.38426587
-0.6443932
1.2273097
-0.904766
0.515691
0.31527278
0.0030903935
0.28319204
0.03163536
1.2161353
0.22731297
-0.69283265
-0.04774578
0.92034936
0.9538148
-0.29272583
0.34481797
-0.8574126
-0.051376794
-1.085932
-0.0353245
-0.84852725
-1.0404274
-1.4667696
-1.0250127
-1.5704676
1.4419396
-0.30291098
-0.52890605
0.91023535
0.78928316
0.97566104
-1.5875139
-0.7271247
0.08707986
0.20345254
-0.07828521
-0.061701093
0.87941486
0.54306096
-0.03052389
1.1095333
0.26686636
0.2514362
-0.18191712
-0.2756644
1.4481473
-1.0730364
-1.293713
-0.08009249
0.8120334
0.6388411
0.259744
1.2174829
-1.0641814
0.35613582
0.94746816
0.77650213
-0.21252318
-0.27383965
-0.9848273
-0.38516378
0.2517583
0.49203634
0.004101948
-0.63542736
0.09153342
-1.316961
0.60897076
0.044623375
-1.0182829
1.101485
-1.1073703
0.08667724
0.58542234
0.12259793
-0.8638058
0.0665752
0.4175315
-1.2579997
-1.5857782
-0.28104413
-1.0285722
0.12723978
1.1229541
0.77455103
0.72350013
1.099123
0.62258506
-0.22332156
0.73879796
-0.06709449
1.0554355
-0.67461073
0.9175244
0.8846128
0.3568746
1.0184644
0.96833324
1.0690296
1.6121213
-1.1947589
0.649113
-0.14225706
0.582863
0.8250674
0.3119942
-0.21995495
-0.3440123
0.6977946
1.3207678
0.3387086
-0.63473964
-0.99432576
0.24034469
1.3771131
0.13286944
0.74284315
0.29534706
0.33129564
1.0791917
0.9068893
-0.91274726
-1.2084551
0.5020284
1.1577418
1.4676992
-1.2388445
-0.11948788
1.3312951
1.6410714
0.14871152
0.050193213
1.2150983
0.9639468
0.11912717
0.9462414
-0.7325395
-1.3291134
0.29751566
0.3750516
1.2802833
-0.12908497
-0.5091802
1.0511403
-1.3665986
-0.9584301
-0.015929047
0.39964765
0.20850416
-0.37902263
-0.58199024
0.5626183
-0.47472823
0.16821346
1.1110563
0.3178713
-0.040089346
0.54303545
-0.62154037
0.40266624
-0.88098174
0.3499879
-1.0463576
-0.052685075
0.019450493
0.04509774
-0.41158628
0.7686027
0.5167342
-1.1932085
0.3756157
-0.016163377
-1.1561301
0.20129338
0.75725436
-1.0015881
-1.408299
-1.0635835
-1.367272
0.016402991
0.80546373
-0.14446718
0.026964134
0.022651646
0.077907026
-0.56025887
0.41760853
-0.55774295
0.6090772
-0.026907828
-0.08538143
0.5869533
0.059897482
-1.1345453
-0.32233006
0.022981452
0.052683733
-0.93525356
0.95087564
0.13582842
0.9960177
0.979587
-0.26272646
0.64938796
0.5602946
0.30581826
-0.5626814
0.569672
0.47756362
0.43446457
0.92588854
-0.13996832
0.062792495
-0.16229953
-0.48934662
-0.90618277
-0.4123076
-0.05573733
-0.41329286
1.1138177
-0.69184214
0.051337287
-0.27718982
0.48369193
0.31367627
-0.56144404
0.9438897
0.41893995
0.0012415122
-0.12822364
0.04072601
1.3301877
0.0126082385
-0.277141
-1.3919364
0.8645861
0.15881123
0.6827263
-0.6878622
-0.09946785
0.82872105
0.30057675
0.30554515
0.5554557
-0.56093764
-0.34169614
-1.3132542
1.1156942
-0.4229277
-0.45727742
0.88471067
0.77655184
0.8167764
-1.4516305
0.7165741
0.5983276
-0.7941424
1.55249
0.12512934
0.029053012
0.5117225
0.7846086
-0.66227454
-0.021493012
0.8582336
-0.94786066
-0.0020097245
1.3007866
-1.46307
1.2088836
-0.9531408
1.4342848
-0.15422167
0.06862204
0.1273424
-0.83333415
0.93499196
-1.6451688
-0.6713457
-1.1520617
0.6192459
-0.39707273
0.1500295
0.8548056
-0.2864818
-1.0890081
1.379829
-0.6623297
-0.8981097
1.7876076
-0.27949405
1.0162588
0.7265393
-0.5434306
0.063300885
-0.33020416
0.34907755
-1.0755665
0.5636656
0.061708886
-0.4292505
-0.92815053
0.5342712
0.69847184
-0.53066736
-0.03620273
0.8387031
0.4057253
0.03556855
-0.43846053
0.5970977
0.17597419
-0.014643187
0.67517936
-0.65740925
0.096010424
0.5081403
0.6217435
0.86929744
0.37785527
0.7526147
-0.01051112
-1.0559175
0.037790697
0.038231708
0.2505035
0.96104515
-1.4391885
-0.051110867
-0.8065581
0.13168657
0.2751795
-0.08538722
-0.15568565
-0.12855771
-0.9293877
0.1336143
-0.23214352
0.38041568
0.023392236
0.8901439
-0.025913661
0.3977949
0.85107434
-1.1648685
-1.0750678
0.7391587
-0.0008099219
0.51320076
-0.2524746
0.6545551
-1.075487
0.25326455
0.9440991
0.5079469
-0.14970545
-1.4436446
-0.7734883
1.4176556
1.3234233
0.2754901
-0.7035987
0.62347835
0.08127346
-0.42769715
0.35294092
1.5552697
0.21181868
-1.7001185
0.2704529
-0.08672496
0.051752593
0.07230391
1.2236378
0.20264547
0.75407326
0.7146573
-0.5999035
-0.046752594
-0.5636637
0.06929442
0.52385205
-1.5029265
0.24226204
0.60690105
-1.2018799
-0.5096781
1.0975695
1.2720025
-1.2257649
1.3262539
-0.66755843
1.2175257
0.16625273
-0.100017644
-0.42909876
-0.04050933
0.68482715
-0.0017209753
0.20621571
0.9000025
-1.198348
-0.71277726
-0.26108223
0.20835494
-1.0041907
0.0026787517
-0.6041099
0.5968897
-1.2747835
-0.5744852
-0.50668234
-0.9716177
-0.08353658
0.6429091
0.14400803
-0.7842006
-0.45196977
0.6474238
1.0636038
-0.02956683
0.59576905
-0.046558697
-1.4640726
0.30979046
0.9374619
1.2097487
0.45737168
-1.188314
0.90393484
1.144094
0.10109072
-0.08398006
-0.9968325
0.53294826
-0.027365241
-0.75694007
-1.5684088
0.8464395
-0.47137
0.71052724
-0.6750008
0.5098059
0.7920704
-0.42606175
-0.33747292
-0.28296164
-1.1013548
-0.055875674
-0.7102992
-0.28903618
-0.06937225
0.7932357
-0.571809
0.12221135
0.43726093
0.076894015
-0.8326271
-0.3729696
0.5063235
-0.39275664
0.9182415
1.1238507
-0.6341543
0.37987548
-0.6987926
-0.06837922
0.67875296
-0.77975196
-0.42464745
-1.4446319
0.4227254
-0.77297986
-0.22970666
0.15270092
0.6198125
-0.68243766
0.23817587
1.2299404
0.60429513
-0.3195431
0.2826761
-1.0760434
0.05524776
0.73534214
1.3884598
-0.059016954
-1.5919857
-0.38144556
0.082184985
1.6942372
-0.4451766
-1.6657115
-1.1451548
0.89429605
1.0671922
0.5169898
-0.8548196
-1.0607347
-1.0729771
0.061760012
0.3550088
0.104273394
0.46353132
0.39507383
-0.4551276
-0.0954653
-1.3106495
0.72614044
0.31126586
-1.6446745
-0.078585915
-0.70306444
-1.1333215
-0.8305187
0.2324899
0.43031237
-0.0415651
1.0195191
-1.1752466
-0.16262592
-0.44453356
0.9382381
-0.0052862517
-0.34948182
-0.8324678
1.1477271
-0.38230258
0.54537886
0.11656215
0.15621881
-0.951385
-0.010059607
-0.42911178
-0.5878069
-0.15491162
-0.7367964
-0.63668126
-0.6186213
0.38532
-0.85783994
-0.15172778
0.75196093
0.06078983
0.25830674
-0.37873092
0.2573222
-1.0480388
0.18018402
0.7193736
0.73349464
1.2726344
-0.27048305
0.1520402
-0.1868773
0.5500598
0.2610416
0.09136636
0.8803365
0.4725042
1.1526933
-0.51800156
0.0779835
0.041717082
1.3470105
-0.803756
-0.09915301
-0.370943
1.0727439
0.47259414
-0.5557903
-0.14258388
0.18336445
-0.29684594
1.3897974
0.48668635
-1.1559592
-0.22443564
0.48047674
0.5843173
-1.402886
0.01701785
-0.11632971
0.10004713
0.1290932
0.5037237
-1.4099271
0.78287566
-0.9990779
1.1414641
1.1606095
0.5467146
0.5632718
1.1057929
-0.90262675
0.0601924
0.40273657
-0.21654026
-0.51514983
-0.18915202
0.8956802
1.0343621
-0.56039715
0.18697394
0.3853722
-0.29578674
0.56740797
0.82925147
0.44035897
-0.24248177
0.3105227
-0.28413624
-0.008970029
-0.9130432
0.0766946
0.012068055
0.7089827
0.5086589
0.24461961
0.4642527
-1.3533349
-1.260252
1.4689151
-1.6867433
-0.035238873
-1.113304
0.50345343
-1.2384963
-0.32496095
-0.61050844
-0.89264727
1.5416291
0.108218804
0.72883856
0.06580727
-1.1523232
-0.6913185
-0.14075328
0.18254457
-1.1907356
-1.8463229
0.03260185
0.13842408
0.5264869
-0.18490927
1.6046028
0.828005
0.9787773
0.7824003
1.0274765
-0.037210893
0.36967984
0.560859
-1.1433301
-0.7928837
-0.99841213
0.97502065
-0.22834913
1.3687036
-0.17537908
-0.71399456
0.3672897
-0.039840788
-0.06690542
-0.9179523
-0.51752365
0.20498572
-0.49884564
0.30931193
-1.58499
-0.073965274
0.47777605
1.0816162
0.87156177
0.32827547
1.53937
-0.663111
-0.047997016
0.4829463
-0.6097967
-0.29891056
0.28429002
1.119102
-0.0064642075
1.4734309
-0.26240954
-1.0957173
-0.92563945
-1.2288215
-1.3254238
0.1168057
-0.13113502
0.83497447
-0.20461047
0.3622723
1.2200809
0.2586483
-0.2291072
0.7321784
-0.11966234
0.5925912
0.57899773
-1.3108752
0.17126584
0.16198751
-0.06743611
1.037697
-0.123916306
0.14830814
-0.3896129
-0.7397955
-0.07906094
0.67450446
0.38128498
-1.3678153
-1.0796801
1.0775439
-0.042844374
0.28078339
-0.5346661
0.025624605
1.2478786
0.58454585
1.0348983
-1.2355777
0.50555384
0.9158041
-0.534302
0.4804231
0.66721195
0.46175134
1.4827706
0.10149339
0.68381995
1.2626395
-0.7195042
-0.114906095
1.1481712
0.18610767
1.3244236
-0.12900081
0.7424124
-0.45243847
1.1047826
-0.15778612
-1.3868626
0.29833022
-0.62014663
-1.2525873
1.1112562
0.4879024
1.0178303
0.21123222
0.09367261
0.8271029
1.0347912
-0.49024594
0.0042700414
0.74042135
-1.0583756
0.5681808
1.3685368
-1.2170942
1.140235
-1.0428272
-0.020318964
0.3231276
-1.0506595
-0.68285847
0.7275032
1.3243334
-0.40120354
-0.07999117
0.5319421
0.1578404
1.3731307
-1.1720293
-0.7210162
0.4732674
0.8310547
-1.2439473
1.0082046
-0.40965697
-0.105293795
-0.2338531
0.5817754
0.65210104
0.29981095
1.0425174
0.4601978
-0.25532287
-0.2544835
-0.8645217
-0.6912735
0.22849709
-0.78123915
0.13544807
0.21975772
0.73097634
-0.34308764
-1.0072467
-0.27001047
-0.04493038
-0.68767685
0.32431245
1.2075734
-0.9170289
-0.65060174
0.5310238
0.027569072
-0.9726276
-0.23436758
-1.2347169
-0.66007894
-0.25231287
0.85081136
0.32844174
-1.028107
-1.4159207
0.31720936
-0.5639365
-1.4401366
-0.12440469
0.5032666
0.85478926
-0.057924744
0.4176771
-1.2887425
-0.20131727
0.63286173
0.32581782
-0.0021680836
-1.225061
-0.21038876
0.21471146
0.7078343
0.7542881
0.21347457
-0.533556
0.22344942
-0.25630125
-0.25867116
-0.3906604
0.9862561
1.027191
-1.8194914
0.0014448469
1.5602219
0.6614684
0.13945343
1.453105
0.7964951
0.94945025
-0.7231815
-1.5302582
0.79705864
0.38358682
0.027373292
0.0029434874
-1.6035352
0.130135
-1.0251874
0.15103994
0.33021188
-1.0267279
0.84824216
-0.29724059
0.101699635
-1.3578677
0.2915905
-1.6215695
-0.129028
-0.16015787
-1.6427568
-0.44073388
0.40542808
0.65938705
-0.07145425
1.5593277
-0.39597273
-0.08561204
0.78561217
0.407642
-0.48335975
1.0959867
0.57248163
0.7218427
0.5295652
0.078503594
0.12829863
1.518934
0.7194816
-0.025045928
-1.2062039
0.88216287
0.15009838
-0.01769023
0.057474315
0.54303455
1.1590078
0.7455976
-0.9663919
0.024528025
-0.5292906
-0.44904688
1.4777634
0.08842909
-0.3351113
-0.99135244
0.63001126
0.780987
0.40133598
1.7516373
0.04520881
-1.5376861
-0.3875295
0.5828146
0.66034496
0.49097154
0.4294523
0.7760635
-0.97235596
-0.06306417
1.2348578
0.6943494
0.3580107
0.6447333
-1.5981644
0.56987464
-1.2699897
-0.70291495
-1.0506712
1.0370207
1.1677186
-1.2289658
0.40484077
-0.7958329
0.7403923
-0.45480946
0.08616879
0.75328815
-0.5200669
0.27502587
0.22741017
-1.5517727
-0.018697768
-1.1493775
-1.1752337
-0.011266872
-0.35271707
-0.66514164
-0.10168273
-1.519456
1.3000815
0.18105002
0.37146685
-1.3415424
-0.20474401
-1.9248427
-0.086232275
0.59676886
1.1197779
-1.121245
1.3913592
-0.6333069
-0.15588757
0.6685819
-0.33174428
-0.96145105
-0.9288604
-0.06451504
-0.19875816
0.32315198
-1.0780617
-0.2454156
-1.3304015
-1.2167578
0.70724803
-0.0074304827
1.1270244
1.201236
-0.5314648
-1.5565132
0.19338576
0.050514136
0.1388262
0.35928887
-0.027593154
1.2904338
-0.292135
-0.78139865
0.320822
-0.056608554
-0.31600922
1.0492924
0.6638361
1.2691994
0.08532884
0.09427408
0.61720806
-0.31830576
-1.1703076
-0.09177114
-0.005858859
0.44211325
-0.3780854
-0.16769156
-0.6726162
-0.34918657
-0.4271599
0.1539573
0.51867664
0.15372775
-1.456303
-0.9461864
-0.7975689
0.10288818
-0.50273365
-0.6466273
0.68022096
0.1726097
0.8520322
1.0198878
-0.054793883
-0.18627572
0.81944454
-1.053117
0.60078883
0.5989125
0.52180237
0.068553716
0.5218095
0.02412559
0.25073487
-0.79483014
-0.16848451
0.93000376
-0.27900183
-0.6124141
1.7692082
-0.3213178
1.4339188
0.1275967
0.97079563
-0.59795535
0.11577865
-0.3909236
-0.3959633
-1.6106896
-0.6560143
-0.74127257
0.3536426
0.9474851
0.2164804
0.37536916
1.1003323
0.16002628
-0.0548712
-0.18466337
0.9245038
-0.629689
0.4821693
-0.17850012
-0.080964714
1.4322001
-0.60419023
-0.46959636
1.2583666
0.42231086
-0.34282252
-0.41377607
-0.24706413
-1.4846148
0.8666488
-0.013919064
0.37095362
-0.026009593
-1.2816801
-0.36956742
-1.4635379
-0.67841
-0.3369806
1.0245857
1.3885468
0.93882394
-0.47931904
-0.28924665
0.92670196
0.34888655
-0.57646096
-0.17577578
0.19877528
0.09020681
-0.8427044
0.005517477
0.3457269
-1.2266889
-0.65937364
0.4521609
0.44836423
1.1531804
-0.32552797
-0.42388207
-1.3550149
-0.29306427
-0.94308186
-1.2717484
-0.8711188
-0.033990916
-0.06341624
0.3220297
-1.3907518
-0.77938485
-1.1223729
-0.0024578844
-1.038198
-0.5516768
0.5023366
-0.35593128
1.0883279
0.28637755
-0.3687285
-1.0548788
0.3273157
0.35559765
1.1112533
-0.5289327
-1.1972862
-0.25674498
0.12115585
0.22860418
0.542732
-0.6328835
0.59297633
-0.09627081
0.40076536
-0.1277951
-0.013813594
0.65770274
-0.1845516
-0.22748129
-1.2969761
-0.28477287
-1.1616858
-0.046889987
0.5632729
-0.007607102
0.39035836
0.8622045
0.48931658
-0.12662065
-0.37419418
-0.09480809
1.3426801
-0.6495896
0.459432
0.14937364
0.74134207
0.042473048
0.68439907
0.011477372
0.24524114
0.79752064
-0.6344088
0.098771624
-0.67804575
0.25385222
1.6947896
0.32175437
0.038618747
0.5996415
0.12846512
-0.2427182
0.09304556
-0.02565601
1.3208423
1.544735
-1.490187
0.5213599
0.26907927
-0.52167505
0.33349928
-1.6062171
-0.9360629
-1.5471181
1.4943292
-0.008940097
-1.346077
1.5022621
-0.4950539
-0.8900028
0.48931462
-0.36038244
-0.5387876
0.57513046
-0.32474604
-0.5743155
-0.45903647
-0.60810643
0.16664568
-0.1719437
0.31132942
0.09617276
-0.35194436
0.66273123
0.9801293
0.33583218
0.24160004
-0.3533695
-0.42618173
0.958796
0.91499186
0.039667454
0.4977687
0.48415112
0.5037782
1.1837167
0.13096337
-0.8249817
1.3440754
1.3709381
-1.1498916
0.10580233
0.16787083
0.7531384
1.2847753
0.6322991
-1.3580152
-1.2990836
0.69516546
0.19050278
0.5916847
0.36311474
-0.5067209
0.18554816
1.057097
0.6934517
-0.20524937
0.11563095
0.8889584
-1.4712956
0.68072873
1.0665613
0.64561766
-1.2695206
-0.36373872
1.2730641
-0.6268459
-0.9105509
-0.5410255
-0.56087005
0.5303702
0.66854244
0.88626075
0.061308466
-1.3992407
-1.2251853
-0.9401477
0.79938376
1.0608733
-1.1135999
0.3045201
0.69433796
0.04155804
-0.092705354
0.12860425
-0.71027637
0.40554792
0.9193229
-0.099535495
-0.1169555
-0.9840833
-0.02149945
0.7065341
1.3470953
-0.03545339
0.14122725
0.58478427
0.06405436
0.35644025
1.3566984
0.65557224
0.7190382
-0.007287133
-0.006901923
-0.06687462
0.6960473
0.21110435
0.22729072
-0.6951976
0.001084558
-0.68837684
-0.16439988
-1.3432165
0.18075019
0.27986193
0.3517629
0.2960463
-1.1709477
0.7632835
1.4183359
-1.6293167
0.025202706
-1.8987211
-1.2835689
0.49147654
0.67466646
1.3097311
-0.48873585
0.19507521
-0.15743954
0.85436535
-0.7395711
0.5136679
1.2131495
-0.008524053
0.1577738
0.14827216
-0.22225012
-1.6410842
-1.2133416
0.66918623
-0.23259777
0.7376652
-1.3736471
0.8997128
-0.12674955
-0.03879164
-1.7200128
-0.25928804
0.5293376
0.47081196
0.9368149
-1.476902
-0.078604884
-0.018420117
-0.3205791
0.77124906
-0.30436513
-0.6199609
0.6207001
1.5521451
-0.9040086
0.8448199
0.21331954
0.1913102
0.43525052
0.7862815
-1.2258577
0.19036663
-1.0790164
1.2391475
-0.78212976
1.0371817
0.5423493
0.37674928
0.57596403
0.026803305
-0.5197846
0.55945736
1.7583032
0.5640276
0.6750847
-0.03279601
1.0839477
0.78227514
-0.073946014
0.42693096
0.5437405
-0.7761985
-0.71558124
-1.2154231
-1.5681419
0.48973188
0.17309794
-0.18470332
-0.9804248
0.17223865
0.076817326
0.104421765
-0.008357964
-1.0510371
-0.6906714
1.3063009
0.022322923
0.1277407
0.33883208
-0.3345408
-0.9040177
0.55713314
-1.110959
0.84238863
-0.266327
-0.8875697
0.37922803
-0.26352003
-0.90355104
0.07217499
0.48272026
0.7033709
-0.5693337
-1.253418
-0.10431016
1.2508843
0.5297785
1.0309306
0.3748297
1.1508249
0.95470804
-0.12627931
0.15887545
0.79399073
1.0005419
-1.1949258
-1.1276865
-0.44857487
0.0726507
-0.7824706
-0.1686558
-0.39950907
1.0570605
0.7049139
-0.0049799597
-0.7663727
0.7512036
0.27057168
0.4129865
0.6695482
-0.9347335
0.042824306
-0.020265143
0.690291
-0.2978138
0.85126144
-0.08175115
0.29437724
0.082105055
0.3374171
0.18540484
0.026493475
-0.34499884
0.23841664
1.2045233
-1.00955
0.4417676
0.35141134
0.32817903
0.16216232
-1.3336878
-0.28998527
-0.19935112
-1.0090013
-0.44600505
-0.81023437
0.007927707
0.009963875
-0.5676812
-0.25349152
-0.21493474
0.20976749
-0.9014087
-1.5987177
0.13602972
1.1511551
-0.9775659
1.1564444
-1.5544417
-0.6298993
0.1599362
0.40190786
0.26471108
-0.07420129
-0.0067786872
1.3814479
0.33854997
0.069851905
0.78580606
-1.3550277
0.6907734
0.26360646
0.98924196
0.5149312
0.9303402
0.2551928
0.16000395
-0.2207936
1.0125464
0.959968
0.07053104
0.92300403
0.60265934
0.11284636
0.42118505
0.9267999
-0.9233664
0.8742939
-0.119406
0.88481665
1.0608134
0.105874896
1.2312402
0.366719
0.3435945
-0.9855159
-0.17114814
0.13994789
-1.4949751
1.3940593
-0.0066287788
1.0561589
-0.45010626
-1.3899295
-1.4512247
1.0136489
-0.52217233
0.17338246
0.12690736
-0.5131793
0.57090944
0.19200046
-1.6125565
0.48962146
0.953249
-1.5366621
1.580618
-0.77026075
-1.1357933
-1.1501741
0.13575697
-0.30309772
0.5389852
-0.32018352
-0.6430354
0.5286359
0.43933204
-0.94502544
1.277936
0.61687815
-0.22811994
-0.9611923
0.7295729
-0.20950107
-0.1467081
0.26452982
-0.14504392
-0.03536415
-1.3642094
-0.9699614
-0.45745856
-0.9242958
-0.75996107
-0.2553283
-1.137398
1.080447
0.8863578
0.9529462
-0.1659197
0.2981102
-0.44532245
0.6695378
0.49197555
-0.9806737
0.07683864
0.8527911
0.20767447
-1.2677932
0.98886335
0.15662578
-0.19903223
-0.6570822
0.26077506
-0.97955513
0.251788
-0.92541945
-1.141979
-0.73698264
0.50314647
0.08939537
0.69629204
-0.90583587
0.7462037
-1.0601853
-0.6451865
1.0605137
-1.3325837
0.9695641
-0.69388926
-0.47448182
1.2183245
0.17766204
-0.9275573
0.06528354
-0.13428158
0.43015015
0.3529849
-0.22202884
-0.07040394
-0.51445085
0.5832673
0.9835365
-1.2255476
0.12232822
-0.13901523
0.13761626
1.3832952
-0.50251067
0.24690378
-0.22946881
0.7689888
0.40166917
-0.08485215
-1.1862773
0.9399647
0.46847817
-0.60768765
-1.7519618
1.3376026
1.2160168
-0.22655869
-0.6885773
0.4600087
0.45741516
-1.366707
-0.4205973
-0.17300612
0.21622066
0.3903011
0.21980134
-0.5337433
-1.3146505
-0.50306034
0.9225996
0.98951054
0.29987115
0.85661614
-0.78194714
-0.084628135
-1.3884611
0.08158963
0.23879889
-1.5699612
-0.2289584
-0.5071146
-1.247293
1.2023487
-0.9127056
-0.5415133
-0.23384039
0.10044751
-0.46363038
1.0001743
-0.70193857
0.94552743
0.441397
-1.2974306
0.13865706
0.2184059
-0.9336187
0.0054832036
-0.6273757
-0.5274415
0.75593823
-1.1530721
-0.7706341
-1.751729
-0.6639773
-0.18198977
1.2992251
0.3845271
0.6192153
-0.12709318
-0.7866586
0.7452526
1.5450954
0.3460337
-0.6659065
-0.33461386
-0.63504845
-1.0691662
0.08695981
1.5541239
0.12262657
0.057955574
-0.047275797
1.1963122
0.47773165
-0.6921181
0.05269773
1.0045202
-1.6312897
-0.73400825
0.34497267
0.13394749
-0.19751528
0.19719647
0.844662
0.042539567
0.07356385
-0.4311204
-0.97494125
-0.6743989
-1.0844877
-0.027185317
1.1226922
0.17360087
-0.36436355
1.0978351
0.07552798
0.90039384
0.9972633
-0.86533046
-0.10065823
0.048212647
-0.08989895
-0.8825747
-0.93802124
0.17713058
0.06286939
0.0462779
-0.32449332
0.15307017
-0.23813291
-1.466172
-0.115756184
-0.17201602
-1.0827206
-0.18551277
0.22994234
0.60523623
-0.9662597
-0.16981344
-0.46445212
0.790767
-0.14404784
-0.2246887
0.8534639
0.8968801
1.1217504
0.19804552
0.6283334
0.19027817
-0.0944584
-0.25713587
-0.15276864
-0.7987964
-0.023900352
-0.9568801
-1.0910292
-1.0240862
0.25816983
1.4636024
-0.24890378
0.5537729
-0.9001308
0.8327742
0.8004836
1.4276907
0.30778357
-0.91463244
0.8714179
0.13291998
0.8334744
0.62824607
-0.76139134
-0.2268371
0.2542406
0.9895751
0.19817467
-0.26258576
0.038793884
0.024458922
1.2367684
0.1301016
-0.7646541
0.3483495
-0.0002823416
-1.3130022
0.506225
-0.88940513
0.13890423
-0.97561264
0.8307332
-0.15142459
0.99833435
1.0246731
-1.3897403
0.6802199
1.06497
-1.2662153
0.3541467
-0.009614207
0.14344281
1.5335264
-1.0182453
-0.8374855
0.6685132
-1.0300279
-0.18736719
0.20149572
1.6617864
0.07921527
-0.41406995
0.9512752
0.39673424
0.5204191
-0.22267081
-0.26975903
-0.15630181
-1.5702881
-0.51568115
-0.2729005
1.6894673
1.2716787
-1.4559121
-0.9847696
0.52797186
0.6053099
-0.8037528
1.15949
1.1647408
0.19398563
1.699463
0.10022964
-0.3248237
-1.0237799
-0.113322094
-0.11164494
-1.0463815
1.0778096
0.00042737462
0.047717813
0.10529041
0.97767174
-0.1603638
0.4611518
-0.23415661
-1.1933897
1.4723366
-0.99345815
0.8138385
0.8231294
-1.6840751
0.22998913
-0.47612923
0.6098785
0.3819204
-0.0025535645
0.6137444
-0.7893925
0.34676495
-0.29033723
0.58541584
0.29557216
-0.81215835
0.027841482
-0.1347172
-0.28094903
-1.005738
0.636282
0.6770529
-0.0024847176
0.57471085
0.20960373
0.8547201
0.35949317
-0.91865146
-0.31618163
-1.090657
-1.1137279
-0.92167556
-1.6705847
0.9034554
1.3210635
-0.73913693
-0.8399152
-1.6856948
-0.62472475
0.42103502
-1.0788449
-0.2095551
-1.4609376
0.08511867
0.5135468
0.839036
0.17447416
0.12023603
0.12533839
0.1696431
-0.8339511
1.2342203
0.20808363
-1.8293127
-1.1344495
-0.5559214
0.7344761
-0.9626734
0.37229022
-0.404974
1.020395
0.36683336
1.3024777
-0.7677182
0.8134885
0.9408925
0.000653658
-0.47505337
0.41234887
1.223927
-0.22496979
-0.3931944
-0.69255006
0.5943957
-0.028943002
0.49802697
-0.9040317
0.3143428
0.9435998
0.9815855
-1.3567638
-0.95916474
0.23267275
0.7163875
1.2866702
0.005982508
0.44917113
-1.2866067
0.69666916
-0.7514669
0.44607848
1.385483
-0.3041989
1.3015133
-1.0656495
-1.0547105
0.84675753
-1.2423283
0.14087786
0.033569537
-0.0017809584
-1.3519026
0.109854594
0.40223956
0.24242188
0.3790737
-0.6752967
1.206421
1.2856251
-0.9451059
-0.3565169
1.1177206
-0.7909925
-0.5841572
-1.3365349
0.5145435
0.14115004
-1.1065078
-1.1775676
1.2318718
-0.114335224
-0.11781138
-0.72818327
0.66897506
-1.150668
0.46215957
-0.28694695
0.6584401
-1.5414032
-0.3845044
-1.2299857
-0.41556183
0.8899024
0.7383215
1.277816
0.549801
0.5847611
-1.0251622
0.20952508
1.4001443
0.29670852
0.501488
0.43835476
0.41376457
-1.035369
-1.093821
-0.9817413
0.06650973
1.0690706
1.1809165
-0.40924865
-0.5414222
0.61852986
0.38652664
0.18084271
0.08082474
0.4736678
0.5845967
-0.64512193
-0.90828615
-0.035528235
0.03646874
0.7730574
0.8226507
-1.5226401
-0.47485614
0.1020892
-1.4996538
0.45241734
-1.1002371
-0.44392413
-0.16130681
-0.08359909
-1.5056697
0.6884935
-0.83752954
0.9247008
0.41682586
-1.577875
1.2495798
0.33164367
0.101376474
-0.058386806
1.0494971
0.6092416
-1.0748074
0.7969707
-0.17456205
-0.8591712
0.8071859
0.7849715
0.07389974
-0.7273927
0.41560224
0.12665421
-0.6642096
-0.84013873
0.80700576
-0.21935955
-0.93950415
0.09306245
0.99196684
1.4329941
-0.08783074
1.2162223
-0.53244835
-0.16104394
-1.1327918
-0.39332107
-0.8970343
0.11031068
-0.815772
0.09765507
-0.052671682
-0.24077937
-0.016330585
0.012110675
0.4702885
-0.57798785
0.12801789
-1.1699362
0.20071244
-0.57439923
-1.1071911
1.0364711
-0.12298132
0.15555711
0.07548493
0.23564613
-0.20039399
0.85067093
-0.74749327
-0.8473766
0.19809127
-0.9007859
-1.7055349
0.68269694
0.9428308
-0.61695814
0.28539827
-1.4597437
-0.31698105
0.08612154
0.13366735
0.84217554
-0.21719867
-1.5969856
1.2364767
0.34472018
0.5410465
0.3471619
0.8221699
-0.016394118
0.53891134
0.77035236
0.06324847
-0.0069374708
-0.8221506
-1.9497507
1.0491761
-0.6019484
0.2664068
-0.06550477
-0.98522604
0.5756082
0.04190551
1.319418
0.21203412
-0.74346143
-0.3458289
0.63389456
-0.055007216
0.7357872
-0.43794307
-0.22827347
0.7588978
-0.0008153989
0.53742445
-1.7103145
-0.43392816
-0.9263611
0.27461496
0.49396598
-0.25550357
-0.9162458
-0.19403537
0.91631997
0.5927899
0.034255896
-0.38884166
0.36387664
-1.5778196
-0.06650331
-0.95182234
0.5046014
1.5464106
0.9596661
0.40653366
0.3587241
0.41004658
-0.35327274
0.41745737
0.51676714
0.12841973
-0.05932916
-0.24937856
0.58464766
0.747368
0.15315504
1.0075278
0.45764652
0.1598618
-1.396342
1.0127583
0.30945477
-0.12735501
-0.93707174
0.24611413
1.0323935
-0.10519668
0.5433558
0.49243757
0.2546683
0.2205223
-1.3565323
0.8497038
0.40124652
0.35844868
0.6408036
-0.15360607
-0.08484166
0.07397237
0.58567643
1.0415736
0.02959568
1.286051
-0.7903973
-0.2573
1.1777629
-0.7606889
0.06648494
1.2755526
-0.9027434
-1.1060126
-0.9596914
-0.16130082
-0.17448527
0.6376327
0.76010764
0.56160027
-0.0031926434
-0.75529027
0.18503623
-0.042663205
1.2380941
-1.1145846
0.905641
-1.530719
0.15899733
0.053742327
0.12536098
0.43170372
0.43761116
0.178164
0.5964917
0.06680095
-1.2221527
-1.5509492
-0.06690493
-0.95259786
-1.2989209
-0.39135227
0.8754066
-0.88032484
-2.018813
0.44208068
0.19345842
0.53680253
0.09932667
-0.2009475
0.6666361
0.6226212
0.42932567
0.11450167
0.65154976
1.2529184
-1.0066904
0.31665158
0.17339909
1.0068111
-0.22932754
0.18576732
0.9872789
-0.61570096
-0.41037178
0.09830797
-0.48006135
-0.22111802
-0.026351402
-0.51756054
0.52929384
0.52674687
1.2903725
0.50707877
0.32114503
0.71693885
-0.7494262
-0.30487654
-0.51698226
-0.36529
-0.39561585
-0.05380145
0.7288363
1.2924619
-0.28504163
1.2132025
0.09433827
0.64156187
-1.1478022
-0.10194898
-1.7953794
1.1173112
0.24356784
0.08701713
-1.4063456
0.37353802
0.59617174
0.531598
0.05572443
-0.004354255
-0.21344633
-0.04615141
1.2612712
0.15601599
-0.17710762
-0.208356
-1.8092506
-0.65510637
0.3034813
-1.0865661
0.20894632
-0.53767246
0.41893664
0.54390204
1.377095
-0.5973037
1.2488859
-1.3182998
0.48870605
1.0715601
0.036576524
0.0930265
0.097879864
-1.3750261
-0.6837561
0.2561046
-0.0042048404
-0.75385463
-0.72757024
0.5944385
1.2484514
0.36680493
0.90627575
0.021108115
-0.43030298
-1.0531986
-1.3528122
0.7228357
0.4523759
1.3364936
-0.93752176
-1.4124776
-1.0882434
0.21610579
-0.15046552
-0.74666667
1.3689649
-1.6562506
0.058018733
-0.8136801
0.039853517
0.46892217
0.09964632
1.2221885
-0.6359792
-0.62023807
-0.18924145
0.15640225
-0.39856768
-0.14422783
0.027986445
-0.98887926
-1.0491488
-1.6094236
-1.5702962
-0.78530884
-0.2084459
-0.08290291
-0.52234674
0.2862694
0.9193215
-0.18778785
-1.4572845
-0.34025064
1.3494714
0.2761486
1.2712522
-1.3040956
0.481539
0.30805585
1.2104626
1.3012663
-1.0537763
0.65304834
-1.3140147
-0.22202681
0.1469937
0.28886896
-0.06587032
-0.39013228
0.3914185
0.51882726
0.76073617
0.09676076
-0.042539738
-0.054128706
0.6744657
-0.11982854
0.5460495
-0.93592966
-0.25052935
-1.6130271
0.11245362
0.11105633
-0.556874
0.17946723
-0.9334004
0.20161399
0.07455595
-0.7391106
0.62162405
0.844285
0.4227825
-0.20723316
-0.18504287
1.0466084
0.80407435
0.08903676
1.3623956
0.25749853
0.17478578
1.0450497
-1.6810732
0.1458886
0.29917243
-1.1320013
0.13679405
-1.6867743
-1.1377273
-0.043570496
0.33138588
0.8252004
0.4524321
-0.38447013
0.16332112
-0.85364616
0.78685987
0.6766001
0.22101533
0.4595965
-0.8230732
-0.47022617
0.39866436
1.3285233
-0.500345
-0.31880966
0.49645686
-1.3684027
-0.115322456
1.1846327
0.3766981
0.16582514
-0.81587946
-0.5208236
1.0654914
-1.3681787
0.76543015
0.9202118
-1.2889614
0.34536114
0.081564315
-0.5099502
-1.3863405
0.032200698
0.81199634
0.10442251
-0.21659854
-0.66421336
0.5278246
-0.99749935
1.2077508
1.0129824
-0.2109717
0.07160215
0.7206633
-1.0255897
-0.06849957
-0.034518946
-0.8801265
0.036020964
-1.7065092
-0.6783585
-1.4933351
-0.17795672
0.00088464457
1.1822395
0.73449016
0.13337505
0.86283726
-0.0021781714
-1.6273365
1.2348154
1.2143853
0.7883867
0.010796578
0.40414745
0.36443108
0.3077379
1.1710131
0.0482241
-0.10085155
-0.11496767
0.68332636
-0.5530614
0.021095224
-0.30548644
-0.55861574
-0.8921399
-1.1272132
0.33595577
0.87072843
-0.3101021
-0.122687206
0.4588629
-1.4571924
1.1639746
0.4656645
0.3149559
-0.12639695
0.04681536
0.58915424
0.04297487
-0.33455902
0.07609745
-1.5106479
-0.24987803
0.8967099
0.19999026
-1.2913089
1.0044202
0.43830815
0.09226134
0.016217194
-1.6938853
-0.42788324
0.8164227
0.19462305
0.45768052
0.95974946
-0.13080311
0.29196945
0.34395936
-0.45825198
-0.43486252
-0.13369991
0.11618918
0.3246088
-0.9545157
0.30982044
0.6290336
0.99518824
-0.6937015
0.8417657
-0.015740076
-0.71446264
0.634002
-0.023678634
-1.9320705
-0.058975834
0.056181006
1.2809818
-0.013550165
-0.13487734
1.268941
-0.0889375
-0.04150027
0.87482285
0.59271514
0.037433412
0.7326345
0.40540168
0.79782134
0.6847052
0.60680544
0.16718823
-0.41447163
-0.029151855
0.25364944
-0.83320856
1.0441216
0.51947284
0.85819745
0.049095828
0.16567966
0.619277
-1.1226263
0.26367745
-0.8874484
-0.4387215
-0.3893656
-0.9953102
-0.8369134
-0.63808227
0.9148329
1.4633057
0.2272075
-1.3226931
0.21024051
-0.80367196
1.5729055
0.36332268
-1.5627514
0.19065693
0.964967
-0.29201165
-1.1368973
0.6017005
-0.6135064
0.6979564
0.8529206
0.23917708
-0.45648557
0.87994117
-0.7689717
-0.56000906
0.6379227
0.9794476
0.11581904
1.0559276
1.7216302
1.5709633
-0.44166023
0.57087636
-0.23574124
0.51385474
0.28924707
-0.2143544
-0.3893807
0.20165774
0.55307686
-1.1727496
-0.14199767
-1.0655491
-1.1892619
-1.9357336
0.10814176
0.10799366
-0.81092596
-0.9878221
-0.6120335
-0.16942954
0.69779676
0.8093417
0.037125483
-0.63397473
-1.2891523
0.834561
1.0024536
-0.61124265
0.9915441
1.021211
-0.62529266
-0.829325
-1.6084692
0.36410806
0.058386788
-0.11971073
-0.024225589
0.2328875
-0.48630375
-0.008938856
-1.590431
-0.31030244
-0.62448585
0.027569933
1.6466545
-0.027826533
0.20953703
0.6616808
0.25045502
-1.1528584
0.7143632
-1.0426424
0.54784346
0.668172
-0.65769273
1.2504926
0.52500623
-0.18598945
0.0702624
1.2554152
-0.081565656
-0.376372
-0.1245543
-0.5467134
-0.5664847
-0.58453876
-0.035795122
0.25504842
0.6183901
0.038392533
-0.6694692
-0.6857223
0.03758651
1.2154372
0.4805813
-1.0726804
-0.86017615
-0.50046414
-0.9908168
-0.3690844
0.30542585
0.4199778
0.11157569
0.43748513
0.5746757
-0.10128685
-0.7312803
0.55605507
-0.30648506
0.009410155
-0.4118979
-0.5391596
0.36270562
-0.7303982
-0.0699862
1.2861339
1.0946602
-0.14943445
-1.1941482
0.30837977
-1.4239676
1.5410762
-0.25006756
0.4364501
-0.45202717
-1.6265292
0.049211144
-1.3916111
1.1931037
-0.9169698
-0.9628804
-0.11293463
0.98647785
0.54832965
0.9421948
0.30059296
0.19116323
1.2022429
-0.6630863
-0.15470523
0.29305688
1.3367635
0.51058024
-1.0636712
0.5270904
0.20501617
1.1127476
-0.8672437
0.01036487
-0.4056795
-0.50625587
0.6957266
1.0148004
-1.3695588
0.6167394
0.83753365
0.37263736
-0.56313473
0.25892004
0.841718
-1.424241
0.0013808707
-1.8067358
0.3349272
0.29289114
0.3295052
0.008331739
-0.059971098
0.05951399
0.18000263
-1.0379958
1.2538929
-0.80730724
-0.90157706
-1.124127
0.2781557
1.1692228
-0.52282596
-0.43987453
0.36807805
0.38236532
-1.1310954
-0.013474951
0.11385816
-0.12194077
-1.0295575
-0.04857019
-0.13769904
-1.0528013
0.35166535
-1.6949985
0.7795171
0.39679635
0.2143881
-0.19798756
1.2145944
-1.0060297
0.521248
0.10596904
-1.5271215
0.12243648
-0.117236294
0.8084913
-0.34512678
1.4265567
-0.09188548
-0.5777708
-0.632659
-1.3545072
-0.3277191
0.43502492
1.25087
0.488761
-0.2054219
-0.05727503
0.9366363
-0.41152886
0.5938738
1.0163016
-1.1418062
1.0440416
0.4114065
-0.49534792
0.93333715
0.7524245
0.038812425
0.9446637
0.8879198
-0.23398155
-0.4064028
-0.13429888
1.2555525
-0.053387567
0.24859832
-0.60637695
-1.0121589
0.07854866
-0.36617553
0.073323935
-0.10025522
0.43781972
0.034220167
0.37555826
-0.43670785
0.5631186
0.017232928
0.4994197
0.76498854
0.41412258
-0.815549
-0.86286503
-0.7218317
0.1363069
1.3399854
-0.66578805
-0.6993058
-0.4859076
-0.9301996
-0.5591778
-0.087700166
0.5909272
0.04736248
0.112315536
0.1412027
-0.67553633
-0.90314
1.6037873
-0.017543713
1.4738264
0.2938416
0.487081
0.42682585
-1.0794678
0.03370217
0.34305272
-1.0732315
-0.51280004
0.074445695
-0.21591616
0.64355576
-1.365011
-0.44765595
-0.32887083
-1.0753173
0.0104789445
0.5235668
0.07373915
0.48093534
0.3115787
0.40580332
0.15284789
-0.19459277
-0.48204935
-0.31882927
0.659894
1.1219206
1.056457
0.7812491
0.48035085
1.2496843
0.1262378
0.18297042
0.7016846
0.0095075425
-0.60477036
-0.12647533
-0.73747945
-0.8893133
0.872633
-1.1371981
0.0076799216
0.1589266
-0.8017513
0.9496778
0.075272806
0.717406
-1.1383865
-0.1458116
0.32086387
0.6700795
-1.2226934
-0.10531419
-0.05877888
-0.74583036
0.15356682
0.9106475
1.270915
-0.16714881
0.5140474
1.0839497
0.96076536
0.6194265
0.7770405
0.231769
0.6870736
-0.31880775
0.22470105
-0.4079345
-0.4469344
0.24066505
1.2575977
0.6747097
0.2997983
-0.22115989
-0.15198372
0.41907474
-1.0930606
0.51774585
0.00869652
0.5910426
-1.0320692
-0.5048207
-0.42529213
0.91282547
0.05930597
0.42981622
-0.3211831
0.4357548
-0.24589942
-0.058799826
0.15172683
0.021328734
0.38620976
0.076647855
0.23807964
0.09722134
1.2449452
0.4977486
0.19794248
0.7545994
-0.9202428
0.085990615
0.0832196
-0.62049454
-0.34603995
0.08290497
-0.2773279
1.0257965
1.4004529
0.44949782
0.42887744
0.49928713
-0.76922095
-1.686823
-0.9665978
0.06863554
0.35374963
-0.18755294
-0.7111556
1.3475482
1.1921262
-0.19491097
-0.22011063
0.9083748
-0.51933867
-0.009704729
0.69941324
0.08299062
1.3499024
-0.6258508
0.5459818
0.674693
1.4227024
0.44292873
-0.998121
-1.3320894
-1.2413014
0.27858746
0.44176555
0.2566127
-0.69608665
0.25039718
0.40730193
0.93244195
-0.5885678
0.21729046
-0.11100783
0.11178109
-0.6690271
-0.09446416
1.4747624
-0.039853286
-1.6858788
0.09136923
1.2854344
0.4854112
-0.200892
-0.056444183
0.79608965
-1.3616093
-0.37661633
1.472158
0.17342459
1.3590044
1.5479515
0.9117575
0.91192025
-0.84833986
-1.6072419
0.009113966
-0.93927824
0.54437584
-1.0645016
-1.2684759
1.1468334
-0.9471183
1.0991138
1.163367
-0.64122707
-0.82179236
1.2753377
0.46205956
-0.15063973
-0.032836355
0.82606745
-1.6084732
-0.76574945
-0.94585097
1.2344935
0.36959842
-0.17460872
-1.199195
-0.06037149
0.37680382
0.57258236
0.35524783
-0.48727453
0.19855718
0.3731276
0.37896672
-0.08205419
-0.20918846
-0.8970667
0.7802302
-0.13387994
0.42730218
0.26028907
1.0519428
0.33093283
-0.30046108
-0.20487054
0.120131664
0.11287733
-1.4243063
1.1130263
-0.07649498
0.17638242
0.35151762
-0.26922795
0.65579236
0.5953697
0.44768327
-0.22652608
0.013631859
0.04163732
0.103670426
-0.79322016
1.5979297
1.0895582
0.41236636
0.878008
1.0266613
0.25502005
0.9437187
1.2850786
-0.5346602
-0.8050948
0.18909214
0.62480193
-0.29706892
-0.15016328
0.17004976
-0.08698016
-0.3432192
-0.5986368
0.54237723
-0.10203879
0.87892807
0.08806554
0.5254314
-0.54496616
-0.21331312
-0.6703582
-0.46569115
0.80358803
-1.16657
0.8218423
1.0465403
-0.7763922
-1.1994343
0.16970624
0.6639768
-0.8111302
0.7470524
-0.2544822
0.8631741
0.94131774
0.42037383
-1.7146181
0.9147967
-0.15981889
0.49370873
-0.81816506
-1.202693
-0.022941528
-0.8977612
-0.82730436
0.19026825
-0.8107718
0.7270811
0.31551015
-0.23092364
-0.16535321
0.26115268
0.06666127
0.39872578
0.34820613
1.093034
-0.2043892
0.8977701
-1.0187546
-0.593064
0.6031061
-0.8955569
-0.90177566
1.314013
-0.2476781
0.8033557
0.47764617
-0.69722015
-1.0805535
0.40876454
-1.0712044
0.90185195
-0.006272737
-0.026623096
-0.09474506
-0.6858448
-1.6915098
0.0048865965
0.08112544
0.25533783
0.7720989
-0.53503335
-1.973542
0.10185637
0.1048803
0.8678225
-0.36178482
-0.96090627
0.40643716
0.37472242
0.50156134
0.70356977
-1.4122949
-0.40160936
0.94293076
1.5796043
1.4572093
-1.924477
-1.3372756
0.60589164
-0.24957627
1.8519397
-0.033251025
0.32805386
-1.5938327
-0.15194477
1.3375349
1.0632173
-0.13157926
0.60907316
0.414046
-0.2768791
0.49228257
-0.01722516
0.047559276
-0.42203242
0.41787034
0.6235802
0.13417293
1.1799772
0.6320064
0.7522309
0.125227
1.109534
0.98824346
0.6993096
0.17407814
-1.4567581
-0.16661604
-1.6306176
-0.44569355
0.8443311
-0.18228532
0.26839116
-0.45908403
0.19687274
0.42913115
0.44745818
-0.54969704
-0.6364075
0.8154565
-0.653385
-0.040824592
-1.0857911
-0.9515605
-0.89870805
-0.79469395
-1.4059967
1.0769851
0.012361096
-0.8952072
-0.99404013
-1.2356339
0.29878452
-0.15373178
-1.0914109
-0.6790141
1.2048798
-0.00408995
0.5522165
-0.8833009
0.8185152
1.2075276
-0.047481917
-1.6909939
-0.01395744
0.3467606
0.41955245
-1.2474903
-0.0517149
-0.5215431
-1.1856353
1.4586473
0.74158114
-0.60040647
1.5351722
-1.1488539
-0.61793864
0.09871834
0.7893721
1.2083671
-0.11326793
-1.1960881
-0.34829792
0.3226531
-0.026418306
-0.20068248
-0.3541386
-0.6746582
-1.0954217
0.030529466
0.66679
1.2028679
-0.77252257
0.087079376
-1.6656224
0.33620718
0.9674445
-1.6785638
-0.56366473
1.125079
-0.30972892
0.015828228
0.8281313
0.5385847
-1.1302357
0.6575824
0.5435235
0.20156737
1.0594034
-0.07826849
-1.1510949
-1.1784899
0.16545549
-0.225317
-1.0125802
0.039215147
1.3407185
-1.0728132
-1.2513604
0.5031557
1.3157638
0.2561051
-0.6656672
-1.1658487
1.760237
-0.2933737
-1.2282592
0.90419257
-0.8335721
0.6125965
-1.1560789
0.6544019
-0.26442724
-0.12853247
-0.1528938
0.5750767
-0.8554836
-0.53116685
-1.7463015
-1.4461063
0.76026905
-0.81813705
-0.55236256
0.7048791
-0.11947481
0.69217044
-0.70444614
0.48607162
0.33457488
-0.8019865
-0.38186592
-0.020431459
-1.0088885
0.15427226
0.5120214
0.7699696
-0.7249121
0.23912852
-0.4312239
0.65862286
-1.1637268
-1.3356928
1.07175
0.95623416
0.47328752
1.3339674
0.90673274
0.27725515
-1.248499
-0.30210835
-0.661945
1.3315994
0.057467945
1.4982069
0.03614356
0.3271624
-0.91274536
-0.3780619
0.9970598
-1.1385947
0.57829547
0.6008708
-0.10522085
0.72337383
0.6991128
-0.9818698
0.53580165
0.14545447
0.5421821
-0.008506872
1.1470959
0.17354332
-0.5429808
0.21349947
0.5638589
0.0077550937
0.07938896
-0.45114696
-0.01580103
0.08280726
0.43507287
-1.2011436
-0.8538048
0.2418869
0.4484291
1.3154052
-0.09065713
0.60309994
0.020712567
0.6727004
-1.0619061
-0.56610596
-1.2188724
-0.089177646
1.2668369
-0.38128114
1.9553947
0.0028793456
0.46951425
0.7958004
-0.41153586
0.5538143
0.20627339
-1.7907577
0.8650769
-1.700729
0.03280356
-0.010619468
0.68914217
-0.32698676
0.4010039
0.085470594
0.18540755
-0.44193754
1.0396845
0.85402215
0.97892016
-1.0465218
0.16483556
-0.5218913
0.025368463
0.5343003
0.40331227
0.60788506
-0.024027616
1.0842286
-1.7459605
0.050622128
0.31102425
-0.26914838
1.345791
0.62198776
0.18648612
-0.32902154
-0.6148543
0.8759895
0.0065259715
0.7526416
0.31388167
1.3854808
0.48381734
0.7502929
-0.009829235
-0.09524851
0.73487467
-1.3109307
0.9493216
1.3935726
0.18398745
1.4359004
-1.2015331
0.9240762
-0.5032213
-0.5630257
-1.5712216
1.0871284
0.69213736
0.81536126
0.5940161
-1.2182412
-0.34325013
-0.045830753
1.3539996
-1.3590595
-1.2198033
0.121700086
0.5015238
-0.07927666
1.3180196
-1.6138521
0.6434273
-0.20075053
-0.1524665
1.3651394
0.3658276
1.1354766
-1.3238586
0.26004565
1.1391128
-0.5258893
-0.044987407
-0.032672472
-0.44988015
0.33355546
-1.3005965
1.5160439
1.2563645
0.7101434
0.6451482
0.11434506
0.0040194825
-0.25916862
-1.4738913
0.86707675
-1.0389467
-0.8120581
-0.08697924
-0.15383221
0.06478388
0.25707513
1.1986828
0.6727279
0.68461746
-0.00038997084
0.77811664
0.91824687
-0.79887086
-0.28922188
-1.4755139
-1.1387135
0.5682168
0.41868314
-0.040133704
-1.6487908
0.34923193
-0.09779875
-0.66616213
0.6165348
-0.738432
-1.2691873
0.18135087
0.17470685
1.1475115
0.547861
0.49603143
1.2581618
-0.19536507
-0.17067397
0.5757341
-1.5437083
0.64151925
-0.73691124
0.099816784
-0.043102648
-0.35413
1.0764911
-0.13299285
-1.2891299
-0.06257259
-1.3386183
-0.48390755
0.6531308
0.20907679
1.1577197
0.1723249
0.3535697
-0.24762343
-0.9545052
-0.52696764
0.6405387
1.0903913
1.2814542
-0.022863992
0.2241138
1.0876248
-0.08460627
0.4096094
-0.35755178
-0.8047744
-0.23714358
-0.2443446
0.84560275
-1.1309333
1.2118452
-0.19831692
0.77693146
-0.021409165
-1.1457144
-0.310389
0.8396589
1.0661259
-1.2887303
-0.042601295
-0.8920357
-0.9202604
0.81003237
-0.45269933
-0.43652382
0.77662015
0.004186955
-0.02690873
0.8455903
-0.7028034
-1.4023306
0.22394277
-0.28674936
-1.6128937
-0.13161053
-0.5383114
0.10566166
0.7104609
-0.07575489
0.5198661
0.29868641
0.117741846
1.5762494
-0.06419272
-0.63817626
0.6973837
-0.67416126
-0.25535518
0.22296582
0.772714
-0.8160584
0.12919162
0.26743618
-0.22529316
-0.03113867
-0.9671079
-0.18992366
0.121741526
-0.80745256
0.7867576
0.07650207
-0.7179833
0.22181372
-0.043430276
0.3060507
-0.323395
1.1912619
0.41400942
-0.11312493
-0.21264333
-0.99481654
0.7876506
0.5424398
-0.2713333
0.4252073
-0.13937862
1.2158443
0.46509683
0.97491324
-1.6441164
-0.8645319
0.35810798
-0.01073612
1.1001692
0.63538796
-1.2966783
0.6541989
0.18385771
-0.16570662
1.1227107
-1.5168531
-0.1221068
-0.8905021
0.9149368
0.67574596
-0.22494851
-0.43958417
0.8577856
0.50471264
-0.20799696
0.8605889
0.13887209
-1.7813231
1.0042123
0.057252772
0.72289294
0.67446345
-0.4799725
0.07300187
0.54129857
0.10740995
0.12814091
0.8029734
0.026780497
0.087418884
-0.056254484
0.9835876
-0.3591818
0.88153243
-0.17404781
-0.44746664
-0.32347915
-0.444139
-0.15541416
-0.37190616
-1.5825386
-0.4089441
0.9087719
0.8978604
0.65227765
-0.7569535
-1.4669003
0.52604294
0.27121213
0.5643398
0.65263
0.57054573
-1.3949904
-0.62020326
-0.43179873
0.6705132
-1.2789308
0.62147725
1.5856097
1.0602051
0.49228674
0.7612455
-1.5438819
0.5770349
-0.40140387
-0.0917743
-0.2300137
0.030929858
0.88404095
0.0226467
0.81498694
-0.856422
0.5213233
0.6396889
0.19835578
0.23485659
0.20480166
-0.6158459
0.78988755
-1.5135214
0.9247811
0.36693394
0.88715124
-0.95942974
-0.8023148
1.133725
0.45886278
0.34651038
0.5056889
0.06888533
-0.49714655
-0.025325181
-1.1981273
-0.32160026
-0.41373235
1.0691183
1.0119617
-0.07483302
0.13308868
0.62731415
0.19101578
-1.3031027
0.89785075
1.4210341
-1.4289415
-0.10997571
-0.19024515
-0.48622036
0.07468192
-1.2196503
0.9759983
-0.35838717
-1.3161614
0.13037625
0.52814716
-0.6739289
0.10489073
0.0946947
0.07353118
0.9890605
0.083341405
0.8655287
0.06658298
0.040214583
-0.78626806
-0.0026221348
-1.3036723
0.04801785
1.4746685
-0.7643055
0.26934353
-0.56646836
0.12977414
-0.16091426
-0.9280139
0.27652156
0.7509216
0.6102155
0.3314742
0.5504472
0.60289776
-1.0542883
-0.73211354
-1.6121571
-0.02744211
0.26855254
-0.020667173
-0.4365911
1.3423072
1.3735894
1.2504967
1.0919902
0.20035803
-0.04806991
-1.3659729
-0.19551587
0.44912207
-0.8120091
0.33078638
-0.074907415
-0.6897216
0.60169053
0.31196246
1.2751261
-0.73094636
-0.25064
-0.62329483
0.02751181
1.2241777
0.37701267
-0.028536558
0.2451678
-0.13308991
0.5861546
-0.35538012
0.4540199
-1.1526201
0.08451808
0.8872774
0.3805804
-0.22797899
-0.6524027
-0.060346622
0.32158402
0.063564025
-0.8315592
-1.7323766
-0.34972554
0.247171
-1.4979864
-0.3576892
0.5273062
0.039384328
0.5949025
-1.4349427
-1.0855509
-0.20914042
-0.54287857
0.8635842
-0.03371206
0.11834443
-1.3164644
1.3839096
0.68838024
0.30398312
-0.46124768
0.10387409
0.88258153
0.17807531
-0.51493746
0.9797228
0.2837962
-0.28382134
-1.3674519
1.1445464
1.1444415
-0.07549134
0.16338278
0.86493474
-0.05610451
-0.9854336
-0.26170018
-0.97658956
-0.4114749
1.1946228
-0.5666711
1.381382
-0.9142791
-0.119228356
-0.7917248
-0.18265186
-0.8202225
-1.6672715
-0.19364665
0.29985178
-0.26468068
1.1857398
1.477546
-0.45889544
0.95095104
0.33412597
-0.00838679
0.6138097
-0.3435808
1.060306
-0.3859736
0.584698
0.03361238
0.6912146
-1.0197493
0.13880464
-0.86163646
0.8229175
0.9532714
0.6033009
-0.5238371
0.18148276
1.2063597
-0.58768296
0.19191673
-1.3055694
1.2127396
-1.256843
0.37511292
-0.25349236
-0.99065465
0.5978463
0.8191649
0.77002776
-0.20622005
0.1582351
-1.0192511
1.1250219
0.63483465
1.0901371
0.10433627
-1.5381353
0.9538903
0.39034
0.89341235
-0.7648065
-0.03303027
1.0077901
0.10291655
0.23130226
-0.8233939
-0.25153425
-0.49152339
-0.8736188
0.060494825
0.19313887
0.60378253
0.65177625
0.5141407
0.41452667
-0.07116307
1.2289947
0.03406754
-0.6716813
1.2315995
1.2341048
-0.7432557
1.3280416
0.54803747
1.0216771
0.092251524
0.27389154
-1.6804165
-0.31743094
-0.17477675
0.23730604
0.7183577
-0.19607532
-1.4553019
-0.84640765
-0.02426305
0.09948009
0.23995697
-0.6956799
0.6383346
1.0751019
0.9515041
1.1890142
-0.4296039
-0.16033614
1.6441016
-0.5279532
-0.28308627
0.07720786
0.1829507
-0.3309356
0.4692977
-0.30624697
0.6402165
-0.033061516
-0.044306364
0.12996873
0.39731383
-1.5935992
-0.61038226
0.716811
-0.39106297
0.24141994
-0.92166775
-1.3392054
-1.281063
0.80221754
0.68556666
-0.14262682
-0.52431655
-0.0346419
0.21826515
-0.6991309
0.5777112
0.19348946
0.5711713
-1.2614337
-0.15870705
-0.7248457
0.2602532
0.5948917
-0.18867463
-0.26072657
-0.15771271
1.4667189
0.84206235
0.3714221
0.7096345
0.25722983
1.379177
0.75087667
-1.1714864
-0.97812206
-1.048984
1.1093056
-0.22577614
0.40366873
0.78336436
0.37242794
0.4840939
-0.9189135
-1.5202888
0.111336015
1.1294852
1.1953537
0.13220592
-0.9866522
1.0298467
0.91334033
0.82271117
0.57375014
-0.16006653
-1.3962117
0.92131025
-0.7226399
0.018603517
0.6521091
-0.69169736
-1.0932542
-0.28760988
0.17558628
-0.48087096
0.43764064
-1.2664784
-1.34085
0.21333562
0.2059748
0.5566065
-0.6501185
-0.8573294
0.58596873
-0.33779192
0.0049110567
0.34956744
-1.3233681
0.86307347
0.14555432
1.0628173
0.52260286
-0.19595647
0.7848726
-1.0462053
0.8612577
-0.4211146
-1.2947497
0.21971714
1.1334587
1.2406477
-0.6597258
0.7294107
-0.09210484
1.2166326
0.50322425
0.093330294
0.7674743
1.5160058
-0.14924869
0.8096245
0.21835256
-1.4228867
-0.78098345
-0.38730925
0.88587356
-0.4119348
-0.7502812
-0.00032446906
0.5411957
-0.3829624
