0.3165623
0.87278175
1.5847116
-0.43422458
-0.35089964
0.193701
1.0846249
0.14945361
-0.18266886
-1.4492067
1.0345008
-1.5484157
-0.8852938
0.7412977
0.4057379
-0.4684825
0.53188246
0.7115678
0.35965368
-0.03919708
0.30767262
-0.6630558
-1.5062815
0.5428787
-0.90595394
-0.21184619
-0.03591458
-0.4019483
1.2089276
0.5305649
-0.53334785
-1.3016272
0.51721936
-0.7288545
0.40921205
0.19736186
1.4963105
-1.3440251
0.57784224
-0.36690634
0.49088934
1.0168221
-0.0016852163
-0.15123622
0.03629254
-0.49599886
-0.39414302
-0.55376256
-0.17004827
-0.09203921
0.33799788
-1.937052
0.48868448
0.2569346
-0.995613
-0.39717016
1.2073647
-0.71849316
0.10287198
-0.43881035
-0.4481605
-0.8423
-0.73340046
-0.306259
0.5990922
-0.36076584
-0.44133532
-0.03695042
1.2648213
0.21034677
-0.41450772
0.46471894
0.19698237
-0.6584777
-0.14571598
-1.1018687
0.6883349
0.6363832
-0.60093355
0.47849905
0.56566536
-0.77855283
0.9022187
-0.87009954
0.8476341
-0.83446074
0.0013915823
-0.23643772
-0.7552663
0.62809235
0.5158172
-0.9121729
-0.039636068
1.6031015
-0.96367025
-0.9137262
0.701406
-0.5472214
-0.5442858
1.9239075
0.67606264
1.2523218
-1.0054128
0.68702865
0.38113385
-0.81660724
-0.029703988
0.3138033
-0.9814106
-1.1871966
0.77593386
0.5034019
-1.1840104
0.18452908
0.66456884
0.17284302
0.39813748
1.3689193
-0.6121346
-0.06529602
0.6929516
-1.2980568
1.1645808
-0.28625023
0.596259
-0.5540085
0.031926084
-1.4570769
0.6708608
0.63298374
0.96283436
-0.6157997
0.5774476
-0.49954724
-1.2669038
0.8251202
0.78583914
-0.4177765
-0.34910497
-0.2872782
-0.66183347
-1.0896922
-0.54560983
1.1054354
-0.26350272
-0.2009007
0.043696698
0.107338354
-0.027221112
-0.29271182
-0.6188401
0.83272636
0.41876358
-0.0072134854
-0.96426356
-1.2630775
0.26259902
-1.4309646
0.8219818
-0.082706496
-0.7071124
-0.813844
1.2582749
-0.55394065
-0.91411006
1.7230968
-2.0229468
0.3646688
-0.5706114
0.5480328
0.99148345
-0.24355204
-1.5701522
0.92659426
0.47985262
1.0417955
0.40306628
1.2647378
-0.096503325
0.9261889
-0.7646897
-0.6572835
0.67053366
0.63706607
-0.47573683
-0.4565568
0.30239475
0.67766887
-0.6218625
0.38650846
-0.11314294
0.12595847
0.049619872
0.5528455
-0.2542474
0.9400302
1.4216588
-0.99767196
1.336747
0.15998212
-0.52981895
0.67494386
0.036609683
-1.3173329
1.0678649
-0.0648074
-1.1085441
0.78462696
-1.2407761
-0.104774326
0.50842184
0.5356804
-0.98624545
-0.32615012
-0.04413171
0.8305405
-0.70133615
-0.334165
0.10573825
-0.0747744
0.5264281
0.34150213
0.4861871
-0.97828263
-0.35375625
-0.7815362
-0.23738198
-0.31581998
0.40693086
0.6726104
0.080148354
-0.8536668
-0.6021182
0.8725923
-0.6600648
-0.598944
1.0687959
-1.0976729
-1.3678644
-1.0200405
0.36136985
0.72676224
-0.8497186
0.14607388
0.101885974
-0.79190594
-1.5267859
1.1175237
-1.6195787
0.9204377
-0.045215093
0.2045667
1.2804304
-0.16909637
0.13479638
-0.87506956
-0.66643685
1.9833145
-0.2183256
-0.19860096
0.58684295
0.037630707
0.1803651
0.14948276
-0.3607005
0.07049896
0.94682515
-0.6595791
-1.0480425
0.2764465
0.068040006
1.432477
-1.4545381
-0.552898
0.67450696
0.59018207
-1.1399722
-1.4766728
0.5109616
-0.63072073
-1.1497263
0.14559275
0.538813
0.8619549
0.5337074
0.22454147
1.732266
0.5363982
-0.15168221
1.0531904
-0.84801286
0.018915437
0.70849276
1.3827833
0.51468736
1.3792536
-0.6991051
0.15535335
0.5312555
0.6631643
0.7197119
-0.18801846
-0.34026837
0.8837362
-0.8289755
-0.3948726
-0.65746605
-0.7047232
-0.18330024
-0.60224175
1.4940664
-0.8484528
-0.5557959
-0.83385706
-0.29387805
-0.35779595
0.317819
-0.38579535
-0.69049776
0.84632987
-0.5383872
0.4778918
1.6172163
0.047717117
-0.9353979
-0.9762321
0.9719837
-0.38990384
0.936753
1.0067635
-1.2642388
0.9282208
0.12589976
0.28582954
0.49489355
-0.9166734
-0.12872894
-1.5398352
-0.64172006
-0.49344972
0.4733141
-0.63291323
-1.0439447
0.9645728
0.2246741
0.024285166
0.35347995
-0.83411556
0.7242321
-0.4304985
0.8988722
-0.5142586
-1.5178956
1.221931
-0.124351375
0.7220025
-0.6366713
-1.2818348
-0.86611193
-0.8174426
-0.9842557
0.80213505
-0.29118785
-0.6675696
-0.5317807
-1.3010691
-0.8891908
0.039999913
-0.15044276
0.6039124
-0.30459747
0.016948113
-1.2723186
-0.2737804
-0.5688248
0.43470109
0.18346606
0.50676036
-1.0346617
-0.8066918
-0.26470283
-0.85864943
-1.9910107
0.23836647
-1.1326381
-1.495353
-0.3970571
-0.111266054
-1.0353775
0.93708473
1.0735335
-0.9844971
-1.2685219
0.75241536
-0.42821267
-0.24052079
0.030757224
-1.0870578
0.9870677
0.007330501
-0.7231803
-1.7083648
0.23595244
1.0360322
-1.4873893
-0.4543826
-0.5842214
-0.31656668
0.363013
0.8476732
-0.04651013
0.71001947
-1.6821363
0.95002335
-1.2004997
0.59980595
-0.41403618
-0.1665451
-0.9268442
-0.9493331
-0.12102208
-1.0248327
1.649027
1.0646561
0.092290476
-0.739718
-1.5229756
-1.701807
-1.0093513
-0.9076559
-0.30787134
1.1500269
-0.69326746
0.3729276
0.84444034
2.2206304
0.5108385
0.7346475
-0.52087045
0.47160327
-0.57754
-0.17818269
-0.49899542
-1.480431
-0.29812995
-0.5717689
-0.14303175
-0.31095755
-1.2538207
-0.57848597
-0.4244754
0.019676428
-0.0886356
-0.9388117
-1.4246726
-0.6811018
0.86020935
-1.4916656
1.354983
0.027863458
0.72624946
-0.886338
0.87350655
1.8602641
-1.5999513
-0.054120388
-1.1678113
-0.19967893
1.2958273
0.5611964
1.2249249
-0.6315916
-1.0818251
0.6604688
-0.79452556
-0.43790272
-0.3086969
0.3659264
-0.7733931
0.94140214
0.13366474
1.5617396
0.4926014
0.38635346
-0.94045234
0.6418999
-0.94394886
1.0788562
-1.7161194
0.87996584
0.61830354
-0.29072645
0.027517626
0.49262217
0.14794467
-0.51679254
-0.74678934
0.777258
0.572801
0.8873973
-1.019653
-0.68725646
0.49995697
0.4511327
1.0274055
-1.1642126
0.09424428
0.9319173
-0.8692514
-0.94842046
0.32527706
-1.8390024
0.0036301608
1.0309677
0.04404454
0.77037287
0.2103992
0.8478683
0.49190807
0.5956503
0.47795278
0.16655459
0.8298912
0.10244668
-1.0136704
-0.88625705
0.18118517
0.64288217
-0.57720536
1.3644269
-0.17999633
0.06911536
-1.1388335
0.22640488
-0.2952275
0.61275005
-1.1280053
-0.65609455
-0.18546213
0.3507662
-0.22378297
0.037436258
0.11693623
1.2529526
1.1640396
-1.2896793
0.31703395
-0.06419516
-0.9134153
0.12468991
1.1740054
-1.0445421
1.2236099
0.2156203
0.092528075
-0.58005553
0.79348904
-0.77861
0.13334264
0.48349273
0.1398615
-0.55523646
0.03823415
1.0098042
-1.8549424
-0.24821298
-0.8008523
0.005834579
-0.82136905
0.33031446
-0.76188403
-1.3638272
-0.6877447
0.07025446
-1.4758109
-0.63874
0.19420107
0.6961688
0.6705877
-0.7073963
-0.5294994
-0.17171662
-0.33536378
-0.57167566
0.24891484
-1.0261086
1.2581037
0.7930646
0.34795964
-1.3145796
0.7565799
0.09079644
-0.18403971
-0.076436594
-0.28082725
-0.19599117
1.6456645
-0.6307715
-0.6446784
-1.2199234
0.37350333
0.1838957
0.6014358
0.6027512
-1.2278166
0.05404681
-0.3998213
-0.5176058
0.8680389
0.7977868
-1.3545202
-0.5183049
-1.106764
0.6455106
0.39445156
0.23470089
0.11888184
-0.6362046
-1.9278036
-0.7305311
-1.9572399
-0.61724716
0.23173493
-0.81373465
0.9201964
-0.23480028
0.762415
-0.76501524
-0.13143067
0.3792919
-0.97503555
-1.0370713
-1.5604838
-0.5293933
-0.669438
0.80811894
-0.6183287
0.18685773
-1.9591609
0.8659717
0.21861406
0.35735273
0.11381355
0.26603544
-0.3211865
0.47886765
-0.83999944
0.4700854
-0.7281735
1.7370274
-0.33623424
-1.3122267
-0.143345
-0.65680826
-0.882052
0.4404307
-0.868238
0.95024765
1.4334034
-0.7996284
-0.49566102
-1.4841367
-0.59429246
0.61248374
1.4776394
1.1809416
0.64475685
0.019039234
1.2801592
-0.15057893
-1.046545
-0.26056463
1.3769666
0.49461633
1.0089598
-1.2049145
-0.27301893
0.46751094
1.4080732
0.11027245
-1.0892482
0.13780697
-0.79019076
-0.5578361
1.4422187
-0.35373732
-0.7973058
-0.114905484
-0.5272676
-0.96279633
0.48043966
-0.9848784
1.6393977
-0.46237582
0.39784193
-0.38769844
-0.25008416
-0.7553124
-1.4037468
0.2353853
0.0663542
1.1612067
1.2785169
1.5228965
0.19734992
0.062372006
0.10163914
0.7904487
0.8325704
-0.777305
-0.28708583
-1.0462255
1.4976544
0.20967506
0.49092597
0.49316484
-0.13808705
0.9980829
0.4104384
0.66222435
1.2865206
-0.58356214
0.31388402
0.3577716
-0.8606494
0.5258613
0.530059
-0.5905686
0.64442414
-0.553237
0.38725862
0.51127756
0.45820928
-0.22251013
-0.8523096
0.23681834
-0.828037
0.70142984
-0.7103012
0.847015
1.167847
0.7825328
-0.29202092
1.2490861
0.6869405
-0.38870323
0.02317913
-0.85940194
0.77450234
-0.5707602
-0.20235091
0.05865634
-1.1929016
0.6656581
-0.8414435
-0.14415707
-0.5818796
-0.18548822
1.3737171
-0.43765324
-1.2824748
-0.616797
-0.30155134
-0.31657153
0.9091216
-0.47130615
0.22751531
-0.60971236
-0.06419893
1.1038673
-1.0494248
-1.0628886
0.20591229
-0.4877107
-0.0687977
-0.19692905
-0.34505677
-0.308247
0.91151243
0.60127985
0.8892058
-0.6981409
0.053192522
0.82646215
0.37254357
0.5165356
1.1229515
1.2715892
0.10927666
-0.7945958
0.56773555
1.0058501
-0.020615853
0.06335505
-0.14129694
-0.19082165
0.62768126
1.0744772
-0.005369466
-0.21973684
0.71256447
-0.3405451
0.49737254
1.0699211
-0.17717117
-0.7645584
-0.78384805
1.4383618
-1.0978643
-1.187006
-0.6430405
-0.4043214
0.882558
0.17515594
0.48564792
0.9367505
-0.61313707
0.7227845
-0.21644612
-0.24099444
-0.6230192
-0.53785455
-0.30919215
-1.0683055
-0.78521264
-1.0711871
-1.1617377
-0.61444354
1.121669
1.1620333
-0.42827743
-0.8822883
0.47058344
-0.29991466
-0.48455048
0.6112653
0.7266924
-1.1857932
-0.57130754
0.99716234
0.45892504
0.19549051
-0.37452516
-1.4955226
0.7870397
0.65284103
0.047510322
-0.62927985
0.42661598
-0.19155677
-0.99966824
1.2857105
0.3104242
-1.2774715
0.07539167
0.26807636
-1.2623065
-0.56103885
0.9971826
0.05056371
0.7021186
0.39565238
0.9648142
1.2053571
-1.134007
-0.89672065
-0.23607035
0.106634416
-0.63237524
0.3046215
-0.69036555
-0.5209399
-0.7044392
-0.69541174
0.8225951
0.19991885
0.5267901
-0.06046953
-0.11514372
-1.295695
0.33305508
-0.30200037
1.0730109
1.2880462
0.26743996
-0.6342379
0.1621478
0.8705263
-1.2602878
0.90240365
0.11855224
1.0112773
0.02689453
0.6880678
-0.09592196
-1.2034917
0.632992
0.40085167
-0.1562015
-1.196877
0.33379844
-0.12114102
1.6704204
-0.23146468
-0.37413344
-0.7016647
-0.88404924
-1.2898997
-0.49901387
-1.0717826
-0.2895968
0.5053741
0.2691365
0.71004915
0.43091962
-0.27471462
0.8693815
0.073572464
0.8993157
0.858935
0.97562015
0.06312723
-0.07616861
-0.072249085
-0.40823758
-0.81782556
1.1709836
-1.4216672
-0.59618855
-1.5221374
1.4644271
-0.5274421
-0.5122383
-0.055459913
0.013078061
0.016529553
0.9823387
0.64247966
-1.0401495
0.117491156
-0.693695
1.5414777
0.22566636
-0.36867753
-0.8730097
0.7306296
0.16603662
-0.9260065
1.386665
-0.60854894
0.11428854
-0.45307004
-0.59186757
1.3299983
-0.25063178
-0.839539
-1.3739827
-1.182997
0.33039078
1.515647
-0.16240035
-0.56769407
-0.2179181
-1.3543514
-0.04554924
-1.6440104
0.1338507
1.7896234
1.2944167
-0.67612314
-0.75855505
-0.26008472
-0.55610675
1.0062494
-0.070943825
0.10796384
0.52674514
0.6698432
0.6954925
-0.8356605
-0.23357624
0.80109763
-0.32281926
0.17698406
0.32943863
-0.50758517
-0.44642097
1.6050825
-0.45197877
-1.1368847
-0.1179117
-0.2549629
-0.49831706
-0.48115206
-0.2078021
-0.28959942
-0.43261456
-0.34594512
-0.08657575
-0.66242224
0.9008521
0.17563863
1.1038244
-0.9315475
0.19833508
0.092960246
1.2220911
0.4634902
-1.1538353
-0.12057975
-0.2274599
-0.7605802
0.83047277
0.9740052
-0.7065356
-0.8018076
0.6184212
-1.4036213
0.4302574
0.10261438
0.31984025
0.37547716
-0.4150152
-1.0073895
-1.1293787
0.09032445
0.44474888
-0.32467955
-0.8055134
0.92321783
-1.1313612
-0.3973869
-0.42045748
0.8572403
0.59424466
0.6383774
0.62087345
0.6625744
-0.8350715
-0.844321
-0.5645629
-0.97211236
1.3309389
-0.5655685
-0.13333002
-1.0283115
0.08825999
0.15732892
0.78409964
0.061735913
-1.2825072
0.54007375
-0.30246082
-0.29864335
-0.30168077
1.2562579
2.1406274
0.60357916
1.0012494
-0.33536255
-0.69061494
1.0393422
-1.0676583
-0.85734594
0.95806926
-0.52443874
0.37067932
0.91189253
-0.44628745
-0.014339105
-0.43913212
1.0267279
0.23930286
1.2441473
0.018309
-0.54556227
-0.44058618
-0.07307544
0.33286765
0.8282306
0.8545223
-0.69589293
-0.43511787
-0.991264
1.7563037
-0.28267702
-0.10535543
0.2399236
-0.8086363
-0.075779974
-0.2831555
-0.73226935
0.66161233
1.4338722
-0.21566804
-0.06667347
0.16923767
-0.89315635
-0.28568313
-0.13963374
0.26110896
-1.5919394
-0.8258902
0.24654363
-0.40837973
-0.008372978
0.46506596
0.3311026
0.91327643
-1.2549945
0.36937037
0.8252353
-0.561474
1.7116492
-0.5308706
-1.0384201
0.16372478
-0.019494073
-0.7086132
-0.57977766
-0.7845078
0.090081625
-1.1341865
1.00245
0.25831977
1.0258492
1.0760908
-0.37195858
0.50052154
0.7671552
-0.3414677
-1.5928793
0.28268337
-0.660119
0.7111368
0.6538741
-0.83324766
1.360902
0.35401952
-1.132472
-0.58372545
0.39895526
0.3445312
0.44591355
0.31039223
-0.75920975
-0.20347331
-0.5776961
0.21786933
0.07743615
-0.20322664
-0.65568984
-0.58586574
-0.9230994
0.096881546
0.6660041
-1.6187418
-0.4399867
0.5168365
-1.358202
1.2511535
0.2513301
-0.85816383
-0.31189093
-0.293578
-0.8625885
0.47459334
-0.5252445
-0.2509575
-1.0392087
1.3583997
-0.05779485
0.037057664
-0.9285122
0.64174527
-0.8734154
-0.8185699
1.4817334
-0.43523028
0.022509478
1.4514495
0.22537401
-0.88709134
1.638739
-1.6725473
0.8597478
-0.3906893
1.1851748
0.3102938
-0.48645842
0.2199641
0.06364148
-0.20368002
0.10524906
-0.53490776
0.45952165
-0.51701456
-0.9914651
-1.1716387
-1.196376
1.1404108
0.16671464
-0.044475537
-0.39233434
-0.7094327
0.20716685
0.7285058
-1.071053
-0.10676696
1.0717332
-0.38079333
-0.98726165
-0.33118013
-1.4526248
-0.91232353
0.034902994
-0.040551335
0.8017071
-1.392275
-0.9320412
0.95687187
0.11851303
-0.70329773
0.9543768
1.3529843
0.0053461683
-0.9004549
-0.6558223
0.07789627
0.6291154
-0.03604813
0.22886054
-1.4659537
0.05738457
-1.0978296
-0.76479214
0.65761954
0.7799406
-0.724356
-0.78337073
-0.8299599
-0.9256733
-0.7914951
1.0176916
1.0809145
1.3241684
-0.00067147607
-0.32543367
-0.03508368
0.48869464
-0.29920405
-1.4171317
0.82807267
0.1343831
1.7006736
1.5318263
0.35928896
-0.51822776
-0.15728591
1.3892187
1.364506
1.2480893
-0.5275579
-1.0349133
-0.6250217
0.5268085
-0.7978658
0.27274787
-1.6463364
-0.71430767
-0.6311588
0.52703756
-2.025071
-0.42429966
0.3174762
1.3646253
-1.0873357
-1.1343267
1.493738
-0.72166044
-0.082589656
0.06777422
0.9411571
-0.63311917
0.79345256
-0.2491472
-0.7464773
0.319558
-0.04306409
-0.9871905
0.22860582
0.03365201
-0.34006783
-0.14504772
0.57122135
-1.1089017
1.0079927
0.55613285
0.11923736
-0.56882036
-0.012125433
0.4332315
1.5277689
0.028141167
0.1851402
-0.41658595
-0.7852994
0.9493141
-0.38129666
-0.0325112
1.7692516
-0.28576854
0.059928346
-0.7452459
-0.5954792
-0.5776352
-0.03130464
0.49960017
0.07869061
-1.1334232
-1.3334092
-1.7818841
-0.4192311
-0.20549612
-0.2511576
-0.64013934
-0.17833367
0.65963733
0.7360682
0.5637185
-0.84258056
-0.74714315
-0.277952
0.20059054
-0.841407
-0.2467876
0.9721628
-0.9542951
-0.9194696
-1.4320922
-1.0278196
-0.94704723
0.7657023
0.58267957
-1.3530607
0.23245452
-0.71021664
-0.92255664
-0.17044617
0.36367178
0.033828817
0.8951739
-0.5367392
1.1178173
-0.13712707
0.63993335
1.6198874
0.51676905
-0.48804265
-0.03275253
-0.092181176
-0.18286262
0.67009366
-0.3645544
0.7802527
-0.92689854
0.32836485
0.26110873
-0.96309435
0.17171812
-0.553764
1.2118305
1.0199652
0.18075098
0.65654737
-0.08048387
0.35567126
-0.09861218
0.2959236
0.0077868775
0.16226755
-0.17867805
-0.31184468
0.9719188
0.5842546
1.7552598
0.42714292
-0.61649513
0.16019419
1.1323618
-1.1887512
1.5700735
1.0131052
-0.9030171
-0.19233122
0.0832965
-0.24874091
0.07396976
0.46871948
-0.63284653
0.6299443
0.8980841
-0.12177958
-0.43017468
-0.4667814
-0.09680413
-1.1317058
1.6281762
-1.279979
-0.46729606
0.21221766
-1.3858858
-1.4087425
-0.2547873
-1.195001
-1.3259952
0.64784896
1.5647861
0.52966547
-0.36958814
-0.16276492
-1.149646
0.19017757
-1.509087
-1.0186907
0.7097859
-0.6933091
-0.30559564
-0.5554033
0.31466582
0.08028156
-0.7026248
-0.41769952
1.7722363
-1.2255083
-0.7942269
-1.2282299
0.7538081
0.14447528
-0.20660846
1.5179151
1.398642
-0.10175773
0.5347849
-0.75400233
-0.3504481
-1.2307823
-0.5440421
-0.23730801
-1.424994
-1.3358835
0.84565383
-0.026843289
-0.34056386
-1.5011117
0.1426984
-0.4305809
-1.2537315
-0.69715375
0.1357584
-0.42748544
0.33151996
-0.042890675
0.6781252
1.2557139
-0.3747517
0.022522613
-0.29304454
1.6477607
-0.24275674
0.695442
-1.3282745
0.14084189
1.0586941
0.6081125
-0.5966025
0.55436265
-0.10776296
-0.01576523
-0.2616377
-0.119614996
1.7955872
-1.1912732
-0.44539177
0.37875727
-1.0851394
-0.035077993
0.64312094
0.98707384
0.4618008
-0.45275182
1.707361
-0.14889073
0.19377904
-1.5634235
0.2518461
0.08365336
0.67711186
-0.44274795
-0.38998058
-0.08114165
-1.2120733
0.8879965
-1.4577447
0.45575422
-0.70119464
1.2438372
-0.008541078
-0.8248116
-1.2448552
-0.59650254
0.2061989
-0.16719751
-0.07398137
1.1884665
0.022738691
-0.20018584
-0.9328049
0.47720706
-0.13660608
-1.33728
0.07064336
-0.48364222
0.6747996
-0.20061165
-0.66434276
1.0478816
-1.3920162
-0.7415363
1.2942928
0.12923756
-0.07753874
-0.35297534
0.29609904
1.2226363
0.08618451
-0.9599432
-0.019897867
-0.30960226
-0.5448084
1.0715641
-0.6510513
-0.483949
-0.14157318
0.59332657
-0.6748378
-0.20076466
1.5445361
-0.58961487
0.75204986
-0.11862096
-0.08824808
0.6230391
-1.1781757
-0.51832205
-0.17772858
0.51675403
0.06073478
0.27296233
-0.54024976
1.3632631
-0.30733943
-0.9352705
0.9005993
0.73703545
0.3529112
0.88510895
-0.3365901
-1.0457804
0.7160073
-1.65312
0.8649247
1.6333935
-0.94419277
-0.5059731
-0.92255604
0.58517504
0.09139748
-1.1963232
-0.6476011
0.71438015
-0.8906803
-1.3131725
-0.047316894
0.642611
0.4591598
-1.0494126
-0.9904095
0.40513158
1.3177933
0.21989796
-0.12467661
-0.77277243
-1.0068619
-0.8889474
-0.88214964
-1.1049545
0.10744929
-0.05412826
0.7381554
0.13733074
-1.2983655
-0.6497826
-1.0253941
-1.2029303
-0.62045217
0.6628439
-0.31748146
-0.46542007
0.043523747
-1.1743765
1.1021054
1.2713491
-0.6199975
-1.3763939
0.3838503
-0.6228512
0.5916966
0.80952084
-1.2443699
-0.3129139
-1.3049457
1.0723917
0.032323856
1.1662971
0.7506757
-1.4227043
1.4936199
1.3870552
0.11388947
-0.89516056
0.06378642
0.29180065
0.40953735
-0.013494976
-0.88992804
-0.23900919
-0.4224085
-1.1973702
-0.90160894
-1.7581487
-0.5777244
-1.0696605
-0.2950843
-0.6068163
-0.5945796
-0.62563324
-0.06507453
-0.907349
-1.0911407
0.7361056
0.35090548
-0.08414548
-1.2520877
0.45649412
0.12438614
-0.61506593
0.7545958
-1.0151734
-0.24834082
-1.2138114
0.7032397
-0.91423994
0.8150625
-0.09374599
0.53142786
-1.4243177
0.080935374
0.6471842
-0.720611
1.8099031
0.45957223
-1.157661
0.9190308
-0.00964063
-1.0769413
-0.02451639
1.0990368
-0.92601407
1.008421
0.47418985
-0.7263631
0.80842054
-0.3270567
-1.1378688
0.16751704
-0.73733026
0.9952336
0.49084616
0.31545305
0.58083105
0.4989996
-1.0923349
-0.5307402
0.7807483
-0.49504137
-0.006257277
-0.7067607
1.7152054
-1.2861766
0.05475267
0.41362604
0.9123995
-0.83125734
1.4420367
0.61731076
-0.7058715
-0.16209094
-0.36175594
0.5841415
-1.7504343
-1.6042116
1.8597374
0.61935616
-0.93329525
0.90517104
0.6570639
-0.39594734
0.7122002
-0.6167369
1.3806759
0.36062908
1.4154285
0.61292446
-0.58677644
0.5936706
0.68574345
-0.23493275
-1.3093525
-0.920108
-0.20160937
0.037038337
0.8443256
0.84141207
-0.18608083
-1.0801605
-0.59129924
1.3005849
0.8513589
-0.5830527
-0.23320365
-0.76266813
0.025803465
0.29919237
-0.30081245
-0.52404296
0.30085072
-1.3876203
-0.095835164
1.374656
0.9017246
0.83798444
-0.19824117
0.25446182
-1.3922313
-1.1379519
-1.5827843
0.050088
-0.090785705
0.19439197
-0.028726077
0.8410537
-0.13441262
1.6166271
1.3648453
1.412931
0.07860913
1.1206537
1.1148301
-0.23787516
0.36856347
-0.63389736
1.2528696
0.052278247
-0.72960776
-1.0805295
-1.6503903
-0.53987366
0.98535603
-0.19941236
-0.87127316
1.0809995
0.25788715
-0.6048527
2.15772
1.354086
1.4814888
0.43107235
1.2789054
-0.04950343
-0.018838797
-1.1845742
-0.13474841
1.1622226
-0.41856554
0.26143917
-0.4872687
0.5847715
0.19254696
1.124371
-0.31378004
-0.98438877
-1.5822341
1.2838203
-0.68263096
-0.13312118
-1.8510723
0.1554251
-0.82280695
0.02581575
0.019120317
0.5267769
-0.4917528
-0.33386502
-1.2945216
-0.8217183
-0.23948179
-0.016180152
-0.5761956
-0.11274008
-0.8911321
-0.49262255
-0.113256276
-0.16471587
-0.30715576
0.1611121
-0.63323355
0.14706148
-0.87224156
-0.7168912
0.6471524
-0.0956593
-0.21779826
0.6803702
-1.079581
-0.977847
0.497316
-1.3779479
0.6082397
-0.23343155
0.2385638
0.33991995
-1.2426008
0.16188216
-0.43570244
0.7509738
1.0827434
-0.656862
-0.18524247
0.63808477
-0.6541954
-0.045539014
-0.6376963
0.9799077
0.73862445
0.21982187
-1.1426101
1.0940218
-0.845007
0.65956306
-0.61998767
0.10727996
-0.027971782
-0.066250905
0.63179713
-1.9624977
-1.4715152
1.0313469
1.2190232
-1.3072174
0.020116223
1.0244727
0.9576038
-0.48416847
-0.17944877
-0.39915872
1.4180539
1.6110002
-0.47339442
0.21321352
0.9695374
-0.017228518
0.15776435
0.5742204
-0.8729254
-0.28419578
1.7396739
0.52891743
0.015168086
-0.73420715
-1.7336781
0.48482448
-1.2451835
-1.1902195
-0.22595039
0.043679938
0.119849555
0.10767035
0.42138335
0.66367745
-0.04648746
-0.5395752
0.58034635
-0.24556527
-0.88444597
-1.4592004
-0.41439813
-1.640378
-0.62963355
0.53269523
-0.5559044
-1.3692372
-0.016653633
-0.32748762
0.2517804
-0.23959605
-0.6993027
0.28007823
-0.40029812
-0.045011252
-0.71338165
-1.0673923
-0.15300184
-1.1837542
0.8934127
-0.90136254
0.38361678
-0.83906347
1.269088
-1.5659342
0.3934522
0.75265646
-0.77963763
0.5564475
0.14293832
-1.5232842
0.018436221
0.05389217
0.058624614
0.04323017
-0.81242454
-1.4032185
0.07394156
-1.5379258
-0.25865084
0.031353194
-1.7189476
1.6928085
-0.5867738
0.2069725
0.1110566
1.0514646
0.99413174
-0.4881524
0.04287053
0.3544672
0.24604048
0.8625956
1.0165889
0.015968159
0.46982917
-0.72891104
0.047342077
1.0170859
-0.32660234
0.6776309
0.96164787
0.41639948
-0.7267018
0.31295702
0.49686217
0.1263129
-1.0185226
-1.5827522
0.3502754
0.35399663
-0.27721593
0.39557827
-0.2379169
0.9548631
0.05793255
1.5225759
0.4937201
0.40162286
0.045458313
-0.47199786
-0.6554363
0.80208635
-0.15242662
-0.8797277
0.659061
0.9643289
0.31458
0.8724846
-0.33856875
-0.9724999
-0.099116
-1.5289038
0.25359333
-0.36343157
-0.48552936
-1.172936
0.7004652
-1.0772437
-0.765086
1.0561327
-0.7844288
-0.066900305
-1.4507653
-1.4747915
0.61648744
-1.4101919
-1.2002087
-1.0300843
0.27501425
0.9968635
-0.42596135
-1.2647125
1.4637607
0.5690967
0.9343946
1.3278537
-0.16311747
0.25636917
-0.8247242
0.9263643
0.015648846
0.49858624
1.3578696
-0.6253311
0.21640304
-0.24547273
-1.0440426
-0.14737752
0.39711487
-0.7867212
0.74558306
0.43366945
0.23410334
0.74850327
-0.9727205
-1.1187588
0.8399135
0.59158266
1.3106201
0.7543805
0.39245558
-0.18367381
0.5447824
0.5815557
-0.25398865
-0.5946668
-0.46347892
-0.42812356
-0.9771581
1.4465456
-0.5021303
0.5398442
-0.26681453
0.76919466
-1.6514467
-0.026203047
-1.1283118
-1.3659835
0.5038108
1.145195
-0.70875996
1.0875826
-1.3800356
0.01061652
-0.29328242
0.09872368
-0.79818434
-0.52380276
0.42055902
-0.3664555
0.9230957
0.10375036
-0.7998581
0.029014725
0.59216535
1.0250351
-1.3136203
1.2089555
-0.5052788
1.7570679
0.50889677
-1.0196083
0.572031
0.16245274
0.7984311
-0.9617931
0.28835338
-0.07430148
-0.37315217
-0.69433534
-0.41854653
-0.82873476
-0.1376099
0.80607367
0.5909128
0.8508614
0.20962115
0.33126155
0.42397103
1.1827121
1.4638714
-0.9265654
-0.35750392
0.15849674
0.92170966
-0.6220592
-1.3294896
-1.34285
0.8192041
-0.46440852
0.17431107
-0.7581283
0.11964813
-0.6744355
-0.41339797
-0.92728114
-1.8899956
0.43176183
-0.4473397
-0.31375676
0.6814769
-0.31151292
-0.46644017
-0.7496537
-0.8035629
0.70714456
-1.212149
-0.5902642
1.1409321
-1.3987347
0.54423517
0.7220421
1.3351583
-1.5235004
-1.2638302
-1.0809346
-0.47549137
-0.48313904
0.7873528
-0.019366778
0.8834527
1.2237906
-0.5577108
-0.7281868
0.33024767
0.611832
0.8495158
-0.6560437
-0.9223037
0.8807175
0.3556342
-1.0441853
-0.14767067
1.3915113
0.5952333
0.56352395
-0.2559249
1.0763218
0.059067585
0.04474426
0.6914611
-0.1578047
-0.42621982
0.047488373
-0.16528113
1.1639136
0.3774982
0.025962286
0.67252207
-1.0436532
-0.9306734
-0.7208925
0.7998285
0.5560082
1.3660771
-1.277232
0.70777595
1.2334478
-0.033804268
-0.29267251
-0.3118454
-0.9267407
0.20919286
-0.21900289
-0.7785207
0.019890837
-0.14219287
-0.0016728782
-1.4521027
0.93774647
-0.7460534
-0.24633941
0.68707025
0.44071224
-1.0332668
-0.28861785
-0.20545033
0.2681254
0.016891548
-0.036571037
0.6515187
-0.91779035
-0.74646366
-0.14057325
0.6995451
0.9139786
-1.4841273
1.4678547
-0.9649663
0.52067345
0.74080443
-0.19270234
0.71297705
0.4271669
-0.71470517
1.3237506
0.39581972
-0.035555862
-1.222709
0.19456062
-1.5742931
-0.06724893
-0.9113034
-0.4356586
-0.29971948
-0.49035966
-0.12561116
-0.81063193
-0.33658683
-0.30654314
1.23309
0.5736988
-0.47634917
1.0638233
-0.69217855
-0.98122156
1.6801884
1.0630208
0.08659234
-0.17598222
1.0463746
0.46643314
-1.0341207
-0.9292232
-1.0713835
0.4011993
0.05032423
1.3215075
-0.96782607
-1.8087862
-0.63105386
-0.6240041
0.9705907
0.3918426
-0.18944216
1.925064
1.2091354
-0.49217325
1.3082469
0.35065275
-0.04562598
0.11220685
-0.039936982
-0.09869445
-0.42786446
-0.85222083
-0.14801899
1.0173206
0.053805817
0.51541394
-0.73507154
0.48945776
0.71045154
0.40420046
-0.1301871
-0.67565036
-1.4885464
0.66792303
0.42964947
0.9934429
0.2739343
-0.38971502
0.3834739
0.63221925
-0.8560017
-1.1606566
0.45611078
0.6157829
0.2019665
0.20380019
0.36226866
1.1989146
0.53885674
-1.310517
-0.67873645
0.19700891
-0.20040871
1.3878263
-0.40378886
-0.074676245
-1.2480294
0.6254316
-0.66194886
0.058707707
-1.1232407
0.6142446
-0.061037343
-0.26903552
-0.32745612
0.74968874
0.46362892
-1.309526
0.25056657
1.2321638
0.3331812
-0.64061683
0.39054143
1.3409009
1.5723271
0.24325566
0.40797433
-0.075740695
1.5495925
0.45076725
1.6110915
-1.527035
-1.7903004
1.6046393
0.51348853
-0.034233008
-1.4312603
1.3772827
-0.6459073
-1.3064723
0.04637721
0.022818763
-0.20464154
-0.77234656
-1.0970945
-0.12700813
-0.8108791
-0.50113
-0.16040501
-0.14436567
0.38888493
-1.2243603
1.0001556
1.0783627
0.13129738
-0.98742974
1.1886631
-0.612259
-0.22900732
1.2001753
-1.2088729
-1.0384332
-0.7237346
0.40147907
-0.93343854
-0.50493234
0.658355
-0.27848816
0.9892801
0.18624474
-0.8776679
-0.8313198
1.1865168
1.2120819
-0.65708077
1.3369056
0.015290787
-0.3738324
-0.42121863
0.77221453
-1.0245013
0.10563746
-0.9331234
-1.9808415
0.72323924
-0.043295775
-0.57673544
0.015183422
1.041648
0.6257278
-1.2336465
1.016918
-0.42374396
-0.6535633
-0.43861672
0.48393494
1.203866
0.4250056
-0.041087557
0.87751853
0.9333625
0.5577594
0.8049528
-0.9019569
1.574465
0.5686751
-1.8139665
0.42790025
-1.4241326
-0.05595217
0.903753
-0.71610266
-1.3705443
1.0949323
-0.1802103
-0.20716932
0.12621658
0.017355103
-1.0799948
0.7455891
-0.118935816
1.1268933
-0.5013999
-0.71811295
0.29472688
0.23585552
-1.1242177
-0.89095217
-0.15257391
0.32127357
-0.56150943
-0.5646099
-0.1539923
-0.78298295
0.116783686
1.1494906
-0.23029982
-0.014768994
0.7333089
-0.23226024
0.29572836
-0.58442426
0.8151132
-0.121446915
-0.38766438
-0.74453396
-0.37714994
-0.9987618
-0.33671752
0.1797055
0.82062197
0.8378167
-0.60388273
-0.09095431
-0.8478457
-0.66811484
-0.29192102
-0.12480355
0.32508785
-0.07946767
-1.7577705
0.5280514
-0.06176454
-0.61045235
-0.012859813
-0.09671813
1.2103012
0.051251672
-0.42071316
0.98504174
0.29714888
0.65846026
-1.2371602
1.0917535
0.8392992
1.3746036
0.736982
-0.8756101
-0.06534543
1.7240682
-0.7954132
-0.35269344
-1.0538781
-0.064349666
-1.6493149
1.138952
-0.27401575
0.43520257
-0.050841704
1.177917
-1.0785027
-0.3919299
-0.8937738
0.050642926
0.399157
-0.74951535
-0.694159
0.08939664
0.15386474
0.69256973
-1.8217595
1.1319071
0.035311654
1.1021328
-0.9458341
0.861822
-0.2309158
-0.3194028
-0.39217988
1.3118017
-1.1211598
0.89004314
0.773318
0.007852596
-0.012258073
-1.158284
1.1084838
-1.0764229
0.20626521
1.3499967
0.7026217
0.65051115
0.16161549
0.77542543
-1.1548935
1.0096413
-0.14559977
1.2494833
-0.23687491
1.4150972
-0.27430472
0.07097111
-0.00028045103
-0.8428067
-0.6401845
0.48875308
-0.3334443
-0.027158467
0.96910954
0.84099126
-0.11018563
0.049015354
1.4813443
-0.23748572
1.0132451
1.0425423
-0.8561468
-0.43867147
-0.42782593
0.4816696
-0.38798657
0.06475555
0.8497125
0.8771792
-0.7162086
0.79186213
-0.4819796
0.1851078
-0.25254422
1.1113648
0.050358664
-0.7642838
-0.30990803
-0.15273152
0.092935994
-0.34172744
-1.3451501
1.2153848
-1.1443448
0.019159226
0.15168343
-0.35904956
-0.9598804
-1.5083072
1.0085902
0.22267883
-0.79500383
0.5386689
-0.0595045
0.089983374
-0.6464281
-0.20210116
1.2950699
-1.2862971
0.28605923
-0.22221263
-0.8099824
-0.5010337
0.61842936
0.24962531
0.30576876
0.3376486
1.6431777
1.2443341
1.3896221
1.2330811
0.7751713
-0.35611814
-0.52968234
0.84212255
0.47276306
0.8100457
1.3780842
-0.3993752
-0.35061422
0.945765
0.082641646
-0.76706505
0.3065593
-0.7649771
0.5507441
0.07734468
0.079157986
-0.05343359
-1.0925245
0.97465754
-0.011175057
0.4276733
-0.31978163
-0.5896522
0.21327382
-0.91969794
-0.665197
-0.80377704
0.9601078
0.09435765
-0.9427706
0.30182034
1.6623758
-0.73721015
0.18866529
-0.48806626
-0.8158106
0.49746963
-1.5148954
-0.13333648
-0.66226363
-1.4004171
-0.5815578
0.5501902
0.920323
0.47920835
0.10845163
-1.5189173
-0.4301226
-0.16181391
0.6333008
0.7995482
0.5445816
0.28874996
0.80333614
-0.24120602
0.79499394
1.2302
-1.5885615
0.5226635
0.30971962
0.99132097
-0.50203145
0.0084225135
-0.10451367
-0.607574
0.08016226
-0.2538369
-0.8809561
0.4056889
0.63446945
-1.3260674
-0.92774945
0.9828251
0.13366425
1.0002484
-0.71396995
0.4100439
-0.27179214
0.22070973
1.248154
0.036904383
-0.5305542
0.9327359
-0.6703278
-1.2467923
-0.33836114
0.98330367
-0.33867955
0.90852904
0.5809938
-0.7968054
1.3196087
-0.052142877
-1.326912
-0.67114437
1.2021577
0.02319135
0.83555293
-0.6549814
0.08122491
0.018659245
-1.1224108
0.4196611
-1.4847941
0.25583762
0.5612081
-1.3954024
-0.984308
0.5742624
-1.2170177
-0.030811336
-1.3384262
-0.51846206
-1.321826
-0.01661914
0.24094278
-1.1717362
-1.1217858
0.56682426
-0.31646132
0.18512574
0.18844524
-0.94124347
-0.22361699
0.6203351
1.7679329
0.47582972
-0.4614386
0.11438604
1.4681777
0.8866876
-0.36047065
-1.1823429
-0.1404701
0.7415158
0.0818466
0.5268212
-1.0852389
0.012060048
-0.00616738
-1.0031681
-0.024258876
0.6082843
0.062912665
-0.19217186
0.65361065
1.6484511
-0.47530633
0.7356812
-1.3160818
-0.60790855
0.751631
0.021522118
0.0017559519
1.7546806
0.8137816
-0.37422997
0.13562706
0.21152379
1.3752441
0.7117612
0.8160176
-0.67636484
-1.0169063
-2.029114
1.6305006
-0.6559124
-0.30754542
-0.9679723
0.81947374
0.9318701
-1.3551658
-0.31693333
-0.03881132
-1.2353115
0.06680925
-0.24361245
0.124492094
-1.2407479
-1.230523
-0.08580444
-0.7484743
1.2278128
-0.9128183
-0.5574136
0.24461512
0.40282586
-1.2638755
0.48567516
0.85245407
1.204835
-0.63357514
0.22103712
-0.98663545
1.1057539
-0.24610892
0.38977185
0.6965046
-0.30410165
-0.5454466
0.3858998
-0.90159523
1.0656111
-0.9707524
0.17962357
-1.6842275
-1.1745074
1.4138664
-1.3664812
-0.1507268
-0.74553585
0.52920085
0.2253178
0.54014343
0.73982394
-0.08479078
-0.25028184
-1.5450176
-0.7056972
0.6533414
1.6420008
-1.926892
-0.31791174
-1.0852115
-0.51716304
0.46429616
-0.017821828
-0.07335816
-0.8804208
-0.021815728
-0.38619184
0.13861153
-0.8373597
0.1341238
-0.6766283
1.1170955
0.48352838
-0.64070696
-0.32971564
0.4182792
0.05926599
-1.5100889
-1.4523461
0.40524778
-1.0808444
-1.821665
0.36479488
-0.4036305
-0.53202975
-0.39447758
0.34897116
0.10850268
1.540513
-0.3239557
0.42699265
-0.400322
-0.5230094
-0.8533718
0.37619367
-0.9144581
-1.1414455
-0.2090828
-0.26698616
-0.46136805
1.4721203
-0.58006835
0.17316799
-0.009930535
0.48485965
-0.09992252
0.6831329
-0.18783881
1.4097707
-0.85910773
0.09601548
1.0220196
-0.80737936
0.13338758
-1.031157
-0.11227236
-1.0485164
-0.1358084
-0.015841918
-0.23142537
-1.4659905
-1.103962
0.31537223
0.060522664
1.3548831
-0.545817
0.30082121
-0.12512839
0.4151189
0.062388767
-1.3546149
0.14737232
1.3470206
-0.24444287
0.057733446
-0.3067315
0.9759116
-0.18621828
-1.3395336
-0.28062522
0.9235451
-1.5234349
1.3916566
0.83067524
0.6289659
-0.96688676
0.021933436
1.072162
-0.71632665
-1.1098291
-0.42264414
-0.61572
1.1213996
0.7788483
-0.63377476
0.6668901
0.40514246
-0.10249273
1.2133322
-1.208116
0.05839662
-0.6944544
1.089182
-0.12498136
-0.689782
0.6018343
-0.47706795
0.41424885
-0.6582568
0.0995364
-0.4554177
0.3638996
0.75751734
-1.2549983
-0.30826062
1.4701512
-0.19451275
-0.17092827
0.22566515
0.20371339
-0.20550627
0.062014967
0.9208796
0.48110932
0.17783806
-1.3721488
0.41685635
0.6211723
-0.6243654
0.735033
-1.4655011
0.7349078
-1.0318844
-0.0042419676
-1.2648087
-1.3941724
-1.2682352
-0.81165326
0.75308496
1.351694
0.8175634
-0.170628
0.5548742
1.0298952
0.06903762
0.5217208
0.8129715
0.87701946
-0.92211497
-0.46097118
-1.2216233
0.5262116
0.60034454
-0.28870586
-1.7581413
-0.39969307
0.05224046
-0.30069956
0.41868407
-0.69632506
1.6370133
1.502533
-0.52728325
-0.97495687
-0.7385682
0.0069036456
-0.73469603
0.3907992
-1.0279387
-1.1140759
-0.76812345
0.48423457
-1.0346994
0.8354453
1.4765755
0.7583941
0.026346218
-1.3102473
0.13029245
-0.010815692
-0.35286543
-0.940909
-0.66026515
-1.1671282
-0.95872164
-0.3669407
-1.3894025
-1.1178479
0.048979305
-0.90444124
-0.067235716
0.40078986
0.4840592
-0.39588943
0.21848102
0.2981008
1.5347877
-1.0083789
-0.9720688
-1.087621
0.67542744
-0.67063165
-1.4340162
0.27279997
0.31698632
0.062666334
0.3610689
-0.65129405
-0.8203124
-1.0155845
-1.5496389
-0.13652098
0.37202907
-0.19725734
-0.24008317
-0.3962384
0.84067595
0.36504546
-0.3365747
-0.86651915
-1.6956263
-0.7353868
-1.0220417
0.38646552
-0.22448644
-0.7109953
0.22669175
0.63343906
-1.5694267
-0.667869
-0.05920646
-0.0827598
-1.1033185
-1.8266047
1.2395996
-0.27642223
-1.6528006
-1.1515938
-1.1226332
-1.2060938
1.0040122
-0.045087006
-1.3600284
-0.9931562
-1.6338279
-0.28687963
0.58147305
-0.27409428
0.18882135
-0.31334525
-0.9918023
-0.7589142
0.18155509
-0.025159685
-1.1035817
0.834011
0.041706726
-0.16813625
-1.1553026
0.9645724
0.9540578
-0.30154836
0.3498674
0.070463724
0.703381
-0.38286293
-0.5786625
0.72894925
0.89052004
0.9332727
0.8410388
0.18478136
0.48007107
-0.4231181
0.058363505
-0.8978876
-0.40394893
-1.5913028
-0.3446698
-1.1970344
1.130866
-0.6795187
0.6061268
-0.6010308
-0.80980444
-0.8847089
-0.848741
-0.93699217
-0.338553
-0.27746892
1.3470751
0.26362425
-0.90457344
1.0365617
-0.5914099
-0.23311041
-0.47526476
0.47127116
0.6106636
-0.16995554
-0.023982925
-0.9660709
-0.9747312
0.744006
1.2201827
-1.414689
-0.6617367
1.6067181
1.5101115
0.0027434195
0.52171856
-0.36606196
-2.1512215
-2.09523
0.7808112
-0.8599278
-1.132401
0.118866935
-0.94880164
-1.4199988
0.7436408
1.1446159
-0.19315223
-1.2732805
-1.6990938
-0.4379896
-0.6220259
-1.0062042
-1.4971869
-1.4721227
-1.2194349
-0.5321582
0.14684184
-0.005197673
-0.18482152
-0.009057353
0.23065937
0.00420847
-0.77393645
-0.8634986
-0.23924622
-0.24696165
-0.384641
-1.0203075
-1.0502383
-0.07969954
0.22026521
0.48371196
-0.1743884
0.12142386
0.94188976
1.2129692
0.68537563
1.1552714
-0.18872623
0.9890765
-0.6732692
1.341004
-0.04725054
-0.24875864
-0.97205925
0.64098114
0.28424984
-1.6829921
-0.023409948
-0.006684775
1.0041809
1.0343859
-0.6527437
0.5654462
-0.56886375
-0.17238308
-0.35024536
-0.19420601
1.3802508
0.34416747
1.267157
-0.26878878
1.2229702
0.37099648
1.2420281
0.112970084
-1.0196314
-0.9105357
0.14239755
-0.13829407
0.9396623
1.5505314
0.3407517
-0.328597
-0.2209284
0.30175924
-0.16448219
1.0296344
-0.47163725
-0.66344213
0.2618324
-0.8247408
0.9541724
-0.016507247
-0.55032873
-1.0815117
1.0758001
-0.7793745
0.50001276
-0.2615201
0.0037259895
1.291983
-0.47860503
-0.8453743
0.91582876
-0.45309606
-0.13708247
-1.0420307
-1.6873754
0.08748452
0.5184548
-1.9744723
0.8415801
0.6637369
-1.179557
0.0057540983
1.1869252
-1.2469404
0.6303715
0.3285175
-0.067323826
0.61955804
-1.1226282
-1.4773982
-1.1032896
-0.20807868
-1.6922109
0.00010916218
0.70838565
0.0011403558
-0.31703627
-1.4079981
-0.7283174
-1.3762974
-1.1966866
-1.1435927
0.97906405
1.3654103
-1.3983119
0.9533925
0.20697778
1.9170468
-1.4927713
-0.58239967
-1.0347722
0.06878843
-0.020614646
0.5628748
-0.8729119
-1.2684749
1.398867
0.1628646
0.11158544
-0.4102423
-1.3536818
-1.0218756
-0.050415907
0.028513843
-1.49266
1.3545048
0.28018382
-1.2246664
-0.80280894
-0.77497154
0.41813332
1.210357
-0.10662289
0.98842454
-0.6724599
-0.04131342
0.69033176
-1.3955139
0.83005387
-0.15606984
-0.19252223
-0.30555266
1.22983
-1.187296
-1.1845149
1.1339144
1.3092575
-1.3913885
-0.34909317
-0.69158584
-0.51169956
-0.47878265
1.1940937
-0.52844656
0.91426086
-0.4561501
-0.03539859
1.5859436
0.017264508
-0.20891888
-0.5333671
-0.41168463
0.7149153
1.1014929
1.2749044
1.0272517
0.018622113
0.305428
-1.0550237
1.423421
0.65090406
1.3226057
-0.9524152
-0.48705006
-0.46474582
-0.5465384
-0.7756947
0.6364994
-0.9146403
0.57138085
0.89679754
0.59808904
0.61544234
0.16209364
0.10071919
0.89815795
0.6126547
1.1874609
0.33376974
0.33104786
0.1251289
-0.067081034
0.4621107
-0.28509206
-0.5591357
-0.21718983
-1.1890761
0.52489924
-0.57415843
-0.19779417
-1.3655785
-0.6346094
-0.32520187
-0.4292538
0.6063469
0.11432647
0.44616675
0.0020144903
-0.30004764
-0.62630266
-0.03093163
0.32159963
-0.06153745
0.014804094
-0.49410814
-0.29144153
-0.94900644
0.4176777
0.54725647
-0.9058578
-0.78814703
0.85711277
-0.9062898
-1.4972428
-1.1773409
1.0351897
-0.13357382
-0.66869444
0.062483184
-1.658871
-0.7731537
0.63653934
0.04104289
-0.97871643
1.3505456
-0.083104625
-0.6180688
-1.5629151
-0.7826449
1.222238
0.25683114
-0.38934535
-1.3843144
-0.4555221
0.005086648
0.13834909
0.8317542
0.64338666
-0.9716265
0.2087108
-0.5597198
0.69125634
-0.89048254
-0.14872824
-0.62388617
0.6083065
0.929803
1.6544403
-0.71327317
-0.9708513
-1.5780479
1.1348505
1.4613845
0.40551144
-0.5253972
0.27327564
0.005892116
-0.6020117
-0.6656564
-0.6538639
0.18066283
0.85606873
-0.5165721
-0.8438897
1.1460993
0.30016074
0.040640566
0.5774019
0.4136865
-0.28140616
0.0067382916
1.3629034
1.6445373
1.1328024
0.7361578
0.806904
0.7378075
0.646244
-0.81098664
0.6041812
0.23229511
1.0139736
0.6434411
1.2323115
-0.49994212
-0.66270125
-0.87252367
0.23918447
1.0969934
-0.9759278
-1.4968932
-1.1620474
0.8939836
-0.1912454
-0.30832815
0.72996503
-0.75823885
-1.1316969
0.929201
1.1414671
1.2863146
-1.7321483
0.73523515
0.043925844
1.2487721
0.84709424
-0.38783437
0.23441553
0.15156844
0.5168787
-1.3272185
-0.49807072
-0.12919715
0.4863596
1.3678242
-0.20714402
0.62413985
0.79746
-0.15015043
0.53689003
-0.117608644
0.52907383
1.488284
-0.24983616
0.7734953
0.8393737
-0.25092986
0.3081425
-1.099773
-0.576314
0.6588787
-0.33416432
-0.41948676
-0.4100549
1.2631398
-1.1547554
0.0335219
-0.72160405
-0.5894445
-0.27795908
-0.47678787
0.42497948
0.028141424
-0.98663175
0.35589397
0.94831026
0.020435683
1.1671242
0.97398317
0.088012986
0.107576534
-1.4261167
-0.8599464
0.84269667
0.66167164
-0.5620275
-0.57197875
0.09275648
-1.1068962
-0.12920806
-0.9559531
0.2191858
-0.7001721
-0.5199846
0.43640068
-0.016130581
1.0959221
0.08718896
0.72637177
-0.7406975
-0.62052274
0.9476501
1.0162491
-0.3277233
0.14423126
-0.9652084
0.05391997
-0.6299029
-1.372559
-0.21208832
0.4585548
-0.54209876
1.598441
1.2349665
-0.14592798
0.37459326
1.3786628
-0.6730715
-1.5169226
1.0074935
-1.2377408
0.82796276
0.20084208
-0.9582226
0.26475465
-0.6412332
-0.03929622
-0.41310257
0.5915125
0.25603485
1.116355
-0.77184975
-0.004746896
1.6746123
-0.45972043
-0.38620347
1.0654598
0.14232726
0.52513725
-1.5565678
-1.4105849
0.521306
0.7997457
0.5049911
-0.34549442
0.086602904
0.7830863
-0.30193093
0.09534427
0.7658445
0.45479465
0.6157671
-0.98014784
-1.5239519
-0.5736707
-0.711341
-0.9610313
0.98726165
-0.45266753
-0.29710546
-0.8258927
-0.1287277
-1.0959749
-0.5260047
-0.072052434
-0.52346176
-0.8939861
-0.52141595
1.2074122
1.4741747
0.7515498
0.024431748
0.10181546
-0.2903146
0.35373846
-0.9698082
-0.47441602
1.3220047
-0.1698452
-0.5635339
0.26624677
-1.0985589
0.15037383
-0.13311045
-0.07377893
0.9424809
1.4088522
-0.32104272
-0.9087908
-1.3554068
0.35753363
-0.6580565
-0.29183635
1.0893855
0.063003086
-0.03711891
-0.3100947
0.009606825
-1.3890144
-1.0334138
-0.7953826
0.052040055
-0.24529722
1.0785896
0.57445925
0.25812444
0.2050318
0.33171996
0.057060417
-0.37723643
0.13125327
-1.0601164
0.9593516
-0.22259095
-1.6545906
-0.77834785
0.25639954
-0.71385914
-0.29675436
0.51528126
1.1053388
1.0917157
-1.0019109
0.2992594
0.31432763
0.31246433
-0.45200074
1.734583
-0.036269765
-0.97985363
1.379999
1.2960981
-0.42949995
-0.11279124
0.21499643
-0.7852029
1.4932458
-0.59298897
0.40151015
-0.08462699
1.0820472
-0.5755381
-1.1537673
0.4550745
-0.091591574
-1.2620542
-0.4989363
-0.24904713
-0.24763823
-0.13537836
-0.36921507
-0.75692844
0.77269787
-0.01885823
0.6268813
0.32784632
-0.51352775
-0.04746806
0.08672176
-0.5557617
1.6384704
-1.6204929
1.0711796
0.16170591
1.2311051
1.175221
0.6306346
-0.77939683
0.17712028
0.7054666
-0.0169294
-0.075153306
-0.53516567
-0.21472996
0.041067205
0.27582437
0.7908995
-0.69301784
1.3584214
-0.8291258
-0.120720156
-1.212168
-0.7742096
1.2305701
-1.2942269
-1.4337417
-1.2524667
-0.41767982
-0.29836413
-0.73420376
-1.034424
0.44814923
-1.1160845
-0.57267463
-0.17841285
-0.32613838
-0.3599371
-1.0355217
-1.1287379
-0.95225513
0.78549564
-0.70105195
-1.2881496
-1.2605414
-1.2972888
-0.2500827
0.16590013
-0.5250402
0.6751579
-0.18141735
-0.34868616
-0.43626228
0.2276399
1.976357
-0.8486646
1.4044777
-0.29902902
-0.17629786
0.49323148
1.2768465
-0.17794703
0.040126402
-0.27259845
0.45903718
-0.31714576
-0.28379786
-0.38914314
0.6672493
-1.5768076
0.98706865
-1.211536
-0.41574472
0.22056977
-0.27664304
-0.5805225
-1.5876763
-1.0924523
-1.3318762
-1.3871727
-0.018579196
-0.716732
-0.37074962
-0.23587334
0.28598142
-1.129637
1.4023031
-0.7251163
-0.5485281
-0.23186892
0.34317952
0.5943946
1.2766025
0.50234807
1.555616
-0.6323547
1.1325066
-0.122300915
0.10761973
0.021969875
-0.5369041
0.63132966
1.4191841
-0.49513125
-1.0994763
-0.29791436
-0.065835364
-0.845648
0.28844935
1.3263096
-0.28580844
-1.0376029
-0.2571987
0.03289027
-0.7160229
-0.5905148
-0.82768846
-0.23392655
0.7166725
-0.22005446
-0.9811656
1.0223608
1.7231243
-1.5769987
-0.67470276
-0.91346216
0.030196322
0.25041157
-0.4546731
0.57541
-0.12503539
0.6531136
1.2380248
-0.010985951
-0.8911942
-0.2309732
1.3660876
0.3298605
-0.28465357
1.1598016
-1.9383342
-0.6238568
-1.6378121
0.9946067
-0.83476985
0.23353884
-0.92160016
0.38031787
-0.5947297
-1.7518448
-1.3580141
0.4622934
-0.109210275
1.0286146
0.7465559
-0.6790025
0.3159112
1.2330492
0.088573374
-1.4294941
-0.22049701
1.022125
0.2551095
-0.5798905
-1.6768786
-0.5929839
-0.45345312
-0.87825805
0.8801538
-0.52151966
-0.3110538
0.553123
0.15769778
-1.792269
-1.5294385
-1.0527744
0.91408324
-0.18601415
1.1789904
0.15232979
-0.88691133
0.51284975
-1.206272
-1.2493049
0.96835434
-1.1370403
-1.117188
0.39694113
1.1263869
-1.4694406
1.2462331
0.88061917
-0.72107935
0.0028710028
-0.29710934
-0.4552235
-0.4942508
0.054433685
-0.63295466
0.9601486
1.027672
-0.8103324
-0.041010298
1.1530843
-0.4644193
-1.2435846
-0.6031982
1.279386
-0.3357808
-0.4688089
0.36101496
0.2905781
0.9003388
-0.3181713
0.094081186
-0.015401177
0.13397144
0.14553176
-0.34254384
0.73392975
-0.5500807
0.7669935
-1.0603524
1.2177556
-0.9237355
-0.30895188
-1.2471265
-0.06408225
0.8580908
-0.9230445
1.0503595
0.7897309
-0.4637438
-0.9034083
-1.3776363
-1.2943715
0.14850003
1.8137455
0.09648304
-0.10084419
0.25869772
1.1542711
-0.9671671
-0.9378978
0.62206644
-1.2503693
1.5346674
0.59814644
-0.6524415
0.031781543
1.3369788
-0.5115098
-0.20862445
0.17509578
-0.87972313
-1.2322248
0.6478009
0.70794487
1.3247561
0.21533349
1.5690207
0.20113875
0.087810755
0.5494045
-0.38690037
-0.38211682
-1.0961319
0.8857775
-0.8614968
-0.01130743
-0.044870876
-0.42490232
-0.75390565
0.42245525
-1.5406445
-0.22012718
0.89261025
0.7978308
-0.1775529
-0.47690564
0.010710157
-0.51837647
-0.7008809
-0.15685698
0.8577055
0.43603173
-0.650055
1.3222444
-1.0673513
0.27939916
-0.14391622
-1.0759026
1.2970277
0.3235321
-0.5303985
-0.30457896
-0.21647027
-0.0234308
-0.5050231
-0.37279916
-0.990215
-0.5172411
1.5049305
0.9777553
-0.4198761
-0.6548976
1.1337199
0.45485094
-1.3024505
0.14087656
0.46399796
1.4459674
-0.117558375
-0.86040044
-1.1393194
0.17954323
-0.9197282
-0.30473286
0.3281359
-0.89873177
-0.48818263
-1.0031909
0.45343387
-0.061948232
-0.14810677
0.068691626
-0.075650685
-0.05946216
-0.6219063
0.79591024
1.086519
0.3316442
-1.1258153
0.7303881
0.864187
-0.7919104
-0.0927696
0.34829625
-1.065177
1.2101835
0.78797346
-1.5694541
-1.171004
0.3078705
-1.1207317
0.7720445
-0.613455
-1.1406308
0.9517877
-0.38288796
0.52015483
0.11774271
1.230126
-0.01870335
-1.484564
0.5866472
-0.90581584
0.31762472
-1.0686004
0.13521948
0.6906285
-0.16781303
0.98180926
-0.2029315
-0.028107436
-0.23692577
-0.07368355
0.17882888
-0.4314803
-0.86238503
0.85732245
0.60815597
0.15515316
0.040827256
-0.15678704
0.94369304
-0.47663572
-1.3677715
-0.65354764
-1.2720537
1.2180858
-0.2753298
1.1448985
-0.16421357
-0.41834572
0.07664604
0.0066068587
-0.04885375
-0.6853228
0.92868936
-1.2732642
1.1705351
-0.71626794
-1.5135815
0.51339716
1.0337452
1.0399146
1.0067742
-0.9945315
-0.14384614
-0.17737201
-0.5924333
-0.6770533
1.3336303
-0.25153702
0.54238844
0.26745135
0.039908428
-0.26108003
0.42109635
0.13542186
-0.24224964
-0.8216964
-1.5603079
-1.1044965
-0.16438681
0.5049676
0.5955442
0.0026730192
0.43873736
0.25692683
-1.0511596
0.88373065
-0.45232418
0.8595385
1.1805463
1.4087255
-0.6132951
0.022437977
-1.1573263
-1.6371729
0.11311502
0.015483915
0.24972005
-0.8555354
-0.041441876
0.9654411
-0.8545841
0.60564387
-0.6459146
-1.1979339
-1.1528623
0.10914069
0.08720374
0.26394013
-0.4397176
-0.6754707
1.3980898
0.10198678
0.026210792
-0.10195232
-1.1321597
-0.36658034
-1.9636959
0.12857847
1.142575
-0.05069013
0.4977094
-0.7119502
-0.4147039
0.50199026
-0.16421479
0.6058474
0.8870159
0.8376757
0.14339523
-0.10278599
-2.090013
0.43344545
-0.98221827
-0.5855787
0.06311291
0.3915438
0.9914247
0.6622697
1.2337455
1.335038
0.77603394
-0.16405883
0.3758438
0.03977862
0.22067566
-1.2288134
-0.21671103
0.030344151
0.53957427
0.061086163
-0.5346556
1.150619
0.7283056
0.90168476
-0.43284068
-0.78722084
-1.5618358
-1.1041381
1.6256611
1.0466492
0.6724075
-0.5743647
0.14122091
0.22361831
-0.17327064
0.8008596
0.4521818
0.2246438
0.94373417
0.8156376
0.3288044
0.6567925
0.67992324
-0.45048785
-0.46894866
-1.4367347
1.4636402
0.56563824
-0.8472927
1.423809
-0.33348832
-1.0975021
-0.76249534
0.26401266
0.043463834
0.014012068
-0.30835444
-1.0472683
-0.32394242
0.07341787
1.4080815
0.47346997
1.0486
-1.6711389
-0.26497108
-1.0755965
1.4295757
-0.68645024
0.0973154
0.60128385
1.3037932
-0.473661
-0.3656515
-0.050654273
0.64272183
-0.040859483
-0.077521496
1.2845169
-0.60108256
0.40199906
0.004404445
1.2804005
1.3377602
-0.3023925
0.50859493
-1.0476924
-1.0576684
1.1657739
0.46386227
-0.6994625
-0.8310318
0.042122047
-0.06738143
0.59187186
-0.45155406
1.29559
-0.68115467
0.114951566
-0.26926795
0.056587644
0.70249695
0.68782574
0.87727416
-0.9083837
-1.7397866
-0.54697865
-0.2121424
0.41522685
0.9607738
1.1152787
0.79715335
0.8060999
1.0877488
-0.32092473
1.0649439
0.3791847
-0.54279697
-0.9299026
-0.41766104
-0.30184305
-1.1540821
0.065961406
0.63504994
0.13490967
0.7291557
0.17478783
0.13927375
0.67623544
-1.7309167
-0.28431037
-0.32343838
-1.0297834
-0.24166249
0.83282423
-0.93773115
0.65820414
0.013932273
-0.9867169
-1.096311
-0.6830212
0.16670379
0.88620055
-0.588207
-0.5217155
-0.91061705
-0.116941154
-0.6000229
-0.118677445
0.24183466
-0.8739263
-0.24632953
-0.571647
-1.8052166
-1.3066983
0.13560131
-0.019030252
-1.0225347
0.9055592
-0.8236296
0.5017138
-0.16187145
-0.41753778
0.9506892
0.8424431
1.6889066
-0.5348382
0.08840637
-0.007481736
-1.3925138
-1.407942
-0.20314573
0.8715722
-0.6231662
-1.4479728
-0.8002113
1.1335067
-0.061445814
-0.25112304
0.45195016
0.79692256
-1.4833174
-1.5706041
-0.7491562
0.5577841
1.68972
-0.27234638
0.9554417
0.94517565
-1.2313849
-1.0212722
0.07448619
-0.10500386
0.03188189
-0.6221375
-0.28561044
0.1196903
-1.2055498
-0.058855638
-0.29753193
0.35856336
1.9778502
-0.118008345
0.19422458
0.82875437
0.8850734
-0.6634826
-0.7484541
1.7670069
-1.0689945
-1.1931591
-0.7805619
-0.5262517
0.35525718
-1.4576106
-0.748873
-1.4322474
-0.21402366
-0.32581657
0.73289263
0.8313923
-0.6418024
0.14135283
-0.82595044
-1.1415094
-0.86309826
-0.32765704
-0.83629876
0.84949374
-0.36699572
-1.4179093
0.0010313661
0.3727068
0.48558062
0.5064517
-1.1766636
-0.6275413
-1.2026484
1.3206275
0.13585159
1.4232142
0.5530472
0.4288405
-0.5330178
-1.285638
1.4819134
0.022655567
-0.5456258
-1.1456429
-1.2827975
0.29017627
0.6642884
-0.87225926
-1.1288091
1.0198255
0.029541576
0.36824694
-1.130103
-0.55566764
0.6426354
-0.6204442
-1.251606
1.0244231
-0.022935284
-0.76630694
-0.39338094
0.7332989
-0.407177
-0.5390543
0.79955465
-0.20795627
-1.6974576
-0.31062007
-0.83146507
0.29139167
-0.6978638
0.44230747
1.5301735
-0.7186652
0.6534145
-1.0974224
-1.2884544
-0.09530664
1.6432323
-0.9507617
-0.631719
-0.052119974
1.4702814
-1.0363506
0.022348141
-1.0048342
-0.5561147
0.14514184
-0.4928698
0.27619317
0.7427506
-0.49068534
0.8912363
-0.42483768
1.1698034
-0.0014383472
-1.5236853
-0.6392908
-0.37407807
-0.61102736
0.8175138
-0.5043765
0.58982444
-0.84146684
-0.67581356
-0.15186289
1.0003397
0.84863263
-0.77168334
0.4547907
0.2978208
0.047660224
-0.08946369
-0.71662486
0.75522685
0.6134368
0.17494816
-0.40081146
0.5845285
0.6593503
1.1887835
1.0210909
-1.3322588
-0.3983679
-0.61251277
0.2691908
-0.10397584
-0.30285242
-0.20465471
0.065746374
0.44085133
-0.57796884
-0.8416084
-0.523522
-0.68577033
-0.5670602
-0.018917266
-1.1161177
1.2301764
0.7591568
0.7451565
0.6104811
1.4642894
0.46802366
1.1968198
0.9669001
-0.53786755
0.788262
-0.15479447
-0.9403564
-0.43357393
-0.2099975
0.21984099
-1.8750256
0.18126006
-0.9582244
0.51349807
0.25514257
-0.8758069
1.2510345
-0.1619343
-0.21845165
0.7627406
1.2610655
-0.35193497
0.36789274
0.6901359
0.3115109
1.6216396
-1.0577803
-0.09275991
0.1121075
-0.8645153
-0.31609556
0.14798795
0.08991497
-0.10130706
-1.0799862
0.7072931
0.39209872
-0.397903
-0.15222548
-0.12232474
-1.8063972
-0.5836607
-0.84694326
0.5229367
0.31929725
-0.053504087
0.51966506
-0.49379152
0.22337522
0.35488632
-0.9862303
0.80962247
0.35220864
0.13303465
0.20346373
-0.2546909
-1.5199481
0.29393786
1.7825236
-0.5930612
0.36965632
-1.0573092
0.25682607
-0.011037125
0.16165067
0.9521426
0.7662508
-1.3393308
-1.4987833
-0.08201301
-1.5008248
-1.3458179
-0.9904297
0.13854936
0.83777446
0.29430926
0.42485908
-0.28990236
-1.0521994
0.23878314
-0.07703807
0.10579645
0.94805205
0.03463492
0.7542623
-0.08978912
0.15266234
0.46959764
-0.09036667
1.0235158
0.049132314
-1.8483893
-0.48798123
0.21525268
0.11972656
-0.6543268
-1.3575133
0.40695593
1.4140894
-0.38123786
-0.5545011
-0.643489
0.52328956
-0.7110292
0.7937037
-0.99245214
-1.1965322
-0.4006052
-0.70662063
0.021218816
-0.896621
-0.23096608
0.38201097
-0.36556464
0.17717265
-0.7699631
0.22462066
-0.42150873
-0.7781453
-0.42206115
-0.31433892
1.997426
0.02886888
-0.08289
-0.16548826
0.70381767
0.7665848
0.7998955
-1.0483847
1.2370064
0.31566885
-0.55686206
-0.6991833
-1.1639711
0.67091465
0.24410145
1.0912887
0.4209212
0.07994486
0.25268486
-1.646121
0.27035406
-1.3349664
-0.48883367
1.3761418
-0.9671531
-0.096171364
-1.1243346
-0.63206786
-0.95917296
0.60404944
-1.394706
1.014845
0.58998746
-0.9520992
0.341855
0.9901814
0.34315994
1.1539531
-0.45525748
-0.13118002
0.4026909
0.41120067
0.86221194
0.01695664
-0.9766073
0.81308556
0.20710693
0.44291273
-1.0159245
-0.06324878
-0.20896846
-0.13163044
-0.11809421
0.21243687
-0.984652
0.65636194
0.7213524
-0.9261667
0.20028488
0.9734402
0.9039567
0.7006639
-1.2146693
-0.35228428
1.2084525
-0.72230196
-0.61725044
-0.3048692
0.7218598
-0.7504377
0.6069596
-0.62153643
0.6991008
-0.7417485
-1.6844003
1.3513978
-0.9485843
0.068138175
0.6073101
-0.555403
0.4846477
-1.2754327
0.1105176
0.31097138
-1.1000617
-0.671429
0.026486645
0.7926974
1.4179387
0.30588016
-1.8984033
0.3933247
0.52197266
-1.1801492
-0.9533237
0.37963644
-0.050812162
-0.09705428
1.1601936
-0.70717156
0.9529435
-0.7422042
1.604718
-0.8116721
0.44325873
-0.22913425
-0.9378351
1.0487716
-0.64400756
-1.351844
-0.9920163
0.20315011
1.2669406
-0.87755036
-0.40027112
-1.5006895
0.9007068
-0.9435881
0.04467305
0.8393375
-0.69484365
0.96867466
-0.34291872
-0.5441039
1.5094061
-0.98254
0.39816073
1.1862571
0.7790429
0.59224653
-1.2568163
0.051271528
0.83516026
-0.7995415
-1.5588503
0.44618565
-1.3151555
-1.5740064
0.7515945
0.03821285
-0.7336109
0.33470675
0.9638606
-0.32325828
0.39566585
-0.09222224
-1.4142541
0.55817425
0.32566842
-0.5164628
0.8669623
-1.5031126
1.4195597
1.1370579
-0.7941944
-0.9280891
-0.068196796
0.38410303
1.1764375
0.2540758
0.111819655
-0.753485
-1.1743948
0.7998599
1.3427685
1.5516586
-1.3127844
-1.1113111
1.7172642
-1.4395776
-1.397316
0.5072135
-1.6143551
0.5432225
0.7177562
-0.01496932
0.24768189
1.1749253
1.0023786
1.5786821
0.10205426
0.5056487
0.08667417
0.93680143
-1.8953519
1.0377749
0.8030374
-1.0737132
0.2921289
-1.0381658
0.02948748
0.31378222
-1.0225805
-0.059337728
-0.8297464
1.7425842
0.508291
0.058618765
-0.12099862
-0.6926259
0.92225087
-0.7167146
-0.6392795
-0.41152847
-0.14195389
-0.031395163
-1.8827896
-0.21018884
0.22355618
0.37780792
0.14667752
1.0780048
0.63024324
-1.5225729
-1.0576985
0.4113081
-0.711473
-1.4844571
-0.35619164
0.3738747
-0.6261536
-1.74455
-0.9072031
-1.1597545
0.558463
-0.803219
0.036333196
1.575527
0.5332396
1.1295215
-1.5949682
0.943202
-0.76216185
-0.25099897
-0.27686867
-0.80995786
-0.22360624
-0.89658755
0.27449313
-0.948768
0.54338676
0.060172934
-0.051703416
0.012150905
-1.0370059
-0.061272215
0.38115847
-0.68147427
-1.319376
-0.37147114
0.61689526
-1.929452
0.63106877
0.4534584
-0.24979252
0.5867563
1.0946885
1.2982589
-0.82166594
-0.16155575
-0.6386321
-0.16751048
-0.024616154
-0.31579068
-0.14785267
-1.1838123
0.90845287
-0.7463749
0.42608547
0.12763824
0.53123283
0.7329763
-0.12580197
-0.06643779
0.9069242
0.24581172
1.4355382
-0.64562726
-0.13769995
-0.33285132
-0.6201151
-0.8756583
-0.32507762
0.52962184
0.72494644
-1.1039762
0.82852423
1.3839601
-0.22648935
0.85715574
1.1813271
0.33174083
0.6270992
-0.32192057
1.5517988
-1.1133546
-0.011014179
-0.81261593
-0.5234629
-1.1465176
0.009822994
0.38269374
-0.19841668
-1.0738108
0.21009415
0.85066175
-0.1877424
-0.45766866
0.26173484
-0.34879336
-1.7904159
-0.037484303
1.0341539
-1.3137317
-0.9367614
-0.5297331
0.10196088
-0.45522735
-1.422835
0.20345078
-0.39464843
-1.8745879
-0.5082881
0.3596016
0.7066105
1.7024437
0.38357174
0.5471083
-0.2107455
1.0138074
-0.5683644
-0.3738228
-0.11718417
1.1597337
-0.14077543
0.23771398
-0.25403973
0.14606266
-0.8951624
0.09465487
0.5489603
-0.6705324
0.58851993
-0.81979156
-0.33020496
0.18545534
0.88573587
0.8997142
0.5515426
0.46364823
1.0379523
0.54179096
0.10675388
-0.16738084
-0.36247918
0.18008544
-1.2801346
-1.2515596
-0.3123518
-0.29891458
-0.12696664
1.663362
-0.33009404
-0.36896446
0.6731307
0.098843
-0.29937744
0.65006524
-0.7861452
0.7302011
-0.026393479
-0.62178165
-0.8612758
-0.22810264
1.2680762
0.84007204
-0.06376066
0.34654826
-0.295104
-0.5966822
-0.62137383
0.9396135
-0.9402595
1.3776705
-0.5864955
-0.17344509
1.0181019
1.2785636
0.72218657
0.39661878
-0.26539811
-1.1492571
-0.17420183
0.3290991
0.31945556
-0.14757797
-0.5871456
-0.090595774
-0.03775948
-0.41554615
-0.20799874
-0.22142006
-0.3644973
-0.36856508
1.4735506
-1.2796012
-0.3516903
-0.37140664
-0.0613648
-0.30581662
-0.2674777
1.0592057
-1.3034778
0.32767206
1.3207392
1.0962557
-0.823429
0.0031760803
-0.061531633
-0.10250669
0.7324895
0.23968871
1.7221193
-0.80654657
0.14466844
0.05358941
-0.5524206
1.5938466
-0.30474687
-1.1054345
0.02711886
0.41908067
-0.201889
-0.06560988
-0.46380362
1.0062939
0.5467484
1.0281798
0.16198877
-0.2943897
-0.31341335
0.12072749
-1.0552106
0.87512016
0.13739865
0.31460872
-0.28751913
-0.35252112
-0.8713215
0.055629317
-0.01758808
-0.5209074
1.2326804
-0.23753987
0.057202015
0.71929824
-0.02824113
0.029415373
-0.09721168
0.06213762
-0.24860449
1.037638
-0.2897652
1.0970137
-0.57122993
-1.7801528
-0.21350797
0.7427534
-0.31264094
-0.8404258
-0.09159668
-0.059683483
-0.20765948
-0.25564852
0.39647195
-1.0792475
0.047090862
-0.68873405
1.8344467
0.80670875
-0.96392
0.9354795
-0.7820575
-0.16476697
0.8743182
-0.31405476
-0.13958593
-1.1279254
0.80379206
0.77086306
1.1828963
-1.2272644
-0.9491761
-1.0105679
-0.36434633
0.90615064
-1.2949883
0.7721669
-1.2582235
-0.90384835
-0.09915769
-0.27337965
-0.47203428
0.69066614
-0.048162047
-0.080694765
-0.17213935
-0.22416365
-0.2344529
0.14245638
-0.12741852
0.8595185
0.6528127
1.15251
0.12516698
-0.18238528
0.45451766
0.68027097
-0.9691553
0.7035089
-0.29676124
-0.6020094
0.5694772
-1.6165746
-1.4731144
0.438294
0.73829716
0.21904388
-0.049686283
0.47491246
-1.2180103
-1.2493923
-0.06940106
-0.45912445
0.83598775
0.504604
0.4199378
-0.23840843
0.09211432
-0.57976884
1.249039
0.2761594
1.2471781
0.7226241
-1.1696182
-0.47896957
-0.42031953
-1.6013511
-0.66625
-0.68233705
-0.19868447
0.04601248
0.99370384
1.4223515
-0.073520064
0.9098712
-0.7611203
0.44022724
0.7522317
1.2427464
-0.44873592
-1.826693
1.6095996
-0.054471806
-0.2132367
1.7849711
0.3698611
0.6742123
0.20161477
0.044241544
-0.64211756
-0.14434417
-0.6908741
0.47951192
0.21700373
-0.68371195
0.1250385
-0.7365376
0.46728188
0.57491636
-1.8709084
-0.46728826
-0.51843065
-0.73160684
-0.17460938
-0.5460638
0.28093585
-0.99579626
-0.20662472
-0.20200887
-0.51538515
-0.22376418
1.5780208
-0.20546176
-0.68024933
-0.44441527
0.50337964
0.6413506
-1.2646589
0.8630925
-0.65697336
-0.3591886
-0.07268092
-0.36488697
-0.7693983
1.6065768
1.2660645
0.14475094
1.3452284
-1.5610429
-0.28776672
0.40171754
0.9202146
-0.5456431
-1.4023479
-0.046221886
-0.17462589
0.01886539
-1.1249676
-1.0316204
0.12275261
0.31322205
0.5535608
-0.18027356
0.48197833
1.2118608
0.8331966
-1.6783316
-0.43291298
-0.6920141
0.8710512
0.80606204
-1.2609787
0.7314132
0.71064776
-0.68445694
-0.32776147
-0.43852347
-0.027707515
-1.4186782
0.34172204
0.15667789
-0.4368931
0.49382782
0.80041254
-0.2962457
-0.36928415
0.24703003
-0.27715343
1.1160591
-0.5507857
-0.79649925
-1.5096099
0.8634167
1.7555956
1.3409462
-0.422815
-1.1279218
0.6015589
1.0257947
0.4552837
0.38034096
0.866588
0.21709165
-1.0883412
0.22990505
-0.86836606
-0.6314578
0.98733294
-0.99788135
-0.32399663
-0.104268044
-1.0949752
-0.22168559
-1.2453535
0.56028455
0.5579175
-0.29894674
-0.24210416
1.5208437
-0.9298253
-1.6051662
-0.124050714
0.23537737
1.1937387
1.3411999
-0.83424217
0.062070005
-0.084461115
0.28628674
0.32378212
0.83396125
-0.16296004
-0.33561167
-1.5147092
0.3938469
-0.05507671
0.9274779
-0.1698095
-0.65665495
-0.66401464
0.9867873
0.5927845
-0.10080352
-0.8610323
0.07204801
0.23701298
-0.5880481
1.5037119
0.14800836
0.49521688
-1.4858811
-0.25929734
-0.25185525
-0.44609815
-0.20708445
0.4469723
-0.26680982
1.1028048
-0.68367505
-0.6313224
-0.36289012
1.1448076
-0.96474195
-1.6749737
0.03969552
1.4651561
1.0270172
0.29198316
-0.2589083
0.3563754
0.51110077
-0.6726183
-0.5082543
-0.33714265
0.275524
0.11691176
-0.45871893
-0.895893
-1.1870773
-0.39889568
-1.5147692
-0.40265325
-1.3701206
-0.57869625
0.20600961
-0.943205
0.65143305
0.9728868
0.96275526
0.35577434
1.111447
-1.3335578
-0.60604626
0.25269565
-0.68910486
-1.9150058
-0.40308195
0.66567874
-0.5624361
-1.2772747
0.006388032
-0.9261073
0.05321334
-0.17518409
0.1989162
1.5422118
-0.18172276
1.051818
-0.10344371
-1.456475
-1.1039586
-1.8575556
2.0420387
-0.603299
-1.3654209
1.1079409
0.5482342
1.4411386
-0.8075213
-0.7798502
-1.4452312
1.5249581
0.5403355
-1.6039103
-0.4368085
-0.1297728
-0.34818026
0.016848043
-0.35745484
0.42041847
1.7904367
-0.67131877
0.5281565
-1.5099201
-0.49967444
-0.50330675
0.16641179
-0.1638039
0.6268477
0.95692074
0.45146486
-1.1294184
-0.48733035
-0.4907537
0.8962128
-1.3549895
0.34782806
-0.33204103
1.196101
0.7452971
0.20042221
-0.7583911
-0.18294597
0.027434908
0.7461178
0.4234494
-1.141243
-0.7248184
0.55912966
0.31161258
-0.7029873
0.395118
0.24267127
-0.27698937
0.19617529
0.71890336
1.2581804
0.23480552
0.77781975
-0.96482265
0.7764442
0.329697
0.37403408
-1.3930644
-0.2860055
0.11063539
0.17096439
-0.4939959
0.16765122
0.31474304
-1.1548483
0.39866558
-0.607157
0.1361216
-0.6660898
0.93637276
-0.2890424
-0.16156617
-0.21299022
-0.62123334
-0.014294719
0.14295416
-0.6868739
1.71601
0.89000624
-0.6515481
-0.27663967
0.30064967
1.3737028
-0.70244455
-1.0449616
-0.1943359
-0.3055317
0.31229606
0.796041
0.88033867
1.267925
-0.7851594
-0.23027101
1.1720676
-1.294285
0.5293217
0.14216575
-0.14331038
-0.92442715
-0.86118066
-0.9174324
0.25177622
1.0859666
0.05345082
-1.0682731
-0.509945
-1.4917545
0.09830999
-0.9418604
0.56274796
-1.154212
-0.16665648
1.085823
0.8814939
-0.020648934
-0.9644599
-0.24368052
0.67768425
-0.09366735
-0.55770046
-1.8678834
0.26526678
-0.6857885
-0.10948477
0.48915106
-1.3228182
1.0330129
1.0299098
1.0076236
-1.3609008
0.7038746
0.4775056
0.44599172
0.038193863
0.8430481
0.54374194
0.831133
-0.4202284
0.2181048
0.31116822
-1.375168
0.24842817
-0.03541513
-0.71146333
-0.5848041
0.43589646
-1.3619086
1.2919397
-0.9898794
0.27945894
0.71731204
-0.30487326
-1.0956342
0.8308556
-0.34279755
-0.493545
-1.2256669
0.44460967
1.6518676
-0.5965406
0.73549455
0.5123731
-0.5626179
-0.11202989
1.1812088
0.48037305
-0.7873836
-0.5068475
-1.1896136
0.18882169
1.6901255
-0.18035175
-0.43707606
-0.18460079
0.0643528
0.09043383
-0.8320645
-0.5459455
-0.17415503
-0.3975438
-0.05871295
0.64219934
0.026271181
0.6864003
0.061481223
1.0999992
0.27074802
-1.567766
-0.34450075
-1.2992913
0.8853108
0.007958418
-0.6564553
0.18571095
-1.1572058
-0.10114507
0.85770255
-1.4479371
0.8906876
-0.07354124
-0.691566
-0.26593724
-0.17321967
0.6406254
1.2826134
0.15642597
0.81965184
0.55104244
-1.2978063
-0.8288209
0.7653225
0.0462103
-0.7600659
0.113701
0.3513202
0.83926296
-0.58389485
-0.17554574
1.1356324
-1.1431178
-0.82136357
-0.04230382
1.4108038
0.9122031
-1.1007704
1.4192957
-1.1682607
0.8649227
0.1560615
-0.728242
0.558606
0.79033506
-1.1015757
0.8173931
-0.64205873
-0.4463125
0.7804198
0.4538337
-0.81917334
-0.8872703
-0.7293761
1.0679902
0.27737334
1.3176383
0.050984964
0.36389935
-0.054372862
-0.16569388
0.9186927
-0.30377808
0.3792466
-0.2718653
-1.5106249
-0.38107124
-0.5895857
0.10715887
-1.0403019
-0.53449225
0.22688037
0.97592056
0.25515717
-0.7995142
0.23684572
0.17620859
-1.39571
-0.82340443
1.0747522
-0.774895
-0.67084485
-0.81252384
-1.011263
-0.45157778
0.270666
-0.3867745
-0.7134065
-0.32722726
-1.0555218
-1.7670946
0.7962033
0.41091824
-0.62210786
0.20364878
0.2998836
0.21994396
-0.7734468
-0.020875674
-0.8182964
0.9448323
-0.18707854
-0.47036588
-0.30221847
0.30320686
-0.71702516
-1.0917519
-0.86050236
0.26852292
0.103275664
-0.31596583
-0.09443669
1.0226269
-1.0248967
0.98958445
0.34240666
-1.6430912
-0.6130112
-0.36854032
-0.6041136
0.37870422
1.5950294
1.3252132
-1.3149569
0.40457806
0.08940089
1.1212318
-1.3251137
-1.9317784
-0.7759641
1.4335548
1.1281366
1.0691755
-1.8536661
-1.151126
-0.3410006
0.35916907
-1.0513498
-1.638497
-1.1509863
0.5049483
-0.713865
0.23531228
1.4139231
-0.18138164
-0.9861727
0.9579315
0.96196336
-0.5265152
-0.17024513
-0.14490812
-0.42758203
0.044504948
1.018411
-0.70344645
0.9099786
-1.5539525
-0.5380509
-0.727506
-0.48091394
0.5823984
-0.9371367
-0.51221764
-1.0413706
0.06879554
0.29631263
1.4783782
-0.103516914
0.36668897
-0.4647595
-0.9599991
0.4412724
-0.4348514
-0.07391173
-0.8975619
0.17934482
1.2432438
-0.04724972
0.09062336
0.2761015
-0.20941979
0.08746869
-0.65062135
-0.1620479
-0.8549959
1.0248235
-1.002362
-0.4561311
-0.38425586
0.8236293
-0.3718248
0.9053248
0.30772695
-1.1381284
0.10221281
-1.3014086
1.0258307
0.025686478
0.38151675
-0.35859218
0.07081273
-0.57445
0.29451472
-0.99553144
0.50431746
-0.2996777
0.7249535
-0.8453738
0.37891522
1.1921204
0.36641356
1.5227592
-0.5804621
0.96318376
0.5227274
-0.6328456
-0.8933438
-0.82629627
0.653703
0.35712758
-1.0909746
-0.07963228
-0.65100336
-0.07972171
-1.4497331
-0.12355195
0.5143856
0.3155114
-0.7999403
0.6535949
0.62649244
-0.48744765
1.2050481
0.90968394
-1.3296885
0.032547686
-1.0597757
2.0155146
1.7049738
0.65651494
0.9622239
0.9810393
-0.794453
-0.09193915
-0.8761181
-0.5854538
-0.75721973
0.12709169
0.70399207
-0.35855967
-1.1015847
1.2066058
0.996009
1.0031507
-1.3721479
0.848481
0.11102061
1.025953
0.2721108
0.58976156
0.01006096
-0.3410187
1.1090206
0.3997493
-0.8171246
0.2551189
0.26452434
0.118459426
1.0896348
0.32843524
0.3257181
0.49201512
0.23194559
0.9485672
-1.446665
-0.9633696
-0.12798934
1.6642836
-0.5670437
-0.5215001
-0.8578384
0.9433213
-0.7981329
0.43249804
-0.6369702
-0.8994764
-0.7725546
-1.6115255
0.08238167
-0.24113996
1.2643716
0.050920423
-0.16703168
0.81157994
0.5128884
-1.4451026
-0.9901091
0.3936804
0.24412325
-0.97466624
1.1165702
0.69457585
1.0445809
-0.6121801
-1.7464926
0.06721459
1.1596581
0.11050344
-0.96086127
-0.24671127
0.33543625
0.12700933
0.12965526
1.188408
-0.81483024
-0.2852722
-1.9370849
0.91360545
-1.3378446
-0.48771095
0.030122029
-1.4019487
-1.459035
-0.11472831
-0.8226615
1.2146255
-1.7088561
-1.4133255
0.040397674
0.29646397
0.3766274
-0.036968663
-1.1002531
-0.17170307
-0.025601387
1.264013
-0.13880476
-0.4816464
-0.30318943
0.7285043
-1.0184379
0.9400728
-0.6039902
-1.1332572
0.4073378
-0.68140876
0.7024128
-0.60982645
-0.9009117
0.42443362
1.3875483
1.7537825
-1.4996736
0.7383408
-0.91533244
0.8300993
0.12804846
-1.4266257
0.9630424
-1.0722047
0.17781153
-0.9772506
-0.09947248
-0.18636185
1.4911948
0.4888428
-1.8673973
0.28782213
0.45901638
0.596093
0.27119818
1.2702171
-0.021540858
0.16536441
0.8659933
1.2157269
0.032199077
1.1039793
-1.8583219
0.021891806
0.32729223
0.77286875
0.72747976
-1.4734502
-0.77204996
0.6673203
0.31578076
0.27428654
0.46062416
-0.28485855
-0.21130435
0.13055024
-0.99651706
0.262823
0.03605288
0.5384324
0.7793456
0.3037402
0.21488796
-0.5941913
0.018258652
0.10707913
0.500688
-1.4320183
-0.9100749
-0.1552405
0.4389672
0.6907068
0.21558519
0.5903944
-1.5911907
-0.008085683
0.2029692
-0.6900749
1.7285712
-0.51778626
0.08258897
-1.511629
0.30728567
1.2142303
0.19368988
0.03073708
-0.22671951
-0.17535566
-0.44404668
-0.7678682
-0.81355
-0.059763156
0.48954865
-1.1785443
-0.070500106
0.57846576
0.6714129
0.057989176
0.018022142
0.22603142
-0.39698157
1.1003191
0.5562896
-0.053877257
1.3794566
0.30578798
1.0095222
-1.5425841
-0.30165508
-0.42361292
-1.1768229
-1.046692
-0.071185835
-0.24973944
-0.6609475
-0.83630276
0.7856662
-0.7446877
-1.490923
-1.0826166
0.5164747
-0.30382684
-1.552869
0.3156021
0.8328789
-0.4706753
-0.4215942
-0.9674877
-1.334995
-0.6721283
0.0770057
1.3712354
-0.07822164
0.6091988
-1.0788598
0.13511805
-0.83981466
0.39803946
0.063555844
-1.300993
-1.3433087
0.25125536
0.6669985
-0.14341284
-1.5146406
-0.94200146
-0.53415334
-0.017949289
-1.1832741
0.26005012
0.5164953
-0.13588506
0.056525126
-0.4575615
-0.89561045
-0.95209527
-0.95958203
0.41689345
1.3955721
0.457376
-0.2917309
1.4318774
-1.0803341
-1.7679118
-0.044318963
-1.649428
-0.9980327
-0.37837622
0.12505284
-0.9092318
0.66856873
1.2162892
-0.5334003
-0.28455207
0.6617384
0.39176428
-0.8686333
-1.3030486
-1.643907
0.09778238
-0.45118076
-0.22231776
-0.056451857
1.1631618
-0.64860225
0.44890714
-0.7840367
0.1635122
1.4442011
0.1647778
-0.08905195
-0.41304487
-0.8981255
0.97424316
0.36501396
-0.24560119
0.19431531
-1.5215788
-0.8588541
0.96645796
-0.7803906
-0.34055334
-0.32586092
0.38657585
-0.65140057
-1.2060452
0.48028356
0.22325736
0.5582799
1.4873708
-1.445772
-0.8690262
-1.2667894
-0.19505541
-0.34725255
-0.10700121
-0.8711829
-0.83592004
0.37769625
1.4280537
-0.6798582
-0.5943096
0.28146043
1.1004821
-0.6470872
-0.9715663
0.13794017
-0.9004649
-1.1513587
0.5795417
0.63308
1.2561926
-0.013133864
-0.31969595
-0.86747146
-0.20226897
-1.1516514
0.14073302
0.36138502
-0.7264573
0.14734992
-0.73104745
0.59101397
-0.55204225
1.1109383
-1.0415998
-0.90883607
-1.1922187
-0.86208826
1.4305716
-0.88649213
-1.631414
0.83107513
0.7041431
-0.3045392
0.66028
-0.15496491
0.08351381
-0.27206382
1.3612026
-0.12095442
-0.16614684
1.9762845
-0.055749018
0.028768027
0.5800801
0.86083984
1.7098598
1.2175914
0.5904068
0.16393754
-0.80749506
0.31561452
0.65313816
-0.014170973
0.42022732
0.069591604
0.29027942
0.962862
1.0379442
-0.27946052
-0.07841119
-0.21426374
0.5763937
-0.2593609
1.2745651
-0.060993936
0.17147543
1.1649129
-0.5088601
0.37752005
0.9716222
-1.20318
0.06545526
-0.25802594
-1.455322
0.5310185
-0.31756052
-0.9399524
-0.96929765
1.2092481
0.3732016
1.4227643
-0.4176582
-1.5890633
0.4943667
-0.57471126
0.06440384
-0.9149851
-0.80290234
-1.273345
-0.14390886
-0.52548546
-1.6964256
-0.5904043
-0.20800716
-0.94697225
-0.40984562
0.08804428
0.899659
-1.2722917
0.15231052
0.21507668
0.8418172
0.51035714
1.2589402
0.84204257
-1.6529365
1.3202555
0.039234787
0.994419
-0.9638268
0.24111743
0.89644504
0.55612236
-0.010108153
0.25367662
-1.8561445
0.6136674
-0.4752582
-0.15168783
-0.8713678
0.7657969
0.6674971
-0.67226803
0.8400917
-0.13539292
1.0291729
1.2020528
-0.64268965
-1.4734366
-0.52629197
-0.19319163
-0.39132556
1.3498719
-0.030196205
-0.005996877
-1.3402692
0.66431296
0.29948944
0.071804546
-0.27784234
-0.40283713
-0.03514427
0.42097864
0.034972034
-0.8026579
-1.7396537
0.4084427
-1.0889909
-0.069669515
-0.3484966
0.2963679
1.2111748
-1.2924452
-0.26372367
-0.49157116
0.092903726
-0.32625395
0.6776437
-0.56090033
-0.91922915
0.07346384
-0.053297844
-1.2905515
-1.5537075
1.0592101
0.40004033
1.0193298
-1.4832962
-0.64272916
0.29841268
-0.30885693
1.5299234
-1.0366082
0.7652208
-1.3033956
-0.17389038
1.338161
0.11917427
0.79658467
0.45322418
0.025980799
-0.42335418
1.5879021
0.20410107
1.1112118
0.18365252
0.52273667
0.8149408
0.29890895
-1.1153336
-1.2994821
0.8169883
0.16364355
-0.839695
-0.7068435
-0.17616531
0.38156757
0.024922876
-0.2818028
1.0650773
-0.7222799
-1.7594619
0.0060423785
-0.62414074
-0.43723288
-1.0278814
-1.2280891
1.318027
-1.0181565
-0.67599344
0.9596049
-0.9019144
0.11690841
-0.009544551
0.30985853
0.46921724
-0.21890421
-1.0067143
-0.76028156
1.0752296
-0.09837615
0.23040049
-0.041034352
-0.8732705
0.7144481
-0.45862246
0.4987593
-1.9117385
-0.8536656
1.213517
0.42550793
-0.47259867
-0.35167783
0.38935184
-1.2712518
-0.23364274
-1.3771098
0.62759125
-0.8341331
1.1502758
-0.18534392
-0.4128434
-0.6572503
-0.5702396
0.38636947
-0.5189035
0.12888932
0.38162845
-1.1996783
0.7073496
0.010222525
0.19086222
-0.6736135
0.3405471
0.6121153
-0.4306279
-0.07454379
0.039559554
0.54494315
-1.1530629
-0.41454127
-0.17164719
-0.002190864
0.08630293
-0.7117599
-0.17979701
0.162708
0.74376297
-1.1827427
-0.50974715
-0.41534615
-0.051566903
-0.4102642
0.79923916
0.030897034
-0.19269158
-0.79326266
-0.7771298
-1.3201445
0.30728486
0.3456326
-1.0080501
-0.15793045
0.03968299
-0.1595808
-0.24272256
0.4562152
-0.99347806
-0.44311583
0.053559717
-0.025123863
-0.8615411
-0.6418554
-1.1583816
0.7184759
-1.3126615
-0.30047622
0.5899003
-0.02202297
-1.0237805
1.1811419
0.014066161
0.79880047
0.7962653
-0.7102445
-0.2778056
0.3195044
-0.4761932
-0.48987702
-0.7176064
0.035337184
1.1487935
0.32328382
-0.5247558
-0.09681185
-0.65316814
-0.1771755
-0.9971365
-0.7228124
0.5346203
-0.80365145
-0.1427489
-1.4850991
-0.8756869
-0.43355542
-0.08681902
0.048735425
1.0351273
0.54139847
-0.015295014
0.9274324
-0.75805205
-0.22279349
-0.058152705
-0.7191102
-0.7980916
0.58028966
-0.44092295
1.6959069
-0.20629586
0.36851257
-1.1104788
-0.0804577
0.94094914
0.5453019
-0.61874807
0.5240381
-0.37368253
-0.42449173
-0.118809536
-0.20622222
0.1256274
-0.46729508
0.70478135
-1.0587356
-0.46357122
-0.8119392
0.102022365
1.3459212
-0.78624105
-0.95656073
-0.6818
1.0355803
0.8266438
-0.80948514
0.6451642
0.79457587
-0.19815733
-0.75257593
0.5448711
-0.27735654
0.14697936
0.15547188
-0.24158269
-0.99120677
-0.5759757
-1.0186495
-0.72993106
-0.49088877
-1.308306
1.3413154
1.207334
0.72736454
1.0523833
0.71622497
1.2785653
-0.18336637
-0.66725177
0.36046687
0.059025995
0.8937823
-1.0491859
0.5602642
1.277453
-0.44295412
-0.7848708
-0.3176373
-0.8752476
-0.75832283
-0.06171124
-0.2248038
-1.1837429
-0.380887
-0.79214096
-0.75386095
-1.4610841
-0.06324458
0.9149269
-0.44995105
-0.7053801
0.3236941
-1.1119858
0.32976428
1.5195997
1.0279158
1.5367996
0.31848714
-0.7447541
0.38815266
0.3069939
1.3804376
-1.0830951
0.4133948
0.07823036
-1.4853944
0.5618406
-1.6818072
-0.57604927
-0.007569699
-1.1740134
0.4488602
1.4083092
-0.34848884
-0.87267685
-0.54540896
-0.5582925
1.6087283
-1.3969332
-0.5268128
-1.4849652
-0.6854949
0.9194006
-0.06088685
-0.06525432
0.49383533
-1.101792
-0.05015017
-0.040461473
-0.30146354
-1.0392998
1.2823864
0.615034
0.6894093
-1.3668206
0.093157545
-0.004066903
-0.4285874
0.4535923
-1.8005106
-0.561525
-0.6324508
-0.7144514
-1.7475522
0.17221734
