-0.057455108
0.12696628
0.06564663
-0.5926296
0.033081874
-0.52974296
0.42820802
0.6378015
-0.7422426
-0.70866466
-0.18304645
-0.53903335
-0.23020954
-0.8813177
0.75697726
-0.21287197
0.5114402
-0.9828315
0.012194511
-0.16124527
0.92573607
-0.044037413
-0.89468634
-0.066331305
-0.95147455
0.75517386
0.78026867
0.14236844
0.4769801
-0.36325806
-0.49765003
1.0676413
-0.5430248
0.27430463
-0.24430922
-0.45712513
1.1464174
-1.212959
0.08349911
0.17785615
0.13860217
0.25228995
0.11283171
0.28955802
-0.10420026
-1.0042753
-0.06365068
-0.45260298
-0.07647682
0.018673968
-0.25818914
-1.6859912
0.031278446
0.19470032
-0.13277096
-0.30809814
0.35720968
0.90801775
-0.06387893
-0.27106217
-0.9081813
-0.65321743
-0.29023615
-0.4311572
-0.846978
-0.5172134
0.78036094
0.49204367
1.1223056
0.03474385
1.1731343
0.36861357
-0.2592692
0.27261594
-0.30173746
-0.10419587
-0.49700913
-0.46748114
0.37822315
-0.75223047
-0.15317827
0.15217791
-0.45896387
-0.9374751
-0.08390192
-0.076006666
-0.4174412
1.0448347
-0.40064877
-0.65464026
0.5469445
-0.26759958
-0.43250328
1.4988302
-0.6816056
0.3406152
0.7108322
-1.0395125
0.12772013
-0.2460458
0.8078682
-0.3517984
-0.16105644
-0.43113235
0.35635328
-0.41863546
-0.19643642
-0.5912149
0.76171714
-0.028778918
1.1466359
1.1983167
-0.6320142
-0.1327916
0.51537627
0.22882426
0.11939148
0.37104145
-0.68436754
0.74946046
-0.57148504
-0.046755545
-0.28857216
-0.29709807
-0.8899518
-0.48965868
-0.29454437
-0.9448701
0.90637743
-1.204534
0.32047632
-0.51102865
-0.5656234
0.0705739
0.37163216
-0.25085822
0.43581337
-0.7403265
-0.24492186
0.31939778
0.3218005
-0.7297274
0.5646186
0.95466185
0.93930924
-0.34757414
0.36473083
0.14815673
0.11437918
0.44457105
0.8747143
0.7256255
-0.89678025
-0.04975831
0.3614892
-0.34300026
-0.52261674
-0.6698651
1.0369025
-0.0055075902
-0.56092536
1.0760326
0.49358058
-0.94042236
-0.06350144
0.6193391
-1.4782369
-0.6593152
-0.2685194
0.5651685
-0.11796108
-0.16620675
-1.0490204
0.36874318
-0.8198533
0.2417017
0.2406167
-0.5159022
0.31126657
-0.5563843
0.16648053
-0.67632693
-0.3956482
0.8994319
0.029078899
0.8933121
0.3620003
0.1505395
0.26301888
0.3772924
-0.027068874
-0.032911886
0.12476388
-0.7925759
-0.477385
-1.0315714
1.0065013
0.96701324
0.7469544
-0.18870163
-0.09794811
1.2709552
0.71333605
-0.90530986
0.52873206
0.14582662
-0.23698547
0.19448043
-0.3793252
0.63543516
-0.4650873
0.8056203
0.50462204
0.12248737
0.07300255
0.6303596
-0.9498296
-0.14342977
-0.24319763
-0.21807618
0.56765175
-0.43387997
-0.17448659
0.7324981
-0.5269406
-0.47651112
-1.0454004
0.47330758
-0.17953528
0.6453254
-0.034619067
0.864204
0.42029956
1.1516877
0.49914825
-1.1154432
1.0222452
-0.576479
-0.9602859
-0.39233
-0.4563678
0.32481122
0.23875168
-0.26009473
-0.48277098
-0.75787604
-1.28481
-0.0795153
-0.38793388
-0.013754531
0.20445573
-0.5729467
0.76736134
-1.0207802
-0.33977678
-0.022330455
-1.009346
0.45826125
-0.079567984
-0.25547498
1.0250165
0.32776833
0.897141
0.5079103
-0.44904628
0.7293208
-1.035848
0.5227039
0.28266662
-1.1545069
0.0650256
1.1158836
-0.3947964
-0.5318275
-0.22501543
1.1475288
0.41890284
-0.45778596
-0.012742532
-0.4885293
0.08815776
-0.046820346
-1.0483025
0.17547221
0.37311757
-0.27908236
0.5583135
-0.55161476
0.19443515
-0.4892421
0.47249085
0.01936848
-0.5140964
-0.90805
-0.4197505
-0.1752789
-0.4088653
-0.029832855
0.49758482
0.5115149
0.92226076
-0.12605366
-0.14738858
-0.2616157
0.086495705
-0.85174155
-0.46950603
0.06411471
-0.46097982
0.23071256
0.18265529
0.09250307
-0.18537498
0.10607754
0.27773875
1.1237094
0.8637099
0.9206841
-0.0049247546
0.121473916
-0.82958835
-0.58848643
0.5576655
0.5487803
0.3326093
-0.024486449
-0.49402797
0.16097727
1.0050997
1.1592276
0.7071245
-0.74068624
0.08346761
-0.56978947
-0.39390102
-0.15111929
-0.26130438
-0.9806218
1.4590194
0.6847616
0.7850173
0.922153
-1.1445475
0.7361085
0.22199556
-0.26480693
1.109501
-0.18964294
-0.63002175
-0.31639957
0.8964192
-0.95841086
-0.42867616
0.123745255
-0.2444537
0.2070703
-1.1682894
-0.30002916
-0.9371838
-0.97184324
0.5866373
-0.16038907
-0.56693256
-0.9642836
-0.36304507
0.6696089
-0.102292
0.8844967
0.01034705
0.32197887
0.21811879
0.9995116
-0.15124866
0.44936338
0.63742924
1.2857279
0.086453676
0.116176054
0.7835216
0.8967658
0.43844977
0.15899307
-0.78676975
-0.37698576
-0.58500725
-0.7785881
-0.41726846
0.9691977
0.021168074
0.9221693
0.15148489
0.6118257
-0.91137564
-0.35922208
-0.024435563
-0.9419215
0.35475743
0.2888211
0.5211246
0.8019111
0.08685022
-1.0249528
0.20916802
0.87788504
-0.045644138
0.28512263
-0.27682465
0.73374873
-0.12711945
-0.3173503
-0.11869915
0.10676429
0.70197314
-0.014674465
-0.06301077
-0.7711901
0.83151865
0.13670285
-0.6397437
-0.4673134
0.14280985
0.22675323
0.51700115
-0.13803837
-0.26313016
0.11990574
-0.45236492
-0.24039848
-0.8801646
0.46364146
0.07542023
0.85710716
-0.41251472
0.12887874
0.02856568
0.20865366
1.1373491
-0.13326241
-0.5423834
0.43153697
0.72298616
0.506029
0.30793732
0.26315346
0.14109269
-0.19368121
0.5323403
0.35035965
-0.36112642
0.32594848
-0.66201985
0.18659335
-1.0626212
-0.9660754
-0.9241898
-0.20562202
-0.00028941035
-0.30059946
0.44208133
0.47302467
0.19859028
0.5387184
0.32656246
1.0815711
-1.0525737
0.79283816
0.38578942
0.4222967
0.4768123
1.0309446
0.15681437
-0.7340184
-0.43437654
-0.5432441
0.10626714
-0.9281651
0.7004112
0.2816159
0.6125083
0.23358566
-0.01145932
0.4721373
0.44635856
0.42842096
-0.4927745
0.21043424
-0.6207312
-0.14655712
-1.0044801
0.66257536
0.15586102
-0.5911807
0.7408674
-0.24834752
-0.5901184
-0.83905965
-0.2189646
-1.1497592
-0.9967624
-0.7821161
-1.1327192
0.08899318
0.11245628
0.13644873
0.7755939
-0.27444893
0.009228755
0.224518
-0.4232419
0.1669816
-0.7346531
-0.74921036
-0.6770288
0.9526267
-0.99822503
0.65291226
1.0263472
-0.3072409
-1.0212356
-0.42211762
0.39149442
-0.4886694
-0.59807974
-0.039793696
-0.9118665
-0.3665668
0.28651452
0.16918887
-0.23263608
0.78853256
1.1242964
0.9113393
0.9530227
0.086112976
-0.65273225
-0.8960129
-0.92333746
0.18397251
0.33992425
-0.18086544
-0.9850926
-0.81859326
0.10636184
0.6332571
0.021083342
-0.043176662
-0.38656276
-0.85827434
0.40513808
0.02647624
0.25675562
0.11081428
-0.71482396
-0.23892923
-0.30584827
1.1708984
0.78316927
-0.17427748
-0.72903025
-0.4195399
-0.25884485
0.6999746
0.30260956
0.41517296
0.07207308
-0.20878693
-0.29520115
0.0036716186
-0.2980213
0.055397976
-0.24963479
-0.97923243
1.2103214
-0.9356329
-0.3087028
0.052110095
0.019021928
0.7359365
-0.7003531
0.5136938
-0.21968496
-0.51441294
-0.4422893
-0.14815445
-0.08050245
0.19398522
-0.059983842
-0.57810247
-0.02004884
0.10491651
-0.57052916
0.07299425
-0.25046825
0.65105814
-0.5494215
-0.34532624
1.4113146
0.22759748
-0.055523805
-0.18107136
-0.4587311
0.96721643
0.67800236
0.05969649
-0.67092
0.97929716
1.1843091
-0.5912312
-0.97521085
0.56476504
0.14331332
0.14486486
0.38828185
-0.01086932
-1.0000277
-0.75789523
-0.09843404
-0.2856776
-0.8078705
0.30754614
-0.6790442
-0.19946076
1.1183335
-0.14371458
-0.44810796
0.37509987
-0.8672213
-0.67463684
-0.23916355
0.7501762
0.28356662
0.71600884
0.0023796237
0.20243861
0.29817393
-1.6378248
0.15197635
-0.5763181
-0.9495339
0.3218181
0.031808242
0.31536934
-0.1371816
-0.33366874
0.10285194
0.24301729
-0.52766013
0.054258462
-0.8337072
0.55601215
-0.2650315
-0.75013894
-0.018436989
0.55428386
0.2682871
-0.09399349
0.787989
-1.0249176
0.29685697
-0.9059221
-1.1513978
-0.35115743
0.15995428
-0.05471414
0.58368766
-0.2039022
-0.7585817
-0.30957082
-0.5767691
-0.12940396
-0.06189902
-0.120171204
-0.051663782
1.1212054
0.35439435
-0.17408061
0.08276252
0.84040284
0.8798735
-0.21154056
0.0033654247
0.20288293
0.6413993
0.66349316
0.41608697
0.27397943
-0.47727948
-0.008358906
0.13127972
-0.44793412
0.51067877
0.93975914
0.82635474
0.8646705
-0.01565276
0.8602214
-0.8459244
0.38216826
0.38808963
0.78936744
-0.90266013
-0.07270452
0.72489816
0.14173003
-0.4119994
-0.34836987
-0.4292267
0.012056051
1.20522
-0.22741973
-0.33145732
-1.1663445
0.7505711
-0.010887445
0.71977067
0.28128827
-0.20311992
0.6251073
-0.49049723
0.2600975
-0.026469357
-0.9869912
0.8615443
0.37881535
0.23582292
1.0251569
-0.7865009
0.5686999
0.048750177
0.20884193
0.040560775
0.8100282
-0.049119048
-0.048629962
0.15824144
0.44280386
-0.14016137
-0.69962764
0.5831187
0.2298292
0.34674886
0.3669147
0.5383737
0.6784988
0.5121364
0.6210562
-0.2811342
-0.29446962
-0.95444393
0.3698415
-1.2650845
0.06214116
-1.079232
0.062892646
-0.28966334
0.66414964
0.19508934
-0.8618276
0.87311876
-0.31868568
0.21652502
-0.34028417
-0.27186957
1.3351059
-0.6533867
0.07587137
-0.0001325421
-0.4808875
-0.290422
-0.74593014
-0.025088606
-0.22670992
0.55756265
0.4109329
-0.12879857
-0.3764996
-0.41417155
0.66063774
-1.4984666
0.081015244
-0.012855578
-0.6365274
0.8014738
-0.7313626
-1.0914905
-1.0246184
0.46894312
0.516854
0.26106748
-0.67998976
0.2880008
0.19286816
-0.41945013
0.7496522
-0.46602765
1.1373656
-0.59088564
0.75451225
-0.59190387
-0.32745746
-0.2684188
0.23059794
-0.92237264
-0.94641924
-0.8547123
0.3380742
-0.8208979
0.68230957
-0.3045372
-0.31305954
0.27529222
1.3286513
0.25497678
1.2444469
0.7197042
0.85354954
-0.17819987
0.26970088
0.20671427
0.46696803
-0.4326706
-0.6572336
-0.29201052
-0.69065505
0.7738673
-0.56447875
-0.13204874
-0.22267762
0.94006944
-0.74549216
0.3353336
0.29756075
0.6298175
0.67708564
0.71401805
-0.5289271
-0.6543722
-0.9329523
0.71001214
-0.18885207
0.03463945
0.17751557
0.6768928
-0.6049437
-0.1735552
0.029309222
-0.20431817
0.3351558
-0.92288893
-0.7565273
1.0633708
-0.69327784
-0.9086373
-1.0126219
0.3999919
0.055120043
-0.17399757
0.28874028
0.22412057
-0.45519054
0.59827906
1.326081
-0.084670044
-0.98750424
-1.0094683
1.09141
-0.90814495
0.15836786
-1.1875396
0.42803934
-0.16957341
0.2641846
0.24979748
0.76110077
0.6133625
0.30680197
0.28921157
-0.23285012
-0.9300614
-1.6885207
-0.29560283
-0.24512658
-0.37040508
0.33584365
0.2411054
0.43499872
0.89872426
0.4475486
-0.2493452
-0.635835
0.07532464
-0.062279105
-0.0119111305
-0.08712511
0.19100004
0.7418922
-0.18910396
-0.30966663
0.110634305
-0.29403538
-0.34870037
-0.15594304
0.36060533
-0.07039985
-0.81754744
0.28642383
-0.7731464
-0.25850245
-0.50100404
0.87340057
0.48180884
0.9241494
0.42513224
-0.6489037
0.64713836
-0.55439514
-1.151301
0.3797597
-0.0015887313
0.514737
0.48261312
-0.6153238
-0.50321704
0.11662362
-0.29157528
-0.42007372
0.042283125
0.07452895
1.2364684
0.3770826
0.40714955
-0.0012113096
0.24724406
-0.6803563
-0.26477447
0.6042603
0.7946489
-0.34290504
-0.29669845
-1.4812745
-0.16420928
0.27857268
-0.2725309
-0.07724857
0.33653265
0.48347235
0.2873374
0.13232751
-0.50819904
0.57849777
-0.023650201
-0.23680651
0.99228644
0.50392133
0.5592796
-0.6431281
-1.134531
-0.37263066
0.31749612
0.3857884
0.8370493
-0.09186032
0.098920025
-0.29028153
-0.2847643
-0.3914239
-0.5654858
-0.029535849
-0.057721492
-0.83164155
1.1878943
-0.4386858
-0.75072443
-0.20704664
-0.53647625
-0.7166007
-0.32137966
0.5238588
1.0631492
1.0064003
-0.076106355
0.3565932
0.67577595
0.24549387
0.037792157
-0.0399108
-0.25150672
0.20490639
-0.1747233
-0.09165848
-0.7488082
0.73767215
-0.49511904
0.1581019
-0.9247779
-0.81157184
-0.6066238
-1.2976398
-0.7189265
0.39183858
1.1096797
-0.41133973
0.4045843
-0.6261376
0.21588805
0.026511336
1.3491188
0.97752255
0.45711738
-0.1563318
-0.09410301
0.6857022
-0.309757
-0.6800421
-0.07691017
-0.999769
-0.24323715
-0.5499927
-0.558519
0.45368457
0.11896048
0.12865949
-1.2208836
-0.17397761
-1.1232888
-0.415369
-0.8082506
0.21304727
0.04259992
0.37503526
-0.5517217
0.29947042
-0.19388005
-0.18780106
-0.5461579
1.2859712
-1.1977352
-0.15126032
0.034621254
0.09219457
-0.76483625
0.10281621
0.15015215
0.71319735
0.06260367
-0.3085031
-0.003854295
0.76179636
0.86836416
0.826126
-1.069895
-0.7416136
-0.1733431
-0.46288463
0.8764473
-0.36055118
0.10116529
0.23096742
-0.18826817
-0.91011226
0.64492154
0.56460464
-0.38135383
-0.2947939
0.30614564
-0.7523774
0.5049036
0.824484
-0.6820882
0.21382895
0.65700984
0.8184183
0.09488889
0.6101156
0.023042032
0.79543036
-0.08475226
0.24646437
0.00077772135
-0.4352745
-0.409769
0.5303698
-0.13909584
-0.1754074
0.7077282
-0.5931673
-0.6963723
-0.14055187
-0.24085252
0.34968856
0.48027754
-0.42942235
-0.048547287
-0.21940991
0.6503966
1.1678808
-0.3512792
-0.015204485
-0.75712484
0.19135727
0.31087035
-1.0133822
0.31201583
1.0919107
0.110718116
0.6971509
0.7966439
0.140907
-0.77136356
-0.8206425
0.33913383
-0.6652616
0.11297763
0.1675634
-0.3060175
1.1312264
0.37233773
0.7693042
0.32519886
-0.6237165
0.07413916
-0.26592162
-0.8067435
0.6613218
0.024228357
0.7770994
0.25557828
-0.07695113
-0.8732708
0.77092373
0.6660336
-0.18977617
-0.08991036
0.17070627
-0.091664664
-0.22403276
-0.6895662
0.055749808
0.9455251
0.18354696
-0.32813746
0.33270052
-0.08492883
0.20517287
0.8069719
-0.7496071
-0.08490786
-0.23107992
-0.08377826
0.11162738
0.011617749
-0.72236156
-1.0362883
0.021978218
1.0198537
-0.13955282
-0.7035086
0.4865054
0.07370989
-0.45051548
0.49297088
0.010680845
0.0650965
0.48703676
0.46477026
-0.80370164
0.2836999
-1.2089288
0.6615867
0.13575548
0.21154833
-0.4469034
0.23967758
-0.6691537
-0.08689502
0.34521803
0.1281394
1.062366
-0.8530105
-0.50630325
0.12857868
-0.080292895
0.06812159
1.3973608
-0.7100899
-0.59901506
-0.72459847
-0.1165435
0.2085611
0.18969107
-0.5996966
-1.0985088
-1.077879
0.55758643
-0.22548486
-0.28042766
-0.74811
-0.48522124
0.30696243
-0.57467693
-0.60429275
-0.116073295
0.7774555
0.3350777
-0.14485912
-0.501793
0.9890586
0.3407746
-0.8703127
0.8483472
-0.8091341
-0.33403292
-0.0983342
-0.4542653
0.3526757
0.25364083
-0.11403141
1.0936723
-0.9923244
-0.41761166
-0.4102083
0.26948333
0.08761777
-0.2785406
0.21008873
0.6303814
0.04196566
-0.47277308
0.030935172
-0.30770898
0.63926744
0.2905294
-0.44834566
1.3362489
0.70096517
-0.3287401
-0.500614
0.59887666
-1.142497
-0.9768714
-0.33952445
-1.3234017
-0.8088912
0.19226204
0.6321813
1.3413421
-0.7891346
0.16428648
-0.1327864
-0.70289093
0.022702502
0.14017557
-0.11405377
1.2702279
0.6012844
-0.57332754
0.35325655
0.8334833
-0.07733475
0.4794826
-0.18536624
0.43682447
-0.75182694
-0.022068989
0.11989781
0.030129692
1.3601108
-0.81403416
0.36050555
0.59066623
-0.63123137
0.04256373
-1.3840044
-0.18052796
-0.14020136
0.8518635
-0.92931837
-0.9574157
0.21072201
0.1553015
0.17036428
-0.40404403
-0.29943877
0.5807075
0.21873657
-0.61182284
-0.11265547
0.3536431
0.11449656
-0.59951824
-0.9446918
0.025284156
-1.1879584
-0.0072808443
0.19629332
0.95200294
0.07823651
-0.0068404116
0.5101764
0.9782473
-0.23160452
-0.70674425
-0.66162527
0.23045525
1.0201628
-0.4438004
-0.3423486
-0.68745637
0.6646479
-0.058780596
1.2427033
-0.25816742
0.0034743124
0.063470684
0.38452798
-1.5582253
0.06927022
-0.44728017
0.0854959
0.43276933
-0.10231848
-1.461804
0.3094008
-0.6912191
-0.7051373
-0.39160317
-0.41246098
0.19787204
0.39895132
-0.5361875
-0.5421666
0.15777309
-0.11439827
0.80617756
0.5627783
-0.37485993
0.13687062
-0.15173736
-0.2092347
0.114587836
-0.020494038
-0.6865472
0.118035465
0.49136615
-0.7670193
0.38385877
0.08402345
-0.26009738
-0.17793989
-0.5067526
0.2469459
0.5016455
-0.9181752
0.34789
0.00071286777
-0.032193344
0.005035171
0.012177096
-0.2993614
0.03372604
1.3835343
-0.4879406
-0.0036631923
0.7874434
-0.856457
1.2619264
1.1279249
-0.29557794
-0.35935196
0.85548234
0.41360688
0.6369867
0.23564352
0.29117644
-0.91173804
0.27530333
-0.37265202
-0.15517285
0.27190864
0.25882986
-0.99689007
0.419167
0.7034686
0.81023353
0.111032374
0.333644
0.19423223
-1.2295012
-0.06298315
0.6712748
-0.14512402
1.1609435
-0.12869678
-0.42121926
0.18974574
1.1804479
0.36242545
0.5341346
0.81143105
0.1835024
0.4985772
0.42605445
-1.0276724
-0.17688504
-1.4838204
0.40454632
0.28096417
0.5505184
-0.9753773
-0.27251074
-0.03915004
-1.2225162
0.22125979
0.1991213
-0.934283
-0.16832174
-0.3845157
0.9174726
-0.5097208
0.59869623
-0.18853341
-0.8422375
-0.5898682
-1.0938296
1.3138998
-1.128441
-0.6511812
0.15438683
0.25644395
-1.1307981
-0.26256707
1.2820277
1.1560031
1.4047124
0.51598644
-0.061743338
-0.8809062
-0.11764773
-0.54135376
-0.30057782
0.4996584
1.0059878
-0.021788387
-0.42635342
-0.158987
-0.32028618
-0.9373593
0.36113572
0.24319904
-0.59146875
-0.786026
1.0828265
0.29370958
-0.2562252
0.7020217
-0.8661604
-0.39629072
-1.2785832
0.45232168
0.6781522
0.22362599
-0.94426894
0.033663366
1.1333729
-0.28618369
-0.01539069
-0.02191987
0.6922178
0.94288754
0.03459499
-0.8072532
0.0008626728
0.0011658368
0.5578087
0.008165657
-1.0294974
-0.39027458
0.08104625
-0.6407218
0.044953287
-0.2550534
1.1611705
-0.60881996
0.25948882
0.6928704
-0.6111547
0.09044708
-0.4847595
-0.81450087
1.0823075
-0.48239675
0.95980185
1.1449387
0.15288362
-0.9366597
0.1393256
0.18698199
-1.1750139
-0.90990555
0.61660135
-0.2495349
0.2894726
-1.0462763
-0.44312602
-0.008278066
-0.3003697
0.9823988
0.74720144
-0.9811761
-0.6292166
-0.34796333
0.6597713
-0.8269169
0.09547528
0.5089526
-0.16193551
-0.8462148
0.10958774
-0.19576767
-0.36142603
-0.4213544
0.45454925
0.36310712
0.6058723
0.24668877
-0.76194334
0.8449273
-0.22610267
0.9704772
-0.41711694
0.9213946
-0.8729983
0.108244516
-0.27324814
0.79016554
-0.24016573
-0.7493037
-0.003439451
0.9309268
-0.17365094
0.47604203
0.035051037
-0.40550265
0.78323436
-0.95742166
0.8115987
0.64380765
0.9309087
0.07332012
0.78690153
0.09831297
0.56513786
0.05942973
-0.28124443
1.1031672
0.43143004
-0.8657229
0.14411084
0.45148098
0.9736533
-0.3549032
0.2548641
-0.13677526
0.1707253
0.6812253
-1.0060498
-0.42929518
0.9445944
0.40137458
-0.27024105
-1.8655057
0.07540621
0.19985692
-0.77832294
0.41562173
0.38155815
0.6666723
1.3428104
-1.3723086
-0.26585418
0.4812466
-0.42401406
-0.73236656
0.008872139
-0.37274063
-0.29687184
0.42640796
-0.1766946
0.6001344
0.8154318
-0.12581395
-0.03521317
-0.041446365
-1.4156734
-1.1340898
0.44984108
-0.68895906
-0.23736623
0.13899007
-0.2930334
-0.06344753
-0.593405
0.09085533
0.17215784
0.30710232
0.72913486
0.24892041
0.04132394
-0.6431102
-0.45596242
-0.4303058
-0.35431528
-0.6805471
0.31931296
-0.41132063
0.2397384
-0.6294816
-0.39177787
0.9159225
0.48128226
0.8433843
-0.42957783
-0.05908183
0.8482728
0.24743798
0.46056503
-0.38580334
0.54967403
0.44991052
-0.28823885
-0.18203102
-0.1390807
0.6523721
-0.8054607
0.019491056
-0.27933437
-0.15626189
-0.044384062
-0.4644884
0.10132911
-0.97539896
0.8809911
0.5511836
-0.37515652
-0.15134464
0.13734858
-0.017825106
-0.13412838
-0.6234321
-0.16523138
-0.25112334
-0.43026558
-0.0464219
0.75975496
0.25680813
-0.2980682
-1.010468
1.1152769
-0.5347371
0.56535935
0.45409572
0.2646787
0.5574367
0.12272132
0.19545965
1.1827102
0.9057721
0.5032284
0.14318651
-0.33415562
1.1327258
-0.52454305
0.3858294
-0.4494927
-0.8078583
-0.39339802
-0.1760988
-0.60201526
-0.20403533
0.6290897
0.24768251
-0.319765
0.59622717
0.6218515
-0.2599061
0.15609421
0.40621024
0.124486744
0.29655564
-0.35671008
1.1221263
0.8364359
-0.2737381
0.64152557
-0.14990294
0.012725889
-0.36088017
-0.3948162
1.0546473
-0.60521144
0.22033337
0.6779714
-0.049492147
0.06858123
0.7261371
1.2900671
-0.22723739
-0.047978994
0.41147673
-0.17686918
-0.8737738
-1.1475194
1.0573007
-0.28888795
-0.066166796
0.09266372
0.21238302
-0.3585914
-0.099404566
0.49480468
0.22675826
-0.048870392
1.1556662
0.31121877
-0.8369974
0.351856
0.640129
0.8051602
-0.47611782
-0.80374765
0.14886184
0.72140664
-1.2223916
1.4459432
-0.41036364
0.018433645
0.22243126
0.85671705
-0.8813044
0.25510585
-0.4625224
-0.25072443
0.6296894
-0.061198708
-0.009528522
-0.009816564
0.015618465
-0.51198936
-0.2319983
-0.907488
0.2566237
-0.6799061
0.46991882
0.017981445
-0.19153477
-0.028802346
0.42455497
-0.0017061216
-0.48478955
0.11029267
1.0232804
0.21956047
-0.91277087
0.932072
0.6216418
-0.09454509
0.20256484
0.19434102
0.36478764
0.1898034
0.83063126
0.176755
0.44991314
0.57292515
0.72571176
1.05052
-0.59474933
0.18813623
0.7729288
0.057556517
-1.4253956
0.7093347
0.57060784
0.042215712
0.9416987
0.2419303
0.6352203
0.38953915
1.260447
-0.8107761
-0.8986193
-0.7349169
-1.4233809
0.63811505
0.89161056
0.906449
-0.63602847
-0.09335299
-0.7677984
1.0171762
-0.61975884
-0.88151646
0.21566743
0.13383316
-0.0026983288
0.42103425
-1.6642854
-0.10693444
0.20711377
0.75334924
0.35268158
-0.44835705
-0.3457025
-0.16118401
-0.26066872
0.28518197
-0.7988855
0.6256206
0.4130962
-0.039796196
-0.2069009
0.8275053
1.0686263
-0.10621906
-0.028489357
-1.053174
0.29673758
-0.58233875
0.62682575
-0.89384115
0.821757
-0.21258448
0.57294
-0.17680234
-1.1408472
-0.4573055
-0.44878212
-0.5276672
-0.45382723
0.9590564
0.9449985
-0.3455642
0.14002137
-0.18991259
1.225374
0.44222844
0.90676516
-0.5269482
-0.5699847
0.63274515
-0.28934368
0.78223455
0.24434327
0.44540346
0.48050952
-0.6748103
0.07407465
0.84542257
-0.3654788
1.1091142
1.1547946
-0.27994928
0.19155398
-0.19612248
0.28559452
-1.0866125
-0.20667571
0.14338733
1.0585841
-1.0207388
-0.48885947
0.14297208
0.61647063
0.019309422
0.035731774
0.66310376
-0.61503696
0.743337
-0.64339507
0.47196078
0.14153095
0.23224394
0.034550786
-0.3153551
0.19133323
0.3442568
0.6815003
0.33644983
-0.3467622
-0.9322789
-1.4395449
0.3817887
-0.5870141
0.03144993
-0.15357274
-0.7101751
0.33280498
0.22923641
0.95867693
-0.26782912
-0.20871414
-0.6450052
-0.44703326
-0.11682176
0.28442746
0.82736117
1.1957657
0.82483053
-0.19127218
0.66409236
0.12007
-0.8958967
-0.37622184
0.12259127
0.26645976
0.4647181
0.99063694
-1.01273
0.5556791
1.3023571
-0.25901276
1.2099622
0.04332753
-0.2666459
0.83466077
-0.57323265
-0.4221412
0.88562924
-0.4136543
-1.1013358
-0.7386587
0.2472374
0.88061917
0.1684656
-0.68753576
0.6023564
0.29840598
-0.44913137
-0.09687372
-0.34849897
0.16517796
-0.19009602
0.58749926
0.27434865
-0.5943881
-0.17633197
-1.6915334
0.35484695
-0.32391664
0.23223314
0.13032334
0.3162232
0.30817285
-1.1325315
0.10335218
-0.56661546
0.11232904
0.7817117
0.35930803
0.29613653
0.19551706
-0.7823891
0.87441164
-0.5707339
0.4509495
0.15223278
1.367469
-0.48551482
-0.34296283
-0.09558304
0.5874508
-0.12502593
0.30268452
0.76700205
-1.2053949
0.43813565
0.36780262
0.2632765
0.79020584
-0.60167664
-0.23927926
0.18924521
0.79863024
0.17260858
0.07810826
0.55339855
-0.32247233
-0.57728213
0.8024189
-0.8681911
0.097408116
0.9077276
-0.7174664
0.05217103
0.48374826
-0.022398863
-0.20515011
-1.1833303
0.070813775
0.007893883
-0.34231788
0.21256323
-0.4209571
0.23665634
-0.847707
-0.58319926
0.2187361
0.5949022
-0.58743787
-0.16417015
0.2980051
-1.3117125
0.2858919
-1.0317516
0.582749
-0.5340949
-0.60033417
-1.122073
0.92341065
-0.3673821
0.5168604
-0.0781499
-0.6720311
0.6500126
-0.82695806
0.13963044
-0.73230666
-0.061453547
0.051685728
-0.43439707
0.19387688
-0.6059948
-0.31803542
-0.11509169
0.2152098
-0.14417575
0.45841753
-0.25191182
0.30377603
0.27738142
-0.11356499
-0.7707777
-0.9629619
1.4800436
0.20315321
0.7683795
-0.57998145
1.2529116
-0.55373573
0.20024931
0.36610982
0.23601426
0.04360851
0.3804974
-1.0642564
0.2141115
-0.93734765
-0.38124758
-0.22970697
0.38212687
-0.014398286
0.4924814
1.3812221
0.5280018
1.0904257
0.83929986
0.22229688
-0.45004714
-1.041515
-0.593648
-0.27330795
-0.007942035
-0.13706641
-0.8093344
0.095695905
-0.12853031
-0.563517
0.14570287
-0.5464742
-0.07501622
0.6774706
0.18789288
-0.51414
0.9934156
0.1939121
0.5002042
-0.07989074
-0.10667697
0.7449401
-0.030485736
0.25466928
0.5352402
-0.3560951
0.033896063
0.25128463
-0.37295395
-1.018798
-0.16509487
-0.045202326
-0.37067387
-0.69609696
0.7514916
-0.35583413
0.44293112
0.108475775
0.6339061
0.4166047
0.66155183
-0.7702347
-0.45358193
0.30270374
-0.7181568
-0.43960476
-0.7370148
-0.19739184
0.30264303
-0.09038739
0.18202409
-0.42690274
0.51792216
0.68074524
-0.1761044
-0.50729287
-0.40714923
0.3044021
1.0080976
0.035816044
-0.79649824
-0.44362783
-0.09556817
-0.27516022
0.26583788
-1.1438779
0.14512193
1.4771528
0.29110968
-0.13445252
0.2923075
-0.118226394
0.14405908
-0.63299406
0.15112871
0.42837134
0.069114015
-0.12500688
-0.75524545
-0.53430146
1.0869522
-0.59014285
-0.5901011
-0.080593206
0.74769104
0.22807892
-0.6187765
-0.45354494
1.0056043
0.5502509
-0.78177893
-0.52744836
-0.6848664
0.97773594
1.1025628
0.6870186
0.6437099
-1.1350169
-0.09190737
-0.66238797
0.12760232
-0.29875895
-0.08746127
0.28309524
0.350594
0.35389727
-0.20637254
1.1759266
0.3529858
-0.5174301
-1.2962692
-0.54716843
-0.17606562
-0.31095946
-1.1116344
0.78704214
0.6796754
0.20575003
0.060596153
0.47317713
-0.53925574
-0.2878775
0.1373401
-0.42657802
-0.82576716
-0.07761061
0.42072007
0.47993672
-0.0830226
-0.45403546
-0.25758842
-1.0809737
0.13311847
-0.26734453
-0.37222832
-1.1548251
-0.85733587
-0.6483594
-1.0283196
0.36228198
0.025301097
-0.36294514
-0.4464036
-0.2278724
-1.1708344
-1.4734393
1.2962539
-0.18217812
0.78478193
-0.42057112
-0.13156556
-0.41967914
-0.10349624
0.94705355
-0.19411735
0.38673404
-0.4166791
-0.13689296
0.16688508
0.3690709
-0.08777967
-0.3055318
0.27014855
-0.5343676
-0.33096516
0.543469
-0.5426079
-0.1927227
0.578236
-0.65368104
0.8435988
0.117137216
-1.3400359
0.052098583
-0.1792547
0.41059345
0.68791986
0.0008500031
-0.68856275
0.34532893
-0.3278862
0.3514395
-0.61028606
-0.16009426
0.46816793
-0.10310387
-0.9828502
-0.16665569
-0.26663798
-0.19945644
-1.2573235
0.43601972
0.5933869
-0.42748135
-0.09495505
-0.28982338
-0.3739486
0.38636723
-0.098648734
-0.093871705
0.18119647
-0.0824863
0.17666955
-0.60804546
-0.9297404
-0.5859466
-0.8836261
-0.0756694
1.3079157
0.48259443
0.41923526
0.50667816
0.1366414
0.76244164
-0.3597315
-1.3113885
-0.31284901
-0.4814688
1.4340185
0.12708662
-0.39588654
-0.50365615
-0.1823091
-0.12305626
-0.94139504
-1.1659328
0.20664604
-0.002480169
0.76396805
0.83051634
0.4655801
-1.377162
-0.66518193
0.5322782
0.6298192
0.8322545
-0.9514998
-0.12571794
-0.46724582
-0.8794484
0.091165125
-0.5075214
0.16827741
-0.6011282
-0.42433873
0.4346556
0.5051907
-1.0460659
1.0390172
0.90269923
-0.7629717
0.036155906
-0.5996988
-0.3178316
-0.18147917
-0.89826965
1.3599001
1.0055339
-0.17240421
0.63866025
-0.90760624
1.3231883
0.18745321
0.3384238
-1.3167597
-1.0373056
0.14877938
-0.29851344
1.289577
-1.0205915
-0.5208834
0.16589926
0.27717265
0.6089883
0.31695062
0.028791383
0.8984357
-0.7617755
0.1194998
0.046039756
0.96956545
-0.49702764
-0.8846978
-0.46273327
-0.29614717
-0.047245458
-1.1851729
1.3946378
-1.0146059
0.5938687
-0.45541674
0.19245467
0.7807301
-1.3453064
-0.54749465
1.1616867
0.9210594
-0.16078314
0.56399053
0.03651106
0.9802594
-0.84000146
-0.17164497
0.7823209
-0.1718404
0.8440199
0.58199203
-0.16140868
-0.5921525
-0.006883009
-0.44067708
-0.53943455
0.23885807
-0.2496084
0.0034803078
-0.22472061
-1.1693499
0.87176746
-0.019841066
0.30978093
-0.04078205
-0.42877725
0.45625985
-0.6596942
1.3047401
-0.32671887
-0.2950804
0.3496054
0.39929464
-0.117752664
0.41535926
0.98568654
-0.110343985
0.6420004
0.23039418
-0.49515045
0.3979003
0.45521665
0.69617146
-1.2573501
0.13818294
0.36169213
0.27541697
0.6805324
-0.37688583
-0.90008307
-0.44016862
0.046161342
0.21357776
-0.014996779
-0.0019659684
-1.3724037
-0.29100206
-0.65212286
-0.6500821
-0.95503634
-0.57079685
0.2803919
0.524626
-0.1315506
0.075247005
-0.4383101
0.5372726
0.3233826
-1.5307915
0.5181284
-0.9323122
0.02043176
0.36182296
-1.2129636
-0.18601486
-0.33559382
-0.90985215
0.37645435
-0.1510871
0.064625196
-1.0926261
-0.15920426
0.5132546
0.23698844
-0.7179541
-0.039960045
-0.19988433
0.31229013
1.0009341
0.48620695
-0.074601024
-0.80255896
-0.0717111
-0.19384122
1.1067469
0.073066734
0.45483118
-1.1706738
0.3258532
0.356982
0.813166
-0.18067774
-0.59088767
0.7718198
-0.06801201
-1.0177791
-0.08350097
-0.8948473
0.1593168
-0.47989094
0.78921235
0.22658028
0.28133148
1.0552486
0.14379777
0.14557791
-0.5336088
-0.10485665
-0.8249459
0.84349614
-0.18618408
0.34620357
0.64694226
0.6188756
0.25514948
-0.22391935
1.0383234
-0.62744063
1.4974862
-0.50407916
0.20895417
0.761049
1.3287479
-0.32271886
-0.5583873
-0.3861661
0.35479215
0.3636259
0.04086886
-0.49365392
0.70778215
0.53150266
-1.1253729
-0.38956386
0.18974571
-0.2950587
0.23709
0.37887704
-0.8625622
-0.029010197
-0.6719575
0.18005452
-0.5530777
-0.7191773
0.5175583
-0.69425064
0.5107912
0.8444086
0.76151216
-0.06332495
0.73422855
-0.45516437
-0.71650094
0.06357806
-0.49620438
-0.34170637
-0.33935198
0.8165047
0.30801988
-0.007615193
0.07367562
1.160764
-0.037618883
-0.06969267
-0.73918676
-0.08222711
0.49272525
-0.4279104
-0.33150047
0.71895266
0.124913186
0.16017699
0.88574135
-0.33715072
-0.10702448
-0.2809364
-0.14441231
1.1193937
0.015845977
0.34955704
0.452613
0.4095195
0.36166695
-0.1127395
-0.032084875
0.006408357
0.61816263
0.46455044
0.012228701
0.8224362
0.422578
-0.26589283
0.530746
-0.36804608
-0.76581633
-0.50844777
-0.9475286
0.11185418
-0.7019463
-0.22310239
0.10899522
0.7247463
-0.5895151
0.49455783
0.25015917
0.21699905
0.05796573
0.08578885
-0.94646055
1.5775231
-0.72525513
-0.08068029
0.7507817
-0.9848875
-0.6201327
-0.09225686
-0.72351503
-0.7007481
0.015650379
0.13155898
0.002827596
-1.0143752
-0.82065743
-0.10065296
0.50460845
0.054183125
0.40794757
-0.37398145
-0.80495805
-0.5670099
-0.18517959
-0.25612688
-0.1640692
0.022783851
-0.6005477
-0.73493636
0.63263196
-0.70711553
0.044539507
-0.53125125
0.19253169
0.7119431
0.87751895
-0.77886933
0.42941615
-0.90966135
-0.07588478
0.0059312363
-0.0581093
-0.5395094
-0.099792756
0.21884619
-0.18153135
0.79468316
0.4099622
0.4823618
0.33371222
0.5877612
0.8096345
0.43166947
0.011700513
-0.46441722
-0.25516856
0.65440816
-0.29215682
-0.17735292
0.8350489
0.14224681
0.9620818
0.2876791
0.79049015
-0.49708706
-0.19862881
0.54348356
1.4929124
1.2058358
0.15570468
-0.8277995
-0.40430352
0.1372371
0.39778513
-0.54850554
-0.4606014
-0.064007945
0.46914527
-0.8203989
-0.2305526
1.6482345
-0.2898643
-0.65243113
-0.4521171
-1.1929462
-0.62622905
0.13976921
-0.69604796
0.7181843
-0.39482528
0.25657204
0.879874
1.0014114
-0.2544822
-0.2849597
0.17166403
0.3945619
-0.11810824
0.050297372
-1.2114694
-0.55140364
-0.09735843
0.22467351
0.9056413
-0.299987
-0.14205529
0.31052676
-1.0796896
-0.58692944
-0.21331267
-0.75949466
0.12441895
-0.05875255
-0.3145049
-0.11428719
0.035917785
0.265172
0.028181704
0.004122454
-0.398937
-0.32104665
0.1147922
-0.24940437
-1.0846506
-0.8561138
0.6686576
-0.15664312
0.1776159
-1.0969586
-0.1833848
0.5293477
0.4620341
0.91656184
0.7435196
-0.5535138
1.2583492
0.41665015
-0.36559913
-1.1895204
0.199487
-0.42556
0.35059088
0.89628035
-0.2152029
0.45096266
0.35858652
-0.8756706
0.63126105
1.0190548
-0.36275917
-0.5125343
0.6764924
0.027740609
-0.1321463
-0.5329343
-0.009488552
-0.0934288
-0.020845395
0.033805046
0.3525704
0.31336933
1.4385959
0.12742847
1.2285854
-1.0747824
1.0020806
-0.855428
0.06765778
-0.22474635
-1.039107
-0.8566137
0.9115245
-0.707787
0.49466664
-0.05248186
0.013563224
-0.5671842
0.46532536
0.8301684
-0.22272359
-0.38226992
-0.92780834
-0.44881865
-1.3615825
0.11161375
0.09175075
0.4710003
0.9928376
0.4721469
0.13086456
0.7259506
-0.20836698
-0.23507215
-0.14349678
0.7473514
-0.5730737
0.27833354
1.4384465
-1.1405065
0.62729824
0.20744774
0.01078767
-0.93392015
0.54286367
-0.43010202
-0.15268658
-0.6062308
0.020942023
-0.43264043
0.12561978
-0.12653053
0.07399394
0.2774993
0.33746666
0.7754476
0.49769032
-0.18674353
1.1705337
-0.19117203
0.36720848
0.22516245
-0.21580689
-0.98866606
-0.08059464
0.75076395
-0.72971535
0.06364553
-0.4711713
0.3813738
0.020960506
0.7494034
0.6170277
0.42849332
-0.113028504
-0.25406986
0.17161284
0.38084313
0.307372
-0.03554448
1.1684809
1.272712
-1.0175793
1.0288954
0.37831384
0.20029823
-0.285777
0.25579062
0.30842197
-0.2903339
0.22729115
-0.20583074
0.36985642
0.8355824
0.26005197
-0.2665628
0.81038684
-0.61125284
-0.30729526
-0.98742795
-1.5227151
0.11910843
0.5360091
-0.44608134
-0.8083158
-0.16218306
-0.2836404
-0.38323158
-0.06476274
-0.58104634
0.8822801
0.8762205
0.5978108
0.11686532
0.6686499
-0.58557874
0.1660859
0.79587686
1.1012542
-0.21881226
0.014164812
-0.10448036
0.23657058
-0.88762933
0.79828376
-0.010159744
-0.12630522
-0.72461456
-0.42636847
0.34752333
-0.407952
-0.9765917
-0.0254885
-0.60270405
-0.7210582
0.6448617
-0.21803911
-0.47260365
-0.27665195
-0.10209371
0.542568
-0.48672336
-0.96023756
-0.37584326
0.5025848
0.026231486
-0.31930673
0.21763293
-0.4712041
-0.30128944
-0.7215082
-0.03390776
-0.6338434
1.150352
0.47660768
-0.24712147
0.2665478
0.3688827
-0.07032658
0.73004586
-0.24553008
0.37199882
0.8344499
0.42152455
0.7680703
-0.52757215
-0.048743993
-0.51609015
-0.15231161
0.54997087
0.4346221
-0.31982407
0.1703585
-1.3759515
0.57269233
0.07406163
0.5973238
1.212848
-0.104457766
0.23652792
-0.052644532
-0.2911986
0.5289979
-1.0238221
0.34505928
-0.38976496
-0.5921964
0.32727662
0.05343059
-0.5435642
0.33535925
0.22496851
0.08791009
-0.67511827
-0.42465746
-0.43374857
-0.025506793
-0.66776276
0.2849531
0.32715544
0.10749579
0.37466225
-0.09329043
0.23686096
-0.033612836
-0.14763035
-0.43704063
-0.316904
0.04118356
0.5213784
-0.3344683
-0.8089573
-0.19928552
-0.2572125
-0.07961814
0.19164747
0.48093015
-0.56019133
-0.35049292
0.43124938
-0.19533968
0.45962775
0.41381112
0.14678004
-0.28421214
0.73718995
0.032669928
-0.23629731
0.25529274
0.3418522
-0.23645577
-1.0916581
-0.15036656
0.4560207
0.3249767
-0.20671588
-1.2413065
0.19032778
-1.3342369
0.38571605
0.08192536
0.6571297
0.6671458
0.015231418
0.5630244
-0.34365523
-0.14423144
1.2838881
-0.74707395
1.2493534
-0.55275506
-0.87025917
-0.4684847
-0.074009255
0.20853019
0.03860468
1.3171386
-0.89917004
0.040152337
0.018956121
0.18221635
-0.12802124
0.08751616
-0.3133272
-0.3748678
0.15599865
-1.2642298
-0.35371923
-0.28873873
-0.6786711
0.039396133
-0.51413447
-0.22156328
-0.13904957
0.89170533
0.094882846
-0.35976118
0.49778947
0.07791672
0.3066569
-0.19065085
0.026494911
-0.01726458
-0.35662124
-0.11189512
0.13488047
-1.1417482
-0.22236103
0.7002858
0.49540937
-0.7845932
0.4447308
-0.85365754
-0.0034102583
0.49348408
0.61716926
0.94857526
-0.6508307
-0.79763025
-0.21346329
0.24997322
-0.50321466
0.31212625
-0.23483981
-1.2525389
0.22682835
0.4935285
-0.48050284
0.9143009
0.11327172
0.12899426
-0.60797954
0.35647538
-0.2107526
0.39794675
0.037301414
0.53900194
0.68652546
-1.0754465
0.39646202
-0.7306793
-0.86953723
0.68891114
0.2660014
-0.85933745
0.4968106
-0.29943714
0.012624167
0.069839075
-0.7227942
0.36548552
-0.0023918278
-1.1810163
0.7314934
-0.07668667
-0.026897019
-0.542391
0.83049405
1.2077678
0.5124475
0.5865675
0.26439124
0.30392286
-1.0148942
0.54438496
-0.6439756
0.5176756
0.102839455
-0.31773934
-0.18259569
0.87082577
0.4578063
0.42819196
0.07889922
0.3490941
0.8588609
-0.8405395
-0.1420297
0.64079916
-1.7358717
-1.1192935
0.18485928
1.1659156
0.13835824
0.15179205
0.017092755
0.3600006
-0.227062
-0.47010666
-0.7015038
-0.13858052
-0.67946637
0.3675372
0.7593681
0.63951284
-0.089937925
1.1865141
-0.043017555
0.51372164
0.6787052
0.196357
0.6086172
0.25853282
0.20510907
-0.7722685
0.86019176
0.6487881
0.062216174
-0.24042328
0.546946
-0.10973306
0.7258003
-0.5991274
0.38027242
0.4536798
-1.1654313
0.45925355
-0.7528897
-0.0491436
0.5448754
-0.83116233
0.1383371
0.909044
0.19780506
1.264379
-0.6703879
0.32059768
-0.09035801
0.37509057
-1.1447387
-1.1190598
-0.4559395
-0.5185536
0.94286
0.3247741
0.1620613
0.15738764
0.005486774
-0.18397126
-0.039351784
-0.13415867
1.023858
-0.4528941
-1.022197
-0.47961575
-0.7023599
-0.20528083
1.1154407
0.76361114
0.5174866
0.8604319
-0.024534535
0.28291094
0.26283577
-0.18667525
-0.2655519
0.25577584
0.4149807
-0.09070224
-0.23640914
-0.124719776
-0.389724
-0.53850394
-0.5082828
-0.26418987
-1.0895071
0.0008315294
0.32978967
0.84747547
0.34563124
-0.3123317
0.09622921
-0.37579742
0.033007096
-1.6228075
-0.53172815
1.1365895
0.2686238
0.63509965
0.004274981
0.8120997
-0.093100935
1.3671739
-0.76407933
-0.81945515
0.20434609
0.09721127
-0.43723255
-0.9899138
0.7598256
1.0826702
1.0433885
0.37501475
0.8564848
0.3046569
-0.26296443
-0.94432986
-0.9202441
-0.22945553
-1.3440194
0.37133735
-0.7735201
-0.03567067
-0.5528228
-0.7998234
-0.8534727
0.23171245
0.13203762
0.1220994
1.1405945
-0.67638034
-1.2191818
0.20648447
0.48561573
0.15713657
-0.90262103
-0.6631254
-0.17334104
0.055395193
-0.5164988
0.2883876
-1.0277708
-0.66426855
0.031242555
0.8241435
-1.1445239
-0.23047093
-0.06377586
0.44471473
0.036454447
-1.0799444
-1.1474866
0.005224733
0.010537704
-0.84953535
-0.30438787
0.43370268
1.0800791
-0.031816225
0.38864318
-0.008457619
-1.0814576
-0.7590518
-0.106030814
0.4323841
-0.04611644
0.46556205
0.52279896
0.050963305
1.1794343
0.5746205
-0.24075475
-1.1997471
1.225824
-0.49681142
0.63496983
0.24797834
-0.59147453
0.92030674
-0.5264411
-0.42217526
-0.056893528
0.32960638
0.42093346
-0.15641563
-0.9563663
-1.2369454
0.7847265
0.7392855
-1.2843332
-0.29964527
0.7881698
-0.32382253
0.19992027
0.3009744
0.81527436
0.11435021
-0.09206439
0.814856
-0.7763
0.20133561
0.340276
0.06603151
-0.7707953
1.513061
-0.0005092024
0.2773937
0.027625637
0.7262607
-0.64488655
-0.43422395
-0.21319523
-0.76467174
-1.2272203
-0.7294012
-1.0878112
0.28569344
0.26437953
-0.82607937
0.72905105
1.5357028
-0.20361996
-0.04210776
1.399764
0.22089562
0.21987866
-0.2671436
0.9483223
-0.079311565
0.4247438
-0.8835503
0.13031302
0.13118674
0.06433942
-0.14989
-0.37477493
-0.7613393
1.1120676
-0.7655096
-0.20091736
-0.6972458
0.09249522
-0.6005635
0.07767578
0.067607045
1.1975955
-0.0016738466
-0.14231631
-0.16634339
0.30972356
0.78611624
-0.9484947
0.18185736
1.1746161
-0.08065686
0.6016247
0.54174405
1.1733505
-0.09652309
-0.6319021
-0.64271325
0.3922288
-1.2074745
0.08486069
-0.060950156
-0.6033869
0.03993444
-0.18721475
0.52067715
-0.06202171
-0.78047884
-0.36286584
0.05239899
0.3127551
-1.0489943
0.21017414
0.22683871
-0.5755911
-0.30209452
0.024210785
-0.6868334
0.13006659
0.25045857
0.6312293
0.17266494
-0.039443843
-0.9197186
0.5308388
-0.5077187
0.32688525
-0.03946202
-0.89482117
-0.54965097
-0.09532989
0.034110606
-0.73941696
0.38581797
-0.35473803
0.06891808
-0.007282759
-0.90487915
1.2258314
0.015468225
-0.36587504
0.8458928
0.10218699
0.16094184
0.27270234
0.014160785
1.0348424
-0.32257512
-0.086586684
-0.05373842
0.0072738184
-0.6854844
-0.1368071
-0.5113579
-0.5875562
1.1667143
0.34073633
0.19942747
-0.7986862
0.51067364
-0.08436384
0.9351323
0.5462459
-1.244111
0.90797615
0.13301681
0.029283868
-0.29736802
-0.11704091
0.18697241
-0.1220677
0.6864081
-0.76284343
0.26470044
0.09632289
0.907915
-0.62546426
0.06828497
-0.15612328
0.5372491
0.6432787
-1.2221726
1.4425997
0.8384788
-0.19825733
0.3059081
0.74631774
0.7957781
-1.0048218
-0.46223044
0.9152925
-0.45850766
-0.17452015
0.44356743
-0.18572757
-0.96963537
-0.3193662
0.1391746
-0.5185963
-1.331738
0.5856752
-0.43493742
-0.03132847
-0.015487879
1.435944
-0.21446241
-0.44315174
0.76727235
-0.06984511
1.2519078
0.15852545
0.60628957
-0.26656407
0.45901573
-1.3098255
0.7101346
-0.39827016
-0.013536219
0.020128753
-0.8822026
0.24771877
-0.067607224
0.09635314
-0.13342085
-0.5241902
0.1552379
0.9437748
-0.37270257
-0.13442528
0.38655123
0.21389285
0.006896437
0.16992314
0.027310582
1.4054925
-0.17743291
0.21108705
-0.48146558
-0.18299155
0.39508268
0.13331734
0.8557935
-0.3250756
0.6584197
-0.2832341
-0.5137685
0.38922176
0.6043111
-0.5795256
0.3671882
-0.07306967
0.5336497
-0.31165394
-0.13876764
1.1376811
1.344928
-0.2732533
0.15672088
0.3390209
0.024533147
0.83831143
0.34586504
-0.5702715
0.18187451
-0.42232922
-0.26905712
0.4941675
-0.06230866
-0.45002812
-0.25062355
-0.5965782
0.3015226
0.2128601
-0.20347634
0.60525894
-0.49361208
-0.8839043
-0.9017278
-0.8908939
-1.1225756
0.31078675
0.35565376
0.3477223
0.013993402
-0.24818759
-0.2525096
-0.3683456
-0.25793123
1.1912597
0.109827794
0.044278033
0.40926838
-0.9295889
0.28030658
1.168735
1.4914625
-0.7939987
0.051736712
0.9302927
-0.9570698
-0.84923106
0.25363502
0.2334164
0.9396651
0.029291911
-0.0601322
0.13752474
0.47652608
-0.20014657
-0.122746505
0.3465175
0.005122926
-0.71930593
0.09553388
-0.3878905
0.6714953
0.26903516
0.93094546
-0.15456843
1.1861413
-0.7464335
0.502049
-0.16828151
0.29668418
0.50355035
-0.12186566
-0.3765325
0.7036341
0.4296311
0.3200074
0.92463803
-0.90461445
-0.29962835
-0.4399801
-0.8676616
-0.22648329
0.5209335
0.81870234
-0.9800839
-0.9884815
-1.1325202
-0.666424
0.2446301
-0.8216497
-0.3923473
-0.20460969
-0.060364652
0.967582
1.1774741
-0.15340687
0.45820728
-0.35239038
-0.20135832
0.89088976
0.13652168
-0.08059644
-0.98162067
0.10290788
0.1271597
-0.89270663
-0.024506083
0.861975
-1.0643725
0.24302842
1.1642865
1.1445093
1.4782308
0.12359106
-0.49777487
0.8267962
-0.7908867
0.684377
0.9829266
0.027954806
-0.6366483
0.18967013
0.3186231
-1.1264291
-0.24409297
-1.1503488
-0.15434603
-0.47266155
0.2895736
0.24483874
0.33207744
-0.2935294
-0.24233104
-0.26711884
-0.658256
-0.20155202
-0.24919778
0.3765992
0.43368444
0.13892461
-0.71681184
0.32643914
-0.40155244
-0.26658356
0.31128237
-0.4528124
0.817387
-0.00214134
-0.51523346
-0.59929943
0.5372539
0.24979347
-0.17821595
-0.5206789
0.658157
0.03259286
0.15738446
-0.16853589
0.43105343
0.38791242
0.3932375
0.40425014
-0.09099385
0.084381245
0.0045093144
0.624687
-0.54792106
-0.24800058
-0.6283366
0.4961421
0.62623996
0.18774615
-0.18941061
-0.038882516
-0.22912678
-0.359323
-0.3659369
-0.8549637
0.046406478
-0.5959001
0.24074207
1.1975629
0.5133078
-0.3695332
0.5153734
0.9766953
-0.02246188
0.7236436
0.26583552
1.0215594
0.81672364
-0.62217826
-0.48229355
-0.5433898
-0.08728392
0.11172439
0.24570496
-0.059599172
0.20732874
-0.17069118
-0.011782865
0.90525174
0.5238247
0.10660548
0.9541174
1.1194106
-0.5951691
-0.85351217
0.8168833
0.5255492
0.19756795
0.6007137
0.6774335
-1.3694806
-0.7375637
0.44951138
0.28349638
0.08391482
-0.88610196
-0.29110697
0.3440635
0.821241
-0.05373135
-1.2471921
-0.551448
-0.2582132
-0.9038125
-0.6582957
-1.0022047
0.5615202
-1.1790037
0.61117005
0.30447888
-0.05887089
0.0104133915
-0.427953
-0.9806787
-0.92048806
0.31269664
-0.2884848
0.625171
0.4784098
0.46013743
-0.016891152
-0.726371
1.048739
-0.9730488
0.43740895
-0.54263794
-0.06329369
0.10043162
-0.48852533
1.006701
0.11317695
-1.3236139
-0.20008796
1.2196776
0.16600525
-0.2482058
-0.22850466
-0.907755
0.12707712
0.2950954
-0.15510514
0.26074582
-0.069612354
0.29825252
-1.0748904
-0.011174491
-0.36996028
0.57868123
-0.21509315
-0.40102777
-0.9935839
0.81932956
0.6111024
-0.10224006
-0.14254479
0.7117233
0.17081389
-0.1365992
-0.10639746
-0.40384635
0.08348693
-1.0765138
0.73261815
0.5069275
0.1472959
-1.3878351
-0.30466068
-0.011755941
-0.4491862
0.39517152
0.3031733
0.66210526
0.36462298
0.39153326
-1.15805
0.09147712
0.20763415
-0.011116842
1.1374635
-0.24128821
-0.21291919
0.9882206
-0.4363095
0.35021
-0.6124698
-0.37454093
-0.38845623
-0.0572083
-0.074803665
-0.53262854
0.3081821
-0.020596124
0.12140713
-0.37136668
-0.08220094
-0.018614767
0.16247357
0.9132091
0.06049397
-0.2867721
0.40233755
-0.6557422
-0.047989454
-0.73245275
0.644391
-0.6652474
-0.6932215
-0.97060066
-0.69406104
-0.33311832
-0.938173
0.34058774
-0.39137542
0.2665677
0.025563376
-0.35350713
0.5078264
0.84096575
0.8430303
0.08068916
-0.2995549
0.35251758
0.73477614
0.33320424
-0.25622526
-0.93773335
0.18275885
-0.34494445
0.41847026
-0.7456565
-0.86232775
0.33576503
-0.13037989
0.41618082
-0.5579956
0.59933543
-0.29031458
-0.85594076
-0.9264822
-0.15355195
-0.8692469
0.39181966
0.2081483
-0.7134936
0.20805511
0.9928011
-0.81240034
-0.32751095
-0.19698395
1.0404551
-1.0574123
1.0880895
-0.54494095
0.61657786
0.4606889
-0.79397416
-0.53385806
-0.30643705
0.11545014
-0.15821801
0.46386707
0.60280395
-0.58513844
0.1687854
0.35557392
-0.13860872
-0.2653853
0.010916061
1.0649579
-0.68055254
-0.87701076
-0.25798693
0.16015463
-0.13423187
-0.097807586
0.48709813
0.35701695
-0.76853245
-0.32983106
-0.35187116
-0.111781515
-0.26202595
0.45881203
-0.96219814
-0.09174197
0.33842176
1.0612497
0.314722
0.41984934
-0.6418613
0.06846844
0.7749795
-0.48043385
0.37296417
-0.47605097
-0.095741294
-0.25864783
0.58470845
1.0200031
-0.12412729
-0.48151094
0.7096393
0.26657364
-0.71662277
-0.86014605
-0.51940984
-0.69822514
1.1822888
-0.3545414
-0.110070094
-0.56997997
0.25511843
0.25653866
0.35469976
0.029512562
-0.006940987
-0.67529595
-0.6055984
-1.3964303
1.3244662
0.18183473
0.96844697
0.23582429
-0.13471262
0.94922614
0.07833901
-0.29009718
-0.09505136
-0.48053503
0.9577276
-0.75810415
-0.5779587
0.41019833
-0.09728672
0.04255367
0.19315788
0.2327
0.35471407
1.0001208
0.044755206
0.8823477
0.015069056
0.32057878
0.8799578
-0.92108417
-0.41738355
-0.55572927
-0.47543472
0.0746457
-0.4533971
0.79819155
0.031309865
0.077836454
-0.23665895
0.82344466
-0.33447772
-0.25599155
0.09860392
0.040686537
0.5161843
0.16860221
-0.32549667
0.18528546
0.56397873
0.48985028
0.5843038
0.048451
0.28141066
-0.8766812
-0.24037258
0.24683134
0.2024775
0.45798078
0.36388436
-0.24530776
0.18417156
0.005137499
0.4029125
0.0037119752
-0.09265228
-0.16128726
0.46384156
-0.64033747
1.0372303
0.7310482
-0.61502826
-0.92860675
0.3388889
-0.16154361
-0.07407965
-0.9442328
1.0175335
0.7386116
-0.80440843
0.7127439
0.777746
-0.7616029
0.13128637
-0.6039701
-0.28364903
0.95740455
0.15954919
-0.7893642
-0.5072597
0.39150694
-0.29654345
-0.1614457
0.23979744
-0.6211947
0.19063278
1.2211039
-0.6095753
0.030502362
0.6618597
-0.060722593
-1.4913199
0.5289552
0.11514046
0.51133716
-0.41612336
0.6409652
-0.18975581
-0.31593174
-0.42109022
0.42490852
0.32763642
0.3618031
0.43592733
-0.28490955
-0.43423554
-0.15496834
0.06617652
0.14615373
-1.0171221
0.81329954
0.16596256
-0.25209004
0.027752144
-0.39486304
0.3058621
-0.30752593
-0.78874284
-0.647879
-0.55309415
-0.8028971
-0.2766644
0.21737751
-0.63264453
0.25398472
-0.032588977
1.1373466
0.20648824
0.3868166
-0.4741918
-1.1313316
-0.1945135
-0.21848352
0.2869668
0.45228407
-0.98068273
0.042589877
-0.10157522
-0.52792645
-0.5334815
0.277461
-0.3747232
-0.16483009
0.102163695
0.4265344
0.107523315
0.40519938
0.30633515
-0.46734416
-0.47366655
-1.6355386
-0.99578667
-0.5527021
-0.31870845
-0.034088146
0.24019936
-0.6173029
-0.26891223
-0.8705282
0.18190464
-0.28615656
0.7760078
0.44351912
0.42963582
-0.4433123
0.5953387
-0.26382697
-0.7882938
0.11967112
0.11965894
-0.44001162
-0.66054165
0.24127969
-1.4703741
-0.64330864
0.02384399
-0.43449634
-0.12071552
-0.5525887
-0.37309405
-0.45029306
-0.8437567
0.054289863
-0.7008214
-0.5930202
0.60570306
-0.83566785
0.45557088
1.0854675
0.48833495
-1.4716262
-0.29322165
0.46584302
0.45077586
0.47010976
1.4655055
1.063872
-0.1840548
-1.2400049
0.20940049
-0.5737927
-0.22875984
1.4377004
0.22926761
-1.6986557
-0.2689798
-0.45613855
-0.014689834
-0.4703404
1.5853906
0.29679316
-0.0839469
0.26692116
1.1445167
0.8024336
0.0013833339
0.48318714
-0.10224426
0.23643638
0.13935216
0.030443883
0.53748184
0.30548683
-0.19410092
0.22641991
-0.27516434
-0.79209566
-0.22606924
0.81294614
-0.84175503
-0.49418116
-0.037152074
1.363871
1.035388
1.4663149
0.07945029
0.09369071
0.27535048
0.009222519
1.1434921
0.19943172
0.6993716
0.9206164
-0.24103536
0.63181466
-0.53706175
-0.04139295
0.3600996
0.44927722
-0.8431801
0.62645686
-0.26866108
-0.17163704
1.2267438
-0.747769
0.010807054
-0.21687168
-0.027569855
-0.41374874
-0.08828696
0.8266029
0.72958446
-0.1242676
-0.0073541487
0.59833056
-0.575515
0.79887974
-0.5432856
0.510219
1.0084207
0.7843002
-0.25015622
0.60172915
0.13545968
0.70935684
0.72718024
-1.0245765
0.14020284
0.25113273
1.2505571
0.67864776
1.2656722
-0.7550813
-0.71875495
0.16331986
1.4187287
0.89770484
-0.60074306
0.37796226
-1.6819986
0.113878936
0.1382198
-0.5307945
-0.65533394
0.11192355
-0.4999543
0.17008196
0.18414167
-0.112075016
0.058613647
-1.3595803
0.25414854
0.536331
0.25270933
-0.23445874
-0.28127092
-0.04290999
-0.48955524
-1.2403316
-0.6393773
0.7563638
0.57120806
-0.17448422
-0.21186525
0.24200992
0.5393634
-0.05713885
0.22802411
0.7243587
-0.9302043
0.7988643
-0.62895286
-0.1702763
0.5116817
0.5710097
0.017728841
1.4982473
1.0767633
0.21954851
0.06462526
0.37537953
0.21915923
-0.77143115
-1.0012283
-0.07921743
-0.11431651
0.5344625
-0.2834774
-0.81979764
0.05234833
0.25141463
0.057765536
-0.9992851
-0.33524677
0.53818774
-1.06428
-0.19265267
-0.73027325
-0.79265916
0.111591466
-0.49213096
0.88670653
-0.0077324035
-0.8608752
0.6143801
0.54427844
0.9108949
-1.239143
-0.3308203
0.25285217
-0.79396456
0.5764251
-0.048285034
-0.43464613
0.77995896
0.26009747
-0.0615687
-0.61901784
1.2219417
0.12910272
-0.0025352957
-0.45975626
0.13543841
-0.120295554
-0.14530253
0.52586514
-0.63389534
-1.1525202
0.23291142
0.39931267
0.47965997
0.17223425
0.29997405
0.5643653
-1.3191829
-0.7631513
-1.0330261
0.6777984
-0.28728715
-0.05302577
0.19776984
-0.4698795
-0.3141344
-0.07060922
-0.03421344
0.49018356
0.36007726
-0.5495568
-0.3070371
0.41497457
1.0963912
-0.32986653
-0.49686748
-0.25071418
1.1600165
-0.015349084
0.55272275
1.1464639
0.5561855
-0.034768466
0.59777987
1.0127308
-0.22733751
-0.15695441
-0.9472289
-0.6319993
-0.037505295
0.2248169
-0.20880012
-0.80076486
-0.32043588
1.1125025
0.7041378
1.1480803
0.14600743
-0.13105176
-0.8583325
0.33184928
-0.65813386
0.23065627
-0.32692
-0.15394175
-0.27487978
-0.2184814
-0.07491388
-0.64828616
0.24271566
-0.69792414
-0.18718763
-0.51536244
-0.4556361
-0.7325125
-0.94347394
0.5350048
0.43338883
-0.03783779
0.5607697
0.17553794
-0.1833026
0.6843927
0.22674647
-1.0415843
-0.4046695
-0.8653604
0.19223514
0.06267856
-0.59629554
-0.60090214
0.72658175
0.8338341
0.096923426
-0.22190078
-0.09313272
0.36572656
-0.12323968
0.15708189
1.2720358
0.09681147
-0.37959826
1.0139555
0.065783314
0.7218712
0.64574593
-0.024965763
0.09035206
-0.33134347
-0.45758444
0.5939286
-0.41544738
1.0833447
0.562761
-0.4552402
0.23855324
0.15232606
-1.0376074
0.36016896
0.72447187
-0.41310477
-0.7318963
-0.60967743
0.14220607
-0.48678192
0.04736934
0.45411864
-0.3059949
-0.2563992
1.3097699
0.55101454
-0.17234206
-1.1236722
1.1380537
-0.3901575
0.9188957
0.009926996
0.8820017
1.0358986
0.37709785
0.38391617
1.424997
-0.10346283
-0.054375462
-0.114111416
0.4409894
0.99131787
-0.26451126
0.5926089
-0.3302875
1.0868099
-0.10549795
-0.9627511
0.7189907
-0.4486293
1.3594837
0.5524117
1.1520106
-0.14777347
0.56459844
0.52931446
0.38368082
-0.1801386
-0.40911296
0.19997346
0.9359827
0.35969818
-1.1173478
0.6520827
-0.33208844
0.40731984
-1.0701622
-1.2706355
0.79451716
-0.32168972
-0.53131795
0.20979236
0.62605995
0.7990429
0.109209016
0.9834299
-0.19412763
-0.36645013
0.2930248
0.34052765
0.7329779
0.62479186
-0.34289345
0.84702694
0.01422222
0.4744187
0.047049772
-0.7971915
-1.0505279
-0.26140517
-0.76074886
-0.69568324
0.45600742
0.009833778
-1.3731018
0.8807581
0.5003873
-0.2843326
-0.72285444
0.3270509
0.06862977
-0.9603858
0.54844904
0.57886326
0.8787182
0.37274447
-0.0061182147
-0.104297616
-0.047056146
0.037303127
0.43312448
0.558935
0.044281602
0.51200604
0.18792272
0.19756298
0.023123924
-0.38698584
0.02359278
-0.19698295
0.94171804
0.3570403
0.43722495
0.24606852
0.36644638
-0.4274241
-0.06611979
-0.10812798
0.19123873
-1.1733819
-0.19129716
0.59923273
-0.72754705
0.7721857
-0.12139235
-0.49046963
0.81185126
0.6862922
-0.53140795
0.1503884
-1.0466611
0.0106205065
0.0857472
0.24739096
0.52946854
0.52795506
-0.56217784
0.51943135
-0.16150074
-0.30243024
-0.41766176
-0.8243562
0.7553096
-0.051431537
1.0316463
-0.11975505
-0.1473307
0.6377494
-0.89277905
-0.8734936
0.7973808
-1.0472258
-0.18060055
-0.68963766
-0.09175186
0.28353328
-0.07881368
0.15524764
0.9816913
0.75754106
-0.16193324
0.06669634
1.0159501
0.14645895
0.08138783
-0.7188631
-0.63415956
0.58955365
0.026324838
-0.23625818
-1.3077242
1.3115263
-0.9741544
0.6302484
0.20176385
-1.3662751
-0.06181588
0.22778642
6.0759485e-06
0.010303896
1.0704933
-0.65323174
-0.1516434
0.24111329
0.012572837
-0.5909652
-0.07820238
0.02839574
-0.010533228
0.0077302433
0.8047192
0.11681461
-0.043822214
-0.35493636
0.45527926
0.9541065
0.7992239
-0.27946433
1.3519334
0.8552389
0.28153205
-0.7038076
0.23968846
0.20292145
0.28602025
-1.0801966
1.0785234
-0.4964875
0.08523686
-0.19979785
-0.077061124
-0.4947916
0.43946064
0.85334563
0.9104796
-0.030977927
-0.7513542
0.11893002
0.6723717
-0.43564263
-0.023404265
-0.8461256
0.23373494
-0.03968696
-0.18021528
1.0217962
-0.37298927
-1.0097884
0.10754036
-0.32470724
-0.46761286
-0.7761013
0.3912927
0.5136302
0.06982323
-0.123997934
-0.62643886
-0.8354058
-0.5128528
-0.38916457
0.0152017055
-0.15649526
-0.088479206
-0.9570053
-0.7939584
-0.9414622
0.4208212
-0.09033512
1.2001781
0.89532113
0.62693673
-0.8233208
-1.2242502
-0.19662972
-0.459516
-0.3612918
-0.6133959
-0.7118276
0.0040925476
-0.41581205
0.44747394
0.10739075
1.5150709
-0.49177492
0.21421948
1.0023688
1.066998
0.4376889
-0.10009854
-0.42605978
0.4834525
-0.91413766
-0.40335745
0.35725966
-0.7370157
1.411841
0.16973236
0.70238256
-0.09538933
0.026745707
-0.29847997
0.75858057
0.39284295
-0.35998806
-0.7555997
-1.0180886
0.030769689
0.22205237
-0.2340972
-0.2873998
0.38908514
-0.77134895
0.60963094
0.48938012
0.86046
-0.7937408
-0.14935766
-0.6400308
-0.84594953
0.36089677
0.4973874
0.12394408
0.14960532
0.85350794
0.18943174
-0.52664214
-0.8093245
0.6156939
0.2938155
0.21461332
-0.11181247
0.6904673
0.3584207
0.7552311
-0.25411946
0.51955694
0.060400307
0.38453436
-0.6066748
-0.7995736
-0.14941889
0.31528053
-0.13151972
0.69221807
-0.887404
-0.6817664
-0.94823843
-0.8405051
-0.059682604
-0.026929045
-1.0810554
-0.041209728
0.34978348
0.73681843
0.16937947
-0.33562282
-1.0651655
-0.7362103
0.28519922
-0.35850248
0.5827685
0.49394327
0.94056815
1.0230938
0.5618584
-0.12027591
-0.15598753
-0.41867384
0.12562546
0.86338973
-0.4381979
0.92533934
0.022475228
0.27234104
-0.47029054
-0.22511607
0.78481954
-0.55689895
0.014043674
0.91104096
0.6016586
0.810177
-1.0290021
-0.3934993
-0.13711186
0.0071428134
0.6951885
1.3438711
0.8742198
1.1898725
0.14867361
0.26275808
-1.0581137
0.35046542
-1.0044588
-0.66098106
-0.07081585
-1.1319149
0.50000834
-0.043323807
0.24804728
-0.17144467
-0.19009313
-0.5805098
0.6788185
0.8668928
-0.16981529
-0.40553495
0.16686083
-0.06906305
0.20267777
-0.915849
0.04464401
-0.74079984
-0.46705648
0.6036837
-0.6108012
0.6058819
0.5266346
-0.22849669
0.09261587
-0.33139256
0.20911239
-0.28573313
-0.808023
0.9526255
-0.35059988
0.03300598
-0.5221419
0.0934843
-0.36228216
-0.027206253
-0.43271607
0.44470164
0.2065543
-0.2941733
-0.0015905753
0.0047419267
0.19643036
0.5403613
-1.1729677
0.43477267
-0.5146916
0.2668784
0.11545302
-0.09379959
-0.06626445
-0.23580931
-1.16408
0.53235734
1.0112734
-0.08091029
0.23734976
0.11469692
-0.5862549
0.3290192
-1.1742277
-0.24155304
-0.09152304
-0.940246
0.35399082
-1.481414
1.3356193
0.32775077
-0.19500117
1.188074
0.73499155
0.28773656
-0.68527263
0.83292377
0.24374136
0.9551991
0.54319537
0.17415696
0.15533948
-0.2702561
-0.76566815
0.56947136
0.34491757
0.1927007
0.01104579
-1.0929213
-0.6524252
0.24622323
0.34334078
0.9174277
0.33015308
-0.7308176
0.12903893
-0.062480845
0.30372664
-0.17249525
0.1866861
0.046619993
-0.072961666
1.1856326
1.038662
-0.69238096
0.6020136
-0.12542516
0.6922592
0.09696734
0.97793925
0.027496316
0.94035304
-0.21178146
0.091781564
0.016634375
-0.67379344
-0.7137497
0.11955568
0.03435015
-1.0025389
0.33503786
0.35355186
-0.43336147
-0.48833433
-0.31915215
0.5316707
-0.22358127
-0.73374146
1.6569549
0.22881551
-0.92490226
0.21650977
-0.16496421
0.756457
0.39783913
-0.87368
-0.40579057
1.2699294
-0.9844291
-0.73904467
0.2830286
-1.0776135
0.66895986
0.34986258
0.2490812
0.09252011
-0.46438366
0.56118315
-0.567903
0.16500457
0.91501594
-0.52395344
-0.55306923
0.068915255
-0.37039816
-0.57759
0.34385183
-0.005075135
-0.56777644
0.24354775
0.18641229
-0.4318787
-0.1736298
0.84300196
0.53248745
-0.98986924
-0.40359485
0.80906117
1.1917465
0.7218541
-0.071768925
-0.4557621
1.183949
0.6361648
0.036012955
-0.16799676
-0.7061647
-0.329939
0.43981624
0.9518046
-0.33818954
-0.4544927
0.06915963
-0.7569663
-0.84833765
0.9232446
-0.036099657
0.81542414
1.1463374
-0.6242884
0.21735442
0.9472792
0.07285422
0.9314818
-0.03319965
0.8768282
0.27555043
-0.1822953
0.9383345
-1.3967962
0.359444
1.0013373
0.20511085
1.485918
0.15068942
-0.5718327
0.55145484
-0.4125406
-0.2831183
0.8692783
-0.17451696
-0.5782585
-0.15829363
-0.32962674
0.5021217
0.24228379
0.33948842
0.049246714
-0.15532418
-0.40050378
-0.2253229
0.3679276
-0.55802035
0.16077828
-0.045347434
0.036761742
0.46978924
0.4291202
-0.5513425
0.038892128
-0.8314987
0.123208344
1.126506
-0.7047729
0.4695299
0.9778775
0.3395775
-0.875895
-0.075049676
0.9719737
-0.120516606
0.35500285
0.22804058
-0.5581278
-0.5932273
0.24360105
0.19880493
-0.53971577
-0.30556843
0.1633706
0.6116267
-0.111318834
0.8301005
0.110564224
0.5183792
-0.24038883
0.31384784
-0.3730741
0.12862822
-0.74645716
1.272251
-0.7323539
-0.4168598
-0.4333651
-0.3814919
-0.21412891
0.41264823
0.061119255
-0.37620574
-0.19256034
-0.37188938
-0.12849781
-0.22973564
-1.0675151
0.73237514
-0.07271731
0.15784706
-1.1529262
-0.9461268
0.551123
0.48890796
0.58540344
-0.8243493
-0.13891956
-0.38726825
0.5328536
0.2618149
-0.33988133
-0.1009282
-0.76007736
-0.08526882
0.3527683
-0.7439831
0.79151005
-0.5503063
0.25159094
-1.2654482
-0.6283435
1.5225278
-1.093065
-0.5784954
-0.7177268
0.28988895
0.2273236
-0.09940289
-0.30080128
0.03825129
0.792451
-1.2739551
0.7567338
-0.8815586
0.17965876
1.1357273
-0.1960499
0.07908657
-0.9663384
-0.87670684
1.2801057
-0.54715466
-0.522341
0.1466048
-0.74670297
0.025365137
0.96290237
-0.21369112
0.32691935
-0.5057143
-1.5028865
-1.2342675
-0.1952711
0.3263515
-0.83773166
1.0547215
0.4018615
0.47995365
0.34614497
1.7084135
0.17570429
-0.19596827
0.28408918
0.16433384
-1.0254613
0.35037398
0.34591287
-0.31641045
0.30183983
0.4617743
-0.7002373
-0.31280145
0.22163841
0.4099007
-0.3725203
0.07841859
1.3206182
-0.7111406
-0.89918405
-0.23498487
-0.46628448
0.28618705
-0.3551979
1.3374683
-0.40260103
-0.6535913
0.17414774
-0.82965994
0.9519619
-0.40994486
0.6884175
-1.6905131
1.1242645
0.40276176
0.5974537
0.8265768
0.036006093
-0.556486
-0.6200566
0.31625888
-0.22020032
-0.20786773
0.41162676
-0.03743224
-0.24983202
0.8359704
0.18107589
-0.3841577
-0.016408555
0.19121997
-0.13000621
-0.5792683
0.69101137
0.38417745
-0.4179018
-0.9561947
0.21630971
-0.47490686
0.48213834
0.8637211
-1.9060946
-1.0114094
-0.96381223
0.44829625
-0.47138005
0.56997204
0.015672943
-0.5485219
-0.2538683
-0.7204864
-0.051313277
0.11133898
1.390046
0.2187974
-0.7646127
0.7026441
1.3475959
0.7920124
-0.90227354
0.96829677
0.19380665
-0.5181161
0.7545541
-0.027684798
0.99171954
0.31403777
0.1043329
-0.7387343
-0.66860396
-1.3620876
-0.89627653
-0.064615756
0.6810669
0.16875513
-0.3437717
-0.07291102
0.38678876
1.2998273
-0.38724515
0.521727
0.06656981
-0.091590896
0.12081204
0.9092496
-0.31421456
-0.35911596
-0.2984392
-0.43118852
0.80429745
-0.86700046
-0.7605183
0.8214258
1.009023
0.053639777
0.026118439
-0.743197
-0.9872858
-0.5109644
0.0034359626
-1.0480177
0.22709432
-1.0555397
-0.54420006
-0.9816849
1.2555693
0.4070561
-0.89312905
0.22112572
0.20364715
1.0504508
0.07762389
-1.0414946
-0.5649642
0.9474783
0.34677488
1.0151962
-0.50673294
-0.018865002
0.18291771
0.16188592
0.56158715
-0.064534195
-0.39129397
0.3607356
-0.77461684
-0.508747
0.93163085
-0.462372
-0.7523102
-0.20002091
0.3668531
0.4573688
-0.026891962
-1.1086433
-0.9185114
0.76321477
1.1446092
0.11189965
-0.29262632
0.24478081
-0.26637095
-0.8075666
0.0027343188
0.046467956
0.79981124
0.9475037
-0.4259677
0.7010818
0.2656395
0.3192889
-0.7576661
0.615373
1.1215297
-0.14553769
-0.5718607
0.7299849
1.0120215
-0.13911125
-0.15039949
0.81258976
0.010226672
-0.6967233
-0.28530627
-0.581161
-0.2661782
0.042726733
0.52616704
-0.24378583
0.789874
-0.37953684
-0.39962548
1.0955542
-0.3651762
0.01721842
0.41254285
-0.05344547
-0.8399654
-0.035607707
0.7252164
0.5871194
-0.19596808
0.86922264
0.40640628
-0.24746156
-0.7746829
0.25108922
0.5512355
-0.92911804
0.09620061
0.06839385
-0.75729954
0.36439475
-0.49754748
-0.61730504
-0.39242926
-0.6853639
0.05596096
-0.40702382
-0.32030684
-0.324036
-1.217236
0.01887144
0.42804122
-0.9918125
0.71826375
0.7305979
-0.41147727
0.46103537
0.08668574
0.18545406
0.007612326
-0.31614846
-0.6041055
0.13807705
0.24964492
-0.8176322
0.17455998
-0.69544196
0.64713526
-0.22329834
0.54275805
0.010521323
0.2657254
-0.17370051
-0.01615165
0.10366479
1.2480779
-0.09082553
0.7155851
-0.06639145
0.12606463
0.023429872
-0.5406104
0.88463604
-0.16209449
0.14051849
1.51183
-0.08861733
0.6652008
0.15796538
-0.13067557
-0.707288
0.4577024
-0.55230224
-1.2680928
-0.19208579
-1.2969549
0.3610787
-0.24807572
-0.8036456
0.15091847
0.9164009
-1.3676031
1.0970038
-0.92512965
-0.19271743
-1.1954513
-0.060963042
0.022641497
0.6863346
0.21606623
-0.2451747
-0.26271522
-0.052695613
-0.9356633
-0.2204781
-0.13088988
0.68642855
0.6317451
-0.46188897
0.18860568
-0.1599823
0.65730083
0.15100636
0.70493346
0.60931444
0.5007926
-0.7109641
-0.34585205
-0.11204276
-0.33821738
-0.841367
0.39457622
0.16023406
0.024925184
0.014562369
-0.593539
0.5200957
-0.3557264
-0.5117928
0.7352338
0.10543504
-1.4732903
1.2722223
-0.52047753
-0.48363397
-0.07700329
-0.06603919
0.49839395
0.8097744
-0.43944287
-0.6714158
0.2645688
0.83479923
0.07534454
0.21437356
-0.3718871
0.009466939
0.22139524
-0.0531304
0.62221426
-0.05387367
0.11971863
-0.29710728
0.77912295
-0.71262306
-0.02486354
-0.011602499
-0.8454391
1.1575184
-1.1566939
0.08967248
0.074143045
-0.12206847
0.2658046
-0.087761946
1.2340776
-0.40795413
-0.25292188
0.1594779
0.38158655
0.28913262
0.14326759
0.6098994
0.65873873
0.0061419806
-0.279732
0.13116524
0.8842386
0.48480555
-0.25324944
-0.3403522
-0.7042995
-0.9737047
0.77584654
-0.74283993
0.25088194
-0.28736845
0.72344184
-0.2400337
1.0507003
0.3201902
-0.2710085
0.016487597
0.45208693
-0.64180225
-0.75758463
-0.48177284
0.08493788
-0.7803323
-0.032094944
-0.90698993
0.30602616
0.189604
0.081408516
-0.84211993
0.2703144
0.43557993
0.69801384
0.14625545
1.1630154
0.949597
1.2806817
0.17900386
0.2172739
0.81259584
0.324729
0.13245715
-0.38187042
-0.25287196
-0.29603156
0.31749526
0.6382154
-0.24152943
0.5444437
0.29060817
0.6213028
0.12851769
-0.3721438
0.5971827
-0.78220135
0.19248861
1.1158533
0.47480124
0.65858394
0.41471788
0.041176513
0.18418162
-0.63653064
-0.19045705
-0.4131638
0.9906934
-0.4803407
-0.5539827
0.061813023
0.046153318
0.44392204
0.8034401
0.28494734
-0.31623438
-0.20983317
0.24056798
0.17391282
-0.7700568
-0.23435245
-0.18700674
0.08757625
0.26835066
1.2779384
0.094155885
0.02877965
0.64546674
0.7419489
-0.30845842
-0.77610284
-0.66579807
0.3327618
0.6523435
0.74599385
0.0996401
0.046193372
-0.50422674
0.29526013
0.13614021
-0.112758964
-0.1365454
0.11534668
-0.03598587
0.00056216866
-0.25520307
-0.44462076
0.9425716
0.6914243
-0.5925325
-0.9030749
0.39756852
-1.3429153
0.15810141
-0.29641005
-0.6062851
0.08645518
0.7520356
0.10645187
-0.089557126
-1.1331942
0.17036647
-0.40550384
0.55975735
-0.35379565
0.504411
0.3607732
-0.9667892
-0.14632021
1.0622818
-0.3222627
-0.2763444
-0.2200186
0.14300534
-0.25712392
-0.1893438
0.010981525
0.26437062
-0.022035714
-0.8207123
0.13841565
0.30394402
-0.33638912
-0.33534184
-0.57965946
0.6609606
0.6730395
-0.05764818
-0.24333991
-0.5039524
-0.38258374
0.28701004
0.02675402
0.5778567
-0.098227985
-0.11622323
-0.20855576
-0.2889983
0.48729378
-0.44270653
-0.1748959
0.17338751
0.875087
-0.7361562
-0.8064281
-0.41124153
0.27139336
0.45758262
0.6626757
1.0329623
0.65398276
0.2439242
-0.03750695
0.023231592
-0.50411826
0.34823105
0.21394536
-0.2961701
-0.76108986
-0.6992381
0.27919018
-0.7978054
0.89339566
-0.1981202
0.5235204
0.4509919
-0.8557436
0.6089275
0.6225039
0.51688015
0.11256745
-0.07502871
-0.8314989
-1.3729465
0.33535132
0.054201286
0.43629128
-0.45815635
-0.16751552
0.8343722
0.4992868
0.9367883
0.8179598
-0.7276494
-1.021692
-0.45933634
-0.58437365
0.066286795
-0.15679231
-1.1066716
0.64367074
0.85662514
0.6777192
-0.20346212
-0.96208584
0.09224364
-1.2637988
-0.5271353
-1.7771671
0.53470457
0.13258155
-0.2928651
-0.22389746
-0.44377702
-0.65193737
0.33123446
1.1657805
-0.9375116
0.7712917
-0.9570843
0.3985147
-0.60813457
0.08635273
1.0030997
0.5344131
-0.2540816
0.5858411
1.1063734
-0.33904475
0.49686262
0.40360114
0.042091276
-0.5382192
0.7130334
-0.5892233
0.49324423
-0.6137951
-0.2856579
-0.79915905
-0.2852587
0.13663977
0.97406816
0.6586683
-0.04209083
-0.048970163
-0.5629768
0.4969573
0.066592894
0.75443274
0.7553198
-0.27933002
0.88201094
0.6762696
0.38067976
0.3117741
-0.17279693
0.3250986
0.7398323
0.13431202
-0.5328435
0.15318836
-0.3122508
0.12835664
0.5382332
-0.18220352
0.6006609
0.013897433
0.20286237
0.33672556
1.1947262
0.8159653
-0.12693687
0.635084
-0.45720553
0.029907227
-0.119359925
0.19280142
-0.07718158
0.72015196
0.46481556
0.010488195
0.30548677
0.6143032
0.40118277
0.4648738
-0.16702402
-0.3932571
0.43947175
0.45775366
0.43921554
-0.4799519
0.52874774
0.7693726
0.76922196
0.67924565
-0.3150612
-0.7422353
-0.26258272
0.8221564
0.7503239
-0.82193
0.35078466
0.71572113
-0.85880226
0.33156756
0.21628276
0.05346301
-0.3823031
-0.07087964
-0.21168429
-0.39960542
-0.28686297
0.57455724
-0.6825386
-0.9952252
0.45022672
0.62631714
0.14723498
0.43272686
-0.059593268
-0.44061312
0.7008255
-0.53394955
0.5781863
0.330189
-0.13568318
-0.64240605
-0.6328701
0.69691336
-0.5510515
-0.89274985
-0.19362481
-0.6837444
-0.048866358
-0.8362862
0.478196
0.12922665
1.1825061
1.0754112
0.1714937
0.25261095
0.44175288
-0.12410004
0.39221016
-0.12250929
-0.33447152
0.0009721963
0.010246409
0.09184276
-0.4343121
-0.4385353
0.5031117
-0.4857437
0.3545158
-0.44732678
0.40118843
0.61661184
0.7067807
0.7134052
-0.82318354
-0.60352784
0.8558034
1.4135809
0.17043543
0.2980261
-0.9074037
-0.8449233
0.1081714
0.13090722
-0.6981776
-0.58550334
-0.16125137
0.7688879
0.34313223
-0.36231196
-0.28012258
0.37916097
0.85517305
-0.026586682
-0.51695454
-0.76128834
0.21928276
0.45692885
0.13326786
-1.5408391
-0.055172365
1.1449513
0.09606569
-0.82344395
0.027199758
-0.19943564
-0.01349853
0.84789515
1.3055353
0.71672773
-0.019458393
-1.7324753
1.2010642
-0.09459724
0.50264055
0.08734085
-0.17554012
-1.4939698
0.017031174
-0.28219545
0.7530019
-1.0451757
-0.62870824
0.0056479867
0.20030844
-0.26504162
0.28176126
0.33478445
-0.0054008774
0.14835663
0.35387987
1.1594485
-0.75016475
0.17142053
0.9673963
0.20628859
0.90976053
0.17520241
-0.3667815
0.78349715
0.502455
-0.41300046
-1.0045104
-0.41059557
0.7384336
0.2617875
-0.5177476
-0.24606912
-0.3564788
-0.5547688
0.31663105
0.68822795
-1.142656
0.31346017
0.84075916
-0.6555563
0.16113935
0.48415285
0.89603144
-0.5188995
-0.019310785
-0.7969311
-0.64308995
0.22435555
0.20792925
0.20305023
0.9842818
0.01823264
-0.4096392
0.87806296
0.8477302
0.4251905
0.23861837
-1.6739779
-0.036575567
-0.8308609
0.24185847
0.1423627
-0.33802074
0.096974224
0.13408445
-0.33528382
-0.9374062
0.36793017
-0.44278315
-0.32981762
0.8057948
0.381062
0.25278717
-0.19823284
-0.05766538
0.73178726
0.2398405
0.6899283
1.1895158
-1.0556633
-0.19329616
-0.58048224
-0.28579676
-0.5914087
0.50474685
0.32040185
0.18484487
-0.6535424
0.63200253
-1.7515125
0.77702093
-0.382954
0.063796006
0.3063316
-0.32727677
0.0853963
0.4807092
-0.0052440227
0.20073348
0.41949663
0.12461216
1.1330144
0.35110295
0.420962
-1.3083369
-1.0467217
-0.14742564
-0.29115272
-0.30349398
0.16123456
1.4935158
1.2306069
0.26056802
-0.8126026
0.25280818
-1.1580657
0.11392894
0.51729107
-0.30246216
0.5594813
-0.11661575
0.25540793
-1.3231194
0.723988
-0.40166128
-1.2795873
-0.56447273
0.43448296
-0.82172835
-1.072275
0.8733505
0.23478132
-0.87704664
-0.9261527
-0.48190844
0.87781334
0.15930884
-0.6452499
0.65495616
-0.92398924
1.0494075
0.24886593
-0.124824375
-0.29261428
-1.1659775
0.06922179
-0.3823187
0.33790216
-0.959926
0.52482325
0.43902728
0.27785483
0.760928
-0.17689359
-0.3591714
-1.2054621
0.95654416
0.5250541
-1.2141097
0.5917828
0.5203736
-1.0981045
0.41312557
0.70733356
-0.6786956
0.4473412
0.47279882
-0.014610424
-0.6100601
0.6793032
-0.6492428
-0.36574557
-0.7316607
-0.71251094
0.49299586
0.62919134
0.16662307
0.86096597
0.485018
0.029793534
-0.09852017
-0.81572235
-0.5789689
0.39899012
-0.73062086
0.46534678
0.2984427
0.09494589
0.40550777
-0.14009453
-0.39296824
0.28571573
-0.34937686
-1.0046384
0.01353123
0.050210513
0.0054741083
-1.2532111
-0.12518068
0.6046767
-0.8352864
0.56516266
0.28456464
0.06816841
0.07730854
-0.74874055
0.45152244
0.42214295
-0.33939782
0.11071241
-0.18857926
-0.015476759
0.74292696
-0.46521428
0.6703972
0.1537546
-0.3180537
0.74009246
0.017251143
-0.07260273
-0.63470733
-1.0676451
0.12230712
1.0814906
1.1542909
-0.3952669
-0.3027967
-0.97983134
0.4591198
-0.21018605
0.206741
-0.44337004
-0.1487797
0.80032384
-0.7517316
0.3835749
-0.017845755
-0.93720996
0.058609683
0.756568
-0.42754292
0.3686533
-0.23086508
-0.80707103
-0.9413569
0.22008201
0.4425631
-0.71047556
-0.64126277
0.4493749
0.069201864
-0.5421377
-0.27192363
-0.5404371
0.5055759
-0.045345046
-0.78222984
-0.76305723
-0.08467087
0.51619625
-0.29309037
0.77231055
-0.7248663
-0.2512315
0.46476012
-0.8105607
0.28434283
-0.9878212
-0.19618265
-1.0387238
0.7910041
0.16255191
-0.2067221
-1.0913327
0.1887897
0.24640286
-0.022626145
1.0223463
0.20501769
0.22631261
-0.36655423
0.57493794
0.8950931
0.8310573
0.29319105
0.15288864
0.45990425
-0.2665432
0.48544788
0.07913493
-0.8612265
0.104255565
1.0814672
1.0209138
-0.532306
-0.1798672
-0.34528998
-0.5946084
0.01194772
1.3145926
0.45444757
0.07148404
-0.5678743
-0.37798482
0.28337833
-0.44993097
0.2782062
-0.68131053
-0.53867275
-0.81157583
-0.9831793
0.18011257
0.36582533
-0.060355105
-0.9481601
-0.54314417
-0.9631266
0.24186318
-0.68001
0.26672724
0.44940042
0.7332311
-0.086320005
-0.21662098
0.10473858
-1.2337054
-0.37300912
0.2505807
-0.609455
0.33767417
0.3709934
0.6645477
-1.5568066
-1.5831326
-0.49561903
-0.063672476
-0.32299662
-0.3078845
-0.13331577
0.24982466
-0.3712466
-0.3732148
-0.29477355
-0.40556106
0.21720149
-0.1669661
0.18281499
-0.1507736
0.5862963
-0.16369827
0.18870053
0.031120643
-1.5199108
-0.22908156
-0.747788
0.9606596
0.5949263
0.6929465
-0.54798824
-0.07413012
0.030705173
-0.0768767
-0.1345816
0.34014365
0.13227603
-0.49988073
0.15462863
0.80118483
-0.32147872
0.816481
-0.04275881
0.21750966
-0.3951671
-0.3786655
-0.87172973
-0.07270177
0.16521275
0.6019757
-0.010214911
-0.6839875
0.21038903
-0.90178776
-0.7606328
-1.1522825
0.2613976
-0.33285168
-1.0234251
0.50469714
0.37076178
-0.58718824
-0.6317482
-0.5763762
-0.92780495
0.32532263
-0.56296754
0.42291474
0.83373916
0.0059129177
1.0893375
1.4968351
-1.3873357
0.5045227
-0.98932827
0.3430262
-0.21961604
0.042181768
-0.27581358
-0.8255285
0.2775706
-1.1002408
-0.85409
0.10171805
-0.67995775
0.03460938
0.7713827
0.47304088
-0.82194626
-0.4561061
0.06828857
0.8203788
-0.12934737
0.36736494
-0.4544763
0.9358321
0.86783254
1.3154606
-0.7949363
0.37474412
0.008082302
-0.3747962
0.68554735
-0.6275168
0.40472457
0.09083871
0.5338109
0.19497961
-0.10605024
-0.46303964
-1.7436528
-0.51591104
-0.6196427
0.65910137
0.15756686
0.06509484
-0.1187209
-1.1137757
-0.68572223
0.64546555
0.14019059
-0.098369874
0.37943408
-1.4106432
-1.0923216
-0.3633524
0.99900365
0.48168203
0.90855736
-0.2451349
-0.8427291
0.06438008
0.33937237
0.09707602
0.94725466
0.23932402
-0.8412404
0.19344412
-0.5525062
0.57529896
0.0998923
0.19714604
0.5309059
-0.15430549
0.0046286415
0.18278973
0.021601696
0.371822
-1.3220162
0.73080194
-0.79763484
0.40573004
1.2039813
1.012269
-0.8354847
0.1266959
-0.14846067
0.7013103
-0.39561835
-0.079186395
0.17211457
0.08582032
1.3606149
-1.1395794
1.3694559
-0.8561765
-0.10414688
0.532942
-1.0831866
-0.32604077
-0.1990295
0.41877064
0.0008278572
-1.063207
0.16623297
0.24598533
-0.86980504
0.45654374
-0.30761546
-0.15214959
-0.8926288
-0.09805834
-0.47456038
-0.1600904
-0.6279001
-1.316646
-0.5687505
0.51001287
0.05463641
0.1412131
-0.8705095
0.8090349
-0.15609042
0.21601467
0.007970606
0.19056168
-1.0488106
0.3094398
1.3619632
-0.17463267
-0.30270422
1.0878673
-0.5880559
-0.4804904
-0.4834659
0.90757203
-0.020276431
0.29813656
-0.88192594
-0.16712557
-0.1606658
0.41672638
0.28366914
0.7384903
0.4253842
-0.01510338
0.3222059
-0.1202769
-0.19202405
0.3980455
-0.22086707
-0.21356952
-1.126594
-0.28506094
0.78585356
0.26478097
0.7108255
-0.3760879
-0.11211072
-0.16725005
0.17925508
-1.0999315
0.71108216
0.80698675
0.21307419
-1.1227088
0.9460311
-0.13021418
0.28832608
0.84705514
-0.017761748
0.444355
-0.55068
-0.84906346
-0.73843676
-0.36837372
-0.050335847
0.7019814
0.21800941
0.016077304
-0.19120112
0.021066882
0.9564901
-1.0486083
0.35876384
0.19312322
0.23175661
-0.8537183
-0.9744456
-0.051764492
0.6183738
-0.72483695
0.14224665
-0.31330696
-0.45736957
-0.94181114
-0.46023107
-0.43991426
0.044796027
0.06614644
0.2438616
0.2855192
0.00238168
-0.45969644
0.3550077
0.034736525
-0.012061616
-1.472892
0.85615975
0.2482629
-0.45758545
-0.3465688
0.6922339
0.3957586
-0.02225984
-1.0622689
0.24347945
0.09133256
0.41323918
0.6921126
0.32764444
0.44701278
-0.10562993
0.9220565
0.4372812
-0.36409917
0.7204238
0.5714543
-0.5793313
-1.1188909
0.25418508
-0.68426025
0.48080736
-0.30288085
-0.79380226
-0.5428283
0.5937676
-1.1248417
-0.10704396
0.73380065
-0.7264711
-0.46616167
-0.4187626
0.5802154
-0.6369708
-0.7684391
0.7653721
-0.27553213
0.96536505
1.1208789
-0.39911637
0.25665358
1.251508
-0.22056918
-0.15847613
-0.39069363
-0.3239472
-0.9405952
0.6920165
1.0291842
0.12689842
-0.07160844
-1.2545416
-0.36274028
0.2111745
-1.5861443
-0.28563723
-0.048565954
-0.84803313
0.9856976
0.65734553
0.25500667
0.20762098
0.17964426
-0.19376396
0.5654517
-0.34394026
-1.2447993
-1.0196589
0.19261321
0.03618399
-0.5719888
0.4787631
0.23133038
-0.44326448
-0.124242954
-0.99685794
0.5997011
-0.7429963
1.0012789
1.2024934
0.77359957
0.24860881
-0.06732205
-0.32476792
-0.59747875
0.31208727
-0.66238034
-0.40838337
-0.2621131
1.1485716
-0.6363535
1.1238184
