0.28681213
1.812301
-0.48105437
-1.1132643
-1.8284461
-0.5620143
-0.596701
1.797343
0.93673015
0.94334924
-0.6863127
1.1135801
0.11184392
0.26346865
0.3924351
-0.20404892
1.0897553
-1.2907243
-0.84913766
0.71286947
1.6379906
0.4971463
-0.58441734
0.32057935
-0.712109
0.41946086
1.823591
1.3236511
0.81426865
0.6455404
-0.16275421
0.84645617
-1.8928773
-0.13606936
0.10693196
-0.62319803
-0.5164748
-1.2776448
0.54888
-0.60799444
0.5262271
0.2813437
-0.22239508
0.28781915
-0.20125614
-1.2258732
0.047302216
-0.1758681
0.3495837
0.22286373
-1.47776
-0.9651997
-1.1474378
1.0139494
0.5744461
-1.4302106
-1.1462927
1.6648529
-0.22045226
0.31684175
-1.6124604
-1.9138554
1.3224076
-1.4593437
-0.6204939
0.93025744
1.3402395
-1.0232115
0.6570682
0.2250052
1.3988642
-0.0049790535
-0.9078269
0.15837649
-0.8930257
-0.44616625
-1.4264965
-1.1393272
0.49023837
-1.464999
-0.9132801
-1.674083
1.4131386
-0.30263498
1.2958139
-1.1423407
-0.075712614
-0.28069022
0.10070498
-0.13065334
0.17409809
0.76405776
1.2872607
2.1655996
0.5061194
-0.7576815
0.9934162
1.1925206
0.45316756
0.0030195368
1.0521139
0.076308616
1.2695335
-1.4834619
2.1019616
-1.5247442
-0.07587054
0.5280993
0.06866566
-1.5841422
0.14735366
2.4157395
1.191415
-0.7009365
-1.5304382
-0.3109206
0.554252
0.6306808
-0.97078264
-1.0429828
0.61548114
0.04380509
-0.3582775
-0.32069066
-1.6550686
-0.6297389
-0.59313446
1.632627
0.40793565
0.16474584
-1.0079174
-1.2523683
-0.31066915
1.01341
-0.87039095
0.99801344
0.11785191
-0.14643924
-0.092878245
-0.047639128
-0.8198929
-1.0729972
-0.44815677
-0.618249
1.3365318
-1.1826296
-0.5024275
0.40716094
-0.42187592
-0.16384697
0.2089185
1.3132223
-1.039105
-0.2808997
-1.0659748
-0.8756777
0.43747705
0.23991641
1.1896763
-0.111843646
0.44946694
-1.3740252
2.0749035
1.238722
1.6400023
-0.67779094
0.7663335
0.94196707
-0.90115833
0.61834514
0.22174866
1.8923475
1.3390096
0.49068993
1.1758196
-0.45982122
0.4559972
0.24523509
0.100681074
1.0135939
-0.27064452
-0.6515356
0.04007292
1.7956319
-0.4459834
1.4569836
0.06335579
-0.20222901
-0.16246036
0.021774523
0.04925326
-1.1101995
-0.050529152
-1.6375144
-0.1752284
-1.3382018
0.9031884
-1.0584021
0.3568654
0.7551644
-0.029107632
1.6626807
-0.84168845
-0.7869736
-1.6243308
-0.05593256
-0.95806503
-1.1305158
0.0011997817
-1.2585222
-0.50857186
0.8433353
1.47923
0.7429432
0.15888897
-0.6183822
-2.0511203
1.4920676
-0.070280164
-0.7596541
0.9081789
-0.05928741
0.7723894
-0.48360813
-1.8277854
-0.788087
-1.8088486
0.2544388
-0.9905226
1.2187817
0.5826819
-0.6873607
-0.077309765
-0.45964515
-0.53203946
-1.2864113
0.6402922
-0.33342728
-1.1486988
-0.87090003
-0.14519663
-0.31666645
1.1860282
1.0468907
-0.42569438
-1.4313765
0.7954282
-1.3686421
0.7142185
-0.13894266
-0.2568529
1.1676233
-0.109710895
-1.4413007
-1.0755883
0.87098145
1.0295142
1.6705904
-0.8995816
-0.8919749
0.6665664
0.29736397
1.5474949
-0.9321178
0.53469896
0.7498186
-0.8745481
1.6924173
1.4440267
-0.50472534
-0.018243315
2.0200913
0.6021885
-0.18815215
-0.94263786
0.892141
-0.46135086
-0.9759023
0.38697156
-1.2538908
-1.2087002
-0.04701302
-0.7096505
-1.0667672
0.35473555
-0.8003276
-1.2961206
-0.6565696
0.81356704
-2.2113197
0.41601256
-0.15883902
1.4571059
0.7913463
-0.25015572
-1.9957842
0.41280547
0.33929467
-1.0096221
0.56560457
0.2811209
0.89507264
-0.08595539
-0.98693544
-0.87356883
-1.4460595
0.20962088
-0.60616654
0.46189284
0.5832713
-0.95356643
-0.03481026
-0.6695931
1.7169968
-0.61291385
1.4829286
0.587597
1.9100924
-0.38818154
-1.0881963
-1.6605101
1.2174618
-0.6348374
-0.21755885
-0.7432249
2.063425
-0.83367246
1.2875733
-0.79364884
0.11774524
-0.39518693
1.966308
0.78902745
-0.7404314
1.043774
1.2694808
-0.12774014
-1.377695
0.14243199
-0.45804223
-0.09545505
0.14966844
-0.11742132
0.06975218
-0.19585457
-0.3035342
1.6127586
1.5938921
-0.4947307
-0.92777914
-0.12787144
0.7552076
1.2802138
-1.2811844
-0.14094815
-0.97441304
1.4871178
0.7322324
-1.1022884
-1.8583016
0.7527863
-1.3465025
0.78218275
-0.82567555
0.94227785
1.1940995
-0.55749524
-0.069398895
0.39700103
1.6337874
-0.5117273
1.8996353
-0.037158743
-0.17346466
0.16922942
0.98639196
0.88573384
-0.0034458716
0.99614555
0.22543763
1.6410699
-0.00868612
0.9146441
-1.8057609
1.2870412
-1.0239313
1.357007
0.6622949
-1.3881408
1.169486
-0.049260493
1.6451004
-0.5188839
-1.4446642
0.81462103
0.022370039
-0.69893634
1.3122985
1.1282139
-1.2063525
0.2173392
-0.960443
-0.17636569
0.32467008
1.8349375
1.1512508
1.3544918
1.1382866
0.81477904
-0.57632655
-0.55596733
-0.15939942
1.3593314
0.36854905
0.58865327
-1.4641647
0.18376021
-1.615236
0.13842787
1.0814532
-0.290368
0.43837604
1.8347584
-0.022344131
1.1208109
-1.1374052
-0.54508775
1.7445269
1.1268313
-0.6289235
-0.8313704
0.3761005
-0.9243819
1.0246361
-1.1023661
-0.5119141
0.7687408
1.3533973
0.9827572
-0.2611043
-1.0024087
0.8895475
0.19021276
1.4486569
0.27181447
-1.7782671
-1.125213
-0.12788895
-1.2666328
0.93938637
-0.9328372
-0.28208515
-0.1945608
0.51075375
-0.7092878
1.5416359
-0.61061114
-1.2313049
1.1209382
-0.07038529
-0.4622069
0.14523871
0.8856692
0.7100962
-0.4119991
0.6595218
-1.4757342
1.1350727
1.7211237
-0.7918525
0.34161794
0.007318759
1.0751462
-1.433023
1.159228
-1.1077443
1.1975167
0.12022567
-0.50751114
0.20415723
-0.15220648
1.7138788
0.64333814
0.36843258
-0.15470213
0.74803966
-0.5740625
-0.07566279
0.53271997
0.1717208
-1.6038867
-1.8417209
1.1927885
-0.7024431
-1.020869
-0.87857574
-0.0017316649
-1.0000293
-2.1583745
-0.14279553
0.18141091
0.3728663
0.75003606
-1.5215701
-0.5521649
-0.9598172
0.12073975
1.2020975
0.47000128
-1.1526583
-1.2795365
-1.3099816
0.1793813
0.4255827
-0.43763778
1.4544431
-0.4485165
1.5011512
-0.96393585
-0.15713534
0.82268375
0.4022219
-1.1657288
-0.20855948
-0.49605742
-0.6436882
0.8373972
0.48303932
-0.78041166
1.5906126
-0.8589994
-0.21743222
0.20244014
-1.1985033
-2.0081985
-0.6371578
-0.78256106
1.7219628
0.5904272
-0.6877648
1.062323
-1.218114
-0.051476177
0.05068209
0.6556648
0.9822184
0.08540462
-1.4288168
0.4403019
0.6392361
-1.3777661
-1.2522583
1.3115764
0.3860483
0.63275707
1.8603168
1.511107
1.208916
0.72782063
-0.7145559
-0.6965955
-1.1141818
0.8555223
0.33435345
-0.16252129
1.7692541
1.3012383
0.034755062
1.4047239
-0.74516004
0.6407054
-1.4513448
0.119343966
-1.3304889
-0.41652024
0.36912182
0.124601334
-0.57513505
-1.051389
-1.4887999
0.6978013
0.2997022
1.7933018
0.8419719
-0.42017588
0.7243237
-1.3953998
-1.5568917
0.5477321
0.7830399
-0.23473185
-0.037155647
0.10315372
0.628394
0.9675716
-0.8669946
0.37330517
-1.0482426
-1.4296145
-0.42515936
-0.7227149
1.4585536
0.6477458
-1.967748
0.026501043
0.52635634
0.4857126
1.5306134
-0.09601686
1.7029836
1.7663143
0.22331388
1.1546749
0.14498939
-0.5915658
0.15405025
0.11538782
1.0618476
1.1731446
-1.6676364
0.9039489
1.7408329
1.5092553
-0.12776753
0.74421465
0.1517064
-0.98234975
-1.3803935
0.18210384
-0.18893899
1.1255383
-0.1494342
1.0319982
1.174587
-0.69184035
0.067957655
-0.3566655
-0.8224782
0.9297186
0.8434764
-0.2445144
-1.4013159
-0.76200503
-0.294158
-0.3268777
0.054015934
-1.0947816
-0.75513923
-0.8240843
-0.7946781
0.62982947
0.66011107
1.1699746
-0.18135914
-0.8507066
-0.85594296
-0.22578947
-0.49692032
0.21673954
0.49498242
-0.8268814
-0.7073939
-1.7756022
0.64211404
0.8407401
-0.79818535
-0.69610524
-0.89422977
-1.3168882
0.06764762
-1.060613
-1.0578232
0.513028
0.73861986
-0.25787982
1.3870941
-0.42602807
0.45279706
0.61404103
0.09383282
-0.017253757
0.4681164
-1.6561491
-0.85042936
1.3315194
-1.3900478
1.2828074
0.22708556
-1.1636318
-0.03759354
-0.2182666
-0.3633991
1.2253691
-1.0014317
-0.1641364
1.5971909
-0.6266818
-0.23087469
-0.34957135
0.9801973
-1.4236072
0.38747033
-0.8814225
0.8868007
-1.0183532
0.4164533
-1.3461403
-0.8161973
1.8906449
-1.2743704
-1.6831759
-1.8472937
1.2659404
-0.35885718
-0.6676069
0.033659816
-0.0422227
0.08651735
-0.41521248
1.7981018
-1.9639534
-1.1844915
1.8177577
1.5632356
0.32448155
1.2481221
0.35272992
1.4710321
0.0067551816
-0.5528655
-0.16600843
0.32715586
-0.48164737
0.10611562
1.2004383
0.51825523
0.10898829
-1.9313655
2.2446845
1.388425
-0.66804856
0.90320086
-0.57097334
1.357494
-0.36522403
0.41287264
-0.050745033
0.8170844
0.790388
-0.9241443
-0.21558815
0.42026508
1.1158042
-1.0581359
1.1604244
-0.43454945
-0.5850351
-1.1321216
0.2641581
-0.6684925
1.2871035
0.8116946
0.4665581
0.52054226
1.0151837
0.72916937
-0.29816774
0.6994898
0.019700369
0.16428395
-0.13550358
0.81738234
0.32271066
-1.0843508
-0.18508054
-1.3771225
0.7411365
0.6606631
1.1847502
-0.5005912
-1.0761037
-1.7552378
1.3470236
1.6345062
-1.9816409
0.67627966
0.8102434
1.3617566
0.63201094
0.54459196
0.7952484
-1.2145113
1.0937786
-1.4608996
0.07329043
1.1360725
-0.5860537
1.2550565
0.45948076
-1.2773529
-0.69716936
1.5030013
-1.5453907
-0.44741467
-2.0575712
0.54381156
-0.30179533
0.19416502
0.43943116
0.39662832
1.2370265
0.83983713
-1.1772896
1.8130171
0.8394848
0.7688148
0.0883649
0.09458193
-0.214915
1.3598828
-1.4726816
0.6801166
1.2093931
0.118110515
0.88653874
-0.7749437
0.8725791
-0.351598
0.5679873
-0.55247074
1.0113565
-0.07294714
-0.44338685
1.9261739
-0.79048014
1.0672519
-0.41388035
-1.1942072
0.3133574
1.2487288
0.4476321
-0.48554814
-0.040328715
0.49074855
-0.48984194
-0.6195955
1.3265698
-0.5390038
-1.4661113
1.0086995
1.0695674
-0.07257504
-0.96056277
0.32316992
1.1647195
0.12660435
-0.4332264
-0.35696456
0.7282869
0.32891884
0.8286772
0.5555221
-1.029942
1.1785293
-1.4339007
0.40939486
-1.1952522
0.93765175
-1.6982869
-1.1285449
1.3220662
-1.0922483
0.5636723
0.17864954
1.2791475
-0.3931129
0.89969665
0.79101545
0.6917187
-1.7787997
0.046721417
-0.41627052
1.787982
0.40633667
0.68187463
0.6392955
1.3979672
-0.6775277
1.7255275
-0.82071966
-0.061500125
-1.1858978
0.08473637
-1.7146001
-1.1111125
-0.520485
-1.5640199
-0.57790637
-0.010276323
1.0503346
0.47101152
-0.07401635
-0.17046444
0.34705186
-0.9477426
-0.6083291
-0.56216425
-0.98528886
0.36056113
-0.5062648
-0.34731835
0.5713718
-0.8718946
0.5001006
1.8364896
-1.2111263
-1.5607427
-0.76208305
-0.58187366
1.3727595
-1.1489449
-0.92598116
-1.2489935
-0.6447216
-1.6810553
-1.4275808
-1.1129256
0.12074385
1.9946569
-0.347245
1.4333873
-0.056836028
-0.835848
-0.6980878
-0.28115982
-0.02914793
1.3313745
-1.8292152
-1.0978777
-1.6253191
0.82395005
-1.2989978
-0.8191118
0.472562
-0.90455866
1.4191973
-1.563307
-1.3506423
-1.8204067
-0.6077402
0.1602858
0.31138936
1.1956668
-0.48003066
-0.8106825
1.1840782
-0.33451855
-0.033723652
-0.24399939
1.3578951
-0.04039557
-0.3281929
1.5808809
-1.1980703
-0.45351762
1.548465
-1.5419314
-1.3070645
0.732123
-0.2135357
1.4835588
-0.57061315
-1.2068645
-0.776298
-1.4534062
0.2777128
0.021193855
1.95559
1.549748
2.108956
-0.6994552
-1.725115
-1.5256015
1.0311668
-0.6254415
-1.5923092
0.4870644
0.72249496
-0.6816428
1.0464326
-1.0417304
0.74736905
-0.9871953
0.95046794
-0.43919247
-1.7540956
-0.34943372
-1.6582944
0.7984719
-1.1323994
0.9046764
-0.9311577
0.8781023
-0.038195547
-1.3578712
0.061251227
1.2871742
0.30802006
1.2260647
-0.8115759
-1.2236487
0.846268
-0.9015641
-1.6588663
0.79061276
-0.116236985
-0.53702056
1.2172662
-0.37185434
1.3694074
1.7125642
0.33684206
-0.8851416
0.50914705
-1.1018898
-0.38136122
-1.2716669
1.1444261
0.48576313
0.32010895
0.53201973
0.96680903
1.423693
0.31245676
-1.1560409
1.8137822
0.71891034
0.04702622
-1.5041785
-0.83917564
-1.5300416
-0.69704825
-0.8928778
1.1734313
0.18456326
-0.4574039
-0.36198133
0.3388101
0.48551577
-0.43748328
-0.3086152
-1.0967959
1.0732858
0.031527754
0.4652804
-1.5280979
1.261864
1.5167414
-1.8200916
-0.9768643
-0.94568336
-0.9741107
1.3192811
1.5189924
0.7066505
0.67550874
-0.010914125
-0.62484735
-1.4325795
1.5767641
-0.0019498529
1.610877
0.23497292
1.308169
-1.6652153
-0.49939764
-0.895319
-0.260864
-0.0063714623
1.3988222
-0.47458085
0.45797324
0.20270272
0.8765284
-1.1984496
-0.504478
-1.2971312
-1.3871626
0.2557249
0.16826129
-0.92927086
-0.9728627
-0.21045205
0.1605655
0.6461333
-0.8290366
0.37481385
0.7727323
1.2718865
-0.22794838
1.9217665
-0.6604847
-0.09406829
1.4088187
0.3175751
-0.84086025
0.19891657
-0.6612605
-1.2724129
0.27293658
-0.21742676
-1.1014235
-0.15261953
0.08336166
-0.54393613
1.0202236
0.64821017
-0.74671483
0.44509488
0.13001388
-0.9954807
-1.5622135
0.5126129
-0.6021045
0.11507342
-0.21986224
-0.30502155
0.54752666
-1.8252416
-0.6593366
-0.1816436
0.2685545
-0.3714029
0.71413124
-1.0675161
-1.9318165
-1.4991993
-1.7042135
1.3578402
0.17104453
-0.32377157
-0.6143765
0.39773574
0.2722573
0.8720629
-1.2267468
0.14403631
-0.7697341
0.8564959
1.6614201
0.20803007
-0.4855731
-0.92306924
-0.041595474
-0.71218574
-1.023804
1.8652266
0.50423074
1.4880439
0.71737516
-1.1925395
-0.24661924
0.58249295
-0.061971784
0.8050239
0.585154
0.9882151
-1.116919
1.4210553
-0.20202045
1.3738114
1.1165546
0.87659144
-0.84769315
-0.027877992
0.8298113
0.24511535
1.1614166
0.56497717
-1.6958028
0.8351847
0.007818246
0.4220251
1.1704129
-1.1176375
-0.6587981
0.476543
1.4272195
-1.3770229
0.33298603
-0.15198362
-0.75554824
0.58294666
0.3965564
0.31541225
-0.095427126
1.3487498
0.8840203
0.01091083
1.6095511
-0.08718403
1.4627297
0.71169096
-0.57569367
0.76348114
-0.360449
0.59223765
-0.16173357
-1.0639375
0.5297231
1.6893148
-0.7265333
-0.009063865
0.31234622
0.97082055
0.022983175
0.16386291
1.0162337
-0.8831206
0.638742
1.0356036
-0.23391221
-1.174157
-1.2192223
-0.16663335
1.3819488
0.9965414
1.3275912
-0.03796901
-1.3503435
-0.34118408
-0.5434279
0.43629426
-1.2447971
-0.2653427
-1.2856885
1.1292186
1.8716435
-0.5080701
-0.35647473
0.40463677
-1.6054457
0.30841592
-0.3012816
-1.0853324
-0.8799719
0.4221692
-0.7785201
-0.27487686
-0.26827356
0.12859008
-0.9297013
-0.9546704
0.24807471
-1.3031411
-0.7496613
-0.85941815
0.5073582
0.92485726
1.9681901
0.76899505
0.4538018
-0.36574602
0.11565007
-0.92282796
-0.47513038
-0.54521567
0.011502232
1.4795363
-0.66336554
-0.82339704
-0.41360223
0.061629318
0.08734717
-1.4224861
-0.65934145
1.5761216
-0.9539713
-1.8794075
1.8423998
1.138872
0.23675136
-0.7038788
-1.3271458
-0.23285405
-1.9196768
-0.41825023
-0.8867669
-0.5291997
-0.063603796
-0.43491596
0.086257935
-1.7856399
0.8951833
-0.0783817
0.26152343
0.7001737
0.4174801
-0.77382046
1.2580295
0.4767185
-0.78485405
0.23282194
-0.36747825
-0.5892159
1.7564818
-0.47914457
-0.32668078
0.27333313
-0.17109267
1.6123562
-0.7248187
0.115627185
0.88550377
0.5545099
-1.3583055
-0.053320583
-0.6459294
-0.05675158
0.0791956
1.1689925
-0.81353676
-0.54722226
-1.2869041
1.234327
-0.46364176
-1.4440925
1.1809163
-0.35281685
-0.71263415
-1.1731925
1.2613338
0.07334048
0.07366752
1.17397
0.67875427
0.5491593
0.53448963
1.6602511
0.93931305
1.3477924
-1.5181248
-1.1596388
1.1843815
-1.1196287
1.8418413
0.34348974
-0.29823804
-0.9137477
-0.93134683
-0.28463262
-1.3122263
-0.658221
1.3755618
0.4464752
-0.6319753
-0.0316934
-0.56064713
1.2166936
0.018387526
0.46483153
-0.23791865
0.024902245
1.1211243
-1.1373014
0.8788013
0.32449815
0.40953058
0.42025176
1.1117326
-0.29165602
-0.30873263
1.3295685
0.8723832
-1.5914493
1.3425845
-0.52741957
0.091225006
-1.2734554
-0.28115523
-0.3595227
0.15939227
0.009184931
1.4729474
-0.05099119
1.4061702
-0.007930968
0.011329878
1.0516355
-1.0370355
0.442594
-0.8494309
1.3025322
-0.32759714
0.4142101
0.34693483
-0.9542803
0.58505934
-0.49520832
-1.0415081
1.0489776
0.21008271
0.72983134
0.0880111
-2.1379151
1.2670838
1.811743
-0.64606667
-0.97337985
1.2908291
-0.7074711
-1.6681764
0.51547515
0.55095756
-1.6352754
-0.7553638
-0.4168307
0.6592709
0.94541544
-1.1469822
1.1917679
0.08344687
1.1653435
-0.650471
0.69726324
-0.14146529
0.897833
1.2467015
-1.8747553
-0.3602726
1.0548772
-0.48372433
0.22544348
1.8021668
1.6535611
0.22942588
-1.255291
-0.9884964
-2.063387
-1.7616899
1.0779332
1.7526001
-0.20738433
-1.3615937
-0.5100604
-0.0328694
-0.5831267
-0.29416633
0.7948223
-1.4165913
-0.9648479
0.5929223
-1.8860962
1.058212
0.75915223
-0.40368494
0.8104322
-1.0973295
0.797856
0.37546438
0.18945499
-0.45551956
0.47244328
0.44634545
-0.70196116
0.78293604
-0.032598924
0.3190793
1.659543
-0.30382845
-1.2159945
-0.5757978
0.009587124
-0.06050487
0.16800442
0.20346634
-0.5243928
-0.55243886
-0.21955757
-0.27915958
-1.3374741
1.7622324
1.7840011
0.33754778
0.9990225
-1.4708595
0.21260877
-1.3900439
1.8131416
-0.18080541
-1.0542071
-0.65856904
1.4438877
0.43532526
-0.8872814
0.57010764
-0.27490914
-1.9870995
-0.808201
0.43914968
-0.23001
-0.23080787
-0.9809376
-1.4850281
1.9058903
1.0455475
0.62903666
-0.4454555
0.86583525
-0.6034355
1.2950581
0.83886623
-1.4634186
-0.2198412
0.6725542
-1.3227314
-0.24272226
-0.92438436
1.1328669
-0.13269278
0.8290548
-0.32468176
0.24451879
0.9107542
0.9484707
-1.3231996
0.18292838
-1.7275275
0.49642467
1.001266
-0.27039188
1.3232601
0.0058580376
0.8530469
-1.5846125
-0.097758114
-1.3189213
0.032353044
0.5544157
0.5238871
0.74447113
-0.11429497
1.3209398
-1.6178157
-2.009343
0.77551246
-0.16845337
0.5901107
-1.2895836
-0.56116396
-0.23422353
1.0445702
-1.0824769
-0.45022798
2.116124
-1.5656927
-0.48274723
-0.40456492
1.151307
1.0826418
-1.477973
0.2324415
-1.5570285
-0.3276949
-1.4758795
-1.0583148
0.66215515
0.74363947
-0.43404666
-0.4009185
-0.15220396
1.1681145
-1.1755513
-1.6676378
1.5016406
-0.20063053
0.49544048
1.7814623
-1.1388268
1.1702356
-0.8513382
-1.9238541
-1.0564648
0.13878806
-0.47627077
0.5231958
0.017813504
-0.8416759
1.1063622
0.5872927
0.19750695
-0.35836068
0.5687853
1.2394279
-1.8242975
-0.8878515
0.51371855
-0.08298751
-0.17543793
-0.23364177
-0.5330444
0.7662144
-1.2961555
1.4008343
-0.30976236
0.30675957
-1.2169926
1.7839448
-1.3194913
-1.6151518
-1.7705944
-0.1022447
-1.6193473
-0.9110768
1.0076432
1.0753024
-1.6870315
-1.0516857
-0.41532084
-0.67637813
-1.1405238
0.80536366
0.70294064
1.2568805
0.20246203
0.68598825
-1.4549737
-0.5362346
1.1668166
0.2186484
1.0820868
0.4849156
1.3847106
0.3270271
-0.04373266
-0.71907365
1.5992894
-0.37782466
-0.47176832
-0.12382516
-1.292805
1.4671444
0.14116013
1.1722671
-0.77714485
-0.45216742
1.7834163
0.10776957
1.4801146
-0.7770014
-0.48161036
-1.4980912
-0.16810997
-0.45462093
0.19565473
-0.42338872
-0.20530672
0.20023076
0.38037124
-0.80293554
-0.5284703
1.0807884
1.1130939
0.81168664
1.0742617
0.8568796
1.4167403
0.6100424
1.0145686
1.2887149
-0.18192971
-0.88317645
0.40884316
0.51197726
0.12227906
1.0290419
1.4585485
1.4482101
1.8635931
-0.026258133
0.7098259
0.70337164
1.1579119
-0.33501008
0.35478196
0.08760214
0.3267528
-1.4812
-0.72067386
0.038500275
0.6949902
0.7693003
-0.69380015
0.4651745
0.40213305
1.0619483
0.18275812
-0.045820918
2.2222636
-1.0825174
-0.19097549
-0.28599972
-1.2200521
-1.2553672
1.170682
-1.5178202
-0.016924497
-0.1167312
-1.4054127
0.6314702
0.59838283
0.7700354
0.48807448
-0.15478171
1.2385473
-0.8004811
1.1162839
-0.85792655
1.6163243
0.740974
-1.1366266
0.94332945
1.2257278
-0.13113385
-0.48312688
-0.23760734
0.18642534
1.2407002
1.2034158
0.671838
-0.61590296
-1.3093837
-1.8609835
1.5554857
0.72370213
-0.3078886
0.48716003
1.1215833
-0.29895908
-1.3957752
0.056763142
-1.2788438
-0.62061507
-0.3473127
-2.0056825
0.10171655
0.84860015
1.2843311
0.552511
-1.2844094
-1.1584349
0.17416698
0.38295272
-0.40806252
1.5222251
0.03315744
0.10043831
-0.107109256
-1.0663784
-1.1175681
1.7432585
-0.0015764529
0.011645739
0.75583583
1.3261675
-1.1020143
-0.07265346
-0.7401928
0.4336235
-1.1297107
0.90460706
0.17835268
0.17272055
1.3900646
-0.9560529
1.233887
-1.4019411
-0.5131539
1.846907
-0.22533928
-0.020846646
1.3640364
1.2850925
-1.1909318
2.200111
1.2980007
-0.19012749
-0.63465667
-0.10377394
0.14384042
-0.9656446
1.6762322
-2.2469444
-0.7995197
-0.11488063
0.14021342
-0.6531692
1.5191182
-1.2299253
0.18658477
-1.5340923
-0.9829937
2.0782294
-1.0167327
1.0546318
1.7646273
-0.7993566
0.32035828
-0.038311586
-1.0258589
0.088567294
-0.7097826
-1.5980811
-1.2752908
-0.14676088
0.49064502
-0.8150222
-1.4892838
1.4135475
-0.5152984
0.7785235
0.0024456356
1.0669628
0.63600254
-0.85776275
1.2074476
-1.3298271
1.441812
1.123608
-0.4862851
-1.219482
-1.0943395
-1.5066583
0.1174735
-0.70705855
0.09913925
1.1492771
-1.4874443
-1.2327113
-1.9656006
0.6535719
-0.46599144
-0.59870064
-2.4214604
-0.373463
0.64082634
-0.017953506
-2.0882356
-0.67322236
1.2583145
1.1283056
1.7388496
1.0753199
-0.81459934
-0.21452598
-1.516133
-1.6073562
1.2408242
-1.5188411
0.94800353
-0.80521065
-0.48240155
-0.80439
0.39167494
1.099508
-0.42230648
1.4302665
-0.92335963
-0.34778062
-2.03119
-0.87762153
1.1460899
0.7056873
0.81349933
0.54986453
-0.430205
-1.5163573
0.24784175
0.9544554
0.23986003
-0.38887694
1.6526339
0.27747092
0.7840091
-1.2674252
0.25279608
-1.0359758
1.2132463
0.62157583
-1.2078571
0.03481692
1.2675583
1.5710355
1.1455822
-0.30985096
-1.1319388
1.10039
0.16127484
1.4455286
-0.84946
-0.58889675
-0.9216723
-1.3171762
-1.1761497
0.21862169
-1.0492452
-0.012452728
-1.3738517
0.23409455
1.5795827
-0.07722658
0.0015217805
-0.33401346
-1.8010514
-0.5594365
-0.68575305
0.33368275
-1.8584249
-0.27110162
0.90128624
1.1153988
0.97024226
-0.14475119
0.2203083
-1.0499955
-1.0605935
-1.3754082
1.8967053
1.0824531
-1.4182346
-0.8868759
1.17762
0.5685261
0.3743566
0.3631993
0.32361788
0.07057704
-1.0976813
-1.0761392
0.6471364
2.116484
-1.4240725
1.7214694
-0.30320206
0.25900996
-1.2845687
-1.4918642
-1.6047647
-0.561591
0.19138616
0.9909009
-0.7863743
-0.22413932
-0.61101127
0.33403185
0.012769411
-0.33186704
-0.38930696
-1.1848948
-0.024413083
-1.0588368
0.30398822
1.1371429
-1.1751812
-0.49167442
-0.4517355
0.88897103
-1.0664766
0.8615369
-0.21769542
1.1102668
0.570425
1.3489627
1.0447543
0.19192965
-0.8329991
1.4648495
-0.57908875
1.3154597
-0.20686565
-0.15596892
-0.31263435
1.1258035
-0.91664153
-1.3663722
0.058234077
0.44927806
-0.3679328
0.07955554
0.56115067
1.325006
1.7569567
1.5033535
-0.791707
0.38243368
-1.0488951
0.2754786
0.5790858
-0.068260334
1.0642011
-0.22054411
0.8267124
-0.38641775
0.032542653
-1.894212
-1.2015163
-0.2809945
1.8699621
0.64886093
1.3511729
0.7857123
0.7546273
-0.53912383
-0.43500134
-0.8642116
-1.1726809
0.21957327
0.21356228
1.7193456
-0.19023968
0.51209885
0.890929
0.5662588
1.6937132
-1.5439935
-0.16577858
-0.45104587
-0.6874423
-1.2718658
0.37342614
0.5950496
-1.0790772
0.7739812
-1.143143
1.9601489
1.3986063
-0.37953883
-1.797925
-0.5222899
-0.22718826
-0.9704113
-1.7770711
-1.9652373
0.2130329
-0.62280613
1.207265
-1.6313648
1.1549871
-1.3798623
0.2920489
0.86183655
0.124159895
1.1686786
-0.60038906
-0.691555
1.1726124
0.24678138
-0.6718626
-1.4074805
-1.1242085
-0.22161528
1.4188147
1.045833
-1.1203856
-0.39500242
-0.33484125
0.18169875
0.70248914
1.4849102
0.15019593
-0.64058006
0.16031738
-0.8106559
0.5337611
-0.11127033
0.44744968
-0.79731286
1.356668
-1.2989374
-0.02464902
1.2794272
-0.6891048
-1.0410917
0.46764827
-0.7472974
-0.57170033
-1.570883
1.0202745
-0.69211125
-0.36834487
-1.597695
-0.64478546
-0.3758583
-0.48083422
0.29098836
-0.93502325
-0.4031448
0.06605425
0.05259492
-0.021554917
-0.51751435
-0.76134056
-1.3631674
2.1350615
-0.2472629
1.1476585
1.0541649
-0.7216259
-0.88132215
-0.21364956
0.09243911
-0.47395948
0.027158989
0.9473951
-0.2972059
-0.26711422
1.3549603
0.6025847
0.28889635
1.2940241
1.2503439
-0.20721778
-1.6039877
0.7782146
1.3260779
0.93134826
1.2135062
0.64948344
-0.2586254
0.74244404
-1.4417236
1.6734786
-0.18999873
0.08567496
1.2916774
-1.1516474
-0.3242397
-1.11789
-1.4704779
-1.4264685
0.69863516
-1.0796058
-0.6622224
-0.23809588
0.24898429
-0.3994162
-1.2480644
1.3668764
2.101049
-1.5105709
-0.6317377
0.8170363
-1.022066
0.14620875
0.32311878
-1.2425534
0.7764105
-1.3076421
-0.47191826
-0.2813511
0.85089594
-0.34823957
-0.09966487
2.1312828
-0.04208727
0.17337215
-1.3819612
-0.9889146
-0.2799794
-0.7791947
-0.7563294
0.9115571
0.23123445
-0.38789356
1.5984637
-1.4279917
0.45756853
-1.3699986
0.5844797
0.23040856
0.97364676
-0.22847243
0.07749782
0.041938327
-0.27388167
0.032692034
0.7330433
0.38230908
0.09766311
-0.79862183
0.07140898
-0.81393373
0.5438738
1.0189195
1.66502
-1.1060574
1.0085106
-0.033398617
0.61225164
-1.0688257
1.2176538
-1.0147502
-0.5069522
-0.078449644
-0.55871564
-1.1737505
1.2666167
-1.2449394
0.20701967
1.1898456
0.8344911
0.41204625
-0.51969236
1.0691577
-1.6499927
0.28607967
-0.42549938
-0.4743907
-0.65110314
-0.5684439
-1.3482128
-0.99237
1.7624724
-0.71878046
0.646332
0.36287722
1.143782
-0.38681805
1.2716067
1.5065547
-1.2726061
-0.6152291
-0.8330327
-0.807569
0.96247685
-1.1201502
1.5287858
0.13628723
-0.38809744
-0.5147333
0.58761984
-1.2217271
-0.14024848
0.66750455
0.03024419
-0.43875504
-1.6667343
-1.0769356
1.8703979
-0.8970492
1.2102159
0.7932034
0.32399157
-1.2722524
0.68082714
-1.1495501
0.5077066
-0.6118003
0.64189476
-0.38065976
0.50322473
-1.9567863
-1.1093566
0.44824168
1.318609
-0.5980831
-0.5465417
1.4023362
0.13407777
-1.4038476
0.8029368
-1.3736018
0.79667056
0.3258162
-0.77752197
0.14612836
0.37692216
-0.4963492
0.27686197
-1.2287266
-0.2772543
-0.8394207
-1.7205766
-0.8732538
-0.95774984
-0.10081228
1.2312871
-1.413006
-0.7058826
0.20175633
1.5529407
-0.92019105
-1.813129
0.39200932
-0.17052272
0.5604676
2.232489
1.5972757
-1.8746428
-0.7832607
0.63337266
1.9594153
-1.7017334
-1.7927428
0.38260776
-1.137823
-0.49432325
0.107258186
1.1251178
2.027917
0.56270295
-0.26435536
-0.29932493
-0.38091385
-2.0565786
-0.28509107
1.523398
-1.3980457
-0.3889939
-0.057438795
-0.20729275
1.2075272
-1.7449572
1.173091
0.3596695
-2.1331005
1.1560286
-0.7933165
-1.5458729
0.05542334
-1.4620234
-1.9548354
-0.83178455
-0.051109858
-0.5972018
1.3129826
-1.4932956
-1.6590753
1.0061016
0.72043794
0.5852265
-0.29300505
-1.0036762
1.0802077
0.45082304
-0.0232414
1.1808906
-0.4033247
-0.5657681
-0.49357456
-0.6071334
1.5777092
-0.58451545
-0.9917456
-0.1398311
0.48258534
-0.8564807
-1.3546082
-0.6688723
1.1886677
-0.31745186
0.7384938
2.1303833
-1.1432965
1.0662575
-1.5430832
-0.65077037
0.14395444
-1.2276043
0.09628255
0.4755146
-0.7575454
0.15713531
1.2676629
-0.5922719
-1.4112898
-0.064762495
0.5525741
0.064801835
-1.0091043
1.1168735
-0.2579601
0.13972858
0.88718224
-1.1396277
-0.2831746
0.37863696
-0.19342054
-0.61290556
-0.5851116
-0.27694172
-0.6420943
-0.97487026
1.1224897
-1.125034
-0.9954368
1.4472703
1.2961203
1.5805966
1.511007
0.50509524
0.6160126
0.57349753
-1.5167457
-1.017268
1.9789593
-0.0893755
-0.54780483
-1.376874
1.7599068
-0.76432467
-1.2419448
-0.7645345
-1.3965756
0.1697399
-0.57644606
-0.18200447
0.018141944
-0.26886976
-1.0856416
0.048767217
-1.5409963
-0.5106255
1.113696
0.31336188
-0.24858217
-1.6280066
-1.5173194
-1.381093
-0.5747211
-1.4514031
-1.3727903
-1.3373085
1.0614994
0.022174092
1.6304274
-0.81189346
-1.3847042
0.3231304
-1.5134504
-0.032295022
0.45563984
0.6122364
-0.26037493
1.1473781
-0.05865179
1.3556194
-1.2556858
0.99707294
-1.0809671
0.15167993
1.0933927
-1.5344272
-0.04843488
-0.32815892
-0.3738419
1.0287192
0.67460215
0.38068828
-1.0896753
-0.45895875
1.3578264
-0.12803133
-0.072532415
1.2487936
0.61564374
-0.108258195
0.14107017
-1.5205278
1.1526244
-1.7561775
0.6827519
1.006879
0.85840815
-0.9379191
0.06930078
-0.65805256
1.4561603
-0.2087236
-1.4582026
0.4426331
-1.2640427
-0.6398088
0.9742648
-1.0330873
1.4427712
0.5486283
1.1003782
-0.0065522394
-0.63565373
-0.94364595
-0.45451093
0.06954026
-0.085282505
-1.1201291
-1.5441759
-1.4857397
0.3476585
0.22253409
0.36033878
1.1439321
-0.8785417
0.75267404
0.9182497
-1.5624273
-0.66659355
1.1401807
0.11842435
0.13803728
-0.82242405
1.173936
0.108554035
-0.42606696
-0.634528
1.0156295
-0.72164893
-1.3313946
0.098676406
-0.8177373
1.3962433
1.4862896
1.4873768
-1.3590748
0.27165392
-0.47020456
-1.3704176
-0.088217914
-2.0743444
-0.22622736
-1.3522072
-0.07449601
-0.26160923
0.02872851
-1.203834
1.5346551
1.3741997
-0.4998924
0.24326462
0.0285353
0.61307245
-0.12226986
-0.8059091
0.5421875
-0.9247417
-0.5128424
-0.846651
0.7380778
-0.032108
-0.89377457
-0.49976736
0.08820189
1.8754222
1.1220937
-0.89979166
-0.07845349
0.044027466
0.12678811
0.08586917
-0.119686455
-1.4088438
0.355699
0.8520794
1.6817932
-0.25819197
-0.8171618
-0.37413338
-0.9262724
-1.4644387
1.6610172
-1.1233978
0.85987055
1.758878
0.63240016
0.057388317
-0.13103446
-1.5262064
0.8475642
-0.47386342
0.51608366
0.16487446
0.90265465
0.4837237
-0.007151513
-1.2858428
-0.31863478
-1.2547053
-0.48708567
-0.40801468
-1.6151463
-0.6981929
-0.7193946
-0.41198733
-1.3988985
0.94797635
0.41943452
-1.3326144
1.0323035
1.8212674
1.0991795
0.5101521
-1.1829451
-1.3709666
0.51093656
-0.95481133
1.4409183
-0.32465392
-0.051592257
-1.1561606
-0.83008146
0.8390034
-0.707641
0.05214505
-0.67632395
1.2884071
0.24110858
-0.6447974
0.4341276
0.5999613
-1.350037
0.4855911
-0.68941253
0.30701053
-1.2719235
-0.48779058
-1.451378
1.5178474
1.4269325
0.029691312
0.78710043
-1.1980813
0.7549987
-0.502802
0.9929609
-1.7782267
1.540553
-1.3244704
1.0772195
1.4931389
-0.4843949
1.7124122
-0.10902604
0.03398283
-1.1892352
0.16939825
1.2702959
-0.35015586
0.7985128
1.844368
-0.18803641
-0.1415023
1.5930225
1.5957481
-0.24620731
0.2272758
-0.6170876
-1.8594013
-0.07434316
0.7980455
-0.010517374
0.06765811
0.685012
0.73291487
0.23634574
0.6839814
0.042499814
-1.4178302
-1.2641193
0.22691672
1.1179366
-1.3341904
-0.06645362
0.28390664
1.2092373
-0.10062929
-0.2044156
-0.62006986
0.40133035
0.042165447
0.6817859
-1.6007904
-1.367689
1.8590316
0.0041292417
-0.08774229
0.089468926
-0.4335463
0.15088768
-1.3141253
-1.64947
-0.2476151
-1.1268357
-0.07891455
0.7013425
0.03644804
-0.6209688
-0.22454162
-0.187492
-1.3755951
0.39651334
-0.9743595
1.279664
0.5153111
-0.3477933
0.46722242
0.68951803
-0.8575052
-0.6182785
0.14292003
-1.323196
-0.28471944
-0.16316697
0.7425001
-0.20405503
1.4608397
-0.9782709
1.0357475
-0.06263208
-0.92491776
0.90201956
1.4226656
1.0023702
-1.9119059
-0.22507969
-1.7635174
1.7454011
-0.20154609
-2.165748
1.5225008
0.9141197
1.5499356
0.7679208
1.3149993
-0.0011329202
-0.24511683
0.995719
-0.3030869
-0.90436316
-0.18690275
-0.051379822
-0.65889573
0.62407976
1.9834286
0.01593354
0.8569816
-0.31917667
-0.13025852
-0.30656034
-0.9198319
-0.71896493
-1.1855763
0.14925565
1.4527367
-1.7227051
2.0420535
-0.310958
-0.21583715
-1.18221
0.22894712
-0.13348752
1.5401517
-1.1387316
0.8755425
2.2319913
0.700913
0.1878683
-1.410765
-0.29485726
-0.04147239
0.5537627
-1.6804743
-1.2018193
0.6345254
-0.3077373
-1.765453
-0.7269003
0.42136973
-0.76608396
1.1168625
1.294627
1.9682876
1.4386063
-0.6904881
-0.35657254
0.39563698
-1.4729866
0.33208057
-1.2277625
-0.92677814
-0.11005469
-1.1575602
-1.2516661
-1.1671897
0.13859798
0.45500392
1.2395848
-0.30172345
-1.1498804
1.865791
1.4057574
-0.923175
0.639162
-0.59990776
0.04545372
-1.5238235
-0.0009808167
-0.17741008
0.026071815
0.9076424
-0.5414481
-0.041860774
1.8494551
-1.7528449
0.661109
-0.14933144
-0.18618402
-1.1585357
-0.015261172
-0.77665436
0.91126466
1.6014901
0.33438596
-1.5347292
-0.8935692
0.40722612
0.4189063
0.9933832
1.2085953
-0.10164292
0.0885317
1.2151762
-1.1257601
0.8142456
0.17907058
-0.7417989
1.1768537
0.3908312
1.1592577
-0.4548109
-0.38167313
-2.273822
-1.3862689
1.3646662
-0.89166415
-0.2867527
-1.3037775
0.8081167
0.3323217
-1.4689643
0.030519143
0.385442
0.033841588
1.1068895
-0.46500343
-0.33142206
-1.5901822
-0.6657869
0.31031632
0.52008814
-0.53787255
-0.44338074
0.2463745
-1.0433266
-1.0848835
1.2807462
0.041581847
-0.6385075
-0.9199542
-1.2075533
1.363685
-1.8770505
-1.3827344
0.041175928
-1.1874902
1.0442183
1.8942301
-0.7856768
-0.89713264
-0.08535233
1.0895214
-0.40389022
-0.17459539
-1.1713809
1.50877
-0.8290202
0.04247455
-1.2043293
0.6597753
-1.6195115
0.060944002
-0.52961147
-0.16623707
-0.6911515
-1.0687133
0.13286293
0.46261144
-0.46560818
0.6098647
-0.6456707
0.1098476
0.93416595
-1.7189597
1.056582
0.8094577
0.7024566
-1.6166761
-1.1139249
0.92322457
-0.013861823
0.29624853
1.6243994
1.5620836
-1.0424069
-1.1373658
-0.37032336
-1.5573044
-1.1065463
1.6268648
0.7696571
-0.18879288
-1.0022185
-0.8733099
-0.4812328
-0.7328071
-1.7583921
1.0156537
-0.899488
-0.74099916
0.906567
-2.0222552
0.69805294
0.17623425
-1.5133034
-1.1842245
1.7936788
1.1002727
0.68071914
0.18521272
-0.9144286
0.5924018
-0.09859031
1.2805437
-1.0984329
-0.88276577
1.2725526
-1.8301164
0.22411604
0.37211367
-0.07214406
-0.9830642
-0.15440981
-1.1645699
1.6661823
-1.7233398
-1.077147
-0.10041744
0.59992635
0.93366396
-1.7057192
-0.5664836
-1.318195
0.083968244
1.742155
-1.6029252
0.39935115
0.33891878
-0.3038576
-0.8974674
-0.77771163
1.5398307
1.0129285
-1.1825122
-0.037228335
0.64729196
0.26188105
-1.5042435
1.5092841
0.9250934
-0.31638527
-0.71951514
-1.1795995
0.30562112
1.1903534
0.2713503
-0.2715691
-0.2916628
1.3708271
1.6957059
-0.7445047
-0.23986964
0.11513249
-1.1510395
-0.9435735
0.56430066
-1.6728773
0.29783824
0.8163254
-1.270944
0.18592252
1.5203669
0.018626582
-1.8331139
-1.8677986
0.6489752
-0.28965357
-1.0354972
-1.4705559
-0.9524845
1.5609864
0.11562486
-0.6330111
1.9123144
-1.7349695
-0.9327162
0.13192044
0.18781108
0.90460545
0.8528534
-0.043846805
1.5090936
-0.59692395
-1.0085292
2.346189
-0.041496325
-0.43339247
-0.13506499
-1.1132599
-0.8572502
-0.13360113
-0.52998155
-0.6985948
0.13889056
-0.7897039
0.06376896
1.5152097
0.48971796
-0.6427414
-1.1722896
0.5251955
1.4751787
-0.38650203
-0.102192864
1.2014725
-1.0108715
-1.9991037
0.79915977
2.0669174
1.4512414
-1.1263565
-1.2547171
1.7889721
-1.2310499
0.9377111
-0.5680793
-0.08948497
0.9513515
-1.2988248
-1.2847984
-1.7499183
0.5093117
-1.3078673
0.12737663
-1.4355508
0.7552177
-1.766351
-1.4255615
-0.83838665
-0.085256256
0.58680475
-1.2029771
0.14776209
-0.30991745
-1.0261238
1.1176455
0.1705067
0.9888982
0.38703993
-1.5857028
0.7388782
0.51475465
-0.95315886
0.47819105
0.14082272
-0.51787084
-0.12325834
-0.59819204
1.2771614
-0.013536264
1.5719163
-0.1836334
1.2126263
-0.28419423
1.5211908
-0.35107514
0.16015543
1.8115591
-0.31968844
-1.6419234
0.6780503
0.5164923
0.5039649
-0.33804765
-0.32669717
1.4572785
-0.33256584
-0.5105759
-1.7352326
1.5078473
0.61390686
-1.1664773
0.22474372
0.23343094
0.23135737
1.1403419
-0.21010822
-0.24118525
1.7686131
1.9456832
1.69907
-0.9600438
-1.4602988
1.148528
-0.28861767
0.8978101
-0.847555
1.8648493
-0.10026143
-0.561945
0.31181407
1.0406158
-1.3543344
-0.06913926
0.13956083
1.2470667
1.333566
-0.6254022
-0.17894544
-1.427208
-0.5109917
0.7640594
-0.26130623
-1.431565
1.6336484
0.6749799
0.10491024
0.6372679
-0.7095944
-1.1477056
-0.017988576
-1.1572872
-0.42873088
1.7362392
0.9625678
-0.5741841
-0.58466035
-0.27096462
-0.33223855
-0.37533012
0.6833313
0.16276829
0.17953852
0.48488128
-0.21850671
-0.4372801
-0.3157474
-0.7538792
1.306113
-0.14843537
1.5225846
-0.5611321
-0.27050692
-1.6481524
-1.0497953
0.19663678
0.26575717
0.4230033
0.03536555
-0.797366
0.120916784
-1.6941559
-0.38166717
1.0056131
0.55405784
-0.2800384
-1.6332607
-0.73010325
0.16468531
1.7607025
1.1484907
1.1518799
0.9892026
-0.7511597
-1.2518033
-1.3133452
-1.827277
0.9682708
1.1341152
0.26871422
0.5248426
-0.80945945
0.18416545
-0.3453286
-0.4765456
-0.06846358
-1.9864318
-0.82862425
-0.0037363085
0.2778801
-1.0746853
1.08935
0.8574314
0.5468279
0.045450885
-0.9272639
-0.0069546583
-1.0301478
-0.8884963
1.3323113
1.5276062
-1.4969321
-0.2650766
-0.28105554
1.4493798
-0.9330835
0.52169293
0.91621155
1.1600875
-0.71889085
1.5419676
1.6235095
-0.87148535
-1.2861944
-0.427922
-0.36632034
0.53736037
-1.03931
-1.2764763
0.56638795
0.9415552
0.25570202
-0.30047452
-1.4113191
-0.91295505
-0.2800372
0.6776784
-1.5763774
-1.8762385
-0.6711195
1.5387255
-1.313632
-0.74367326
-0.6487635
0.35010192
-0.009484119
-1.2341031
0.1878802
-1.0693452
0.27520368
-1.5876706
0.10140854
-0.118867144
0.111459315
-0.33957335
-1.174096
-0.81437916
1.4471114
1.2302823
-0.47849667
-0.818215
-1.6540657
-0.42519417
1.2929362
-2.0402246
0.42177036
-0.4291829
2.0227273
-0.4922157
-0.96520275
1.3558092
-0.04530093
0.20202512
1.2984908
-0.57089186
0.77306235
-0.21400088
-0.16589577
-1.4516162
1.4237912
-1.2027861
0.08812318
-0.9026648
-1.0573564
0.2899454
1.6475794
0.64715195
-0.02472846
-1.3519144
0.35982582
-0.2779716
0.78203624
-0.94546056
-0.68153465
0.44639277
1.2912091
1.5713199
1.0722566
-1.4900639
0.6749295
1.7783659
0.9534563
-0.60800767
-0.87776417
-1.0271388
-1.3223171
-1.499723
-0.76775175
-1.5603114
-1.3093725
-1.5057263
-0.26900128
1.3235228
-0.4833551
1.4374604
0.638435
-1.0774508
0.21764876
-0.6866788
-0.16503876
0.36285603
0.6124876
-1.1291912
1.3541737
-0.7919359
-1.216547
-1.4177701
-0.2926181
-1.0724823
1.3691108
-0.6595409
-0.395849
0.55614907
1.2737446
-0.25696158
-0.8831705
-1.0204563
0.36298576
-0.06980335
-0.4219824
-0.0033282575
-0.861433
1.0607961
0.35661027
-1.1141734
-0.5542307
0.47673097
-0.9818357
-1.1513163
1.4877768
1.8008316
-1.4667112
0.004663331
-1.3641858
-0.75879556
0.63618904
0.2188224
-0.07485019
0.41407844
-0.42966774
-0.7263676
-0.062007103
-0.7684858
0.3894154
-1.2995588
1.3513813
-0.013403908
0.0023153704
-0.36181864
-0.3283822
0.8788302
1.0518533
-0.8784059
1.5394009
-0.8271046
0.980989
-0.27889866
1.535974
0.15131183
0.5457115
-1.4942603
-1.257448
-0.15292102
0.31957108
-0.23054765
-0.5626763
1.8368548
-1.23162
0.35137215
-1.46501
-0.29862055
1.8245077
-1.8618635
1.9650413
0.38622686
-0.52392966
0.3426284
0.74132985
-0.1816699
1.0023134
-1.4301463
1.342515
0.049775418
0.27013603
-0.6925175
0.3935714
-1.2322736
0.39058584
-0.15789449
-1.370455
1.4146591
0.06583202
-0.38003677
1.2691617
1.2592651
-0.87140226
1.0169948
-0.1610528
-0.86219645
-1.041604
1.9030681
-1.8946041
1.8286538
1.3553753
0.7594167
0.21494547
1.8041707
-1.9996004
-0.32117903
-1.0593657
0.8145814
-0.2458777
0.98932517
0.12332911
0.18597679
0.65498924
1.281506
0.28053448
0.17380558
-0.14524926
0.6063708
0.4367388
-0.52370995
-1.8996191
-1.1638563
1.2563115
-1.3451126
0.13458526
2.448437
-0.59605706
-0.30505776
-1.05159
-0.19242571
-0.074415475
0.9104574
-0.7798356
1.4764357
-0.022009555
-0.26941383
-0.26001063
-1.4513648
-1.0348113
0.043859217
-1.4270594
0.18953237
-0.61051184
0.052686214
-0.7801485
0.4610563
2.180895
-0.594821
-0.84746253
-1.0852947
-0.04798198
-1.1322521
1.6420137
-0.23658612
-1.714988
-1.060831
-0.8231567
-0.24679032
1.3821645
-1.330824
-0.39652345
0.6961505
-0.7925427
-1.3326634
-0.79635316
-0.48049474
2.0629177
-0.19030072
0.52623725
0.2706534
-0.15690719
-1.1776257
-1.0106926
0.07430444
-1.4526933
-0.38928127
0.59367836
-1.0690106
1.490867
0.60707337
-1.0597186
-0.24560145
-0.0031263777
-1.1878629
0.47120804
-0.4344659
0.13425948
1.7215486
-0.59711033
-0.17877536
0.8873418
-0.014410942
0.906133
1.2136607
-0.046979547
-1.1497892
0.6582872
1.2419822
0.4612873
1.3440903
-0.35639307
-0.4269655
-0.115610585
1.152399
0.27120832
-0.20848496
-0.08927733
-0.65137553
-0.31483614
-0.03600329
-0.95626265
-0.43106014
-0.21577685
-0.86675006
-1.4570332
1.1991705
-1.2085199
-0.14059696
0.84254
-1.5701014
1.6598251
0.2740382
-0.084554136
1.4386342
0.63053
1.1673696
-0.08234968
0.0029182392
-1.1716264
-0.80840933
1.2417481
-0.7626084
0.081738256
-0.19000606
0.41345644
1.1306833
-0.9995719
0.60638624
-0.702293
0.30899662
0.49399924
0.07471109
-1.2243676
-0.1670231
-1.1808182
-0.18788734
-0.55911386
0.103367336
-0.3225504
0.63771546
-0.655278
1.2940923
0.4559951
-0.3959163
-0.041700605
0.58740526
1.3649932
-1.2264526
0.54292387
-0.6884276
-0.9002006
-0.15348168
1.4208112
0.6410272
1.1711338
0.24933726
0.5697814
1.8898476
1.6505612
0.43485123
-0.7003815
-1.4863364
-0.46344778
-1.4471141
0.2304948
-1.3661182
-0.9471899
1.4202615
-1.400744
1.0946083
0.19112705
-0.9833157
0.8733424
0.26443827
-0.8467922
-1.107403
-0.6706855
0.9174302
-1.7273659
-0.24841022
-0.4903696
0.08185128
1.0363885
1.132426
-0.09040742
1.0353528
0.46427864
1.9148365
-0.5425344
0.77120763
0.21775798
-1.0110447
-1.5365988
1.2072856
1.4236002
-0.16246933
0.73029035
-0.34115574
-0.046743326
-1.6921635
-1.225783
-1.7800661
0.7223619
-0.5417827
0.3528796
-0.49187988
-0.99506783
-0.7946681
-1.838705
-0.33658752
-0.7647018
0.06260282
-1.3582001
0.8709807
0.15945691
0.4339352
-0.9327532
0.7787313
-1.2845261
0.28332368
-0.7622545
-0.86733085
-0.87111187
1.5633225
0.7548187
-0.8717286
-0.9172351
-0.22770157
-0.32460767
-1.0314009
-1.1940573
-1.1983471
1.2775553
-0.69464445
-0.45226902
-0.35864493
-0.2870904
-1.4007071
-0.4617294
0.8819727
-0.5996177
1.6864558
-1.3087789
1.8046105
-0.47701246
-0.86858636
-0.8569703
1.285997
-0.9076088
0.492504
0.33328545
-2.0969238
0.9255566
-0.79567635
-0.6467332
1.2320405
-1.3876684
0.22231705
1.5994433
-0.6791799
0.3025003
1.1790956
-0.7944275
0.8746858
-1.599542
1.6823645
1.2225099
-0.22544572
0.2689852
-0.6888977
-1.2974705
0.54170966
-0.2230266
1.6063998
0.1916146
0.64839196
-0.046045363
-0.94577444
1.1349474
-0.009553734
-0.56420344
1.8668684
-0.19150297
0.18893822
-0.3903276
-0.95500696
0.3678034
-0.957513
-0.019208785
0.639199
0.44602358
1.9778045
-1.3868724
-0.6091943
-0.023188569
-0.74359864
0.11787232
0.72456354
0.7347198
0.034999065
-1.2007929
0.111766435
-0.99850714
0.72351533
0.7689093
-0.85470885
-1.3341252
-0.6993712
-0.08329092
-0.5864896
-0.84668857
0.99214095
1.8126048
-0.15913264
1.5038524
-0.106400415
-0.33578882
-0.6138196
0.63391954
-0.6235316
-1.0054814
0.41671106
1.8453224
-0.026573094
-0.4536603
-0.9928743
0.044802554
-0.17974192
0.15237398
0.15599509
-1.4333981
-1.3304241
1.0721163
0.62612677
0.4956882
0.036180202
-1.5420712
-0.33019784
0.030324353
-0.6652391
0.41097856
0.53748906
-0.5332704
-0.8273051
-1.03384
-1.2201362
-0.9535215
0.74696124
0.28108445
-1.0227252
-0.29805726
0.05140041
1.5730939
0.35606313
1.9710875
-0.75617385
0.69749075
0.34008294
-1.3730439
-0.26844516
-1.3787011
-1.5260218
-0.9746249
0.45950538
-1.2359538
1.1661875
-0.1321145
0.51473033
0.59586775
0.9503343
0.27901286
1.5070634
-0.12548988
-0.53474593
-0.56747884
1.464722
1.2681326
2.2037568
1.663455
-0.4228143
1.1082228
-0.9015897
-0.47538847
-1.7504969
1.1861726
0.3839673
-0.22655213
-0.64575595
0.6472386
-0.85709715
0.27653667
1.0990204
-0.3983125
0.057638425
0.0075613135
-0.4139161
-0.9410611
1.1741248
-1.07186
1.1509874
-0.5694539
-0.93862903
-1.8157581
1.2754011
0.80859727
-1.8972899
-1.1048789
-1.6929034
1.1569967
1.0534267
1.2958324
-0.9812223
-0.99003303
-1.0645981
-0.5949554
-1.7301129
-0.8666982
1.5354044
-0.16674748
-1.391777
1.171597
-1.120028
-0.7251792
0.067602746
-1.341583
1.6531934
0.7569158
-0.1782253
-0.5601031
-0.6995828
0.2957226
-1.1588563
-0.18160866
0.24681424
0.9142352
-0.1731884
-0.28202903
-0.93014073
-0.2855323
-2.101603
2.0187478
-0.0027805567
-0.4662934
1.7449689
1.2605543
-0.80962104
0.7676716
-1.1460385
0.08491836
-0.67777836
1.0296755
-1.3150522
1.0321116
0.6478151
-1.005583
0.15274724
-0.4693748
0.9884887
-0.27886286
1.1924757
-1.4854337
-0.22195452
-0.6635608
1.2267946
-0.8161986
1.0159018
0.13918738
1.1126628
-1.7594085
-0.9331026
-0.76246196
-1.1619676
-0.42953715
-0.5940278
-0.89195216
-1.6510756
-1.0452237
-1.1482873
-0.090002745
-0.79189074
-0.41702202
1.1114025
-0.32856423
-0.44647717
-0.8716253
1.541298
-0.35015383
-1.693462
0.3535947
-0.54303545
-0.29301134
-0.17616585
-0.05018702
-1.5443685
-1.3647794
-1.064755
0.92723435
0.2504608
0.824914
-0.9203973
1.8426086
0.15316403
-0.08876467
1.3569884
-0.5276315
-0.28202397
-1.2266845
-0.6092938
-0.43226263
1.1861991
0.41167715
1.0628124
0.1318041
1.2187029
1.5266111
-0.47073036
-1.6441634
-1.90009
-0.1333433
0.25387612
-1.0943805
-0.5362836
-1.5360254
1.2107077
-0.8622468
0.048602734
1.6907561
-1.4934062
0.9661515
0.4569751
0.6313122
0.9107386
-0.20794939
0.27638
-1.1799479
-0.98958206
1.506637
1.5917225
0.38730323
-0.5593189
-0.4347689
-0.4499001
1.9785588
-0.7121306
1.8903546
0.20516123
-0.9115984
-0.07749512
-1.171499
0.6438952
0.37449157
-1.1258738
1.699632
-1.5062327
-0.8492672
-0.12235659
0.9230516
0.0816574
-0.35386586
-0.42746553
0.5590302
-0.9744712
-0.9288156
1.3605419
-1.137
-1.0737948
-0.6967337
-1.4259068
2.3964787
1.244128
-1.9748709
1.1434855
0.42544138
-0.98240805
-1.1190683
-0.09338536
0.20252687
0.36038288
0.09600289
-1.3773828
-1.3810496
-0.076795116
0.23679036
1.2758594
-1.10038
-0.32601908
1.3457794
-0.072384916
-1.1226325
-0.70722634
-0.2692101
-0.5495895
-0.7148521
0.6460523
0.9844309
-1.560054
0.26438457
0.5087142
0.8419845
1.9092668
-0.6277705
-0.94617593
0.33352488
1.7663293
1.2731647
0.122769706
-0.081145994
1.099655
-0.9405453
-0.96778727
1.9567413
-0.08677403
1.5963413
-1.101377
-1.6525714
0.7962666
1.1299027
-1.7665586
-0.4335754
0.845313
0.40241048
0.3096993
-1.4039485
-0.24038221
0.10620893
-0.46591768
-1.2632492
-0.60494614
-1.5644063
-1.201559
0.56026876
0.42044234
-1.055466
0.39158243
1.7243507
0.68124616
0.10380272
1.6075456
0.3672468
1.3545884
-0.15429482
-0.24414647
0.35374334
-0.4507144
-0.67975855
-0.2992109
-1.6588596
-0.10585625
-0.9210603
0.3559442
1.395105
-2.0128398
-1.1060889
0.37914932
-0.369875
0.95244217
-0.6246319
0.23207091
-0.90359116
-0.31365243
0.7751286
-0.23017664
0.42566204
-0.1922357
-1.2374556
-0.28082538
0.41771656
-0.38245034
-1.4958339
-0.5041807
-0.67185545
-1.2175976
-0.22040215
-0.73609555
-0.8037269
0.8582401
-1.8171902
-0.18384889
-1.1782789
-1.6550856
1.6704047
-0.68139917
0.21745342
-0.26267338
1.5209719
-0.25051716
1.7233856
-1.0893971
1.2022711
-0.31094664
-0.14804737
1.1151788
1.1025007
-0.776169
-0.38392124
-0.018081559
-1.4032302
1.4148158
0.023504619
0.7060746
-1.1857427
-1.228135
-1.0816209
-0.23933978
-1.5791414
-0.28210032
0.17259303
-1.260557
0.2673035
1.2636402
0.3744079
0.78614306
1.0410062
-0.68211114
-0.6514224
1.3482155
1.3275379
-0.16458952
-0.46461672
2.0979576
-1.424497
-0.76131946
0.5789589
-0.88823044
1.3181754
0.10632385
0.2818244
-1.488653
-0.53359133
-1.7386973
-0.87913024
-0.20305574
-0.31489575
-0.62068105
0.7019624
-0.6022254
1.6480927
2.1288652
-1.1957297
0.4096162
-1.1033689
-0.15969554
-1.0476801
-0.23382843
-0.14250316
-0.103421815
0.25633615
-1.3166999
-1.157289
-0.48601896
0.8566064
-0.11963312
-0.5372387
-1.8720193
-0.22516206
2.2624402
2.0178125
1.0108527
0.19717063
-0.43558085
-1.6844411
-0.65116274
0.8046193
-1.3249519
-0.10432294
-1.660054
0.01945609
-0.28160203
-1.5360234
-0.8655162
0.48756066
-0.23031165
0.75715935
1.0264263
-0.90138453
1.1906506
-1.1694413
-0.1210206
-0.06662785
-0.31859058
1.3354083
-1.0409275
0.22804117
1.6012402
-0.05919554
1.1447909
0.1514008
2.1714754
-0.28044388
1.6065645
-0.31142324
-1.5913166
-0.37609184
0.43364763
0.67045385
-1.5781696
-0.082856014
0.8306277
0.9307474
-1.0036916
0.26067504
-0.6829457
-1.2647249
-1.2924457
1.4149426
-1.172111
1.1853901
-0.0075835157
0.6964903
0.9878986
-0.5884346
1.0495627
-1.5707775
-0.65379184
-0.3742342
-0.6983294
-0.6171423
0.42571825
-1.6258152
0.09929889
1.4233043
0.46899915
-1.0478605
-0.866932
0.63636434
-1.6429806
-0.44045484
-1.4626702
-1.0819328
-0.93279463
1.2530531
-1.5455096
0.63535476
-0.38485542
-0.5377567
-1.1699858
-1.3984109
-0.45027077
0.0099681085
-0.5118035
8.109212e-05
1.0616486
0.55870855
1.0729687
0.6443543
0.14520922
1.222662
1.0064075
-0.1055971
0.5166658
-0.070357285
0.7212903
-0.12197273
1.8001723
0.07100408
0.42502356
-1.6966383
2.0233216
1.9861436
1.3524078
-0.6788643
0.32819033
0.7513046
1.2481233
-0.89163756
-2.2464824
-1.2836819
-0.677871
-0.8774046
1.755489
-0.5163707
1.8694872
-0.13903213
-0.015117502
0.77835965
0.075778686
-1.1817609
0.6962033
-2.0366616
0.36682087
0.15571827
0.5396038
0.8646082
-1.7388585
-1.67375
0.25430793
-0.02998898
1.4023389
0.38737303
-1.2881305
-0.44208497
0.016534926
0.14871214
0.07949486
-0.66265005
-1.150295
-1.7042656
-0.71826816
1.7462329
-0.7868542
-1.1529431
0.3995697
1.0666549
-0.00232744
1.1411545
-1.3178759
1.9689118
-1.2538446
-1.2867031
-0.13194996
-1.6100216
1.9750679
0.92839944
0.9419696
-1.478832
-0.7628639
-0.3965214
-0.13643497
-0.22652476
0.99067765
-1.6024806
1.0317999
-0.22351833
-1.2296695
-1.3580283
1.0229794
-0.8317778
0.34304437
-0.038075425
1.3698578
1.8361026
2.148325
-0.25348282
-0.16086414
1.3735166
0.18798211
0.22429422
-0.49808282
-1.3632541
-0.23425809
0.7317784
-0.3328393
-0.9955269
-1.3965465
-0.59717274
1.3013352
0.85856605
-0.30437255
-0.24328376
0.523515
-0.96747
-1.5760683
-0.08316666
-1.0119523
-0.722182
0.46790975
-0.8052218
-0.086304344
-0.5537795
1.3323575
1.0015066
1.1527582
0.53888506
0.3820345
1.2549163
-1.8083068
2.1179216
1.422995
-0.8322847
0.6770961
0.22086205
-1.6784203
1.5613234
-1.6127905
-1.2603676
0.11312483
-1.6241266
-0.94746184
-0.07591687
0.3089314
-0.22762433
1.2958882
1.5783553
-1.9758573
1.4767499
0.81123304
-1.2859039
-0.4241741
-0.77386844
0.07614004
-0.3679465
-1.5988382
1.4820586
0.4291008
-1.2753903
-1.3256528
-0.90475935
-1.014303
-0.42360154
1.3843863
-0.27225277
-0.879497
1.3176601
0.9744426
-0.13484591
-0.027892787
1.1346633
-0.269262
0.45989823
1.1130458
1.3348135
-0.29770643
-1.5539271
1.4753039
0.13803864
-0.1570737
1.5536596
0.50376344
-0.3759798
2.0272596
1.1339267
-0.029620146
-0.29770863
0.95617676
0.3302347
1.4076569
0.02762145
-0.43163106
-0.8125516
-1.0977981
-0.4931281
1.5536608
-0.24156001
-0.83714193
0.42283565
0.36722064
-0.73160625
-2.1923084
1.3930552
-0.97578883
1.4264683
-0.044812553
0.40738052
-0.24420519
0.44237846
-1.2738076
-0.08085641
0.15230434
-1.1537983
2.047982
-0.96424073
0.10665158
-0.5318542
-1.3542461
-0.41414344
0.50755346
-0.20835495
-0.4865151
-0.64578307
-0.20885539
1.44994
-0.402916
-0.31119844
-1.0261028
-0.124779746
-0.772269
1.2320955
-0.3694564
-0.51545215
-1.7780325
-0.33051205
-1.2005101
-0.8757748
0.365832
1.7278187
1.0041573
-0.93099123
-1.0137947
0.41926137
0.4322661
1.460125
-0.16680375
1.3182123
-1.3706042
1.7587558
0.3518196
-0.068618216
-1.3932348
-0.1294102
-0.86269367
-0.22187296
0.8353804
-0.8620126
1.2424753
1.4742547
0.22659838
0.5699479
0.6098328
0.2289285
0.13098101
-1.4937044
-0.13078707
0.09756687
-0.34138408
1.452116
-2.0095327
-0.8949207
0.096284814
-0.37326926
-0.62519705
-2.033654
1.5553783
-0.31395954
-0.5190327
0.7693279
-0.5863354
-1.2131033
2.051403
0.0027988814
-0.78594625
-0.9519927
-0.68354785
-0.71098536
-0.041205484
1.0950801
-1.4129697
0.38719726
-0.18812267
0.71677643
0.6942138
1.2145603
0.66897786
0.58033055
-1.4130987
-0.308267
-0.3746859
1.263633
1.0260737
-1.7836846
-0.6681569
1.0325325
-0.7082368
0.97008723
0.6296613
1.4515094
-0.6218271
-0.26190174
1.1148686
-0.5879133
-0.6009293
-1.2054282
0.032423165
-1.2222446
-0.6693823
-1.0025946
1.7527648
-1.077522
0.71709013
0.53832674
-0.30736428
-0.22219573
-0.77235824
-0.8643464
0.027396977
0.060688227
2.0927162
0.1752351
-1.4730694
-0.08617484
-0.9167257
0.26632828
-0.059613258
-0.44476813
-0.6106516
0.58100045
-0.2839213
-0.4733318
-1.7435665
1.7889619
0.43004504
-1.1835978
-1.2025722
0.048488613
0.20194858
0.060070515
1.3769859
-0.62528825
-1.1422939
1.7357303
-0.55139506
-0.039311968
0.34250814
-1.9285029
0.550771
-0.6742342
1.5840456
0.16746028
0.45833215
-1.0368801
-0.8719043
0.9518101
-0.7589103
0.14014898
1.8789165
0.39766273
1.5023746
1.6038678
0.4579146
0.7446936
-0.9412876
-0.89280736
2.0337257
-0.5708842
0.25398284
1.3864009
1.3763144
1.525996
0.81602985
1.419058
-0.4254381
-0.6451449
-0.97010314
0.8904718
-0.43008217
-0.9937678
-1.4244173
0.41346204
-0.07644926
0.9432381
0.44029665
-0.9318073
-0.6128826
1.3026881
-0.84634566
-0.13373193
-1.2160214
1.3251959
0.22893877
1.4172219
0.4772951
-0.61062026
-1.549445
0.013486394
-0.23569977
0.018450778
-0.16733693
-1.2878842
0.3715992
-0.642567
-1.2240788
-0.9965995
0.2772931
1.3950943
-0.3344717
1.1115434
0.77260596
-0.5034929
0.46598083
1.4654346
-0.9596431
1.2411338
-0.92455673
0.010537132
-0.025582008
-0.14269942
-0.6916223
1.3842832
1.8179991
-1.3961852
0.86963105
-0.31842604
-0.16750203
0.2764345
1.6781929
0.004411981
-1.0791516
-0.0223514
-1.0051328
1.3189837
0.6607995
1.0758395
-0.24835657
-0.37385365
-0.7347553
-0.30184412
0.6977816
1.093977
0.8307835
-0.7736314
-0.8266145
-0.9404561
0.18895437
0.35358799
-1.2470149
-0.19951484
-0.014269583
-1.5696963
0.9275471
-0.3717297
0.26932058
-1.2875288
1.6751376
-1.0167035
0.89628094
1.2181005
-1.1600993
-0.01630453
0.9693966
0.5019725
-1.4038528
-0.9381695
0.59177023
-0.09060985
1.853802
-0.7288291
-0.8073489
-0.13523996
1.3901503
-0.41442016
-0.27321297
-0.24445997
-0.32708588
-0.013978339
-0.28415212
-1.5637473
1.4514954
0.10763086
1.332886
-0.5080344
-0.20247574
-1.1444052
-0.8321829
0.231451
1.6874278
-0.2786614
-0.39382842
-0.048939016
-1.8690104
1.797308
-0.07150776
-1.4539412
-0.8441298
-1.3716811
1.1928743
0.9856789
0.22953014
1.2061222
1.0255625
0.1807475
-1.0547117
0.48836008
-0.08697518
1.8677399
0.57535493
0.8739114
-1.2457263
2.1182575
-1.7297329
1.2916273
-1.2386303
0.56537116
-1.3625587
1.1593652
-0.5348671
1.029508
-0.68996245
0.7963618
0.2055009
1.048083
0.4003567
0.015832806
1.3368942
0.81739366
0.2938291
1.6616758
-0.31499588
-0.68646604
-0.5353056
-1.0551987
0.6728456
-2.2595122
-0.941653
0.42744216
-1.645011
-0.79043925
1.0099503
0.60380423
0.8804461
-0.019131836
1.019518
0.99432504
-0.43158412
1.2573063
0.40546292
-1.291972
-1.43617
-1.3329793
0.21677805
1.0024807
0.9521042
0.37081596
-0.120491564
-0.8114893
1.3833104
0.18669286
-0.8661392
-1.3375939
-0.29833886
1.4611614
-0.7399372
1.6560041
0.14468066
0.6126779
-0.26477158
-1.2803975
-0.4650928
-1.3364257
0.5554908
-0.6235231
0.16295074
-1.2870922
-0.08020067
-0.39987853
-0.05588233
-0.10840171
-1.2613922
-0.085272975
-0.93200463
-0.089545645
-0.31275246
-0.41342887
-0.066710785
0.21796681
-1.2565534
-1.0959833
-1.2712914
-0.76935464
1.2096587
0.15345263
-0.20501328
0.23199116
0.05486766
-0.088811465
-1.0808756
-1.7233073
1.1929003
-0.4210938
0.85381216
-0.7796131
0.5408542
1.4933422
-0.0535426
1.2894909
-1.5525793
0.7377657
-0.26234323
1.4862535
-0.87265545
0.525247
-0.06429417
-1.9177552
-1.74634
2.0064652
-0.315251
0.2077761
-0.4682417
-1.4854019
-0.7464312
0.13799255
0.5305139
-1.1099337
1.4766437
-1.2415338
0.23453628
-0.45960817
-1.0747368
-0.7332177
-0.059477333
0.094939284
-1.0226752
-2.1421864
1.241453
-0.69472784
0.5678364
1.6342045
0.6841153
-0.4822253
2.0994318
-0.52405167
-0.30772197
-0.23676263
-1.2902583
-0.0107608
-0.9565874
-0.6824651
0.34495407
0.9175691
-1.9481487
0.017261706
-1.2118152
0.28820872
-0.028645324
-1.193244
1.4962993
1.2718763
-0.5108476
-0.8087162
-0.2157355
0.8127799
1.713725
1.2212896
-0.6458324
-0.6817855
0.11049168
1.794261
0.18885273
1.4141573
-0.4190435
-1.8396382
-1.4650168
1.0547465
-1.012613
1.1328735
-0.86187184
-0.9970994
0.8420901
0.4981553
-1.3136451
1.1728803
-1.589385
1.1557477
0.1088942
-0.74242294
-0.4324699
-0.08549803
-0.9765556
-1.9138992
1.3387622
-1.4518231
0.92454064
-0.30449468
0.66245925
1.1670306
-0.5834667
-1.2970091
1.3835627
-0.35135752
-0.04252633
-0.46954942
-0.53157866
0.5697088
-1.169249
-0.34772056
-0.23367256
0.4585889
-0.33398753
0.29113588
0.9040121
0.4236595
-1.3383862
-0.21635963
-0.9047562
-1.1085539
1.7764132
-0.4581246
0.40717858
1.7425083
-1.2045388
1.436612
1.4515879
-1.4928272
0.768338
-0.9869622
0.13730617
-0.458641
0.089843504
-0.69429225
-1.0792863
-0.19782601
0.078061126
-0.8060384
0.39572102
-1.1777191
-0.53136295
1.6223664
-1.5767351
-0.6581792
1.880074
-1.4613545
-1.2048057
0.04809271
-0.8035694
0.07269614
0.18351781
1.2557164
-0.40599933
-0.3505572
-0.53260255
-0.76882976
-0.04357047
0.91987056
-1.5369749
-0.082987964
0.47799376
-0.36375004
0.19620447
1.5259163
0.58610225
0.28309202
-1.5667087
1.3934209
-0.017995803
-0.39512867
0.025663316
0.37190157
-0.21860035
-0.3240414
-0.8282115
-1.0755455
1.2722441
1.7699788
-1.5198287
-1.4548382
1.0099705
0.92229015
-1.0335659
1.7339453
0.91159093
-0.39480048
0.2928192
-0.6442682
1.6122817
-1.0806582
-0.18631662
0.7404041
1.434181
0.07129949
-0.78313625
1.0295348
0.36663583
-0.9763845
0.77693754
-1.37639
-1.3885363
-0.26008612
0.90877783
0.54580075
-1.3105856
0.27070934
-0.04960746
-1.4412997
0.04511601
-0.42604387
0.2985073
-0.5045756
-0.87357247
-0.29018363
1.2087507
-0.54364234
0.6024872
-0.4170376
-0.1110064
-1.5672268
-0.9027483
1.0027622
1.6855835
-0.1996148
-1.3364999
0.049741823
1.6123155
1.0355289
1.6581068
-1.2771997
-1.5885522
-1.4872899
-0.62476677
0.46973687
-0.5824543
-1.6536906
1.3704232
-0.48652148
-0.110178605
0.07110316
-1.1117123
0.11158527
0.6183759
0.9957731
2.0101278
-0.39227527
1.935181
0.23958437
1.648289
0.544444
0.8929615
-0.043826617
0.03217489
-0.08561239
-0.9500792
0.4268125
-1.0005977
-0.28855735
0.8443168
-0.1877523
-1.4265732
-0.40045378
-1.3292993
-1.4256127
-0.9796392
-0.47095484
0.7033641
-0.38375533
0.8807985
-0.68119025
-0.6920806
0.053992055
0.55184996
-1.1283662
-0.10595338
-0.01129306
-2.2862866
1.5411682
-1.1908666
0.739645
0.93086326
0.23221606
0.516355
0.33426043
0.3559214
-0.081670955
-0.9194944
0.6937969
1.1292695
-1.7002932
-0.8100581
0.3214076
-1.0979946
1.4028785
-1.7901671
-0.2822015
1.3753918
0.65424556
1.013038
-1.051331
-0.70061576
-0.92094994
1.3365153
-0.727363
1.0963839
0.62709033
0.9400336
-0.8836127
-0.5880419
-1.1129012
-1.6978214
0.04350217
0.51154333
-0.7574296
-1.420015
-0.07057552
0.26316088
1.2222072
0.009568515
-0.024380973
-0.03427049
0.6089498
2.1776452
-0.32448435
-0.8767479
-0.8660501
-0.45483017
-1.4570956
-0.73205674
1.115421
1.2461352
1.5571579
-1.8832573
-0.96180713
0.24464773
-2.0923734
-2.0563948
-1.425924
0.11733127
-0.8075253
-0.7648761
-0.8302069
-0.92698956
-0.32786518
-0.79306555
-0.9640848
-1.2299708
-0.27965197
0.9951432
-1.6371996
1.6065606
-0.35016468
0.29191554
-0.7104291
-0.09304431
-0.23466527
-1.1907754
-0.25994182
-1.6320876
-0.6632791
0.63065964
1.7703614
-0.6997995
-0.8994639
0.5571322
-0.81005174
0.8044248
-0.20264845
0.59538305
0.13326816
-1.1740973
-0.13808657
1.0452989
-1.5833635
-0.08310473
1.3239295
-1.2554806
0.12390179
-0.1537477
1.8678113
1.6989731
-0.04159845
0.9485811
0.2882436
-0.62317175
0.6914174
-1.3139076
-0.029638898
-0.53068614
-0.28851467
-0.025919758
0.8882989
0.3792887
0.2675671
0.77769345
-0.6014126
0.4722196
0.23389584
-0.15302485
1.605868
1.9510441
-0.4591968
-1.4359107
-0.8368762
1.7236586
1.4451072
0.74789965
-2.113414
-0.8958787
1.30145
-0.4704861
0.10444925
-0.10482872
1.5285969
1.2372003
-0.73711926
0.9436698
-1.2294011
1.6352737
-1.0267416
-1.2643261
-1.4324756
0.7291473
0.20588115
0.74565345
-0.81904835
-0.04378566
0.21030799
1.6565151
0.77477604
-0.56116945
-1.003827
-0.5914358
-1.2810729
0.5198444
0.37532505
0.30509165
0.2578183
-0.85042113
-0.2904016
-1.4985886
1.0278287
-2.3461995
-0.25006667
0.03024348
0.31632346
0.29493383
1.1807848
-1.4856724
-1.3739339
0.30037946
0.645373
0.24554926
0.76362514
0.4930632
1.8033502
-2.1914003
-0.048377678
-0.08395786
-0.00950662
0.09761856
0.10722544
-2.0831013
1.2956146
-0.6332419
-0.25916836
0.45276415
0.31935847
-1.0506785
0.43248835
1.7804984
1.0533085
-0.3602932
0.6425151
0.5454534
0.9796213
1.7206464
-0.2368405
-0.85906965
-0.31915885
-1.0028732
0.9050731
-0.91510165
-0.86673236
-0.51562077
-0.5541205
-1.0818936
-0.5007971
-0.34568334
-0.019943796
0.29187098
0.18433636
0.28435007
-0.23774105
1.2038995
0.73889863
-1.7514191
1.8265167
-0.84353435
1.0699347
1.4119204
-1.6651344
-1.0342431
-1.2736118
-1.4053047
-0.25307748
-0.6397266
0.3325714
0.35808787
-0.36458823
-1.2236565
0.35058087
-1.1315597
0.17491885
0.03622521
-0.31259164
-0.749228
-0.3077945
1.9046454
0.09435367
-0.0982324
-1.6451885
-0.7909965
1.0936346
-0.910165
1.0031171
-1.0761034
-0.7111889
1.1461111
0.17412944
0.29538468
-0.800077
0.6976823
-1.432065
-1.8370568
-0.32477415
-1.326009
0.8617164
-1.1768761
-0.3107577
1.518737
-1.0486116
-0.8279886
1.1347901
-0.49475315
2.0680938
0.61269605
1.5212774
-1.1910759
-0.4679891
-0.14237246
0.12139872
-1.4078823
-0.37736568
-1.4577914
-0.00506153
-0.29796332
-1.4870056
-0.60155076
-0.3010696
0.106744885
-1.2177471
0.408056
0.13729197
-0.7053555
-1.3353372
-1.3945332
-0.2120057
1.9719057
-1.1628098
0.7415839
-1.7389872
-1.2064147
-1.6571952
-0.9897145
0.05317004
-0.83145624
-0.17972115
0.23221375
0.875417
-0.9657055
-0.43427122
0.070510134
-1.9395862
-1.4671465
1.255433
-0.08734261
-0.28220993
-0.35923967
-0.049407735
-0.5098012
-0.12636237
0.78709775
0.18096441
0.2023436
0.3843262
0.51744545
0.96112645
1.4731768
-0.21610363
-0.09372562
-0.16167177
-0.1469129
0.71549463
-0.065802
-0.28074756
0.18378809
-1.0489271
-0.7266503
1.5128447
-0.8393813
-1.4530003
-1.1554562
1.0422604
0.23532139
0.158229
-0.65427995
-0.55232465
1.3170277
-1.4274473
-1.0171828
1.8310164
1.1407701
0.8012295
-0.33687857
0.60519344
0.4715697
1.6276089
-0.5958772
0.79330564
1.8389355
0.7170159
-0.7820586
1.1857991
0.574776
-1.7937126
-0.5231827
-0.2257991
-0.030496117
-1.1453778
0.293599
-1.1187116
1.5789225
-0.77999336
-1.6520998
-0.58620924
1.5082747
-0.7165803
-1.5053782
1.3781353
0.08397713
0.5665763
-0.019108638
-1.1972404
-0.33579588
-1.5978376
2.0660582
1.638367
0.9082012
-0.50160813
1.8325429
-1.6931505
1.8698456
1.2233285
1.062026
1.6289418
-1.2233999
0.18975589
0.3168587
-0.18646757
1.283568
-1.314423
-1.4969422
0.39559287
1.0675719
1.1839793
0.008681814
-0.8456251
-1.1152471
-0.1490428
1.5838318
0.4531921
-1.3675873
0.24991411
-0.15274505
1.2669835
0.09488966
1.0297452
-0.4258083
0.7947022
-2.2540388
-1.6771827
-1.4075367
1.0682887
1.1587504
1.0675422
-0.2141387
-0.24267241
1.5264688
-1.1111042
0.8256187
-1.3588297
-1.5604826
-0.27601653
1.0070459
0.9788239
1.005081
0.044670876
1.2125942
1.941015
-0.04633792
0.4985389
0.7047068
0.3535285
-1.843047
-1.0489677
-1.5897617
-0.048185892
0.5885976
1.2649959
0.005362783
-1.3360376
-0.37445354
0.37200466
0.8448955
0.6950248
1.3849405
0.8485284
-0.38068935
0.27049616
1.3731759
-0.36585078
0.87585056
0.98690695
1.2106211
-1.5598799
-1.2135521
0.7763839
-0.7000378
-1.2220775
-1.5089557
0.0059636477
-1.4597496
0.957517
1.2243165
0.1299447
-0.51885957
-0.8792467
-1.4929055
1.1031787
-1.0538146
-0.9882797
0.26689824
-1.0052469
-1.0688014
0.45314157
-0.5315814
-1.6047274
-0.5684127
0.025216917
-0.7189831
-0.07387881
0.8853998
-0.7549046
1.1632297
-1.9740199
0.13357304
-1.152596
1.2583418
0.13287567
-1.3007251
-0.021503638
0.8420719
-0.5447125
-0.04326784
-0.8900112
-0.6860496
0.23099905
-0.08671671
0.32031196
-0.5647235
1.2243847
-0.33239025
0.4434867
-0.57769364
0.16816606
-0.47732586
0.5272046
-0.0067826584
-1.5826161
0.22916724
1.3567251
-0.10691516
0.77919436
1.1522938
1.3790994
0.076381065
-0.6754927
1.1335378
0.61505777
-1.5937394
-0.27418137
-0.033775616
-0.6624656
-0.8331919
0.7451426
-0.07309271
-1.4395845
-1.077275
0.34932178
1.203824
1.4952981
-0.84398806
-0.42502546
-0.3161564
1.4794819
-0.283394
-1.9614428
-0.866675
-0.54453737
0.6454042
-0.509182
1.6835619
-1.3829048
0.70854604
-0.60021627
1.116822
1.4826356
-1.1686062
-0.6039104
-0.5396018
-1.5564725
0.019296834
-0.2206256
0.025521792
-1.9552078
0.27519625
0.91677654
1.274385
-0.4926232
-1.8061885
-1.1114464
-0.8259871
0.49882984
-0.73675567
0.8849744
-0.8620843
0.93429196
0.86279774
1.6745105
-1.7981849
-0.42375788
1.3614137
-0.6275868
1.1228474
-0.26233223
-1.0773356
1.0014832
-1.2043835
2.1862621
-1.3952743
0.6400234
-0.18209612
1.2847068
-1.1150001
0.30985996
0.1718462
0.632334
-0.69520766
1.525724
-1.737811
1.4207808
-0.97226584
-0.9361156
-1.1957349
-0.24409771
0.15685315
0.83498245
0.9538461
1.3638022
-0.058106467
-0.9996245
0.25047597
0.3806879
-0.25810173
0.1772733
-0.84419996
-1.6435025
1.3671985
-0.68142253
-0.00225549
-0.6195848
1.2833955
0.84767383
0.17432497
-1.3707572
-0.07919719
1.0707815
0.76004463
-0.73013574
0.69168437
1.648617
0.03528533
1.7906837
1.619656
0.8920291
1.0610075
-1.7386496
-0.49825126
0.72910166
-0.8938403
1.1977183
1.5318075
-0.19012906
-0.9924215
-0.652787
-0.0030711542
-0.5180117
-0.7005779
-1.15964
-0.7844162
-0.20398718
-0.32848194
-0.21942596
-0.34801015
0.51122344
-0.45759606
-0.09329186
-0.8149795
-0.9136609
-1.6264448
0.2615271
-0.6252793
-0.55268043
1.9133726
-0.4443041
-1.3089936
-1.4685372
-0.23295075
-1.4045506
1.925675
-0.17932339
-1.0382453
-0.82519877
1.0237159
-0.28208548
-1.3233374
-1.1916237
-0.095495485
-1.3830612
-1.6790199
-0.012055702
1.9096243
-1.3119158
-1.20169
-0.28189993
0.22516361
-0.7345493
-1.4741067
1.0181729
1.0739169
1.0322744
-1.0447258
0.836814
1.0750868
-0.96494794
-0.82565606
-1.6568067
-0.8333561
-1.349627
-1.959973
-1.096147
-0.16169326
-0.38850936
1.2196183
0.3624444
-0.17332065
0.5990295
-1.497173
-0.17162491
1.394142
-0.06635567
-1.3344764
0.04984055
-0.06057007
-1.6438823
0.6737727
1.814392
0.6847479
-0.5654931
-0.4833009
1.1501423
1.4326862
-0.12688157
0.29069453
-1.4051571
0.32873625
-0.52994335
0.8724679
0.58849895
0.82415265
-0.7453744
-1.315904
2.1593945
-0.541782
-0.10324695
-0.01921771
0.5128861
-0.97696304
1.2073693
1.2160442
0.94626945
0.4829729
-1.305859
-0.31551525
0.906978
-1.3045726
0.8983073
0.47800523
-1.4200857
-0.073125325
-0.06181662
-1.0101418
0.24984908
-0.37691066
0.7035763
-0.61250836
-0.022263572
-0.28074157
0.8252394
0.5265868
0.058486164
-0.65519404
-0.77731
-1.3200355
-1.8996375
0.49436715
1.839601
-0.27284044
0.5080467
0.79613113
0.45074987
-0.64962786
-1.5011278
0.35433662
-0.07274144
-2.1144235
-0.4325753
0.7361293
0.231485
-0.32710263
-1.4084574
1.1558125
0.6904974
2.6079774
-1.3235586
1.9404022
-0.9347853
-0.09256354
1.7664998
1.4741234
-1.1765877
0.7564927
-1.6450535
-1.44243
1.2865039
-1.2711947
0.23413411
2.3369284
-1.046082
1.3908336
0.21014732
-1.2018223
0.014703973
1.396147
0.5490457
-1.5980932
0.42675835
-0.9617781
-0.114744864
-0.65073144
0.13992497
-0.5298196
0.89065754
0.01812504
-1.1704082
0.026853075
-0.6434075
-0.022420235
-0.7366208
1.1740342
1.257058
-0.96975356
1.6731836
-0.88035345
-0.16926107
1.1445688
-0.8614359
-1.4242878
0.53314376
0.9864464
0.24635322
-0.44420233
-0.6609642
0.2227084
-0.9904318
-0.104548626
1.8308121
1.1165519
1.1142719
1.2148087
1.0256379
-0.8661543
0.6065364
0.7138012
0.6831623
-1.2664026
-0.77326405
0.11395103
-0.5747555
1.1114631
0.097718395
1.6364349
-0.6771973
1.1525501
1.4934287
-0.36324722
1.1190162
0.018468998
0.14352182
-0.07735253
0.3511964
-0.39453858
-1.117135
-1.2853024
-1.3617736
-0.108672455
1.9521085
0.6692076
0.48949265
1.0021819
0.5679542
-0.56726646
1.531764
-1.2794038
-0.09321901
-1.4955018
1.3089658
1.1956671
0.06301468
-0.5373755
0.56485313
-1.8010576
-1.5388033
1.1302238
-1.4076297
0.9329126
1.5200412
0.12690157
-1.4213102
0.7305271
-1.1117139
1.3014339
-1.5345585
0.4773267
0.5710058
-0.45815998
-0.82424635
0.8616017
-0.22562313
-0.41623476
-1.5724945
1.0456169
-0.14351524
-0.13560936
0.2748906
-0.14033514
1.9505557
0.49298435
-0.43090564
1.3884013
-0.7734184
1.1073104
-1.5881959
-0.9249501
-0.4600335
-0.63379866
0.24453135
1.5411012
-0.4526003
0.15599522
-0.1273034
-2.0605798
1.2275312
0.33387533
0.20940253
-0.535482
-0.11860694
-1.7616204
-0.25527102
1.3581123
-1.6612434
-0.0017188332
1.496316
-0.17382778
1.4073527
1.7717109
-0.8223557
0.51355636
-0.5045476
-0.3352854
-1.2408984
1.2442214
2.1793516
-1.1252666
1.1287208
0.4553421
1.3543627
-1.2626814
-1.696746
0.48163247
-1.3144249
0.71124995
-0.85039103
0.8239378
0.8621954
-0.596041
0.655809
-0.5081156
0.6956805
0.73412895
0.0554581
0.0051860893
-0.25743777
-1.8281032
-1.758203
0.18097681
-0.30774
-0.26953351
0.35706013
-1.1390809
-0.05804534
0.79972064
0.34804854
1.1416054
0.40673986
-0.16084695
-0.13726793
-0.26738214
1.2288364
-0.31562614
-0.007152795
-1.104054
1.1597866
0.022955123
-1.3470842
1.6503363
-1.7253535
-1.0804026
-0.3096687
-0.7461393
1.1220986
0.71367484
-0.033677828
-0.48795727
-0.6469733
-0.8230343
-0.43171266
-0.6836217
1.3300148
-1.519774
0.5271489
0.4643373
-0.25626877
1.3882725
-1.0327401
1.6617146
0.934971
0.7743741
-0.51276803
0.3910342
-0.673086
0.53957236
-1.0955553
-0.7399133
-0.62826955
-0.10864571
0.6986872
0.8822692
-0.71336204
0.36744645
-0.6732888
-0.28534806
-0.030223507
1.2455509
-0.2650109
-0.977192
0.9296243
0.9798759
0.564088
0.35370117
-2.1974897
-0.4728909
-0.8085944
-0.94863236
1.0129379
-0.6787288
-1.3502606
1.1176155
-0.30552256
-0.9306197
-0.19300057
0.7096044
-0.10843141
1.8044333
-0.046660878
-0.4952514
0.114734195
0.41787073
1.478928
-0.3460798
1.1562744
1.284672
1.2780762
-0.19414955
1.0591364
0.71756184
-0.46865666
0.22096941
-0.89541835
-0.67613375
-0.92181265
0.010416439
-0.29581183
0.27360117
-0.5449418
-0.6353419
-1.7344692
1.6166397
1.8740599
-0.28844395
1.6927384
-0.59527254
-0.6074768
-0.7821521
-0.423945
-0.94504464
0.6637428
0.8097009
2.361451
0.8474646
-1.3001746
-0.50248796
-0.33832926
-0.28710994
-1.0708385
1.3892552
-0.023011569
1.5790133
1.4260463
1.5396063
0.32770762
-1.0125417
-2.0408056
-0.6331618
-0.36305875
0.29156068
1.1318996
-1.0161855
-1.1129441
-0.55827206
0.55981445
1.3250782
-0.49491674
-0.31960672
0.4003185
0.20907778
0.6457948
0.45427805
1.0091878
-0.5318771
-0.55394435
0.13096297
-0.08860809
-1.1449174
0.2514066
0.8057743
-0.40433955
-0.2700531
-0.92065996
-0.8660692
-1.2466929
0.8409807
1.993755
-1.3869865
-0.76055485
-0.33355132
0.28046566
0.26667428
-0.83126986
1.0506997
-0.04938365
-1.3108631
-0.77151054
0.47614655
-0.8429334
-0.72666526
0.9438473
0.3627849
-1.509432
-0.7963466
-1.0646628
0.25363094
-0.23023158
-0.24039873
-0.06865463
-0.38303778
-0.09941635
-0.5883583
0.056779798
-0.66632575
0.84044975
0.83190894
-0.29243582
-1.316055
1.14632
-1.2987062
-0.19168684
-1.2672827
-1.5393122
0.07245974
-1.6202106
0.20068936
-0.780184
0.057347722
0.61789674
1.5789393
-1.7983484
-1.7720553
1.9023856
-0.63168305
-1.1249946
0.8033622
0.41048566
-1.8307772
0.6447478
-0.89431244
1.1483502
1.8122952
-0.48156375
-1.4822385
0.49035403
-0.6852769
-0.8065375
0.8925871
-0.93625504
-0.2268423
-0.21283786
-0.31686383
0.16712657
1.0874816
0.9701531
1.1159804
-0.47419456
1.0151153
-1.4252977
-1.649764
0.9860513
-0.0060580447
0.23412754
-0.17217347
-0.8460419
0.6636017
-0.9428814
-1.3637352
-0.96176547
0.1287573
-0.29066646
-0.039166894
-1.6443763
-1.2469554
0.7798502
0.9555899
0.42429262
1.0541881
0.8734596
-0.51047003
-1.0899544
-1.1863933
-0.37430936
-0.34911218
-1.5735514
-0.19113022
1.5336242
-1.6490982
-1.1939653
1.1568309
-1.3025497
1.566216
-0.8141099
1.0483718
0.0035545453
0.99853736
-0.8811234
1.6882439
1.3785069
0.3823911
-1.3378859
0.7993016
-0.5979414
-0.18827645
0.9594147
-0.1318782
-1.6539414
1.0475237
-1.2391185
0.553301
1.2604492
0.99744666
-1.3849999
-0.48642492
0.07728064
-0.2466303
-0.15810579
-0.92581624
-0.3988436
0.53616285
2.4064326
-1.4620929
1.9258388
0.50459737
0.25277483
0.7212579
-0.31656292
0.5335618
-0.07384715
1.1658709
-0.08396305
-1.027121
-0.51651293
-1.1775405
0.38400543
1.6475596
-1.4121847
-0.37117648
-0.10586786
0.28812313
-0.10609751
-0.301655
-0.43014023
-1.0798672
0.48774195
-1.2847315
-0.21566088
-0.10462238
-1.1294413
2.2446864
0.8071465
0.62425727
-0.17655303
-0.48972347
-1.0654476
0.7775024
1.6282679
-1.0651716
1.1509335
-1.0014024
1.1130887
-1.2256522
1.0881855
0.9063477
-0.14929833
1.417336
-0.14717941
0.9602314
0.98799956
-0.6424295
-0.98879874
-1.8001322
-0.19254039
-0.5059769
0.22834072
0.7116606
1.3284026
-0.3146148
-1.1375711
-0.3575169
-1.1663524
-1.0293808
1.0631734
0.6227188
1.4998176
0.6655038
-0.41620323
0.058977388
0.10856268
0.22986196
-1.4101928
-1.1970701
-1.7825948
0.6035746
0.7409349
-1.0065495
0.7587819
0.3361624
-0.21444896
-0.31230792
-0.8390164
0.71046317
-1.1838781
0.43463883
0.9270997
-0.397542
-0.033154555
-0.6355657
0.8317956
-1.1516764
1.3194044
-1.0266645
1.2124598
-1.4565294
0.10184578
-1.2267876
0.7196637
0.21110581
1.5259235
0.051259264
1.1506628
0.7337313
-1.3839788
-0.62449026
-1.3306545
0.16338289
-1.3343837
-1.4004767
1.3269416
0.37607747
1.5298703
-0.028622095
-0.18174309
0.21904853
-0.47448146
-0.38287616
0.6825051
-0.97558534
-0.98909867
1.1445154
0.011312467
0.43062818
0.05399003
1.2047285
0.38714764
0.40969455
0.7776971
1.0779732
-0.9352529
0.089629434
0.014322506
-0.4852488
-1.5397753
-1.8121734
-0.84162515
-0.539112
-0.5379734
-0.913056
-0.7214995
-1.2721459
1.1828328
1.4323819
0.62680763
-0.51916647
-0.50669074
-0.80584717
-1.4614046
-0.91532046
0.251862
-1.5040946
1.3040059
1.0501246
1.2528067
-0.34925056
0.5992782
-0.22278021
1.4452019
1.4665389
-1.4043336
1.8475201
1.4159601
0.38260332
-1.2740911
-1.5345107
-0.17298503
1.5720328
-0.97965574
0.7053041
0.06445319
0.333136
0.23825704
1.30235
-1.4621156
-0.81212425
-0.19263114
-0.123389505
-1.3615274
0.36493745
1.2458725
-0.6353102
0.107129514
0.86242366
-0.9596933
1.3749954
-0.007190523
-1.8515579
1.3264077
-0.49350303
-0.6607906
0.19654983
-1.0032182
-0.6176548
0.9410353
-0.16560422
-0.46343452
1.2394636
0.97900164
-0.7266607
0.98921186
-0.6562459
1.7760665
1.662626
-2.0231643
-1.9978111
-0.45563388
0.8532712
0.3556682
-0.02596518
-0.53997076
1.0525012
0.9810246
