-0.13694367
-1.1737645
-1.1610129
-0.111987054
-1.2975093
-1.0577021
0.2051514
0.56370103
1.4201125
-1.8900309
-0.1676783
-1.4749874
0.38058355
1.8265809
-0.98962474
-0.28999192
-1.9963986
-0.111252286
-0.22049306
1.4398617
-1.517117
-0.3238115
2.0383701
-0.27298346
-0.5745845
0.6356984
-0.5940109
-1.756546
-0.9782818
-0.5029686
-1.0548284
-0.99768007
0.17467794
0.4648981
-0.8632953
-0.74690205
0.13618834
-0.047750905
-1.349001
-0.45321518
-0.6929159
-0.47204608
-0.22874115
-0.8236308
0.11514232
0.6509056
-1.1144472
0.133776
0.91099274
0.010838663
1.1352392
0.55789804
-0.21189842
0.24602687
1.1420021
0.03073277
-0.21664935
-0.5819382
-0.025484158
-0.7852094
1.5047481
-1.2414658
-0.98430717
0.2950647
1.0656351
1.0728948
0.3999423
0.056073595
-1.7875978
-0.21843939
0.6421417
0.418325
-1.2156965
-0.11068507
-0.1053522
-0.26642615
1.4878254
-0.5428687
0.7317978
1.9203831
-1.2268579
0.08570906
-1.2905992
1.1606547
-0.6104374
-0.44204563
-0.9023665
1.0883193
-1.4159684
1.1415589
1.0888642
-0.7061574
1.3748544
-1.8506604
-1.4729521
-1.4763663
-0.31321293
-0.56528926
0.24263114
0.6946015
-0.41800717
-0.032376382
-1.5817837
0.07733399
1.034261
0.47351688
-0.86759007
1.3314776
-0.15038545
-0.31058192
-0.08872173
-0.028486572
-1.4157877
-0.06154737
-0.19854248
0.12863985
-1.399686
-0.41518506
1.017272
0.50294125
0.7148324
-0.5157163
-0.5934366
0.35974604
0.11961283
0.8925123
0.58770543
-1.3147011
-1.0550427
1.9255759
0.4818182
0.36402094
1.2094425
-0.7753128
1.3711283
1.947807
-1.047335
1.3918691
0.68999815
-0.23324105
-0.14192703
1.0601841
-0.83943725
-0.014651616
-0.00075512374
-1.1107697
-1.1399479
1.831671
-0.0484516
0.93106645
1.2821287
0.3709701
1.3965684
-0.88795507
1.6496474
0.7248586
-1.3770236
-1.2712452
-0.44193837
1.8164616
0.124334715
0.46353158
-0.89077216
-0.9485365
-1.2507927
-0.7843209
-0.21113874
0.3065921
-0.5885152
-0.62418884
-0.818497
-1.4034497
1.1398113
-0.9551552
0.9855579
0.49123132
0.0282546
0.06814994
0.47108364
-0.7081389
-1.6126312
0.398055
-1.2360073
-1.4464897
-1.1758978
-0.991839
-0.98777735
0.8204147
0.3251066
-0.6470525
-1.091736
-0.26558405
-0.03638229
-0.58300984
-1.4948939
1.6814837
1.2291727
-0.4112435
-0.5923585
1.1774569
-1.0415189
-1.1401647
-0.05585795
-1.0051445
0.35211834
-0.3170761
0.18266597
0.47747102
-0.94276524
0.11851847
-0.6456015
0.4832613
-0.4184566
-0.67891407
1.2230315
0.50649875
1.0570316
-1.51049
-0.03079955
0.1819485
-0.14372595
0.9167089
-0.15152207
-1.8112137
-0.92092043
-0.7041268
1.6812329
-0.12390556
0.48645917
-1.1511993
-0.20169675
0.489889
-0.062267497
-0.48444405
-0.60330695
0.31744745
-1.0113888
-1.2438083
0.8499688
-1.4577593
-2.044417
-1.231503
0.81488365
0.7300636
0.18272914
-0.7052358
-0.702569
-0.14925133
1.0845046
0.420727
-0.045264393
-0.17335461
0.09815928
0.5680629
-0.41403022
0.09822432
0.3689805
0.9827426
0.18733236
-0.11096333
0.24714552
-0.0292134
-1.52801
0.13136317
-0.05718111
-1.4497094
0.7873546
-1.4038671
-0.06604365
1.4781129
0.039374966
0.32952935
-0.71864986
1.3720523
-1.0374541
0.42696443
-1.482616
-0.43279263
-0.44392264
1.2442522
0.46676338
-0.04566666
-0.96575713
-1.1135058
0.24255201
0.51622176
-1.3896642
0.48816493
-1.6399206
-0.5776385
-0.33448392
-0.030866537
-0.13013284
1.8303348
0.6231866
-0.7027806
-0.4731912
0.813926
-0.240846
-1.6758714
-1.0509033
-0.37512502
-0.3124852
-0.66880184
-0.43848407
1.4955947
-0.7674037
-0.35071436
0.8320108
-1.1296803
-0.33908468
-0.1774506
-0.2617994
-0.053041846
-0.105185054
0.79499406
0.14636183
0.54668754
-1.6649971
-0.33629578
0.20544975
0.28440747
0.36226386
0.54990435
0.5813838
-1.3193644
0.441926
-1.7998393
-0.07730361
1.2267513
0.6059937
-0.18920365
-0.59030783
-1.3755944
-1.4250851
-0.09832924
0.652256
0.9177995
0.06965579
1.5675066
0.1653081
0.7024603
-1.2521509
1.276702
-0.27420196
0.019671628
-0.17975302
-1.3854569
0.754795
-0.17661682
0.63441
-1.4763932
0.10590333
1.0526727
0.8570865
-1.1472294
0.11599899
-1.3733699
-1.3204395
0.69047326
-1.1918164
-1.1466591
0.20062964
1.4277853
-0.0238436
-0.25806418
-0.80386376
-0.5661347
-0.089436926
-0.9609479
-0.21377377
-0.35503042
-1.0132998
-0.48017198
-0.042072453
-0.35269168
0.042358603
0.36970097
-1.3651146
0.13797024
-1.0428723
-0.31790733
-1.3425094
1.5680852
-0.13097475
-1.1782192
-1.3810583
0.69482344
-0.81165373
-0.39074895
0.7405981
-1.6201526
-0.52084464
-1.1982629
-1.405409
-0.22458199
0.8106394
-0.5257369
-0.9396675
0.052081447
0.5546061
0.70466346
-0.18248166
0.0715964
-1.4685498
-1.2994248
-0.5070491
-1.5084502
-0.59429985
1.2284905
0.46625376
-0.17348245
0.86075115
-1.1859152
-0.09550961
0.39967364
0.8030669
-0.41436368
-0.13720472
-0.6352845
-1.3582668
-0.7596062
1.250761
0.37156928
0.5274234
0.65867263
0.32210594
-1.0936259
-0.7518062
0.53145516
-0.5018227
0.62511015
0.26299164
-0.6197765
0.7889507
-0.804315
0.26279205
-1.5804466
0.4181955
-1.0187485
0.024570063
-0.20535089
0.26102602
-0.88281953
1.3255805
-0.4774193
0.89017636
-1.4121436
-0.059906118
-0.90648234
-0.62903285
-0.012958871
1.0920527
0.018455677
-1.5487403
-0.72776484
-1.0001729
-0.4413053
-0.75579554
-0.84988236
-1.4577214
-0.34873778
0.7741063
-0.7157912
0.6347274
-0.7272514
-0.9379024
0.559457
-1.6365128
-0.42111245
0.68310696
-0.68701553
-1.5021913
-0.75933105
-0.675144
-0.6560399
-0.69831395
0.5906172
-0.0891312
-0.63125145
-0.0637035
-1.2087328
-0.6227609
0.21703489
1.4906309
-0.13304438
-0.27956748
1.0665042
-0.99620485
-0.87747306
-0.07866852
-0.0572894
-0.8349273
0.5957569
0.66971916
1.8296676
0.49889717
0.33494607
1.1831856
0.7586588
0.66141343
-0.6331735
-0.45852834
-1.0328865
-0.4369554
-0.052480586
-0.018149795
-0.36324176
-1.2763796
0.11965052
2.0497022
0.6072473
-0.26643047
-0.47534835
1.7070706
1.5216016
-0.89043957
-1.1931571
1.7772926
-0.6518847
-0.93430483
-0.9359131
1.2248571
-0.07199642
0.276515
-1.3480864
0.57189304
-0.38759807
0.13049151
-0.15976082
1.6718729
-0.5818338
0.5472385
0.78890324
-0.6804652
1.1671258
1.0438888
-1.408409
-0.38158727
-0.30640623
-1.5090594
0.1348497
-0.4776573
0.3325084
-1.7307087
-1.3873254
1.217494
-0.085697964
-0.7605816
-1.5545565
-1.2452184
-0.21829039
0.17706774
-1.5778475
-1.5070271
-1.3095205
-1.4623374
1.0755606
-0.44817463
-0.062909886
-0.0828676
0.50566393
0.7431652
-0.3949126
-0.25496653
-1.4769754
-0.1153925
0.0098137045
-1.3929907
0.43780115
-0.20449018
-0.018489953
-0.6080835
0.16027023
1.1169463
0.18899408
-0.3844708
0.77681077
1.1000869
0.18374163
0.31268507
-0.34637186
-1.8043615
-1.1218381
1.2794491
-1.2173111
-0.15635839
0.5026045
1.6577215
-0.70220166
1.8609499
-0.6769322
-1.048575
-0.29760823
-1.3141365
-0.9012334
-1.416008
1.0098238
0.7405062
-0.95771253
-0.10541983
-1.3096144
0.024841353
-1.043078
0.04804208
-0.16792345
-0.57899714
-0.9296537
1.4877061
0.17744036
-1.4379332
0.8830364
-1.0139753
-0.8657652
0.9692903
1.5345249
0.81707746
0.03787384
-1.7236497
0.32896796
-1.103021
0.39005148
-1.4721675
0.8921843
-0.08763871
-1.3637879
0.19327007
-0.8009567
0.5728536
-0.1631769
-0.93749595
-0.64572585
-0.75998026
-1.3731216
-0.40425137
1.1879689
-1.1425388
1.87195
0.75133216
0.7129958
-0.2758806
-1.0084827
-0.37963802
-0.0011600477
-0.056862224
-0.21689935
-1.1921189
-0.29692835
1.460456
1.5813525
1.6101962
1.0912508
1.115649
-1.3989089
0.20176026
0.9934615
1.1139398
-0.067012645
1.5146775
1.6311057
0.4142437
0.069524236
-0.17201032
-0.35137078
-0.7759042
-0.4479326
0.8407069
0.52327734
0.5882713
0.2015119
1.6997148
0.66848636
1.6917832
0.97036445
-0.2926411
1.6986668
-0.46109304
-0.9064653
-1.4881414
-0.14608444
0.0732599
-0.4076917
-0.028304903
1.1030251
1.3232926
0.5086994
-1.0824052
-0.27094817
-0.22252002
-0.9029283
0.12547383
-0.06904239
-1.3129463
-0.8573277
-0.7631891
-1.1521332
-1.2626642
0.057650074
0.13613027
-1.0276219
0.7924154
-0.9409914
1.2078714
1.0029778
-0.59021777
-0.37511352
0.8419835
-1.1911405
0.92646384
0.42558676
-0.57960236
-0.90164304
-0.15995589
-1.1262293
-0.47693908
-0.2629181
0.042039327
-0.6182728
-0.7865461
-0.38780713
0.21483086
1.1729423
-0.63467556
-0.13629404
-0.60565287
-1.585885
0.2121292
1.3188496
-0.5989492
-0.13123131
0.59538865
-1.1278828
0.37137207
-0.3517489
-0.97907746
-0.5315236
0.05415766
-0.48903066
0.7726307
1.4244095
0.0067014527
-1.5340364
0.10789855
-1.438926
0.6006596
-1.0030057
-0.14824465
-0.4651853
0.040315658
1.748781
1.696058
-0.13947994
-0.61352813
1.1006618
-0.7871404
-0.4241207
-0.5319003
0.81213003
1.6880553
0.29439473
-1.2337542
0.2635934
-1.8626637
-0.31261426
-0.29432616
-1.1179074
-0.06781951
1.7570531
-0.2898098
0.83559453
0.94029915
0.4831943
-1.2128456
0.08452955
-0.02773442
1.468689
-1.3477106
0.14892145
-0.5300484
-0.2470563
1.5840042
1.5640244
-0.8161818
1.0281742
1.5143193
1.5478489
1.4393632
0.15093808
-0.4009843
0.78681046
0.039901547
0.5853863
-1.4795779
0.10251907
-0.5860895
-1.908618
0.8508602
-1.5291731
-1.7025247
0.651576
-1.1451771
-1.5328037
-0.3695639
1.4162067
-0.9796926
-1.3592341
-0.081549324
-0.73710346
-0.2216867
-1.0719366
0.16663766
0.37614226
-1.8042085
-0.6298825
1.1859596
-0.12863912
1.4350684
-0.41478097
1.075151
-0.39067134
0.37220836
-1.2583838
-1.579165
-0.35939404
-0.45435047
0.10004868
-0.51047826
0.18069823
-1.4625142
-1.0627673
-1.0843058
-0.32708746
-0.32000986
0.56285274
-1.1316689
0.42332688
1.7924132
0.6099551
0.83292216
0.96104133
1.4459883
0.009978948
-1.3329562
-0.5375384
-0.34705424
-0.3159321
-0.96864617
0.043020114
-1.0490702
0.93169904
-1.607784
0.32965487
1.9432788
-1.0599146
0.033279542
-0.008435051
-0.6363898
-0.46475673
-0.3850972
-1.2196257
0.19088294
-0.21937409
-1.7055969
0.7777802
-0.11246514
0.96742415
1.7021294
-0.5428908
0.44105667
-0.7019282
-1.172984
1.0332986
-0.5127845
-0.8139125
-0.8214729
-0.5545192
0.14998953
-0.010524846
-0.8552938
0.84474885
-0.06663628
0.4935357
1.3700743
0.89228714
-1.4554299
-0.32762524
0.9985061
-1.0732815
-1.3294842
1.8769903
0.035372574
0.7383247
-0.050463017
-0.94597983
-0.5529692
-1.5359733
-1.1304057
-0.22928378
0.0028673338
-1.5004228
1.4595017
-0.058673643
0.60602176
-0.1826472
1.3439053
1.4782163
0.96717024
-1.1139581
-0.79389036
0.99032533
0.16316539
0.1242806
1.7989504
0.7692362
-0.5979327
-0.9260508
1.3228315
-0.65418047
-0.27474463
-1.6149923
0.15219983
0.82598704
-1.3602695
-0.11693473
0.4236663
1.1254833
-0.32325155
-0.9514519
-1.5177759
-0.2845507
-1.1740966
0.009219263
-0.35169566
0.57576555
-0.5979444
-0.87695646
0.0028786843
1.6153876
-0.4806014
1.471372
0.52229697
-0.08602509
0.70836294
-1.0806944
-0.7297962
0.042623434
0.8420632
-1.5351067
0.8033106
0.65635896
-0.047665995
0.33923057
-1.2824382
0.13142818
1.2892315
-1.1723834
-0.7189412
0.5922939
-0.19429551
-0.8017153
0.4757162
-0.3624509
-1.1619039
-0.08824814
-0.19240262
0.16611198
1.4339375
-0.97736955
0.58842224
-0.31559193
0.150841
0.33445787
-0.58236456
0.93311524
-0.9704925
0.72919786
-0.43478242
-1.0086843
0.2735056
0.119874455
1.3340591
1.3120052
-0.49932268
-1.1141807
-1.2455709
0.010289902
-0.50461966
1.1603374
-1.6770239
-0.3419033
1.409441
-0.1889784
0.84362435
-0.13700368
-0.42738134
0.4107575
0.68136793
1.7985445
0.804723
-0.889493
-0.9688424
-0.59431434
0.48982888
1.0510893
-1.4735868
-0.009308183
-0.64491916
0.17586575
0.2676783
0.80561084
-0.54283154
-0.3129141
-0.50932527
0.13665469
0.5978523
-0.32575744
-1.221739
-1.1265199
1.4529439
-0.92099315
-0.012598216
-0.60297567
1.7122312
-1.0445126
0.7049043
-0.048997194
0.2438084
-0.9353563
-0.90525675
0.003913013
-1.015647
-1.0005431
-0.034062583
1.9656945
-0.8967623
-1.0520877
1.3672545
-0.7019275
-1.0030804
-0.02991412
-0.22045031
-0.96689403
0.03936208
-0.25009105
0.0067973956
1.0436361
-1.7091122
0.40539753
-1.4005513
-0.78975827
-0.80995136
0.2384653
0.49456778
-0.725012
-0.9973943
0.1270578
-0.34978765
0.78665
-0.25265968
1.9076388
0.027925573
1.0654366
-1.136317
-1.0194466
-0.27920467
-1.4510401
-0.045984037
-0.004861619
0.7550767
-0.2338506
1.056048
-0.72349346
0.5919019
-0.6955569
1.0866578
-0.5339276
0.20294419
-0.62571454
0.13482946
0.51511955
0.44749182
-0.5833707
0.73419005
-0.21226707
0.20822479
1.1557157
-0.08131108
1.1856549
-1.6852803
0.68646574
-0.8173786
0.5797143
-0.10596193
-0.73815477
1.2268538
-0.3271046
1.1056218
-0.89035296
0.8160699
0.17663723
-0.86000425
0.824492
0.2589216
-1.4803303
-0.2786784
-0.05640661
0.31212425
0.43926007
-0.968047
0.637609
-1.4428512
-0.3394034
-1.8949465
1.1623192
-0.010574275
0.15620638
-1.5486788
-1.6437502
-1.5152751
-0.52212656
0.39354005
1.4009085
-1.3107531
1.9117392
0.73211604
-1.0213368
0.95515585
-0.4169462
0.50923955
-0.013574433
-1.1986407
-1.0018744
-1.085634
-0.3241976
-0.6392449
0.8518065
-0.9891223
-0.13619846
-0.16154562
0.12225792
-0.43046468
0.45067328
0.8102366
-0.18113534
0.5533482
-0.38944823
-0.39855468
1.2728124
-0.10980707
-0.5935868
-0.18968374
0.4750242
1.1604949
-0.7090396
0.22248214
-1.4041514
0.21243624
-0.11356919
-1.0368772
-1.293397
0.91907674
0.5974543
0.14116104
0.162281
0.06491743
-0.08634336
-1.0749345
1.714676
-0.8002395
-0.076985
-0.108584344
-1.9847673
0.34462646
-1.0390985
-0.052376993
0.04206267
0.66495675
0.90604925
-0.14872365
-1.6127129
-0.7815409
-0.24620418
-0.7943406
0.7429515
1.4438099
-1.9364302
-1.4730295
-0.27099463
0.011456038
-0.30181304
-0.27027857
1.9961761
-1.385958
0.13683984
-0.5529369
0.050537802
0.4225804
-0.8522191
-0.396725
-0.8043403
0.001288287
-2.0596209
-0.6992868
-0.35579133
0.17948453
0.40027016
0.9534733
-1.1573863
1.2160201
0.120597064
-1.395583
-0.6671879
-0.08231032
-0.08756799
-0.70951784
-0.97276807
-0.3763271
0.23396306
2.045209
-1.5072442
0.0642225
1.3670117
0.6898143
-0.7227194
0.34424698
-0.32281506
-0.82931685
-1.0759387
0.013664805
-0.89794785
0.57107466
0.37103468
-0.82894826
-0.8025571
-0.912343
0.3072528
-0.60730916
-0.81073684
1.4430044
-0.012201834
-0.8673628
1.3552691
1.6329858
1.1428056
0.44708502
0.56553656
-0.29021606
-0.756904
-0.80420095
1.2709641
-0.010763263
0.9875793
0.44769436
1.6319528
0.7618019
1.1706445
-1.222554
-1.1376555
-0.4544239
-1.5544658
0.42636022
-0.011068908
-0.548479
-0.26158467
-1.2331095
0.20065922
-0.01582442
-0.61013067
-1.060939
1.1517837
1.1905047
0.28628355
0.064990774
-0.11148224
-0.43667123
-1.7812691
1.4636428
0.17163752
-0.9316562
-1.6116387
-0.8685763
1.301344
-0.67876995
0.7129031
-0.9816761
1.027039
0.09881656
-1.7406466
-0.15076268
0.6005449
1.7697812
-0.10062983
1.4059361
-1.2430459
-0.44383913
-1.2118436
0.26965114
-0.1628396
-0.19856769
-1.053653
0.97368944
1.527683
0.3339055
-0.049499694
-1.4689628
-1.6324116
1.4267708
1.1875603
-0.12815528
0.21095745
-2.150003
-0.69052577
-0.05244561
-1.4630423
-0.66872036
1.0338458
-0.08394503
-0.8187305
0.7933171
-0.34209237
-1.7224392
-0.33408958
0.3263046
-1.0222982
-0.41342336
-0.5842116
0.8596027
1.1493825
-0.6374926
-0.4267613
0.27126873
-1.5862819
-1.0511894
1.4574769
0.010978169
-0.10313774
-1.455478
0.5881651
-1.2918983
-1.199782
-1.169187
0.9556284
-1.0051812
0.8075074
0.34484136
-1.5271442
-0.2456658
-0.45984593
0.8031251
-0.71935374
-0.044713527
0.08778918
-0.34971562
0.10027453
-0.6084488
-0.7057938
0.46647644
0.2995876
-0.044732984
-0.0976434
-0.805779
-0.6462374
0.14493443
0.73917156
0.285432
-0.0073171644
0.18918659
-1.225079
1.1158192
-0.7155267
0.7963901
0.30157655
0.054212492
-0.47016743
0.537625
0.17552851
-0.6490001
-0.12088645
-0.11169282
-0.24514495
1.8690221
0.21430439
0.040824547
-1.300102
-0.53120077
-0.3661983
-0.5980263
0.5938389
-0.60983276
-0.83833134
-1.2524462
-0.33393535
-0.79911643
-1.0494006
0.30550942
0.5151472
-0.9232756
-0.48623547
1.3398495
-0.12525108
0.65707797
1.1130538
1.3402326
1.3555561
0.104098715
-1.7562888
-1.1898826
-0.21467617
0.8299918
-0.14177443
-0.49523824
0.17148508
-1.396678
-1.7177763
-0.108523384
-1.178134
0.361938
-0.18723634
-1.367557
0.38984025
-1.1594521
1.7316824
-0.8120666
-0.81130785
-0.10875719
0.7824285
-1.5617304
-1.1271687
0.33721656
1.805937
-0.25082734
-0.8752666
1.0262817
-1.8377753
-0.67759097
0.036884166
0.45124668
1.0685794
1.4456061
0.551565
-1.088105
-1.2193335
0.070253305
-0.1456738
-0.326383
-0.1570056
-0.7170201
-0.4750531
-0.62663966
-0.29881015
-1.4190222
-0.2376563
-1.1377022
-0.20790678
-1.2992488
-0.098247804
-0.58100915
0.28801522
-1.6819335
0.1028166
0.7087926
1.8697289
-0.32138675
0.24709538
-0.85549533
-1.8334316
1.15558505e-05
-0.36813238
-1.7404225
0.8870015
1.5472662
1.4495577
-0.038069613
0.7015438
-0.13048759
-0.7506173
1.611683
-0.3816891
1.0749484
-0.65091676
0.7095374
-0.4631083
0.7181382
-1.667273
-1.6638693
0.83174944
-0.16646066
-0.20316231
-1.3527452
0.17341068
0.21698327
1.0831757
0.2705028
-0.10569907
-0.9918736
0.10864205
-0.18669158
0.89892095
-0.730991
-0.62068355
0.45507786
-0.6313819
1.3215178
0.8447702
-1.34274
-1.2860769
-0.7853044
0.9602628
0.7590405
-0.5381727
-1.0474566
-1.0563804
-0.04823574
-0.22626047
-0.9395364
-0.13466339
1.7006131
-0.15319699
-0.3987073
-0.555333
-1.3357098
0.14487816
0.28039113
0.12751424
0.5099572
0.027320618
0.056992564
-1.4069362
-0.41336197
-1.2508248
0.9436223
-1.0846922
-0.47426027
-1.2793905
0.16511843
-0.6641661
-1.6019993
-0.0045586363
0.84893394
-0.65718925
0.7113466
-0.6543613
1.0939641
-0.19588883
-0.697554
0.63324004
-1.4546831
-0.4181945
-0.4837088
-0.66324157
-0.013022126
0.9896942
-0.3111744
-0.77948225
-1.0510038
-1.506251
1.8684428
-0.5554439
-0.9325236
-1.3739839
0.2830809
-0.25334427
0.64586973
-0.82190514
-0.28981298
1.3347051
-0.90196264
-0.45232666
0.0809795
1.0000633
-0.96406317
0.17549583
-1.2090775
-0.5980355
0.22005981
0.40507105
-0.4387797
-0.44522244
0.79660064
-0.6668993
1.4596874
0.50914717
-1.3156667
-0.4985868
1.4699789
0.07175357
0.34595075
-1.5411514
-1.1271119
-1.149851
-0.26277775
-0.27843422
-1.4439912
-1.0178834
-0.64720535
-0.111341834
-0.5579461
0.654005
-0.23975515
0.17385161
0.09318827
-1.8543795
-0.6114784
-1.3701297
-0.40077227
-0.37974834
0.77787393
-0.5708745
1.6713862
-0.48999703
-1.5738511
-0.79537576
0.5052973
0.55470395
-0.79375637
-0.88067913
-0.9641059
0.101219766
0.67984426
-0.41895023
-0.6757038
-0.45516792
-1.2845266
-0.20353967
-0.55148125
0.16124149
-0.35848963
1.0555522
-0.53254366
1.5410033
-1.4461546
-0.3145067
0.49992004
1.8182895
-0.14508368
0.48315185
-1.6837577
-0.110539734
1.1458601
1.4101278
-0.637848
0.7318739
-0.3860452
-1.4780279
-0.041096736
0.10763121
-0.70250136
1.8164074
-1.5315742
0.7169461
1.9075495
-0.64455277
-0.010225904
-1.0755446
0.33123037
-1.5066653
1.7055769
-1.2144423
0.30109262
0.3912834
-0.11895021
-1.5060545
0.39413735
0.23412442
0.53721726
1.2419406
-0.9662216
0.57190514
-1.2217146
-1.2833924
0.8485408
1.5111315
-0.12965728
-0.5553602
0.43210462
0.6123048
-0.9840371
-1.2651899
-1.7609445
-0.626101
-0.24667147
-1.5713105
0.082037285
0.47441453
0.8645586
-1.022955
0.08750158
-0.070148356
-0.1470014
-0.44328946
-0.64354545
0.09755529
0.17850608
-0.45132905
0.072039925
-0.21720472
-0.22626418
1.1658345
0.4125993
-1.56525
-0.17682858
-0.925384
-0.19794594
-0.33654833
-0.49605623
-0.7310197
-0.6748425
-0.12069739
1.1871903
0.99392635
0.75678134
-0.36314657
-0.8393481
-0.45643002
1.1675662
-0.7852093
-0.264165
0.21292354
-0.9196303
-0.3750608
1.0433176
0.20906849
1.0903739
-1.6508675
-0.57787746
-1.2929137
1.1137414
0.28804556
-0.040230665
-1.4115152
1.747333
0.6481511
0.6875956
0.56038165
-0.95195425
0.5394559
-1.2643756
0.5140964
0.15667039
1.1979663
-1.5528824
-1.2569194
-0.5193844
-0.35829303
-0.4518898
-1.0281969
-1.3248396
-1.826891
-1.0401549
0.99941933
1.7135868
-1.1307642
0.08404589
-0.1604111
0.029591203
0.42354277
0.42532042
-0.08437381
-0.28737777
-0.6398304
0.02122435
-0.22949865
1.7088721
-0.85560477
1.1854343
1.251425
0.06872298
-1.0645709
-0.09202409
-1.4057298
-0.2087587
0.5377014
0.38327765
-0.6188093
-0.97795904
-0.74522877
0.69139755
0.87729436
-0.9367139
0.14523372
-0.89884806
0.4684207
-0.6281822
-0.8451401
-1.194898
-0.77340883
0.62501913
-0.2337536
0.3517013
0.0482174
0.20331337
-1.6432785
1.6048123
-0.7656486
-0.36389688
0.7172509
1.2762486
1.4373271
-1.1902655
0.24324271
0.45900056
0.9682169
-1.4599944
0.6054855
1.262959
-1.3944552
0.55213696
0.23707367
-0.49833184
0.9445056
-1.3649573
-0.13004267
1.3680948
-1.2485453
-1.0827448
-0.61567515
1.7267907
-1.092762
-0.86348855
-0.6419027
-0.5541547
-1.0387895
1.2701089
0.70903975
0.21257955
-0.1551262
-0.9939046
1.3476665
-0.2184535
1.4969623
-0.007753734
1.1991717
-0.8360114
-0.6544413
1.5729417
-1.2012144
0.19109923
-0.98679507
-1.4587336
0.65622854
-0.70194316
-0.15730485
0.4478733
0.9021009
0.21131377
-1.568304
1.6460495
0.24483846
0.09112639
-1.8079957
-1.1093884
-1.4991137
-1.4687461
-0.9163448
0.0055057392
1.7593254
-0.676462
0.035677135
-1.1725163
0.2538701
-0.4606038
0.13154334
0.97353107
-1.9516368
-1.6507921
0.38802359
-0.4528262
0.5676081
0.24461967
0.10748354
-0.7609746
-1.1163888
-0.5409812
-0.6238766
0.29322177
-0.22482234
1.3549522
-0.90852225
-0.41276568
-0.8783798
-1.6420119
-1.1641293
0.19811629
-0.3320029
-0.50330687
-0.47177786
0.34474018
-0.096197315
0.36747465
-0.22792336
0.5188513
-1.1535506
-1.1418817
-0.9848567
0.6737963
0.49004492
1.0058569
-0.46564054
0.941081
-0.62878466
0.13013868
-0.5648253
-0.440621
0.98094255
-0.17933033
-1.0336953
-0.85460925
1.0778596
-1.2338718
-1.2985994
-0.0072792796
-1.5784823
-0.8014763
-0.097737424
-1.2824651
0.35764572
-1.0074885
-0.9129809
0.8391456
0.3491421
-1.4734758
-0.22662598
-0.049646925
-0.062979035
-0.4646883
-0.39492548
-0.48178095
-0.43517077
0.93309826
-0.31172556
1.6884406
-1.3466984
0.10492295
-0.8925106
0.68157214
-0.4778963
-0.53106093
0.31382054
0.9285768
-0.4930315
-1.0200541
0.22964486
0.42839766
-0.035914976
-1.0804234
1.1257191
0.5546756
0.6619541
-1.0231575
-0.47385678
-0.570366
-0.8587793
1.1556529
1.7458236
-0.045898788
-1.1999576
-0.028225955
0.053357776
0.2919138
0.04148755
-0.9228628
-0.32568106
0.5817061
0.07476224
0.1575795
0.48485485
1.1167245
1.7013465
-1.2826715
-0.021656757
-0.7460181
-0.4440932
-1.6755912
0.22502185
-0.05351138
-0.8006346
0.63054067
-1.1394993
0.19086447
0.9327939
0.06362224
0.42716035
-1.2129164
-0.50694424
-1.6565425
-0.170102
-0.46366873
0.68454045
-0.44261926
-1.084502
-0.12978719
-0.8981584
-0.36355036
-1.7279239
0.16417955
0.12051436
-0.5051758
1.2948568
-0.015935084
-0.47490448
0.9788997
1.1625342
-0.48031527
0.29135427
1.3289458
0.4179635
-0.075652555
0.35296354
-1.6341474
-1.1649348
0.22221452
-0.42861307
-0.81520045
-1.0180182
0.16960381
2.019613
-0.25956222
0.04168346
0.10917201
0.34340772
-0.6408164
-0.52892643
0.52153003
-1.500381
0.5810323
-0.33996832
1.9125881
-0.786195
-0.2849463
0.17577006
-0.29742873
-0.062497273
0.36093867
-0.20702852
-1.8978198
-1.2890542
-1.7598479
-0.84159267
-0.8100187
-0.87125546
-0.8658133
-0.44197404
-0.7367059
-0.13740148
0.16623197
-1.2955446
0.039947793
0.82144463
0.1468526
-1.292468
-1.3711165
-0.9106306
-0.51346654
-1.3860002
0.038081378
-0.29478458
0.83466375
-1.6911229
-0.6315717
-0.81021947
-0.6168047
1.0992882
-0.46647426
0.9769413
-0.035861988
-0.94261354
-0.16225328
-0.8071755
-1.2441831
-0.91876245
1.2686495
-0.8322264
-0.5073856
1.1816425
-1.5697756
0.63307375
1.4624537
-0.45530427
-0.6783987
-0.062273476
-0.89871836
-1.209944
1.0711905
-1.5770743
-0.1442988
-0.08978108
-0.41717178
-1.1647146
-0.16221975
0.07198712
-0.051558796
0.098658636
0.819842
-1.2394983
-0.98788166
-0.33443195
0.67256945
0.10232228
0.21600367
-0.43839177
1.35645
-1.0794559
1.6218202
-0.762073
-0.23109525
-1.1391876
0.19346741
-0.0650735
1.5860326
-1.1681312
-1.7103868
0.58277845
-1.4802966
-1.4816105
-0.501058
1.002025
-1.2251159
0.49803978
-1.0245161
-1.0929856
-1.6805623
-0.8081002
0.672526
0.19135182
-0.057031333
0.12500657
0.43710664
1.5618422
1.037544
-1.2885325
-0.28747475
-1.6121755
-0.4052193
-0.7717633
-0.9206139
0.22110303
0.6267777
-0.19182119
-0.8360173
0.9574175
-1.1601632
-0.77993095
-0.3746154
-1.0319716
0.9398445
-0.038354617
-0.24037664
-0.68462795
-1.0045016
-0.19863074
1.0902735
-1.7359769
-1.5433283
-0.35103017
0.39790452
-1.195703
-0.42888716
-1.0186327
-1.1028332
1.708395
0.4881572
-0.08914104
0.62874085
-1.1983228
1.3512149
0.67189074
0.76550865
0.64794946
0.94816476
-0.54690444
-0.38150385
0.55976534
1.6448967
0.20491487
-1.1610794
1.2607344
-0.67663306
1.8766804
0.8824326
0.27961335
0.017661873
0.56429327
0.9402817
-0.15762265
-0.043131858
-0.15521888
-0.91114223
-1.6533165
0.04564093
-1.6971676
-0.29765677
0.91136324
-0.32788402
-0.45182037
-1.6997858
0.03174457
-0.98062253
-0.115903206
-0.5959166
0.70322895
-1.8964868
0.44571874
1.210904
1.0637826
-0.21545476
0.15110838
-0.6649049
-1.0071493
-0.041276395
0.42997256
-1.145855
-0.5336554
1.0877064
-0.5227704
-0.810421
-0.5446177
1.1475743
-0.018518064
1.5415921
-0.56062686
0.011487555
-0.14997017
-1.3330604
1.4483788
-0.52092206
-0.51969415
-0.9292254
-0.39241737
0.23106058
-1.0673596
0.98712623
0.80775064
0.6391211
1.2054336
0.34984466
-0.733776
-0.74272895
-0.5181537
-0.36933595
1.0900679
-0.502594
0.45701635
0.818891
1.6397728
-0.039232988
0.9394047
0.3506361
-0.22578293
-0.9251933
-0.15501483
-0.9473742
-0.21696112
-0.14825627
0.78287715
0.14066206
-0.4612127
-0.07639341
0.91196924
0.9920867
0.8880291
0.64418274
1.7326283
1.0971658
0.48503393
-0.7210205
-0.0029415295
0.57125443
-0.4145867
0.008342565
-0.9748874
-1.7093451
-0.8597153
0.6931771
0.3826176
-1.1325207
-0.28072
-1.4151815
-1.0762657
0.6825542
1.4071813
-0.96833324
0.45282736
-1.0280275
1.809227
-1.5488015
-1.4549725
-0.6856327
0.30104604
-0.2974006
0.1982568
-1.5970619
0.10691026
1.3878065
-0.015989773
-0.13580601
-1.5755378
0.38483948
-1.4388273
1.0907042
-0.63979053
-0.11454339
1.5982279
-0.63212526
1.0793769
-0.33736536
0.24701525
-0.593122
0.493419
-1.142812
-1.3241144
-1.1456852
-0.5296346
1.2176946
0.079297535
1.2846146
0.69216204
0.042137407
-1.2465184
-0.27795994
-0.12879929
-1.1763892
-1.1143214
-0.6551724
-1.4729617
-0.87368613
-0.040618856
0.8055351
-0.5025081
1.6287633
-0.16895692
-1.0754881
1.0859333
0.995517
-0.99558187
0.061488844
-0.90382934
0.5715053
-0.14001597
-0.96251535
-0.7828648
-1.2458417
-0.8778609
-0.6567206
-1.6897931
1.0925965
0.015292653
-1.5613308
-0.69926
-0.4550277
-0.6581469
0.13520831
-1.8336873
0.8039687
1.9271027
0.52415836
-0.56542885
1.1700003
-0.68364954
0.6795852
-1.4450655
1.5175437
-1.539806
-0.01539589
0.32531253
0.6790875
-0.26445878
1.522141
-0.7274457
1.3049462
0.6809988
-1.0246633
-1.1864702
-0.97122544
-0.8783377
-0.11904697
1.4267
-0.0038811178
0.4783796
-1.4132097
-0.8223259
-1.6697435
-0.658419
0.6201878
1.6161788
1.2734487
-0.09911691
1.4588282
-0.1352144
1.5532278
-1.5881478
0.86368066
1.252678
1.5449325
-1.8184861
-0.22397728
-1.0356125
0.6446276
-0.54935783
-0.8650981
-1.2274091
-1.3412135
-0.52624756
0.15212815
0.86876965
-0.5496519
-1.2100289
-0.2091275
-0.32045808
-0.40178683
-1.0125356
0.4516307
-1.3159516
0.8636053
1.3304436
0.20266818
-1.2004529
0.055427827
-0.0031475278
1.3567705
0.27617013
-0.9179553
1.553207
1.757608
-1.4815078
-1.4848378
1.7003787
-0.34608188
1.2442199
1.6493151
0.70474964
0.8612524
1.0592701
-0.15180156
-0.031564053
-0.005562407
-1.0397302
2.010745
-0.45208296
-0.5081599
-0.3016277
0.07862528
-0.41954812
-0.56972516
-0.9711218
-0.8941474
-0.4240809
-0.47870487
-0.06488255
0.49585328
0.57333845
-1.4716748
0.33657432
-0.003166417
-0.26962805
0.042940855
-0.9984418
-0.43464547
-0.18969233
-0.27337685
1.1155126
0.5055326
0.41137356
-1.1351303
-1.0353589
-0.22453533
-1.051303
0.5264902
-0.15306592
1.1997312
-1.1998274
0.556202
-0.34645486
-0.5558118
0.22364768
-0.28260544
0.86576223
0.82651955
-0.9573957
-0.26138705
-0.70711946
0.61670756
-1.0162077
-1.3902504
0.16951904
-0.45887703
-0.64845103
-0.70166713
-1.0238762
-0.47893995
0.57145196
1.0524186
-0.43025643
-0.8338524
-0.41712722
0.35982043
0.24906068
-0.14080888
-0.7077378
-0.49601853
-0.34636348
-1.6654669
1.3096011
-0.88224816
-0.5836725
-0.041097376
1.7651799
0.023429202
0.5676059
1.2730228
-0.9114057
-0.2774821
-0.33222395
1.4255525
-0.7109109
-0.4128272
0.06776565
-0.41765213
-0.51939356
0.09858831
-1.2608062
-0.18118724
0.38270658
-0.32814604
-1.3529682
-0.61558044
1.4043202
-0.5741347
0.17535664
0.8759382
-0.58061427
-0.062578894
-0.19996312
0.007763904
-0.5507724
0.43144947
-0.16638164
-0.6716295
0.6512912
-0.114898935
1.6301454
-1.0261439
1.7428222
-0.05816261
1.5581697
-1.1794773
1.1560453
-0.029081132
-0.034709204
1.2399957
-0.001351777
-1.0497077
-0.55019575
-1.1846933
0.37102756
-0.3266207
-1.6938894
-1.3401469
-0.102427945
0.67697924
-0.021902733
0.6189909
0.23820114
0.16367038
0.28008276
0.16214018
1.2849867
-1.1950939
0.75777423
-1.3380486
1.0444409
-1.5375223
0.8819384
0.9024207
-0.49413863
0.6841964
0.714001
-0.77846044
0.05274507
-0.7734461
-0.19573997
-0.48043627
1.4870133
1.53915
1.0357859
0.12394832
-0.19937094
1.7121519
-0.7072275
0.6446015
0.12066807
0.73020536
-0.92737186
0.03248592
1.3924694
0.051595025
0.1398403
-1.7248812
-0.5023035
-1.122056
0.70449954
1.5974271
0.9870614
1.3327738
1.0245779
-1.4836022
-0.30433404
-0.0025640717
-1.2311689
1.3626105
-1.6935644
0.18249811
-0.049194805
1.0933614
-1.1239748
-0.41583365
-0.096713655
1.4124277
1.4037063
0.527965
0.578241
-1.6866063
-1.443723
-0.42459014
-0.66443396
-0.52022296
0.2656062
-0.8556953
0.6590972
-1.1262687
0.1186868
-0.7194581
-1.2161659
0.042930335
-0.7976947
-1.4449836
-0.49444038
-1.5181453
-1.0512141
-0.7196036
-1.5576079
0.7570025
-0.28006464
-1.042435
0.650602
-1.4603878
-0.39045423
-0.86173546
-1.7819
1.6443624
-1.4605079
1.1127555
-0.7716208
0.7842555
-0.52590346
-1.061464
0.21577452
-1.4715574
-1.0004803
1.7132711
1.2609711
-0.76830816
-1.0671766
0.54918295
-0.8227726
0.5517755
0.98386276
-0.6672937
-0.3545764
-0.034012992
0.58917356
-0.09177337
-1.1847584
1.0427464
0.42912808
-0.8208469
-0.7978573
-0.71144253
-0.19102858
-1.0047715
0.05170796
0.2971588
-1.4870414
-0.2454254
0.65334004
0.38752654
-0.105609454
-0.9226315
-0.73043954
-0.28707004
-0.09852075
1.365619
-0.40080392
0.19269885
0.6488826
1.467847
-0.79518133
0.10405762
-0.171246
-0.17158109
0.7447671
-1.8263237
1.2190667
-0.039480187
-1.4604299
1.1040655
-0.10856995
-0.40823928
-0.29854298
0.33220562
1.5445428
0.117016986
0.17473553
1.5287099
0.13694893
-0.03524147
-0.42415154
0.10816775
-0.06523624
0.74480367
-0.7460276
-0.07940999
0.031022
0.98594457
1.6774158
0.8593266
-0.33333263
1.5554235
-1.4590304
-1.5338796
-0.61017543
0.033258088
1.3708817
-0.027901283
0.53235304
-1.6231811
-0.078304164
-0.7587231
1.3616152
0.08158865
-0.56600744
-1.1880645
-1.7148476
-0.61717933
1.3825482
0.2715082
0.5923626
1.2371372
0.9994378
0.29688647
1.0852851
1.7267624
-1.3631142
0.6050726
-0.699875
-0.10980744
-0.056381635
-0.38969773
-0.5176194
-1.3694407
-0.3085748
0.11207844
-1.2647932
1.0540028
-0.5925913
0.27672872
-0.55889964
-1.0999234
-0.30721474
-1.7025279
-0.45973003
-0.4246547
-0.8244886
0.5083396
-0.08596555
-1.530932
0.72201735
0.4227491
-1.660629
-0.6519675
-0.21591271
-1.2381245
-0.18151549
1.223923
-1.6022247
0.06500527
-0.84162825
-1.8319618
0.09299173
0.07939707
1.470224
-1.200358
-0.2993399
-0.8784044
-1.275348
-0.2651023
0.50412077
1.639488
-0.8594185
1.3651346
-1.478024
0.8208777
0.44997758
-1.2472878
-0.90083694
-1.2636052
0.8577182
0.38822705
-0.018240856
-1.5056723
-0.1971124
-0.40561116
0.36213002
0.35472554
0.5010292
0.32950297
-0.078451246
-0.11635732
-0.85784936
-0.35500714
0.68324214
-0.76112247
1.4662026
0.9453461
-0.027724007
-0.9676169
-1.374051
1.0585861
-0.43229994
0.4543802
0.7965885
-1.0511035
-1.0487186
-0.7803621
-0.34439528
-1.1643789
-0.18098855
-0.5479707
-0.35324362
0.21960458
-0.5066929
-0.47172916
-0.77489614
1.5244852
1.6022806
-1.1338284
-1.7264005
-0.82787734
-0.23288853
-1.0357301
-0.678023
-1.2478375
-1.4611025
-0.80705494
-0.5711685
0.7397494
-0.32792732
-1.3941545
-1.3001475
2.0553195
-0.92470694
-1.1804364
-1.1119337
1.1787103
-1.327098
-0.009668347
0.64468074
-0.5180686
0.53474915
-0.055297434
-0.7651201
0.2431666
-0.080118395
0.3205891
-1.3296933
-1.2391492
0.09050494
-1.3594153
-0.79796785
-1.0211853
0.7455267
-1.4396855
1.5193154
-1.6507217
0.24151987
-0.037152607
-0.08561496
0.38369143
-0.20269507
-1.1548779
-0.6447024
-0.08421683
0.3983398
-0.9101423
-1.0261782
-1.4951242
0.16501687
-0.67363554
-0.92954737
-0.69410217
-0.108841315
0.53773975
0.6024244
-1.0038061
-0.9264859
-0.36775494
0.35606933
-0.36165234
-1.0491121
0.104159236
-0.9006212
-1.3668638
-1.1543628
0.7243746
0.029688155
0.22736487
-0.8398097
-0.6327134
0.048649915
-0.6356183
-1.142576
-1.2455239
-0.43899825
-0.969688
-1.5970743
-0.55501395
0.9344076
-1.2552072
-0.5687808
-0.84067994
-0.99298286
0.69072425
1.4877958
0.18692707
1.4512608
0.61480516
-0.005251689
-0.04090508
-0.45212653
0.6313442
0.093697764
-0.02792309
-0.3313441
-0.8486836
-0.3704762
0.53664184
-0.16276492
0.80216473
0.12957184
0.45861334
-0.55875874
0.90123075
-0.5280227
0.50112474
0.22261377
-1.0546111
0.10566148
-1.5483457
-1.2247475
-0.63608646
0.5730064
-1.0617214
-0.83416927
-0.6903424
0.9348912
-1.497517
-0.20948966
0.0937557
-1.8459498
1.2792298
0.2039339
1.8898324
-1.0126874
-1.6194533
-0.71455526
-0.14492115
-1.7480729
1.5502956
1.6207371
-1.2288084
0.66678977
-0.60414743
-1.4997935
-0.77789104
-0.32438034
-0.22960587
0.10240657
-0.8767624
0.25868767
0.40355948
-1.0126537
-0.708576
1.1771604
-0.64808553
-0.51968366
-0.34638983
1.1240163
0.17006549
0.013382948
-0.5957658
-0.18645923
1.2500672
-0.70126015
0.7318988
0.84029824
-0.10221274
0.6397782
-0.48485687
-1.7398654
1.0951529
0.26898837
-0.44071162
1.3941461
0.42389712
1.2623831
-0.40164033
0.37271738
-0.5547442
1.2549537
-1.417935
-1.0066731
0.61582273
-0.048028804
0.97635573
-0.150684
-0.3065685
-1.0048006
1.3653623
-0.04827704
0.47419292
0.57650185
0.38784936
0.91188973
-0.319326
-0.4082518
-1.0012517
-0.30368194
-0.2794
-1.365442
-0.6764466
0.55732006
0.108625785
0.1213639
-0.088361144
0.044255488
-1.7179997
-1.0983896
0.3247277
-0.4756351
1.3202313
-1.6927375
-0.6166041
-1.185077
0.04797828
0.61620736
-1.3116556
-1.303583
-0.71777976
1.212953
-0.1936146
1.0011165
-0.60740376
0.4206767
1.2449493
1.6736292
0.48750117
-0.4935093
-0.5318558
-1.717461
0.6673148
-0.51987004
-1.0705874
1.1924889
1.1563267
-0.21837649
0.18238103
-1.0933838
0.113156684
-0.1027629
0.5180276
-0.40514767
-1.566699
-1.0837672
1.901604
-0.012580391
0.5752695
-1.0233619
-0.15592475
-0.81833875
0.159534
0.010628664
-0.03467539
0.14797391
0.07890923
-0.23689008
0.6156693
0.45378977
-0.275606
-0.1459657
0.4262855
1.2419306
-0.07427881
-0.3212386
-0.3762585
-1.8398049
0.6898913
-0.36492622
0.2153652
0.7340021
1.5823878
0.50693357
-0.19994272
-0.21114077
-1.5539631
-0.8158213
0.5437603
0.25355604
-1.5654315
0.03458013
0.24463713
1.2145917
-1.194717
-1.0201492
0.4465081
0.81013215
-1.173615
1.1211358
-1.2851803
-0.4624353
-0.8506149
0.93659127
-1.5015023
-1.1601411
0.6724389
0.6077579
0.87929773
0.45509237
1.0130087
-1.3954977
-1.099498
-0.061865017
-1.5911529
0.7844297
-0.23580402
0.46718562
-1.7464206
-1.1075637
-0.25436428
-1.3898755
1.3371556
-1.1042452
0.23282096
1.320711
-1.2208277
-0.64500654
0.2996165
-0.08166567
0.31651354
0.43523404
-0.19845754
0.96148145
-0.16132551
-0.34354615
-1.2163489
0.7042575
1.5146866
-0.920123
-1.1706153
-0.65149075
0.15812112
0.8814352
0.63771355
0.7409675
0.7662184
-0.4395924
0.44864964
-0.07836237
0.65473264
-1.1849402
-0.69515693
0.13809435
-1.1091938
0.03619741
-0.8420799
0.5497908
-1.1037211
-0.20922203
-1.1220931
-1.9055816
-0.63554406
-1.4757065
0.7442318
-0.16002212
-0.33583865
1.6630292
-0.37037754
-1.2447888
-0.59950256
-1.523109
0.25670522
-1.0550722
-0.3146444
1.2887728
1.7425759
-1.334796
-0.40605414
-0.026223307
1.077615
1.0317829
-1.0041244
-0.29598668
-1.1319022
0.29747286
1.2163239
-0.047599792
0.7931056
-0.023454592
-1.415678
0.39655915
0.088747814
-1.0455803
1.0611038
-0.74357045
-0.62069774
-0.7510561
-0.71829987
-0.94498706
-0.14072354
-1.1464429
0.30761853
0.45932293
1.3816533
-1.0387911
-0.20021495
-0.7998601
0.704225
1.3967986
1.9019244
-1.356582
-1.235421
1.5817538
1.3704796
-0.6244283
-0.13271827
-0.29969388
-0.37914333
0.20826302
-0.7009358
0.84722674
0.2514369
-0.25226203
1.6211407
0.77766365
1.4772023
0.9177774
0.53613174
-1.1508988
-0.055759203
0.7690137
-0.80571264
-0.6246483
-0.9283162
-1.6730653
0.9862131
-0.01117178
-0.06049278
-1.0483942
-1.8086715
1.2497319
-1.2932154
0.2836035
-0.686753
1.1610504
0.7724563
-0.11382511
-1.3345689
-0.12708978
-1.2850724
0.2081724
-1.4682006
0.4161575
-1.1382265
1.6331828
-0.90204144
0.09746704
1.8320162
-0.2824723
-0.64288086
-0.29836094
-0.4254655
-1.4613725
-0.31185496
0.40092978
-0.5771234
-0.1312242
-0.05675572
0.6782302
-0.1444211
-1.0756776
0.1666728
-0.4423794
-0.4899128
0.6736497
0.6230664
-0.3390739
1.5852708
-1.4235916
1.243351
-0.9042858
-1.3528581
1.4238601
1.601843
-0.74418914
-0.1408558
0.832046
-0.34289593
0.4737239
1.5042571
-1.1363156
-1.1894304
0.63198537
-1.0386014
-1.9667931
-0.6021066
-1.0498446
-0.4409434
-0.7938469
-1.0505785
0.102266766
0.9115336
-0.2191205
-0.73008156
-0.10445696
1.0433147
-1.1391139
0.51038957
1.1929944
-0.036252547
0.43461242
0.078888245
-1.4845127
0.18537027
1.3939182
-1.0311192
0.08501807
-0.89141405
-0.06163191
0.17439273
0.5889697
-1.0044813
0.052504845
-1.0966445
-0.25398248
-0.33684602
0.53916514
-0.3349894
-1.4280636
-1.0315644
-0.61078936
-0.2741015
1.3341863
-0.42708418
1.1374424
-0.6014046
-1.8423289
0.75208664
-0.57302964
-0.27772626
1.1253549
0.07298787
-1.082306
-0.335824
1.1132152
-1.0977378
-0.57344675
-0.39963704
1.4751294
1.5342495
-1.3396524
-0.63961416
1.860582
-1.2987568
0.65413773
0.018936986
-1.3499116
-1.4776733
-1.1868262
0.12727247
-0.49702346
-0.42407444
-0.12936966
0.36379036
-1.3633304
-0.2816709
0.8634689
0.26822403
1.1600653
-0.6420698
-1.1794025
-1.4949936
-0.9908129
-0.04743131
0.045500357
0.3180261
0.30473313
-0.324793
0.07886836
1.4695563
-0.15125206
0.6446461
-1.7656099
-0.1544992
-0.30531868
-0.45747826
-0.8016442
-0.24638776
-1.5724951
1.7155426
0.94489443
1.082967
0.19750185
-0.40442622
0.9579861
-1.3272176
-0.51804096
0.2810873
1.2552083
-0.8524521
-1.2915463
-0.6178836
-1.4150847
-1.5503798
-0.13533196
0.18229797
-0.3091117
-0.2431345
0.64827424
1.0919777
0.36729115
-0.7378217
-0.32564148
-0.14415616
0.905309
0.28367096
-1.1102597
-1.3081907
0.9476549
-1.3543715
-0.63715744
0.4453187
1.3557912
-0.04921255
0.6235558
0.91186893
-0.8172709
-0.93202096
-0.9159665
0.70142406
-0.97125053
0.88904387
-1.1341926
-0.1817166
0.21713188
-0.30042645
1.6731883
0.5445983
1.1443366
0.38423938
0.25326523
0.30757087
-1.3174368
0.00920624
0.5661292
-0.8363229
0.6051663
0.8066641
-1.2872778
-0.9050526
0.83710957
-0.29135337
0.17128606
-0.9969177
-0.52446914
-0.76419324
0.46473092
1.5966593
1.062338
0.63742733
1.760828
-1.4489472
-0.016591458
0.7960647
-0.8643351
-0.10531205
1.2318528
-0.44914362
0.46125874
-1.4554725
0.10024688
-0.6060061
1.4265263
0.34242636
0.87439173
0.55985075
-1.4526643
-0.86957633
-0.38688767
0.054892708
-0.6533153
0.37238383
-0.30662143
0.7979823
0.6934617
0.10460295
-0.24184355
-1.1933166
-0.32700738
-0.052806538
-0.12050542
0.3604943
-0.9170726
0.8017893
-0.031745087
0.90534925
0.58722895
1.0669682
0.52226526
-1.2989111
1.2482344
-0.04627599
-0.74833846
-0.37914562
-1.2853782
1.851502
-1.4053917
-0.4102272
0.4735212
0.5737943
1.6057628
0.5862269
0.5562359
1.4218655
1.048935
-1.9035969
0.7607879
-1.6733706
-0.9150485
0.65211684
0.2874168
-1.2660637
1.8595973
-1.2119712
-0.34945714
-0.9546765
0.30231428
0.82057106
-0.557003
0.44324237
1.159582
0.40986794
-1.1973536
0.80243695
0.3749271
0.4722076
-0.41611883
-1.4018953
-0.23244314
-1.3670192
-0.27026168
-0.53154063
-1.0736625
0.72939944
-0.94730854
0.6608223
0.04445232
-0.19367613
-0.2472113
0.68846965
-0.28048807
-0.6655636
0.62641835
0.18620296
-0.59500206
1.6016946
-0.694465
0.88962424
-0.43243217
-1.4057939
0.3764142
1.528454
0.7320573
0.94380105
0.10023895
0.95682716
-1.6699613
-1.6497377
-0.6611734
-0.2084723
-1.2264161
-1.0479797
1.4245865
-0.38529432
0.16929048
-0.066510245
-0.9800787
-0.50744045
0.03620951
-1.0306466
-1.3620231
0.2260457
-1.6458837
-0.10525034
1.4570336
-0.66338295
0.17398044
0.6343739
0.21782477
-1.3120395
-0.18988124
-1.0464711
-0.2635084
-0.5424386
-1.4680353
-1.2173684
-0.7771616
1.2089593
-0.38271013
-1.1758606
0.5075787
-0.5447001
0.9776267
0.67339456
0.55409807
0.9630634
0.5667183
-1.2928083
-0.17881556
-0.5805405
-0.9209586
-0.667255
0.4626717
-0.03974403
1.2105343
-1.2175611
-1.1715931
-1.5215855
0.019202746
-1.0745189
-0.58149505
-0.8587037
0.23942737
1.2375093
0.0036956768
-0.4193942
-0.5306801
-1.0868435
-0.44322038
-0.8048786
-0.25907025
-0.48657474
-1.8579886
-0.4872799
2.0667632
-1.3855819
-1.5693707
-1.1011696
-0.6252724
-0.3300131
-0.004652608
-0.9910303
0.28406203
0.81189895
-0.6007522
0.78298515
-0.13320096
0.22888456
0.34454912
-0.28262022
1.0783212
0.14655691
0.58428174
-0.44717938
0.6754602
0.9274677
-0.4924954
0.2874097
0.19739793
-0.531688
-1.166615
-0.8868972
-0.1550626
-0.18172334
-0.59371096
-1.8131697
0.056991417
-0.12182353
0.11783197
0.68697524
0.121909775
-1.3832145
-0.5620239
0.6444357
-2.2913413
-0.8273531
-1.513443
0.83554006
-1.348744
-0.18352436
1.3255178
1.7360373
0.1464879
0.48443738
-0.95343286
-0.6515259
-0.14957052
-0.349434
-1.3248739
-0.269165
1.4778506
-1.4945896
0.74168843
-1.3157784
-1.1695466
0.8590885
-0.30624798
-0.2608746
-1.3341144
-1.2960955
0.5711282
-0.66178197
0.2996017
0.75994295
0.3369767
0.03175973
1.3149095
-0.6996985
-0.51314867
0.68819416
-0.651916
-1.7932839
-0.56072724
0.49810958
0.75108755
-1.3902372
-1.3270432
-1.4317375
0.041135788
-0.6497052
-0.21768217
0.528367
-0.31404677
-0.23306842
-0.564013
-1.3679484
-1.0597891
1.0424502
0.12096891
-1.0456388
-0.4080549
-1.0564244
-0.85073143
-1.1837515
0.415873
0.09202709
-1.581913
-0.71700287
-0.17633198
-0.22680655
0.43476886
-0.70743185
-0.25461215
0.68028116
-0.88554645
-1.7409996
0.010004477
-0.07724338
-0.8403752
-1.0195208
0.4969371
1.2681174
1.1833105
1.1643958
-0.83091736
1.5291425
0.8125937
0.9800123
-0.66098297
-0.5451312
-1.7758434
0.5784305
1.8077986
0.54591906
1.3814433
1.1346203
0.3065072
-1.5626832
-0.32760426
0.64289767
-0.134482
0.12462537
-0.7501988
-1.411965
-0.12347849
0.40096626
-1.3184377
1.5078825
-0.02092783
-0.14556192
-1.1394048
0.12509713
-1.335494
-1.5521531
-1.4883994
-0.51264954
1.6250874
-0.73719335
0.6397229
-0.17003231
-0.13184844
-0.99403405
-0.28484234
0.051094726
1.3854125
-0.016159635
1.1333302
-1.6182556
-0.44581193
-0.31731573
0.03683928
-0.85370106
-0.7598055
-0.09980612
0.6340221
0.6016606
-0.10235727
0.06433881
-0.5027513
1.2048867
0.85151416
-0.71455526
-0.79587054
-0.5640976
0.3589283
-0.70157665
1.0210454
0.89393014
-0.6359935
-1.0933497
-0.14135656
-0.083699375
0.63507056
-0.6093722
-1.0387862
-0.16536659
-1.0871266
-0.9595487
0.7364781
-0.36172402
0.19725867
-0.05453926
-0.9503267
-0.83066833
1.1920744
0.76185155
-1.3643495
0.39908028
-1.1332556
1.1714702
-0.6468876
1.400476
-1.5455266
-0.33282104
-0.40894362
0.078256644
-1.4619948
-0.7495446
-0.08067932
1.0754318
1.1960386
-0.27220893
1.7422504
-1.7538271
-1.2545892
-0.9652432
-1.1290307
-0.33994198
0.6131604
0.4385232
-0.47014964
-0.48646504
1.3312645
-0.2304509
-0.56709224
-0.34212375
0.47338432
-0.7323007
-0.583114
-0.49428672
-1.0643606
-0.90322477
-0.42967096
0.7514596
0.8328199
-0.5595393
0.49414557
-0.45215717
-1.6858999
1.4563963
-1.0232637
0.7575793
1.2653784
-1.2378163
-0.88822335
-1.6908003
-0.755956
-0.4150993
0.034272995
0.05453041
0.57617414
-0.49388722
-0.08364176
-1.245619
0.32542044
1.5586649
-0.08685299
-0.87192065
-0.44233018
-0.21476614
-0.2983816
0.4365528
-0.74133915
-0.3010186
0.111711524
1.1001227
-0.56313497
-0.2317115
-0.23103462
-1.2151557
-1.750927
0.63570106
-0.08859042
-1.8023913
0.8040455
0.9298955
-0.14990759
-0.24364701
-0.2876748
-0.18279396
1.4207531
0.32414538
-1.2346743
-0.980862
-1.1995314
-0.14241512
0.24972329
0.47999516
1.0776398
1.6328434
1.3966771
-0.3346125
-0.48972934
1.3715972
-0.9790461
-1.0249436
0.4617669
0.96926343
-0.16265522
-0.09205342
1.0426966
0.45254067
-0.59533215
0.43494317
0.32915616
0.42617762
0.7613183
-1.5127016
1.1646429
-0.599344
-0.8582598
0.12104073
-0.43207645
0.007595768
-0.36705106
-0.16411096
1.1958717
-0.8775937
-0.3899634
-0.94830644
0.23593381
-1.0082266
-0.33381894
-0.15404011
-0.055081908
-0.42220247
1.3273772
-0.6932031
-0.9651246
-0.4100825
0.48556423
0.2794036
1.0379224
-0.96664
-0.5709854
1.079688
-0.384393
-1.3023815
-1.3031859
0.28449917
0.36435482
-1.1356564
-0.640004
0.49106452
-0.8394029
0.4161005
-0.24083151
-1.1479657
-0.08461224
0.39982012
-0.6133208
-0.24429126
0.17602205
-0.84798217
-0.07928562
1.0822096
-0.5473711
-0.031508386
0.40404707
0.063963465
0.16883233
1.6490242
-0.94861495
-1.0308045
-0.78640217
-1.3437871
-0.3166248
-0.6212892
1.5435991
-0.073175095
-0.3228853
-1.0923553
0.11826838
-0.13115829
0.5973872
-1.578896
0.05879414
-0.9445234
-0.29640695
-1.0074276
0.111088425
1.5362602
0.5290569
-0.6447456
-0.04796331
0.9567138
1.5146302
0.23287526
-0.8093539
-1.1480981
0.097152285
0.6577238
0.13720298
-0.77085453
-1.3206056
1.1248612
-1.0510167
0.53653824
-0.1613293
1.3899075
0.58006763
-0.4302598
0.41193193
1.3797095
0.4466676
-0.36541313
-0.67906564
-0.13724431
-0.91119623
-0.101755396
-1.8986921
-0.91998243
-0.9355973
0.033320088
-1.3951722
0.34509975
-0.04916547
-0.955159
-0.05064178
-0.344982
-0.11555941
0.013547272
-0.74609905
-1.2520258
0.9745687
-0.45288104
0.018859886
0.022980921
0.40571406
0.43827632
0.102255836
1.4326673
0.08527021
0.15423608
-1.6484959
0.02388768
-0.7093453
-0.8663309
-0.83974046
-0.34659165
0.057375703
-0.4398028
0.88581574
-1.1098475
-1.1812768
-0.9156162
-0.06975269
1.3272917
1.4723445
-0.4888657
0.24490327
-1.1235601
-0.06816028
-0.76121604
-0.19826435
0.2255508
-0.9016112
-1.6347945
-0.4277028
-1.105658
-0.038869247
-0.8485658
-0.7385074
-1.5998971
-0.7504457
-1.1167243
-0.20965353
1.8144835
0.0028443707
-0.12030607
-0.6995125
0.018036032
1.2956029
-0.75211287
-0.47206014
0.018652292
0.86536694
1.4150081
-0.10018301
1.1794666
-0.56135166
-0.9552386
-1.2556691
-0.5506568
0.108616106
1.5456122
0.29775113
-0.13955607
0.107212864
-1.0913076
0.6750665
0.7778326
0.8103978
1.5425948
-0.84485084
-1.0605255
1.9983118
-1.4098387
-0.053611215
-0.39633057
0.937124
-0.123927675
0.3203042
-0.43734568
1.3000335
-0.9040781
-0.98882663
0.9513817
-0.06575954
-0.62381035
0.39309013
-0.4364531
-0.2988708
0.75502455
-0.064228155
0.048283335
-0.57812154
0.036877826
-0.41908646
-0.12544382
0.68491775
0.87132204
-0.15299948
-0.21902975
-0.64013666
0.7368436
0.6062695
-0.728551
-1.2235714
0.90018
0.22276092
-0.74371487
-0.23604065
-1.1324492
-0.23951179
1.1162579
0.77646035
0.3758035
0.5972671
-1.4882979
1.0168273
0.4748515
-0.24652612
0.3502175
0.2802366
-1.9154418
-0.95483494
-0.2411299
0.4908582
1.24859
-0.6429785
0.86557066
1.089077
1.6816437
-0.43466994
0.37820923
0.7675575
-0.36650297
-0.5816749
1.690516
-1.0418792
0.76284844
-0.01930543
0.09202628
0.24939817
-0.84945107
0.82364464
-0.008142233
-0.84689826
-0.5268007
0.34235477
-0.97584105
1.5247285
-0.20199151
-1.0502918
-0.27231592
0.038864717
1.3297434
-1.8195596
-1.0760554
-0.11189471
1.4410124
-0.62880486
-0.91160184
-1.4919683
1.4165106
0.51932454
-1.3644907
0.07053383
-1.7128537
-1.1544138
-0.56492996
0.28628233
-1.487419
-0.6736158
0.1865182
1.3811045
0.3944655
-0.88685155
-0.040890116
-0.23494689
-1.4297361
-0.90830314
-1.6730901
1.5811791
-1.5025767
-0.17872395
-1.0322926
0.5363634
-0.40349513
-0.15254137
-0.7729841
0.04278615
0.58076507
0.3541111
0.6921234
0.33041486
-0.03411627
0.14756107
-1.5824758
-0.92628497
-0.112825096
-0.8069905
0.15607107
0.27586117
0.074574396
-1.7510583
-1.5696459
0.92200017
-0.21573155
-0.516153
-1.209991
-1.0150051
1.362623
1.3110702
0.8286628
-0.75146574
-0.73106325
-0.7794949
0.73155725
-0.088783145
1.8592266
-1.0524179
1.2114224
-1.3429134
-0.3568763
0.49017102
-0.6837824
0.10280694
-0.8442507
-0.50071925
1.1490829
-0.76836896
-0.680297
-1.634607
-0.7927077
-0.6992442
0.97426295
0.0737386
1.0435245
0.50427103
-1.2894243
0.004003111
1.3289176
1.0732367
-0.09781419
-0.013711379
0.69564694
-1.1649196
0.5853394
1.6239817
1.1446757
-0.97242284
-0.716685
-1.4319409
0.34220776
-1.0985508
-1.1226994
-0.2197816
-0.6629609
-0.45294216
-1.4961962
1.6383868
0.12768051
-0.057245813
-1.5952017
-0.69684255
1.608005
0.916718
-0.37133098
0.66085255
0.30096877
-1.5063789
1.5712048
0.24305366
1.3937892
0.0030910827
-1.0048547
-0.96683407
0.28050423
1.6454324
-0.14429641
-1.0968409
0.20408028
0.093220554
0.2785582
-0.24719971
-0.66325366
-0.30600816
0.038351074
1.8887503
0.3756717
0.8914514
0.1589601
-0.43080637
1.2661871
0.23677187
-0.44282573
0.5265472
0.40190846
-0.16800097
-0.09916473
-0.26772216
-0.5041801
1.6088735
0.30777788
1.1730045
-0.99763715
-0.16843893
0.18842494
-0.12379544
1.0343704
-1.5479479
1.0769196
-0.8521849
-1.0894737
0.437526
-1.4318517
1.022217
0.1326069
-1.0271773
0.46905646
1.8013816
-1.682468
0.67808586
-0.6412108
0.025406174
1.6592323
0.5030916
-0.1958856
-0.9257401
0.17793523
0.9965854
-0.062994935
1.4744352
-1.1754789
0.0372589
-1.3835764
-1.4302595
-0.51278794
-0.2593534
0.65437007
-0.3222179
-0.09477551
0.95465374
-1.5575212
0.8145864
-1.1565971
1.2068822
-0.63908505
0.28464118
-1.2052968
1.0503299
0.5198817
0.46323237
-0.15748411
-1.2907889
-0.90066683
0.86799985
-1.3941061
-0.2372662
0.30320957
-0.03875687
-1.3171724
-0.7617026
1.3747458
0.18046528
-0.60861903
-0.14914867
-1.0477126
-0.7201964
-0.1940814
-0.73562014
-1.0667124
-1.2516998
-0.22292311
1.1619147
0.5462443
-0.116718456
-0.0037997237
-0.17460778
0.6502384
-0.97108716
-0.29861608
0.5017948
0.23181923
1.2096277
-0.8048609
-1.137244
0.60152304
-0.99973285
1.4508747
-0.6100631
-1.5033336
0.3961284
-0.3009745
0.30644077
-0.7684135
-0.5378962
-0.39093122
0.46871763
0.70975757
0.55115134
-0.19042839
-0.42620245
1.3138382
-0.012054047
1.0894333
0.010915211
1.793834
1.691006
1.3658823
0.7887359
0.6002912
0.56872624
0.07290849
-0.26127356
-1.179117
-0.764309
-1.0513722
1.239527
-0.8971177
0.8345125
0.029023424
0.50974107
0.9255593
0.5368421
0.47888815
-1.2889162
0.97733307
0.915799
0.66384715
0.7296185
0.5389279
-1.0896715
0.4681706
0.15155974
-1.2756426
-0.51455694
-0.73090863
-1.2997148
0.0039436794
1.1371002
-0.01818747
-0.87173855
0.58531564
-1.1822929
0.05736202
-0.29786482
1.4982569
0.24677828
-0.089158736
1.3051542
0.028857399
-0.60428834
0.049110778
-0.3378095
-1.4946997
-0.41815996
1.2904987
0.045968663
-0.12090143
1.2431159
0.25499007
-1.0343475
0.13699403
-0.17097291
0.031552132
1.5449648
0.7029498
-0.4478497
-0.96300006
0.92700964
-0.68757796
-0.40410346
-0.28244305
0.23487279
-0.2534883
-0.8225415
0.40668702
0.31904635
0.0706648
0.32113683
-0.979054
-0.85070646
-1.5936639
-0.5702658
-0.12696993
-1.4894357
-1.3064471
0.66771317
0.30545157
-1.2534239
-1.0891178
-0.8327539
0.33755627
1.1005114
-1.640001
-0.2476825
-0.75837237
-0.07417294
0.087651566
0.040849976
0.67391163
-0.26398325
-0.46739626
1.7720444
-0.4495073
-0.7627236
-0.59671587
0.7078457
-0.6765246
-0.96991843
-0.8708381
1.5637882
-0.67393816
1.2137724
-0.30172884
-1.9454976
-0.45938215
-0.5483074
-0.23165056
-0.102664284
-0.056727983
0.20367616
0.32935423
-0.50933284
-0.00017494708
-0.35249585
-1.4706099
1.3826656
0.51316285
-0.18599987
1.782617
-1.2188134
-0.8778847
0.08284636
-0.2168108
-0.4083054
0.5527528
-0.8474772
-0.6713799
0.60185313
1.783056
-0.8684013
-1.3148013
-0.7350951
-1.198768
-0.3257815
-0.066127
-0.6773513
-1.3276186
-0.44718426
-0.18699041
0.23219806
0.37674507
0.64605325
-0.92090166
1.4697746
-0.2478233
-0.24364129
-0.8288849
0.4315854
1.3598772
0.14339277
1.2807363
1.9076219
-1.4720789
0.67218006
-1.2732722
-1.2900096
-0.973189
-0.09761838
-0.13251047
1.5730419
-0.62770265
-0.19172633
-1.0503302
-1.0070286
0.6376018
-0.6647895
-0.6813711
-0.43372628
-0.5803558
-0.012607826
0.6802881
-0.95758176
0.5864187
-0.33378512
1.5721109
-1.2422439
-0.26212862
-0.657635
1.2171353
1.238067
1.6653512
-0.0067979093
-0.32308573
0.022519602
1.3341043
-0.01598489
-1.0131654
-1.5484474
1.3981184
0.40262374
0.050205104
0.6104595
-0.011766374
-0.22272426
1.9631909
0.02297907
-1.1366012
0.88972884
-1.9574184
-0.7998224
-0.39067566
-1.6061556
0.0002459809
0.39713705
-1.4760845
-1.6990664
-0.55164766
-0.62612754
-0.27295172
-0.087128036
1.4692576
-1.2842476
1.8928511
0.6551403
-1.2417355
-0.847461
-0.59347
0.6629429
-0.69064647
-0.43080452
1.6817967
-1.236176
-1.8144249
-1.2559339
0.6677324
-0.010909743
-0.30935213
0.8435603
1.7812713
-0.08708072
-1.0714433
-0.8152374
-0.13021542
0.15205027
-0.33122042
0.30160418
1.1450489
0.26427016
0.017205425
-1.1267232
2.0523605
0.17114083
0.804967
-1.1002994
-0.07753791
0.96179736
-0.02718023
-1.1670985
1.4987056
0.098995395
-1.8901522
-0.89222085
-1.3556247
-0.049521387
-0.29948837
-0.8676229
0.13850985
0.77500206
-1.4716926
0.10625537
-1.3211229
1.1653208
1.5143415
-1.4275613
-1.7037498
-0.78847975
-0.21806163
-0.11334771
-0.47031718
1.621074
1.1771418
1.8571279
-1.265946
-0.027847651
0.13950038
1.150855
0.17934608
1.4071655
0.7443511
1.0501541
1.7312955
0.0036554814
-1.7488294
-0.28603062
-1.170799
1.788087
0.8436403
-1.0789142
-0.67290545
0.46068898
-0.77263486
-1.5287099
0.7407866
0.85176367
-0.55552924
0.23654673
-1.2301133
0.8417161
0.80732656
0.1552922
0.42131433
-1.6407181
0.7432757
-0.7454364
-0.23093942
-0.1498016
0.11669517
-0.4579539
0.012799042
-1.8001864
0.95368814
-0.23505147
0.54008335
0.028518284
-0.30930883
0.85812354
0.81205785
-0.41757226
-0.5860794
-0.7948298
-0.83258814
1.1507441
1.1916113
-1.1499708
0.14497179
-0.13008821
0.73899895
-1.36752
-1.5486827
0.61747146
-1.612832
-0.07955538
0.103691496
-0.723361
1.168968
0.5181378
0.50218505
0.51044786
0.93956256
-0.9331027
-1.2150208
0.3064158
0.14116278
0.056995716
-0.08550933
-1.2542903
-1.7098118
0.503076
0.7778874
0.9845086
-1.0983483
0.656761
-0.06939824
-0.48268485
-0.15316704
0.26461232
0.22630222
-0.3385987
-0.032675724
-0.049697958
1.1190431
-0.23342493
-0.28117475
-0.8632879
1.3472612
-0.4958492
-0.84405863
-1.272812
-1.0380919
-0.021692287
0.7492203
1.5470266
-0.78114694
0.91041726
-0.09414848
-1.1078143
-0.16848022
-1.1708844
-0.6081242
1.870418
-0.15016162
0.72873247
0.25605527
-0.96636546
-0.18631
0.12048813
1.064808
-0.8356707
1.1367261
-0.732761
-0.19552778
-0.34035757
0.021173023
-0.81289726
-0.49408662
1.7072723
-0.6057263
-0.08804824
0.38542402
1.0240786
-0.44386137
-0.47054607
-0.29416665
-0.071175486
0.96865153
-0.15641771
-0.15429647
-0.45645455
0.62781346
-1.0067441
0.11050219
-0.24688813
-0.067242414
0.38163495
1.0197613
0.60157835
0.7688615
-0.417448
1.0363026
0.66888314
0.541674
-0.3394968
0.97665894
-1.1884837
-0.091306396
0.24735667
-0.06743891
1.2985407
-1.0224273
-0.99920124
-0.5171709
-0.042860497
0.47860095
0.43151608
-0.07720044
0.5549018
-0.44362816
-0.6687437
0.82409346
-1.0477372
0.047476705
-0.7860324
-0.76026934
-1.1738678
-0.9636568
-0.59365225
-1.6178039
-0.081130855
-1.4495915
0.66947365
0.11808589
-1.1403285
-0.82275647
-0.88434887
0.66198087
1.6525664
1.2912285
0.85597706
-0.68126994
0.3312328
-0.93000877
-1.3950636
-0.5320283
-0.83881414
-0.40223148
-1.4601796
-1.6346052
0.39576438
-0.73743546
-0.28228804
1.2735027
1.389386
-0.1824384
-1.4752405
-1.2793994
-0.60884887
0.29134762
-0.76843274
-0.19017096
-0.21751152
-0.62421566
1.1823779
0.23445462
0.028086651
0.46568733
-0.51931703
-0.45963478
0.49795315
-0.53878
0.04464977
-0.42892683
-0.024629815
0.28468397
-0.73519635
-0.5561251
1.1932868
-0.3074157
0.46159154
0.020680957
0.17310736
0.49369323
0.66830146
-0.8258426
0.5540205
-0.89054453
0.7916787
-1.5999824
0.1677244
0.2373931
0.2868713
0.32250124
0.100723855
0.3450525
-0.31364748
0.147818
-0.84708846
0.2478308
0.77216065
-0.24784432
-1.8809253
0.7644889
-1.4306222
-1.2155839
-1.6553487
0.5409516
-0.29467878
-0.8380991
0.16595693
0.16917665
1.2699511
0.35825613
-0.37529266
-0.65800935
1.0777111
-0.025734086
-0.42983866
-0.06377507
-0.89946353
0.6364553
1.0564786
-0.86908245
0.23926684
1.2070379
0.09724094
-1.0202997
0.072697245
1.8877912
1.4850775
-1.0145476
1.6096231
0.42212063
-1.1274436
-1.6287065
1.8272345
-0.42871818
0.37010333
-0.72579
0.07130705
-1.6301444
0.03374547
-1.065036
1.4186484
0.73591816
-0.62308323
0.46429738
-0.2546258
0.5935373
0.096129745
-0.19854073
-0.089257784
1.0565047
-0.20857482
-0.22159845
-0.36126626
-0.0834976
1.8681334
1.2083156
1.7357552
-0.21385959
1.8572189
-0.9840168
0.14876206
0.23276511
-0.93435967
0.95645463
-1.5799543
-0.8118976
-0.3956487
1.6528423
1.5475508
-0.7069204
-0.5288235
-0.46153855
1.8866256
0.38763225
-0.39690837
0.62701243
0.19149378
1.6564473
-0.18678316
0.15475026
-0.17474094
-0.8601201
0.45006245
0.5890361
-0.12045356
-0.5404663
0.28388524
-0.0631041
-1.3001003
-0.52079463
-1.514247
-0.46531722
0.9418179
1.2487694
0.68995035
0.09017773
-1.2131201
-0.60388494
-0.004419551
-0.81448925
-0.57023597
0.69716984
0.5762991
-1.2889897
-0.85919046
-1.4503049
-1.2869973
-1.6658304
-0.7292559
-1.6556386
-0.78309983
1.5498135
-0.25951138
0.32378992
1.8562841
-0.67404133
0.9578706
0.69661075
-0.29319528
-0.10306944
-1.1569347
-0.016315684
1.160846
1.8737895
-0.055865027
-1.535264
1.0305741
1.2106873
-1.3397378
0.5663133
1.2690939
-0.1959774
-0.7434745
-0.88330567
-0.73797745
0.02753163
0.98858935
-1.1860771
-0.6590922
-0.95432305
-0.32560152
0.5933005
-1.5486078
-1.0430013
-0.07813871
0.061474103
-0.43366402
1.8722781
1.1153507
1.0696487
-0.60809535
-1.8655319
1.5098941
1.3041227
0.121174954
0.18286373
-1.0607847
-0.11068402
-0.44568837
1.0256252
0.24340987
-1.3149284
0.24060073
1.6682287
-0.89518225
-1.0522734
-0.551705
-1.0041549
0.5418869
0.51566076
0.1584383
0.85920835
0.5202094
0.2926514
1.6943742
0.20121925
-0.59878004
-1.3661325
-0.15652633
-0.5615475
0.49343872
-0.7061426
-0.9336995
-0.7852875
-0.6035217
-0.8486655
1.5112302
-1.2144446
-0.44625193
-0.6131065
-0.9452839
-0.21133922
0.4999274
1.9868091
1.4498231
0.8256743
-0.010944976
0.48358276
-0.14544623
0.93363786
-1.2120409
-0.87076735
-0.92421895
-0.08886098
-1.001444
1.478728
-1.1897583
-1.3191407
-1.4764037
-1.0624123
-1.3632419
-0.23784591
-0.5670452
0.84131896
0.64315546
-0.33676597
-1.8223784
0.7201878
0.37604713
-0.32155582
1.8881155
1.1796278
0.31551325
-0.92330766
1.1997193
-0.3550125
-0.84132123
0.86552614
-0.9075223
1.069024
0.97394824
0.18888742
0.24266757
-0.84066457
-0.17829773
0.683592
-1.0719998
-0.5763072
-1.256311
-0.8005358
-0.11513624
1.2809132
0.86440635
-1.0930877
-0.33529866
0.75756156
-0.7436977
1.7557714
-0.5406103
0.909603
-0.0047408757
-0.37044045
0.6220688
1.8271493
-1.208238
1.6498749
-1.0660539
-1.0331131
1.325676
0.803623
-1.1886436
-0.5094377
1.8411927
1.2840004
-1.830235
-0.6160492
-1.5000256
1.431312
1.2551473
-1.452104
0.7881041
-0.7377307
-0.5859645
-0.49433026
-1.1424471
0.6722466
-1.9274691
0.0056035
-0.44448197
0.25166154
1.0777506
-0.31496575
-0.23999578
-0.29997227
-0.2642328
1.2147338
1.1633832
-1.5076205
-0.45750064
-1.3143904
0.08124013
-0.5582206
0.04480724
1.0573046
-0.088696785
-0.17419209
1.076589
0.9372237
0.0755794
0.7558024
-0.43306598
-0.80639553
0.13056369
-0.8865109
-1.5281106
-0.5623771
0.7216085
-0.3199923
0.5658959
0.9525981
-0.5567415
-0.92678624
0.5291604
-0.2871896
-0.07008778
-0.08459305
0.63284886
-0.5563866
-0.14107727
-1.2425898
-1.00375
1.9233679
-0.06680928
0.09799527
0.34314927
-0.30540767
0.3420417
0.31445354
1.6429138
-0.41807014
-1.3934242
-0.914021
-0.71296424
0.33835766
-0.7395635
-1.9064616
-1.7180231
-0.606182
-0.47037858
1.4925332
-0.27530262
-0.46868563
0.2722359
1.3921487
-1.0190086
-0.17060167
-0.33512238
1.4926498
-0.31421074
1.1086173
-0.6397249
-0.58630687
0.29665124
1.148047
-0.9816335
-0.38309702
0.55548126
-1.1600515
-1.223606
-1.2939615
-0.27937886
-1.0397189
0.28730148
1.0583358
-0.3091516
0.39098027
-0.18984461
1.1633089
-0.56165224
-0.25392118
0.3659502
1.1496902
-0.40956476
-0.10478267
-0.8168777
-0.6669773
0.6226299
-0.18724836
0.020234574
-0.06389476
-0.8897531
0.57209224
0.49333012
0.5277004
-0.3430766
-0.436262
-0.6596826
-0.24006028
-0.3954881
0.6333928
0.8890534
-0.13878627
-0.84177536
-0.09581538
0.16894978
0.7285565
0.2592337
0.7036753
0.549335
-0.4624111
-0.3646063
-0.8684627
-0.1207004
-1.2773048
1.786679
-1.3692106
-0.4664074
0.8109945
1.5339804
0.86788774
-0.22199735
-1.1056308
0.15200071
-1.1024027
-0.07200426
0.19831592
1.4983516
0.89875567
-0.8183164
-0.9458157
0.86317223
-0.77932936
-1.1399007
1.3971348
0.038181633
-0.47526142
0.08409962
-0.48933473
1.1308818
-0.75447124
-0.02900894
-0.55877066
-1.2465912
0.14368743
-1.4852698
-0.57598513
-1.3001684
-0.0533187
-0.7886875
-0.41479838
0.13990894
-0.38412184
-0.21366596
1.335481
0.980246
-0.3680145
-0.604617
-1.502085
-0.118173875
-0.26822427
0.04641794
-1.3350565
0.16547588
-1.3137363
0.16555788
0.25165662
-0.050345458
-1.5887201
-0.8372145
-1.1293092
-0.46053618
-0.03720013
0.03625561
0.5020895
-0.23714429
-1.2366961
1.0324814
0.03496869
-0.37825683
-1.7596062
1.1826528
1.5553107
-0.1725393
-0.9720838
-0.33914605
-0.36313564
0.471164
0.9159385
-0.3594884
-0.35402775
-0.401727
-1.7001159
-0.29155803
-0.45795542
-0.6510486
-1.184019
-0.27214283
-1.4023927
-0.23808704
-0.45850432
-1.5840849
0.47389877
1.1985798
0.37051812
-0.1081693
-0.40933037
-0.061011948
-0.6557892
-0.5150149
-0.43358833
0.025656598
-0.4325327
-1.3327559
-0.32339296
-0.1092368
-1.8311359
-0.66037226
-0.37512586
-0.09938257
-1.263988
-0.006722695
1.321847
-0.56589633
0.19604734
0.18474315
-0.19617891
-0.3317013
-0.35950592
-0.21705535
0.75103474
0.80412346
-0.92279565
0.115516484
-0.5846274
0.09818418
-1.4778674
1.2634224
-0.7331887
-0.10146602
1.6422243
1.0531099
-0.38885587
0.8072347
-0.27047494
0.29005024
-0.061594293
0.099405184
1.1038368
-0.66641533
-1.066704
-0.6503488
-0.94606173
0.5913221
1.1466064
0.7618123
0.35193515
-1.9207048
0.4298809
-1.1177512
1.2151468
0.8561122
-0.36723527
0.40589875
-1.4127362
-0.26175794
0.31298363
0.12759013
-1.4387764
1.3549485
-0.55714226
-0.31130135
1.580287
-1.3317777
-0.035277527
-0.2777989
1.1253121
-0.13371773
-0.065028705
-1.4622077
-0.9911853
-1.6491274
-0.4325901
-0.31647742
-0.60737425
-1.2752384
0.7347573
1.2183425
-0.5443628
-1.4994907
0.49329644
-1.4352387
0.5181712
-0.23171079
0.54920673
-0.82800686
-1.003185
-0.3960705
-0.82197416
0.35617444
0.109003454
-0.9416549
-0.5930966
1.4072387
-0.638767
0.6528653
0.5582208
1.676391
-1.3911821
-0.6698471
-0.58077407
0.70931816
-1.1394341
0.7337582
0.01531327
-0.6450454
-0.8716559
0.6985446
-0.71262944
0.55041337
-1.410675
1.6258453
0.05746432
0.010027955
0.17682342
-0.753285
0.12113315
0.5845529
-0.768919
-0.9159912
-0.266849
-1.4708143
-1.1559191
-1.036999
0.07143403
-0.09646564
0.39461836
0.43059406
-1.0380586
-1.4914231
-0.6333991
-0.56358457
-1.517298
0.050163686
-0.30024856
-0.50032014
-0.24435195
1.4285485
-1.7543235
-1.3598198
-0.5741108
-0.04745683
0.7609744
0.1342357
-0.07013071
1.060209
-1.3772259
-0.69096816
0.9879879
-0.34790993
0.9986479
-1.7392501
-0.77641743
0.9324136
1.3570917
-0.787582
1.7467963
0.18168354
-1.452255
0.86361325
-0.4183351
-0.50069433
1.4376951
-0.92991877
0.18511605
0.75883174
-0.57187355
0.7854645
0.66979414
-0.989054
-0.87372
-1.4563802
1.1693144
0.97173023
0.32766655
-0.037852474
0.02453613
0.664184
0.59765184
0.36005417
0.9133605
0.8957029
-1.4626817
-0.65425915
1.165003
-1.084014
-1.6411264
1.3668978
0.53828835
1.1707357
-0.7241819
-0.78493226
-1.0047567
0.25720248
-0.3855083
-0.31001952
1.1094892
-0.97021604
0.2410532
-0.36514068
1.8036926
1.1887461
-0.3228279
1.5419407
-1.5970647
0.69266546
-1.6077445
1.145408
0.7804059
1.369664
-1.2129701
-0.38095558
-1.1734098
-0.96659046
1.8469701
-0.76400054
-0.8467616
0.38382122
-1.2817804
0.37869096
-1.4246632
1.0517508
0.15638825
-0.056555968
-0.42221186
-1.0802557
-0.11405944
-0.18865672
-0.96939635
1.3892411
-1.3181002
-0.7995857
-0.08583086
-0.7514194
-0.7178573
1.3749329
-0.31802034
-0.15118779
-0.55941945
-1.2099212
-1.4367145
-0.10993952
-0.3780329
-0.5070598
-1.2020193
0.27906555
-0.65594566
-0.6570434
-0.17552434
-0.07442613
0.13970572
-0.2896868
-0.45267308
-0.9794484
-0.71303934
-0.35875177
0.2731778
-0.0011293495
-0.84618235
1.3320699
0.42487246
-0.5072034
-0.9579612
-0.88781154
-1.5833554
0.11111803
-0.3999743
-0.55242693
1.4733244
-0.3343743
-0.13371758
0.09605595
0.13890766
-0.5953323
0.13699174
0.52187896
-0.08421113
-0.009600813
-0.4789907
0.30057195
0.2800381
1.1190225
-0.13995762
1.0659122
-1.0038872
-0.3393706
-0.9114227
0.82867646
-0.31927124
-0.23802762
0.73830307
-0.57554185
-0.33406812
-1.0226748
-0.8945657
-0.4268365
-1.2306583
0.026484095
-0.4770826
1.0448068
-0.8558728
0.5574676
-0.23290895
-0.22185586
0.52566
-1.4362429
-0.055958305
1.2752372
-0.090849526
-0.80442536
-0.12599006
1.151608
-0.9455271
-1.1328397
0.5625736
0.6511002
-0.03289373
-0.49794185
0.59000224
1.4338392
-0.6448986
-0.7204631
-1.2305143
0.48682448
-0.1758245
0.67621726
-0.864176
0.17765626
-1.2838581
1.6504812
0.79551494
0.05576526
1.0491505
-0.2993608
-1.4155242
0.5268586
1.4044435
-0.025254698
-0.88154805
-1.0156913
-0.4369114
-0.50128967
-0.5109839
-0.5416738
0.061739687
0.09308019
0.061218843
0.13997932
-1.7632389
0.35863796
-0.65308994
-1.6794325
1.4709529
0.15751651
0.45726076
0.23422086
-0.5129769
1.6087626
-0.44289806
-1.3263377
-0.21752171
-0.67546695
1.7476304
-0.63330144
-1.6481307
0.13306919
0.37065038
-0.9497773
0.5303594
-0.8453533
-1.5509825
-1.0283897
-0.72028166
-0.15910721
0.4209618
0.028305773
-1.288985
-0.67595166
0.18363188
-0.37732786
-1.0205791
-0.46632266
-0.13742994
0.47871578
0.075775385
1.4548873
-0.6759485
-0.31425354
-0.033439126
1.1988438
1.4006406
0.1802993
1.1711661
0.014712161
-0.71714073
-0.638381
-0.8188935
-1.0568699
0.99051297
-0.09476773
-0.5897027
-0.14629708
0.45365056
0.3553404
-1.7255793
-1.2697796
-0.64425075
-0.46683478
1.225389
1.2037973
0.05798264
0.2351861
-0.76341337
0.57831556
-1.0107534
0.74245393
1.3880751
-1.6534579
0.9003639
-0.36949483
-1.3424965
-1.4844273
-0.34474948
-0.09825814
-0.0598203
-0.8342999
-0.6572689
-0.31313255
0.7762269
-0.8322841
0.5211229
1.0440775
-0.62730616
0.15252241
-0.37828004
-1.6763986
0.4821696
0.8981061
-0.5037715
-0.65893394
-1.1284809
-0.35965297
-1.7267579
0.835811
-0.16660808
-0.1048892
-0.039002944
-0.32519105
0.58914584
-0.071719356
-1.8564315
-0.35269314
0.7337886
0.005878243
-1.9813175
0.7653842
-0.544353
0.986879
-1.5473664
-0.8381955
-0.7808125
-0.94159156
1.0653266
0.33390525
0.5877182
0.1537622
1.338429
0.25698757
-0.3838974
-0.5316195
-0.013511895
0.22486107
0.1294192
1.0807493
-0.037714437
-1.1527615
-1.2271028
0.2517668
0.7345627
-0.1860337
0.924104
1.5491116
0.578426
-1.1032056
0.01685018
1.3077402
0.3294313
0.71306443
-0.8796887
0.9804603
-1.0095278
-1.0131043
-0.03969211
-0.19865038
0.5559084
0.75066084
-1.0807587
-0.18232463
-1.0179943
-0.08802887
0.5468504
0.65404195
0.74941295
1.5193242
0.22336063
-0.2538923
0.28370517
0.96369755
0.85750884
-0.63388056
-0.5903485
0.9270938
0.045697406
1.5325633
0.27813655
-0.25528926
0.76862544
1.2061851
1.1151334
0.47473592
1.290785
-1.3677053
-0.3827176
-0.8972442
-1.3756481
0.49790153
0.34710163
1.2458334
0.5767742
1.0998757
1.8469508
-1.2435243
0.046647184
0.30535182
-0.11459932
0.20372628
-0.98119164
1.3617017
-0.84576106
-1.1698548
-1.2597682
-1.643537
0.270471
-0.9983323
0.75996935
-0.32290292
-0.6235129
-0.7346606
-0.39648762
-0.8138174
-0.4111726
-0.8342991
-0.82106936
-0.21996686
0.1075883
0.26939014
1.3183823
-0.272815
0.36368415
-0.17812097
0.97328836
1.0992881
0.06709665
1.3937099
-1.7398628
-0.021536212
-0.72731376
-1.6343921
-1.1036721
1.0536308
0.7689667
0.6596613
1.0770754
-0.46969682
1.3806636
0.1249602
-0.40671012
0.05248792
-1.6026341
-0.98182434
1.0765387
-1.0583395
1.2519227
0.29095256
-0.48517597
-0.7136561
-1.7610483
-0.4904839
0.4570841
0.87889504
-1.7382693
0.41871712
0.019057302
0.08218711
0.94028693
-1.0642762
0.64166206
-0.36984384
0.6874381
0.056577142
-0.3120321
0.9530916
-0.08044809
-1.4499649
-1.3183343
-1.1196336
-0.5947779
-0.4510581
-0.4103844
1.0379987
0.9780376
-0.28730404
-0.6445038
1.0076928
-1.5944902
1.1258329
-0.0844524
-0.8058945
0.54885465
1.7104967
-0.15165433
0.7385303
-0.08553408
-0.569851
-0.9676702
0.5022545
-0.290565
-1.1524419
-0.45255238
0.2492446
-0.089139335
-0.42023665
0.1532041
0.38360134
-0.6325564
-1.5765177
-0.090717904
-0.24608375
-1.6273279
0.09368375
-0.98759425
-0.87080276
-1.4835676
-0.99393594
-0.9364575
0.25734457
1.2778635
-0.731744
-0.34400797
0.43936288
0.32430032
-1.3003212
-0.39803043
-0.05277455
-0.29462856
-0.75854135
0.15852551
-1.0554247
-1.7898614
0.43863568
0.014752914
-0.0098826215
-0.68373245
-0.2257138
0.8886048
-0.6852085
-0.79240936
1.8658967
0.70850074
0.99289954
0.35820684
0.55938864
0.67270565
-0.50270563
0.003610741
0.4292181
0.02000194
-0.2351371
0.8755611
0.37321138
0.14682859
-0.8206495
0.8605797
-0.39939877
-1.6413062
0.17286502
-0.61311287
0.43997723
0.664361
-0.10199979
0.8406576
0.73550904
-1.4427567
-0.990247
0.6585859
1.7335613
0.0072706183
0.1151696
1.2215124
-0.9654088
-0.6931031
1.5828727
-1.2108179
0.90052867
0.76428664
-0.61718947
0.3870667
-0.23245963
0.7234245
1.4440706
-1.4686238
-1.3164536
1.6554538
-0.7935372
-0.40212607
1.5540339
-0.70122147
-1.544081
0.79474735
-0.06511762
-0.38511622
-1.1330098
-1.160117
1.2231166
-0.7032486
0.85245717
-0.2831855
0.41444823
-1.464079
-0.62421626
-0.35257238
0.80131876
1.9016767
-1.7785368
1.4624536
-1.4947296
-1.499096
-0.99180794
-0.39594957
-0.46792006
-0.7046815
1.1138539
0.7797678
-0.19337796
0.91865003
-1.1808336
-0.4079366
-0.41881204
-0.021888953
-0.06428574
0.17041132
1.7506375
0.41155085
-0.10703409
-1.8840564
-0.9131605
1.5707436
0.20915751
-0.2639753
-0.103301466
-0.73982906
-0.28468812
-0.10395263
-0.94757724
-0.385726
-0.16434172
1.5590265
-0.07474193
-1.9716551
-0.23413602
1.1291139
1.7456263
1.3246669
-0.24946745
0.37978008
-0.91939354
-0.041348863
0.9528109
-0.042277217
1.3722464
-0.9436232
1.2395343
-0.9885216
-0.7729756
1.6535227
-1.3734492
-1.7902956
0.31420663
-1.0477135
-0.19304489
-0.28748918
0.5730458
-0.5084328
1.2771244
0.36070502
-0.04123893
-0.83412206
-1.746982
0.39725482
0.52421284
1.51598
0.34401888
-1.2660503
-0.24746849
-0.94528174
-1.0431707
-1.3401645
-0.29755324
0.64838564
-0.71216077
0.5895051
-0.65298945
-0.29102817
-1.4335172
1.0034417
-1.5112702
-0.38703462
0.86401117
0.1907756
-0.2534854
0.093117625
-0.5042342
0.42068544
-0.14839754
-1.0894845
-1.3579937
-1.5826995
-0.020762589
0.38211772
2.052079
-0.39737484
-0.39664328
-1.0282856
0.24991947
-0.55448556
0.3121936
0.11121085
-0.15031607
-0.98791575
0.4041537
-0.23865715
-0.10421343
1.1265082
-1.1762683
-1.4883202
-1.3157054
-2.0190222
0.05728973
1.2698693
-0.022325516
-0.035929516
1.7800826
-0.31537715
-1.0970018
-0.34258816
1.3795363
1.0350655
-1.2388473
-0.71313
-0.2592838
-0.3031767
-0.5855105
-1.4131837
-0.64341646
-0.69747245
1.0359302
-0.53523123
0.20314176
1.4330863
-1.8331498
-1.2197342
-0.1259127
-0.11435058
1.2212174
1.5120864
-0.7038657
-0.6464389
-1.7238202
-0.7778086
0.90213233
-0.26368657
-0.26105788
-0.97214735
-0.4230205
1.0958047
-0.20448609
0.009061242
-0.2645151
1.1345026
0.38837308
0.29075262
-0.5704472
-0.319876
0.091370516
0.45199868
-1.238521
1.3041711
0.1978809
-0.12786618
0.36312392
1.0755799
-0.9363326
1.2466627
-2.010935
-1.0434766
-0.2532576
1.4957843
-0.19258988
-0.01136431
-0.032940213
-0.17095084
1.2918501
-0.895395
-1.0451711
-0.95271593
-0.041303203
0.56592613
0.87125075
-1.2234877
-0.18300049
-0.1319459
-0.4956336
1.8447765
-0.9734664
-1.8355173
0.21121466
-0.8859548
-0.43165135
-1.6626073
0.014945755
0.17388177
-0.514408
-0.060377058
-0.9976767
-0.56120956
0.64841557
-1.0633708
0.38000536
1.3894203
-1.3922032
-0.47446865
-0.21331304
0.3411006
-0.70561326
-0.99032205
0.9395851
-0.40429085
-1.0915356
0.3442337
0.14981966
0.36091715
-0.19928476
-0.8648679
1.1698405
0.08102802
1.4792601
-0.05071565
-0.30572936
-1.349486
-1.6853728
0.015589263
1.0792346
-0.56061816
1.1674831
0.9248618
-1.4414172
0.21040142
-0.7462166
-1.1136087
-0.68976986
1.1799498
0.02441154
-1.2018346
-1.3907573
-1.613485
-0.039909467
1.3957301
0.6436323
-1.1708533
0.7111983
0.24193354
1.0583928
0.75842035
-1.3046955
-0.75818115
-0.22349523
1.2065017
0.83216673
-0.66447717
-0.6632114
0.1641349
1.2837372
-0.32218495
-0.896772
-0.9629307
-0.66598934
-1.3914434
-0.22757374
-0.96456355
-0.036334652
-0.25735188
-0.6918353
-0.85855347
1.0940526
-0.5330494
0.34278247
-0.82017505
-0.29707345
0.6396193
-0.65514165
-0.4845652
-0.8208026
-0.6359264
-0.12059534
-0.6909967
0.08846099
-0.54722124
-1.2319995
-1.0687095
-0.28819114
-0.08597711
0.38423774
0.81068563
0.95375556
0.13213727
0.6886432
-0.6247166
-0.52616847
-1.4680719
-1.0652783
1.0356736
-0.62990355
1.1623871
1.635867
0.8715818
0.7972722
2.0100238
-0.26537487
-1.1441181
-0.12304438
-1.5052285
1.8891337
-0.83473
1.2843522
0.5010088
-0.80186635
0.0067588994
-0.56019735
-1.7466924
-0.039179873
-0.50267136
0.8448276
0.46413124
0.0032043476
0.56195414
1.003319
-0.25854385
0.11708695
0.75439876
-1.3725462
0.6654854
0.32861975
0.60872716
-0.07549319
1.4240334
-0.21877946
-0.23578273
-1.0157285
-1.0463836
-0.25146917
-0.1267622
0.005275624
0.012064032
-0.40786585
-1.2360231
0.30310723
-0.21193147
0.1397419
0.58054686
-0.39475194
-1.4191049
0.31542036
-0.8419938
0.5416747
1.7085273
0.8569305
0.14695813
0.3327686
-1.4564589
-1.4358786
1.0092658
1.0612278
-1.1408333
-0.049821198
-0.07307528
-0.17123722
0.62416077
-1.4238644
0.26950893
