0.37194145
0.42176214
0.63914514
0.34558904
1.1109763
0.21865429
1.7664175
-0.9585072
-0.88191175
-1.3093013
0.4952487
-0.6895248
-0.29805598
0.9774606
-0.22936323
-1.3625011
-0.74822617
0.20415308
0.2506805
0.5128174
-0.6616453
0.84022903
-0.63449657
0.29184866
-0.50710565
-0.8749474
-0.66651917
-0.491715
0.965687
-0.7609053
-0.12854034
-1.388736
0.675286
-1.6390841
0.28349656
0.23832949
1.1027609
-1.551168
0.48758903
-0.607289
-0.28261554
-0.40109438
-0.060770806
-0.21281645
-0.03181246
0.9588285
0.017243978
-0.32292226
-0.1607353
0.11864472
0.3796485
0.6043469
0.106748
1.1553252
-0.7894865
0.9356644
-0.87028813
-0.47840333
-0.055603504
0.1272223
-0.66216516
0.9068706
-0.4842437
-0.50161564
0.23473726
-0.57797176
-0.64020777
-0.4619578
1.5730002
0.2946227
-0.5731112
0.36832622
1.1980299
-0.5321831
-0.30154824
-0.9040616
1.0921934
0.70239395
-0.36545366
0.91669595
0.8523839
0.5423563
-0.13900605
1.4604626
-0.45484257
-0.332662
0.15233816
1.3497678
0.55419415
-0.94357157
-0.7483492
-1.3419418
-0.71878356
1.276517
1.2897288
0.45584655
-0.7053086
0.20082681
-0.76268774
-0.219157
0.7625184
1.1324965
-0.69091827
0.04685614
1.2424483
-0.8740526
-0.13239148
-0.52438116
-0.73274773
0.34491736
-0.28814676
1.2359631
0.82236344
-0.046629686
-0.3115067
-0.024890535
-0.9944238
0.018400405
-0.5407831
-0.7051741
-0.8369643
-0.15057011
-0.3049416
-0.41587347
0.5197566
-0.2428469
0.76862574
-1.1570934
0.10130608
-0.21674718
0.8639876
0.5676416
-0.39828184
0.74145395
0.025433645
-0.48592216
0.9133917
1.010155
-0.27429593
-0.039063472
0.7080684
-0.01152942
-1.1075023
0.21932682
-1.0333061
0.27537677
-0.22476232
0.5284424
0.12754205
0.043830264
0.76664037
0.71112525
0.4574406
0.81838894
-0.09986051
0.27709526
-0.6260049
-0.3302247
-0.081802614
0.1714506
0.02713261
-1.019334
0.8682251
0.03297016
0.08267708
1.0305011
1.1424122
-0.790872
-0.009759577
-0.073241964
0.8838365
-0.4596244
-0.06862797
0.95528495
-0.8430064
0.89153427
0.13280438
-0.0076180925
-0.4477327
0.46607304
0.6357711
-0.577006
0.7315734
-0.87233126
1.2699227
-0.8628912
0.43329623
0.06598359
0.42189527
1.3770051
0.16909607
-0.87810886
-0.01882996
-0.35075313
-0.63815254
-0.15325503
-0.35367298
-0.37253726
-0.40397912
-0.05862313
-0.2739989
0.2894314
0.048440993
-0.7832191
-0.7132753
-1.4128699
-0.55241954
-0.35500994
-0.48543233
-0.4997872
-0.24670056
-0.41750732
-0.60444343
0.7106837
0.49817836
-0.057331234
0.07944389
-0.5193031
0.0507177
0.29572386
-0.47415304
-0.12562738
0.7600872
-0.6899129
0.15145849
0.9222637
0.5049139
-0.30512866
0.37166786
0.90222853
-0.26113695
-0.7954469
0.9072254
0.60979915
0.27244967
1.4567744
0.12281591
0.18856184
-0.033240084
-0.47014898
-0.099554226
1.2540137
0.008418207
0.37436503
0.17279814
0.18222341
-0.65211535
0.81234825
-0.3228803
0.5629208
-0.29657945
0.27979657
-0.34300947
1.1488323
0.6146913
-0.99450004
-1.9729182
1.31401
-0.5838408
-0.55983126
-0.1514629
0.2767713
0.1415758
0.40649533
-0.06369625
0.15818098
-1.044059
-1.1962479
-0.021374177
0.079620756
-0.18427162
0.79061997
-0.48232913
0.9142544
0.7125199
-0.72759277
0.9619303
-0.45783177
0.12441869
0.1982747
1.2640741
-0.016933957
1.0211473
1.20551
1.1685714
-0.15206738
1.2665979
1.4522027
1.2910676
0.31004366
-0.33628356
0.044516403
-0.31561363
-0.3244473
0.40167484
0.6953829
0.45086092
0.21099293
0.13322856
0.58968925
0.11631551
-0.003913057
0.20254403
-0.7565613
-0.37133256
-0.27286652
0.5127823
-0.73216444
-0.2193371
0.21784236
-0.011216689
-1.2266366
0.3770806
-0.5759018
0.23071373
0.28424966
0.101229735
-0.15641324
-0.057056114
0.798559
-0.3985904
0.33997044
1.0624936
0.33368507
-0.38553515
0.18133046
0.12583865
0.2852795
0.31875312
0.019670935
-1.0701938
-1.3871238
0.15510719
-0.29647663
-0.5564647
-0.80917114
-0.23365997
0.6498441
-1.0096216
0.99961156
-0.4317596
1.1354872
-0.2252639
1.297924
0.5992456
0.12069238
1.2503301
0.16564573
0.24363393
1.1953678
-0.4645243
1.2440009
-1.39092
1.3362051
0.25852224
0.41911978
-0.254294
-0.16057359
-0.5791578
0.82669675
-0.06750847
-1.1437441
-0.17267351
-0.115158625
-0.75737673
0.11614944
-1.3550528
0.2650166
0.11178517
0.7086738
-0.23960131
0.8578838
0.43769494
-0.43313575
-0.69020504
0.24473797
1.1711223
-0.25616258
0.61584115
-0.6844348
-0.9994428
-0.37347734
-1.2606224
-0.022114903
0.2029722
-0.73331225
-1.0347698
-0.01651087
1.5886577
0.16447988
-0.20280878
1.1451914
0.2508025
0.7059055
0.71111983
-0.15332906
-0.7365823
-0.58224857
-0.5160114
-0.24761838
-0.6956188
0.9521618
0.15885554
0.75981134
-0.015765356
1.1847545
-0.79817635
-1.0671481
-0.37237477
0.9729488
-0.47171104
-0.42525634
0.58804494
0.4461457
-0.84081
0.5869251
-0.14905667
0.51621103
-0.035368726
-1.2236242
0.7825098
-0.21176252
-0.21184056
-0.8275095
0.3011584
-0.61984587
0.38892752
-0.754713
-0.17997254
-0.44438088
-0.2258746
-0.06288003
0.11019891
-0.040979084
0.81679803
-0.47804034
0.65467
-1.4626793
-0.6684849
-0.91982245
-0.96849316
-0.0017022371
-0.4196709
0.6499491
-0.009016495
0.78426695
1.5725042
0.6816632
-0.42158052
1.3265541
0.35967812
-0.01844772
-0.44100252
0.3346139
1.609324
0.68431306
0.17376374
-1.4260001
0.16679929
-0.046635896
1.1027318
-0.6716215
0.5785408
0.5056961
0.4335771
0.7094525
-1.1060047
0.018925583
0.98893714
0.1662812
-0.032509144
-0.602582
0.36915255
0.41561976
0.35391462
0.1683323
0.28438956
-0.12675282
-0.015494389
1.310486
-0.054284018
-0.96736425
0.7327816
-0.93298197
-0.17059918
0.2743537
0.48844206
-0.81700146
-0.31194168
0.49316943
-0.6593579
0.8725847
-0.2710886
0.12692498
-0.10289425
-0.070728675
-0.14908686
0.76626074
0.37639195
-0.35444224
-0.7062943
-0.50408554
0.21033767
0.8491156
0.8337875
-1.0525253
-0.010496308
-0.0040824823
0.03557253
0.521218
-0.38734528
0.40935725
0.15387678
0.2907942
0.5621209
-0.98630327
1.0545777
-0.8456019
0.38726258
-0.17428973
-0.34651753
-0.48065388
-1.2951837
-0.08963603
0.3252255
-0.6915666
-0.28047934
-0.85325944
-0.61466354
0.49826688
0.18795341
0.2874163
0.86807704
1.0045093
-0.5898693
0.6039249
-0.9371707
0.033807825
-1.02144
0.9891658
-0.40658307
0.6578865
-0.21118353
1.0712582
-1.4955314
-0.5947919
0.055896062
-0.12061537
-0.87236696
-1.1076524
1.0025922
0.572507
1.114394
0.13862783
-0.16798063
-0.071027756
0.3798694
-0.9705192
0.17222945
0.49064445
0.32163534
-0.8888992
-0.3216222
0.28836715
-1.2936046
-0.4881112
-0.7618419
0.013756461
-0.29390085
0.55265605
-0.4906156
1.3044689
-0.0718442
0.70082283
1.4147676
-0.94422644
0.55432934
1.1196027
0.8822962
-0.05462494
0.20135528
0.37753895
-0.46344155
0.6352014
0.035101052
0.28454354
0.93052465
1.0675693
0.57542336
0.1917909
0.5005114
0.41696775
-0.4032545
0.65264857
-0.58582586
0.23974575
1.5099264
0.46463495
-1.3060197
-0.10182122
1.0010678
1.1067431
1.600733
-0.91852593
-1.2124293
0.784094
0.6225799
0.5672246
0.16214918
0.10606742
-1.0874132
0.8173265
-0.48890692
0.6260644
0.50733757
0.84907657
-0.046870492
0.14800893
-1.1038883
-0.18770789
0.851109
-1.0015764
-0.76015466
-0.13521722
0.5489307
-0.28607172
0.65744025
0.5602046
0.39354745
-0.5791065
-0.91778797
-1.3216916
0.3417767
-0.027345631
-0.13809001
0.28307548
-0.2596865
0.7178704
-1.3134664
0.6800454
-0.34334427
1.0770487
0.24484822
-0.82071483
-0.049118955
-0.057828113
0.9981415
-0.022074621
-0.53939205
0.8215505
-0.27129415
0.32303178
-0.7063789
0.2785121
-0.28857225
0.2717152
0.5046756
-0.8655976
0.2585268
0.23834568
0.031659484
0.6590879
-1.3090317
-0.35866338
0.75433785
1.1625036
0.2009887
-0.31908807
0.34849623
-0.1765698
0.03671197
-0.6317051
-0.2756492
-0.29787135
-0.12982039
-0.43200317
0.10412855
0.73510134
-0.62008923
-0.35094607
-0.79547673
-0.08987901
0.45397192
-1.0952251
-0.2327571
-0.16742522
-0.9634012
-0.13262388
-1.0053177
-0.32100886
0.35397112
0.60817456
0.72033846
-0.07300958
0.7364932
0.8070768
-0.95701873
-0.007925789
-0.7847792
-0.2891841
0.78256357
0.16662572
-0.07749439
-0.27398905
0.565659
-0.03257046
-0.31319124
-0.13432507
1.4484717
-0.21913318
0.27502158
0.514362
0.79186344
0.6300289
0.07263679
0.41303706
0.71551806
0.8060441
-1.0438774
-0.1669999
-0.3301807
0.35169056
-0.16530572
-1.3875289
1.0901923
-0.17121716
-0.0069547035
0.29203597
-0.29888853
-0.32324883
-0.554862
0.6746248
0.5354648
-0.039336976
0.693923
-0.27005175
-0.6862208
0.8268514
1.01803
0.5058786
0.17881899
0.6056674
-0.6438677
-0.35128185
1.0759891
0.19263566
0.11027735
-0.8422408
-0.7471365
-0.19272727
1.0171707
-0.56045055
-0.66283965
-0.05586457
0.37876794
-0.5217042
-1.4885806
1.3601544
0.020517534
0.8134042
-1.2198919
-1.1875103
-1.0148025
0.65498793
-1.240727
0.56670773
-0.2322266
0.05580462
-0.32973367
0.019598586
-0.9819037
0.9089899
-0.19659773
0.26209107
0.115032285
-0.41806778
0.45926243
-1.0274934
0.11571514
-1.5021763
1.1373429
0.6574584
0.51399827
0.2555272
1.3197205
-1.0438734
-0.61947995
1.2910557
-0.9076444
-0.58798933
0.04255337
0.56232285
-0.22954269
-1.3865874
-0.23054607
0.15622823
-0.8171363
0.9684539
0.5237479
-0.11524548
1.0700577
1.2140385
0.77226686
0.7120069
0.65893894
0.5926887
-0.4041774
1.2874575
0.06444833
-0.61058706
-0.16009916
-0.14820808
-0.43043718
0.5093822
0.90697384
0.66718
-0.5701471
-0.69925016
0.6172454
-0.0018802609
-1.7192378
-0.4800018
-0.11825188
0.19844928
-0.7279086
-1.0538065
-0.0330102
0.775339
-0.7749967
-0.20816143
-0.7179592
0.85537016
0.8456987
0.8071683
0.86274165
0.24812885
0.5839631
0.9323052
-0.8522907
-0.041163225
-0.5613622
0.005497607
-1.135175
-0.30308205
-0.13849631
0.14930995
0.2074522
0.13642351
0.27500406
1.3810202
-0.27446702
0.7494633
-0.106349885
-0.8120669
0.51255745
-0.46553072
0.29930532
-1.0856681
-0.12514894
0.15393083
-0.009556595
0.57649153
0.88514864
-0.37240568
0.719878
0.59522486
0.090713166
-0.10171371
-0.54007536
0.24191216
-0.46499825
-0.5338651
-0.06664226
1.1795712
0.4575073
0.8066769
-0.54519594
-0.3919559
1.4265201
1.5891542
-0.16932584
0.6899033
-0.016343595
0.08608019
0.77077734
-0.059804697
-0.4757208
1.3001847
-0.08382106
0.5835078
0.028886508
0.3333577
-0.035355933
1.2095261
-0.7655515
-1.4589182
0.8309231
0.90027726
-0.13303213
-0.96603274
-0.39982355
-0.19399202
0.6525427
-0.32686296
-1.2533888
-0.48745716
0.3876974
1.0843706
-0.7304473
-1.0635129
0.034040336
0.58573925
0.7951715
-0.5628011
0.2817343
0.7271524
-1.068802
-0.92250293
0.16920301
-0.3081239
-0.11691728
-0.02116963
0.1460755
1.1908213
-1.0119975
0.12645075
1.1011041
-0.09150624
-1.3949134
-0.75380695
-0.20710711
0.90336776
0.35370928
-0.04828716
-0.11951313
0.9725184
0.80105877
1.3066735
0.40022552
-0.44483316
-0.035697643
1.2559022
-0.81034154
-0.517253
0.20459586
1.6970711
0.8669611
-0.041183673
-0.56902754
-0.89684737
0.3602805
0.2965766
-0.17993665
0.40644068
0.14702456
0.15204592
-0.48809102
-1.2498906
0.3567822
-0.6387356
-0.49136597
0.4285782
-0.36762
-1.2258227
-0.5528541
-1.525354
1.4221894
0.74139184
0.7252047
-0.8003044
0.9030616
-0.0006033554
0.89652556
1.1796947
0.69513434
-0.9179371
0.067344286
-0.8568869
1.7645664
0.43337846
-0.20076677
0.973204
0.8447183
-0.82560146
-0.35641173
0.21575905
-0.24130985
-0.9729836
0.8642997
0.48444307
-0.740128
-0.6638346
0.09090228
-0.17187786
1.2399415
0.8606289
0.35644794
1.1387924
-0.5081815
-1.0330988
1.1994478
0.10682872
0.7042078
-0.8390303
-0.5601927
-0.011709745
1.454216
0.15777165
1.0019263
-0.35183463
0.066140376
-0.43344316
-0.3386166
0.9927459
-0.45642084
-0.53580266
-0.50532436
0.29737344
-0.26747537
0.62165034
-1.1779202
0.040536556
0.08792839
0.8493531
-0.34759003
0.65270627
0.02678869
1.3430216
0.4620336
-0.15995927
-0.65077204
-0.49207556
-1.1405697
0.60441744
0.6824185
0.19598366
0.6662053
0.13650708
-0.3545054
-0.84771824
1.1016448
-0.5883404
0.7134942
-0.09233702
0.010034735
-0.59735334
-0.5303418
-0.038762882
-0.3176169
0.52477676
0.07599879
0.26468778
0.65408015
-0.5535054
-0.04352313
0.9500779
0.5571954
-0.2023637
1.2279267
0.0038297717
0.6050331
0.45578098
-0.19690071
-0.6242976
-0.028929193
-0.47296396
1.1754048
0.5956624
0.8794074
-0.5868628
-0.51471317
0.59005
-0.06690851
0.3490402
0.52835476
0.65588796
-0.5652008
-0.41282058
-0.22769688
-1.1268369
1.3008496
0.513817
-0.24919628
-0.54513884
0.67923146
0.6894992
0.7851138
-0.2474929
-0.7302049
0.5568328
-1.633869
0.56239444
0.4459543
-0.90980583
-0.38403723
-0.82180643
0.49331897
-0.44272608
0.7358237
0.023727452
0.018179478
0.052681193
-0.10483758
0.8095052
-0.21595734
-1.0415912e-05
-0.21451259
0.17941323
0.1825173
-0.4246667
0.5663385
0.31214333
0.15566161
0.15877736
0.007932583
0.68052137
-1.1982697
0.1975855
1.3260725
-0.31744474
-0.1726438
-0.51220024
0.5425311
1.2683018
0.19539207
0.70446247
0.8279163
0.27197886
-0.13495566
0.510659
-0.5743893
1.0400848
-0.5281818
1.2104318
1.5661376
0.5435219
0.55792224
-0.21501465
0.28704873
-0.23011743
-0.61122924
1.337351
0.06026627
-0.94504094
0.1841626
-0.32469887
0.02057956
0.110602185
0.04707714
-0.00948634
-0.075529955
-1.8033175
0.3995014
0.1922815
-0.54266816
-0.11974112
-1.1723413
-0.22693874
1.1840355
-0.93205535
1.0353129
0.3171146
-0.2623079
-0.5611088
-0.8207488
0.08992466
-0.3383078
0.9488807
0.37806845
-0.12237482
0.45848173
0.4265894
-0.7769963
-0.8358228
0.032892875
-0.41633582
-1.2085906
0.41769168
-0.65405405
0.35408354
0.20968165
-0.37070823
-0.5816362
1.2175053
-1.3176783
-0.5643355
-0.66412556
0.6391342
0.9950656
-0.21335456
0.18865663
0.20752151
-0.87065905
0.27804548
-0.42337233
0.0053397836
1.463382
0.238194
-1.3132963
-1.5472453
0.23418097
0.97277987
0.03461866
0.38432744
-0.8740673
-0.069838084
1.7356145
0.6815264
-0.4086448
0.0034783413
0.27272835
0.67100644
-0.52960646
-0.65669954
-0.25983873
0.8157998
-0.49261123
0.8277562
-0.66920906
-0.4323266
1.1972426
0.85479134
-0.14135921
1.2285955
-0.02430824
1.1757566
-0.5984009
-0.37634078
-0.051552884
1.6231611
0.44244838
-0.6160077
0.0033331956
-0.78774977
0.88199157
0.060837515
-0.87131387
0.48717883
0.10659841
-0.5726495
0.25007406
1.7089058
-0.24439654
-0.3721338
0.6375567
1.002805
0.35601357
0.2423635
-1.0012459
0.14535914
0.36824796
0.74120986
1.2366098
0.8250451
0.805086
0.48342565
-0.38079846
-0.7421195
0.9972656
0.57365257
-0.6632086
1.2826673
0.7540438
-0.23744495
-0.9344063
-0.015507985
-0.64186794
0.060436588
-0.8204651
-0.20806347
1.4207466
0.12009878
-0.4688369
-0.07327205
0.3093716
0.18878539
-1.3331677
1.1717527
-0.23884363
0.08564059
-1.1791118
-0.2886612
1.1069722
-0.82447696
0.29121283
0.3810273
0.38980964
-1.4595459
-0.24844563
0.09949655
0.90473604
0.02972894
0.44169956
-0.29528233
0.953995
0.75444126
0.22114787
-0.17728555
-0.0654389
-0.52440715
0.5246902
0.5605776
0.8083406
-0.32510266
-0.8092143
-0.18855529
-1.1947683
-0.17500791
0.16086157
-0.18994774
1.0773745
0.23110014
0.11867725
0.29469022
-0.6126906
1.2331347
0.17898306
0.32432982
-0.1479217
-0.51844835
-0.47421715
-0.351138
0.36283332
-0.31666878
0.21542622
-0.88302994
0.47299412
0.41776487
1.1942537
0.08699324
0.61682
0.2974417
-0.78467286
-0.47534636
0.03559871
-0.48314366
0.4164456
-0.42065847
-0.04913295
-0.7532704
0.24537836
-0.7604715
0.92864084
0.2493714
-0.46100825
0.097654186
0.19366021
-0.009908991
-0.9307049
0.6384088
-0.34147498
-0.93983984
-0.27462187
-1.5333362
-0.51699466
1.4672847
1.3614291
-0.017179286
-1.0290973
-0.0349542
0.25600037
0.20971474
-0.023448473
0.1930106
1.4156287
-1.0055349
-0.31070572
1.502473
0.11755727
-0.38099024
0.15972513
-0.35744703
-1.1919518
0.81461984
-0.4962584
1.0252885
0.57735944
0.02230566
1.4253055
-0.0538798
0.16384299
-0.5192029
-0.59864134
1.0459163
0.9680059
-0.7478782
-0.12636825
0.3618831
-0.15693279
-0.3679667
0.2900366
1.5304096
0.1404378
1.2792265
-0.51198846
0.9101986
0.06736547
0.32557744
-0.49873555
0.15658438
-1.1741524
-0.6931135
0.8149091
0.34370115
1.4446124
-0.6431276
-0.48680246
0.2788498
-0.5159817
0.15634753
-0.46195966
-0.31799135
1.3153105
1.550132
0.27487582
-0.4386697
0.18054633
0.5261735
0.42837557
-0.8143731
-1.16876
-0.4632525
0.08425213
0.2870307
-0.3638365
1.7019355
-0.74403244
-0.9549597
0.15079294
0.5523325
-0.7220977
1.0189754
-0.81797534
-0.765603
-0.14665817
0.3697732
-0.39700225
0.71502084
-0.27251598
-0.9476971
1.9558251
1.486682
-0.16316037
0.41218382
0.0826727
-0.022296257
-0.25971836
0.117751345
0.74151117
-1.1219244
-0.107935466
-0.8765967
1.0105939
0.06257471
-0.61501276
-1.3935801
-1.2082855
-0.06943244
0.9615604
-0.25042564
0.61293447
-0.06898028
-0.07766492
1.4707961
0.68419373
1.1691514
0.006568308
0.70538247
-1.386127
-0.81998765
0.026276054
-0.014555819
-0.00027484074
1.2105913
0.91464865
0.26658854
-0.057606317
0.26836494
-0.09450378
-0.8241835
-0.69795966
1.607899
-0.48053062
-0.52802795
-0.5775709
0.0053585214
0.016613299
0.45502105
-0.19344257
0.51459867
0.03655452
-0.5807691
1.4459622
-0.5511712
-0.16903444
0.023736568
-0.007633971
-0.24902007
-1.0509456
1.1398963
-0.088284485
-0.9676374
0.6570262
-0.110507384
1.5507553
-0.5567045
0.022574594
-0.5016815
-0.96330416
-0.35549685
-0.7714289
0.24289887
-1.1630889
0.043922197
-0.33067873
0.69268715
1.1531581
-1.2081804
-0.021710077
0.13441998
-0.39721724
0.05352825
0.58957213
0.87062705
0.33171788
-0.4278043
0.04064517
-0.9563085
0.48547602
0.83093214
-0.9541906
-0.96493447
-0.12028333
-0.7027598
-0.66210335
-1.1726916
1.1120782
0.014291025
-0.13155246
-0.6616922
1.0956252
1.4077517
-0.09708408
-0.10060905
1.2574642
0.7362796
0.007919601
1.2240758
-1.3484464
-0.4086253
-0.86802995
1.2248162
1.1168123
-0.4926868
0.43375194
0.81101114
0.5006559
-0.17683724
1.571837
-1.084506
1.533082
-0.9766779
-0.0039284127
0.32155246
1.2504591
0.70258516
-0.18870635
0.7754407
-0.09715599
0.9282702
1.0035822
-0.009864751
-0.118627265
0.36265483
-0.6374575
-0.22831564
-0.31780306
-0.57287455
-0.8377491
-0.69619167
0.5701089
-0.56458795
0.8467502
-0.08507775
-0.04282635
-0.5242641
0.2644239
1.4431114
-0.114392616
-0.27074322
-0.11247206
-0.21644838
-0.053738758
-0.6476949
1.3545135
-0.44558075
0.38255146
0.21362603
-0.31586418
0.99335575
-0.07273128
-0.06487537
0.15666272
0.13580568
-0.17198776
-0.93535644
0.69058526
1.3959024
-0.89930356
-0.16510703
-0.8606076
0.12245616
0.9841416
-0.39463732
0.65977734
-1.1060741
-0.20166914
0.3354916
-0.65617967
-0.65623796
0.35487676
-0.049202956
0.49998474
-1.1074662
1.1393878
0.8037659
-0.28943247
-0.2905737
-0.2837969
-0.22424506
-0.98736054
-0.054258224
-0.47064713
0.36916426
0.00638081
0.30660024
-0.53967744
0.01341686
-0.48105058
0.46060145
-0.67635113
1.0284684
-0.7204162
-0.44805932
-0.11489696
0.1069921
-0.76122105
0.2781342
-0.25731027
0.59591097
-0.36269495
0.059191823
-0.06517976
-0.15078951
-0.44621074
0.40213874
0.14151123
1.044138
0.6813422
1.1239662
-0.6885016
-0.6155764
-0.83255726
0.10582968
0.549249
0.3595113
-0.3254002
-0.57175237
-0.90891576
-1.2053369
0.27898535
-0.87124586
0.5613583
-0.33974943
0.63757926
-0.9494011
-0.95506614
-0.06386605
0.39716357
-0.54970616
-0.007866989
-1.0247157
-0.66629726
-0.80997
0.684733
0.06193998
1.2612436
0.44971055
-0.42543504
0.16799442
-0.74237365
-0.665004
0.60959864
0.42589042
1.3044224
-0.80681676
-0.2978049
-0.14566247
0.44999373
-0.1287641
0.13086574
0.34481415
0.4023074
0.04391334
-1.2482884
-0.19447236
-0.18414187
-0.33156398
-0.34661737
-0.91489285
-1.3223138
-0.6593288
0.6707903
0.3744393
-0.75081646
0.9110254
-0.57255995
0.17185302
-0.9065042
-0.22885996
0.0861346
0.72177523
1.6447885
-1.2500486
0.7380345
0.6697671
-1.0267006
-0.39260247
-0.8899001
0.0020748586
-0.2029178
-0.27115867
0.22850032
1.0818143
-0.061437648
-0.09760623
-1.1845295
1.1467019
1.1050513
0.46382987
-0.27075616
0.022512311
-0.97431517
0.5220862
-0.2513281
0.33943284
1.4267106
-0.09393095
-0.4549471
-0.16562794
0.31309468
-0.14240423
0.1879313
-0.36187524
-0.39550084
0.9914111
-0.13065955
0.02207696
-0.57326317
0.9940321
0.25087965
0.5465727
-0.21148755
1.0363343
-0.40691677
1.1038318
-0.010539383
-0.02888756
0.83519256
0.8763822
-0.15303487
0.2668774
-0.92558336
-0.5151261
0.51817125
0.21113169
0.86512566
-0.8563865
0.59732014
-0.16426462
0.5994063
-0.8660817
0.1305355
-0.4480828
-0.4335559
-0.5628009
0.80838686
-0.0045299786
0.04174498
-1.0372102
0.9413371
0.40840474
0.62842447
-0.43809247
0.047800187
-0.67861307
0.48057356
0.9882051
-1.1973889
0.015880127
0.6944453
0.5072088
0.07626641
-0.5148561
-0.37240714
0.4182027
0.5857631
-0.2697807
-0.1661264
0.4744104
1.0805385
1.2281069
0.8582864
0.07013896
-0.13899921
0.016357973
0.1036718
-0.31759542
-0.37604222
-0.29385057
-0.6944587
-0.5506172
-0.85014236
0.3833106
0.0099647185
0.15718833
-0.96027863
-0.56290674
-0.42057765
0.548731
-0.59056103
-0.55588776
-0.5186555
-0.71869874
-0.34596518
0.4825493
1.2600973
-0.44506472
-1.6908165
-1.1314273
-0.72075653
0.4771347
0.34765592
0.15770258
0.99771315
-0.9740479
1.2451673
-0.31474736
-0.8662193
0.9018544
-0.6656202
-0.40485692
-0.061728705
-1.4483327
-0.05360055
-0.029225027
0.62686765
-0.85735506
0.1505509
-0.8858386
-0.27030253
0.1705648
0.888296
-0.14715773
0.30109754
0.7462395
-1.4881402
0.8822662
0.7913383
0.89419127
0.95207256
-1.3595062
0.74150103
0.4019297
1.0238125
0.6707613
1.0095235
0.73178023
-0.055515114
0.03499785
0.46887705
0.46607813
0.032276135
-0.2620863
0.83686304
-1.3461946
0.4169685
-0.581516
-0.31642908
-0.67162186
0.2346124
-0.19216731
-0.22901413
-1.2398641
-0.20679785
0.3397721
0.52203214
0.301002
-0.097761035
0.7443862
0.25688502
-0.97213817
0.16253285
0.72320986
-0.9211891
-1.4546684
1.2163116
-0.27039215
-0.9774753
0.4956495
0.23696387
-0.21475987
0.05492213
0.3984065
1.2722431
0.15418975
0.97671676
-0.7159787
-0.47701252
0.5468615
-1.2134862
0.7956804
-0.22272396
-0.040258374
-0.41141897
1.4140949
-0.77119446
0.15052149
-0.62383527
-0.2677424
1.4827576
0.9352379
1.4890014
0.07723823
-0.49331862
-0.50218725
0.20967881
-0.70236444
-1.0810636
-0.39657727
-0.774424
-0.360816
-0.39141518
-0.049942132
0.6336584
0.5553551
0.27603438
-0.6311774
-0.68973327
-0.8115139
-1.4822333
1.7730798
0.4406906
0.37195328
0.16647576
0.2307986
0.09920111
-0.46257895
-1.2229853
-0.46339542
0.30372068
-0.8910952
1.1564258
0.22709845
-0.06151811
-0.8572147
0.19271685
-0.26940408
-0.017889334
-0.07739935
1.0697924
-0.31885928
0.38228154
-1.0049407
-0.5656394
0.9083377
-0.06373716
0.75659525
0.5373343
0.0008048601
1.6488241
0.0094763115
1.2770511
0.85303473
-0.7487724
-0.22333944
-0.296348
-0.28528157
-0.44423425
1.052372
0.825077
1.1257504
-0.5838152
0.20627308
1.1770169
-0.13345125
-0.81469077
0.9372899
0.27641347
-0.63271344
1.3917623
0.6206764
0.71980906
-1.0732712
-1.1183903
-0.25978562
-1.0782934
-0.17901282
-0.5422926
0.64804804
-0.028450556
0.9521523
1.1193057
-0.031478688
0.663668
0.82908446
-0.47233313
0.022069182
1.3258198
0.19341034
-0.64616865
-1.2015618
0.26499453
-0.1341272
1.2363452
-0.98532444
-0.8703685
0.6033954
1.5306896
-0.76953137
-0.5068138
-0.20294099
-0.9580759
0.62910736
1.5000509
-0.25545213
-1.4006869
0.7439362
-0.0032596344
-0.28481996
0.38196012
-0.6282978
1.1272659
-0.665013
0.55119675
1.2575189
0.93425655
0.22741081
0.6532679
-0.15294881
-0.269353
-0.5753911
-1.1410445
0.5408154
-0.3636876
0.42971116
-0.1565823
-1.1306765
-0.43273756
0.5855907
0.38432324
1.1188909
-0.111883365
0.3087811
0.13473701
0.1360263
0.21203017
-0.13434829
0.018970007
-0.023443442
-0.3897947
-1.0662739
0.39838922
0.43452427
1.3486849
0.28963435
-0.1337049
0.358774
0.6767774
-0.07168409
0.3916268
-0.84399116
0.59912926
0.025383443
0.8359587
1.3827952
0.54169345
-1.5514345
0.14913107
0.06380315
0.1417147
0.2287628
0.16023777
1.4668458
-0.340777
0.59049106
0.6487011
-0.9858832
0.68700117
-1.0755464
-0.76639014
-0.83087116
-0.4984795
0.94547856
-0.24361241
-0.027006285
-0.7323248
0.7611943
0.14313567
-0.6952125
-1.1765482
0.114181325
-0.28241715
-0.7679883
-0.31778753
0.09518126
-0.043754477
-0.35625774
0.16077827
1.1231645
-0.7707621
-0.6464683
-1.6004041
0.60479414
-0.6444165
-0.32758856
0.4829306
-1.0930864
1.0912391
-0.14873335
0.36137515
0.12339161
-0.25741315
-0.040811103
-0.71478194
-0.60312146
0.8693644
-0.3796751
-0.5170369
-0.6177724
-0.21358395
-0.91812485
-0.020042066
0.02624895
0.008921654
-0.22067198
1.1560363
0.5832768
-0.3306595
0.7629076
-0.29744932
-0.6749956
-1.110228
-0.5294883
-0.08320657
0.20130868
-1.3192688
-1.330536
0.16561487
-0.6376995
-0.11936343
0.97527707
-0.112284414
1.0779608
0.4173927
-0.099182636
-1.3202863
-0.714887
0.40627223
-0.050263274
-0.114591524
0.759159
0.3491088
-0.25528058
-0.28203526
-1.248079
0.17563395
0.3667278
-0.2596914
0.35333058
-0.57249725
0.70931965
-0.45638514
1.5206409
-0.27461895
0.056514636
-0.5796976
-0.6856463
0.2666624
-1.014765
-0.35820642
0.5665101
0.07075963
-1.1745917
-0.52645564
-0.8183643
-0.00046642122
-0.35706374
0.9017721
-1.0260715
-0.73305076
0.085704885
0.9677459
0.26947767
1.1457102
0.50696045
-0.12903768
0.68591666
-0.36501122
-1.1645947
-0.9388727
0.39759105
-0.8519262
-0.785992
-0.7916345
0.56144357
0.403065
-0.06976863
0.19834192
-0.41813603
-0.4747038
0.694895
-0.9585708
0.5705191
0.18630141
0.0737933
-0.75285256
0.67930335
1.3860354
0.35525063
1.1193578
0.046850752
0.44772246
0.79430324
0.86913264
0.27200672
-0.16270456
1.255785
-0.11205439
0.6160708
-0.5826854
-0.051951833
-0.6120888
-0.027266305
-0.0055703134
-0.075660616
-0.20261489
-0.4970455
0.054700766
0.813383
1.2308767
-0.14402504
0.1299598
0.8020836
-1.4502007
-0.47509086
-0.68646425
-0.99457395
-0.31771702
0.33022854
0.68413734
1.1485736
0.5883273
0.4370239
0.5798779
0.2600118
-0.44195285
0.8849373
-0.0069862194
-0.6282044
-0.38207358
-0.33943477
-0.09771796
-1.0361108
-0.27945793
1.5389751
-0.8036581
-0.46334374
0.09506224
-0.30418345
0.82393754
0.31026432
-0.2813528
-0.11927523
0.92981094
-1.3006039
-0.37100324
0.2899583
0.44415694
0.04750777
-0.4564727
-0.2715291
-0.74067396
-0.3153359
0.22790916
0.5615584
-0.15628842
-0.75512385
1.1619135
0.2059778
0.7824645
1.1274298
0.53699374
1.2534968
0.08105487
0.5067547
0.11752561
0.99724734
0.3061205
-0.6046446
0.14237726
-0.4034655
0.5544738
-0.011082054
0.87819254
0.5678863
-1.2130727
0.26601967
0.6147208
0.030569084
-0.042756505
-0.6965609
1.4026114
0.018769398
-0.3259073
-0.75049907
0.116184354
1.1207461
1.0405475
-0.07252671
0.5822749
-1.4142368
-1.6026255
0.23661052
0.13085732
0.91746557
0.9985322
-0.20546494
0.3662605
-0.076411285
-1.317673
0.7808023
0.7850016
-0.98066115
-1.0036291
0.02975267
0.33448583
-0.048496787
-0.6352466
0.65245
0.3696861
0.8207239
0.18713257
0.039671384
-0.6532753
-0.912075
-0.7127391
-0.38740674
-0.3544502
0.46435648
-0.55088294
-0.24767798
-0.683927
0.57844627
-0.8126179
0.7223332
-0.2408788
-0.2780098
0.7351877
-0.10276062
0.077017576
-0.6833883
-0.070840605
-0.9908172
-0.16843787
0.80411685
-0.0032620986
-0.36052516
-0.39209563
0.52180773
0.26588094
0.38425103
0.68724555
1.023759
0.6319195
0.05388633
0.21625733
0.067953095
-0.023271194
0.08781135
0.8946277
-0.2808983
-0.20555162
0.43183672
0.23911482
-0.1619049
-0.94960016
-0.6551892
-1.1474844
-1.185489
1.0028754
-0.4202746
-0.28301036
0.68594587
0.7522811
0.50268745
-0.3515272
-0.4390411
-0.20054036
1.0308952
-0.24652667
-0.84421074
0.42608812
0.51088494
0.19642822
0.3911891
-0.037183974
0.010557195
-0.34261313
0.5648496
-0.8769141
0.4118255
-0.0827284
0.0654044
0.7129897
-0.7925089
0.042075813
-1.5375248
-0.49909323
0.55293906
-1.0271945
-0.5387156
0.13536233
-1.2215102
0.009661049
-0.6400215
1.0743991
0.7697216
0.11939411
1.0466038
0.74315536
-0.02545256
0.6655565
0.98416424
0.111641064
-0.63407505
-0.9390564
1.0461202
-0.9744172
0.14687546
0.68185747
-0.42283973
-0.51322997
-0.030330185
-0.4629178
1.5405662
-1.219863
0.91002536
0.19136132
-0.98547614
0.41591036
-0.14249861
0.5043804
-0.7826333
0.29334223
0.41975138
-0.4718324
-0.09413272
0.23305452
1.1722744
0.17180757
-0.27179122
0.21840054
0.5854161
0.25816646
0.9115668
0.09038237
-0.74196553
0.035037875
-0.4082662
0.79611003
0.31312484
-0.898226
0.70407706
-1.1170142
-0.051336244
-0.18269779
-0.9290963
-0.18752126
-0.23807321
-0.6978014
-0.86204904
0.560694
-0.002474679
-1.1559781
-0.7461036
-0.47388816
-0.6535486
0.25374022
-0.16510837
-1.2615684
-0.7893831
-0.29836655
0.20381838
-0.36394426
0.9770366
0.3892034
0.1518484
-0.3506928
-1.1790527
0.5395158
-0.8552807
-0.23523013
0.76583916
-0.29879248
1.4604259
0.043318775
0.7254998
0.13626002
0.6792767
1.4394118
1.3544381
-1.4576313
-0.12645389
-0.6243785
-0.26402736
-0.17953996
-0.64295727
-0.9450724
0.6270608
-0.05750898
-0.27606615
0.0108431075
-0.64296114
0.26432094
-0.676042
-0.46713886
0.16364346
-0.5640098
0.87931657
-0.24767189
-0.6407672
-0.12799673
-0.46068215
0.7366287
0.682332
-0.4876395
-0.31045744
0.3263327
0.27829355
0.5244534
0.58767354
-1.2415693
-0.48009422
-0.09394183
-0.104277015
-0.91988856
0.10436847
0.4685042
0.4165562
-0.22955851
-0.21993451
-0.7630569
-0.39106414
0.23511013
-0.5766852
0.096891314
-0.2741831
0.41529784
0.56080085
-0.037992306
1.6178857
0.13229881
-1.1767676
-0.3185504
0.6900719
0.53845066
-0.37385964
-0.22656724
0.008059261
-1.022866
0.6815447
0.68384016
1.1536063
0.03768101
0.27611113
-0.27910116
0.34437954
1.3878206
-0.1100941
-0.10002102
-0.008468392
0.27667198
1.2449795
-0.6088134
0.123111956
-0.64119786
0.5689444
-0.34042463
-0.2685562
1.4483585
-1.2696455
0.22589612
0.4685735
-0.43573955
-0.35235167
0.0056674257
0.8177186
0.16160029
-0.5963268
0.27404228
-0.05404861
-0.18406963
-0.48318452
-1.0162135
1.0254173
0.48634213
0.6962975
-0.43121013
0.27436486
-0.5536057
-0.36672634
0.21066986
-0.08857069
-0.6759479
0.22392356
-0.14711995
0.40650567
-0.5196874
0.26800326
-0.9482082
1.3396186
-1.0173671
0.9764277
-0.39636952
1.0489159
-1.1031082
-0.5573415
0.061307754
0.8334145
0.4729823
-0.19568785
0.19656815
-0.69692975
0.42368102
-0.03616045
1.3424989
1.0209827
1.1553128
-0.75934696
0.19286901
-0.09575007
-0.31018907
-0.30125827
-0.3663624
0.8277253
-0.27634072
-0.46698886
-0.30984628
-0.79250616
0.21944326
0.08574193
0.4668348
0.80987465
-0.8465718
0.48996115
-0.5302463
-1.2352087
-0.07755004
0.105359584
-0.44240078
-0.23282517
-0.512354
0.6759554
-0.29406974
-0.7380291
0.30682585
0.30737883
-0.74354815
1.0135565
1.0374051
-0.3774456
-0.30459544
-1.4067274
0.29529947
-0.08754467
0.6336122
-0.33370954
1.0835375
0.09199665
1.8236413
0.18946604
-0.70952576
0.19329768
-0.0072047086
0.51810753
0.09344593
0.33802855
-0.6071053
-0.20856728
-0.6442385
0.4206636
-0.094242334
0.47228813
-0.50115573
0.96367675
-0.4635641
-0.24148248
-0.43424293
-0.06818862
-0.3169299
-0.37236202
-0.9503118
-0.74170727
-0.195475
0.8682698
-0.23071767
-0.5254047
-0.16866028
0.07662768
0.31371236
0.06278171
1.0474904
-0.47807342
-0.78678364
0.28769633
0.13490316
1.279476
-0.027757565
-1.1219538
0.40402454
-0.45002878
0.000740366
0.29193434
-0.67405754
0.008064738
-0.6293421
-0.51549464
-0.09933442
-0.18718104
0.39151487
-0.73110443
-0.2724043
0.8594294
0.37667415
0.8139292
-0.8598369
-0.6316476
-0.4235972
0.2669909
-0.37853965
-0.74535257
1.0308588
0.96262956
-0.08644254
0.00023586325
0.6600234
-0.7125452
0.5988276
1.1046556
-0.0121074375
-1.4080373
-1.114322
0.37609604
-0.2921363
-0.48693043
0.0889276
-0.2999748
0.35048348
0.25811592
-0.62098277
0.9218224
-0.1376305
0.8553849
-0.22021255
-0.21148905
-0.3864299
-1.0231457
0.24939363
-0.07815776
0.46755946
-0.42239112
-0.967241
0.23020479
-1.4396431
0.15118293
1.2031083
1.1761333
-0.20721526
0.20554046
-0.1449746
-0.42573273
-0.17927168
1.0511378
-0.3746603
-0.90429866
-0.18418224
1.2189611
-0.06304377
0.8552316
-0.86375964
-0.48967233
-0.19151829
-1.2793398
-0.6690622
-1.1502366
-0.08618545
0.30531317
-1.2304288
-0.20100659
1.2205404
0.0744702
-0.2335117
-0.13032274
-0.4228215
-0.39143977
-0.72604835
0.1091721
0.75023615
-0.83451116
-0.9814472
0.4406167
-0.6499965
0.20276688
-0.896391
-0.24149773
0.45149696
0.6626199
0.6638979
-0.07596547
0.4972134
1.3412498
0.9956243
-0.3699339
-0.9625914
-0.41979015
-1.3821762
0.16539268
-1.0831348
-0.5889638
0.38706937
-1.1714948
0.6830868
-0.11728283
-0.016992928
-0.54473543
-0.06851613
-0.10778665
0.5101818
-0.89315796
-0.25652826
-0.9418702
0.8135253
1.29898
0.09045812
1.0428315
0.3159674
0.8851568
-0.65304863
-0.4621655
0.43329218
1.2242312
0.26636934
-0.20274733
0.014620067
0.37952062
1.37233
-0.1745327
-0.42742327
1.739904
0.8070108
0.030296689
0.25866887
-0.36714843
0.50005496
-0.7132478
1.1013596
-0.10593468
-0.0103590535
0.50873125
0.60273093
-0.031737037
0.035465684
-0.52937347
0.0038819606
0.2619433
-1.1567407
0.7670796
1.0951653
0.56238294
0.11297352
-0.005107507
-0.23976375
0.8546542
0.36956552
0.24920419
0.9128715
1.2898359
0.52047116
0.09750018
-0.8715258
1.7550411
-0.15175205
-0.41178352
0.4657041
0.16238102
-0.21336606
-1.0075495
-0.4444611
0.23689772
0.23670112
-0.8495705
-0.07711568
-0.7829389
1.3294364
0.054756247
0.6693156
-0.022469478
0.34767354
-0.46873456
-0.30309522
0.6893691
-0.3309329
1.1181967
-0.3016778
0.4384447
-0.85133135
-0.17986347
-0.13750222
0.120294005
-0.3268561
0.6735862
-0.08261249
-0.07987399
-1.4504861
0.12123899
-1.4742047
-0.4100918
-0.020133592
-0.06441969
-0.044385985
0.10008894
-1.0227265
-0.045427088
0.50536346
0.54690874
-0.48232415
0.4488386
1.1790274
-0.057724427
0.9567197
-1.2801753
1.1264536
-1.3997644
0.18307628
0.62294096
-0.45793256
-0.17845726
-0.5580585
0.8192642
0.89084804
-1.4419955
1.5145776
0.7130592
-0.5436417
-0.0144713875
0.38699806
0.9174598
-1.0284736
-0.39293656
1.1651806
1.173634
-0.18013011
1.0875096
-0.8384776
-0.5233182
0.0004689395
1.0167495
0.29408866
0.09505132
-0.43489903
1.1566762
-0.9798541
-0.18625654
-0.06603987
-0.31830403
1.380003
0.8770138
0.58770674
-0.1892281
1.0298208
0.8192608
0.389654
-0.40201858
0.38063416
0.48066533
0.5940289
-0.055233672
-1.1661603
-0.15822642
-0.3777126
-0.021581763
0.23061115
0.11755937
0.061032318
-0.80075634
0.22223178
-0.6096496
-0.6082574
-0.2106149
0.5487776
-1.6672314
-0.10255891
-0.7095037
-0.32124653
0.68399143
-0.80386126
0.1318665
-0.65704465
-1.064672
-0.47117415
0.7390478
0.502018
1.1718057
-0.18102355
0.40932238
-0.20103645
0.21889661
-0.24566032
-0.23221809
-0.60173464
-0.4812384
0.29148757
-0.030896828
0.48609304
-0.7993897
0.7849483
0.78860426
0.8838761
0.7450159
0.013698246
0.051114246
0.015976425
1.424292
-0.36462456
-0.0669639
-0.04323035
0.40362483
1.1218088
0.85406494
0.17171106
-0.57119274
-0.16366816
-0.6708902
-0.71950245
1.3226109
-1.1316378
-1.3467548
-0.64635515
0.4609484
0.64234006
-0.84406805
0.7683291
-0.99727786
-0.80798197
-1.3755274
0.7967073
-0.61284465
-0.35469654
-0.6197069
0.6282645
-0.81558675
1.0558369
0.115228295
0.64036727
-0.18800607
0.7290298
-0.35175946
0.61036164
-0.3803268
-1.235636
-0.70558685
-0.4732787
-1.1538947
0.024817944
0.42156726
-0.16057462
0.027672842
0.9241072
0.5570587
-0.15617648
0.5772435
1.4084026
-0.57858133
0.2513679
1.0290096
-0.2695127
-0.06248246
0.38618684
0.44050503
1.3918182
1.8886771
-1.3497552
0.6767775
-0.36158958
0.016668532
-1.4042177
0.70157456
-0.9182166
-0.23648821
1.006233
0.92686296
-0.13746202
-0.040659085
0.8485948
-0.33344647
-1.3351802
-0.77232736
0.0043135304
0.27013487
0.6427023
-0.21842006
0.07703237
-1.009553
0.37652755
-0.116578706
-0.7728753
0.08624757
0.27554688
-0.6673854
-0.14914745
-0.42119482
-0.40335226
-1.2041162
-0.18577093
0.8618635
0.94983596
0.3096449
0.34381238
1.1046197
-0.8853706
-0.24575722
0.451376
-1.1545149
0.6212288
0.2003064
0.12042289
-0.015863447
0.38116074
0.5536494
-1.2327954
-1.2000324
-1.1293337
0.08855654
-0.08313052
0.038814608
0.21664229
0.123219326
-0.01988467
-0.15930156
0.53188646
0.016392186
1.2795463
-0.548047
-1.0141501
-0.74586797
-1.1165761
0.0001475066
0.57135415
-0.5368891
-0.26966685
-0.49804035
-0.45323417
0.5060667
-0.9765373
-0.098085366
0.56314945
-0.5514808
0.85063267
0.036060765
-0.7109043
0.096264355
-0.1759252
0.29600692
-1.0186282
-0.07183973
0.31008404
1.8504342
-0.078627914
-0.092557706
1.7961802
-0.17225379
-0.56395334
-0.32503438
0.3263874
-0.48432386
0.15789701
-1.0538405
0.7911002
0.6308909
0.046975173
-0.07279633
-0.27512956
-0.18290605
0.3498138
-0.080747135
-0.10685574
1.546857
-1.8751696
-0.7310416
0.3525475
0.14661548
-0.64686644
-0.34322596
0.82511353
1.4391332
-0.08738658
-0.35508633
0.9312476
-0.10534837
0.06804079
-1.1879411
0.113440804
0.6235853
0.98207283
0.13993749
0.34319937
1.5000155
0.6776207
0.46350926
0.09317346
-0.42960417
-0.07479499
-0.09766603
-0.2579205
-0.6604114
0.011474671
-1.4248322
-0.18713002
1.1515954
1.1192427
0.6839245
0.31737033
0.8988155
0.4906391
0.27797008
0.12681532
1.1291696
1.0245069
-0.33282512
0.2059464
-0.127388
0.29710746
0.98616993
-0.11993798
-0.6038214
0.10235039
-0.6556375
0.13872996
0.5629365
0.3122662
1.0291712
-0.24496113
1.497506
-0.7801454
-1.1521757
-0.56666315
-0.50018793
1.4643028
-0.39110044
-0.13755365
0.8080771
-0.043688837
0.21009405
1.0175219
-0.689579
-0.29610822
1.0871876
0.69099337
0.16493286
-0.2072839
0.7385289
-0.62449384
0.464145
0.9992307
-0.512071
0.4715103
0.0067704474
0.9887341
0.021276433
1.0529202
-0.8425128
0.57872134
-0.55987567
0.39153874
-1.2071766
-0.0031249695
0.29028195
-1.1017501
-1.1150521
-0.5801104
0.15296732
-0.6129091
0.45859593
0.036292467
-1.3112683
-0.6171302
0.032715514
-0.6650323
-0.6214947
-0.088516705
0.72774035
-0.7013229
1.4405907
0.2935637
0.7818454
0.31136134
0.12757155
0.28084195
0.32942203
0.9920695
-0.1674917
0.6171019
0.26116887
0.7101357
-0.18491057
0.46122506
-0.2349904
-0.31930694
0.6046606
-0.63274693
-0.10596849
1.082398
-0.048071384
-0.0013665105
0.6461788
0.23393823
-1.4784851
0.13067219
0.22647132
-0.77858114
-0.03758751
-1.0433655
0.41000718
0.35908753
0.013176164
-0.58890593
-0.81090784
-0.6314931
0.3913058
0.9358485
-0.11181621
0.27525657
-1.2904178
-0.59097946
-1.0815915
0.15688623
-0.45618623
-0.31926963
-0.64759564
0.7331621
0.3644474
-0.7085704
-1.2700347
-1.3855456
-0.17048874
0.02581268
0.70209277
0.0059407786
0.54709315
0.6635027
0.09554783
0.09052386
1.6726573
0.029392945
-0.80475676
-0.17125955
-0.63058364
-0.04010904
-0.24296726
-0.37848496
-0.5440964
0.13425247
1.1240348
-0.6770482
-0.835772
-0.8704858
-0.32313392
0.49675184
-0.08675727
1.0910432
0.4921766
0.20097478
0.3604357
-0.24632399
0.9926548
0.51730585
0.8405316
0.5193448
-0.37598392
1.3703731
0.05623015
-0.50120175
-0.3832274
-0.4513323
0.15044187
0.3471873
0.3308505
1.2733661
-0.6005647
-0.27032927
-0.7801115
-0.8742671
-0.69419396
-0.0701594
0.7443938
-0.64664453
0.3363364
0.95532167
-0.5077579
0.3820703
0.7325656
-0.6517696
1.4797628
-0.3120662
-0.41631988
-0.5058001
0.8100245
0.74229246
-0.077514544
-0.017557312
-0.13363688
0.66441077
0.3403708
-1.4210424
0.012761533
-0.7135373
-0.24279155
-0.05018199
-0.087901674
0.007101499
0.76870334
-0.18169928
-0.98909724
1.1133362
-0.66723895
1.2991829
0.06992173
0.81449735
-0.088570215
-0.38634104
0.59238917
0.28700235
0.3764913
-0.10584928
0.8740695
-0.5633319
0.53259677
0.33198762
-0.86056584
-1.4659489
-0.93700033
1.2679473
0.10391124
0.5094069
0.5396397
0.7481647
-0.6329717
-0.741229
-0.31025717
0.4458044
1.2490107
-0.15203346
0.13625656
0.10996035
-1.0174862
-0.34555262
0.85188544
0.5666524
-0.022793153
0.99186254
-1.2833579
0.20989862
-0.36528412
0.5982835
0.42230198
0.34149006
0.45240483
-0.5127331
-0.5420855
-0.11974662
-0.305907
0.42029533
0.44886377
0.18649502
0.561587
-0.56927127
0.07542817
-0.09454587
0.2562457
-0.28492874
-0.2773041
0.38209236
-0.07484243
0.8534784
0.2086126
0.21732844
-0.4631679
0.4285756
-0.8255368
0.6850414
0.38280097
-0.32881695
-0.3572011
-0.25578454
0.20191073
-1.0218902
0.113248244
0.8290775
0.24569273
-0.6080667
-0.0016971409
-0.5227127
0.82096934
0.9533875
0.10321572
-0.029381258
0.3738138
-0.5969738
-1.1686466
0.6061572
0.06643289
-0.30509937
-1.3868737
-0.45060638
0.35583732
-0.9418651
-0.6569838
1.1640801
-1.1019928
0.4388489
-0.15949777
-0.2038986
-0.8649219
-1.5161755
-0.2807993
0.34129897
0.40785614
0.56916404
-0.4858142
0.8049327
0.33588877
-0.0005157385
0.8090378
0.5831362
-0.45441377
-0.8358272
-0.31498855
-0.5679581
-0.597943
0.36833256
0.2511557
-0.15608467
0.16693415
0.90069246
0.09951996
0.38169396
0.24100883
0.14324169
0.16705538
-0.54920566
-1.2577956
-0.089062676
-0.15419127
-0.024411833
0.005478858
-0.08447332
0.084144555
0.76934075
-0.5426819
-0.9160571
-1.1111034
1.2524931
0.69821537
-0.4684577
-0.13024251
0.9390475
-0.35745865
0.33352205
-0.0037194702
1.1594462
-1.0628728
0.10990803
0.17231315
-0.025047872
0.94154227
-0.1896751
-0.5385666
0.38599193
-0.008441638
0.26340315
0.4485991
0.2899416
0.8747288
-0.72088575
0.078994
-0.10167616
-0.6256648
-0.58249664
0.75935036
0.7230759
1.1303941
0.37156436
1.2650986
-0.05203381
0.5977837
-1.1119906
-0.74735296
-0.08083933
-0.09232334
0.0033509817
0.7259843
0.6488806
-0.18382643
0.19419916
-0.7068785
1.9207917
0.3838651
1.07324
-0.2090653
-0.082789734
1.1846474
-0.15460482
1.399809
0.5334896
0.0014675194
-0.59764135
1.037782
-0.2293245
1.1821252
0.6484785
0.3272721
-0.12188189
0.6296191
0.0021236523
-0.68744636
-0.73274434
0.16705118
0.9607161
-0.4232616
-0.40899026
-0.086826906
0.72122544
1.1920692
-0.516705
-0.33884773
1.0159659
0.110896215
0.56464726
0.7593399
-0.31554845
0.64600223
1.5810477
0.06833581
1.0922452
0.21757
0.7147528
-0.5848079
1.3737743
0.87888956
-1.0029943
1.485177
0.77592784
-0.16252258
-0.22377938
0.1593442
-0.82196724
1.4138888
0.23948249
-0.2829417
0.70933896
-0.9809264
0.555771
0.32522726
-0.055321127
0.5499297
-0.83017856
0.3537595
-0.95271325
0.014490375
0.1964333
0.45234352
-0.57552063
0.2150547
0.5423347
-0.12484292
1.2864206
1.1558666
-1.4487302
-0.48307744
1.1824644
1.3431736
-1.3629483
1.2876927
0.9421686
0.864136
-0.5694516
0.4581404
0.106825046
-0.13322562
1.1572608
-0.039060034
0.12936363
-1.2863308
-0.6087743
0.3393989
-0.08756559
-0.42199993
-0.727279
0.2892783
-0.54191273
0.8213226
-0.9969089
-1.1790427
0.9115131
-1.5220078
0.3815585
-1.091311
-0.893128
-1.0650883
-0.40236756
0.41219178
0.11595078
-0.18403459
0.08115387
-0.07669707
0.24032192
-0.24286026
-0.4197057
-0.3064699
1.1969877
0.28628957
-0.8683851
-0.3417966
-0.7408449
-0.21305381
1.052373
-0.46283853
1.1118386
1.4786828
0.2998807
-0.10848591
-0.11871019
-0.017768271
0.7633664
0.12880184
-0.37322062
-0.098118834
-0.78874093
-0.0027811157
1.5144131
0.1705049
-0.8342668
-0.6185922
0.58570486
-0.38852647
0.035193857
1.2457129
-0.2614756
0.016283419
0.52272046
0.73726267
-0.7174042
1.0040773
0.2491179
-0.8308675
-0.7410892
0.46835664
1.0084469
0.40815818
-0.18286216
-1.0672551
1.0042534
-0.30806807
-0.4526289
1.2284583
0.2669329
0.6590447
0.06871739
0.30474272
1.0184493
0.78160244
-0.98279285
-0.15057176
1.0662669
-0.84824795
-0.29743475
-0.06693639
0.68824434
0.56359327
-1.2090884
-0.65562
0.1701896
0.6180839
-0.1131271
-0.82404333
0.14442521
-0.13118467
0.16823506
1.0217799
0.53028333
-0.6110661
0.02583691
0.0078019826
-0.32955068
0.06795533
0.07359509
-0.35458824
0.7189238
-0.34067425
0.022511257
1.2297955
1.5935869
-1.1012099
-1.1778953
-0.014641176
0.19005819
-0.09808581
0.18180972
0.191646
-0.08851167
1.2895267
-0.36180082
0.00911314
0.27733895
-0.020289429
0.13478427
-0.8014774
0.40809807
0.59653354
-1.0240669
-0.2667473
-0.94331217
-0.21242148
-0.8139539
-0.24054387
-0.4053269
1.3083179
0.219205
-1.3713408
-0.08537977
0.22465244
0.0010265223
-0.52566266
1.1635662
-0.8330884
0.8539771
0.8053566
0.010650722
1.0660917
-0.70895255
1.3637052
-0.6074477
0.44416857
-1.4692727
-0.17024131
-0.4143155
-0.08422239
0.8467096
1.1582518
-1.07919
-0.0021809246
0.049692333
-0.4418766
-0.18817592
0.7399307
-0.7430432
-0.46301973
0.21951431
0.52946866
-0.76182353
-0.06781521
-0.78317106
-1.7336218
0.14186472
0.6275624
0.6749458
0.11624545
0.4595375
1.0695168
1.5601486
-0.43470922
0.9458872
-0.35858637
-0.16361631
0.5008033
0.23326361
0.62560636
-0.15472636
-0.8139574
-1.095743
-1.2045919
0.30342552
-0.093507156
0.41871718
-0.5526353
-0.16682427
0.003042872
-0.35502595
-0.7905205
0.9941013
-0.5254157
-1.3961755
0.37184447
1.5027665
-1.2620895
0.106589094
-0.17014849
0.23929556
0.7242912
-0.66968703
1.246086
-0.39287615
-0.5041673
-0.16938424
0.3443098
0.19608483
0.13778172
-0.3698129
-1.4354059
-0.0827627
0.0275024
-0.73047894
-0.83882296
-1.278118
0.25926006
-0.31971398
-1.2059187
-1.2922329
0.51792896
-0.8783647
1.5399078
-0.5914622
-1.8111923
-0.5141949
-0.5967169
-0.39689693
0.7522444
-0.1447916
0.78611946
-1.3606172
1.0091493
-0.168179
-0.44687992
0.19330733
-1.037675
-0.16549097
-0.36371318
0.026785918
0.16258627
0.77934206
-0.2874218
-0.68494266
0.3580813
-0.18053767
0.15055533
-0.42851317
0.47539404
-1.1035905
0.63133436
-0.27929762
0.122674
-0.35543665
0.7742542
0.5392818
1.3803216
-0.024408579
-0.30225617
-0.014988513
-0.5641168
-0.17573068
0.21171169
-1.2274504
-0.61362445
0.48519632
-0.18771634
1.1331345
1.4138408
0.7201269
-1.0247967
-0.008411761
-0.4855737
-0.7742601
0.2908855
0.32417405
0.30167776
0.4909361
-0.00409206
-0.18934931
-0.3423866
-0.78019464
-0.64271456
-0.0032316241
-0.8989007
-1.1259161
0.6813543
-0.41083854
-0.24109757
-0.91073614
-0.006879963
1.0342777
1.1836905
-0.47139248
-0.47314298
0.16734123
0.102859125
-0.45415503
-0.24360566
0.33206296
0.5383185
-0.63557637
-0.5731005
0.19724037
-0.5040041
0.6762831
1.035414
0.851902
-0.20446776
-0.75211793
1.1408848
0.84076595
1.2373192
-0.064675905
0.14291494
0.79814076
1.2437873
-0.20450309
-0.6688264
0.51052946
-0.093430296
0.22045422
1.5280797
-0.38395917
-0.06620583
-1.3666948
-0.80067384
0.77408963
-1.2634153
0.47999346
-0.762536
-0.1033049
0.0013196893
-0.70172304
-0.08487774
0.43486482
1.2838641
0.5262854
0.18191308
0.41971248
-0.21187246
-0.05890086
-1.1548469
0.51981795
-0.32012978
-0.47902206
-0.06015396
-0.39873564
0.4458605
0.446343
-0.51059985
1.0054773
-1.3448154
-0.21761039
0.53447264
1.3259289
0.9681753
-0.22073671
0.029338263
0.40017572
-0.017148247
0.7716583
0.38534588
0.12844367
0.11439457
-0.082300425
-0.255003
0.06194014
-0.040231243
-0.20417605
-0.46950537
-0.37676665
0.4912886
-0.25867173
-1.1648263
-0.33796126
0.3086698
-1.0654681
-0.03374477
1.117367
-0.22064066
-0.85054725
-0.5732533
-0.6283766
-0.5835157
0.15135358
-0.3290631
1.5435426
-0.5723077
1.0624173
1.42112
-0.26777014
-0.409241
0.28281108
0.6372803
-1.337676
-0.041102674
0.9480642
0.58825845
1.1267486
0.42969933
-0.6754411
0.25105077
0.018650718
0.2830559
-0.47323954
-0.82714564
-0.09513008
0.0078075076
-0.6648081
-1.2042296
-0.98044074
0.15651138
-1.2068441
0.4350266
-0.44216293
-0.32017216
0.92350686
-0.2303997
0.18735462
-0.6901525
-1.1381254
-0.52502143
1.0554266
0.27625483
1.5601356
-0.22942509
0.3249819
1.5047123
0.68984234
1.0080588
0.66457915
-1.3962152
-0.03517254
0.7361819
0.88670367
0.74097294
1.186873
0.47972387
0.743988
0.9525865
0.37939742
-1.0283979
0.31569245
0.6721372
-0.83469933
-0.5506998
-0.24353383
0.80804616
0.12846579
0.06361801
-0.36869407
-0.062224288
-1.0769707
1.0923356
-0.66240185
0.20682038
-0.72852385
1.4333929
0.53610957
0.45897076
0.06401936
0.23740225
-0.26268283
0.2082789
-1.631077
0.26587042
0.8163202
0.518356
1.2416409
0.32191676
0.054398622
-0.41880393
-0.45005122
-1.4286705
-0.087638654
0.09909184
1.0508007
-0.3602164
0.6745685
-0.27353045
0.32603905
-0.09682398
-0.750925
0.27107337
-0.7480937
-1.2764289
0.10243596
-0.36724687
0.61067265
-0.7560217
-0.6841195
-0.1653284
-0.6933009
-0.10233907
0.6614988
-0.6137575
0.55106086
0.17121941
0.24610929
0.92595947
0.09159123
0.9448866
0.019892149
0.05811848
1.0653226
-0.56285393
-0.095647104
0.9657415
-0.03387935
-0.08263235
-1.0788211
0.5124829
-1.1004251
0.37378907
1.106359
-0.55913407
-0.46112648
0.6407537
-1.3224797
-0.59920466
0.10094716
-0.6518973
0.51633114
0.97396564
1.7928557
0.34976122
0.6375552
0.33788913
0.9216757
0.31733656
0.4191277
0.16687196
0.64418685
0.34198257
0.545653
0.55223864
0.24693784
-1.264327
0.1716295
-0.22219428
1.4816766
-0.6456516
0.6360642
-0.40983942
-0.024026224
-1.0636038
-0.30829388
0.99848044
1.3939524
-0.53879
-0.4291568
-1.1723855
-0.15645681
0.7076834
-1.2699628
-0.6682474
1.2318928
-0.1429908
-0.17809997
-0.09035322
-0.19715148
1.2684808
-1.0881062
1.0931226
0.2915883
-0.5128771
1.2625908
1.0399724
-0.052166663
0.5680275
0.40802854
-0.20482805
0.35316527
1.1860037
-0.14716537
-1.1207377
0.48253277
-0.4876443
1.3252716
-0.25717694
-0.28358042
-0.18894598
0.21056874
0.820098
-1.5309926
0.9057504
-0.89930475
0.7419323
0.10539785
-0.5486944
-0.28303042
1.0389771
-0.13177761
-0.87567484
0.12401287
-0.012442674
0.008942999
-0.44026917
-1.0695897
-1.102364
0.677035
1.1677159
-0.23161706
-0.60394627
1.3757423
0.07819486
1.5461488
-0.47304255
-0.22029611
0.8282648
0.58335984
0.18108392
-0.6992942
-0.022408558
0.2555548
0.7676275
-0.9278775
-0.5357002
-1.418849
-0.08456741
-0.18201384
1.164521
0.748041
-0.3916479
-0.99196947
1.0993382
-0.25541413
0.22547352
0.03544448
0.07748771
-0.20314631
-1.3772825
-0.47275108
-0.4956312
-0.09362952
-0.6296149
-1.0109693
-0.5338404
-1.2904259
-0.24733163
-0.7488608
-0.5346294
-1.3578011
0.29908705
-0.21520138
0.6340435
-0.34537348
0.9282422
-0.049224716
1.1849289
0.8844442
0.78740734
0.26798686
-0.4417368
1.4987338
-0.72923493
-0.0029917427
-0.571883
0.080226764
-0.026334848
0.07610406
-0.44078517
-0.2055631
-1.3777887
-1.1954318
-0.58782256
-0.4189322
-0.30419832
0.11657151
-0.7884797
-1.3717242
0.86297834
1.0388757
-0.35726494
0.16203928
0.7850016
-0.66329557
-0.15225248
0.40524763
-0.7583835
-0.057619225
0.30187517
1.2258856
-0.6326156
1.2953414
-0.6094689
1.0398581
-1.1066443
1.1818043
0.074350536
0.28782126
0.034595706
-0.28109217
-0.37320963
-0.75801116
-0.7897769
1.0264606
0.5930221
0.34857097
-0.58140826
1.4436954
0.6172885
-1.157032
-0.9582032
0.5051295
-0.04500501
1.014858
0.8011792
1.4993048
0.57737935
1.3119135
0.53379345
1.2160026
0.005884874
-1.2702932
-0.2018981
0.34189305
-1.3507494
0.6447785
0.041377764
-0.7068171
0.4983492
0.066633925
-0.44476083
0.14100045
0.40175068
-1.2242744
0.7521908
-0.32732597
0.38206252
-0.7335137
-0.1869796
-0.88194466
-0.8112851
-1.0557745
-0.07852692
-1.4251351
-0.6302497
0.15947568
-0.031943187
1.2942172
-0.25837138
0.19694869
0.33093736
-0.35313308
-0.7625148
-0.0046209325
-0.31426862
-0.6767286
0.80059373
0.3282909
0.20134275
0.19131255
-0.19334272
0.5046877
-0.7731441
0.8995393
-0.15664728
0.6285685
0.05395016
-0.88157296
-0.15621996
-0.63081175
-0.010558916
0.0012145225
0.88029045
0.25663465
0.67429733
-1.5915267
1.2834467
-0.6141529
0.82347083
0.98120224
1.0305108
0.73172253
-0.6906194
-0.023126507
0.39186454
-0.5476651
0.10405014
-0.03436426
1.1356182
0.21413028
0.47146744
0.87178785
0.24344917
0.47259384
0.0108580245
0.34604874
0.24352269
1.0986207
0.6909213
0.055198334
0.44359696
0.6017492
1.2521086
0.044692375
-0.3756736
0.40271616
-0.120385274
-1.1251092
-0.06660915
0.5281062
0.60554075
-0.5401048
0.60279715
-0.7943864
0.9181143
-0.0117682405
0.42605594
-0.73107445
0.39572367
0.49826849
-1.0128584
0.37045825
-0.07440949
0.030278645
0.12393574
0.062299926
0.6727747
-0.5852452
-0.12582938
-0.10235441
-0.43618983
0.035100657
-0.39797413
-0.9114201
-0.13908738
0.341593
0.53507113
1.2224295
-0.4643787
-0.09550617
-0.18830106
0.6344174
-1.1401848
0.06088269
0.4834685
-1.3154689
-0.022906099
1.3323526
-0.36225033
0.46536678
-0.44415832
0.11835381
-1.0402546
-1.1972096
0.6632974
-0.1372115
-0.81346166
0.09273648
0.9155053
0.4919041
0.23336424
-0.024807835
-0.6815356
0.65878874
0.7124796
0.85280246
1.1281888
-0.025302883
0.4011196
-0.5547193
1.6836882
0.5029408
-0.39841235
0.44964492
0.5299279
0.5522274
0.74075437
-0.3042091
-0.23804514
0.062318183
0.27211407
1.110901
1.107468
1.005096
0.06525978
-1.0264866
0.2668295
0.05825522
0.27484256
0.15735912
1.0939274
0.31194016
-0.73700845
-0.57695746
-0.6787282
-0.16518675
-0.029003264
-0.4623214
0.20213489
0.9151574
-0.27717644
-0.5450575
0.29243982
-1.1270657
-0.39673203
1.5849088
-0.69247586
0.09921851
-0.7052135
-0.78513086
-0.04797145
-0.3993585
1.216955
-0.5182811
-0.26806447
-0.42309064
-0.36202323
0.7036397
-0.6264994
0.37328246
0.52110493
-0.15459976
1.2317812
0.07540727
-0.6225238
-0.5367314
0.03637477
-0.387348
1.1767803
-0.31629005
1.3249863
0.54811865
-0.43297166
-0.2530008
-0.8705754
0.22646222
0.06784624
0.5571264
0.80552065
0.37472796
-0.29987353
-0.7560486
0.07370254
-0.05913536
-0.34777334
1.114474
-0.9095907
-0.1051086
-0.26059997
-0.28152785
-0.32086796
0.14377256
-0.95239544
0.5889669
1.215686
-1.2655165
-0.7729628
1.4971008
0.42475593
-0.506673
1.1605544
0.37846667
0.29790813
0.007141589
0.82512116
-0.10881461
-1.272276
-0.6389061
-0.60792375
0.54091907
-1.3366618
-0.4586245
-0.068880014
-0.33333993
-0.46466145
0.94281894
0.3020263
-0.6674009
-0.9585918
-0.26720592
-0.0056938073
0.4719634
1.2192047
0.89226115
-0.81536156
-1.2151494
-0.32326674
-0.7585553
1.8339686
0.014697444
0.5907883
-0.18222553
1.3613402
0.5709049
0.7419666
-1.2861837
0.50193703
0.88488334
-1.0907042
-0.72824067
-0.9088979
-0.23403522
0.7960021
-0.01156136
0.68253666
1.1294293
-0.54422915
-0.9027645
-0.40508297
0.45906878
0.16572256
1.1882488
-0.625078
0.60836256
0.7736222
-0.73227614
-0.4447329
-0.09068657
0.102642685
-0.35513243
-0.31663966
-0.34448722
-0.353857
0.827492
0.3930736
-0.7493882
-0.5716139
0.3864907
-0.5340849
1.3459427
-0.9077643
0.16481745
1.5632789
-0.05130487
0.6375613
-0.3974154
-0.8849808
-1.0601399
0.8051913
-0.50914925
1.3926678
0.30175987
-0.89025545
-0.22572303
0.46371883
0.855417
1.3161969
-0.88122326
1.2360021
0.5045692
-1.2296243
0.85017824
-0.5194862
1.669026
-0.9315398
0.44541755
-0.80280256
0.45887956
-0.48757613
-1.0338334
-0.17990336
0.16453147
-0.62511927
0.0010714743
1.2398967
-1.3368688
0.7086765
0.65173584
-0.17511493
1.4196278
-0.96558
-0.5268022
-0.4350931
0.28257382
-0.58726364
0.7062551
0.3731068
-0.43803614
-0.11722766
1.1952237
-0.48098356
-0.71384084
0.78485745
0.8084888
-1.0003545
1.0056221
0.005552584
1.112216
-0.6740204
0.7673855
0.71970356
-0.18467683
-1.0377247
-0.63642395
0.4422317
0.35008755
0.2522906
0.009162825
-0.20417844
-0.42001453
0.73201346
-0.5270153
-0.519211
-0.4631421
0.4781829
0.41097042
-0.51873547
-0.38735437
1.1124198
-0.96425426
0.5650281
-0.90550756
-1.1772206
-0.57246643
-0.7661637
0.20114453
-0.9114141
0.5335896
0.38977584
-0.46544886
-0.1106097
0.17183352
1.0617157
-0.19023658
-0.23154557
-0.83245116
-0.25597528
1.0427868
-0.83913773
-0.023723647
-1.0519626
-0.11787082
-0.38462606
-0.20163956
0.54443145
-0.0027853663
-0.7058838
0.09468261
0.52438545
-0.3276692
-0.61624026
-0.07247835
0.14690761
-0.98139477
-0.18945214
-1.0788928
0.07244382
0.36715096
0.056442328
1.2892921
0.05838575
0.054766625
-0.42818677
0.56386083
-0.058570668
-0.6901972
0.3319857
-0.38356927
0.11522813
-1.1761148
0.6591747
-0.97494817
-0.76374465
0.09180512
-0.66281116
-0.46468595
-0.18115303
0.78005064
1.1346555
0.27637026
-0.9512409
1.142733
-0.7818621
-0.14954658
0.37453237
0.13240792
0.8838894
0.66272837
0.5712932
0.8577974
0.7330904
-0.42657533
0.5553851
1.1695933
0.4094687
-0.63910407
-0.19928268
-0.94824964
0.71825504
-1.3606254
0.9797194
-0.45989847
-0.3703734
1.4127795
-0.059175793
0.055578265
-0.47233027
-0.61023104
0.27309185
-0.23480467
-0.1843815
-0.08026811
0.4955216
0.23727833
-0.71510977
0.87984526
0.62764287
0.7677661
-0.72154933
-0.37252647
-0.054267935
0.9606459
-0.5931426
1.1511154
0.1567978
0.020428667
0.4060646
0.2852991
-1.0672088
0.7114228
0.042401604
0.2720422
0.08829063
-0.22441894
-0.0068332693
-1.3002946
-0.039920367
-0.11228758
-1.3102909
0.54635876
0.95053494
-0.39884385
0.889408
0.09908415
0.24536328
-0.8395802
-0.8429737
0.021172319
-0.6860591
-0.52940255
-0.7504491
0.70558506
0.72527415
1.2868022
-0.32874605
0.8730471
0.009055926
1.4238405
1.3659377
-0.32309866
1.4565966
0.95832527
-0.6752889
1.4918844
0.38249803
1.1192943
-1.494796
-0.5966285
-0.1390923
-0.10580504
-0.9005918
-0.027996954
1.2095597
0.40417644
1.0133625
0.13909622
-0.52253145
0.08245805
-0.2812303
-0.57775813
0.54671437
0.9619055
0.70220864
1.5331521
0.45752788
0.094817676
-0.101787455
-0.8857141
-1.110283
-0.5101684
-0.92296934
-0.4783749
-0.10046687
1.5947427
1.5471485
-0.18419306
0.70071226
0.06298057
0.12037993
-0.57028365
0.34295395
0.3349059
0.13470517
0.22590558
0.88165843
-0.35119092
0.14840038
0.41579774
-0.8057209
-0.21793462
0.06637391
-0.038338542
-0.03331285
1.0615408
0.41753647
-0.6848423
0.9519925
0.12513568
0.42024454
0.009248959
-0.76353395
-0.6546961
0.31177872
-0.48952714
1.1763734
-0.6148242
0.5003575
-0.17139094
1.2932364
-0.266649
-0.635432
0.06213324
-0.3034528
-0.15088722
-0.042909596
0.08424769
-0.83752215
0.058650568
0.75858283
0.46367398
-0.19298258
-0.90499115
1.0743759
0.27120474
-0.08210803
0.15405618
-0.5906717
-0.047952022
0.4543608
-0.07999249
1.3544844
0.78637385
0.4029157
0.5307027
1.1266233
1.8362885
-0.20882756
-1.299759
1.3686378
-1.2720387
-0.24417676
0.33352703
-0.4330442
-0.4404751
-1.0644693
-1.2166153
-0.33109438
0.9585852
-1.0849578
-0.84217083
0.12296045
0.7706642
-0.29734293
-0.17793064
-0.5896392
1.0584521
0.24333891
-0.29443508
-0.25186056
0.5464332
1.3939776
1.4509809
0.059644554
-0.7340572
0.31767273
-0.13324407
-0.14928725
0.4407954
0.58813274
-0.018755944
0.3619702
0.17360324
0.87970626
0.097405784
0.34314698
-0.28451326
-0.82142407
-0.7202352
-0.12247271
0.3980715
0.63214356
-1.0322709
-1.1652195
1.4006797
0.13241735
-0.045949753
-1.0798738
-0.77879035
-1.2120575
-0.38346836
-1.0460641
0.7987922
-0.79368424
0.28396603
0.09499044
0.19396552
0.6440608
1.2147495
0.21525319
0.17548922
0.0499873
-0.52258956
1.1118706
0.034168895
1.1320078
0.4174349
1.1205322
1.5312951
-0.607004
-1.1795334
-1.6330312
-0.8079688
-0.014018702
0.27992627
0.88295716
0.40569893
-0.73783684
-0.18106869
-0.512674
0.116652794
-0.53025967
-0.17658836
-0.716506
0.8073783
-0.26596338
-0.5309341
0.560624
-0.54709446
-0.9435355
0.9568777
1.1786581
0.6759927
-0.41751266
-0.052954208
-0.5280516
-0.45960015
0.08120601
-0.37911612
-0.58794814
-0.24531184
0.23546928
0.14818448
-0.8295038
-0.8194221
0.019096391
-0.30556104
0.45170516
-0.006853784
0.72080207
1.1272523
0.2677704
0.037523165
1.2155437
-0.9318193
1.1704112
-0.0034163601
-1.5617911
0.04339992
0.82861924
-1.4018408
-0.49834207
0.015266682
-0.24312498
0.34472996
0.105569094
1.4708079
-0.5588497
0.7709043
0.012167608
0.5459434
-0.063434325
0.55772465
0.36581504
-0.20385642
0.6544753
-0.14134395
0.16525781
0.23932162
-0.17612033
0.55160135
0.160869
-0.29610175
-0.2673661
1.0149193
0.7365811
-0.7141959
0.11035402
-0.35868406
-0.04624333
0.20298451
0.42808652
0.6426675
0.6719433
-0.17109361
-0.17545334
-0.7244285
0.5230686
-0.22306854
-0.121085145
0.2835867
0.27764183
0.7538994
0.3484749
-0.041346464
1.447278
0.8321366
0.2617003
1.2997797
0.7991252
1.3738818
0.7024153
0.23738225
-0.6446338
0.6041297
-0.7803405
0.41662288
-1.3012582
0.65789676
1.0517571
0.046180215
1.1582029
1.8126812
0.58263505
-0.76876855
0.036105238
-1.2111719
-0.45448405
-0.5827333
0.23689337
-1.4079298
0.5298651
0.026789445
0.34193602
0.93281853
0.012904502
-0.43513268
0.1325587
1.0239305
-0.967379
0.74380165
0.011217713
0.23807009
-0.56183285
1.0249354
-0.3236181
0.5682441
0.50263083
-0.69990253
-0.55007565
0.034329433
0.014340106
-0.00023745
0.15246275
-0.19438064
-1.2209855
0.123489656
-0.3630373
0.7586798
-0.4208604
-0.04894305
-0.5985981
1.451409
0.63823605
0.050630555
-0.6015185
0.37996265
0.17620087
1.566356
-0.16827327
-0.122762494
0.16186035
-0.14654317
-0.41449004
0.20467809
0.7808702
0.99245775
-0.9972128
1.0274963
-0.5460851
-0.11436923
1.4661171
0.27304694
-0.15584652
-0.8657926
0.02323277
-0.005302859
0.4174194
-0.7254504
-0.35298443
0.9446545
0.017780863
0.5046245
0.47180277
-0.030004999
-0.030602384
-0.5531968
-0.1579411
0.061626118
0.05543449
1.3805032
-1.0157641
-0.24876949
-0.6517921
1.4982007
0.8962702
-0.30803818
-1.2315757
-0.31514192
0.23358695
1.0108047
0.2761055
-0.17201352
1.003871
-1.1870728
1.0845826
0.82421213
-0.7447277
-0.14373395
-0.37827736
-0.107651174
-0.53296196
0.52621317
0.309247
0.05672814
-0.8667145
-0.1856338
0.97001445
-0.2714324
-0.4924699
0.108335055
-0.6235348
-0.54344606
-0.93446374
-0.89829683
-0.7641121
0.075540036
-0.58354306
-0.13152368
1.3012248
0.9150704
0.4735285
0.37944207
1.004894
-0.4233034
-0.3420622
0.4814229
-0.5241853
0.100730665
-0.08841484
-0.979349
-0.13740037
0.8763128
-1.1991649
-0.94160736
0.2722672
-0.70199
1.1459544
-0.69870216
0.53047043
0.9036393
0.1982417
0.5373336
0.19959168
0.6459024
1.0902754
-0.105410516
0.013030849
-0.8513541
-0.41703808
0.202954
0.019140676
-1.1526242
-1.0665522
-0.008025559
-0.54165256
-0.0307914
-1.0657256
0.064968534
0.113471515
-0.20548193
-0.2348304
0.45808133
-0.76254356
0.7329899
-0.31167933
1.1511308
-1.4081628
-0.5139311
0.536154
-0.26719183
0.15012373
0.344619
-0.75030845
0.50006986
1.199809
0.6076385
0.3609994
0.29796365
-1.5793537
0.22899374
0.06823966
-0.8175369
-1.4606186
0.6725003
0.8521669
0.5451234
-0.16487479
0.24993406
-0.37172204
0.15469465
-0.23095955
1.0285981
0.9752828
1.1847136
-1.1522913
1.0887464
-0.54023165
-0.3474958
0.31736314
1.1883819
-0.014318052
1.2576748
-0.12862864
0.371798
0.9970468
0.35231805
-0.10997196
0.4441308
-1.6010677
-0.2314749
-0.8113167
1.1040831
-0.1743449
0.32262146
1.1283886
-0.9763582
0.33174998
-0.0021875417
-0.3992721
0.2972279
-0.1132246
-0.7958895
-0.42858988
-0.76258564
1.4112366
-0.014948754
0.37201834
0.8125665
0.2857119
0.2317748
-0.3312599
0.6213543
0.6851918
0.5650799
-0.8722054
-0.5265993
-0.3143444
0.14073002
-0.89269847
0.3553
0.27262455
0.011918408
-1.4362962
-1.2574928
-0.011032302
0.66095084
0.43221045
0.28865534
-0.08511878
-0.52327347
0.6461426
0.21496284
-0.56436676
-0.42443478
-0.016782533
-0.18227166
0.27540475
-0.7899176
1.0207658
1.521177
0.16561754
-1.2414665
1.0569289
0.6370335
-0.5098599
-1.2279737
-0.3942805
0.90201426
0.09981218
0.015765497
0.22402588
0.83960843
0.009440812
-0.7308513
-0.8264279
0.59699625
0.11092188
-0.21313491
0.017687412
-0.48378372
-0.9396335
0.3110212
1.0101614
-0.43056387
-0.42576247
-0.6972688
0.7099481
-1.0289778
0.6495317
0.3334456
0.15257886
-0.5699799
0.024062516
1.7241541
0.15261169
1.2576325
-1.1526273
-1.1714472
-0.57827
0.42295167
-0.97382796
-0.3850328
0.9918084
1.1939039
-0.3085283
-0.6591353
-0.20096657
-0.9219402
-0.557818
-0.88042855
-0.54588836
0.79904205
0.24082929
0.2955706
1.3249245
0.33629355
-0.6260633
0.06589651
1.3559905
0.3893728
-0.3206696
0.1054316
1.0042139
0.32913294
-0.964081
-0.13529862
0.49629003
1.1091858
0.9687276
-0.04014357
0.16175957
0.15598147
-0.27500924
-1.0036805
-0.5102123
-0.22226828
0.2848074
-0.90207165
-1.0834187
0.11720001
0.28950706
-1.1825356
0.16230407
-0.31157959
0.009550091
0.117366515
-0.061936878
0.13765864
-0.07265397
-0.2531905
0.8241383
-0.19366299
-0.48920554
-0.07489671
0.7658415
0.13390425
-0.6278298
-0.34668347
-0.5300679
-0.74560153
-1.3450993
-1.3564074
0.106646046
0.082644865
-0.28301257
-0.6156062
1.4237996
1.3021299
-0.11232446
0.5721169
-1.2419338
1.0681378
-0.9660287
-0.7851501
0.5946543
-0.065337636
-0.29372606
-0.7957282
-0.46111357
-0.056476235
0.22342491
-0.5515922
0.026998667
1.1543065
-1.1932696
-0.18813275
0.22900446
0.7532525
0.39368552
0.5863216
-0.00020110048
0.92550874
1.0171688
0.9610183
-0.3994705
0.80522877
0.61670005
-0.9755041
1.2308719
0.1996541
0.4466142
0.9390051
-0.14145657
-0.14757694
0.2050359
1.044974
0.22765344
-1.07465
0.015472391
0.08907524
-0.46580547
-1.3447409
1.3492672
-0.21784897
0.63467014
0.26387206
0.20076528
0.34131455
0.3710975
0.5285424
-0.1975446
-0.40276024
0.07699756
-0.19472617
1.2630866
-0.20671925
0.040154267
0.34525362
-0.72887045
-0.014175693
0.5749264
0.51775336
1.0957631
-0.2624772
-1.1300819
0.5833628
-0.520932
-0.5691752
-0.08872751
0.5817391
1.1031122
0.33748606
1.0706248
1.034118
-0.115926884
-1.0932204
-1.0937936
0.07904973
0.74696696
-0.2945234
-1.0154119
1.0266386
0.15228556
-1.211638
0.08846774
-0.6950409
-0.369606
-0.5492866
-0.33974585
0.1260384
0.18703724
0.5335562
0.9728923
-0.9207586
-0.60910064
-0.40799963
-0.73993635
1.4984485
0.096809916
-0.013162591
0.6173948
-0.44415256
1.1271554
0.26687616
0.26817134
-0.30305833
-1.107458
0.65721077
0.8557061
-0.62373334
1.6394045
-0.018330993
1.0534742
0.4520933
0.7443348
0.91900647
0.9118491
0.78190446
0.1693234
-1.2479964
0.2492297
0.9561575
0.057993755
0.5739878
-1.3720042
0.36875945
1.0535783
-0.756181
0.6448106
0.5357836
-0.9079812
-0.17468058
-0.118917026
0.052984655
-0.6070116
0.19136798
0.3307187
-0.072609544
0.5460076
0.37598404
-0.32140312
1.0905833
-0.47402614
-0.30425853
-0.3179909
0.4442467
0.41613483
0.359068
0.7040184
-0.21449482
-0.01966375
-0.8310294
0.08696469
-0.31246912
0.39894757
0.936287
-0.673962
-0.42850357
-0.784406
-0.0450603
0.5901615
0.19851084
-1.1285151
0.21122645
-0.45852095
-0.57724214
-0.14040586
-0.2917838
1.4597251
0.14439754
-0.24063466
0.20243314
-0.39893866
0.80112636
0.5908461
1.48719
0.6376961
0.5779803
-0.7624506
-0.22353886
-0.3052273
0.9841135
-0.73837876
0.6432528
-0.19769874
-0.29945004
-0.027261453
-0.2207892
0.4890811
0.6323532
0.47502398
-0.5378554
-1.0189731
0.7173883
0.024398783
-0.2337691
0.83528394
0.3428882
1.2485826
0.10971849
0.8638208
-0.9753695
0.3477649
0.2617216
-0.7617239
0.9236446
-0.24161881
0.25078014
1.3608392
0.048419703
-1.3474095
-0.1770626
0.5322121
0.2750201
-0.49269778
0.04616875
0.44457692
0.107174896
-0.26187268
-0.03826285
-0.26001188
-1.2365186
-1.1186126
0.74494255
0.84749955
0.71878517
0.29761922
0.65121776
-1.0016779
0.6254626
0.07962536
0.29737762
0.11245934
-0.75992596
-0.4869466
-0.5235124
0.49438635
0.31255367
0.31364086
0.6756243
-0.11625327
1.220447
0.14661555
-0.18543138
-0.4658294
0.7242001
-0.3497312
0.56168437
0.4086968
0.36967698
-0.75924695
0.49754527
0.09296603
0.033216394
0.07790168
0.25641045
-0.022167409
-0.7293553
0.40858167
0.63905376
-0.26760417
0.7621372
1.4692671
0.36544594
-0.43398917
-0.076356106
-0.22056578
-0.31403568
-0.7888941
0.029997595
-1.1783702
0.026314268
-0.24329713
-0.22189613
0.30621353
-0.098423876
-0.8945556
-0.018758701
-0.51766896
1.1931542
-0.2665701
-0.22144853
-0.24990825
-0.063895635
-0.1327117
1.1770046
-0.6110544
1.6034343
0.49874952
-0.23627776
1.1145701
-0.008877997
-0.48973998
0.059377626
0.003991444
-0.62250614
-0.6655373
-0.019740367
-0.26709792
0.70661795
-0.85978365
-0.41391534
0.9445598
-0.32154444
0.08951773
1.0218554
0.120519914
-0.3108164
0.33000326
-0.48086914
-1.3582238
-0.19003448
-0.38476402
-0.111683995
0.3853157
0.1895559
1.0496112
0.8643049
-0.21842727
-0.04782527
0.47091216
-1.4563574
1.4015527
-0.13734326
0.4190246
-0.30236518
0.5091307
-0.25550535
0.32563007
-1.1263053
-0.3671315
0.8514096
0.37261388
0.92926574
-0.50048035
0.2415747
0.70821947
0.7704426
-0.96291685
0.19713843
-0.5161362
0.11698899
0.2868722
-0.36551088
0.4324458
1.0655535
0.7644477
0.24197188
0.42904702
1.1384908
0.54170984
0.049480394
-0.28886476
0.8599106
0.03806679
0.22370821
0.4431739
-0.69304097
-0.038450267
0.6391371
0.7873069
-0.4459827
-0.54631555
-1.274679
0.6565389
-0.21078716
-1.3268925
-0.28554356
0.10275037
-1.1114298
0.3514448
0.19878913
-0.26197338
0.8893205
1.0404456
0.89920247
0.0111788465
0.32047367
0.1438993
0.7889583
-1.0688344
-0.21974039
0.7733697
-0.22848634
0.6795424
-1.2166344
1.1145902
0.49732295
0.23138869
-0.050917584
0.7019235
-0.7710453
0.7683498
-0.3052919
0.2748312
0.885288
0.59825575
0.9759747
0.7685599
-1.0665722
-0.06859291
-0.48477972
0.039225694
-0.7794415
0.14004031
-0.6197309
-0.5668366
0.080220394
0.5897549
-0.14957413
-0.20309499
-0.83442783
-0.26317072
-0.024562333
0.5555777
-0.53196967
-0.6193364
-0.0708579
0.7856725
-0.17401329
0.1854458
-0.17471449
1.0816305
-1.1318828
-0.4113834
0.22849415
0.45517159
0.65738106
0.10969719
-0.10191866
-1.0768466
0.20871131
0.5819883
1.2738769
0.2717095
-0.7347005
-0.6102663
-0.51266503
-0.11759717
0.5556158
0.5992553
0.1977712
0.863636
-0.23560853
-1.5498776
-0.16918117
0.24765937
0.15595941
0.51271325
-0.052962888
0.018314894
0.37534818
-0.19536534
-0.69701785
-0.78431666
0.29354388
1.1023505
0.12913427
-0.7485592
1.2394071
-0.36113366
0.45702115
-0.6574709
0.26619804
-0.8981469
0.056260843
-0.38620442
-0.5054694
0.8490757
-0.9747479
0.59539145
1.0874429
0.9722402
-0.18178336
-0.026798705
-0.50712293
-0.2536033
0.34586674
-0.53094447
0.10483454
-0.9502863
0.3302674
-0.6834007
-0.6098472
-0.30535358
-0.786831
0.14126062
-0.5069334
-0.84058297
1.2010115
-0.066955954
0.10053797
-0.24124545
-1.0118425
0.1854437
-0.17030312
0.14054477
1.3886715
0.08848788
-0.7320518
-1.1455907
-0.026769426
-0.31520534
0.23749907
-0.17175023
0.83487207
0.1744242
-0.1280592
-1.1627104
-0.3186843
-0.48293376
0.067083865
0.55833656
0.092102684
0.24247245
-0.57132053
0.09082847
0.20207697
0.624613
-0.66770947
0.7407591
-0.3369161
0.60773754
0.4610079
0.814682
1.2977018
-0.35698578
-1.0660324
0.69341284
-0.16165097
-0.37307036
0.86450493
-0.72062385
0.18220328
0.79906577
0.022349454
0.09099461
-0.036579326
0.27964067
0.13077895
1.2894535
-0.26652664
0.11845019
-0.19103725
0.8531671
0.18595867
1.0748616
0.3887688
0.61742616
-1.033694
0.64739287
-0.83445215
0.47875988
-0.42613167
-0.04879377
-0.73410064
-0.3768996
0.014168131
-0.45674726
0.03202412
0.10745371
1.0726901
-0.03449367
-0.28576213
0.08317309
0.71971875
1.5195485
0.38682085
-0.10616606
-1.1665938
0.07419263
-0.26656005
-0.87137413
-1.4119776
0.80486673
0.5787152
0.05846705
-0.13756181
0.17245598
0.41826907
1.4108729
1.6287378
-0.7326247
-0.07490939
0.45655477
-0.06495062
-0.19289097
-0.40337268
1.2303115
1.8058681
-0.46891996
-0.8136432
0.8226221
-0.22354132
0.13466945
-0.43840447
0.6630869
1.382435
-0.04243287
-1.3744192
-0.36334756
0.2733136
-0.11436344
1.2146143
-0.7550979
0.5606928
-0.9458331
0.6097257
-0.9134382
0.5981202
-0.9331626
0.815565
-0.050035898
-0.07020804
-0.9545195
0.28922385
0.14647226
1.5813639
-0.08112185
1.0012879
0.32934126
-0.15498006
0.5341379
0.26099804
0.49171835
0.0689058
0.41640618
0.3479489
-0.8346847
-0.613273
1.0499015
1.2929659
1.1242534
-0.049292583
0.15886192
-0.6430665
-0.100322075
-0.5953718
-0.3597536
-1.2115793
0.45644972
-0.06498102
-0.3223065
0.96486986
0.41885686
0.53225553
0.63332254
-0.32838646
0.103188105
-1.2629956
0.015511041
0.14560331
-0.01580729
-0.6841877
-0.31057745
0.40914991
-0.27082008
-0.11633507
0.036367238
0.80235493
0.9383117
-0.8162933
-0.14309707
-0.58378017
-0.59343255
0.2972848
-0.5175774
-0.08040501
0.2673129
0.862162
0.8793256
-0.571668
-0.7046352
0.17686982
-0.113248385
-0.6785441
-0.70414853
-0.5336251
-0.100042835
0.9132262
0.46240044
1.5446541
0.02183413
0.19781135
0.43171114
-0.032700844
-0.20320454
0.1314613
-0.31200284
-0.8295697
1.2101651
-0.39801198
-0.4161102
-0.017753102
0.11549556
-0.25178406
-0.8950485
0.39113873
0.14921829
0.24300784
0.16004005
-0.019687215
-0.33421856
-1.3789812
0.010971365
-0.27206478
1.2269182
-0.55852604
0.095507145
0.53420424
0.5782493
-1.1540246
-1.0355917
0.9290667
0.98959404
-0.77135164
0.211228
-0.8648205
-1.864415
-0.05846705
-0.21452446
1.1306347
1.5472118
1.2204746
0.6564123
0.04510135
0.8807069
-0.33376905
1.7465156
-0.49454814
-5.859509e-05
-0.4840017
-0.78067005
-1.083203
-0.31790888
0.6041264
-0.15735534
0.36303076
0.20426446
-0.041370478
-0.91952753
-1.3736048
-0.48099965
1.3919014
-1.3551015
0.3488204
0.14848582
-0.15128307
-0.29773697
-0.2767683
-0.0674151
1.537405
-0.96664286
0.20360102
0.96838605
-1.0544128
0.09484464
1.0621562
1.538466
0.52713346
0.7207924
1.177569
0.9095494
-1.3063821
-0.05226067
0.97253907
0.41005754
-0.62772757
-0.03214229
-0.91628623
-0.18737218
-0.8206334
-0.30774438
0.9394739
-0.5382673
-1.1851337
-0.2790732
-0.48115566
-0.74884015
0.44152588
0.73846316
-0.044856258
0.52268684
0.66965145
0.03280516
-0.41407308
1.0702147
1.2220497
-0.80406207
0.20986252
-0.41229412
0.23191763
-1.3199699
-0.009817786
-0.76911795
-0.5624175
0.29524988
1.2848622
1.1602943
0.06796591
-0.2702613
-0.2871854
-0.34873855
-1.201725
-0.9846165
0.38356522
0.17168073
-0.013898273
-0.32126534
-0.46161336
0.13805164
-0.72127265
-0.70987475
0.49687028
-0.004808789
0.5519576
-0.032753333
-0.78672916
-0.4268253
0.64167786
-0.6665701
-1.1657532
-1.0886662
0.6011907
-0.18248259
0.77280045
0.87414676
-0.59312606
1.5147042
0.005330545
-0.30028448
0.91441214
-0.16962598
0.9977244
1.584647
0.05859358
-0.8251689
-0.46695143
-0.61918926
-0.39065087
0.36581913
-0.0037480004
-1.3461874
-0.7896233
-0.0980835
-0.72419083
-0.6101782
0.3488976
-0.040772777
-0.36576572
0.4241931
-0.08854466
-0.55363864
-0.6790259
-0.63960266
0.7533946
0.54313976
1.0213863
0.36500832
0.12299601
-0.27002534
-0.19339134
1.1558944
-1.317041
-0.5663905
-0.9418685
0.40676916
-1.5452685
-0.3558078
-0.11898004
-1.0967183
1.0564711
1.4894072
0.5050773
-0.14752793
0.30991593
0.48667258
0.72888225
-1.1711867
0.3955615
0.27928752
1.3310119
0.26023948
-0.5538077
0.39146882
0.7425066
-0.012621827
1.1760345
1.2664571
-0.70726746
-0.20986424
0.37612334
1.2121089
-0.9544125
-0.05576823
-0.5438127
0.0034497124
0.19128197
-0.64784944
1.4649583
-0.6468749
0.19479245
-0.122311555
-0.53875405
-0.77452636
0.46411052
1.226523
1.1002157
0.07865141
0.21445034
-0.12783378
-0.05477865
-0.80049574
-0.2428038
1.2134463
1.0149435
-0.2266385
-0.37936312
0.22080919
0.04703202
-0.8297025
0.8296846
-0.22974788
-1.0728345
0.7314461
0.39113712
0.7032185
1.1940017
0.8757617
1.099268
-1.5046449
-0.74474984
-0.40109625
-0.32780066
-0.8719427
-1.296005
0.98701596
1.3023072
0.90951335
0.9877955
-0.020708585
-0.102783576
0.4481834
0.20373271
-0.8819884
0.7273037
1.0779159
0.48329532
0.29495108
0.19085228
0.5873205
-1.0226939
-0.5025065
0.44126073
-1.0566646
0.41496187
0.3277852
-0.29559433
0.5192258
1.1167854
0.28455517
-1.0308622
-0.9856625
0.3786941
1.2599983
-0.6319547
0.21033019
0.34209323
-0.99661577
-0.14140192
0.66560334
-0.7694903
0.17220153
1.4010943
0.899892
0.90173125
0.8680635
-0.028659921
0.46344334
0.8935569
0.3189552
-0.36665282
1.5789099
-0.60239387
-0.37580407
-0.19079383
0.40899664
0.067586765
-0.5126295
-0.65998095
0.028625509
0.23632517
0.4458961
-0.02104125
0.42604285
0.39707467
0.25177014
-0.97312176
0.11209365
0.04936682
-1.0303003
0.45627788
-0.6029151
0.06856564
0.8535683
-0.40487832
-0.11393197
0.086035095
