-0.40292358
-0.9128829
-1.3451128
1.5832798
0.3995572
0.18487285
-1.3761697
-0.79369026
-1.7624161
-1.4261097
-0.45890135
-1.5766433
-0.6474411
-0.84625196
-1.4313477
-1.2526609
-1.2483385
1.8600727
-1.6162813
-1.3362786
0.7970077
1.7922544
-1.4113039
0.22429909
1.9939365
-0.19178814
0.7610938
1.897411
1.3091934
-1.0463837
0.70440173
-0.20848519
-0.23420553
-0.10092367
0.38684273
1.0028081
0.4997753
0.57103926
0.3705092
-0.4747921
-0.1386561
0.32472178
-0.17761432
-0.01178592
-0.16578422
1.2468319
1.2901149
-0.8401433
0.31813496
0.055329103
-0.5074459
1.7121286
-1.3015538
-1.1698713
1.1845897
-1.1501591
0.87868166
0.23822385
-0.14712192
-0.3120508
-1.3615304
0.3302073
1.8318038
0.023351142
0.36489704
0.22911221
0.9088956
-0.000611186
2.121836
0.47297284
-0.921973
-0.4507989
-0.4801677
-0.024466055
-0.5238805
0.07675675
-1.6246519
-1.4842308
0.032400705
-0.67237246
-0.20665929
1.3858697
0.6484347
-0.86667687
-2.0556474
-0.37799257
0.6890385
-1.1352112
-1.3915377
-1.2151029
1.5704658
-1.6798866
-1.2412183
2.068642
1.8659749
-0.630836
-0.7811045
0.58485675
1.4948429
2.1472151
1.0586994
-1.3182591
-0.9545409
-0.49777228
-0.06232589
-1.7683702
-0.7401642
-0.24046671
-0.37272665
1.7155087
1.2441683
-1.8583483
-1.2171687
-0.9393766
0.35370144
0.5017297
1.437804
0.99533
0.9730842
-1.1498593
-1.5746713
-0.2827591
1.7031971
1.1298078
-1.104323
-0.33143082
-0.0986745
1.3306193
-1.9644536
-1.0177013
0.28287855
-1.3870133
-1.2240177
0.87991714
-1.1311486
-1.891498
-1.9598508
-0.3833445
0.7758986
0.48334765
0.60725623
-0.39296433
0.8190981
0.41749907
-1.3573431
1.4977119
1.8330798
-0.83718127
0.45706764
1.3507296
-1.9297532
-0.8063364
1.3237584
0.32630798
-0.33680314
-1.4649346
0.5827842
-1.466668
-0.19498134
-0.016774638
0.007179437
-1.4555501
-1.5179327
-0.8777316
0.13412261
0.71124583
1.4676669
-1.1203783
0.14630058
-1.1769704
0.16510496
-1.1681513
-1.661854
0.17156747
-0.3484443
0.22134805
-1.0913153
-1.6180127
0.50772667
0.8858373
0.12729123
2.2220469
0.80829424
-0.5648035
0.7054727
-0.39082882
0.8286357
-1.1466403
-0.83516467
1.3531902
1.4081836
1.5109259
-0.29562044
-1.3900161
0.5910042
-1.0467879
-0.3271197
1.3966067
-1.7464474
-1.410747
-1.2651359
-1.3467844
-0.41082823
-0.9006051
-1.3111228
0.0045500468
-1.2449702
0.4542734
1.2760804
0.84716916
-0.10453357
-0.06139109
-0.21785502
-0.44751775
-0.45183864
-0.64726704
-0.0966168
-1.4426355
0.76823133
-0.23042041
0.48029995
1.4905977
1.6436149
0.09861452
0.9434799
0.40899083
1.0392127
0.35950133
-0.7866036
0.13227497
-0.59524614
-0.89810467
1.4858282
0.4681807
0.11086989
1.7725307
-0.46172768
-0.56548965
-0.48848492
-0.95495033
0.15299343
-1.5151396
-1.1412163
0.47832626
1.6567171
0.45294726
-1.1540477
-1.065356
1.0399835
0.021626042
0.13013199
-1.3839823
1.4877268
1.7112777
-1.56771
-1.0412577
-1.4136564
1.8070675
-0.36472115
-1.458422
-0.2936078
0.50302136
-0.5125541
-0.61594933
0.6651272
1.5426947
-1.3302802
0.776703
-0.75378615
0.5826017
0.11083131
0.9285802
-1.0623338
-1.9302548
-0.8911473
-1.6110296
-0.9808203
-1.6276593
0.9515825
-0.9211701
-1.1394572
-0.3241753
0.9823344
0.057506934
-0.88931644
-1.1759977
0.48767674
0.1799775
2.4303563
-0.45475703
-0.33667406
-0.1065858
-1.6894729
-1.2468555
0.7589166
-1.6649446
-0.64112324
1.130837
-0.35828772
0.7920261
-1.735275
-0.68720895
-0.53720105
1.9226241
-0.57682085
0.17343032
-1.6725901
-0.6565263
-0.69135803
-2.0019398
0.46724814
-1.3039336
-0.50534683
1.486003
-0.0028829982
-1.9703319
-0.65519434
-2.1812358
0.7711212
-0.21637419
-0.8099648
-0.7159095
1.2624935
1.1930922
0.40738302
-2.1860511
0.76439905
-0.84716296
-0.38327244
-0.48817495
-0.8588922
-1.511445
0.4874398
0.1363341
1.1521903
-0.5707321
-0.2589986
-1.2987621
-1.5266191
-1.1074452
-0.51340854
0.07300001
1.7395838
-1.9961643
0.5667441
0.04868705
-1.7194607
-1.3084172
-0.6001838
0.873315
1.9425316
1.7087173
-0.9606075
-1.6361439
-0.37022382
-0.06955113
-1.2816986
-1.6561394
0.050573424
-0.8626106
-0.0901839
0.90080553
0.036281925
-1.070976
0.4918057
-0.40870628
-0.34475812
-1.7509699
0.47578412
0.44261226
-0.16569859
0.8528658
0.525309
0.7973839
0.21293841
0.07351391
0.59138083
-1.3739059
-1.0618714
0.09478313
-1.3579271
0.4154966
-0.8403707
-1.8964754
0.7207385
-0.5629557
-1.6748387
-0.038307328
1.1024678
-1.299895
-0.24272008
-0.11698545
0.33751026
0.20411468
1.243735
-0.36536863
-0.50794834
1.3058746
-0.13107298
-0.7681405
-1.561151
1.914279
-0.13940899
-1.4146644
-1.6203289
-0.8656343
-1.1677701
-0.19982152
-1.0884182
-1.7712029
0.4790372
-1.0125309
-0.7731804
1.4303572
0.5798181
1.9221795
-0.78202796
0.25989783
-0.41518804
-0.1788181
-0.6289988
-1.7228479
-0.872945
-0.6552901
0.35190544
-0.8649143
0.23638663
-1.4682568
0.70155245
-0.6379362
0.12542799
-0.9589125
0.4487424
-0.075467855
0.7570647
-1.5264347
-2.023794
-0.053511173
-1.2333118
0.6684754
1.1021287
0.66887623
-0.44923466
-1.460998
-1.7059221
-1.2757002
-1.4390825
0.89304423
1.0237992
-1.0255969
-0.77344584
-0.015590268
-0.5477213
-1.5203161
2.5112214
0.3059145
-0.9064665
-1.5261396
-0.5575588
0.124639206
-1.3878576
-2.0128958
0.8615554
0.37898156
1.0463884
0.9258208
1.1127719
-0.07750085
1.4000651
0.53900695
1.9987179
-0.4150442
0.5396191
-0.21572281
0.4051838
-2.07962
0.07713894
-0.069621354
-0.41153648
-0.6106051
-0.047169372
0.15972392
-0.71574366
-0.08091053
-1.3703545
-0.48106757
-1.0435346
-0.45583993
1.4488668
-1.2500547
-0.4083973
0.4670662
1.1730609
-0.23497292
-0.44684398
-0.56286216
1.2035451
0.9605591
-0.4432833
0.43297678
0.6666836
1.0785503
-0.35617992
-1.3649126
0.09905384
-0.0633031
-0.17993954
0.42746818
0.39095944
-0.58997774
-1.0263479
1.0582896
-1.176429
-0.6021791
-0.5302751
-1.2624425
-1.0645939
1.4619735
-0.0076846993
-1.1410244
0.1998227
-1.1120896
-1.931647
-0.18954328
-0.55589896
0.7134034
-1.707778
0.33033592
-1.742727
-0.20696355
0.07907856
-0.07710489
1.2475635
1.3155222
0.7852749
0.96258485
-1.1657335
-1.3577678
-1.199065
2.1323812
-1.308214
1.5174379
0.8464804
-1.8122325
0.6740557
-1.5679787
-1.0221983
-0.43182373
0.3763412
0.15895809
-1.262213
-1.2260746
-1.6334536
-1.4244244
-0.44878542
-1.5214385
-1.1276273
-1.3285103
-1.2376926
0.33279255
-0.29120335
-0.42783108
-1.9450183
0.9399247
-1.6550459
-0.99117184
-1.4825633
-0.03218504
-1.0443919
0.50841093
0.53893507
1.2954004
0.9736016
-0.15102915
0.43129265
-0.8580338
1.0963686
-0.6222346
-1.0418662
-0.78049177
-1.4252077
-1.2244985
-1.7585294
0.44571918
-1.1896582
-1.1541756
-0.8319404
-0.7822464
-0.901663
0.9379258
-0.051869348
-0.44062608
1.4877535
-1.3067664
-0.1293413
0.42811307
0.49778152
-1.0954099
-1.5941926
0.95660055
-0.2764657
0.7765838
1.7234559
0.9604361
-1.2107226
-1.4184406
1.1375583
-1.1666135
-0.5842399
-0.9641312
-1.4205077
-0.16664088
-1.3276992
0.70544225
0.30101898
-0.6120017
1.1987375
-0.4575088
-1.2319093
-0.9146377
0.1406731
-0.24381125
-0.5520116
-1.1575317
0.52426755
-0.91736835
-0.0014057229
0.040122293
-0.8179021
0.68418986
-0.6753509
0.28092948
0.6073934
-1.9382471
-0.015359587
1.4395612
-1.8858184
-0.7524255
-0.882918
-1.2945032
-0.2500707
-0.77959657
0.13803668
1.4181948
-0.16695315
-0.42602822
-0.048888743
0.15925919
-0.5351522
-0.45570728
-0.8690321
-1.2409774
-0.5153226
-0.32743853
-0.96267986
0.7667005
-0.08457566
-0.9051762
0.14046475
-0.6775793
0.6332718
1.4485279
-1.2456024
-2.0519674
-1.1936911
-0.14376704
0.5763515
-0.47358692
-1.1138725
-1.6535729
-1.0726389
-0.21095525
-0.39041844
-1.2905133
-1.1479394
-0.5770277
-0.3247543
0.6967813
-0.21897984
-0.6598761
-1.4244863
-0.5229548
1.332265
-1.6993394
0.38537595
0.01481914
-0.052432
0.40757787
-0.5458024
-0.023710072
-0.50439173
-0.3530393
1.4260114
-1.1419349
-0.771931
0.41632247
1.9918976
0.82249755
-0.021796528
1.9894524
1.0384638
1.1039429
-0.68396693
-0.633993
0.059125837
0.61966896
-0.120562665
1.6981626
-2.0074508
-0.28324676
-1.293219
-0.41954026
-0.2223957
0.7280751
-0.36216787
-0.39485347
0.79259956
-1.4831958
-0.72052276
1.1510655
-1.1993425
-0.20460768
1.3904761
1.7244633
-1.4260222
0.8883452
0.94984734
-1.3251442
1.271318
0.8592613
0.094199724
1.7863331
-0.35066056
-0.60479134
0.49251497
-0.4271283
-0.52712816
1.0525903
-1.9719516
-0.6157876
1.1286029
-1.362178
-0.70567703
1.8883948
-1.5132862
0.28846037
-0.33023185
-0.7855128
-0.28378054
-1.5417676
0.31920466
-0.6797986
1.2444515
-0.7533454
-0.9618677
0.5802173
-1.4428294
-0.80879015
0.6011309
0.45868075
0.012765559
1.1355497
1.9608691
-0.22088252
0.44255126
0.49385887
0.10526933
-1.7486932
-0.6998299
1.3875785
-0.19475135
1.5906115
-0.6633165
0.48483795
-0.17458434
-0.5704802
-0.14392345
-0.50535804
-0.9444178
0.3712381
0.9515394
-1.6505944
-0.17552868
1.7996657
-0.39248434
-1.226106
-0.60510933
-2.2703295
0.3399627
-0.2957784
-0.43113366
1.7021071
-1.1285756
1.0336306
1.3307955
0.52086943
-0.662418
-1.8358765
-1.104639
-0.7452649
0.94856715
0.1773844
0.6601211
-1.0527861
0.9449853
1.9884704
0.89767015
0.7755532
1.1468008
0.6221986
-0.36971343
-1.9364636
1.4225436
-0.4616083
0.24616998
-0.021056585
0.1531947
-0.42327073
0.3079223
-0.52555394
-1.6612976
1.5177689
-1.6520735
0.12652779
0.17295694
0.8291291
0.26605487
1.1993129
1.295466
-0.85536903
-0.25813523
0.92948174
1.8335197
-1.4371856
-1.9739078
1.8772976
-1.6806178
0.562365
-1.4323027
-1.9457828
0.9586364
-0.29967427
0.86159295
0.19581175
-0.2607968
-0.95721793
-0.65526617
-0.26322216
1.5586652
0.9542582
-1.3927412
-1.0142196
-0.7991964
1.2891719
0.04537185
-0.8720096
-0.9539599
1.6238893
-0.9483967
0.45521587
0.06464395
1.1537849
0.7967223
1.0614264
2.1310098
1.1056324
-0.1952635
-0.1340047
0.5241939
0.41456214
-1.4186499
-0.1469658
0.21687451
0.05016285
0.73818064
-0.5298229
1.3729053
-0.2600429
-1.0869712
1.3022935
0.22466345
0.6072371
0.63368416
1.3167257
0.47008294
-0.010029267
-0.22431938
-1.1408886
-1.7231729
0.5945309
-0.4669832
-0.60316974
-0.19041672
-0.6586422
0.3071004
-0.7130743
0.6558024
1.2430505
-0.12226409
0.19949403
-0.6445867
0.09515445
-0.41916427
0.07724763
-1.3122351
1.5880504
-0.5611536
0.6248783
-0.0402124
-0.9369241
0.14718315
-1.4352741
-1.3217006
1.0099636
-1.9026835
0.54344916
1.4196473
-0.77610487
0.6671087
0.9562844
0.32524726
-0.7336219
0.10516258
-0.10111999
0.83987653
-1.810788
-0.1646776
1.2790172
0.3847982
0.29212624
-1.2807012
-0.07388903
-0.90737784
0.4392669
-1.2151741
-1.4764589
-1.55322
-1.0416286
2.0263546
1.1313598
0.51113456
-0.24633735
-1.7185298
0.73911387
-0.1625153
-1.2932477
-0.14607185
-0.91560435
-1.5840659
-1.8320292
-0.2466037
-1.2158583
-0.055285282
-1.0688024
0.96954376
-2.1496668
1.2460303
-1.7828122
-0.09327521
-0.80590236
-1.6814904
0.2955067
-1.5702431
-0.8412224
-1.1743506
-1.3388478
-1.8321606
-1.4254565
-2.116454
-1.6528616
-0.930462
-0.14717534
1.9502367
0.8320895
-1.3327528
0.91164815
0.73282856
0.9384814
1.1894803
0.6198483
-1.7469654
1.3913294
-0.044416852
0.56863797
0.46693033
-0.013924766
-1.2262449
-1.828681
-1.4831705
0.4146098
-1.6766326
-0.28699243
-0.0999325
-0.08663694
-0.5638198
1.2944422
0.061944
1.86974
-0.79263556
1.8223394
-1.289777
-0.4918177
-0.40226653
-0.043756187
1.7589302
-0.19152114
0.35343593
-0.6155025
-1.4997963
-0.37516436
-0.7763541
-0.57554454
-0.42861637
1.1673449
-1.2746167
-0.5116428
0.5433073
-1.8175802
-0.53769416
0.8184718
-1.0089986
0.15241355
0.9092182
-0.28246024
1.2001014
0.78407997
1.5457885
0.65665305
0.04073747
0.042205106
-1.5318685
-0.8939866
-1.466336
-1.1590852
0.6272319
0.84572864
-1.0805812
1.2405214
1.9538817
1.408484
-0.54226434
0.7949411
-0.4964537
-1.3380154
0.0076299985
0.5565719
1.0838592
-1.27984
-0.8362504
-0.7199761
-1.3281922
-0.40820584
-0.60193765
-0.9005941
-0.030233933
-0.37398773
-0.67228127
0.071907125
1.9028627
-0.694255
0.5717053
0.42553318
-1.2283167
0.99280083
0.9897978
-0.72622466
0.6660685
-0.22260408
1.482788
0.8109913
0.37412092
-2.0455852
0.28264654
-1.7315092
-2.285767
1.2242664
-0.76214105
-0.46268237
-1.2512133
-0.72711396
1.3866913
-0.9509071
-0.36319405
-0.89561814
-0.18713824
-0.48645613
1.3935726
-0.56110305
-1.6149908
-1.6556388
0.24059676
1.374099
-0.7719103
2.0331154
-1.8573794
-0.92049414
-0.28744787
-1.5582579
-0.8890359
0.33383188
0.9647861
-0.039689016
-0.31135562
-0.77816236
0.11899007
0.109481305
-1.1608497
-0.33004084
-1.21578
-0.8295544
0.82220423
0.6645207
-1.0681176
1.207819
0.2737724
-0.4114517
1.2185546
1.8063626
-1.099468
-0.765974
-1.3955487
-0.06599177
1.4531264
-0.9704185
0.38630357
-0.73874813
0.7201611
0.5240911
0.70189494
-0.005268758
0.09504032
1.1428543
0.57252383
-1.7674133
-1.3993087
-1.6014227
1.2448556
0.42648226
1.6759982
0.88993603
-1.6395929
0.9038795
-0.6514851
0.24320486
-1.7045122
-0.2810819
0.18316858
-0.44008452
-0.22204392
-1.5281973
-0.1827043
-1.6601744
0.8923907
0.8719233
-0.13151625
0.49927187
-0.22004236
-0.13041975
-1.4592463
-0.10249755
1.2404933
0.26363924
-1.2064016
0.38856673
-1.3005528
0.5480765
-0.5089404
1.4040523
0.02230543
0.33904028
0.66487956
-0.54989505
0.49626952
0.4514131
0.9499283
0.011343891
-0.7388295
-0.37041262
0.8337367
2.3223882
0.57242227
-0.2746348
1.2249022
-1.6618396
-1.4629458
-1.279692
-0.8996578
-0.48038507
-0.37895876
0.09072672
0.3609471
-1.2723064
-1.4965255
-0.5926447
-1.8374429
0.36169755
0.16635428
-1.5114065
-0.9288962
-1.0835028
0.27138084
-0.5456039
1.3557523
1.7565
-0.7002965
1.0752506
-0.51080847
0.446998
0.087425485
-1.9631838
-1.1072432
0.3070121
-0.99308723
1.3098439
-0.792179
0.5952736
-0.4250609
-0.20323253
-1.509142
0.746943
-1.4022563
-0.020761078
0.2124749
-0.7751606
0.03442531
-1.8196929
-0.6631499
0.58313274
-0.23794195
-0.24539807
0.78053623
-0.7575958
-2.0270607
-1.2904087
-0.4049751
-0.60028374
-1.1563482
-1.8182371
-0.30059445
-0.9353156
-0.08432733
-1.8224694
-1.3364412
1.9516565
-0.8233881
0.15648943
0.099809796
0.50956666
1.5048075
-1.2288997
-0.96345747
-1.2685412
-1.079651
-0.59574246
-0.8144767
2.041439
0.06368624
1.1849039
2.250632
0.088362396
0.4228205
-1.8524728
1.0694306
-0.371047
0.9269027
1.6097642
-0.8708214
1.1278725
-1.9521075
-1.0460393
-1.5119154
0.577616
1.8974183
-0.5096392
-1.092938
0.6529928
0.5940941
0.9095822
1.2639756
-1.5862285
0.41849175
-1.152039
1.3107923
-0.3749153
1.4340245
1.4389987
-1.3761714
0.043248728
-0.40808272
0.6539342
1.1944679
-0.097256675
1.405969
1.0225909
1.1378677
-1.3649306
-0.34355143
0.03219841
0.2625751
1.6986654
0.91476446
0.2706113
-2.0693114
0.0855617
0.046392564
-1.6092929
-1.8294239
1.9521227
-1.0408912
-0.7919152
1.0315646
-1.0815636
-0.36757421
0.2573458
1.2662224
-1.299369
-0.42247197
0.08584809
0.79189306
-0.926592
-1.3830819
1.0195584
1.2162683
0.6528312
0.25773153
0.5520924
-0.39685357
0.271774
-1.5573575
-0.83764946
0.8567851
-0.27932763
0.56243086
-2.1004446
-0.97058845
-0.3424436
1.199106
0.27549884
-0.29259655
-0.8793905
-1.5210323
-1.7798191
-1.1046981
-0.8938241
0.4163522
-1.3425184
-0.79045576
1.81858
-0.77652
-0.18564703
0.117353044
0.003753467
-1.4567755
1.7283874
-0.58017504
1.1576123
0.44831347
-0.96524704
-1.048236
-0.17571895
0.35379618
-0.7783533
-0.79313785
-0.8921764
-0.5341882
-0.59975666
-1.2724402
0.7509535
-0.06197781
-0.029726552
0.85063326
-0.81433177
-1.6868099
1.6270444
1.351457
0.50381434
-0.31152925
-0.7478869
-0.37241787
-0.26450902
-0.91771305
-1.0051259
0.0760355
0.36302578
1.5497407
-0.7954503
-0.37787712
0.23372659
-0.99659127
1.9011146
-0.63415045
-2.1101153
-0.15012352
1.2221179
0.003917297
-0.5911235
-0.35644868
1.2928531
-2.1629415
-0.43270007
-1.8489908
-0.04104213
0.24636826
-0.5104674
1.346466
0.51834536
0.8413942
1.2665682
0.5980953
-0.44219032
-0.7675922
-0.060203515
0.5933644
0.47409934
1.3731475
-1.4029133
0.7914574
1.4316394
1.8082314
0.09542049
1.0176473
-1.3937614
1.259984
-1.2981223
-1.6312072
1.4350637
-1.3368183
1.3307959
0.5120583
1.1219678
-0.24681391
0.34261787
1.1721377
1.6723092
0.7529917
-0.8274338
0.23289485
-0.108987495
-1.7915795
-0.99650884
-0.054903068
1.4716215
0.63561374
-0.55272603
0.204301
-0.14677943
1.9017293
0.6700122
-2.0668707
0.18500954
-0.35354263
-1.6489743
1.8492543
0.6014309
-0.8060222
-0.5704208
-1.0831405
1.5821645
1.2401406
0.44133326
0.015370375
-0.6464882
-0.22755367
-0.9904141
1.9200557
0.6463618
-0.010843165
-0.9598005
1.7753606
-1.1553866
-1.0257857
-1.8591802
-0.06479178
-1.2687107
-0.11902086
1.4173756
-1.0768325
-0.3527307
-0.81788856
-1.0953867
0.7863306
-1.0844141
-1.7917428
1.3530098
1.0648528
-1.2934121
-0.22648598
1.275938
-1.0776361
-0.9172927
1.1171787
-1.2649139
1.4627608
0.9357044
1.5036807
0.069139
-0.1241686
-0.9887849
1.7129232
-1.6326326
-0.40742767
0.08061724
1.2045454
-0.38119105
1.6789172
-0.6463958
0.14741902
1.3267502
-1.0328976
1.6063929
-1.3190851
-0.092076816
-1.3574742
-0.036050316
1.7353797
-1.7800152
-1.5101631
-0.5571446
-0.37399182
0.8217293
-1.1115767
0.8797979
1.4485946
-0.6493891
-0.7360237
0.90120405
0.615558
1.3935993
0.3597243
-0.17625247
-1.5638255
1.7455158
-0.3690874
-0.39706558
1.9372724
-0.7123721
-1.1314857
-0.011609965
-1.4899668
-1.1484592
-0.9368732
-1.8406438
-1.5288564
-1.1025058
0.8810273
-1.0642211
-1.1877699
-0.03210245
-0.44500262
-1.1425962
-0.94899124
-1.7938325
-0.87082857
0.53005385
-0.93192685
0.4171839
0.77948934
0.17393234
-1.2268586
-1.813605
1.9603289
-1.1311764
2.078339
0.60666513
-1.9795258
-0.0754552
-0.46369106
-2.2354813
-0.28924412
-1.8961141
0.6461124
0.2572752
1.6229193
0.7024176
-0.7511589
-0.1251433
0.078240804
-1.0778208
1.5187343
-0.89670265
-0.92449486
-0.76347977
0.75913113
0.2783885
-1.059783
0.90102947
0.49432486
0.12602153
-1.5622966
-1.6860567
-0.39455968
-0.8729019
-0.2785203
-0.06952043
1.4366897
-0.7764091
0.17479217
0.5089102
0.44768512
-0.3832934
1.0090966
0.42883807
-1.6108956
-1.4468192
-1.3998461
-0.42003858
-1.4122146
-1.8654208
-1.8373348
-0.91400576
-0.06320061
-1.9014872
-1.7008898
0.8113231
-0.83394414
-0.76035655
-0.5836983
0.5199099
-0.7376699
-1.1885087
-1.5116936
0.020411303
-1.5742681
0.7271492
-1.3739533
0.4891671
0.4243555
-1.670255
0.7197223
-0.82497877
-0.8057789
0.7118199
1.1654477
-1.0496851
-0.10376265
-0.69961345
1.6579595
-0.5166062
-0.33252513
-1.872791
1.2656367
-0.75734943
-0.009011623
-0.37678033
-0.16020793
0.7497354
1.4767317
-1.0096061
-1.7970648
0.2781755
-0.92903304
-2.0443656
-0.36144048
0.96899617
-0.9968381
1.0026984
-1.0577163
1.7426972
-0.27041337
0.64089346
-0.021058755
-1.4103806
0.4886853
-0.19962382
0.8008266
-0.0011075584
-1.6085967
0.24898472
1.3333424
1.2180396
-0.58273244
-1.3553286
-1.1397831
1.2908009
0.61240774
-1.0801685
0.031622652
-1.7739393
-1.1890587
-1.7542816
0.38784796
-1.4751981
-1.2371553
-0.50020266
0.8650121
0.85740936
-2.331093
-0.17155352
-0.13248572
0.896986
-0.45990574
-0.025382088
0.78850776
1.0683525
0.8351253
1.3003889
-0.89924985
-0.2028055
-1.4042919
1.1416576
0.22790489
-1.3898668
-0.073583335
1.4969567
-1.19754
-1.4651903
-0.17985593
-0.0791121
-0.2723794
0.5396981
-1.6479368
0.80831945
-1.1502569
1.1225945
-0.90875286
1.5855861
-0.6771893
-0.5946869
-0.38268206
-0.18407376
-1.3464032
-0.6516682
0.7915952
-0.64518404
-1.142149
0.51682943
-1.7960451
-0.40595138
-1.2028496
-1.2059839
-0.6071906
1.9027163
-0.7051227
-0.045843963
-1.1327492
-1.813857
-0.86309063
-1.6873311
-0.3533636
-0.1878127
-1.2705724
-0.57076216
1.3719609
-0.35608765
1.4143393
0.87436944
-1.202058
-1.534061
-0.9439608
2.0381315
-1.7459679
0.13931164
-0.041211557
-0.1498655
1.6643972
-0.8643743
-1.1627209
-0.120767325
-0.033793066
-0.19194715
-0.6637754
-1.2926621
-1.1083698
-0.8606534
-0.397279
-1.4131335
-0.0031027447
-0.051775463
-1.4958208
-1.0178832
-1.5874892
-0.80692834
1.8871982
-1.0623772
-1.5441846
-1.558938
-1.5344247
1.8379406
0.48117813
-0.20342287
-1.3734777
-1.394343
-0.116633564
-1.0261431
0.061136454
1.8189987
1.7329507
0.057928197
-2.2440386
0.5083721
-0.29602456
-1.2188141
0.60421747
-0.23588678
-0.46870562
-0.4892189
0.8630568
0.017950777
2.0054123
-0.62141156
0.97740626
0.98970634
-1.6055281
1.1526083
-2.16601
-0.8407112
1.6945488
-0.90365076
-0.4113568
0.17923813
1.0186564
0.82404196
0.20949712
-0.11176921
1.2463728
-0.8562576
-1.9623643
0.5169718
-0.27631128
-0.76785004
0.04221393
-0.024416538
-1.1874683
-0.9390956
0.48376077
1.0979326
0.8915963
-1.2914217
-1.071901
1.1484017
-0.38812545
-0.90786237
-0.45496798
-1.3565761
0.90181017
-0.77177685
-1.6196153
0.30401307
1.4044689
-1.2720581
-1.3252033
-0.5830775
-0.48036152
1.9037635
0.2081895
0.06280736
0.25530404
-0.49605888
0.11833722
-0.7238413
-0.50443214
-0.1513645
-0.86426294
-1.5372127
-0.03868736
-0.49545863
1.4273988
-0.067848325
1.0566394
-1.0887983
-1.8626024
-0.7918893
-0.29980302
0.5183461
-1.5177515
1.170763
-0.97418123
0.10258095
0.15237059
1.4236826
-0.50582963
0.16683814
-0.13877267
1.2721988
-1.0884144
-0.739148
-1.9016986
-0.91071737
-0.42539826
-0.28516087
-0.2862103
0.63043505
-0.3425264
0.12865922
-0.6280775
-1.0170703
1.2311128
1.2196008
0.752986
-0.27682844
1.1343665
1.325008
-2.1428952
-1.4611057
-1.2431632
0.3305292
0.18678133
-0.95528424
-0.86492777
0.6622671
-0.34165674
1.4931917
0.87563604
0.38357943
-0.54952294
1.0001028
-0.057052873
0.35716394
-1.3595321
-0.5364473
0.12735118
-1.0239799
-0.17053598
-1.5487392
-1.573984
-0.5673503
-0.32295647
0.5170814
0.044758663
0.4023953
-1.0118382
0.29843035
-0.52702904
-0.98936975
-1.2093928
-0.8997811
-0.048550617
-1.4668661
1.2778109
1.3633512
-0.12790164
-0.34543994
0.32852837
-0.47158995
1.1691558
0.7146537
-0.5725554
0.4195816
-1.2955965
-0.5604611
-1.1485794
0.7230361
-0.3180274
1.5078634
1.0235356
1.2895825
0.40592754
-1.3984178
1.054251
-1.3993151
-1.0491722
0.2683711
-0.7196152
0.68432724
-0.46419442
1.4785032
0.45207697
-0.97766733
-0.76627994
0.007601218
0.2158093
-0.52826786
1.0152781
-1.7297623
0.05065512
-1.9189885
-0.93994784
0.55340433
0.34052858
0.26799732
0.28846273
-0.24372661
-1.4307183
-0.8391774
0.6084025
0.57016104
-1.3469099
0.8173394
1.7797724
-2.3110054
0.365054
0.098713875
1.4895111
-0.2076465
0.6702162
0.5808506
0.8848995
-0.24368596
-1.8963608
-0.5138378
-1.3962698
-0.78740686
-1.5834885
0.089156464
-0.0996668
0.6036221
-1.0199332
-0.70042163
-0.24753915
-1.6439289
0.8985886
-1.3496773
-0.2103036
1.3288058
-1.4028622
1.8799908
-1.1936693
-1.1385368
-0.22155248
1.5065948
0.36427322
1.8116965
0.58961475
-0.122757226
-0.9656811
-1.4582804
-1.4054612
0.6201112
-0.45537305
1.3490235
-0.0020354227
-1.4523667
0.53579414
-0.93007296
0.55515593
-0.22960696
-1.5863284
1.0228202
1.6841695
0.05140987
0.4407527
-0.60025
-0.57390773
-0.2533218
-1.3317897
-1.5365568
-0.7806082
0.9408063
-0.12782495
1.0263512
-0.25720686
1.8016088
0.5446888
-0.4140652
2.2726974
-1.3374541
0.5450668
-1.5811535
-1.0433372
1.3540034
1.7916307
-0.034132767
-1.5440553
-0.15079841
1.4159573
0.56157327
1.1563814
-0.44714093
-0.12819383
-1.6906261
-1.3793911
-1.0498542
0.38177696
0.34569004
-1.5615573
-0.84243643
-1.2207228
-1.4158795
0.6223714
-1.0370951
-0.540055
-0.6799238
-0.4460609
0.42243403
1.5796404
1.0929486
-1.292432
-1.9675926
1.6645439
-0.06886554
-1.290909
-0.44769457
1.2977859
-1.5311097
0.08597868
-0.119893886
0.3444619
0.12580866
0.8009889
0.21925399
-0.08062758
-0.026783334
-0.19157276
1.4263293
-0.23572382
-0.6016289
-1.3419756
-1.2754188
-0.069249436
1.3008696
0.11226657
1.1923184
0.66555005
1.3157526
-0.05640732
0.4119185
0.5987044
2.0383983
-1.0538154
-1.2258767
-1.2183659
-0.8338202
-0.31699145
-0.11843343
1.1466427
0.26804563
-0.7217319
-0.6207285
-0.11746758
0.7831323
-1.4051818
-0.91612875
-2.0687485
-1.4991237
-1.2579036
-0.077537216
-0.7784216
-0.80912375
1.3537893
-1.0310724
1.6658541
-0.7399271
-1.4870319
1.6724331
1.269888
-1.6085733
-1.782624
1.9023173
-0.53928417
-0.19220132
-1.2518313
1.2531278
0.8363254
-0.4811574
-1.5423901
-1.0828016
-0.67089117
0.501881
-0.2978748
0.58685464
-0.6855202
-1.0126672
-0.20648049
0.22693011
-0.36439115
0.28595734
-1.2436104
-0.7407547
0.19852684
-1.3623366
-0.7482629
-0.97398305
-0.17028742
0.43490317
0.4709603
-0.8265117
-1.0665427
-1.375808
-1.360166
0.38730475
0.51326585
-0.095633805
-1.3743205
-0.2886134
-0.8368821
-1.6558936
0.21285059
1.3090451
-1.6713469
-0.19993187
1.0787786
-1.1613065
-1.6116472
0.44211954
0.14584914
0.15145902
-1.1467716
-1.1515948
-0.14864777
-0.14936706
-0.19731674
0.81934196
-0.6374866
-1.5135813
-1.527624
1.6138425
-1.17263
-0.9468725
-0.81252354
-1.0183034
-0.013394302
0.8473175
-0.47813994
-0.5737855
1.1501366
-1.311663
0.66642714
-0.1681092
-0.6887379
-1.4582766
1.0200166
1.766328
0.12378543
-1.0256131
0.96794105
0.26942745
-1.7542424
0.25554332
1.2445897
0.09136663
-0.17697436
-0.62771225
-0.2503276
-0.5178294
-0.7119784
-0.31027916
-0.62501353
-0.6831629
1.005773
-1.3025494
0.5799951
-2.95043e-05
0.8939265
-0.7233321
-1.1066257
1.3153327
-0.6401485
-1.0473979
1.1068999
-0.25463453
1.0141712
0.3922148
-0.5247589
-0.72861016
-0.1309119
-0.5887634
0.26938367
-1.0355064
-0.3713171
0.19905396
0.06589899
-0.3307311
-0.31190658
1.3104949
-0.6786454
-0.98578453
-0.1813684
-0.92221
-1.6544559
-0.523678
1.1880977
-0.38716084
-0.10650134
0.5419931
0.5920328
-0.6923958
-0.3499025
0.33076537
-0.53680557
0.20983563
-0.6542182
-1.7242988
0.109974526
-0.38182148
-0.7145528
-0.47949675
1.6601114
1.5286942
0.82708526
-1.76301
-1.8108181
0.32232788
2.1710749
1.0038735
0.34070998
-0.623167
-1.0395291
-2.0994241
-0.48840332
-1.2993656
0.19572416
1.1995317
-0.22270174
-0.34439054
-1.183523
0.44637862
-0.10405005
1.3891282
0.682318
0.9434027
-0.6296562
-2.5662956
2.02443
0.28191686
1.3863407
-0.2669606
0.41479406
-0.7638268
-0.9112963
-0.7105228
-1.5100011
0.9976518
-1.4916543
0.16818099
2.3290913
-1.6050867
-0.30980024
0.78519726
0.47974554
-0.59938014
0.39186537
-1.7795789
0.20907776
1.2542562
2.146588
-0.93143857
-1.5810478
2.3581057
-1.62901
1.7240663
-1.0349858
-1.6969833
-1.5604435
0.06947753
0.07823067
0.038152203
-0.5986659
1.9261324
1.4036866
-0.41461042
-0.0015278825
-1.3506601
0.8073246
-1.6589192
-0.14534591
-0.22630005
1.1815648
-0.4677977
-0.91607004
1.0921912
0.1383267
-1.6269679
-1.7880328
-0.6764332
-0.6400195
1.6983688
-1.9831474
-0.053181805
0.039845888
1.8003055
0.89079154
-1.0024114
-0.602192
1.5895818
-0.998109
1.139545
1.1342793
-1.0870311
-0.81200784
1.2136701
-1.0845606
-1.1576886
-0.7777137
-0.33385172
-1.3332024
-1.7783012
-0.021963181
-0.23277292
-0.44311622
-0.20464274
0.36017108
0.48453355
2.2265427
0.32849833
0.4645116
0.27377924
0.99683154
-0.19444285
1.2484301
-0.8553464
0.8615489
-1.0958164
-0.59428746
-1.8079145
0.35924247
-0.68299836
-0.029196836
-0.070524596
-1.3746656
-1.3452377
0.72003996
-1.5672174
1.5922366
0.598814
-1.8864429
-1.6647466
1.8780404
1.1796119
1.0920186
0.40857497
0.66858
-1.5332006
-1.9295995
-1.633501
-0.87136436
-1.4651781
-0.18542609
-0.054557245
1.3874826
-1.0841007
0.9675767
-0.57463473
1.2201073
-0.49285468
1.5433308
-1.6869388
-0.85715246
-1.8781718
-1.7048178
-1.6950834
0.14268945
-0.6773265
-1.3671526
-2.155304
-0.12430191
1.5710806
-0.70828193
0.866901
0.3356855
0.90098804
1.5353966
-1.6444899
0.29518804
-0.8290666
0.33766943
-1.1310531
-1.7015456
-1.4503996
0.31087193
0.45174217
-1.3690696
-0.40034872
-1.6070638
-0.088634975
-1.2130514
-0.8207786
-0.96506023
0.016153729
-0.6194967
-1.970097
1.5276524
-1.4561828
0.24751721
-1.7707167
0.88372695
2.0600073
0.35429752
-0.114957914
-1.2445649
0.99054396
-0.6188865
-0.5545816
1.4314785
0.07237605
-0.6546711
0.73902184
0.2757182
0.7811141
-0.021009289
-1.6294563
-1.1480985
-0.7689975
1.8340939
0.43409598
-1.2275138
-1.2016984
0.019037796
0.8797877
0.22766128
-0.46266046
0.529942
-1.85385
0.8404795
-0.18808185
-1.6043383
-0.81717026
0.5193181
0.7398692
0.63800627
-1.5200632
0.37770772
-0.7094165
1.3589271
-1.8467814
1.4014039
-1.3953086
-0.61192167
-0.3852195
-1.1128608
0.7101383
0.96466047
1.0479585
0.8779565
-1.0702499
0.58363825
1.097599
-1.7248954
1.3007299
1.3669951
1.3640836
1.5824167
-1.464403
2.1132295
1.5478098
-0.43326885
-1.6094781
-0.16770385
-0.0025749179
0.41718176
-1.3322296
1.1033933
1.3919177
0.0432096
1.6236613
-0.12383579
0.65910804
-0.98528993
1.6156437
-0.9245453
-2.0316894
-1.374017
-0.23700838
-0.42885238
-1.9959501
-0.18005614
1.6362327
0.5753651
-0.83380854
-0.061332405
0.5026965
-1.9298904
-0.6846427
-0.7472014
-1.068565
0.7731254
0.7405596
0.63804865
-0.09563991
0.2322953
1.6116645
0.25618467
-0.5601941
-0.3538285
1.3130726
0.8597088
0.14640339
-1.2531289
0.6706651
0.8725331
-1.2612966
0.17915364
-1.8938205
-0.7516031
-1.7393715
-1.3362855
1.7406988
-0.41612816
-0.45699808
-0.10706288
-0.19948603
-0.73692924
0.35455972
-0.2315568
-1.8989758
0.42870787
1.3825237
-1.0560267
-0.68818355
-1.408013
1.3106514
-0.40809268
-0.6273267
-1.9505187
-0.79258674
1.588306
1.5171796
1.2091476
-1.432111
-0.9332998
-1.1636337
0.7327572
0.33167446
1.5099792
-1.7310781
-1.6822459
-0.9622786
-0.18865757
-0.65198004
0.9003774
1.6697524
0.18015593
-0.32163513
-1.0622021
-0.4217201
0.71778905
-1.2991034
-0.15556331
-1.6437664
1.3764532
0.00459352
-1.8720176
0.003024216
0.30882633
-0.09495469
0.7825907
-0.6169583
-0.27668154
0.50611556
-0.9985592
-0.06258637
0.91091776
-0.6767885
0.76063234
0.20175332
-1.426268
-1.2057093
1.3789752
-1.4659537
-1.4708976
0.2690579
0.07392472
0.06053953
-1.2111129
0.10002205
1.3695203
-0.1475118
1.6893293
0.5331243
-1.4369121
1.9853369
0.09396113
0.86466366
0.45530954
0.4689606
-1.4242712
-0.90037733
-0.96637905
-1.4385872
-1.199718
-0.18366417
-0.21256758
-1.2008722
-1.5909864
-1.0311518
0.49147218
0.73511076
-0.58382213
-1.4918126
0.7136648
0.26614892
0.19016212
-1.7211618
-1.4503516
-0.19367005
-0.620223
-1.6489823
0.5614938
-0.70637506
-0.6950195
1.392104
1.4105475
1.0233302
0.42909387
-1.885943
0.95110804
-1.1049808
-1.4431564
-0.57832915
-0.20069803
-0.6299821
-0.80673015
-1.1511927
1.2108486
-0.17173849
-1.3321571
1.1359637
0.11878285
-1.7920063
-0.49045932
-0.48888803
-1.4839807
-1.2166971
-0.4001916
0.90326
-1.4424243
2.3799365
-0.43116972
-0.5254129
-1.2650371
-0.96033883
-1.1130973
-1.2627616
-1.7163213
0.27432388
-0.046652302
0.8682958
0.078974724
-0.5608813
1.5361458
-0.77466166
1.8858511
-0.5679428
-0.44313723
-1.6516814
1.839772
-0.109484546
-0.407294
1.6237378
-0.7344626
-1.7131876
1.0529468
-2.2019925
-0.120697826
0.22957039
-1.3531516
-0.066208795
1.4674678
0.50739825
-0.66253966
-0.60653436
-0.5049287
-0.79070395
-0.37493664
-1.5425371
-0.06608608
-1.0707879
-0.5284691
-1.8353761
1.2572528
-0.57484066
-1.0200518
0.9198787
-1.3113155
-1.7238936
0.103010654
-0.28601658
0.58613163
0.7188365
1.395807
0.34116727
-0.8633738
1.3565882
-1.7303215
1.9216535
1.5833378
1.7393643
0.16157275
-1.4158865
1.0825182
-0.7505866
1.830755
-2.0025911
-0.90937865
-1.5057427
-1.3538905
-0.07726012
0.037897553
0.64132833
1.0854802
0.15582591
1.7958446
-0.37936768
0.1505366
1.3562461
-1.5343736
-0.8196533
-0.10475163
-0.3628146
0.99393725
-0.2886536
1.138386
-0.24885082
-1.034337
-0.64178944
-1.3497026
-0.43754485
0.20086624
-0.8705727
0.001756697
-0.98722965
-0.32136753
-1.2723284
-1.5086062
-0.9670234
1.6963445
-1.1697361
-0.21469559
-0.5591132
-0.67497104
-0.39608902
-1.2673421
0.38852587
-1.3187544
-0.3013926
-1.0121548
-0.43573442
-1.4012294
-1.9266427
1.2697794
-0.79608977
-0.92148393
-0.77920085
-1.5023261
-0.42190504
-1.5212077
-1.6387717
0.80920637
0.5376076
-0.26673466
-0.4210445
0.71691674
-0.93331873
-1.6588566
-1.3377575
0.42270026
1.2144933
0.48539925
0.30755913
-0.9884436
-1.4221823
1.3848379
-0.5865876
-1.3628052
-0.40348125
-0.702629
-0.47125217
-1.2499111
0.57037705
1.4561522
-1.7545961
1.6972803
1.7693872
0.06327271
-1.3302821
1.6822385
0.09691842
-0.9071964
1.233602
-1.9641216
0.028648145
-1.3270977
-1.0713861
0.10336963
1.6027778
-0.033982135
-0.15446551
-0.84323376
-1.2776341
-1.6650027
1.0360769
-1.3166513
-0.41400796
0.019727709
0.10479062
-0.35592896
-1.0137529
-0.797187
0.64947027
1.452141
-1.7506676
-0.17601375
-0.5026977
-1.1919816
-0.5405252
-0.11723068
1.3930316
-0.11703907
-1.4890609
1.386275
-0.29974276
-0.06614083
0.9549285
-1.2981966
1.135717
0.4167436
-0.17652775
-0.9852551
-1.3080982
0.6107087
1.4769049
-1.7874749
-1.0759066
-0.824701
0.19757223
-1.1107386
-1.4072115
1.3335556
1.3591875
0.7017997
-1.4026976
-1.2815772
-0.645868
0.70304346
-0.6400115
0.66863555
1.4154619
0.74560875
-1.0013709
-1.4177457
1.6583759
-1.3496931
0.17574285
0.30581424
0.18199095
-0.1862449
-0.95179546
-0.770022
-0.556668
1.0786067
1.071759
-0.84910804
-0.3730585
1.838747
-1.539696
0.5392481
-1.3772846
-0.0618376
-0.82377577
-1.0718962
0.23449324
-1.1125727
-0.021068214
-1.7508118
0.07955282
1.1049763
-0.45352313
-1.2397207
0.54054624
1.0379996
0.22235776
-0.35768443
-1.2315645
1.0699466
0.21087442
-1.077037
1.3447123
1.8154666
0.988891
0.50584507
-1.041745
1.7337844
0.2902758
0.62775475
-0.035108075
-0.7891844
0.17476758
-0.62876046
-1.4346013
-1.9754562
-0.9784379
-1.0394204
0.8352829
-0.15321288
-1.2133563
-0.85876614
0.66248924
1.1093163
0.86653507
-0.7284391
0.09632354
0.66354764
0.9026663
1.0419465
-1.7017164
-0.0045076157
-0.7434232
-0.1361007
0.6234642
-0.028640028
-1.2482569
0.85417044
-1.1445682
-0.60374063
1.4820157
-0.71070033
-1.3694775
0.18617573
-0.21163756
-1.3940295
-0.76933515
1.2258346
1.8301957
0.67440575
1.0044038
-1.8677638
-0.94300735
-0.22392735
-1.6204524
-0.15641949
-0.51585746
0.6662017
-2.0063076
0.8640927
-1.7704252
-0.8197059
0.71663296
-1.072109
-0.62423384
-1.6409564
1.1139156
-0.23648974
-1.8524437
0.5094992
-0.7699178
-0.44754583
1.1737177
0.27236286
-0.15746307
-1.2394418
-0.10796329
-1.440979
-0.29328474
0.025159946
-1.2956933
-0.8567784
0.5208821
1.9677782
0.5079807
-1.7927758
1.5251358
-0.18513191
0.33209705
-1.1652205
1.1400234
-1.7929665
-0.5721046
0.77980983
1.9454027
-1.3147484
-0.68176925
-0.07195283
0.80711627
0.30615377
-1.6877935
1.7936479
1.1694449
-0.39370224
-1.0343236
-0.19336459
0.110792235
0.9183003
-1.5240854
1.3661739
0.124313764
-0.89833117
-1.1812186
-0.9197793
-0.9853423
0.6226332
-0.8052134
0.42052612
0.4763497
1.5436476
-0.33624014
-1.2047141
-0.32012966
1.4795909
1.5201728
-0.27416664
-0.8067428
-0.68765724
-0.1279739
-1.560353
-1.595664
0.027838835
-1.2432122
-0.061191093
-0.71608615
-0.30748963
0.97793734
-0.13744992
1.1902198
-1.4131142
-1.3401685
-1.4428018
-0.2994915
2.2593122
1.2757035
0.66668046
0.60245794
1.4459462
0.34512886
0.6814964
-1.030523
0.20687279
1.1406121
-0.6113676
-1.7092544
-1.8026855
-0.8137557
-0.8985108
-1.3999535
-2.0186105
0.9117106
1.4204876
-1.7274034
-0.838253
-1.377442
-1.1830821
1.2486911
-0.032942016
-0.7475053
-1.4857603
0.86554414
0.21659534
0.03577755
-0.2592125
0.38873717
0.18142742
0.6453263
-1.6711748
0.0933523
1.7954614
-1.2566572
0.62416935
-2.397096
-1.8576506
0.39313272
-0.025197908
0.95587826
0.7750666
-0.19947621
1.5288198
-2.181465
-1.6174085
0.4972825
-0.17603497
-0.7955579
1.0513254
-1.1520423
-1.5266415
-2.1084132
1.2541516
0.9991689
-0.099720605
-0.1982585
-0.45801604
-0.5450189
-0.6002894
0.83568
-1.6640279
0.13818613
0.47682506
0.8486029
-0.27233106
-0.5421637
1.0519783
-1.0944071
-0.50972563
-0.8768101
0.2980992
0.8330865
-0.96674955
0.20108616
-0.5980406
0.08217936
-0.8664162
0.6793821
-1.3865534
-0.09209819
1.2616844
0.45798355
0.12087686
1.0281963
-1.396341
0.42645693
1.9537833
1.423304
-1.589696
-1.7822969
-1.2559305
-0.96894145
-1.5679429
1.0831053
-0.95341706
-0.973374
0.0842685
2.0936472
-0.6023127
-1.0883868
-1.1494979
-1.5512902
-1.0166304
1.7232285
-1.4801649
-0.068283774
-0.59003407
0.24200815
-1.4407684
-0.23454712
-1.5335944
0.46999225
-0.64108765
0.18125089
-0.3980136
-0.3630162
-0.95277476
1.0999796
-0.4564095
1.4414582
-0.3281824
-1.2113526
-0.804953
0.4186628
-0.18474495
-1.3698783
1.2976283
0.2618398
-0.67248803
0.052048754
-0.8836343
0.9039181
-0.27324852
-0.3430357
-0.7911032
1.5053389
-1.0963919
-0.26045582
1.4073213
-1.5498192
0.29083258
1.1931952
-0.3044404
-0.72632396
-0.9526396
1.8217841
-0.75889033
-1.7803069
-0.7539382
1.9004962
0.9574403
-0.80895925
-1.1995447
1.0546615
-0.115186036
0.43857238
-1.3887937
1.5395219
1.3587716
1.5339477
-0.89554864
0.63522726
1.2694329
1.604739
-1.1808664
-0.93912137
0.748799
-0.68148834
1.4073772
-1.5594668
-0.63797
-0.1967742
-1.6403391
-0.83430445
-0.50611454
0.11331723
-1.5888104
-1.4195268
-0.049610797
-0.6875225
-1.8557894
-1.1760403
-1.1837025
-0.042075537
-0.10967729
-0.69621515
0.43475685
-1.4213812
0.9642991
0.093692586
1.4001781
2.3340735
-1.427069
0.59892225
-1.0134511
-1.4773366
-0.24912263
-0.813125
-1.2842708
0.39758864
-0.24700668
-1.5913395
0.07104457
0.3789416
1.0648942
1.4377301
-2.0396745
0.40710378
-1.8512269
0.25092953
-1.122447
0.40705723
-0.20780241
-1.8704368
-0.594766
-1.7686406
-1.3146765
-1.2279148
-1.500341
0.77223307
-1.7229987
-0.8907442
0.89977384
2.1461864
-1.0666105
-1.5347444
-0.82219374
-0.612324
-0.8387176
-1.6061493
-0.23429851
-1.3288995
0.10021242
-1.0076593
-0.8516011
0.18456736
0.08736739
-0.0977392
0.26958668
-0.40945134
-1.8768833
-0.75322497
0.4772102
-0.36032638
2.3241668
-0.079788536
1.5626353
0.15908694
-1.3239737
0.17116542
1.9115866
-0.004806321
1.5074304
-1.0342021
-1.1815256
1.316445
1.3992226
1.4956942
-0.18581487
-0.03872358
1.5129887
1.9371648
-0.74196595
0.93053794
0.4468769
-0.94636416
-2.2293499
-1.2720091
-0.041619208
-1.2840339
-1.0364674
-0.29615533
1.574307
1.7766458
-0.8411944
-1.5970693
-1.109564
-0.14974552
-0.5388908
-1.8303871
-1.9154222
-0.29380715
0.7278844
0.08311418
-1.9640905
-1.345412
0.69781035
1.338924
0.81672126
-0.13254961
-1.6982485
-0.7013646
0.59772295
-1.4906195
-0.8976888
-1.3510076
1.6169561
0.9916004
1.4216166
1.5224733
0.99930346
0.2999361
-0.52538335
-0.44602364
-0.16520558
0.12612231
0.04317216
0.36976603
-1.944727
1.0216525
0.31078658
0.5521183
1.1483288
1.3039286
-0.36283812
-1.0295801
-0.049213998
-0.9420692
-1.6362072
-0.25051036
-0.57931983
-1.2156916
-0.85486066
-1.3404208
-0.6924275
0.7724792
-1.530652
-0.2214874
-1.0845647
-1.4309002
-1.2900878
0.2995785
-0.8692624
-1.6792796
-0.52586627
-0.90645695
-1.300343
-1.165221
0.9486748
0.48090732
-0.21301368
0.77343076
-1.5463916
-0.25774395
2.6449974
-0.21132085
0.348751
0.38032416
-1.7154756
-1.5595393
0.8856425
-0.18403952
-1.7008765
1.1262705
-0.38943315
-1.7161554
-0.54873705
0.70964414
-1.0635792
2.0182037
0.8206655
0.38374007
0.05294966
1.3768071
1.6899984
-1.3918008
0.6606325
-1.9529662
-1.6539999
-0.3391346
0.90827835
-0.44261009
0.5131446
-0.32712334
0.05557897
-0.8050343
0.18467307
-1.9678715
-1.302394
-0.7506781
-0.52256453
-1.7482115
-1.5083696
0.1209528
-0.11509273
-1.0300052
0.66439766
0.005261468
1.6098009
0.7322702
0.8543935
-0.04147237
-0.67158073
1.5560818
-0.081497364
1.3646976
-0.27921072
0.42728648
-0.89839303
-1.18287
-0.832912
-0.49081653
0.07894884
-0.5082194
-1.3247659
1.4054027
-1.8032186
-0.090220705
-1.5355408
-0.4981095
-1.2889249
0.8241094
0.9566153
0.22342382
-0.5867065
0.050802007
0.38157046
0.2210555
1.8042823
1.3174502
-0.6384055
-0.15412521
0.67075485
-1.701952
1.4891877
-1.4920278
-1.4920324
0.42608136
0.15821652
-1.5270672
-1.4140884
0.37065294
-1.5012411
1.9639024
-0.9535202
0.06432146
-1.4651287
-2.018264
-1.5967852
0.8300718
1.4172914
-0.058819465
-1.5124936
0.7426097
1.2743527
0.32844907
-1.4390115
-1.0366105
-1.3411137
-0.66232234
1.8299524
0.17041427
-1.1248896
1.7839668
0.74562305
0.23953344
-2.0040724
-0.064999536
0.9761884
-1.6504683
-1.3327634
-1.7752705
0.31858245
-0.088078074
-1.3364978
-0.290012
-0.05370987
-0.8039573
-0.6815388
0.1382882
0.3636796
0.019380936
-0.14407618
-0.46128684
0.5672052
-0.29893494
-1.6082455
0.65576905
-0.70302725
0.078685455
-1.1391946
1.2420586
-1.0213141
0.033985034
-1.684133
0.018404659
-0.1781118
-0.2013234
0.73562485
1.1407021
1.2310821
-1.3036059
0.16477126
-1.7490526
-0.084694035
0.9219572
-1.2005786
-0.042063378
-1.4189695
1.1009339
1.017683
1.8852663
-0.93509847
0.38488254
-0.17954391
0.7558176
-0.07416681
-1.5548484
1.3492556
1.4428685
-1.1754588
0.22547838
-1.7243459
1.2775736
0.26252306
-0.7259064
0.17776676
-1.0320599
1.2997699
-0.18872379
1.803577
1.1578894
0.40004665
-0.12753737
1.3176411
-1.8631483
0.35578388
-1.1995044
1.5487055
0.5880325
-1.1137066
-1.2866265
-0.2663372
2.1124318
-0.616644
0.13845494
-1.0515908
0.46450844
-0.71579367
2.2050703
-0.5094497
-0.9207413
-0.123080574
-0.65479904
-1.5906574
-1.2202189
0.28897247
-1.5676777
-0.7510858
-0.53336686
1.4605968
-0.27055824
0.1685022
-0.9795842
0.60649455
-0.8908749
-0.011458303
-0.45189488
0.298576
0.8247037
-0.1647522
1.9718524
-1.0085331
-1.2655879
0.32963842
-0.804864
1.0820056
0.06539222
-1.0894737
-0.19732523
-0.889794
-0.75811136
-1.0385062
-0.91630316
-0.15496312
0.90897495
-1.8609986
-0.16977827
-0.51411706
-1.3995593
-0.012821346
-0.78067935
-0.5584842
0.5592538
0.3864102
-0.9320003
1.362608
-0.0020545148
0.785175
-0.012132451
-0.94095737
1.5392895
-1.8377867
0.7049488
0.70560133
-0.57155055
-0.8420009
-1.639687
0.119264916
-0.6280931
1.8564417
0.1278154
-0.70799387
1.1990339
-2.2601206
-1.7707916
2.186099
-0.15096313
-0.9264855
0.7042106
-2.3811464
-1.6507026
-1.0447757
-0.13387758
-0.21062924
-0.79636854
0.6543001
-1.9491696
-2.0143101
-2.062604
-0.4189921
0.7153511
-1.1211451
-0.7073843
1.2432159
0.39356056
0.5932971
-1.0644041
-0.45397717
1.2400655
0.17465894
-1.4028157
-0.3649707
-0.42459956
-0.38192132
1.2946931
-0.14271532
-0.29276535
-1.3103932
0.1695552
-0.8511779
-0.051376645
-1.0167189
-0.34307885
-1.1974065
0.8224602
1.3679914
-1.7011118
0.17302825
-0.9775096
0.9501045
-1.2490263
0.826548
-1.4461637
-0.8419728
1.1546773
-1.4895288
0.33796346
2.0277452
-1.1891465
1.273632
-0.5812196
1.0642656
0.71234906
-1.836544
0.23747703
0.2532304
-1.2822721
-1.2323282
-1.5254298
2.0126784
-0.6079212
-0.959099
0.60637456
0.9988438
-0.078487836
-1.5689975
-1.8974026
-1.4715208
1.7387141
-0.76936185
-1.8666544
-1.5951948
-0.6216023
-1.4711925
0.9500862
-0.9962677
0.21560036
1.1615937
0.50835395
-1.2040136
0.14039212
1.3672364
0.91504765
-0.20262788
0.44094396
1.6284621
0.5506561
0.69198585
0.15422249
0.9266376
1.0416663
-1.326839
-1.8578519
-0.02210125
-1.1982397
-0.30336902
-0.70395494
-0.3908675
2.0845113
0.7445231
-1.6459688
0.28755975
0.22198959
-0.5147299
-0.91520184
0.36718383
-1.8177409
-0.24196535
-0.730234
1.1365501
-1.6957657
0.38173455
-1.7846098
-1.1777711
-1.4988977
-0.37068447
-0.08380463
0.5484719
-0.9280971
-0.74303275
-1.0036764
-0.99246347
-0.16120352
0.8266115
-0.14740779
0.8466265
-1.4798739
-1.179078
0.39428824
0.6424064
1.0292467
-0.63189495
-1.4785477
-1.2939427
0.764891
0.6976339
1.586821
1.2209008
-1.5473293
-1.265977
-1.6466881
0.62298834
-1.6897957
1.140924
0.46209145
-1.1432712
-2.1084769
0.33136225
0.7705531
-0.21357957
0.8833163
-0.8168946
-0.03877032
-1.8191686
0.29716402
-1.4094892
0.33169118
-1.3303708
0.9039564
1.3913429
1.0817386
0.90977526
-0.93254775
-2.0839806
-1.2914708
-0.46462804
-1.2086493
-0.7822264
0.25686863
-1.4927976
0.4469224
1.0505526
-0.55186987
1.025637
0.37206647
0.12592325
-0.4726833
-0.21686834
0.37049574
0.3561673
0.84168303
-0.689637
-0.03713858
-0.33266273
-1.3462552
-0.9891609
-1.4063823
-0.47060648
0.74798155
-1.211729
0.12745434
0.3041227
-1.4915624
-2.0714524
-0.33352774
0.08640287
-1.5538838
-1.6263195
-0.78249836
-0.8104175
0.3252349
-0.9469434
-0.42098373
1.3785552
0.040780056
-0.8171569
0.8302541
-0.43755725
1.6244652
-1.5490234
1.5973005
-1.1986185
-0.8283955
0.5750346
0.93469834
1.2744977
0.92526555
1.336422
-1.8773526
-0.028365117
1.3963158
-1.0782337
-0.65500414
-0.24862091
-0.22807759
-1.3307067
1.1354634
-1.0186319
0.80640024
0.42555374
-0.0073064812
0.36808252
-1.6120434
1.7686899
1.1645546
-1.421596
1.9253532
-1.296591
0.5013176
1.5369855
1.176925
-0.88742286
0.06361329
-0.46038193
-0.05052269
-0.6875532
0.44153744
-0.7265996
1.2763673
1.3135154
-0.4607408
1.3040363
-1.0797848
-0.22316587
-0.46842042
0.7050175
-1.6246414
-0.4768974
0.12952103
1.10971
-0.011969088
0.19224668
0.8371203
-1.4961365
-1.1744168
-0.54040307
1.4293191
-0.8080603
1.0285698
-0.70820177
-0.791168
0.68413323
-0.14886537
-1.1336589
-0.695485
0.3245202
0.102061525
1.6099104
0.8185485
-0.48143202
1.2302622
-0.16210021
1.9805949
0.07398595
-1.3968163
0.053214185
-0.2977213
-0.09591214
-1.5242014
-0.9234002
0.6404055
0.82493573
1.3180597
0.87202966
0.4446885
-1.185858
0.46467036
0.73744565
1.5776536
0.8818836
0.033135876
0.22719993
0.47535175
1.3953539
-0.3517636
0.3971273
-0.4689765
0.013026822
-1.377918
0.98731124
-1.4328554
-1.4700439
-1.4603634
0.7260848
0.80435574
-1.7078621
-0.1554366
-1.303903
0.90126526
-0.8013508
-1.8782248
-1.0197607
0.049129013
0.16337012
0.010513283
0.75724876
2.091592
0.0074253143
0.33510315
-0.23693617
-0.8114605
-0.79808795
0.43109307
-1.123621
1.4635592
1.6804975
-1.280534
-1.4609308
-0.29866734
-0.2434932
0.046849985
-2.0637374
-0.70721024
1.9020909
1.6541796
0.7998449
-0.8141823
1.2719992
0.47374958
-0.6148505
1.4903553
0.8139209
1.845642
-0.7054616
-1.4417694
0.17094341
-1.2750614
0.8053845
-0.7461409
-0.627459
0.81988966
1.3406054
0.18674287
-1.5278246
-1.5309689
0.6688629
-1.2988464
-0.9222776
-1.1474239
-0.6470692
-1.6211146
-0.5093209
-0.18552688
-0.69310224
0.1729182
-0.7223145
-0.053526558
-0.27994227
-0.052357763
1.1109824
1.0046644
0.7962389
-0.16566683
-0.9113772
2.103068
-0.9737495
-0.5963286
-0.80555356
-0.20984043
0.8243376
-1.047656
-0.385594
-0.5755362
-0.25931284
-1.2686418
0.9657616
-0.73330075
-0.50706196
0.38078138
0.079670064
1.0734795
-0.95174986
1.8728979
-0.6813944
-1.291726
-1.2125766
-0.88666534
-0.06416001
1.9804902
1.1463318
1.407746
0.5545283
-0.8896177
0.34176463
1.7563965
0.22439437
0.023737868
-1.7327262
0.3636207
0.08091364
-0.03793123
1.0728756
-0.28424042
-1.0635064
0.14034107
-0.8932919
1.0381505
-0.0290293
-1.1331837
1.0619775
-0.7952734
-1.1532388
-0.18820773
0.63267165
-0.32525572
0.84780985
-1.3771267
2.101766
1.9746938
1.043137
-0.8649235
-0.35117388
1.5802383
-1.2225647
-0.1587492
0.8299227
-1.3336551
1.4674367
-1.472084
-1.6076704
1.2097701
-1.0050901
-1.2672491
-0.8846995
-2.0296316
0.31686452
1.7644823
0.35617992
-0.10759156
0.4150455
1.2321798
-1.6354039
-1.2828498
-1.2433419
-0.9194546
-1.4766316
-1.4621387
-0.36678162
-1.6869458
-1.1458812
-0.26354784
0.7020579
1.1105957
-0.079894766
-0.15054902
0.08627556
-0.54355085
1.4344913
0.15118478
1.5120229
0.08170041
0.5820314
-1.4826963
0.17155881
0.47290576
-1.9339254
-1.3765957
-0.5783555
1.0832137
0.99961394
0.18893436
0.21389577
0.17453289
-0.10261462
-0.6134719
-0.69778055
-0.15287864
-1.0426153
-0.9922647
-1.6252974
-0.17497137
-0.6556934
0.75109214
-0.9771042
-1.1259394
-1.7341774
-0.9869733
-0.113467455
-1.4754375
-1.6935022
0.6515746
0.46127516
-1.2024684
-1.6969138
-0.518546
-1.2389698
-0.9021657
-1.0602384
0.18733813
-0.5101315
0.3408385
-0.16647927
1.5248529
0.5367971
-1.2951419
0.69786745
-0.5607253
1.3202454
-0.42598537
0.10750719
-0.19746901
-0.6943633
-1.3403949
-0.39550582
-0.18697874
-0.53426164
0.3290455
-1.1183101
0.8642697
1.117878
-1.5656153
-1.0595682
-0.17654513
-0.24611947
-1.3368418
-0.82375
-1.4325608
0.7222807
-1.0598059
-0.9186343
-0.84035546
1.3683999
-1.0305582
0.5896965
1.8665388
0.10064083
0.9369682
1.406089
-0.28611922
-1.4421542
1.4092206
0.034495566
-1.2435912
1.0882154
-0.6011525
-1.8900844
-1.1352712
-1.2299894
-0.9071604
0.3844862
1.2254968
-1.0511892
0.9303369
-1.2226496
-0.022358574
0.7815895
-1.2500898
-0.071892865
-0.68894607
1.3539773
0.47769898
1.1849514
0.13233992
-1.4138173
-1.0289118
-1.4418051
-0.94807464
-1.5776482
1.613192
0.2983794
-0.22642462
-0.51420754
1.0077178
-1.2041335
0.4805373
-0.46525416
0.9399173
-1.3057001
0.5260493
-0.5785649
0.11468651
0.063260816
0.6142756
0.061644282
-1.2946746
-1.1436099
0.4198488
-1.4515439
-1.2035887
0.41401973
0.4872935
0.8001468
-0.38426706
-1.9763709
0.25821692
0.46984118
1.3030381
0.08377994
1.464106
-0.19454274
-0.23264104
0.0036311562
-0.065465145
-1.1257088
-1.2116442
0.94222915
-1.6129524
1.3919486
0.14605553
-0.2539227
0.74041784
-1.7829888
-1.4962047
0.5714569
-0.25267345
1.3021542
0.12953469
0.2560665
1.029327
0.097947344
2.0716038
1.4749568
0.1278571
-2.2207546
-1.5323856
1.7663012
-0.45237356
-0.6758876
-1.0690624
0.8428869
-1.0901222
-1.550915
0.8590826
-1.50227
-1.338203
0.27063656
-1.1363783
-0.60202175
1.2851878
1.4479579
0.62275225
-0.8921432
0.74641246
1.72516
1.8570104
0.5712774
-0.9648519
-0.37138048
-0.28100652
-0.2585386
-0.7820083
1.084095
-1.6067481
-1.2550354
-0.27064267
-2.0809145
-0.7826049
-0.19244193
-0.07104378
0.14132869
0.53617316
-0.04671598
-0.305315
1.3091253
1.580766
1.4537956
0.0948425
0.8224313
-0.24892199
1.0608462
0.6702124
-0.82907575
0.69240457
0.2917103
-1.823788
0.81333417
-0.012315156
-1.4244972
1.6242092
0.35000342
0.7437536
-0.022958437
-0.9768894
-1.8306259
-1.138094
1.4290582
0.6497409
-1.0192556
0.5768209
1.9421697
1.7756158
1.7130504
1.0592246
-1.3533018
-1.4295436
-0.652856
1.5080974
-1.3032011
-1.6317353
1.0577369
1.3547981
-0.8274349
-1.7319218
0.7831849
-1.709104
0.37723356
-1.0122559
-0.3666234
1.772739
-1.9091216
-0.848072
-0.6612706
-1.0775908
1.7047473
-1.3569541
-0.863498
1.3576015
-0.4568218
-1.1769744
-0.81086284
-0.45769858
1.1955026
1.3068832
-1.0028051
-0.032868307
1.4049807
1.0839511
0.19605328
-1.0862013
-0.39422482
1.4949827
-0.97609794
-1.3071008
-1.186867
0.16695449
0.010602311
0.16298193
-1.7737192
-2.173492
-1.5840937
-0.08643396
-1.3275932
-0.3441015
-0.73020023
1.2394526
1.26332
-0.43657848
1.5365497
0.0757064
1.256134
-0.516316
0.03558183
0.43329817
0.73894125
-1.4340827
-0.19747382
0.15314119
-1.8990016
-1.1797978
0.38711995
1.4218099
-1.4818066
-0.19599469
0.24191114
-1.8458256
-0.7582154
0.57146496
-1.7507665
0.22546439
-1.0968549
-0.9313108
-0.08232962
2.063116
-0.044545878
0.43603688
-0.45947617
-1.2420112
0.6438813
-0.16582547
-0.7263013
-1.4477252
-0.24859218
-0.93636537
-2.0550776
0.012982003
-1.1111524
0.94573385
-0.77309793
-0.58190536
-0.6329168
0.2593131
-0.25568697
-0.44203594
1.1549989
0.53287977
-0.28714392
-0.7024367
-0.2418185
1.3919837
-1.4171317
1.3779081
-0.09624702
-0.77404296
1.3935332
0.35474807
-1.3504176
-1.3764727
-0.87875104
-0.12511227
0.6926406
-0.22794811
-0.49524087
0.21248637
1.9124855
1.1687157
-1.5762519
-0.10905088
0.985772
-0.9823666
0.9518235
-0.83247864
-0.38289288
0.053106464
1.3092391
-1.9660357
-1.1271883
1.239282
-1.0362176
-0.54330313
-0.827938
0.40973875
-0.7739371
-0.9844152
0.40396908
1.3905985
0.4273404
1.4013091
-0.55698884
0.18323629
-1.0285035
0.029740786
-0.6317682
0.21360019
-0.68989867
-1.3858789
1.3678117
-1.6311187
0.8874091
-0.21511327
1.8166993
1.2639017
-1.9251792
0.37042508
-0.97640586
-0.26494434
0.426412
1.0355344
-0.14477156
1.4230628
1.0694811
-0.111172736
-1.0451326
0.21978036
1.0508976
-0.37219703
1.2938502
1.1188105
-0.9484773
-0.017314663
-1.335206
0.93641126
-0.9531024
-0.068629116
0.060261905
-1.9089112
0.036587257
1.7570014
-0.13991106
-0.89638317
0.5598624
-0.7667245
-0.0778869
-0.5269461
-0.17869996
-0.34330922
0.2820179
-1.2340446
-1.610317
0.70871943
-0.3476534
1.786351
0.9941502
-0.24662127
1.0176008
0.90846014
-0.08118989
-0.73748296
0.12259687
0.63480854
-1.3572516
-1.4345306
-0.6515127
-1.203474
0.74426347
-1.0595877
0.067221254
0.039095353
1.7093079
-0.009796597
-1.2351663
-0.48231208
-0.27314296
1.726591
-0.18470751
-1.5482272
0.037384026
-1.5923641
0.23599428
1.6726583
0.70091546
0.21162787
0.0854902
-1.3424443
0.3766197
-1.9573373
-1.3369085
-0.25891125
-1.4248935
0.023440463
-0.15198734
-0.98475933
-0.03608047
1.0570065
0.26914307
1.2213765
-0.633039
0.08326233
0.50872535
0.8631778
0.5958649
0.14490959
1.4520968
0.22119726
-1.0443734
-0.9075018
-0.17350347
-1.4373357
0.5432762
-1.7287863
-0.6750305
-1.1929488
0.8183167
0.81822985
-0.26791963
-0.2893927
-1.2549636
0.6508677
-0.3259313
-0.9156654
-1.3364738
-1.1437309
0.76150215
-1.2684509
-1.0419264
-1.19504
-0.692967
0.047742736
-0.83132493
-1.0467929
-1.2455167
1.2942034
0.6933017
-1.640352
-0.471947
1.8139322
-1.4597352
2.120533
-0.6213316
-0.67188793
0.9683745
-1.5707896
0.234074
-0.27280205
-1.4258547
-1.595493
1.644116
0.39336228
0.56749725
-0.8972344
0.68062776
0.22609553
-1.6764163
1.2760922
-0.015332426
-0.35557336
-0.78879637
1.0148029
0.16842821
0.63959146
-0.7510249
-0.06702749
0.22946267
0.29190263
-0.9532492
-1.3743345
0.4158938
1.6323434
-1.5671599
1.5300753
0.9295961
0.85489416
-0.71773124
-1.1441026
-0.6320148
0.59752786
-0.30517802
-0.53655106
-1.2240472
-0.12237698
-1.2488152
0.46360478
-1.5647329
2.265285
-1.5483842
-0.3521626
-0.9154142
-1.1795826
-1.1720164
-1.4174825
-0.5825865
0.8574716
-1.4833363
1.1334331
0.019014558
-1.0421299
1.3326054
0.5183832
1.4305362
-0.14829755
1.5996633
-0.3955475
-0.27688053
-1.423171
1.292992
1.3915173
-0.28193206
-0.4030468
2.0571482
-0.94924337
0.8526727
0.845215
-0.61433977
0.7280937
-1.2127894
-1.0288444
-1.8725916
-0.5175699
0.5964618
-1.3018243
-1.2835147
0.4782729
1.8612384
-1.8628753
-1.3963614
1.7948377
1.1095922
0.16661513
-1.9136833
1.736285
-0.009544973
-1.6236368
-0.77717566
-0.53905165
-0.54295826
1.1034659
0.034193855
0.95106894
-1.3433949
0.74756306
0.019689953
-1.2495142
-0.2852939
-1.7755796
1.6004987
0.032410804
-0.7489945
1.4966942
-0.26599318
0.7323432
0.2153973
0.6935511
-1.4387921
-0.3343717
-0.66869676
-0.27160004
1.5567241
0.3530745
0.26788926
-1.047981
0.76699376
1.3356204
-0.32361034
-0.64296556
0.12346255
-1.191961
0.84682745
-0.097865485
1.8775668
-0.117457666
-1.0122335
-1.6723782
0.02490246
-1.2427552
1.17102
-0.4374186
-0.78541696
1.1537548
-1.2198962
0.13384184
-1.3686755
-0.668857
-0.9903765
1.1877756
-0.22187504
1.4905301
1.3876133
0.8308789
-0.3657731
0.875806
1.320336
0.10250894
-0.35943633
0.29967654
-1.4133655
-1.3138279
1.7191159
-0.2729703
-0.966118
-0.58743227
-0.24708353
-0.40520778
-0.7968767
1.0143838
1.1157789
-1.2561765
0.0011427847
1.1120641
-0.46756244
-0.9425169
0.47214866
-1.0444901
0.118235305
1.1558293
-0.3515492
-0.86189204
-0.6800806
-1.8312839
-1.4516184
1.3982755
0.99863815
-0.34088048
-2.1111774
-1.7390829
-1.0737491
1.3697119
-0.9665135
-1.2854908
-0.45288938
0.32441562
-1.6270764
-2.1650138
-0.89531595
-0.470183
0.38527405
-0.08996531
-0.26730993
-0.4062934
-0.24250782
0.41107482
-0.8792853
-1.4104912
-0.13040787
-0.4184948
0.4201397
-0.53709006
-1.2801046
-0.37733328
-0.9504913
-0.5805903
1.4503901
1.9272891
-1.7368153
0.4268167
-1.0334872
0.34993073
0.44904232
-0.5831841
-0.05154607
-1.9755965
0.6786527
0.09388448
-1.4775679
-0.98180556
-0.19196257
-0.747697
1.167562
0.7889596
0.686368
0.86839914
-1.1070871
-1.1234653
1.032247
-0.5744935
-0.80243
-1.1297507
0.2637991
1.0194517
2.1955302
1.006507
-1.5164291
0.19600877
1.3101968
-0.9389711
-0.34115684
-0.81216955
1.6235415
-1.3744928
1.925424
-0.24318473
-0.48451298
-0.15514943
-1.970772
-0.47721708
-1.0262803
-1.0514352
-0.68930495
0.46961474
-0.9128738
-1.2346201
-1.524347
-0.009149118
-0.19761217
-0.44982234
0.08231955
0.4144657
-0.20742606
-0.21199445
1.8438978
0.30039275
0.51193225
-1.6848073
0.046228394
0.6652106
-0.43626797
-0.26114854
-0.2935478
0.24692585
0.61930835
0.798255
-0.036825746
0.30930498
-0.32016495
0.9124813
1.8119111
0.2725391
1.269394
-1.2548963
-0.5031001
-0.6377805
-0.1730733
-0.25182974
-1.1526704
-1.6981657
-1.6735824
1.3056937
0.59050596
-1.2662399
-0.1770768
-1.5935321
0.30961022
-0.5269323
-1.083679
-1.024159
1.0347152
-0.1883193
-0.44053462
1.0097358
1.725546
-0.58539915
0.35099208
0.9762089
-1.712729
-1.2623694
-1.9219475
2.406135
-0.21322857
0.08706058
1.5146374
-1.2682873
-0.33837694
-1.0421078
-0.5338663
-0.68142027
-0.28925097
-0.75006545
-0.14794797
1.0848944
0.24287641
1.8534226
0.86796725
-1.9104091
-1.3989162
-0.8158986
-1.3543631
0.77156585
-0.5956443
0.30115846
-1.0132546
-2.119269
-0.16339195
-1.5455084
-1.2484661
-0.45660233
-1.1415561
0.64884293
-0.04002776
1.7968907
1.0609062
-0.017254837
-1.7444899
-0.0867618
1.943949
-0.6629245
-0.7041346
-0.39233583
1.1654457
-1.2283885
-1.4803405
-0.55007213
1.431178
-1.8839164
-0.65339774
-0.9190431
-1.2664427
1.532583
0.0352107
-0.51942104
-0.25281036
-0.43674237
0.21026756
-1.4785391
-1.1824955
-0.3141388
-1.2333939
-0.95263505
-0.8344315
-1.2623663
0.38924125
-0.21620871
-1.7098923
0.7526067
-1.2897687
0.095294006
-0.71416026
0.7819215
1.4382207
0.39278156
-1.2355958
-1.2138369
-1.5348539
-0.5933381
1.4244097
1.4267604
0.23246853
-2.2170172
-1.1696162
-1.6833004
-0.34438077
-1.5223396
-1.6257097
-0.03847949
0.61241
-0.40555114
0.6350972
-1.2237773
-1.3536606
-0.72016716
1.6274216
-0.7322239
-0.37066224
-0.021693185
0.7214844
0.47872794
-0.87344325
1.1670526
1.5289644
-1.2908343
-1.9361503
-0.5527597
1.7139539
0.01711294
-0.8032486
0.11606291
-1.4164528
-0.46813184
0.2483434
0.5762094
-0.6021611
-0.17914028
-0.5365472
-1.8341926
0.2719018
1.9273069
0.07130114
1.0753661
0.37302068
-0.7357773
0.53404886
-0.83635294
-1.1036353
0.91236854
-1.024373
1.4570267
-1.7037044
1.0708522
0.95396733
0.82200855
-0.58671993
1.652987
-1.6105064
-1.1513679
1.3344321
1.0800413
0.5435948
-0.8765726
1.1880827
-0.15470383
-0.28368095
-0.394315
0.45101136
-1.9501374
-1.178732
-1.4564358
0.2959149
0.4824386
-1.8175373
-0.83074605
-2.2221985
-0.96837056
0.18799937
-1.1412947
-0.8921582
-0.3628017
-1.3484
-0.83087504
1.5408788
-1.5532418
1.2282836
-0.60713756
-0.8951458
-0.70976895
0.3682423
1.2212998
-1.4650062
-1.1958456
-0.8702726
1.2193094
-0.3736356
0.44260204
1.4984812
-0.079182334
-0.16379455
-1.0725086
-0.63077855
-1.2238574
-0.49962634
1.0635612
0.018055933
-0.6813576
-1.2801265
0.6234323
0.8920225
-1.166666
-0.91059643
2.3438084
-1.7076133
0.3087339
-1.3306047
-0.2691647
-0.3480398
0.046177905
0.66752243
-0.030738624
-0.34074572
-1.0251373
-0.19031522
-1.2392881
-1.9984425
1.2016555
1.0724387
-0.3960831
1.0544963
-2.149297
-1.6947606
-0.433036
-0.7238784
-1.9792173
-0.32718918
1.7985883
0.4971342
2.6355286
-1.0534308
-1.01335
-0.041555177
0.5759182
0.6404372
-2.0299854
1.0348294
-1.8608388
-0.28480658
0.54601955
1.6444685
-1.5060693
1.5701375
-0.13211705
0.78899443
0.09303263
-1.4497931
-0.64959
-1.5411623
0.40386268
1.6159972
-0.5489805
-0.8465413
1.4693904
-0.9185144
-1.0789934
-1.4956658
2.124337
-0.8263047
-1.0469011
0.61959463
0.0071763266
0.7090262
0.50509083
-0.37147012
-0.69078696
0.05486859
1.4902058
1.6902862
-1.4769753
-0.49540842
-0.62007105
1.0353668
0.3714359
-1.1400536
-1.6427413
-1.7517416
1.2429601
0.5639504
-0.3803391
-1.1685122
-1.7798594
-1.0829154
0.8739112
0.09565047
0.78521585
-0.3879078
-0.16361314
-1.8227329
0.51362735
-0.8137478
-1.3970361
-0.92606974
1.4370155
-0.36009756
-1.5343387
1.1462257
-0.0639636
-0.2516623
-1.3832954
-0.72601116
-0.5548419
0.8788231
0.05292171
-0.05982164
-0.14087524
0.5351501
-0.39422938
1.3516113
-0.23068333
-0.16883115
-1.1189687
-0.71534914
0.8077025
0.57672507
0.6006334
-0.400707
-1.8973958
0.26926124
-1.3628618
-0.94503033
-0.24924691
-0.8525567
-0.7241792
-1.9147148
-0.3762327
-0.7427177
-1.6681895
0.07501629
0.32785937
-1.1587638
-2.0002086
-1.6537573
0.9230031
1.2838926
0.24502812
-0.20446414
1.3964107
-0.9609347
-0.7039085
-0.31581402
-0.8031071
0.8478171
-0.8465663
-1.1607754
-1.3878995
-1.529611
-0.8062552
-0.44398603
1.2775145
0.56195587
-0.07341238
0.8044877
-0.072228245
-1.6329098
0.8916869
0.475659
-1.0206559
0.21703322
-0.36747468
1.5527977
0.6603418
-1.1405586
-1.5711864
-0.6482835
1.3938619
-1.6375846
-0.8264194
-1.585304
-0.9198613
1.9201027
1.2469338
-0.02565898
-0.07573291
-0.69751036
1.969396
-1.2258306
-0.00807347
-0.2241246
1.9181767
0.73570406
-1.3457345
-1.5239153
1.8351767
-0.30424312
-0.7354299
0.35409006
-1.703476
0.002102556
-0.9955617
-0.21387309
-0.61075515
-1.1206564
0.5261344
-1.0908575
-1.088624
-1.0041194
-0.91737187
1.23333
-1.9995692
-0.7278577
1.435325
0.44722733
0.34203812
1.1541431
1.3713057
0.6029595
1.7922391
0.42787382
1.269134
0.39065543
-0.9460421
-0.46245217
-1.9637165
1.6473476
-0.02956558
-0.7180609
0.46361363
0.4724646
-1.0056796
0.5612096
-0.03921973
-0.37203014
1.1348932
-1.0160784
-1.7786064
1.7902343
-0.8090799
0.3826763
0.8836746
-1.2978823
-0.63803804
0.7895496
-0.49801254
-1.3391346
-1.1340925
1.2872916
-1.9937103
-0.12257305
0.3370561
0.29675615
-1.2092147
1.943696
-0.65009767
2.0250704
1.7314343
-0.14232187
1.914661
-0.15955622
0.23490198
2.0113578
-0.4297163
-1.7600181
-0.11077372
0.04992761
1.3128786
-1.9701077
0.1346131
0.6677301
-0.16991687
0.6661928
0.5394256
-1.1004555
1.3044374
-0.321557
-1.337219
0.5567633
0.28533757
1.1062429
-0.83063436
-0.44652274
-0.20262125
-0.1832723
-0.6678038
1.3654745
-0.18310024
0.22076924
-1.5798476
-1.609121
-0.039835386
-1.2021166
-1.3630031
-0.6092069
-0.70358354
2.2154176
-0.29950887
-0.894804
-1.5338444
0.6569936
-1.2160037
-0.5421839
0.7795792
1.703479
-1.109494
2.4240944
-0.4038133
-0.13953428
-0.6191194
-0.9631147
0.24238852
-0.012436325
0.054740485
-2.0793555
-0.14715287
-1.0755761
0.3737385
1.5016826
-0.09698005
1.5393288
-0.9406114
-1.2010404
-0.023736067
-1.4800916
-1.5042629
1.9441091
0.15797737
0.6609079
0.51643544
1.0758958
-1.2568524
-1.209777
-0.14832538
0.46588093
-0.3667836
-0.24215649
0.4059866
-1.4475625
-1.2696112
1.7021292
0.96763444
-1.0867474
-0.8347087
1.4610554
-1.6863623
-1.0354952
0.67523754
0.8553586
0.48166364
-1.4570818
-0.67835104
-1.607689
-0.45928174
-0.3833809
0.012385849
0.058221273
-0.036541823
1.5229583
-1.6737614
-0.41030648
1.659889
0.12309773
-1.5196817
-0.7968201
-0.2947172
-0.9056155
-1.9113332
-0.62922746
-1.016617
-1.6621537
-0.25342405
0.6173495
2.0047383
1.1759824
-0.8013237
-0.54645765
0.14676228
0.97932196
-0.89828
-0.8607179
2.03504
-0.0060478677
-0.9470329
-1.6723856
1.1493045
0.17488308
-0.023512432
0.9479978
1.0405818
-0.41859856
-1.7387516
-0.11522446
0.24725416
-0.3017172
0.4469058
-0.9179764
-0.8784797
-0.22896665
-1.6038201
-0.49259117
-0.022514293
-1.4857974
0.37226525
-0.74705905
-0.2394899
1.1374867
-0.6917111
-0.8137314
-1.5835236
0.6370906
0.18107276
-1.6960459
0.7468935
-2.0143473
-1.5398113
-1.7130492
0.21188247
0.9682267
-0.99829376
-0.05425047
0.76145774
0.7957496
1.6602088
-0.88452625
-0.7211447
1.1771656
1.076149
-0.26584664
0.92936766
-0.8813203
-1.2689555
-0.358237
-1.4067824
-1.2568756
1.3805113
1.4838444
-0.34225062
0.449902
1.0049305
-0.589364
-1.3939986
-0.2679662
-0.85285485
1.8476264
-1.1267549
-1.0897539
0.12798077
-0.95110536
-1.3034394
1.1418368
-1.8464884
-0.91575027
-1.3522666
1.0962867
1.6305114
-0.45702827
-1.2211155
-1.4494026
1.1669035
-0.2634071
-0.15386978
-0.28130406
0.05484099
-1.0416785
-0.6084544
1.1432408
0.87854743
1.3642308
0.29424247
-1.3556712
-0.630639
-1.6922308
-0.44017813
1.8451877
-1.6751492
0.1748033
-1.2846106
-0.17227404
0.16934946
0.38791612
-0.42262715
-0.6184097
-1.3711847
-0.4424446
-0.31542617
0.6563186
-1.5533974
0.017293738
0.052799277
1.4428531
1.1475861
-0.22245885
0.19299962
-1.1127987
0.79225075
-0.9112272
0.84140056
-0.26906645
-1.2721268
-0.9929012
-0.6566873
1.0353073
-1.0437927
0.19352852
-1.076512
0.3643376
-0.7503387
0.58786166
-1.6649148
0.850852
-0.05617727
0.93603384
1.2089794
-1.366652
-1.488481
-0.79912305
-0.80950844
-0.13825676
1.0909563
-0.9544301
-1.4184616
-1.2184141
-1.8269122
-0.070033774
1.8321166
-2.003017
1.5278128
1.3432504
-1.3978187
1.474851
-0.7695967
-1.5598314
-1.5574019
0.31091136
1.099271
0.17941225
1.1999638
-1.3994302
-1.6318432
0.19247948
-0.73565924
2.060293
-0.99854124
1.5418688
1.6504978
1.4054871
-0.6084041
-0.9375434
-0.42038044
-0.68189746
0.8818066
2.2069135
1.8088434
0.43584347
-0.913701
-0.7132244
0.49276704
0.09958698
0.7919264
1.178756
1.4625587
-1.6722674
-0.16398774
-1.2267442
-0.22743654
1.403516
-0.8535785
-0.2906254
2.0180845
0.5395593
-0.86985284
0.66019756
0.33707863
1.4783951
-2.11593
-0.3895404
-0.7229645
0.30945915
-0.09752447
-1.0547717
1.7299514
0.12888323
0.91049886
0.17868005
0.79976815
-0.788434
-1.7761513
0.8661661
0.28068072
1.3313916
1.020739
1.3674545
-1.646803
-1.0797807
1.1000125
-0.4094972
-1.1119093
-0.1747722
-0.16301298
-0.7796797
-1.165946
0.27079666
-0.73770565
0.7546257
-0.05257086
-1.8814963
-0.22329809
-0.61942726
0.06210786
-0.41403538
1.5479113
-0.8892586
0.4404504
-1.8258778
-0.78070086
0.47943223
-0.6855238
1.1204556
-0.08763702
-0.6539768
-1.2847602
1.4502157
-0.53899884
-0.51793194
-0.8977006
0.59372926
-0.9449012
0.57582223
2.186915
-1.1104347
-1.7034961
-0.635461
0.42617404
-0.3594651
-0.60994816
-1.9760647
1.5905675
-0.43751913
-1.1121432
0.5132373
-1.5900393
-1.3752155
0.90989244
-2.2656937
0.4082026
1.9755421
0.15217778
0.511461
-1.111421
-1.5198281
1.1802368
-1.0666701
0.6075512
0.63107175
-1.5807471
1.3656992
-0.1782253
-1.3661594
0.067185625
-1.3405064
0.7935747
-0.3083483
-1.0965724
0.3636792
1.3333375
-0.42225036
-0.12793015
-0.10069734
-1.0068178
0.47675908
0.29404664
1.5474126
-1.4817355
-1.6532662
1.6648757
-0.47854954
-0.5818116
0.9219146
-0.41272363
-1.3291894
-1.0327915
-1.0986806
0.3127416
-0.98811084
1.0073295
0.20840748
0.06444821
-1.6630945
-1.1658278
-0.6921875
0.30308622
0.7801342
-0.4500463
-1.0993365
0.2597185
-0.27411422
-0.35897896
-0.07673015
0.9563315
1.8235282
-1.8567963
-0.3722546
1.3615668
-0.29874757
-1.155938
-0.34323633
1.0911744
-0.6177097
-0.9596987
-0.1317441
-1.3609548
-1.8029488
1.2994841
0.7285717
1.679795
-1.402165
-1.1140013
-0.7961629
1.1111276
0.1546225
0.7410132
0.44039372
-1.0095466
-0.6406817
0.12948778
-0.5772394
1.5201569
0.45611754
-0.8985723
-0.41231355
-1.9701475
-0.27678874
-1.208157
0.31422472
1.6944096
-1.5955173
-2.0174162
-1.0112008
-1.9911801
0.72205496
0.2705167
-1.9335275
-1.2457309
-0.29488182
-0.15885207
0.8411561
2.0881617
-0.47506475
-1.6108156
-1.2229577
-0.20715247
-0.43801242
0.6296955
1.5742476
-0.079385646
0.047775984
-1.3442302
1.4488083
0.2661669
-2.2375133
1.7178322
-0.916825
-1.1558535
-1.3694497
-2.5758886
1.3099406
0.3240938
1.0213382
0.96136844
-1.568258
-0.18401396
0.20490189
-0.873917
-2.0219824
0.059729967
0.36737186
1.1794543
0.09816966
-1.9606105
0.32827455
1.286657
0.6974678
0.8843093
-2.0667303
-0.26933372
-0.861155
-0.86004794
0.6586158
-0.7522139
-1.8675964
-0.1547374
2.0137365
-1.4900693
1.2188511
-1.4220687
-0.42084366
0.09731806
-0.2761821
-1.0928187
-0.35785866
1.2421242
0.11883404
-1.4174404
-1.6427987
-0.64710253
-0.21128885
0.8718353
-1.4265286
1.8497947
0.6221164
1.088366
-0.91178006
-1.0655717
-0.6278503
-0.12592705
-0.45128372
-0.072452694
-0.43437296
1.2154318
-1.6296284
0.17924152
-0.5029883
-1.9276726
-1.7952983
0.006153947
0.24895172
1.7739105
-0.93168366
-0.48787522
-1.130236
-1.3272805
0.409045
0.23528528
-0.70728153
0.6945628
-1.1463321
-0.60178787
1.4088603
-1.7036719
-1.3367682
-0.6191156
0.94501966
1.3718804
1.2279227
0.94632137
-0.18474087
-0.68032354
-0.18884963
-1.220425
-1.2277995
1.7180597
-0.5479101
-0.6300686
-1.4578516
-0.8272518
0.3418816
-1.4780817
-1.6619511
1.1497514
-1.2822242
0.061153702
2.0454102
-1.04984
-1.0131444
0.7863432
1.6544622
-0.56175214
-1.1105641
0.022690509
-1.717341
0.56576693
1.5025946
0.9840828
-0.30614388
0.07632373
-0.6559689
-1.6925144
0.23976555
1.5413034
-0.780147
0.22907718
0.95944417
-1.2571084
0.8150637
-1.8836529
-0.26593858
-0.03189244
-2.0858972
-0.7786849
-1.6379204
-1.3461648
0.49759826
1.728485
-0.658385
1.4331251
-1.077063
0.5579485
-0.9472887
0.7930724
-1.5365471
1.0240113
1.4771718
-1.3597655
-0.4916761
-0.039315585
1.237211
-1.0087755
-0.68221325
-0.752702
-1.731611
0.6535748
-1.4247112
-1.5893301
-0.07942982
-0.06312881
-0.9949727
-0.6460122
1.3212816
0.9284792
1.0183085
-0.64814895
-0.46327275
-0.8912878
0.02845425
-1.0901139
-1.7358443
-1.5042025
-1.5093254
-0.85586995
-0.46319696
-0.65772957
1.780803
-1.5788581
1.7088715
0.86693335
-1.3049705
-1.3730292
-0.42889386
-0.33651444
-1.8781754
1.161613
-0.31481874
-1.7184384
-0.28867498
-0.41784182
-1.0713785
1.2512443
0.6572902
1.0427516
0.26383063
-0.3320448
-0.788661
1.8150563
0.80884206
-0.40912527
-0.2267818
-1.6848438
-0.21638945
-0.30220887
-1.682117
1.0787094
0.9707819
-1.1339324
1.2105478
-1.41559
-1.226908
-0.49550414
0.30518177
0.68624616
1.3242214
1.3240603
-1.226536
0.68860924
-1.6045643
-0.60405004
-0.38491237
1.2787545
0.08560017
1.2845062
-0.10580371
-1.0043925
-1.1942298
0.5472884
1.3218324
-1.5545946
-0.6586364
1.0548893
-0.71732616
-0.88330567
-1.2173545
-1.5647435
0.82230616
-1.4251643
0.6794344
-1.2670631
0.023608413
-0.36732796
-0.30562884
0.44766933
0.008839612
-0.1981577
0.7571916
0.65540045
-0.9863777
0.46411753
0.33954158
0.15520367
-0.42508662
0.4019817
1.1408724
-0.36022916
-1.8590801
-0.79233205
-0.39147013
1.1520634
2.1566916
-1.829302
0.273752
-1.8131402
0.42637596
-1.2115265
-0.8727866
-1.2624582
0.5204148
0.74894935
-0.44463426
0.15796928
-1.1112981
0.54540604
1.9021115
-1.7746234
-1.0764625
-1.0058041
-0.121150136
1.2253914
-0.3624627
-1.0173032
-1.1648122
-0.09091368
-1.9271017
-1.3957353
-0.2438593
-1.5480052
1.8737268
-0.04398142
0.006086699
-1.213531
-1.7084237
-0.40863323
0.52305627
-1.5238097
-1.2078452
-0.94164646
-0.15386975
-0.812586
-0.43880573
1.2475097
-0.48703587
0.6674319
1.1170714
0.15841721
-0.24662918
0.38915122
-1.2352715
0.7148028
-0.33566013
-1.2640989
0.4531727
-0.82369375
0.06633022
-0.3303888
1.130115
-1.2451103
0.72751206
-0.026513286
-1.0520841
0.7555511
-1.322748
0.14199127
0.8248199
-0.220755
-1.2377156
0.0085368315
1.5101284
0.85735786
1.1021004
-0.1267956
-0.5489228
-0.49598277
-0.5729506
0.276273
0.27851707
0.13481924
-0.67766297
-0.15767705
0.29852855
2.6213782
-0.051430617
1.1118014
-0.009949438
-2.0767982
1.4404055
0.7822906
-0.11298403
0.08472216
-0.53381294
-0.32353094
-0.9080956
1.0623597
1.1862501
0.55173075
0.388344
-0.62789226
-1.4235935
-0.028923351
-0.76734877
-0.115170315
1.6021316
1.0066035
-0.8371121
-1.9119323
0.970146
-0.27296674
-1.2913415
-1.2958071
-0.297417
1.0343752
0.053498346
-0.99539685
1.1634696
1.1216009
0.43181458
-0.43510473
-0.23487787
1.4917527
-1.8344674
0.5868373
-0.55754983
1.7151369
-1.2628206
0.6862866
0.22771183
-0.45161784
0.4745772
-0.35411495
0.2817954
-1.2096694
-0.798281
0.08290548
-1.1190783
-1.7327304
0.6409997
1.0759571
-1.0223927
-0.9021481
1.2216107
-1.3227373
1.7679392
-0.058395274
-0.46756476
-0.1276294
-0.7590926
-1.151025
-1.1513544
-1.6302456
-1.5069509
1.742728
1.094844
0.078604676
0.6879537
-0.2617699
0.6197686
-1.6210597
1.827598
-1.5229715
-0.36140275
-1.4600499
0.38368225
-0.42081538
-0.59936434
-0.31401712
0.81627876
-0.26984638
-1.5283564
-0.8810302
1.7951205
-0.6004867
-1.0874699
-0.023157211
-1.4201458
-1.426917
1.4182996
1.0077232
-0.72551787
-0.27587283
0.21137632
0.6141439
0.11056975
-0.17512703
-0.2857361
-1.2267845
-1.5563397
1.2014529
-0.43051344
1.1259977
0.8228997
0.92885464
-0.007997786
0.5309446
-2.2889538
2.3940845
-2.1827595
-1.3609302
-0.8033738
-0.34403017
-0.3376383
-1.4906088
-0.7069255
0.31000105
-0.0873845
1.3170916
0.7777952
0.1924803
-1.6042616
-1.8043388
-0.596711
-0.14411806
0.015477702
-0.5297114
-0.43220472
0.8395922
-0.22321856
-0.74853384
-1.1927752
-0.44571334
0.8382966
-0.03804849
0.59625494
-2.6105597
-1.1536418
-0.7956904
-0.27013454
0.004448764
1.4904089
-2.2655056
0.56264573
-1.2932761
0.36316764
-0.972334
-0.55043775
0.4399712
-1.5559924
1.0035703
-0.41960675
-1.7281932
0.38683718
-1.1699238
-1.4875145
-0.10107635
0.29320496
1.2965657
-1.3332669
-0.042588204
-0.10119512
-0.8016925
-1.5371355
-1.0526627
-1.1203924
-0.7395128
1.3300047
-0.31538633
-1.0600379
-1.1149724
-1.0874133
-0.91422176
-0.35062566
-1.3192364
1.3768238
0.61500686
1.6852582
-0.99944115
1.5531238
-1.5608087
0.8276757
-0.70955145
-0.71493137
-0.24352282
-0.85848844
-0.8950055
0.57696813
-1.1290262
-0.8863743
1.6766194
-0.9538423
-1.6276307
-0.53043246
1.203169
-1.9370936
-1.3411502
0.052156415
0.4574131
-0.37929213
0.087465376
0.55690974
0.11645485
-1.251026
0.0019200488
-0.19237639
-0.4613281
-0.54574466
-0.85029376
-0.6550481
-1.9521108
1.0652751
-0.18821967
-0.2835367
1.0057958
1.0558915
0.905496
-0.80894965
0.583699
-0.954028
-0.8576034
0.28984118
1.9787297
-1.5248811
0.8610346
0.76186323
0.65020823
0.18104641
-0.81783926
-1.1834929
1.3030702
-0.8511068
0.5663773
0.7931851
-1.5409871
-1.5402871
1.7222483
-0.6110191
0.5195348
-1.232892
-1.8518411
-1.632958
-1.104982
-0.72030514
-1.2303497
1.0443349
0.94431365
0.43011138
-0.6849295
-0.5116174
0.4285237
0.93714476
-0.41954777
-1.7516186
-0.95840985
-1.4665928
-0.09733078
-1.7018707
-0.1093673
-0.83037007
-1.1944351
-1.1596396
-1.5146215
-1.7265166
-0.7895939
0.64967453
0.19580665
1.2336828
1.2726743
0.3394893
-1.3452114
-0.9730234
-0.4883731
-1.0407343
1.0682931
-1.3129416
0.030311603
1.9789871
-0.50918907
-1.5641334
2.077139
0.8046195
-0.2637088
1.8858442
1.6077095
1.0774668
1.3695982
-0.16805287
-0.5161437
-0.9466584
1.8986766
1.7006419
1.8148799
-0.26507348
2.1066337
1.1422926
1.4597404
0.40903294
2.0028036
-1.8213822
0.212517
0.8226545
-1.2742805
-0.6676239
0.23810874
-1.9845258
-0.56095785
-0.044303533
-0.7853641
1.1529497
0.7422296
1.4023649
0.42440483
1.2578093
-1.4214742
-0.23253012
-1.1643964
-0.02903927
