-0.113670126
-1.2115842
-2.4198067
0.17834815
-0.20593056
-1.11808
0.27025527
-1.990162
1.777563
1.2169057
-0.1953344
-1.8375267
1.4924657
2.0951376
0.85080683
-1.6763709
-2.345534
-1.4217311
0.89534646
1.7728355
-1.7834817
-1.5781684
2.3747077
0.17486945
-2.4509294
-1.147527
0.69559264
-2.2621288
-1.7482598
0.45659322
0.50255746
-0.0017175665
-1.4382411
1.7946726
-2.224522
-1.7448692
1.6071728
-2.1074495
-1.743133
2.0279613
-1.8278861
-1.618186
-0.1693373
0.10550926
-0.4011809
-1.2431028
0.31500393
1.4290342
-0.9509634
-0.23229209
1.8825586
0.8976802
0.65495497
-0.9448969
-1.0173922
1.5253327
-2.2246542
-1.7634345
0.0919681
-1.4739227
1.307663
-1.6192012
-2.5243251
-0.36689416
1.7097156
0.60665625
0.141374
-0.562948
-1.4668294
-0.039347805
2.3343816
2.0303464
0.15711662
-0.4260969
-0.71891016
0.009543871
1.2802584
-1.2075016
-1.7119728
1.7190325
-0.14407852
-0.3412332
-2.1515796
0.55642116
-1.3150343
0.19829874
-1.8061639
1.8582904
-1.6401255
-1.3029348
1.6575035
-0.8711558
1.7322643
-2.2426963
-1.6001242
-2.049726
-0.7484437
-0.3100456
1.1649966
-1.7296107
-0.71907896
-0.064625345
-1.216467
-0.5588583
0.62187415
1.8442831
-0.91893816
2.1736631
-0.86276996
0.31327453
1.3532107
1.0619916
-1.3313766
-0.12276669
-1.8522546
-0.34354
-2.0965576
-1.3353922
0.13844915
1.4899664
1.5412767
-0.23555376
0.78857553
1.2388921
-1.1679577
1.3621137
-0.2373586
-1.3837706
-1.5619551
2.1582386
-1.4379616
2.0245001
1.1295168
-2.0504165
2.3350964
1.4272634
-0.40822545
-1.8830456
0.796903
-1.7509027
0.8502964
0.9820613
-0.77503115
1.8547802
-0.59075296
-1.878137
-1.4386386
2.0404341
-0.12827301
1.4766266
1.6634004
1.2136128
0.55012125
-1.0803354
2.032926
-0.8701097
-1.5691814
-1.7859215
-1.606005
1.612297
0.013627718
2.184066
-0.9448462
-0.9199566
0.4504183
1.555791
0.46661788
0.8120116
0.66713506
-1.1956965
-1.171669
-1.4357717
-1.231768
0.19835573
-2.014596
-1.2354232
-0.6800342
0.6855869
1.2000006
-2.4228663
-1.9166094
0.46751776
-0.979551
-0.08803421
-1.2393289
-1.741853
-1.0989801
1.0341185
0.3157085
-1.7001076
1.0712904
-1.4991547
-0.22592574
-0.3352049
-2.2388053
1.2393755
1.4297225
-2.1802552
-0.82921755
-0.109760955
1.746376
-0.05782296
1.2936246
-1.1000392
-1.3446039
0.6645697
-0.49221963
-0.9078928
-0.1662959
-2.6124723
-2.297282
-0.28024805
-0.6540051
1.7061223
1.0405613
0.4496095
1.9825116
-0.17585523
-0.33373827
-0.8392481
0.99525774
2.1931794
0.71113396
1.2536097
0.46754986
-1.5852801
1.3003902
-0.93950504
-1.1523869
-2.1162395
-0.13426736
0.5452129
-1.3864412
-0.6803077
-1.4760909
-0.51314867
1.0197622
-0.7338277
0.95814466
-1.5339142
-1.7621673
-1.1694785
0.365404
0.54711664
-1.6647639
1.4418896
-1.2290235
-1.5191785
0.7003096
-1.4211447
-0.30584776
-1.0238199
0.63083833
-1.1174662
-0.781008
-0.51431537
-0.49228048
-1.8640801
-0.7866811
0.094910786
-0.50308096
-1.255155
-1.0353034
-0.24502917
-1.0235894
-1.0641956
1.8989849
-1.2679839
-1.4630396
1.80613
-0.09791065
0.05714105
0.8494215
1.6428897
-0.7246061
0.29326794
-0.07231578
-0.9414469
-1.0276247
1.3918079
-1.7505149
-0.23398648
-1.1355857
-1.1078775
-0.9990165
-1.501699
-1.3462919
2.2457504
-2.3045464
-2.174374
1.6493237
-0.24252006
1.1430055
-1.288915
-1.4392779
-1.8195472
0.24531503
-1.3701835
-1.3912783
-1.9102834
-0.40223593
1.3759844
-0.6426816
-1.6881689
0.04051626
1.8262457
-1.7895002
1.3928709
1.1565107
-0.51020837
-1.7458118
-1.1390328
-1.0676621
-1.8868387
-0.8065175
0.42834544
0.66431046
1.5893422
0.26611543
-2.18667
-0.7665768
-1.5746835
-1.5368001
0.39056647
-0.30139297
-1.6950867
-1.8623048
-2.1008902
-1.2228858
-0.94851744
1.692964
-1.5929811
0.46224046
-1.800103
-2.25394
-0.34658313
1.790999
-0.7163519
1.5118159
1.9194858
0.21663773
1.5013504
-2.1898484
2.0447075
-1.2571719
-1.633432
0.6743547
-1.2171906
-0.7328477
-0.13445663
-2.1949625
-1.114846
-0.9033086
1.6627846
1.1078092
-1.2817733
-0.15280055
-0.9650717
-0.21531007
-0.2820078
0.9360995
-0.4243044
1.1407788
1.684473
-1.6088119
-1.75312
1.3141775
1.9588077
0.7932327
-0.6932667
0.61483854
0.29786482
-0.82769144
-0.27236477
-0.20319946
-0.66771364
0.09275782
1.6822717
-2.2459922
-0.7013163
-1.1909204
0.44344163
-1.4721639
1.6723992
-0.92980886
1.715999
-0.22395559
-1.6781495
1.6773759
0.47067904
1.566925
0.1136082
-1.2242829
-0.52224445
1.4500818
0.5439029
1.7379297
-2.0274038
-0.86235076
1.2659042
1.5996586
-1.1601298
-0.10835346
-1.2382745
-1.6052839
1.2196099
-1.7586691
-0.8422599
1.019985
1.0715157
0.38402253
1.539825
1.2681547
-1.6842699
-2.154931
-2.1898315
1.3002627
0.04285816
0.61931884
0.7890592
-2.1840196
0.09900173
-2.0399127
-0.4733801
-1.0919168
1.4363518
1.1879724
-0.6726143
-1.2395269
0.68916494
-1.2687023
-0.68938464
-0.2668505
-1.125253
-1.6464189
0.80446446
0.5817029
-1.7122366
-1.1850686
0.537116
-2.335135
-0.74752617
-0.007761028
0.58698106
1.4554285
1.4534223
1.3037847
1.3177946
1.3847533
-0.69425213
-0.4617771
0.011193727
1.748086
-0.41494977
-0.78247505
1.2387565
-1.7958937
0.93291414
-2.011976
0.5059452
-1.4507704
-0.67858374
-2.2686186
-1.2501955
1.0929241
-0.6351657
-0.24662606
-1.4691559
-1.297044
-1.1770829
-1.3053029
1.1444433
-0.9402217
-0.2265883
2.0187962
-0.08878602
-0.29918477
1.5745401
1.5687195
-1.8054005
-0.12447254
-1.8914174
0.13306327
-1.6793864
2.0049365
-0.8601845
-1.9527407
0.126294
0.82875425
-1.8547734
-1.5183187
-1.8479367
-1.8091445
-1.2630777
-0.3453512
1.7506492
1.659859
-0.90189725
1.023508
1.4147063
1.6273193
1.3543454
-0.7829989
-0.56858504
1.5440776
0.29360884
-0.06985818
-0.8184566
-0.7177094
0.85219043
2.1319702
2.2797298
-0.39354134
-1.1043911
1.4777802
1.7557887
0.49211305
-1.3230252
2.0782988
-0.28092003
-0.83442366
-1.599987
-1.3168465
0.17718245
0.332084
-1.321712
1.4999686
-0.9305479
0.5229746
-1.4447149
2.5971334
1.3531781
-0.6320615
-0.54278296
-2.3526905
1.6876932
-0.30494067
-1.1508832
0.8009207
-0.089011714
-1.8808433
-1.5202453
0.45925486
-1.7096884
-2.11058
0.4375381
1.1087978
-1.3815984
-1.2659043
-2.0096498
-0.64368784
0.10003851
-0.87668395
-0.9239597
-1.5469443
1.7637482
-1.1633129
1.6248763
-1.1340132
0.7957855
-0.029085008
1.6598363
-0.42429852
-1.4755739
1.6626277
-1.870823
-0.2882086
0.019038657
-2.3271737
-1.0664105
0.78704965
1.3831809
-0.24884583
-1.700429
2.4782531
1.2700002
-0.34836227
-1.4303361
-1.5172323
0.46983814
-1.3878559
-2.2453341
-1.7730037
-1.523027
2.2780488
0.71997166
-1.7333544
-1.4847928
0.5848763
1.9824394
1.4477507
-0.7156044
-1.8117976
0.92315114
0.6137118
-1.3980254
0.8893653
1.4044424
-0.4894145
-0.51768523
-1.0305315
-2.2326195
-1.7531483
-0.92678195
-1.9218209
-0.33126462
-0.9417965
-1.062156
2.1519518
-2.1140723
-1.9824511
1.0587765
-1.2026134
-2.04822
1.8502424
1.9233494
-0.37883398
-1.5212108
0.14915957
-1.743481
1.5857942
-1.1634387
-1.6760261
1.4706781
-0.39802182
0.4612053
-1.4521677
0.6845012
0.9458331
1.6285976
0.67859894
2.4031513
-0.74614894
-0.7666139
-1.3677787
-1.394517
-0.4159587
1.9250097
-0.016454283
-0.78680825
0.036298707
1.4531205
-1.4787793
-1.7723516
0.06649091
0.06532968
1.1024201
-0.27701637
2.009971
0.17547292
2.1839807
1.286552
-0.7737925
-0.56921095
0.32847312
-1.5808667
-1.2365237
-0.21153122
-1.8719263
0.20549938
-1.4717438
-2.1392143
-0.8032998
0.74720854
-1.5039835
-1.141851
-1.0565209
1.5852909
-0.21787505
-0.46168965
2.4387093
1.9976263
1.4346714
1.5326518
-1.24909
1.8859243
0.076421715
-2.2696562
-2.225119
0.5016758
0.6707469
0.73155475
1.6572262
2.0680664
-1.6896546
-2.4779391
-2.3251784
-1.0615618
-2.123041
-0.6627703
-0.61634827
-1.8125075
-0.5641681
1.3529495
-1.124975
-1.8323798
-1.468367
0.19106966
1.7507855
-0.9795116
1.0217965
-2.058939
1.9366179
0.43359566
0.9209065
-1.6789968
-0.49089295
-2.1467211
1.0315156
-1.639333
-2.1705234
0.62694085
-0.23702735
-1.5701628
0.26729774
1.3648267
0.6074386
1.1763176
-0.17521863
-1.6283598
-1.6161456
0.8214021
0.9200584
0.38766554
-0.1520566
1.3977877
-1.7213256
1.7300459
1.6446407
-0.61675596
-1.3959069
-1.5456076
0.05136082
-0.5457814
1.5505872
1.2839158
0.64630395
-2.0159507
1.3246515
1.705484
0.7727958
-1.214622
0.1214762
-2.1159856
2.2882698
-1.4436392
0.19429894
-0.77312213
-1.7813531
1.7701702
1.9729699
-0.6259256
-0.94497013
-1.1475934
1.5909579
1.6556764
-1.1644226
-1.584975
2.183327
0.45100915
-1.4115268
-2.1947713
-1.5962363
-1.8962307
-0.80747795
-1.2809322
-0.089227386
2.173095
-0.15942924
0.7359965
0.62384355
-0.35138243
-0.4665767
1.4819303
-0.23581477
-0.27947906
-2.5784314
0.45354998
-1.9697115
-2.1190753
-1.546154
1.807344
-0.7446353
-1.39538
2.0997593
1.3466178
-2.0286815
-0.0073407227
-0.15081266
0.43304637
-0.82132286
-1.5691855
-1.9861792
-0.836602
0.040124558
-1.1367172
0.35826966
-1.0039315
0.63391584
-2.0047927
-1.2834375
-1.3343958
-1.087714
1.6580896
-1.4988271
-1.4987266
-1.1172322
-2.4514337
2.3026211
-0.49124008
1.088275
1.9494154
-0.04767004
1.5638227
0.2969039
-1.8200153
1.4152681
-0.76641375
1.3429691
-0.6954591
1.9718378
0.2278398
-1.1450468
-2.2190952
0.61656517
1.5078759
-0.6867653
-2.2624023
-1.9322892
-1.6684958
-0.5014374
-1.6758182
2.5779707
0.3561749
-1.6966342
-0.7675767
1.8646716
-1.9009008
1.6329501
1.6611234
1.701086
1.1232475
1.2169635
1.5259669
-0.3670987
1.332011
-0.031002533
0.6148238
1.5284301
0.58308256
0.5047754
1.1979327
2.049479
-2.2516723
0.17569718
0.108693734
-1.7904916
1.3089789
-1.0944327
-1.8205619
-1.076768
1.871084
-1.7657484
-1.3134608
-1.1261834
0.7162904
2.18911
0.5638247
1.0101542
0.90892863
-1.098811
1.4957075
-0.26431894
2.0420983
-0.63713104
0.18659665
-0.63224727
0.41745737
-0.94477063
0.45579785
-0.59014475
-0.80643463
1.8094205
1.5799937
-1.4349099
-0.08159439
0.9824921
-1.1924703
-1.1439222
1.2256889
-0.34467888
0.13563783
-0.23620641
-0.30864263
0.9119194
0.9376496
-1.0979869
1.4483347
-0.18605302
-2.0990286
0.89352435
-0.5731948
1.5561192
0.40075165
0.82425296
-1.7101293
1.9517133
-1.2604814
-1.9537877
-1.5042661
0.2154752
1.6318305
1.6881042
1.8484894
-1.0402619
-1.7908974
0.7662282
-0.11967249
-1.4643179
-2.4693553
-1.190001
1.664898
0.4066509
-1.7031763
0.22569393
1.9746007
-1.236375
-1.4008392
-0.4992239
1.5111114
1.9826981
-1.1377629
-1.5955051
-1.3932223
-0.28521708
-0.49626544
1.3720703
1.0433602
0.50449145
1.0675957
2.6047277
2.3542671
1.4687647
-1.1815231
-0.68055534
1.6336008
-1.4229103
1.1421679
-2.23422
1.6734804
-1.1556392
0.6752064
-0.79145384
1.6765512
2.0012574
-0.6803945
0.3594882
0.61234057
-2.194404
-1.2485182
-0.023531351
0.5937672
-1.5155208
0.3912406
-0.053809576
1.6830702
1.327298
-1.2273883
-0.09794522
0.92827666
-1.2486446
-0.8758977
-1.9311503
-1.6732438
-1.3455896
-1.572238
-1.7253703
-0.84446603
-0.1799359
0.86101675
0.023973582
-2.400293
1.6265465
-1.1023421
-2.4699504
-1.8918526
-0.26631254
-1.7955866
-0.73471737
1.8255432
1.5372882
1.5799986
1.6806648
-1.3945761
-1.4585961
2.0540712
-0.39078242
-1.5900276
0.4091327
0.72317666
0.80580986
-1.5494392
-0.34499797
-0.69798005
-1.3194921
-0.22319135
-1.4514701
0.8247932
-0.84907115
0.98086715
-0.6295942
0.026553432
-0.648906
1.9259326
1.7233489
0.9306286
-1.3195114
-0.5127549
2.1891732
-0.3715915
-0.5711168
1.0083605
2.283558
1.575124
-1.6433345
-0.5738113
0.9483764
0.12150314
0.6905606
-2.289244
-1.906797
0.70145214
0.128453
1.524947
-1.1237285
-1.7879148
-2.254395
-0.5451471
-1.6616288
1.9056356
-0.95449114
0.6585878
-1.1732792
-1.4664221
-0.14239629
2.071691
1.6552638
1.8902946
-1.0631353
0.77947336
-1.6102448
0.95877683
-0.01251796
1.1120749
1.2162776
-1.2041354
-2.0019686
0.13085985
0.9946472
2.0291572
-0.07806494
-1.7568421
-1.1551762
-1.4780384
-2.0760338
-2.3023183
-0.78657275
-1.5149782
2.5982924
0.80041236
0.6271016
-0.6873254
-1.7030767
-0.77436966
1.674233
1.3111132
-0.82976806
-0.22852987
2.137978
-0.49921414
1.2243773
1.7395906
1.8164778
0.3855304
-1.9601414
-1.9342071
-2.0714846
1.8463817
-1.6310966
0.48400667
0.10945078
1.6701941
0.43076918
-1.765017
2.220127
1.6924725
1.031256
-1.7451093
1.9467863
-0.47827756
-2.4549222
1.7645524
1.463955
-0.69292814
0.05945473
-1.5064981
0.07597312
0.78850114
-2.3340442
-1.2874881
-1.6627659
-0.4353503
-0.5666171
0.8943138
-0.23931198
0.2516525
1.9424878
0.1851594
2.1342814
-0.34960812
0.52504575
0.9837771
-2.0311403
1.761591
0.8310795
-1.4739954
-0.7044932
-2.168574
0.28594446
-2.0070472
1.1997182
-1.5369483
-2.0325265
-1.2334336
-1.3237962
0.19388267
-1.5777198
-2.1452796
-0.6542715
0.04957859
-1.1756688
0.98784065
1.6503127
-1.6857032
0.22294012
-0.40069032
0.37511736
1.6925781
1.2205436
-1.0494838
-0.38090858
0.93765014
1.1868021
0.4531069
1.5302496
-1.1210667
-1.0827612
1.1514826
0.114817634
-2.0616088
2.2371068
-1.5171988
1.4423506
-0.27430484
-0.48477244
-1.8919178
-2.0982373
-1.7214577
1.6952987
0.7025978
0.00013828278
-1.5999898
-0.46420547
-2.6212347
-1.562057
-1.4876617
-1.2033877
-1.5343275
-1.701686
0.8751958
-1.2147365
-0.7374344
-0.46774703
-1.3419125
0.74694496
-1.8693548
-1.5473716
0.94817674
-0.39079478
-0.05569761
-1.6606879
2.6165059
-1.9488932
1.4406612
0.21355191
1.1204226
-2.240083
-1.6130887
1.0630994
0.8170047
-1.2541022
-1.9196378
-1.0407137
-1.9543548
0.8445807
-1.8889714
0.08427336
-2.4603596
1.3605748
0.3482341
-1.8307794
0.0739627
-0.7841662
-0.5298289
-0.63317555
-1.8658223
0.36939177
-0.90434515
1.9760808
-0.9191849
-0.9455064
1.7293581
-1.8895633
-1.8040128
-0.83228636
0.9578676
1.132009
-1.4376212
-0.0864558
-1.6573697
0.50448877
1.2450455
0.64797384
-0.8588221
-0.28178498
-0.41412967
-2.0288937
-1.5073339
1.2279049
0.79300034
-1.1249312
-1.1259167
1.2110777
-0.6951741
-0.6196539
0.080390625
-1.5668864
-0.6366396
-0.29068694
-2.0439322
0.38771603
1.0991746
-1.3989819
1.2783223
-1.1422628
-0.6398512
-1.2421249
1.9118049
-1.2747568
-1.0619637
-1.922766
-1.9225605
1.1091999
-0.41615418
-1.2800884
-1.7305415
0.44241396
-1.4419485
1.2530404
1.4774488
2.0385528
0.73155504
0.87991273
0.70580995
0.4298301
-0.6195961
1.298654
1.563056
-0.8624117
-0.858318
0.41906938
1.5697916
-0.8988298
2.0837276
-2.1670709
-0.8428655
2.4731147
0.45806843
-0.8775142
0.97512674
2.3185933
-0.25897396
-1.1625402
-1.3832495
-1.6726489
1.2426435
-0.88771313
0.3421468
-0.5380727
-1.8207833
2.2110577
1.4318742
0.8455491
-0.29290116
0.4980903
-1.9689863
-0.15156853
-1.0885044
-2.100846
0.14442076
-0.777957
-0.5510251
0.089041024
-0.84604657
0.17713144
-0.605695
0.22604936
-1.0713247
0.3838512
-0.0064519793
-1.7343733
2.4197621
0.2422126
1.0093843
0.80517524
-1.2001806
-0.682931
1.3992759
-0.9729008
-1.9810885
2.2486515
-0.93916655
-0.79983914
1.9283434
1.5225288
0.11882196
-2.0689356
0.6533691
-2.1713336
-1.4347517
0.04965994
-0.3216622
-1.6446832
0.9155014
0.5470828
-0.8095866
0.2800487
0.5118518
-1.6875213
0.46544716
-0.156668
-1.0340266
-0.84316236
-2.048799
0.08650055
-1.6489236
1.4956381
1.3986316
0.61715454
-0.017393963
1.2268106
1.1257519
-0.43661928
0.034497272
-1.4017148
1.402518
2.0789537
-1.1326807
1.6986828
0.8812804
1.0428553
0.7156918
-0.5017696
-1.1948421
-2.2018278
0.85753626
-0.2004996
0.24836482
1.2570713
-0.07206804
2.1220274
-0.15331142
0.23157586
-1.8072138
-1.897347
-0.7508936
-0.71473753
-0.5458872
0.1530891
-1.9129992
-2.072922
0.952816
-1.7680641
1.0989466
-1.6174033
0.38422862
-0.81250525
0.94500756
1.5098044
0.96482885
-1.5218847
-1.5239774
1.9050525
1.5808253
-0.5637635
-1.049875
-0.90004706
-1.3320203
0.43017247
-1.5142221
-1.5433215
0.540122
1.7651299
-0.84523445
-0.9035999
-1.5554742
-1.4692649
-0.7698074
-0.75013787
-1.0349389
-0.19166793
2.100332
1.9266307
-2.2556546
0.74054444
1.3170004
-1.5833278
-1.6608388
-1.2973405
1.4724134
-2.1034045
1.6047809
1.5301977
-1.5320616
1.599346
1.6259798
-2.3723514
1.7949469
1.7332591
-1.8290724
-1.2467694
-1.5071249
0.10637418
-1.4637352
-0.7310586
-0.41052133
-2.0250895
1.7958335
1.5351534
2.1213849
-1.70751
1.7800069
-0.87114644
-2.0339508
0.8466344
-1.2202442
0.4318302
-1.8448462
-1.45801
0.4624746
1.9770008
2.2489154
-0.06491854
1.2691473
-2.0954912
-1.2899436
0.029885596
-0.9241296
-2.0074573
-0.8667027
-1.693327
1.9270331
0.01117645
-0.4608531
-1.2883443
-2.2450085
2.107624
0.49522394
-2.0888538
0.19526301
0.3526894
-1.2893957
-0.77959764
-2.1791785
-0.5774738
1.5040505
0.06620653
-0.6877088
-0.9302467
0.018146204
0.11708379
-1.3928959
-1.1246655
-1.3013967
1.5196762
-0.14430206
0.23192759
-1.4522907
-2.161818
1.6646026
-1.3979294
0.97069097
-1.1067966
-0.3500297
-1.1701626
-0.9921552
-1.3795378
1.4617307
-1.7435801
-0.74023646
-1.7925972
1.6721196
0.34434676
-0.677771
-2.4260762
0.9833447
1.9454454
-0.37059036
-0.6488906
-1.2364628
-1.9604844
-0.7666486
-0.39516762
1.1404341
0.0967948
-0.67094725
0.24252822
0.39843413
1.4154104
-1.4179035
2.0569558
-2.2542171
0.5728749
-1.2308346
0.04759321
-1.6520648
-0.6347828
-0.047360003
0.7320807
-1.0995581
0.850913
1.3173795
-0.56465113
1.2577913
-2.4268792
-1.5335969
-2.06003
1.8199128
1.9530997
0.36348882
1.5092292
0.9306775
-1.4366405
0.11657435
-1.0162666
-0.54149425
1.4798017
0.10470586
-1.3970398
-1.0677283
0.11070267
-0.64413494
1.3328452
-1.8518168
-2.0856297
1.2925146
-2.0212982
1.5233138
-1.2519795
-0.85410875
-1.5487771
-1.4695613
-2.4060059
-0.66440904
0.525962
-0.55709505
-1.6735137
-1.0983547
-2.2144606
-0.70985067
0.6550325
-0.65559405
-1.920402
-0.20556453
1.3042898
-1.6739137
1.1107683
-0.7726122
0.4468208
-1.7588849
-0.06245004
0.56055546
-1.3078836
-1.1925077
-1.6042614
0.6484661
-1.2463535
-0.00512252
-1.3606251
-1.1620347
-0.5195286
-1.6484044
-1.5813795
-1.6159662
-0.800497
1.2613866
0.3828096
-0.91338134
-0.50027275
-1.3886907
-2.0807884
-2.223224
-1.2241603
1.5331285
-0.74766165
-0.21376441
-0.5069469
0.29188716
-1.8554859
0.545256
-1.0008026
-0.53536826
-1.724019
-1.443523
-1.5353416
-1.9192737
-1.3928382
-0.49356875
-2.2696965
-1.6920712
1.0768768
-0.7646316
-2.4516664
1.119833
0.07315582
-0.75140965
-2.0147674
0.7627152
1.6713415
2.2395644
1.5787071
-0.65447336
0.3521429
-2.4935699
-0.4411486
-0.50560755
-1.1297214
1.6758548
-2.0758595
1.2582397
1.6927706
-0.8355379
0.31278205
-0.9242091
0.54885465
-0.80663586
2.31046
-2.1164932
1.8722264
-1.1541222
-0.19877693
-1.1204529
1.749157
1.3139076
1.7327853
1.2792249
1.4607443
0.3937822
-1.4823457
-1.6994905
-0.026495278
-1.0228453
-1.6530814
-2.003796
-0.038176768
0.12478114
-0.24013922
-1.030538
-1.6354117
-1.1005404
-0.32309493
-1.9846467
-1.6360326
1.1685507
1.1629045
-0.54955876
-0.05356946
-0.8206145
-0.24797747
-1.238441
0.5867463
-1.3887115
0.54810476
-1.2698313
0.7494137
-0.59985
-0.2314938
0.88782763
-0.94535077
0.102891475
0.07541943
0.5752999
-1.2948749
0.49934283
0.41588724
-1.6319435
0.4872046
-1.0266737
-0.6284467
-2.3044994
-1.2917328
-0.8800427
-2.0070982
1.3728354
1.5584505
-1.7478061
-1.365014
0.68701917
-1.1866249
-1.0854366
-1.696359
1.3937651
-1.9840347
1.1622117
-2.0442975
-0.98118013
-0.9511929
-0.9267707
-2.0068228
-1.6854506
2.0869765
2.078742
-1.8038583
2.2761106
-0.69733626
1.9693775
0.39019775
1.3665218
-1.3866795
1.9722439
-1.3938342
-1.5921296
-0.5001627
-0.46976513
-1.2271749
-1.5435804
-1.0891578
-1.7615602
0.59769434
-2.0546794
1.4839854
-2.079262
-1.4029683
-0.71282154
1.4344171
-0.78237104
0.8127883
-0.091856085
-1.0731113
-1.047301
1.3001899
-1.714861
2.0444248
-0.9466348
-0.48291078
-0.12737036
-0.09060181
-2.2317362
-1.6784618
-0.68200845
0.35868138
1.0121
1.3339131
0.83435535
-0.6860142
1.0186367
-1.7395569
-0.76758844
-0.79148763
0.6805499
-1.6348422
2.0294106
-0.112657495
0.21164484
-0.27091387
-1.9970304
-2.3233235
1.0350941
1.2341143
1.1950461
-0.9082989
-1.625808
0.32906368
-2.3468368
0.80342335
2.412034
-0.21747828
0.02339266
-0.71761256
-1.9659636
-1.5577345
1.5879868
-1.0414206
-1.6893765
1.9902442
-2.0452266
1.4660047
1.1201849
0.508634
1.38168
-2.0218089
0.58093655
1.980082
1.5203594
-2.0912852
0.18805704
2.280859
0.7303473
0.11906008
-1.4919989
-1.4681263
0.87083626
-0.30392808
-1.2383385
0.56112397
-1.2718985
-0.069720045
0.70757383
-1.4770632
2.3189266
1.4079866
1.5387286
-1.1322823
-0.84200376
1.9828748
-1.4420023
-2.1709697
0.69345057
-2.0337803
-0.32604533
1.599115
-0.5834407
-1.237555
-1.2291794
-1.6102121
-0.4042223
0.3514905
-0.48663235
1.3916723
-0.22948268
-1.6245892
0.019852942
-0.33749726
-1.0191355
0.789516
1.4865769
-2.2292297
-1.0921732
-1.8575437
0.57712513
1.5238489
-0.13262852
1.2778602
-1.1360102
1.0293306
1.4808873
-0.7612888
-1.3890151
1.4311968
-1.7075998
-1.5973638
-0.8540546
-1.932063
-0.9251751
1.5304432
0.984253
-0.9588373
-1.8818634
-1.0541683
0.41538695
-1.058363
1.1485578
0.083337806
-2.0278263
1.6792641
-0.96653104
-0.2914423
-0.14772366
-1.1212406
-0.92459947
0.8337163
-1.6963687
-1.7724686
-0.97546476
0.68261296
2.359824
1.233326
1.1164752
-1.5133655
-1.2199675
0.164038
-1.698718
-0.09955883
1.8073722
1.951401
1.0725191
1.9108876
2.0729442
-1.4089701
-1.3669288
-0.2723862
-1.3327338
-0.75149626
1.8577877
-1.1404644
1.3191149
1.1168183
1.1531113
2.0607545
-1.5027096
0.88965976
-1.663201
0.03880358
-0.35687548
1.914329
1.0329618
1.7266692
0.9728625
1.4032028
0.43347257
1.9237585
-0.6592113
-1.4296645
-1.4068632
1.672309
-0.81848687
1.3995951
-1.5730215
1.3156937
-0.56684494
-1.6145549
2.2148619
-1.0749559
0.87566185
-1.8891729
0.11129797
1.0730642
-2.1550117
-1.3315765
-1.1057281
1.183696
-1.7147697
0.3242466
2.0513835
0.44996083
-1.8103282
0.054380998
2.0497084
1.1687613
-0.13944189
-2.0902016
-0.538077
-0.45716742
-2.1345248
0.543245
1.4807098
-0.23886463
1.5859967
0.8801323
-0.4920583
-0.8532304
0.15891966
-0.41739395
1.34291
-0.9440114
-2.0404406
-1.6731693
-2.2167745
0.6465765
-0.31959233
1.2510161
-0.8043003
-1.4691112
-0.058285013
-2.1964111
1.1577935
1.2143312
1.2585151
-1.0933242
-0.84141904
0.42440724
-1.5967758
-1.8132014
-2.2252421
-0.358595
1.3982491
-0.88827
2.3180716
-0.37985924
0.43730476
1.6323185
2.3219318
0.33173436
-0.8149551
0.87466985
-1.8219625
-0.730842
0.6874268
-1.9364492
1.3589971
-2.0212142
1.8230591
-1.1642584
-1.8406739
-1.8982745
1.5133666
-1.0638523
1.2686572
0.6947202
-1.6481454
-0.35591266
-0.79283607
-1.9057405
1.306243
1.1079912
-1.3878586
2.2691298
-1.3784951
-0.14594267
-0.33836153
-0.41378778
-1.1209446
2.2117631
0.8459103
-1.1840203
-1.8112421
0.87458855
-0.7286877
-0.41855207
0.3778418
0.72654825
0.8400055
-1.3326226
2.482603
-1.5898908
0.45103937
1.060477
-0.120845914
-1.459759
-1.9742739
-1.7977952
-1.7992944
1.4565805
0.006196891
-1.9334867
-2.288951
0.42212304
-2.1988406
-1.0844572
0.078702115
1.6276389
1.2044504
1.4011648
-2.1673498
-0.8495264
0.4688962
-0.765835
-2.6294906
-1.3244534
-1.6150035
1.0645467
0.11597526
-1.5812066
1.7297463
-1.6630939
0.11213007
2.0798826
1.2424726
-2.0444183
-0.24294911
-1.9365139
-0.6155607
0.21790457
-0.28647873
-0.7428177
-2.0617054
-0.48423707
1.3329679
0.43630457
-0.19684535
-1.8957672
1.548498
-1.3171021
0.03156509
0.4529822
0.74109286
1.9340212
-1.9235678
-0.34971246
-2.3494453
1.7822636
-0.2684173
2.3037195
-2.0908139
-0.9475454
-0.7991518
-1.9859928
-0.09238942
2.096183
-1.8091083
0.78672874
0.77824116
-1.7274941
-1.5815374
0.010330136
1.4146571
-1.222929
0.04881011
-2.2047188
2.048774
-1.6249766
-1.9055436
0.5050066
-1.5495343
0.82196283
0.39632264
0.41481662
1.9682009
1.120144
-1.6723838
-0.8327941
-1.6567761
-1.7563568
0.5281988
-0.042357594
-0.8554414
-0.3653909
-1.638305
-1.353197
2.0033536
-0.7146738
2.1464229
0.054151412
-0.61997634
1.4337592
-0.75136507
1.2877108
-1.6772176
-2.307954
-1.257056
0.115915924
-1.2574687
0.38446808
-0.8354821
-1.6431482
1.910247
0.26127684
-1.32802
-1.526347
1.2867199
-1.5260249
0.6292109
0.2145083
1.2348057
1.6129665
0.7616117
2.1112115
0.2796169
-1.9824852
0.13839227
-0.2386382
-1.313404
0.93879664
0.3196238
-0.47160864
0.79108274
-0.9654386
1.5175452
-2.0544066
0.031056479
-2.0412405
0.52875334
2.2691624
-1.9940214
-0.25806147
-0.8469496
0.07116021
-1.7286493
1.5101702
0.57405233
-0.7433534
1.5904989
0.83790714
1.3981584
-2.108319
-2.0224442
-1.540439
-0.8383868
-2.349283
-1.8522035
-1.2707726
-1.114255
0.98156595
-2.110964
-0.73053306
-1.3948745
-1.9423554
-0.5255193
-0.58300996
1.735717
-1.6787062
0.6141411
2.4174356
-1.8877784
0.58764535
0.5304959
0.17136991
-0.42856267
1.1093392
-0.44943988
-1.0535362
-1.5143563
-0.75814325
1.821086
-1.6250081
-0.049901962
0.32091355
0.07786617
-1.6576395
0.39756483
-0.0034514149
1.2137661
1.758145
1.9145721
0.4173278
-1.0676895
-2.3106608
-1.7508357
-1.382747
1.4771106
0.46242267
-1.5468215
-0.59405756
-0.546779
-0.13482402
1.4663843
-0.4277351
-1.5037031
-1.5372404
-1.1257291
0.94980156
1.3320143
0.6993129
-1.8664371
1.9987407
-0.55510783
0.8317505
-1.0166202
0.5086421
1.6359578
-1.8460941
1.1257749
-1.8603556
1.8944075
1.1209884
-0.4693916
1.438284
-1.3226637
-0.017727414
-0.072114736
-1.7007719
-1.7629464
0.75027835
-1.5825472
-1.2156081
0.94652027
-2.2740636
-2.0185559
1.1389967
1.1687256
1.3393226
0.45075083
-1.7357843
1.6723727
-1.0398817
0.8619262
-1.7758274
1.538407
-1.738865
1.6003971
-0.35456505
-1.3560916
1.2802244
-0.5500964
0.24421833
-0.7167607
-1.287623
-1.1042831
0.81395376
-1.9674885
1.9403739
1.1128032
0.17784537
1.7586012
-1.9796134
-1.2385598
1.6204574
-1.1307652
-1.2618811
-1.2181394
-1.2171338
-1.5966617
0.878847
0.11990689
1.5691571
1.2406161
-1.6391989
-1.0545038
0.409814
0.043118168
-1.9104662
-1.9721097
-1.465485
1.2035364
-1.0271543
-1.4086226
-2.064491
-0.6152074
-0.24556737
-1.2185994
-2.066706
1.0376041
0.24743016
-1.7444005
-1.3975555
1.9168336
-0.5020707
-0.850824
-1.9872932
0.016930992
-1.6822224
-1.4370353
-1.4686488
1.9450436
2.2661145
0.09234007
-1.9888961
-0.7095278
-0.675826
-2.0738494
0.85570776
-0.24317008
-1.719849
0.10429217
-1.1263397
-2.4822881
-0.8441944
-1.0233482
1.1605282
-1.098105
1.7225783
-1.9307477
-1.4503889
1.6992501
-0.44539326
1.204434
2.1167257
-0.6904819
2.0990558
-1.2066607
1.1525704
-0.113934144
-1.8491397
0.43698063
1.8803155
-0.42298993
0.01412877
0.8578421
-1.2138349
-0.60177124
-2.0565636
-1.6159635
-0.1623174
0.76736856
-1.1914054
0.06226236
0.8701054
-0.08691977
2.1112912
-0.3382693
-0.5066565
-1.4643137
2.219272
0.06145099
-0.8326415
-0.8640025
0.21042532
0.1129034
0.058824584
-2.1541986
-0.9660837
1.5616925
-1.7782254
1.3553613
-1.5412242
-0.8955916
1.5877258
-0.6737032
0.2764807
-2.0136044
-1.5460365
0.07846883
-1.8984935
1.196848
-0.3551728
-1.4038445
-0.1684882
0.0022898715
1.400378
0.3587114
-1.9847726
0.57693464
1.600279
-1.6144768
-1.2894052
2.2528014
-1.3809762
1.0196731
2.1146207
-1.5506443
1.9410827
-0.92109823
0.9511878
-1.1953424
-0.15330657
-1.5541071
2.014497
-1.5678345
-1.9200475
-1.9176285
0.60564077
-2.1917744
-1.5074601
1.7578561
-1.332977
1.3276098
0.37445515
1.3212171
-2.242681
-1.3318788
-2.0065823
-0.44769222
0.11939025
0.1405525
-0.90379035
1.0162761
-1.6627425
1.8126485
-0.18398215
0.9893643
1.5540304
1.2925457
-1.5733596
2.2500672
0.9126829
-0.2662371
-1.8908513
0.3540608
-0.371118
-1.7344143
-0.3974069
-0.9155412
-1.7008504
-1.1666057
1.6738291
1.7857363
2.2017665
-0.09517303
-0.2519538
-1.7199237
1.3018572
-1.1966602
1.7831901
0.19000949
1.9395127
-0.8585249
-1.5603505
-0.12883498
0.31962606
-1.5720713
-1.8058391
0.80219305
-2.1282277
0.6156826
-0.14328794
-0.52004755
1.6738988
-1.9219772
-1.3355479
-1.5627811
1.1209675
0.7752385
-0.24726908
-1.5854609
1.6126411
1.5126735
-0.5957957
0.51727414
-1.1117837
-1.2946229
0.9550036
-1.0448272
-2.2690952
1.5895588
0.24095237
1.7676804
-2.5009105
0.9895879
-2.2434926
0.9763445
-2.0072055
-0.907522
-1.2107089
-0.75775725
-1.8217392
1.3492225
0.045193277
2.12625
1.5296224
-2.0118437
0.4935454
-0.49653202
-0.012685227
0.4740585
0.56951934
-1.5534563
-1.438546
-0.1784247
1.4139916
2.1033776
0.61457926
1.8173908
-2.1388068
2.130093
-0.49284974
-0.7840069
0.5157308
0.8461677
0.6222348
-0.36244974
-0.18437484
-1.9937537
-0.7937659
0.6334846
0.80130816
-2.3384304
-2.538185
0.8532182
0.5606113
0.34884986
-0.2559101
-1.79453
-0.80416733
2.6350892
-0.35692453
2.1575613
-0.1333146
-0.5543763
-0.86067766
1.5777032
-1.5369331
0.9628837
0.02515386
1.6142254
1.4473321
0.8025446
0.83511144
-0.41290456
1.1846848
0.2638558
-1.0644732
0.80383134
1.0618304
-1.6595007
-0.0347231
-0.53585076
2.1558204
-1.7038069
0.53644025
-0.936817
-0.68678355
-1.9780059
-2.011006
-0.17300346
-1.635994
-1.5024961
-2.2233193
-1.1160712
-1.8215287
0.15563886
0.37109587
1.6276675
0.22453678
1.939298
-1.4609807
-0.19823723
-0.20373312
1.1086582
2.1092598
1.6121715
-0.92068475
-0.09033338
-0.73076797
-2.1193361
1.9438004
2.4100335
-0.84543616
1.721364
-1.2100118
0.84686935
-1.8745325
1.1387227
-1.6642807
0.78539973
-1.0242753
0.3995879
-0.8109324
-0.504287
-0.83649313
1.1387825
-1.8156881
-1.2269812
1.7956665
0.24983788
1.92487
2.343553
-2.1755652
1.4344169
-1.9598982
-1.0073475
0.16795784
-1.6146059
-0.12164296
2.4550142
-2.0446293
0.043941796
-2.2930846
-1.7994919
-1.4036236
-2.1432447
-1.4979777
0.9487961
-0.6389813
-0.7474519
0.20660287
-1.05234
-1.2827079
-1.0251085
2.081839
1.8867288
-1.2185867
-1.5219071
-1.7343389
-0.10317207
0.5675137
-1.1512651
-0.10028211
-1.295632
-1.3263237
-1.7703298
-0.3054634
-1.4877192
-0.26057896
0.13999318
0.07347556
-0.6112969
-1.0619364
0.7610952
-1.1351609
-0.89852643
-1.9947909
-1.7238574
1.9391788
-1.5610704
1.001586
0.6388594
-1.445764
-1.458265
-2.1002018
0.121464334
1.507617
-0.042242717
-0.96616507
0.6437353
1.1263219
-0.76893145
-0.30255118
-0.67352706
-0.76097393
0.66171527
-1.1238075
-0.75300866
2.3514657
-1.8703359
1.4942578
-1.730887
0.59657556
-0.21868896
-1.1562816
1.7570179
1.7299223
-0.8858052
2.157342
1.5866256
-1.3336984
2.3812952
-0.13133277
-0.92091477
-1.6410861
0.16691346
-2.4850392
-2.3086743
1.0121684
1.764612
-1.877994
1.1558795
1.991336
-1.5013006
-0.62667227
-0.9195465
-1.7954725
-0.7474186
-0.013664447
0.9042839
-1.4850653
-0.06496118
-1.2101172
1.2061367
0.16109635
-0.77999306
-1.4280653
1.3147352
0.66067404
1.3116338
-0.060063675
-0.05093869
1.018824
-1.551889
-1.7283548
1.4790559
1.820892
-1.4673309
0.11710937
-1.2800848
0.52073616
-0.08784389
-2.5993357
0.25050727
-1.3123107
1.42157
-1.5715241
1.5266746
-2.1270382
-0.50669086
-0.089722045
0.2650607
-1.8989298
-1.5735472
-1.3796086
-0.20747304
-0.83343613
-0.3136428
1.401109
-0.21224989
-1.7555157
1.2898201
1.9809511
1.1490513
-0.77341706
-0.0059755705
-1.852518
0.053941656
2.2790468
-1.3306066
1.7680403
-1.625438
-1.2794194
-1.0989196
1.0116837
1.2759088
-1.4416461
-0.86036605
-1.6126819
0.2183359
-1.1836283
1.6657298
0.6585159
-1.4776418
0.041416127
-1.6844263
-0.38565
-0.6357728
-0.9024245
0.87602687
-0.8784978
0.2192433
0.24130546
1.107661
0.7421719
0.4008462
1.3915256
-1.7734926
0.18603174
-1.6585495
-0.5680974
0.6355757
-1.4249822
-1.7463515
-0.110868104
-2.081445
2.4240963
2.5721939
1.7688425
-1.3920412
1.709696
-0.7545615
0.9774407
0.80899894
-0.61277086
-0.81585526
-1.520764
0.36417168
-1.4285194
0.5930524
-2.1214623
-1.5431974
-2.3716795
-0.5398173
-1.4878234
-1.3223495
-1.6097993
-0.9551541
0.47682464
2.3297083
1.8215518
-1.3848994
-1.4003541
-0.3091176
-1.8924094
-1.0746539
-0.67340404
-1.3047415
-1.8219895
-1.0829816
0.7425136
-1.1083941
1.0547816
2.1597333
2.3011677
-1.1803651
-0.5391822
-1.846733
1.9169561
0.58597064
-0.006557187
-1.4639767
-1.6983567
1.7238696
-0.19133735
-0.9680369
0.107272476
-0.25771636
0.9096645
2.2324376
2.1098208
0.6894509
-1.6294817
-0.5211234
-0.3364287
0.020830749
-1.9272039
1.7456621
-1.8699007
-1.8012115
-0.12856299
0.8834595
1.7642784
-1.4939601
-1.7650743
-0.04557876
0.078721456
-0.014113256
1.6877722
-1.7224569
-0.30738777
-0.028739937
0.1442692
-1.6183491
0.69094205
0.7866111
1.2795227
1.224886
-1.6399527
-1.5638372
-0.8925247
-1.269119
-1.3142196
-2.181975
-0.58003426
0.02079322
-1.5779117
0.76920956
2.0549314
1.4136596
-0.8364389
-0.837789
-0.3107561
1.1890984
0.642117
-2.0094128
0.36128703
-1.7546524
-2.1550717
1.4800352
-0.7432612
-1.3210554
0.2013371
-1.084635
-1.7581364
-0.5766928
-1.7438972
0.5024296
-1.983749
-1.1325853
1.6513066
1.7511959
-1.3580992
0.6993766
0.8878772
0.026548127
0.2335197
-0.054263216
-0.9974627
-0.6253914
-0.6131582
-1.241528
-0.33461216
-0.21851483
0.6657387
-0.00095492584
0.8457005
-1.46849
0.92833555
-1.950206
-1.3407619
-0.17964426
-1.6978866
-2.688335
-0.6461843
0.37493995
-1.64212
-1.6727413
-1.7692279
1.6040467
-1.0384569
0.046809573
-1.6606672
-0.8049151
1.6818123
-1.9240639
1.935489
-0.79980767
-1.2626003
-1.6454244
-0.009565625
1.5179245
2.591582
0.91545975
-0.9988204
1.3028789
1.5204617
-1.9820204
0.9182073
-1.6723694
-0.69017076
-0.58149683
-0.020690126
1.1494012
1.2377448
-1.4902109
-0.5076511
1.4295424
-1.0464522
-0.3780072
-1.2134436
-1.5214274
-1.1848792
0.073624216
0.42175537
0.52647644
1.2778336
0.24198402
1.2860487
1.1175294
0.8649803
1.9163461
-1.0722051
-1.1166956
0.24290453
0.06069381
-1.0499067
1.6482258
-1.6029706
2.0709398
0.41654724
-1.8367991
1.022997
-0.6845706
-1.1222354
-0.968552
0.2936932
-1.689823
0.7907978
-1.8046433
0.09948425
-1.6601783
0.6481261
-0.8078937
-0.03633016
1.5582502
2.0542238
0.2338602
-0.061647475
-0.9696925
0.31938356
2.3251743
2.1234171
-1.7495251
-1.222324
0.97750175
-1.939219
1.6083682
-0.4081615
-1.3533461
0.71949166
0.49064243
1.8167706
-1.5783862
1.8562113
-1.8017538
-1.5121621
-0.8986664
-0.33115944
2.178512
0.24462819
0.7036459
-0.7320233
-1.5219374
-0.20538728
1.8638725
0.12576894
-0.4101676
-1.716291
1.0642624
1.349967
1.233832
1.1064723
-1.6613983
-0.94285226
0.20431003
-1.1770027
1.1699072
-0.55867445
-0.23137037
-0.97466683
1.1924517
-0.75481474
-1.6079372
1.772008
-1.7498946
0.62539154
0.059371676
2.1282284
2.087914
0.65820456
-0.28677315
0.51432
-2.0698354
-1.8202342
-0.8365334
-1.6451336
0.25056276
-1.094336
-1.0288119
-0.7948185
-1.7794908
-1.9414659
0.95153
1.9019245
1.8476629
1.1498178
1.5401952
-2.0489802
-1.1832488
1.919439
-1.4583316
-1.8064431
0.08172127
0.6941542
-1.4809636
-1.5949682
-1.0844299
-1.0560415
-0.059760697
0.5194243
1.9276817
-1.8907709
-2.3828902
1.6218923
-1.0095851
-0.877041
-0.3716901
-1.537081
-1.6415528
-0.32249117
1.7670804
0.3119406
-0.36599767
0.7240495
-1.6279534
0.17474279
-1.9900314
1.3113906
1.8674831
1.7775314
1.7486223
-0.7562582
-1.0574857
1.0953882
-2.0173929
-0.94355154
0.58732724
-1.5006969
1.8164665
-0.8691281
-1.344063
0.059546337
1.3451295
2.1619442
-1.497956
1.5377444
1.0230798
0.012399773
0.63034207
0.48177344
-0.17076637
-0.46058536
0.849828
0.46046984
-1.2843904
-1.9755288
-1.3561106
-1.1304078
-0.3959019
1.8469716
-2.2447286
1.8355142
-1.5459354
0.0049777795
1.9144194
-0.27494836
0.24681805
-0.3842269
-0.719751
-1.4710855
0.01670762
1.1237594
0.06263545
-1.3275446
-0.738614
-1.4183816
-0.15723784
-1.4876382
0.18474263
-1.6193398
-0.22504783
-2.2053149
-0.7923508
-0.4912371
-1.7989461
-1.4394543
1.432092
-0.8700529
-0.7641185
-0.50958
0.26574746
-1.0375489
-2.0222816
-1.2413751
-1.0583847
-0.28974986
1.2798059
2.2018
-2.3358006
-0.9215086
-0.13318814
1.2683945
1.2575132
-1.1584862
-0.37364465
-1.8226349
0.39192078
1.9910202
-0.28259295
-0.79959106
-0.6438832
-1.7126162
2.0814877
-2.505736
-1.8650894
1.5089
-0.5620538
0.5074522
-0.737787
-1.6380918
-1.1912158
-0.82282156
1.2340423
-0.7591799
-1.3624154
2.0166962
-1.1243615
1.8568422
0.58106214
-1.2229922
1.4478486
1.9047718
-1.3403736
1.3138373
-0.27428296
1.5028591
-1.0485202
0.09883559
-0.80885226
-0.7295981
-1.293878
0.39839518
0.5011627
1.6432607
0.8468016
2.1143177
1.8362666
-0.91190636
-1.6834395
0.46972734
0.9681854
-0.5971916
-0.92780757
-1.3006173
0.5696615
-0.44420958
-1.8484595
2.1481216
2.5390334
-1.6517602
1.6702499
-2.2289858
1.977941
1.5242803
0.3613114
-0.018224424
-1.7383202
1.4712752
-0.57267094
1.1383512
-0.5074168
-2.2114766
0.025369158
-1.5180125
1.0232215
1.3837417
1.2044328
1.4160315
0.22131906
1.4495016
-1.639258
0.8037842
-1.1144546
0.30164155
-0.45112336
-2.141312
-1.9393219
-0.89856964
-0.17400977
2.287925
-1.091028
0.3776985
-1.6462364
-0.3787065
-2.626684
0.9084551
-0.6742661
-1.2167429
-1.289762
1.7286296
0.5898876
-0.75906694
-2.133912
-1.5174891
1.6358206
1.7321284
-2.13341
-0.77502817
1.0910912
-1.4107411
0.9858948
0.8587622
-0.9415997
-1.163002
-0.90850496
0.060270116
-0.9914762
-1.5709553
-2.0312283
-1.7347498
-2.462351
-2.307838
1.3518528
-1.7653446
0.6152912
-2.3158035
-1.6110536
0.644059
0.08752836
0.70912105
-1.5819856
1.6722624
-1.9631286
-1.1656185
-1.4859135
-1.2263074
2.131187
-2.467339
-1.2480203
-1.6464157
-0.15882973
-1.1881434
0.84791297
-0.7639104
-1.5060802
-0.62180775
-1.3366549
0.38543966
1.2622895
-0.083984196
1.246211
0.37891275
-0.7894708
-1.3291281
1.7908921
-0.09381209
0.17145653
0.25501588
-0.4451478
-0.3238214
-1.231096
-0.47690102
1.5306588
0.3024809
-1.5626593
-1.8037801
1.7455842
-2.3892508
-1.8915952
-0.22673695
2.1757853
1.5029769
-1.3567761
-1.9451294
1.8719435
-0.51974964
-0.49766582
1.0464644
0.8031111
1.1926187
-1.0352535
1.0065584
-1.2809654
-1.1066372
0.0039285803
-0.64719355
-0.94153816
0.11244429
-2.1518908
-1.0705385
0.7831511
-0.24737301
1.3475311
-1.8932226
-1.2653617
-2.2004032
0.33992124
-0.3210202
1.306831
-1.1146246
0.06766074
0.9294505
-0.4732481
-0.84102863
-1.508342
-1.2404724
1.6802417
-1.5263622
-1.5585153
0.40947905
-1.026288
1.7977079
0.7003528
-0.7574015
1.5084764
0.87158036
-0.836207
0.7182636
-1.2407992
0.89840794
1.9460502
2.201263
-2.0310323
-1.3011928
-1.6675658
-1.46465
0.31618524
0.2426498
-0.41377723
-0.57835853
-1.8457267
1.8445575
-0.37820464
1.438398
-0.74780333
0.35522327
1.2589188
1.3869938
-1.7088112
0.6058357
1.3808801
-1.1867435
0.0034416844
-0.22454669
0.08906355
0.33942908
1.0119157
-1.4207003
-1.7385446
-2.3758986
1.2634366
-2.0704165
1.9736295
-0.50015026
-0.37163046
-1.5793495
-1.8672652
-1.3086534
-1.0667192
-1.4825206
1.5234011
-0.4911716
-0.51525086
-2.1172714
-1.7069883
-2.0018783
-0.96495783
1.1998229
-2.0658832
-1.4801917
-1.5702757
-2.2041714
2.1542213
-1.1345915
0.23668349
-0.45619252
-1.970721
0.1422787
-0.15916376
1.0206364
-1.1447648
-1.4343282
1.5182319
-2.2630162
-0.6897551
-1.9101008
-0.6520282
0.17537777
0.5612147
1.1032755
-1.9912671
-2.0613139
-0.5776328
1.2967458
2.1135836
0.4533025
2.0538814
0.2107111
-0.41806343
-0.9709505
-0.99116683
-0.64007765
-1.1909382
-1.4810805
-1.2517838
0.3254852
-1.8671846
-1.6560144
0.9186483
-1.8324608
-0.68454343
1.451054
-0.6461071
-1.2186269
-2.0281773
0.5354326
-0.18060711
-2.1026363
-0.56312937
-2.1497343
1.6699994
-1.5018063
2.257017
0.014155229
-1.2211757
-0.745779
-1.8774631
2.3326817
-0.37094757
0.6565586
0.19067527
0.3696182
1.2610463
-1.0115001
-0.71998614
1.542252
1.6732047
-1.6425868
2.4532633
1.6389481
0.80965024
-0.19782688
0.23256466
-1.1765323
-1.2116027
-2.030305
-0.37181434
0.7218344
-0.7953608
-1.1035255
0.47662807
1.1606063
-0.8312094
1.4982678
-1.208999
0.16249672
1.4798892
-1.2590699
-1.248735
-0.047904227
0.09327874
-1.9587317
0.19643606
0.7700945
-2.1131475
1.6508844
-1.4115406
1.6895074
-0.5484822
-1.686177
0.21047191
1.3306938
-1.70105
-1.3946629
-0.27252352
0.8483065
-1.268832
1.1879867
-1.2057118
-1.0292587
-0.67658794
-2.0287216
-2.1767356
-0.6323454
1.86877
1.3564858
1.4376991
-1.7124796
-0.99071467
-0.85930854
-0.82406
1.5832477
-1.7957891
0.9393597
1.4799721
-1.3299311
-1.4604863
-2.0900662
2.1182668
-1.1751807
1.7612226
0.6582108
-1.3348036
0.54311305
-1.4241253
0.5797154
0.23139858
1.3146936
-1.7600315
1.9140438
1.4457119
-0.15340117
-1.3408531
-1.907042
-0.064348936
-1.2432258
0.86772424
-1.2609961
-0.030261457
2.501722
-1.5296621
-1.2793986
1.2691236
1.850233
0.8818147
0.9238557
1.5896779
-1.3470577
-0.64203316
-1.4318157
-0.21781348
-1.6021911
1.4532439
0.19657092
-2.071717
-2.3869033
2.0908146
-1.6645355
-1.3468406
-1.8862096
1.0066383
-1.2014174
-0.6643261
-1.070278
-0.7305598
1.9266756
0.051943768
0.37915885
-0.1574216
1.5282125
0.42578143
-0.33121884
-0.5768628
-1.221623
-1.309341
-1.3826014
2.0796118
-1.4899803
-1.9593005
-0.22666748
-0.94973266
2.0110934
-0.35831216
-1.0351079
-2.0545394
1.9229778
-1.9592766
-0.19165358
0.3331207
0.5706001
1.1482289
-0.59861624
1.212923
-0.077820286
1.5770897
0.77408284
1.5493112
0.89905226
-1.6634675
-0.6755338
-1.8693396
1.9436278
-2.0196967
0.010807125
0.17623416
-0.50573516
-1.0167367
-1.3936452
0.9480685
1.246608
-0.6676345
0.9639615
0.5151049
-0.95366615
0.5600486
0.9630569
-1.5895662
-0.90218997
-2.240759
1.1390135
0.4750867
0.83804905
1.7001255
1.7107978
0.88329536
0.35290352
-1.1728472
-0.90799224
1.3107857
-0.7560774
-0.65302604
0.50118124
1.2731223
-0.89287055
0.6040623
1.2620682
-1.8895776
-0.6354378
-1.8281022
-1.2902092
1.4202389
0.99162966
1.7799065
-2.0410328
-0.42376745
-1.4692456
0.68492496
0.84833986
2.1305425
-1.3784416
-1.603492
-0.39773604
-1.0343525
-1.9908224
-1.1492422
2.1262877
-1.5067132
-2.1384447
-0.9497266
-1.9362398
0.55772805
0.9454204
-0.62620723
-0.1230463
1.7225866
-0.7847211
0.6530268
-1.9694343
-1.380151
-1.368844
0.14906865
-2.330322
-0.0077085625
-1.8500253
-1.4955754
0.77955365
2.5534499
-2.3341396
-1.8214846
-2.4231668
1.6354843
0.20100637
0.44541943
-0.1832114
-0.8320725
-1.9196231
-0.0074460567
-0.70452625
-1.4926542
-0.9253093
-1.2928822
-0.07720918
0.4661657
-0.61394894
-1.3307599
2.149613
-1.191669
2.080885
-0.50437826
1.240732
-1.2174414
-1.4422451
1.8234622
-0.08047768
1.7373214
1.7755917
0.06286209
-2.1457913
-1.0208457
-2.0743158
-1.2246888
0.7463066
-0.29646453
-1.3325268
-0.6068081
-1.7119509
-1.7619913
0.2478597
0.3007246
0.8474668
1.4504443
0.2258606
-1.496591
-0.36280563
-0.9656063
-1.533172
-1.7536608
0.898227
2.1481733
-1.4040859
1.4222988
1.1505611
0.0361601
-1.9668846
0.06842627
1.0681307
1.417984
1.5994205
1.6177328
-1.7364869
-0.10356508
0.25044382
-0.4548495
-0.13015872
-1.3587185
0.23225993
0.85044146
1.2658168
-0.12409312
-1.2515618
-1.0098053
1.4462937
1.8875598
0.75724185
-1.8005213
-0.6475526
2.0112162
-2.268347
1.8188754
-1.0998036
-2.2717128
1.1993253
1.8509876
1.0882862
0.3847502
-1.5502367
1.0012511
-0.522462
-1.9674071
-2.1994455
0.9818876
-1.6238798
1.0456274
-0.024513353
0.759762
-1.9371825
-1.0767837
1.7749578
-1.2049428
-0.6314925
0.11340228
-0.09910779
1.2194197
1.4590693
-1.3598614
-0.3744392
-2.004619
-0.7262693
-1.7194113
1.2875061
0.64202636
2.0341036
2.6268964
-0.8715563
-1.1473469
-0.3249868
0.73595464
-0.41525257
-1.174306
-1.2583646
0.40373313
0.89574206
-0.20411004
-1.8084009
1.5985599
1.2691776
-1.6375687
-0.87353367
-1.0565654
-1.7375495
-1.2446574
0.5714284
-1.8567294
0.34250584
-1.2177577
0.17235054
1.6373595
1.504253
1.4863789
0.86962473
-1.1550907
1.0266359
-1.0220282
-0.48532134
1.3769335
-0.7585621
-1.4024667
1.1227195
-1.131844
1.131942
2.2396214
0.800076
0.16052489
1.7181801
-2.0949152
-2.0208502
-0.7651939
2.1606622
0.3185746
0.83132064
1.1341397
-0.35888654
0.7711457
0.69623995
1.3876178
-0.80914044
-1.5732368
1.680637
-1.1424787
0.70851254
-0.9735629
1.6791092
-0.2483505
-1.9260156
-1.0296113
-1.9711088
0.39344174
0.5603903
-1.7471025
1.792479
-0.63536185
-1.3209927
-0.8900218
0.5868317
-0.9101014
-2.2104893
-2.0789993
1.8112822
-0.65052414
1.3289365
1.3077112
1.2172015
0.64141625
-1.7194304
1.3861934
0.6071643
1.0522368
-1.512552
0.77861744
0.7582431
0.32554045
-2.2342372
0.05517511
-0.767935
-1.4180992
-2.2143817
-0.1935133
1.079173
1.2838546
-0.35041183
1.6058486
-0.3837863
-2.1517854
0.025066791
1.4549632
-0.55988485
-0.53956944
1.2212191
1.5472596
0.80310905
-1.1746795
0.2847062
-0.09868653
-1.8060305
-0.42142186
0.17397764
0.04557998
1.2127441
1.3409976
-0.8733027
-0.6257517
-0.7478915
0.4246232
0.24296993
2.4217563
1.2625718
-1.3107951
-1.3712949
-0.1780877
0.57553375
-0.33212855
-0.077290446
1.3542483
-1.3368473
-0.6047694
1.6096708
1.1793305
0.4214417
-1.3173008
0.353164
-0.064669155
0.28962097
-0.37704194
0.3986983
0.94843733
1.6302818
0.80962425
-1.3400384
1.3632281
0.3943636
1.144949
0.52298474
-0.8573741
2.0612247
-0.3734581
-2.3391714
-1.2653211
-1.8087975
0.0007166862
1.5104414
1.906709
-1.2635484
-1.124223
-0.38317096
-1.1718401
-1.6104006
0.91103673
-1.763526
-0.3792643
-0.18869048
-1.320295
-0.13944204
-1.3361249
1.7059611
2.2338502
-1.5266777
-0.12164037
0.5779913
1.8897142
-2.0417933
-1.4005257
-0.71389544
-1.4811224
0.28356245
-1.4340949
-1.8044748
-2.669245
-1.9327239
1.1842566
0.65471977
0.61521953
0.7215192
1.5237967
-1.0072333
-1.5214977
1.4685293
1.3589292
0.9728118
1.1768073
-1.3048161
-1.44263
0.9279826
-1.7241025
-1.3199484
-1.829421
1.0320599
-0.897248
-2.2406893
-1.5825604
-1.3003438
-0.24047606
-0.37179452
0.34884116
1.0447447
1.9538271
-1.4570128
-2.022171
-0.37441164
-0.87478286
0.3796008
-1.398509
-1.1235391
-1.0765324
2.3430884
-0.37064216
-1.780646
-1.6898385
-0.43551698
1.3645247
-0.6191879
-1.3010132
-2.0605366
-0.028308813
-1.6341385
-1.1613967
0.67870736
1.5249118
1.43066
0.7648718
-0.45517737
1.7875668
-0.95052195
-1.5723598
0.8815277
-0.31195447
-0.6304041
-1.4373882
-2.5188828
-1.9154453
-1.5761842
-2.0423827
-1.1538365
-1.2018394
0.6814458
-0.74583036
0.46492422
-1.317548
-2.402158
-1.1306025
1.8457196
-0.5101163
-2.0230691
-2.0420458
0.099095255
1.4303592
-1.3482577
-0.49157298
-0.613365
-0.7224623
2.2364514
0.6473109
1.6976818
-0.7745011
-1.6938231
-1.6358786
0.6111193
0.9726091
1.8495799
1.6078621
-0.44624498
0.7054495
-1.6527973
-0.3489437
-1.3698971
0.6100732
1.7710059
-1.7473857
-2.198189
1.0095522
-0.9139569
1.2932383
-0.04858076
1.4303832
-0.11567699
2.1045868
0.2212308
1.3432027
1.6778647
2.0964122
-0.3624173
-1.2371722
0.89783406
-0.52201676
-1.7858659
-0.74472946
1.2975681
0.27615908
0.7792341
-1.6582139
1.0841397
-0.9797683
0.042732153
1.5615184
-2.315731
-1.9539449
-1.2882385
-0.9650947
1.4745518
-1.0611361
1.8965998
-0.4834874
0.36389384
1.8973261
-1.9752569
0.18854131
-0.7615671
-1.0146177
-0.7511916
1.2042487
1.2911446
1.5823376
-1.5196424
1.716773
-1.1185797
-0.27389485
-0.43402037
0.74435973
-1.9166169
-0.4621085
-1.0964837
0.21587579
0.41818503
-1.1279526
0.94135714
2.2776291
1.9504362
-1.4311653
0.115507126
0.23017958
2.3612673
-0.71537036
2.2495992
-1.3834343
1.7903433
1.19239
-0.7585315
-1.500003
2.1338089
-0.6938984
-1.4871174
-0.60676605
0.15757227
-1.6809086
-2.2874846
2.0103042
-0.12189864
0.33946756
-0.2583726
-0.082141146
0.2148209
-1.3522301
-1.7863406
0.20712438
0.32012415
-1.0075599
-1.5917008
-0.5667173
1.1846006
-1.3656961
-1.4759995
-1.7214824
-1.5552732
-0.11058683
-1.0439754
-0.52603185
-1.900995
-0.37225428
2.0608613
2.1966395
0.93064076
1.8464236
-0.20462458
0.7578984
-1.5113868
0.54743254
-0.09291577
0.32205048
-1.3970323
2.0022597
-2.1552057
0.92855436
-1.5973288
-0.42212516
-0.7822608
0.8386555
1.9258898
-1.9236921
-1.2207106
-0.8501121
0.541252
0.021290699
-1.6019238
-0.586409
-0.11668669
1.8051744
-0.9656636
1.4605155
1.1336868
-0.6743891
-1.3857454
-1.38918
-1.2922399
0.76008534
-2.126904
-1.0531262
1.0752242
1.5275235
0.97175896
-0.65393513
-0.21870926
-2.0546741
0.17162094
-1.0758904
2.3454487
-1.6691788
1.6191828
-0.73498195
-0.5908326
-0.701905
-0.929726
1.5490153
-0.88634133
0.35577792
0.51856506
1.9480462
0.05837195
-1.7943677
0.2241523
-1.0974633
2.3057013
-0.0015256474
1.1245584
-2.0525553
1.5025799
-0.6840784
1.6495676
-1.7291424
0.33202127
-0.059815686
0.64266175
-0.30685806
1.4463857
2.3121924
-1.6666876
-0.89123476
-0.09000757
-0.5255737
1.2700032
-0.16702397
0.8325188
0.5099752
-1.7107582
-0.7958324
0.8199049
2.1484966
0.089654036
0.80882853
0.99836373
0.34681755
1.712023
1.4960364
1.2138563
-0.57507294
0.02015362
1.5270998
1.2908497
-2.4417548
-1.4810247
-1.8997576
-1.6606672
-1.1454858
1.1602577
0.9161768
-0.38769662
-0.6107707
1.7805672
1.5895349
0.5866694
1.2745781
-1.9584872
-1.4391874
1.2842499
2.3437157
1.6473628
-1.6645846
0.41704783
0.030528095
1.0982715
0.5373613
1.9889635
-1.5352439
1.8670088
1.0232121
-0.14874443
-0.6449554
-1.6744387
2.276645
1.7626693
0.93364644
1.2644242
0.046555657
-0.28125238
-0.2055301
1.7281334
-0.391339
1.2747265
-1.968135
-1.1359599
1.5252752
-1.0555556
-0.29167485
-2.5038264
-1.5208966
1.379968
-0.985134
-0.07933969
0.03156647
-1.3498003
1.2833073
-1.8268769
1.3906689
0.035609756
-1.6924468
1.4324982
-1.1737405
-1.7845758
-2.0593517
-1.7663301
0.73864317
-1.8512937
-0.8424592
1.2448391
-0.39568883
0.8828105
0.602561
2.293036
0.12038464
-0.74195844
-0.5522809
1.2666216
1.922174
-0.68566513
-1.7984697
-1.9898709
2.096734
2.211651
-1.6562034
0.2727784
-1.6826421
-1.3652976
1.5793356
-0.25680718
1.2981262
0.7185212
-0.8154224
0.3538905
-0.08545592
0.86435735
-1.0583603
-1.1942164
-0.056921754
-1.5262274
-1.1953583
-0.019422308
-1.5623779
-2.0316694
-1.5854222
1.2130107
0.7895833
-0.7208872
-2.1746905
-0.011306465
1.4146106
1.7598362
1.2825226
-2.109852
1.285457
0.5140471
1.3071599
-1.2437844
1.7216642
-0.27879494
-0.53268254
1.750185
-0.96989304
-1.5902634
-0.076038025
-0.8030649
-0.8671965
1.7381744
1.1526245
-0.28605667
-1.2148343
2.0031319
-1.3820364
1.5007125
-0.5411241
1.1593151
-0.7330688
-0.27817518
1.6012911
1.4559542
1.904891
2.3965309
-1.6821966
1.1457101
-1.9949051
1.3395783
-1.4449788
0.9759119
0.5298338
-0.15887372
1.2020186
1.0140309
-1.4313822
1.6607448
-1.6917828
1.4104278
-0.4582643
1.1343482
-1.3010992
0.66984946
1.218106
2.2892845
-0.74124616
-0.19194482
-0.06056766
1.0038354
-0.8979988
0.7990686
1.1344827
-0.73516405
-2.2329962
-0.17323777
-0.12210489
-1.2015538
-0.57427216
0.26787624
-1.8665776
-0.8108998
0.34423906
-1.6771461
0.8832604
1.771284
1.8206563
1.576141
0.1969092
0.48208898
-2.3071783
-1.8571018
0.013120603
1.6693914
-0.28248495
1.2869897
1.6590571
0.6544618
0.643572
-0.30712274
-0.7887194
-0.032773647
0.5426665
1.9332912
-2.006454
1.6227248
0.32426518
-1.0648487
0.048973296
-0.09192525
-0.851833
-1.5430484
0.6297508
-0.15449412
1.2027916
-0.27898973
0.7715765
-1.0569513
-1.9000794
-2.0003548
-1.9420385
1.0712122
-1.540169
1.5804622
-0.42363575
-0.41677126
-0.9195191
-2.1241996
0.5796889
1.6057315
-0.61773825
-1.9825265
-0.08392782
-1.0002556
-1.2785151
-1.4187629
1.0927778
-1.9579368
0.034885727
1.263428
1.9594605
0.22773916
-1.5664821
-1.5103568
-1.7392645
-1.2423646
-1.3287288
-0.040078428
1.5273265
-0.55436903
0.47851056
0.7886803
0.68231106
0.067919694
-1.1977409
-0.24991192
1.253586
0.360514
-0.06167054
2.097495
-0.21264772
0.26222026
-1.6116862
1.0293896
2.074006
1.644168
0.47285306
1.966923
0.9210704
0.6843151
-0.15721245
0.49879402
-0.21926557
-1.7403272
-0.61615765
-0.78761506
0.32609186
1.5127423
0.26166913
-0.6050657
-1.6223726
-2.0634606
-1.7238057
0.027958661
1.1093737
-1.2565912
0.638086
1.1837654
-0.8203538
-0.0021750312
-1.626028
-0.17377475
2.33173
-1.84071
-0.2914887
-0.5896493
-0.57643485
0.740339
-1.3113608
1.4555031
2.2549589
-1.3197914
-1.3801436
-1.5050575
1.2534826
0.014170471
1.3221684
-1.2077038
1.9526963
0.119407244
2.331004
-2.1010633
-0.10064346
-1.8076192
-2.058299
-1.4434674
-0.5874673
-0.33960718
-0.7579093
1.3195264
-0.22658287
-0.8469859
-1.0977759
0.8473686
-0.30691886
-1.7206404
-0.91288745
0.72899467
1.3064541
2.0845735
-1.3783238
0.60422164
0.47963613
1.8104378
0.06509965
-1.6543864
-2.2337153
1.3161032
1.0672346
-1.0204166
0.9375154
0.81845844
-2.3411863
2.0074718
-1.7017413
-0.38998947
0.9705809
0.68553317
-1.277137
-0.53963876
-1.9520855
0.7505031
-1.7983758
-1.4224802
-1.7304885
-2.4487073
1.9748011
-1.7829833
1.0718472
-0.7117637
-1.7582312
1.5530286
-0.6795618
-1.3312073
-1.8919272
-1.3220128
-1.1770376
-1.7660276
-0.80927277
0.46105033
-2.1711414
-1.7051337
1.1096151
-1.8390794
0.60814935
1.4779391
-0.025568113
2.1406555
0.06322285
1.5124537
1.0189428
1.1315322
-0.44517657
1.0975269
-1.0579481
1.871362
0.22900818
1.0743264
-1.2467248
1.9034318
0.34069267
1.0915662
0.61862755
-0.3624042
-0.6321358
1.9852778
1.045848
2.2052865
-1.6096408
1.0061923
-0.35541144
-2.3149526
1.9858638
0.38818577
-1.4689745
1.1939203
2.215247
1.1997807
1.5039855
-0.42545336
1.6037847
1.6175162
-0.40391493
-1.4243996
-1.8560507
0.115218446
-1.5056366
-2.1262603
1.7004595
1.8329549
1.3693274
-2.0107138
-0.36653665
0.14635587
2.4718115
-0.47767884
0.8537401
0.42419463
1.6007476
0.73421216
-0.7198763
-2.2274528
-1.8982513
-1.64167
0.21058007
-0.70872205
0.86816895
-1.2909834
1.0323097
1.9583429
-0.5771839
-1.8452457
-0.61439836
0.4942332
-1.5290133
-0.8722757
-2.0310628
-2.3806205
1.3656094
-1.4845929
-0.6477778
0.8932946
1.6466964
-0.37883464
1.1013017
-1.6522838
-2.0398595
-0.008883189
-1.7735229
2.0951943
-0.0040208288
-0.99350417
-0.20306315
0.72271377
-1.2440656
2.2646697
1.8721421
-2.2033708
1.7606986
-1.0117627
1.718981
1.9147153
-0.8429981
-0.36622587
-1.059417
0.031083765
0.53074074
0.34159473
2.128565
-1.8857076
0.05879609
-1.2177858
0.67342937
0.1049574
1.3424835
-2.0937324
-1.1322384
1.9900988
1.1828648
-0.29474774
-2.2352877
-0.27057073
0.34209624
-2.0213144
-1.5390104
1.6743033
1.215721
-0.089871965
2.4277346
0.75073236
-1.2783089
-0.3909547
-1.2346625
0.39782414
1.311167
2.275618
0.923028
-1.5393897
-0.11311735
0.11209378
0.057451792
-1.352946
0.1294684
-1.8749369
1.5707109
-0.3298288
-0.5573601
-1.1827059
0.14126642
1.0566912
2.4308782
1.3582107
1.6957622
-1.296926
-2.2866387
0.72280854
-1.103152
1.2274292
2.1125987
0.40032378
2.129442
-0.555946
-1.4657475
-1.8978441
0.36173797
-1.9167424
-1.5563965
1.8051627
-0.45161787
-0.19274804
-1.7602007
-1.3592519
1.0988069
0.27685237
0.92747766
-1.1495004
-0.40142846
-0.4562746
0.028278515
0.7409232
1.0888572
-0.57986265
0.091591924
0.48391962
0.7245853
0.20396753
-1.7208831
-0.61679876
-2.4501002
-0.7123071
0.29931134
0.24961558
0.016482204
-0.3314175
1.3517104
-0.99020755
-1.4945673
0.58728546
0.42418304
-0.3128704
1.1852192
1.6844797
-0.9365223
-1.6471231
0.033064537
0.90348333
1.0701482
-2.0785325
-0.6578479
-1.2451487
0.51562667
0.9530386
-0.15206085
-1.6037778
0.0647889
2.0406353
0.6332388
-1.7574406
-0.24637248
0.58527595
-1.4669343
0.06426559
-1.593999
2.0898714
0.93593717
-1.7058573
0.91983634
-1.4774375
1.2718866
1.9839629
-0.2891299
-1.6593332
1.0429219
-0.28203154
1.7511063
-0.030734826
1.1256201
-0.37592316
-0.9637587
-0.7177331
1.2795093
-1.6596873
-0.22541799
0.7536065
1.1826727
-0.81684196
0.47042656
-0.97663635
0.42429495
2.2421806
-0.40654162
0.20483437
-1.5192691
0.1506447
-0.70443296
1.1860337
-0.90110767
-1.4249753
-0.42017072
-0.34746042
1.9192137
-1.1847478
-2.1803544
0.15524475
-0.06339895
0.4171844
-1.5090562
0.47533685
2.3016195
1.9130458
-1.3472598
-1.0398409
0.12368804
1.7065362
1.1465948
0.4140121
0.84729904
-0.08162097
-0.81101006
-0.0047256174
1.5578896
0.9249033
-0.68822634
-1.4921526
1.5769773
-0.88259214
-1.040055
-0.16258653
0.52887046
1.1249766
1.2168117
-0.7088904
-0.06757749
0.57146746
-1.9561044
0.5845357
1.1948541
0.5030987
-1.4047078
-1.8344469
0.05872724
-0.7766752
-1.8857372
0.9568732
-1.7742593
-2.378236
-1.569396
0.6687358
1.6490768
0.83394295
-0.96268356
0.52905357
2.414178
-0.56098425
-0.8593581
-0.5927125
-1.503542
1.7476405
2.138212
-0.40707073
-0.56206983
2.0932236
-1.6996975
-2.0100944
1.6963638
2.399355
-2.357005
-1.401655
2.3402472
-0.8258985
1.9484347
0.05777851
-1.2723613
0.6804418
0.023646655
1.666011
-0.1799879
-1.7469256
-0.2712811
-1.644296
1.561392
0.08736348
-1.464178
-1.9576304
-0.89544594
1.72784
0.6745957
0.05319058
-0.47695857
-0.85194016
1.1119912
1.3716911
0.562314
-0.2446282
1.7755787
-0.21499322
2.1282363
0.6297177
2.2029188
-0.16936831
-1.3161494
-0.5576355
-0.9749449
0.5208362
-2.1105478
0.651923
-1.039282
0.38062435
1.2301272
0.18249492
0.027137034
0.9318496
1.5078325
0.76875126
-1.0179453
1.2952838
2.1897843
2.2400112
-0.65925455
0.92564625
-2.578795
0.24782623
-2.2170498
0.12658045
-1.4058847
0.5388966
2.1669605
-2.0462906
-1.6043735
-1.0537186
-1.941666
-0.03669529
1.509708
0.83200794
1.2238685
1.242285
-1.7037867
1.2903968
-0.3323839
-1.223849
-1.7474158
1.2868332
-0.7340041
-1.2805195
0.79620814
-1.7498169
-1.8556881
0.64325845
-1.725954
0.8477236
-1.605679
2.2444906
-1.776458
1.707775
1.5750704
-1.4822515
2.1354089
1.6546324
1.8798075
0.24551548
-1.4025968
-1.330372
0.6688458
1.5592006
-0.016379511
-0.10137162
-2.5753095
-0.70741856
-0.14259437
1.1596906
1.6122366
1.3261007
1.8840395
-1.498639
-0.2786341
-2.1653748
-1.5458989
-1.2186589
0.2679097
1.0675302
-0.5891989
1.8656245
-1.8565485
0.83705986
-0.10951799
-0.23987707
0.9982759
1.7445498
1.6065435
0.5473082
0.5522561
-0.9222742
0.22313254
1.5575439
-0.5911231
0.81373006
0.27827457
-0.3690074
-0.18048307
0.21478632
-0.93641114
-1.7836161
-0.4098756
1.5539055
-0.40233704
-2.2051015
0.033989202
-1.7494767
0.4089833
0.57955736
1.03574
-1.2346474
-1.16766
-1.5686855
0.7066205
-0.37271518
-1.2023281
0.118642084
0.248157
-0.45004576
-1.5446718
-0.18779215
-2.48431
-0.7813699
-0.618844
-0.18053912
2.0004556
-0.68670404
0.21988015
-1.8823562
-0.45976025
-1.4215951
-1.9559534
2.2595518
2.142773
0.77314305
1.0145142
1.4956895
0.025109023
0.8910645
-2.0199385
0.83424217
-1.6259239
-0.005679283
-0.32736802
2.2260427
-1.6564318
-1.8944412
-1.3261595
-1.0013409
-2.1021016
-1.5045375
-0.25608477
1.1413754
1.7922306
0.16922325
0.63561714
1.6529484
-1.7517453
-1.5521575
2.6074085
1.1969519
1.2336389
0.15327497
1.3699967
0.7886568
-1.1295786
1.5171486
-1.0364743
-1.5829499
0.17017001
0.35304764
-1.5518332
-0.36480305
0.30621567
1.7764957
-1.1966602
0.72595143
1.4384655
-1.8000096
-1.0385529
1.7705837
-0.4345333
-1.2199738
-1.4995093
1.2939368
0.60312027
2.0616121
-1.9135028
-0.39976257
-0.010554085
-0.69696563
-0.7373993
2.147635
-1.6115553
2.2002325
0.49423608
-1.8213346
1.8417602
0.8031466
-1.3674291
-0.3164707
1.1028734
1.3143052
0.15227045
0.27455541
-2.4061809
-0.11603573
0.64286596
-1.0713221
-1.0720328
-2.3012502
-1.2489687
-1.0253506
-1.8214178
-1.0486138
0.49454606
-0.4746105
-0.811947
-0.7299177
1.0140936
-0.7082173
0.96685994
-0.8370694
-0.52366704
0.098091014
-1.3594397
-1.8376862
1.5271544
-1.9497077
-0.023266995
-1.9497297
0.26650786
1.2449696
0.042402517
-0.89992756
-1.5675542
1.8012128
-0.097107574
0.25224534
-1.4453781
-2.170481
-1.1651574
-0.8541719
-2.1019173
-0.28396928
-0.14684422
-0.14587271
1.6209655
-0.2560951
-1.1820567
1.1175009
1.1961877
-2.0379813
-1.6153661
1.0998886
0.9643403
0.23534481
-0.23382854
-0.18399392
-1.1955103
1.5432081
-0.8818361
-1.646512
-1.3834457
0.023990886
0.30127054
1.5284417
1.5592405
-0.22479612
-1.8407971
0.35580128
-0.6080681
-0.16532108
-0.38248062
-1.7016342
-1.9191267
-1.2233012
-2.3455174
2.4111772
-1.9279855
0.33193547
0.05892785
1.1821574
-1.7363764
-1.5053442
-1.9980816
1.8755376
0.12229463
-0.6863313
0.8533207
-2.0642002
1.4195175
1.9543209
-0.5633268
-0.29947728
-1.3822753
-0.99878013
-1.4153767
-0.62146634
0.37253988
-0.3628265
1.4036018
-0.91917616
0.73577356
1.9665458
0.17042577
1.715777
-1.1127797
-1.3136213
2.3507009
0.57377803
-1.7952869
0.0012931075
0.4208338
-0.8264566
-1.7605336
0.24644138
-1.7699773
0.5466743
-2.2794664
-0.04860719
-1.6547195
1.4916975
-1.0379237
-1.5492101
1.78522
-0.3725076
1.6058835
-0.42396092
-0.87318313
-2.0235603
-0.809219
1.4198169
-0.6615532
-1.429143
-0.9253798
-1.0656102
1.588206
0.50626135
-1.3738759
-1.8545184
1.248499
-1.9415076
1.6954148
1.9720346
1.2312185
1.1843319
1.7287029
-1.3453315
-0.36320475
-1.0369966
-0.5577602
-1.0004753
-1.2909576
0.11671713
1.976014
-0.03725586
1.4922426
2.0699737
1.5274106
-1.3795735
-1.299235
2.244745
-2.2425992
0.31397003
-0.23334925
-0.8545189
-1.8499985
-1.9372975
0.80882376
0.17320336
-1.1297345
-2.2001307
-0.37038514
0.6933111
-1.6281594
-0.2095617
0.60122657
-2.3174129
-0.57523644
-2.2181451
-0.82078624
0.92207456
1.1365923
1.0474548
-0.46610087
-1.1969454
0.8952464
0.16500978
0.23436372
-0.05368967
0.5936128
-1.8448186
-0.50132877
-1.183302
-1.3028686
-1.0243521
-1.7043979
-1.0434844
0.7672734
0.3872092
0.5287625
-0.30345714
-0.15656888
-1.5875806
-0.827568
-1.7324779
1.3203126
-2.288151
1.6304727
0.95151615
-1.0627944
0.6243901
0.025823135
0.19341701
-1.1388755
-1.445144
-0.6818644
-1.4567002
-0.9898598
-0.2875218
1.0053557
0.9803605
0.7160648
-1.2523425
0.11619533
1.4084878
-1.4223915
-0.95085716
-2.0291724
-1.2052478
0.14461887
0.52654415
-1.2896181
-1.6603216
-0.5051306
-1.5579466
-0.3075913
-2.08013
-1.86018
1.5749878
1.1317418
0.9332297
-1.5209951
-0.69067603
-1.7313921
-1.8197007
2.105437
1.8283603
-0.082576774
-0.5584729
-0.06119458
-1.2855642
0.7170192
-1.6394825
-1.1550852
-2.0232832
-1.0726762
0.9700551
-0.94418985
-1.9837148
-0.15186359
-1.335463
-0.80009305
-2.2035801
0.060144786
1.9227191
1.000345
1.4822193
1.8593638
-0.7383636
-0.31051442
0.6491448
-1.9863431
1.2167488
1.3200976
-0.5351
1.4889607
-0.09222164
1.7866842
1.4033775
-1.4716266
0.3973079
2.14231
1.2889967
-1.3016435
1.0378802
-0.26015753
2.135078
-1.8634048
-0.4484185
-1.6276864
-2.0073082
-1.1452965
-2.2907758
-0.03743208
0.12552707
-0.18305267
-1.8599982
0.15758145
2.1041172
-1.8216655
-0.3374054
-0.63386536
1.5030074
1.5074506
-1.0214351
-0.9953451
0.15710038
-1.5570021
0.6797424
-1.1310204
-0.7735575
0.81665504
-1.1234627
1.1497157
-0.45836127
1.5003875
-1.3441659
-1.2314188
-0.7247405
0.41947278
1.4536462
0.1290092
-1.5515338
1.1957415
-0.7664478
0.8461935
-1.341233
-1.040842
1.0805681
1.6415653
1.6494323
-0.37636513
-1.8913654
1.6793015
-0.7531004
-1.5999403
0.197132
0.59515417
-1.9367651
1.2797827
1.4029075
-0.8341038
-0.38275683
1.1157093
-1.7422364
1.3528211
-1.2381115
1.5278307
-1.2247013
-1.633234
0.73054796
-1.9900304
-0.30642948
-1.4582528
-1.2744136
0.6229164
-0.3534961
-1.8028269
-1.0829461
-0.39748412
0.3079165
-1.2830112
-1.6575503
-1.8036203
1.5987208
-1.7194617
-1.6216756
-1.4890025
0.6292061
-1.7085073
0.05698722
0.21283631
1.596268
0.9030425
-0.8264665
-1.6862143
-0.5120363
0.58013266
-0.23679727
0.29303223
0.4607511
-1.7688779
1.9498895
-0.84810275
2.4148111
1.2394803
-0.9268194
-1.7284387
-1.968571
-1.978252
1.3689657
-0.28892955
0.6326783
0.31677967
1.1673017
1.0334753
1.5058383
-1.0322089
-0.84100485
-1.5090091
-0.88829434
1.7897261
-2.0843647
1.5485313
0.92263204
-2.0134666
0.26288223
-1.989501
0.10997309
1.7391509
2.3277667
-0.71207094
-1.3994367
1.4490213
-0.57895416
0.87196755
0.79215556
0.83055747
-1.1188697
-0.75356007
2.888964
-1.3815296
-2.0614502
-0.93585557
-1.5268581
2.1158202
0.88927305
-1.5853974
-1.7321175
0.29164955
1.0930988
0.07878687
-1.7189422
-1.8431112
-2.0432649
-1.8829751
1.3574948
-0.26396406
0.04555375
2.1430492
-1.5429096
1.468508
-0.6590518
1.9062338
2.1510262
0.20331006
-0.672908
-0.9061715
-1.3443079
-0.89522135
2.2862592
0.65937984
-1.0969741
0.22489475
-2.4241252
-1.3276052
-0.8669299
2.2757132
-0.66671383
-2.173092
0.5995308
-0.32545468
0.46121132
0.5118183
-1.1262219
1.691582
-1.3665088
-2.1853187
-1.8255508
-1.7134128
-1.9026625
-1.9276589
-1.0674565
-1.1039042
-1.52918
-1.4142357
-1.3968048
-0.06351225
-0.99682605
0.7685946
-1.4187071
0.61862487
1.4735799
-1.6104157
1.6446317
0.9724471
0.62672865
-0.89722323
-2.1444714
1.5956136
-0.27770624
-0.25398904
-1.3493468
-0.25866628
-1.4984456
-0.18905249
-1.6612115
-1.1620778
-1.8964814
-1.5808561
-1.1257991
-1.5319105
-1.8273118
0.73325884
1.9057294
-1.8125366
1.7013673
-1.0684702
1.9069364
-1.7665701
-1.5271837
-0.31241986
-0.43093395
-0.028386706
1.633188
-1.2974378
1.2438203
1.7276485
0.28386867
-0.37741727
1.4988158
-0.77588975
-0.12860474
0.95053166
1.1024336
-0.80854434
2.2024026
-1.9464209
-2.2960637
0.7953495
-1.7884192
0.7699294
-1.2253028
-1.3988025
-1.1360683
0.90822387
2.1391344
1.7921215
0.07216346
1.0600212
-1.3244691
-0.0059924363
0.19342045
1.2939544
-0.896649
-1.4106904
-2.171579
-0.8130415
-1.317808
1.2948092
-2.178737
-1.3272135
1.0191313
-0.49881127
1.5166208
2.3893282
1.2704035
-1.6852082
-1.7950975
-1.3341788
-1.8565443
1.8638667
-1.4645227
-1.2416084
-1.3229418
1.9824181
-1.9476746
1.1445423
0.45583704
-0.8981381
-1.9524522
1.1549512
2.1108787
-0.4288704
-1.0489366
-0.5580436
-0.23139265
-0.87250006
-1.4319001
0.3882387
0.0994866
-2.3646548
1.0517751
0.22759853
-1.7638048
-1.9342102
-2.0202136
-0.4244889
2.1479025
1.5090349
-2.223654
0.32972443
-0.9278582
1.8905199
0.3272523
0.5798848
0.5785938
-1.0716931
1.9241076
-0.45125455
-2.2477565
1.0923556
-1.6798683
-1.1610148
-0.72510874
0.7550795
-1.4815038
-1.9555488
-0.96638155
1.3465103
-0.07306974
0.012835374
-1.8138214
-1.2513217
-1.7621802
-1.5875505
0.08781331
0.3186546
-0.1874109
-0.7505458
0.29315692
2.0497408
-0.7914492
-0.34118545
-0.24586256
1.8243703
1.127296
0.6366791
1.4083806
0.79210246
1.9832222
-1.5839727
1.5391744
-1.1406304
0.8351861
1.941249
-0.031869166
-0.011276573
-0.42290112
1.1777885
0.67285436
-1.0792208
0.6179057
-1.2664282
1.2732037
1.0471267
0.15928586
-1.5547141
-1.5768499
-1.4778247
1.4041345
0.75330377
2.0283597
-1.0217549
-0.8426486
1.0294368
-1.1993943
-1.4121796
0.11003376
0.40128192
0.6441445
-2.0444868
1.3532699
-1.2391633
-0.12164625
-1.3486227
-1.1549197
0.6296219
-1.9600997
0.17611527
0.07169335
-0.84618044
-2.0005264
1.2424208
-0.34498304
-2.0672193
2.0296776
-1.8374362
-0.94358575
0.5558109
-1.7983569
-0.97204864
-0.5821503
-1.5688219
2.1433687
-0.21324573
-2.4534464
-0.18161398
-0.79188085
0.8577591
-2.4563289
1.8090515
-0.052964807
1.4798421
-1.5655013
1.6922624
-2.4671826
0.5092286
1.9342177
-2.1138833
1.4117882
-1.4067072
2.0032473
0.4626092
-0.14797898
-0.30539817
-1.1074492
1.0353184
0.05984798
0.91814137
0.8972269
0.739465
1.5967267
1.464992
1.9121492
0.77012503
2.455017
2.338858
2.0601225
-1.0602709
-0.31425786
1.622956
-0.6650124
1.331747
-1.9304823
0.6428888
-0.96437615
-2.0455039
2.4013703
-1.4464742
2.1044862
-0.49590304
1.2863772
1.62427
-1.2773455
0.7434341
1.6574543
1.9804318
-0.030258121
2.1134648
1.1500919
-1.4887785
1.1432589
1.274478
-0.24809821
-1.3850921
-0.11721513
1.2617911
-0.2620375
1.8083013
-1.5150068
1.1534036
0.7757925
0.32558313
-0.04452173
1.2188233
1.8440111
1.3131834
-0.4875052
-1.7223523
-1.0949202
-0.30935928
-0.56924224
1.2747092
-0.30046782
-1.2650061
1.2592518
-0.6452781
0.28304747
-1.4500841
-0.56360257
1.3051064
-0.9547235
1.757745
-1.4806105
1.3372828
1.4685376
-1.2795143
0.40179017
-1.1256241
0.6511525
-1.6599948
-1.9620187
1.163835
0.51146007
0.31792462
-2.0233777
-0.6817292
-1.0413592
-1.7786657
-2.1963277
-0.26401907
0.9190624
-0.14872023
-1.2661511
0.18320388
-0.99492246
2.2866948
1.2677345
2.0970554
-1.8007803
-0.14999431
-1.9029349
-0.57594645
-1.1147637
1.495345
1.2593873
-1.4307109
1.3371402
-0.96647954
-0.5820704
-0.5381701
1.360752
1.0909201
-0.23646787
-1.2741139
0.46872085
0.8208886
1.4702609
0.5281126
-2.0844107
1.0975571
0.5508193
-1.4300184
-1.3724297
-1.5402054
-2.223039
-0.44222254
-0.25691602
0.17588645
1.3754908
-0.7856562
-2.0185077
-1.3529171
-1.7578955
1.4752221
0.023793062
-2.3812625
-0.36964682
-1.3736793
0.04920641
-0.67016685
-1.6106415
-0.7113221
-1.5300852
1.6354645
-1.7206817
0.91103125
-1.3832077
1.932882
2.746711
0.44164944
-0.92372686
-1.080189
0.62358516
1.7765056
1.7365903
1.8773329
-2.7553704
-1.1842036
1.1124685
-0.17792083
-0.45955008
-2.3260243
0.068898275
0.3422646
-2.089925
0.36710897
-2.2958062
0.38877577
-1.3835835
-1.7962847
-1.882505
-1.4271109
-1.9639419
-1.1429447
-1.2355165
-1.8453434
-1.7353399
-0.7539127
0.87197214
-1.1090617
-1.9649043
1.0511435
1.9699187
-1.5089473
0.6875384
-1.1788604
1.5797312
-0.22571918
0.38964117
-1.4982264
-0.8857627
-1.0612476
2.24439
1.9397309
-1.8768485
-0.013097612
-1.7263982
-2.257993
1.5974838
1.1390584
-0.73542124
2.2238455
1.8626072
2.208967
1.210385
0.67899835
1.1405617
1.7194133
0.0007925033
-2.16936
-0.17240061
0.60723037
1.5809225
-1.1582
-2.0832758
-2.1653547
1.325767
-0.61757815
-1.7753685
-0.08996115
-1.0716672
-1.8941717
1.7675575
0.46506342
1.5900122
1.6629128
-1.3681622
-2.0271256
1.8571707
1.0075957
-1.2665899
1.9047786
-2.0430691
1.2038625
-0.0033136397
1.0378921
-2.28657
-1.650918
-0.41837028
0.46309775
0.57018924
-1.4735078
0.73703396
1.8761206
-1.0046718
-0.8622124
1.8449236
0.07961081
-0.5230018
1.1858978
-1.087975
-1.779975
1.6952435
-0.30239618
0.84631634
-0.6005434
1.7072458
0.44122532
-1.7458348
1.6909636
1.5436208
0.83706206
-0.24667577
-1.0896506
0.5608847
0.15154368
2.276851
0.19054052
0.2804125
-2.0096762
-2.040744
-1.9166387
-1.580188
-0.42758653
-1.9650811
-1.2148254
-0.33482575
-1.2552872
2.020211
0.36775783
-1.3144999
-0.7580603
-0.3075069
-0.45604426
0.025644591
2.2068613
-1.0922344
-0.5004982
1.0857221
-1.2237573
2.074913
0.4963138
-0.04999663
0.37495723
-1.8306592
-2.087699
1.2810601
-0.725152
-0.038032245
-0.044192113
2.2541456
-2.4317987
-1.4113541
-0.37490216
1.5926394
2.2490697
2.3373787
0.6502269
0.39222407
-1.5587656
-0.006930445
-0.00793454
0.16348873
1.8103555
-1.5386938
1.396164
-2.1700373
0.257649
2.1795218
1.2710072
-1.2281299
-0.44900846
-1.5124451
-1.448014
-0.43382597
1.2979971
-1.5138372
2.5086298
2.3586404
-0.14690568
-1.2283698
2.726416
-0.32350123
-1.4610744
-0.3794351
0.31678838
-1.5537548
0.20053373
-1.6491017
-0.27595478
-1.0744267
1.1785357
0.78594345
-1.9421217
1.2631358
-2.148003
2.0778592
-0.47297892
1.9521617
-0.49804628
0.76365274
-0.9141144
1.5509812
-0.6676443
-1.3317004
-1.6452298
-0.4564824
0.50225776
-1.5126034
1.1083477
-0.8598785
-0.3327671
-0.964199
1.6559408
0.08325555
-0.3429179
-0.4546876
1.1622906
0.120220885
0.9417969
-1.1419094
-1.4014398
-2.0150046
-1.6420418
2.472358
-0.34008285
1.7243928
-2.1453776
-1.8195618
-1.7698102
1.3930253
1.3950026
2.060137
-2.2767155
-1.2911419
1.6210716
2.1722639
-0.55848914
-1.8193724
-0.68047863
-0.9070945
-1.3091502
-0.3939055
-0.5729585
0.8385645
-0.6048475
-1.8295236
-2.0967538
-1.177094
-0.7435281
-1.8067839
0.169315
2.0683222
-1.1809332
-1.7955346
1.158648
0.9351375
1.7410362
-1.08194
-0.6193692
-0.4989536
-1.352158
0.78310925
0.34169227
-0.15913337
0.7653538
-1.3492235
2.0724275
0.8696414
-0.8375684
-0.38270846
-0.71788925
2.041453
0.20708056
0.6066717
-0.0010326206
-0.013084098
0.029827723
-0.007211339
-0.8140773
0.89425236
-0.79311097
-0.16572984
0.024662022
1.5826886
0.022195997
1.5081416
-1.336306
-1.3329458
-1.0235381
1.895291
-0.17473537
-0.60469645
-0.4554485
-0.95228267
-0.34302655
-1.1682212
1.4632906
-0.8006721
0.61146086
0.23395559
1.9592085
-2.2113864
-0.5005721
0.88870656
-0.45357516
2.407758
-0.0782164
0.7185062
0.9729597
-0.18893199
1.9864379
-2.2160492
-1.0063474
-1.5900536
-0.84260803
-0.44759062
-0.33193368
-0.53901476
2.51217
-1.3631846
0.6467648
0.44589445
0.24505816
0.22711217
-0.11547789
0.8482936
-1.2284491
-0.7472828
0.7416422
-1.859194
-1.6156509
-0.69819075
-0.85745245
0.36913234
-1.508442
2.0354507
2.1404638
0.638823
1.5699197
-1.8791668
1.737568
-0.17450021
1.1135911
-0.71333534
1.7184516
-0.99259317
0.31661987
-0.6443074
0.32778507
-1.4659935
-0.4964165
0.5952021
1.0833234
1.8023509
-0.94364506
-1.4874458
-1.6725869
0.5567999
0.5039574
2.156692
-0.3929747
-1.569358
-1.2986139
-0.8341466
1.1954435
-0.8230679
-1.4747741
-1.6120692
-0.130056
1.8299228
1.3138332
-1.43036
-1.1977116
1.0547123
-0.41033247
-1.3145512
-0.09195555
-0.2971427
-0.1286392
-1.6595411
-0.58264667
-1.5464573
0.117105894
-1.0392749
-1.297695
-0.8152355
0.28488636
-0.6657073
-0.5633954
-0.74329036
1.5302652
-1.3384235
2.0801852
0.7798504
-2.2160707
-2.0700278
-0.020391565
2.5884922
-0.4322095
-0.09380671
-1.5554092
0.61069006
-1.7577484
1.1835922
-0.09708299
2.0763812
1.3817006
-0.76638526
1.2775823
-1.8567591
1.0608114
-0.7740278
-1.6984894
1.7696495
-1.1022406
1.3533065
1.8905061
1.1971408
-0.44875765
2.386853
-2.2110183
-1.3097796
-0.92945313
-2.088585
2.3028553
-1.2959301
1.8861095
0.07679788
-0.99094343
-0.17432354
-0.41875526
-0.856341
-0.60371953
-2.181244
2.2968862
1.8274
0.28461096
1.8316939
-1.2651099
-0.22432368
-0.8298304
1.3929737
-0.47590053
-0.9855369
0.4101932
-0.20695214
-0.39417243
-0.114262454
-1.4115793
0.71224695
-0.09948747
-0.83651954
0.52805054
-0.25076848
-1.359868
-0.26473364
1.1713957
-0.58712316
0.103663415
-0.6505247
-2.3228006
-0.17180441
-0.96471155
-1.0946169
-0.061896164
-1.4806721
1.6048636
1.8615428
0.80819964
-1.8108819
1.4244899
-0.8399718
-1.0674962
-0.39589748
-0.6654252
0.7691095
-1.2865603
0.10239185
0.676032
-1.2915657
-1.5963233
1.3749173
