-0.62938666
1.2521251
-0.15519914
0.2674951
1.4378872
0.22745003
-1.1243646
-1.7269931
0.51170003
1.2066312
0.6459927
-1.573067
0.292173
-1.8006191
1.4531844
0.036633555
-1.2771186
1.9986908
-1.0481113
0.7018887
0.04316927
-1.1006473
-1.3099077
-1.4703647
-0.6591924
0.83413786
-2.1159651
-1.8243113
-1.1258168
1.194872
-0.6263798
-0.7177338
1.4299345
2.075475
0.9707657
-0.71787614
-1.0441382
-1.7312554
0.6618697
-0.6196899
-1.753983
1.7138572
-0.22191693
-0.2109145
-0.22353412
0.7608606
0.97925824
-0.39968944
0.99592906
-0.28834105
-1.1456317
1.24188
-1.1522107
-0.71527267
-2.7548983
0.8425197
-0.15970136
-1.689504
-0.19099924
1.0662742
-2.1452324
1.940027
-1.984808
1.6864884
-0.9692402
-0.67800146
-1.5961982
-1.1468537
1.40729
-0.85516834
0.66738176
-0.3847151
0.48827183
-0.6906452
0.68176055
-0.50014323
1.0827713
-0.47189185
1.229583
-1.1965153
-0.18074325
1.6859376
-0.0621583
0.68865585
1.1135681
-0.5725793
0.23557027
0.3208383
0.85648715
0.19246621
-0.42362916
1.733222
0.76176906
-1.1251014
0.14782359
0.75050086
0.17525761
0.821326
0.58688205
1.3071011
-0.6132641
0.8033463
-1.3917603
1.6322976
-0.25522038
1.2591572
1.2980614
-1.3962786
0.33853376
1.0142093
1.1865296
-1.5001655
0.6002601
-0.3093942
-0.6828928
-0.00044286996
-1.2965214
1.4213067
-1.7558014
1.7259513
0.7397496
-0.87905794
0.5426556
-0.18013982
-1.0130501
-0.5167723
-0.11044623
-1.2439578
-0.79069555
-1.4863352
0.13405025
-0.32505763
-1.9703393
-0.08702424
-1.3615706
-0.54868305
1.5813761
-0.1227295
0.58259726
-0.5988446
0.32677352
1.0096488
-1.1893183
1.3266839
-1.5537149
-0.67390394
0.7260785
-1.2119315
-0.105892844
-0.9924996
-2.472789
-1.2630703
0.90661645
0.13079233
0.7588411
-0.72716284
-0.34763783
0.15313357
0.69836867
-2.2329009
-0.60743964
1.0575873
-1.8196939
0.99646324
-1.9202032
-1.8935863
-0.5365837
-1.162934
1.7045935
-0.6128131
0.059545044
-1.5006001
-2.3345325
2.207456
-0.7547271
1.2368929
-0.98834836
-2.288527
-0.9431654
-0.1341315
1.5807298
1.5504626
0.7497934
-2.0472765
-1.2444732
-2.4792447
0.6693114
-0.37206635
1.9576678
1.3022562
-0.09457504
0.16249067
-0.12115181
1.604754
-1.6699421
0.08183707
-1.7344172
-1.9402663
-1.5655124
-1.4293677
-0.68970585
1.0360795
-0.4581199
1.0750883
-1.7970376
-1.6702758
-1.2577649
1.3183415
-1.1164292
0.051746696
-1.6622115
-0.75263494
0.7298612
-0.23404177
1.0109841
-2.0877168
1.8521768
-0.43111867
-1.0077757
1.197406
-1.7909414
-2.1830542
-1.3092386
1.7274363
0.76667666
1.4304861
0.95241034
-0.374338
1.8052183
0.8838632
0.36635432
0.2612113
0.96751124
0.42143083
-1.9868362
-1.1034433
-1.651957
1.4916891
2.0635986
0.42749482
1.4041921
0.42698753
-1.320303
-0.67008996
-0.19510901
2.169157
1.2189615
1.2020593
-1.7615237
-0.0936458
-0.54975
0.66200715
0.87765473
1.8470917
-0.20638414
-0.9350881
-0.48084146
1.0564831
0.13013998
0.41007933
-0.4142994
0.38146245
-1.5889263
1.2803484
0.120717846
1.8979547
1.7172755
-1.7411624
0.10366879
-1.179547
-0.15537305
-1.2517519
0.2844277
-1.5863253
0.015445378
-0.041417975
0.82658935
-0.99007595
0.7171934
-1.6818292
-1.7183151
-0.047353525
1.3413419
2.1784115
1.3977131
-1.1231374
-1.9147533
-1.0143499
0.20241174
1.3152295
-0.6280767
-0.17059581
-1.3620849
-0.43988118
0.6803176
-2.0457683
-0.27680236
-1.5128975
1.7535468
0.04841363
-1.4680325
0.69136655
-0.028106758
0.031223796
-0.54644966
-1.7040354
-1.7183676
-0.8638235
-1.0166922
-1.0840445
0.50161606
-1.5771118
0.35341805
-2.4275806
-0.48545995
-2.0496294
-1.0293449
-2.0863044
0.2171564
0.5158578
-0.57035184
0.4375223
2.0402124
1.0789065
-0.5255678
-0.3095266
-1.6982286
-1.832023
0.6671325
-1.5916172
-1.7527654
-1.2308519
-0.40472963
-0.7229532
-1.4446417
-1.1105502
-0.571082
-0.4938007
0.72503704
-1.8349174
-1.166183
0.69297385
1.0785352
1.3152168
-0.7114641
1.3394737
-0.8184103
0.6976655
1.4347906
0.110736445
-2.0268881
0.7310058
-0.9851903
1.279834
-0.69441056
-0.35701558
-2.203205
0.5987856
1.8257364
-1.8097323
2.0202394
1.271242
-1.6870732
-1.0091012
-1.495667
-2.2771354
1.2335967
1.1658347
-0.350159
1.7081405
-0.012977127
0.46034217
-0.46230236
0.611844
-0.7689729
1.224409
-0.2642205
1.0627254
-1.2244886
-0.638254
-1.2111597
0.7580741
0.7642892
-1.5898159
-1.8764149
1.1313095
-0.1209832
-1.8348246
0.8952037
0.27762875
1.5825912
-0.005258357
-1.0325744
0.94768775
1.8559185
1.3442689
0.96481484
-1.8732517
-0.5210906
1.4823084
-0.8199277
0.82320356
0.08574132
1.3745297
-0.7627474
-1.4524306
0.29044232
-1.5509323
0.6746409
0.16576311
-0.92847794
-1.4592776
-2.1463013
0.5814424
-0.82633287
-1.3130517
-1.4288079
1.8558285
0.95715797
0.0053596986
-0.9913275
-1.2559507
-2.1385798
0.53724027
-0.7732729
-2.023766
0.5452193
-1.4612336
0.6393209
1.1842096
0.43760714
-1.8596617
0.34659773
-1.7781764
0.67552894
-1.1744969
-0.4241525
-0.33003303
-1.1154244
-0.58715844
-1.4678402
-0.25018793
-0.5158564
-1.6726204
-1.9877477
-1.585012
-0.3880566
1.0764943
0.030562188
0.29109874
1.1154749
0.11772843
-0.8366745
-1.4826361
0.70548594
1.5706364
0.67197084
0.16369274
-1.7079926
1.0174073
0.37270314
-1.591067
-1.6770613
-1.8082597
1.1928169
1.1830838
-0.23976456
-1.9659237
0.23674205
-0.76174104
-1.1718156
-1.0140495
1.8507988
1.0003483
1.6447692
0.14881037
-1.3680153
-0.24524045
0.38902056
-1.1021216
-0.21127087
-0.35611817
-0.9866835
-1.7247164
-0.74292535
-1.9209325
-1.2467697
0.0867195
1.3651465
1.3977748
-0.72359616
-1.0996633
-1.2002066
1.025022
1.0878633
-1.0888097
0.5006273
1.9574475
-1.2778205
-1.5175326
1.3324025
1.3187842
0.12482534
0.4263582
1.9725631
-0.9939848
0.058222346
0.38690087
-1.2499032
-1.3411006
-2.1177826
1.4405181
0.94160247
-0.33922037
-0.8807535
-1.0434921
-1.93101
-0.3355903
-1.4499578
-0.73417723
-0.350816
-0.55481935
1.3047466
-0.12040529
0.8993358
-0.70521396
-1.5277073
1.1333034
0.48518717
-1.6244764
1.4264224
1.4793125
-0.43601704
0.4777252
1.6350801
-1.0796429
-1.8686471
-1.0422201
1.6569992
-0.14826384
-0.43897274
1.5669475
-0.40120956
-1.9539989
-1.1876228
-0.7647875
-0.04459993
1.6008936
1.395107
-1.2348713
-0.7421677
-2.1237228
-2.058833
0.8493389
-1.2616779
-0.9597769
-1.5967805
1.7488489
-0.75021815
-0.4964762
-0.3334781
1.881833
-0.8176233
-1.0843327
0.76724577
-1.5248048
-2.4623384
0.027590487
-0.9419206
1.7181675
0.73049635
-1.0500977
-0.42470643
0.25106397
-1.101156
-1.0280497
-0.21146122
1.6604693
0.8186792
0.4119091
-0.86594373
-1.944728
-0.4282084
0.63668346
-1.4153696
-0.97907555
1.5932305
-0.50412923
-2.1034126
-0.07251969
-0.63668597
-0.91432196
-1.816261
-0.22630839
0.7156567
-0.636325
-1.262045
-1.6900363
-0.53812546
0.17304407
1.1424567
0.6354523
0.34276444
-2.1345463
-0.8626461
-1.2261819
-1.6980537
-0.2910447
-1.4652885
1.3188826
-1.7312981
0.39112055
-0.17496252
-1.0397418
0.23383267
-0.7631127
-0.7818815
1.0430319
-0.83268726
-1.6236757
-1.6617705
0.15773068
-1.7207711
-0.71711147
0.5099501
1.2214787
0.8419203
2.0163217
-0.90965384
0.70005536
-0.12124616
1.3693378
-1.9242254
-0.618087
0.8344842
-0.7322989
-0.07215217
-1.2453998
0.0027360434
-0.5689456
0.2563648
1.6121699
0.4634675
-1.0139554
-0.41795242
0.0443539
1.9971433
0.8717661
0.65704703
1.7440944
-0.53963643
-2.3968632
-2.198123
1.3142359
0.8641391
0.36204025
-0.328135
1.9362286
-1.24522
-0.5622145
-0.48318884
1.328497
-0.82435477
-2.2343988
-0.97104436
-0.6237075
-0.83606154
-1.65885
-0.69714254
0.21739717
-1.3457371
1.7778066
-1.3851511
-1.3514743
-1.6668001
-1.7530725
0.43432277
-1.6672517
-1.2538261
-0.23325771
-0.29227552
-0.026482442
0.30404544
-0.45952415
-0.39999816
-1.0361276
-0.21976241
-0.7780019
-1.7165365
1.3033371
-0.98952633
0.26235625
-0.56887
0.22764488
0.20509012
-0.5324503
-0.79548526
-0.66634876
2.07672
-0.5937609
1.6100596
-0.79164356
1.5763923
0.5793026
0.49395058
1.2434304
-0.3134136
0.091699526
-1.664186
0.16802542
-1.3440747
0.38862172
1.2130356
-0.71534437
-1.3635395
0.31275886
-0.23373686
-1.7487013
-0.6898855
-1.6324205
-0.5549815
1.7504537
1.3963487
-1.7974225
-1.4017848
-0.35531497
-0.850214
-1.7798368
-0.55783236
-0.045220446
0.18811825
1.5643903
-0.6486956
0.010415351
0.8098128
-0.1934822
-0.16885793
0.8999811
-0.66834104
1.0864723
1.3702987
1.1847665
-0.48428392
0.81445646
1.207407
1.6270669
0.096227236
-1.4097568
-1.7951782
0.6181198
-1.6042129
-1.3816398
1.1621244
1.7714238
1.0829895
2.2485077
-2.0024679
1.3073916
1.8542975
0.663008
-1.6168791
0.74525845
0.07254498
-1.0170568
0.6142121
1.8373591
0.11356143
-0.81764466
-0.075298816
2.204504
1.3494377
-1.4946847
0.1495461
-1.725699
-0.73572594
0.80397654
0.21251121
-1.5300733
-0.47497422
-0.04706755
1.5136988
-1.4864607
0.49501747
0.19596149
0.7787576
0.6897629
1.2515651
1.8623439
-0.62411535
-1.3310542
-1.0326335
1.931795
0.28349134
0.28173983
1.7710674
-1.1673974
1.3737258
0.15067899
1.6145604
1.4461261
0.53740263
1.6016276
-0.5446701
-0.28668782
0.7924706
-1.1062083
-1.5394999
-1.0775088
-0.43678936
1.0613859
1.8319829
1.2928743
1.5989751
-2.116649
-1.4897873
-1.9266889
-1.4113619
-0.08537907
-2.0116696
-2.026344
-0.7580214
-0.56784874
-1.0276518
0.9223156
0.5132371
-0.20708852
-2.4304795
-1.1320183
-1.3158195
1.0668571
0.556128
0.69148
1.334045
-0.43039435
-1.1522534
-1.4037932
-1.2868623
-0.29067633
-1.4651667
0.09321623
0.3773435
-0.22186992
-0.29162392
0.6740783
-0.45518464
-0.5011789
-0.89510375
0.24572788
1.6027694
-0.7043278
-1.1631932
2.0058565
-1.6128337
-0.68429667
-1.6497744
-0.41487533
-0.38644227
0.92201144
-0.2544259
0.644719
-0.40242592
1.3198762
-0.7127404
-1.2248355
-0.011849469
-1.9183599
-0.98967534
0.11117871
1.1011854
0.23880987
0.6423177
-0.9187447
0.6682729
0.65218633
0.36189094
1.8028328
-0.6615081
-0.7716438
-0.9695549
1.4440278
-0.53589535
1.6171167
2.3007638
-1.655999
0.42975777
0.0543609
-0.37505573
-0.637995
-0.97162914
-0.44344696
-0.5836087
-1.60485
-0.25982058
-0.041100435
0.77773905
-0.7597008
-0.287847
0.29472145
0.04100348
1.0940013
-0.35875088
-0.16677508
-1.397544
0.23802827
0.35510126
-2.776659
0.42297295
0.61612993
1.0027276
-0.09588663
-0.17468329
-0.45501637
-1.1173353
1.515933
-1.9671676
1.1483804
1.5500501
-1.2999436
1.4574672
-1.8318373
1.9234279
-0.6790052
1.383685
2.193294
-0.3338502
-0.94520235
1.7536246
0.99186593
-1.2329544
0.17955793
-0.27142876
-0.081253886
0.7835077
-1.8258336
-0.7677654
0.2979582
-0.2935424
0.6921251
-0.33038384
1.5346565
-0.141171
-1.3628494
0.20183247
-0.7880014
0.73087674
0.16890457
0.96305716
-0.8759798
-1.2143786
0.90176284
1.3413788
-0.8704849
0.4176911
1.7408531
-0.3069889
-2.4040623
2.2212903
1.193433
-1.9306967
-0.15336871
-0.9086283
0.21062003
0.45688182
-0.74832314
-1.037827
-0.11197645
-1.7321079
-1.063793
-0.48311093
-0.50060153
-1.9731747
1.4816735
-1.6563472
-0.25075746
0.9286405
0.22768494
1.1229249
-1.7401588
-1.0833828
0.37130603
-1.9724436
-0.25389543
1.1017684
1.7064811
0.3978012
-1.4630127
1.486881
-1.2846296
0.8321439
0.36641607
-2.137371
0.37562796
-0.79877305
-0.06303418
1.51863
2.1858945
2.2453022
0.6939644
-0.8640777
1.8037243
-0.53793967
0.91513413
-1.3170507
0.013071955
-0.6561334
-0.16940483
-1.2720461
0.8305206
0.5558702
-0.6298899
-0.29902726
-1.0421338
-0.5444505
1.9949881
0.79342735
-0.5422869
-0.13589604
0.4445569
-1.457697
-1.186286
-1.4111956
0.8110422
-1.3019662
1.0692216
0.30300048
-1.0198623
0.11969468
-0.47524273
0.39956173
-1.5660417
0.41068083
-0.22865498
0.76382947
-0.6241152
0.41716412
-1.5201513
-1.0854267
1.3348299
0.72767353
-0.42437685
1.0368485
0.16299014
-1.2323793
-2.3318567
-0.3942889
1.9446113
1.1076752
-0.8112829
-0.49286377
-0.15144528
1.8590841
-0.46086723
-0.23683816
-1.2677472
0.82653224
-1.2352446
0.6906676
1.7246451
1.3410552
-0.23770806
-1.1474879
0.4985193
0.61220837
-1.623853
-0.804803
-0.68279576
0.3875112
-1.0582799
0.6387013
-0.9211719
0.70900387
-1.933565
-0.6571477
-2.1091626
-0.5422644
1.3424002
-0.2996741
0.49205673
-0.81379724
1.0972267
1.1501672
1.3313287
1.03662
0.62717086
-0.6963745
1.8084542
1.0835254
-0.97285956
0.16901979
-1.3155559
0.60467976
0.5196088
-0.14210503
2.0633724
0.59877837
1.4366255
-1.5593073
1.2536111
0.9071232
-0.22285269
-1.7372792
0.8799716
-1.7537024
0.36642978
0.22202748
1.1232862
-0.6073752
-1.1311255
-0.39889064
-0.342506
-0.0020127879
0.1386361
0.9353268
1.4399484
0.2468851
1.7329895
1.4825343
1.1934863
2.0483277
1.1598758
-1.2615917
0.4983061
0.25762168
-0.8276007
0.50764817
-1.3423914
0.13320489
-1.8560536
0.5482756
-1.7037883
0.85320485
1.772177
1.4003322
-0.4086021
-1.5678419
-0.7810296
-1.1812387
-1.6132002
1.6481097
-0.45489493
-0.27111274
0.9920106
0.06590441
1.1800064
-1.6348685
0.9039175
0.04848653
-0.6258899
0.9079976
1.6537336
-0.1544722
0.1981597
-1.3529106
1.3970019
-0.053328574
-0.36061853
-0.43300378
0.26482043
-1.1613504
-1.4870636
0.19469787
0.56406593
-1.163764
-0.9894762
1.2459487
-0.966135
-0.40765262
1.9856566
-1.6189373
-1.0972838
1.6796067
1.2190719
1.8186384
0.5048898
0.613784
-1.0000635
-1.2442334
-1.523898
-1.7439785
1.2002287
1.1232691
0.5075697
-1.228423
-1.7103238
-1.5277711
1.5809488
0.7991358
1.3063362
0.03418535
-0.47124356
0.84227836
0.522709
-1.1711354
-0.27318656
-1.2180898
-1.1816772
-0.94753516
-1.4449859
-0.2687255
-0.9566066
-0.9167419
0.21708871
-1.3330451
-1.7735479
0.8045713
0.18305548
0.3485334
0.16873926
-1.6670128
-1.4738246
-0.090258144
0.5708834
-0.687037
-1.7538947
-1.6447242
0.9236209
0.09274902
-1.5789433
-1.1188127
-1.6734463
-1.7629609
1.2197866
1.9725904
0.15593167
-0.44471857
-1.9534839
0.5734171
0.5869168
-0.2740541
-1.5502086
-1.4297464
-0.64721936
0.70233226
0.7976857
1.9136813
-0.6359699
-1.8902878
-2.4041667
0.85186034
0.10963653
-1.3871952
-1.4474169
-1.5018578
0.19117747
-0.74299896
-1.746663
0.9548167
0.53464866
0.29071668
-1.2574699
0.27033815
-1.8406565
-0.428614
-0.4804928
1.2756302
2.000996
-1.3208417
0.8074767
-1.2978221
-0.7139986
-2.0137873
-1.6200528
0.13131122
0.40187386
0.5396541
0.47174704
-1.4302973
1.6798058
-1.1628765
-0.6210043
0.9089247
-1.5107756
2.1759593
-0.5377712
-0.7251234
0.472139
-0.45265043
1.0701355
-0.12639491
-0.5027355
0.8775227
-1.0357287
1.9349216
0.43938747
-1.1504539
1.8166918
1.5514703
-0.34787545
-0.4748124
-0.42266464
-1.6268833
0.037079718
1.5693848
-0.9277296
-0.42201984
-0.60097593
-1.2833822
-0.12987106
0.21781212
0.60723555
-1.4756333
0.70335364
1.7534508
-0.6265533
1.6534165
-0.10869048
-0.94250786
1.517504
-2.2305186
-0.07475994
-1.5406837
-0.33964962
-0.19537432
1.6801995
0.58387697
-0.3939886
-0.09424345
1.5626442
-0.24297793
0.58972335
1.3372295
1.5474179
-0.9059254
1.3908486
0.7433063
-0.59234303
-0.7583385
-0.5236786
-0.82595676
1.3524209
0.45276302
1.7385018
1.0146298
-1.0951647
0.35572985
-0.65957713
1.5960064
-1.5018694
-1.2456031
-1.2076883
0.6811778
1.3404082
-1.1964961
-0.049925134
-1.491764
-1.1942369
0.72207034
-0.24932311
0.44839644
-0.013382125
-0.54298276
-0.3808354
0.34120855
0.82311237
-0.36290082
1.2443861
1.4999647
-0.13227838
-0.24302872
-0.293035
2.2254763
1.5405113
0.16722102
-1.5634836
-0.10185465
-1.2960515
1.7377226
0.89213264
1.3425236
-1.5789543
-0.6878929
1.8891127
-1.5233191
0.057147566
-1.3979236
-0.52563757
1.5680622
-0.1742437
1.1584896
-0.48332405
-1.135828
-1.0936893
-0.87924176
-0.34635833
1.1575722
1.9492055
0.024981966
0.32480988
-0.61603737
0.9435424
-0.32329747
-1.4635257
0.39916262
0.4149133
-0.47945958
-1.2042109
0.3720979
1.0516617
0.53963506
-1.1459357
-1.3250475
1.0530378
-1.92317
0.40375257
2.2417252
1.509573
-0.63799006
1.5236822
2.178335
-0.87774634
0.29787168
-1.0833268
0.7917531
1.6789515
-0.8787771
0.5176684
0.55268157
0.25958875
1.3212849
1.2558055
-1.0704647
-1.6216472
0.83573437
-1.1505158
-0.24090527
1.4778098
-0.32955804
1.297793
-0.044204623
-1.0374401
0.63344806
0.63466585
-1.2226357
1.311468
-0.07722042
1.7525072
-0.95746803
1.832686
-0.15616839
0.32391092
-1.2908353
1.017414
-0.14289622
1.7982343
-0.6239268
-1.339954
0.05950613
0.29906106
0.62358475
1.5334005
1.3525187
0.93300533
0.71983105
-0.7101973
-1.246479
0.33118615
-0.10293121
1.5006338
1.5225639
-1.2604184
0.2920539
-0.9823258
-0.14634211
1.9812545
0.21120198
-0.25381365
-0.010127777
-0.9605222
1.0929248
1.0859439
-0.9235007
0.026585063
-0.22002402
-0.89221776
-1.5074842
-0.37652895
-0.92423785
-0.27066502
1.6603158
-1.0754509
0.6257172
-1.2769094
-1.2308062
0.5633424
-1.8988476
-0.94970727
-0.17147478
-1.3154602
0.78916013
-0.015322674
-0.49451596
0.6019922
-1.6580129
-0.428064
2.1218903
-0.6899883
-0.44389582
-0.5546332
0.6485584
-0.8746916
0.9434248
-1.5700538
1.7776257
-2.0970354
-0.36009935
0.10890248
-1.379852
-1.4429786
-2.058891
-1.5017496
-1.6757696
0.32208696
-1.218833
-0.6513748
-1.9484396
1.0449396
-0.5754782
0.7741666
-1.4822271
1.7690537
-0.484685
-1.3766954
-0.745976
0.81270844
-1.1431696
1.8469514
-0.16157238
1.0037917
1.2546158
-0.9444548
1.8459331
-0.007822688
-0.048216954
-0.99308753
1.3340812
0.58080655
1.3698124
-0.017727256
-0.25109768
1.8045965
-1.2330828
0.32257527
0.84784657
0.26331478
-0.83328885
1.2135236
-0.9719914
-0.74645483
-1.0367274
1.186277
0.65119636
-0.08193427
1.5902791
0.8646572
-1.352044
0.544186
-1.1555675
0.23148829
0.41670218
-1.9539299
-1.1637262
1.4595513
1.3882129
0.24186793
0.168699
-1.6173987
0.0044502392
-0.75013703
-0.787813
-0.13496299
1.908308
-0.63794756
0.18417613
0.14737411
-0.32662168
0.8495442
-0.6978499
-1.9452602
-0.6040444
0.13009009
-0.9593047
-0.13768731
1.0536379
-0.90935475
-1.835427
-0.45015675
2.299275
-0.6562309
1.9955378
-1.3234025
-0.1345624
-0.017662225
1.2014902
1.5636035
-0.6646996
0.98929906
-1.3637462
1.0875599
-0.628822
0.20020938
-0.47636563
0.40140235
0.093711026
0.050374944
0.10464997
-0.27593786
-1.7113653
-0.7876616
-0.7357205
0.015025646
0.14331904
-0.71765244
-1.3499256
0.038109463
-0.7769843
-0.42088944
1.5827512
-0.5638807
-0.83529663
-1.5206364
1.0440668
1.1381125
-0.21738148
-1.4004136
0.8674691
-0.88818276
-1.1472423
-0.84960115
-1.211833
1.3164799
0.42468014
0.24872203
0.10680435
-1.3657482
-0.13553323
0.011593991
1.489759
0.009815822
-1.3589189
-0.786595
1.3834349
1.2923031
-0.87983304
-0.3444647
-0.8588519
-1.7814032
-0.6048071
-1.4570336
-0.9343187
0.568021
0.19537312
0.88968295
-0.18296173
1.1609406
-0.043165494
-0.28711814
-0.99148095
-1.433108
-0.7822402
-1.0484235
-1.7458788
-1.007663
-1.4749523
1.1701604
-1.6240536
-0.60693926
0.15877134
-0.9228924
-0.31703746
-1.9975471
1.7785312
-1.171567
-1.7593477
-0.64778256
1.9674269
0.47462493
-0.34700358
-0.83894265
-0.6878692
-1.1560261
0.0553322
-1.4184731
-1.6000069
2.2814708
-1.2327216
-0.03200115
0.917083
1.7105074
-0.2633199
0.80966604
1.3981476
-0.74008334
1.0559192
-0.82594484
1.4651939
1.1366538
0.36665982
-1.4253284
-0.53269213
-0.3422931
-0.25231153
0.35853076
-0.025593882
0.895725
1.526669
0.31486958
-0.121018894
-0.397903
-1.577124
1.4965554
0.46871817
-0.5673183
-2.1732628
0.7552464
-0.36640766
-2.0868618
-0.59900534
-0.31270713
-1.7321883
-1.1714824
-2.0286765
-1.8420548
-1.5877566
0.7727689
-0.10915916
-0.9081445
1.302476
-2.1663418
-0.65074164
-0.20056249
-1.4107946
1.7869817
0.02169745
0.85461617
-1.8452737
1.029705
-1.1514527
1.167643
-1.3378178
-1.1436384
-0.52911407
0.57386833
-0.98152035
1.5819427
-0.42051902
1.7678512
-1.7137874
-1.1716789
-0.35503566
2.1042585
0.49072397
-1.6788969
-1.5706924
-0.33187863
-0.13895772
-0.6238022
-1.8282101
-0.027343443
1.185937
1.2213798
-2.058943
0.7345956
-1.9593879
0.8811064
-0.7081125
-0.93047273
-0.30116674
0.47869802
0.3249902
0.84577537
-1.593537
-0.9071671
0.75050706
-0.026130369
-0.5506546
1.4403634
-1.9392182
-2.3753068
1.4274862
-0.4675427
1.4674653
1.2970059
-1.3345748
0.38182274
1.5430582
1.3133287
-1.865996
-0.4266763
1.2817738
1.348112
0.14923514
-0.037363447
1.4180522
1.1847851
0.44156453
1.5929923
0.52406
2.1186008
0.6723444
-1.7813916
0.55334234
1.2688249
-0.48179618
-1.9401727
-2.2323327
-1.7578578
1.4905623
0.16518411
-0.9500674
-1.90384
-0.026689148
-0.02377278
-0.71388066
1.693497
1.69132
-0.1819305
-1.2048411
-0.72321635
0.07034368
0.6432855
-1.8615843
0.6309854
0.11474337
-0.49201274
1.5448385
1.8050199
-0.013885171
-1.0548651
-0.24677502
-1.2154772
0.5539421
-1.2295115
0.97654617
-0.3817404
-0.805725
1.4303274
-0.048592158
1.6478965
-1.5385102
-0.6194063
0.5747967
1.6288426
1.7197394
-0.9377494
0.11557972
-0.70397097
-0.23773623
1.5580885
-0.57433844
-0.8532925
-0.995757
-0.84217155
-0.06169752
-1.5130613
0.65741956
-1.0008239
-0.5686949
-1.3154176
-1.3804666
-1.8839269
-1.0675462
0.5226549
-0.99026346
-1.2349102
0.9542721
0.99148476
-2.289844
0.4890195
0.39393747
1.7388604
-0.43128365
-0.2783703
0.22174978
-0.7728384
-0.6314045
-0.16023256
1.3572301
1.0178565
-1.4504677
-1.0771781
-0.2933701
2.235332
-0.06388156
-0.61969393
0.6341845
-2.6621194
1.4185236
-1.2531624
1.7290856
-0.5198909
0.8148578
-0.27722135
0.16218734
-1.0281664
-1.2521613
2.0380416
-1.5447453
0.93158334
-1.4520577
0.28211883
-0.033747975
-1.1888527
1.4157219
0.84010166
0.07913463
0.22942452
1.4861689
0.8969753
-0.3541467
1.6508875
-0.12530825
1.2060614
1.6277221
-1.1138185
1.1533961
1.0171499
0.9586652
1.4678591
-1.2363427
1.9930811
0.18538041
-2.5036962
-0.10613654
-1.6337634
1.6406887
0.5807903
-1.378842
-1.3378313
-0.53706527
0.99460244
-0.94047546
-0.60245556
0.2735989
0.8943399
0.559647
2.0295265
0.6990671
1.4210867
0.6689043
-0.5492358
-1.782885
0.573576
-0.08688534
-0.8629537
-0.0434874
-1.2526037
1.7503353
-1.1386406
1.30593
1.2305216
-0.5574951
-1.0601666
-1.3697348
-1.2400682
-0.07983494
-0.5835403
-0.24261758
1.8275834
-0.5623191
-0.83385396
0.29689655
-0.76671714
1.1877685
0.06547421
-0.049604896
-0.5687317
-1.7924731
-0.21792564
0.83574337
0.35729846
-0.11300959
-0.22788641
0.47013327
-0.86252546
-1.3945674
1.2396953
-1.5386547
-0.530432
-1.0630548
1.5194944
-0.26686284
1.0607314
-1.8311822
1.6305606
-1.2145898
-0.33093384
-0.3283799
-0.6246948
-0.28075045
-0.9228752
-1.4601275
-0.92348135
-2.0277398
1.3012255
-0.62501365
1.6685082
-0.97005695
1.2044151
0.24546038
-0.31366786
0.69043547
-1.5428097
-0.23975576
-2.5487976
-1.5375054
-1.0864279
-1.1456858
0.5488547
-0.16395363
0.9949508
-0.5252777
2.1354175
-0.8219751
0.30679834
-2.1110513
0.9082102
0.097885005
0.11621198
0.87858695
1.3649149
-1.0974007
-1.7240266
-0.20229328
0.8231193
-0.010442618
-1.3352047
-1.1471655
1.0638574
0.9643966
-0.36180836
-1.0715613
1.0206099
1.3027076
-0.29933822
-0.64920646
-0.25903597
0.6215644
1.1260903
1.4761783
0.2864948
0.45217925
2.0424092
1.2563392
1.7284569
-0.33017972
-1.8252487
1.1650562
-1.2412562
-1.0123813
-1.5068145
1.6191864
0.17438026
-0.2612347
-0.9798376
-1.493385
-0.16939276
-0.4824402
-1.4535547
0.24400254
-0.47010595
0.50554645
-1.5318989
-0.34040233
-0.37050226
-0.18482547
-0.51922184
-0.15999858
-2.388641
-1.260155
0.8559415
-1.2386482
-0.6862057
0.20433444
-1.5340793
0.5100857
-2.340779
-0.7035433
-0.57434607
1.739561
-0.277557
-1.9725848
0.3710075
-1.8951715
-2.2670176
0.6887364
-1.2930784
1.2767503
0.27338818
-2.1155043
-0.5477102
-1.7876935
-1.7172455
1.2749568
1.478942
0.3956349
-0.8758808
0.8339503
-1.2342196
-0.9377126
-1.5605996
-1.3732773
1.1752825
0.43521336
-1.5830692
-0.76272696
-1.6581588
-1.9662545
1.3264679
-1.1238183
-0.15874518
-0.29753152
-1.6628542
0.3861655
-0.578905
1.0167589
-1.648514
0.81718874
-1.5426904
-1.2359272
1.9263159
-0.69417834
-1.5154604
-1.6809176
0.8634465
-0.6937668
-1.154382
-0.01507572
-1.782761
0.60807127
0.3246164
-0.35919684
-1.2249981
-0.93047154
0.06000996
-0.78954124
-1.3534484
0.20959629
-1.6346548
0.7898464
0.43697736
0.24310967
0.869944
0.53347135
1.4066815
1.1357386
1.8122475
1.2758747
-2.3902857
-2.0918818
0.16632876
0.95013607
1.4177855
0.23891452
-1.3383932
-1.1256766
0.98654586
-1.6083136
0.69773006
1.8847877
1.3616576
-1.000133
-0.39319617
-0.7197617
-0.108526506
1.0482213
-0.3438994
1.5510411
-2.0978014
-0.99992275
0.5725747
-0.5940448
0.54612356
-1.4470042
0.5833971
-0.99500704
-0.22455211
0.81312877
0.04915264
-2.2045653
-1.0851078
0.8248398
-0.9158381
0.004113022
-1.6558719
-0.5167924
1.0735408
-1.9223268
0.47187158
0.3932497
0.138853
-1.0462406
0.05194629
-0.18797925
0.7880898
-0.8775893
-0.79687935
1.2447324
0.18789361
1.098798
1.7039291
-1.1093173
-0.2913333
0.17222694
-0.5243521
0.194259
1.0907334
-1.4386091
0.5337932
0.26836026
0.76161116
0.2183784
1.9361224
0.51175636
-2.0498714
1.3848375
-0.92097753
1.9824164
-0.09704909
0.834953
-1.3051714
1.5494995
1.41592
0.6078299
-0.8643625
0.97923565
-0.31502047
-1.1092111
0.8927259
1.1470402
-1.5338646
0.5088961
0.13085304
1.774123
-1.449946
-0.57239825
-1.7173983
1.5852355
-0.14564791
-0.96837825
1.7134137
1.5464153
-0.047886007
-1.7350737
1.8677441
-0.1861813
-1.1801382
1.4094454
1.2309047
-1.091871
-1.4993485
1.0911237
-1.4071201
0.21276997
1.3416475
-1.6797974
-1.4473097
-1.8173794
0.25973803
-0.20971172
0.74196184
-1.3098432
1.6482251
0.715412
-0.7197234
-0.99648046
-0.112787515
-0.09930608
-1.3302381
-0.18974018
-1.2007921
0.21957707
0.4235681
0.37140813
-2.0175874
0.47060907
0.07606861
-1.0108232
-1.4801364
0.3910607
-1.4650334
-0.8133252
-1.0347865
0.6392806
-1.048044
1.4996476
1.0756524
-1.8498609
-0.62165606
1.0327626
1.150698
0.82826054
-2.1202636
-0.54451287
-0.506324
-0.24357805
0.9821565
-1.7215774
-1.1561189
1.1380826
-1.4856895
-0.84179676
-1.7370975
2.2464566
-0.95696115
1.8073801
-1.3592687
0.6313076
-0.8280074
-0.9186381
-0.09038094
1.5063355
1.3232325
1.5261968
-0.35947308
2.2642672
-0.6168039
-2.1385117
-0.5240746
-0.5452175
1.759217
0.7688632
0.1764897
-0.8886042
-0.23645043
-0.22829951
1.0277748
-1.8282349
1.5759302
-0.85087097
-0.5945673
1.0872412
-0.2753675
1.080287
-0.6267789
0.6993158
1.1799985
-1.5956614
1.2342185
-0.62556577
-0.4842388
-1.8407135
1.196
0.9448025
0.9793341
0.36010882
-0.04059283
1.5181935
-0.0036001427
0.60182774
0.22427097
-0.10572629
0.7686615
-1.3903978
0.57862353
-1.2225794
-1.4593834
1.7223363
-1.5206798
-0.06506766
-2.0192213
0.9050502
-0.38914323
-2.4379065
1.8544848
0.20932092
-1.2429733
0.4340172
0.23591533
-1.1924404
1.3155723
-0.6526008
1.0697238
-1.6394624
-1.5068711
-1.102602
-2.0608718
0.033964206
-0.86912537
0.14564508
0.17984231
-0.53817695
-1.2114315
-0.052446354
-0.9861091
-2.0591397
-0.35476694
-1.2453101
-0.40274695
-1.5718102
1.2877823
1.1230959
-0.37404388
-0.67314786
1.6904231
1.2085204
-0.84087425
-1.3419052
-0.41012245
0.88567394
-1.6764519
0.9099903
-1.0998785
0.6821301
-1.2059871
1.440137
-0.8652753
-0.56020325
-1.0387334
-0.39416817
-0.77043813
0.14732058
0.5669037
-0.895973
0.11193608
-1.2310756
0.040147286
-0.18676165
-0.01945002
0.1649411
1.443796
0.5926569
-1.610398
1.1148111
0.030274713
0.48882276
-0.5323098
0.8778077
-1.3515353
-1.0666733
-1.8878047
0.9558391
0.87517947
-0.3973594
-0.9189881
-0.15839173
0.3474752
-1.2265404
-1.3552294
-0.24309619
1.2598829
2.022036
-1.9354432
0.8351092
1.9401371
1.5579956
-0.43614644
0.34228352
-0.09262009
-2.0403302
2.0171595
-0.33214685
-1.0052433
-0.71366984
0.0013205069
-0.71685165
-0.8892967
-0.36587545
1.1959198
-0.26006874
0.28868505
1.1356835
-1.727226
1.0433555
1.4596318
0.8106861
0.07707765
-1.9537275
0.09888399
-1.4727967
-1.4987736
1.2670987
0.26842883
0.9786091
1.5108013
-1.1476287
2.3844607
0.2179098
-1.9347872
-0.026383778
-0.35728416
-0.90493244
1.7529166
1.2035538
0.5390073
-2.5497339
0.16897687
-0.568482
-0.017662367
0.9218838
1.890375
-1.7899153
-0.79865533
-0.15711378
-0.25666213
1.4918025
-0.042363044
-0.34246904
0.049427167
-0.4782479
-1.8406248
-1.8175718
-1.454512
-0.3801307
0.77199984
0.56789315
0.114728026
1.57414
-0.27358812
-0.5622041
-0.254894
-1.1785762
1.6432638
-1.0431569
1.6776006
-0.9191283
-1.8763133
-2.6213965
1.4547513
-0.5554396
-2.013908
-0.051528282
-0.5799527
-1.6778425
0.45728362
-1.4614652
-0.62503403
-0.24592525
0.42880586
-0.16955523
-1.4851544
-0.010560033
-0.98702335
0.016400738
0.5732928
-0.53091013
0.22275089
-0.02370286
0.6780519
-0.65355873
-0.30793875
0.21657343
-1.6568407
0.08654801
-1.1727515
-1.9680338
0.19453323
0.26260263
0.39110893
-1.1989365
0.12401681
1.4726197
-1.8452271
-0.007615824
0.34442452
-0.22177613
0.5210562
-1.926103
-0.42154905
-0.26489997
0.103007786
-1.0389705
-0.8149039
-1.4445236
1.4817733
1.2644161
0.79859704
-0.03670293
2.1009314
0.04695637
-0.9441896
1.7900629
-0.9785724
-1.2655642
0.41906732
1.6895633
1.5123894
-0.26188165
0.27264845
0.64927214
0.010895226
0.4753345
-1.0542643
-0.91420156
-1.797617
0.10404405
1.0354538
-1.8007308
0.36085144
-1.4148465
0.10515894
1.4744244
0.29721716
-1.3803519
-1.8026725
1.989115
-0.77796113
1.2600287
-0.61625683
-1.5272334
-2.011033
-0.26055938
-1.4379796
0.78644335
0.22162615
0.49296987
-1.3415018
-0.09364627
0.8371087
-1.3579966
0.8936468
0.6017015
-0.46224993
-0.7217609
-1.2474982
1.7229323
1.6354089
-1.2936349
-0.7304776
1.3589479
0.033356648
-0.5467307
1.0494151
1.5621958
-0.045633335
0.9770136
0.18924242
-1.2334484
-1.4331278
1.5608995
-1.8176758
-1.6343722
0.40047097
0.6677331
-0.6607764
0.57469285
1.6664904
-1.9925199
-1.2526525
-2.075924
-0.71383345
-0.81200355
-1.4387926
-1.2211356
2.0482168
-0.48498118
0.4554477
-0.41730437
-1.4857754
-1.4501479
-0.9746705
-0.8935344
0.2632488
-2.0657399
1.3398405
1.0893595
0.7051005
1.0037713
-0.42296326
-0.6748771
-1.0392357
-0.6244038
-1.0073456
-1.3862171
0.458885
-1.3538394
-0.2785808
-0.7711066
-2.3463197
-1.5489957
2.310819
-0.7109317
-0.5446708
-2.4661932
-0.59947777
-0.48691574
1.3950404
-1.4847603
-0.45088863
-1.1251987
0.4968628
1.8137214
-0.5089228
0.08552923
-0.67450935
0.8529984
1.3743978
-0.5829297
2.0132096
0.74599713
-0.3482489
0.64843726
-1.1835197
1.8623291
0.46154273
-1.7767634
-0.33355895
-0.4673261
-1.3720198
-1.4046193
0.5242831
-0.91665775
0.8934556
0.6834821
-1.1042362
-0.36032343
0.76567304
-0.18561392
0.06842899
-1.0035417
1.2294873
0.93273216
0.4610892
1.3160087
-0.7103722
0.58795583
1.7026336
-0.5735802
-0.4255927
1.7090845
1.6455622
1.1361161
1.2426919
1.0225959
-1.5566051
-2.3986006
0.16877179
-1.829241
-0.21541432
0.5199788
-1.6448181
0.52734494
-1.6230793
-0.094924435
-0.56240726
0.047179595
-0.35804576
0.7931555
-0.17960663
0.2985879
-0.46432173
0.91935897
-2.1983151
-0.6507787
-1.2011429
1.3796395
0.2340635
-0.25635114
-1.3684016
-1.2769011
0.81375235
-1.8103774
-1.8338296
1.4390125
-1.0292013
0.09326038
-0.06828388
-1.2447114
1.3683991
1.6165624
1.4688193
-0.9724202
0.545642
-0.60155636
1.5427191
-0.7744928
-0.14201681
-0.7014265
-1.4042981
1.405263
-0.001545369
-0.63401645
1.3014358
-0.70654136
1.4674892
-0.7228213
-1.385164
0.6311558
1.0604975
-0.47147828
-0.27651897
-0.43089145
0.5261937
1.3242638
0.77000505
0.50555587
-0.9971598
-1.0133868
-0.26421317
0.18985957
-0.03701055
-1.496337
-1.2543092
0.5587622
0.36046603
-1.5447713
-0.9489399
1.268762
-1.0961661
-1.7456945
1.1810532
-0.3440355
0.98803544
-1.4459009
-0.08597659
-2.227458
0.9550872
-0.27108398
-0.17600317
-0.17683165
0.32539245
-1.7959467
0.91996086
-1.3807565
0.697943
-1.826997
-0.08130196
-0.079067774
0.7946812
-1.2805547
-2.359311
1.5978969
0.62127554
1.5655222
-1.182252
-0.59953433
1.2395225
-1.5835066
-0.07320875
0.92767537
-2.362154
0.3987064
1.5543076
-2.1168187
0.8353812
-0.8358377
-1.6636375
0.29745924
-0.40580913
-1.1134472
-0.75497735
0.031277236
0.11375278
1.6231356
-0.99644864
1.7493616
1.273518
0.433567
-0.9840759
0.34357327
-0.9823659
0.23763214
-0.41496238
0.24787864
-0.80347705
0.55608946
-0.7473436
-1.3264749
1.9974295
-1.2100573
-0.52248955
-0.0039445134
-0.6724503
-0.9805169
0.41288137
-0.01400758
0.98582345
-0.73615223
0.13447556
-0.32206002
0.6318781
0.87723374
-0.26041663
1.6218809
1.3468916
1.6023954
1.6284561
0.9246391
-0.37893426
1.2775879
-0.19289944
0.07644571
0.52312106
1.1223671
-1.871386
-0.17371522
0.782015
-1.3104522
-0.10307302
1.6280783
0.28614748
-0.17049667
-0.37410477
0.5883282
-0.31581324
1.7539042
-0.6667304
-0.5675062
0.39329326
0.11258945
1.8148273
0.06759622
-1.3597397
-1.9665971
-1.8682806
1.2618725
-1.4278096
0.9688175
-0.60354805
-1.035151
-2.1940722
1.3010788
0.8069069
1.1662633
-0.027688928
-0.42514867
-1.4080486
-1.5997667
0.8662714
0.51900405
-1.8704238
1.4946735
0.528468
1.0324935
-0.01058137
-0.54625124
1.5680437
-0.25721896
-0.5856239
1.7888353
0.28453368
-0.91869843
-2.082935
0.29231745
0.038357493
1.1320902
-1.4001229
-0.10774811
0.89171267
-0.09124437
-0.4642113
0.28312215
0.42441407
-0.18046322
0.0459777
1.3313231
0.29172578
-1.398885
-0.14338447
0.43647093
-0.11481877
1.4405539
-0.8969026
2.1454034
-0.16209944
0.3768792
0.8640548
-2.0837972
-1.1430637
-0.6811347
-0.80450064
0.90835345
-1.4748442
-1.8725644
-0.46038657
-1.2923568
-0.044127747
1.4864367
-0.55793107
-0.9622578
-0.0037203345
-1.7028482
-1.0771801
-0.029506499
0.04294534
0.92755294
2.1642742
-0.41417256
0.38459137
-0.8720583
2.2497466
1.7568092
-1.0674864
1.8742982
0.1361484
0.8999909
-0.9019899
-1.8827648
0.5106081
0.50363266
-0.4643058
1.5612435
1.1086959
1.1781594
-0.7459467
-0.15848187
-2.2286525
0.48449606
-0.08334282
-0.054782536
0.35133314
-0.56807303
1.7397149
-0.29669845
-0.47545254
1.1908243
-1.4116302
-0.82057023
1.4388046
-0.7704193
-0.06655705
0.6259282
-1.7391787
1.0143073
1.0477841
-0.92482746
-0.28107834
-0.4348434
-1.2139014
-0.6660318
0.63803494
-0.05588748
-1.8500996
-0.56271225
-1.2966117
-0.31926107
1.3284432
-1.1877118
-0.53499764
0.28091407
-0.2521787
1.5069261
1.166007
0.13727437
-1.6937258
0.2960998
1.6492883
2.3416634
-0.10092591
1.4191587
0.074471414
0.063251495
-1.2509257
0.5523264
-0.6889184
1.8170114
-0.38879344
-0.12548243
0.28086138
-0.5161403
1.0623249
1.1854978
0.241671
-0.4416467
1.4419876
0.56932074
0.82686335
-0.89608115
-2.0813794
-0.5731484
-1.0133991
0.9947256
-0.35309047
-1.6952596
-1.5643865
-0.43463185
-2.496252
0.7808882
1.1480032
-1.0993407
-0.77509046
1.4365664
-0.5797982
-0.32138053
-0.37833065
1.887124
1.1603447
-0.8616855
0.6500995
1.4900637
-1.5378095
0.33652514
0.79436255
-1.6779397
1.3755153
-0.51418626
-0.83532035
0.19486508
-0.7790611
0.45073807
-1.5032893
0.12488333
-1.0152078
-0.065228574
-0.9484416
-2.2513204
-0.95648944
-1.0103643
1.4959272
1.7532458
-1.3297539
0.17461036
-1.7293555
-1.6178821
-1.2225381
0.14613517
-0.42006776
-1.5661117
-1.3088081
0.03721862
-1.1482861
-0.58047676
0.4235066
0.48401034
0.82390463
1.6141034
0.607031
-2.2242904
-0.28931692
1.3193411
-0.27626812
-0.48788202
-0.3395437
-1.7090244
1.398239
-0.10078736
0.9307389
8.550659e-05
-0.32890895
1.7220768
1.41315
-0.2842619
-0.7187484
-2.1297498
-2.1185331
1.1655499
1.4444494
-0.7864926
0.9096395
1.3295283
1.4239808
1.3372285
-0.12795256
1.4620991
-1.7463545
0.6516059
1.5863296
-0.6018421
0.48847383
0.8613255
0.009002862
-0.24133615
1.138294
-0.72633314
-0.079651296
0.36166278
-0.25111875
0.5414481
1.0988939
0.43227103
-2.3880045
-2.1256607
-0.15744442
-1.0678483
1.8993739
-0.23323107
-2.5440314
1.3617219
-1.570488
2.1711931
-1.8238077
1.4478889
1.4776917
1.0850872
1.0537264
-2.3953807
-0.46869147
-0.105635084
-0.67693144
1.5046598
-0.0894444
0.2943502
0.45664412
0.8329957
2.1767492
0.049819186
-0.16284132
-1.471372
1.0065087
-2.250434
0.39578477
-1.1331788
-0.51228696
0.72678244
-0.24473879
0.93544716
-0.06996219
0.86139846
-0.6616723
0.80123097
-0.8864872
1.6655287
-1.6176375
-1.8177714
1.3437401
-0.12229709
-0.17246248
-1.3459274
1.793512
-0.77755624
-1.1452978
1.91483
-0.48525017
1.0157844
-0.5649297
-1.6361158
0.4453897
-1.017252
-0.7972624
-1.9651994
-0.7163492
-0.35522676
-0.8645097
0.3468634
-0.65794283
-1.6254392
-1.1279316
-1.131917
-1.3857096
0.13668737
0.312677
0.39697388
1.7073647
1.8292086
1.5245578
0.7279041
-0.6838971
0.3480597
-0.74315053
-1.7108749
0.6815269
0.38717195
-0.8070698
-0.2555812
0.12787119
0.64127445
-0.92542976
0.7102493
-1.3096453
1.234168
1.3404685
-1.22317
-1.1184038
-0.20002301
-1.3947937
-0.55025584
1.210426
-0.45479882
1.0954127
-0.6216687
-1.2410533
0.19454215
1.1231261
0.26731676
1.655987
-1.695686
-0.05812156
0.3524795
0.8727498
-1.5516914
-1.1872853
0.49702752
1.8755985
-0.9275267
-0.7390165
-0.3714744
-0.24924591
-1.2063477
-2.2440763
1.0700316
-0.6866932
-0.26528645
-1.1145457
-1.5182426
0.2753239
0.7149618
-0.44120142
-1.66032
-0.49820182
1.6655861
-0.8187538
0.5977058
1.698444
-1.2054191
0.29212245
0.88054633
-0.86716425
-0.14870055
-1.1386983
-0.42941707
-0.10381463
-0.7509967
-0.8226507
-0.64259684
-0.5356913
-1.5726349
0.164859
-0.8664716
-1.0947015
-1.2806418
-1.2800356
-0.80997753
1.4368929
-1.2308311
0.2052565
-1.1560978
-0.8966465
-1.3847371
1.3419287
-1.7433922
0.18661064
0.04045837
-0.40903702
0.19655266
0.6553838
-2.123908
-1.1803842
0.4626664
1.0705328
1.311365
0.4081719
-1.4437618
-1.9379827
-1.8215036
0.08230326
-0.04528149
1.2784678
-1.2702028
-1.3324034
1.237285
1.624794
-1.7331872
-1.5171477
-1.18003
0.4199294
1.3682369
-0.0049690492
0.9622411
0.6423762
-0.70155543
1.8153913
1.4740442
-0.99540395
-1.0247127
-0.11945617
-0.3815961
1.0205276
-0.02676513
-1.3932052
-1.3143481
-1.7563517
0.5332595
1.6546494
0.19816957
0.3779501
-0.11125324
0.6689875
-0.46887773
-1.1088328
-0.17858793
-0.7745176
1.4639823
-0.087620035
-1.3397268
-1.0189937
0.109853506
-1.1262633
-0.86054784
-1.4552232
-1.5943384
-1.7945129
1.181684
-0.5319523
-0.35541818
1.1330177
1.238211
1.2519605
-2.059449
-1.3834972
0.6923708
-0.094694585
-2.217885
0.89179736
-0.15898135
-2.2478082
-1.5912001
-1.2424382
0.60054964
1.9154881
-2.086896
-0.7968129
-1.5734208
-0.57539386
0.012187291
-0.92740136
0.079867154
0.09290542
-0.76218355
0.466064
-1.5896872
-0.6084195
-0.50408596
1.0446863
-0.9227989
1.3921115
-0.5238248
-0.8083788
0.71027213
0.07727703
-0.70910996
1.4035834
0.11361925
-2.4650137
1.1663821
0.06807703
-0.44276857
-0.1846295
1.4128932
1.4491718
-1.3974773
-0.50658935
0.0064254706
0.3983397
-0.16233335
-2.654417
0.7072405
0.98359704
0.035641827
-1.2857078
0.5154851
-0.23135398
0.106160946
-0.6963256
-1.0858852
-1.3878089
1.9674529
-0.57204765
1.6308645
-1.0862975
-2.2296317
-0.7761172
1.9862626
0.7921696
-1.9757085
-1.1788303
1.441024
-1.5702521
0.51798743
2.3981488
0.14705098
-0.20988618
-0.6973288
-1.6222835
-1.089401
-1.6735479
1.2473838
0.5117951
-1.7465922
-1.1954699
-2.2490013
-1.5267112
1.6048445
-0.6793842
1.1059023
-1.1335461
-0.14343853
-0.27113885
0.3351299
1.8141674
-0.19268379
-1.0363203
0.72348183
0.42846358
-0.43431497
-0.36030373
-0.39932927
0.1927396
1.4466269
0.9495136
-0.9946268
0.470532
0.58033717
-0.19722798
1.0607905
2.3001714
-0.7570752
1.076872
-1.3252615
-0.373981
0.81752783
1.2309749
-0.8520313
1.5867025
0.2612916
0.5327194
-2.0687788
1.128489
-0.8946917
0.24732065
-0.9582172
-1.263356
-0.9275006
0.6461686
-0.57096523
-0.41237056
-1.2973101
0.18789756
1.4712621
0.08695253
0.12107418
0.7488779
-0.58274806
-0.21873924
-2.725148
-1.8280613
-1.345766
0.78781146
0.078035645
-0.38113385
-1.0310547
-1.5937004
1.1617526
-1.1154041
-0.88218504
0.029029822
0.032621622
-0.48748276
1.5556347
0.382152
-0.2288765
-0.9545214
1.4243923
-0.89317197
0.028079195
0.44113305
0.944344
-1.1403111
-0.52670383
-0.5916194
1.3070271
-1.3978137
-0.59097964
0.4840079
0.70053494
0.38735107
0.8763198
0.24946822
1.5573109
-1.7381234
1.4912021
-0.076396614
-1.5205826
0.2810413
1.6323059
1.4115436
0.116232544
-1.9209623
-1.5565947
0.47378457
0.8672529
1.0901929
-0.8612325
-0.90103966
0.4548006
-0.13578509
0.8100173
-0.13965282
0.5086501
0.3490572
1.1458912
-0.59672403
-1.9838188
-1.7306765
-2.0199485
-1.3435599
-1.1643648
-0.11346394
-1.2384638
2.2393527
-1.0360826
-1.3733573
-0.28799954
0.37655663
-1.1080638
-0.27517554
0.36566067
-0.7598393
0.529419
-1.2425361
-1.1329726
0.67391706
0.7453526
-0.47261697
-0.6350607
2.0039628
-1.0259478
1.6557237
0.53376716
-2.3334284
1.2666569
1.5799078
-1.8072561
-0.82677203
-0.6606787
-1.1328428
-0.7998413
2.187886
0.47744203
-0.46730584
1.8030303
-0.36188897
-0.39823037
1.7310519
1.8609842
0.6040513
-0.78436154
-0.1606195
-0.90112376
-1.9605372
1.1197956
-0.73456377
0.98366386
-1.5149401
0.60739875
1.2956793
-1.0443813
-0.22715761
0.9303288
1.5219064
-0.2629781
1.7408394
0.5360301
-1.3361071
-1.0060844
-0.04059767
-0.30273098
-0.7443027
0.78366286
1.1870475
-0.26232103
0.22443259
0.4184902
-0.053436656
-0.8985199
0.58188087
1.4701806
0.37694776
0.7594325
-0.013688651
0.9290273
0.72068024
1.2448223
0.5198475
-0.86773753
0.073687516
1.5138015
0.20900789
1.1160774
-1.2092981
1.8598094
-0.047430247
0.9019034
-0.58360344
0.5839061
0.2725379
-0.67371047
0.74522316
-1.1139997
0.9803586
-0.5782403
1.1441962
-0.3982302
-0.5454278
0.10948098
0.88283455
0.44596404
-1.0094388
-0.38958007
-0.7010111
-0.9710078
0.12553734
0.3740458
-0.00338702
-1.5705149
2.0516365
0.74808526
0.5647812
-1.6674728
-0.074876286
0.38831213
0.32827538
-1.2127551
1.0554812
-1.1833779
0.22630765
1.1990105
0.32405412
0.3733145
-1.3980922
-1.632194
0.11209395
-0.9116322
0.05489834
0.42746332
-2.1579952
-0.8901384
-1.2075074
-0.1700673
-0.5258602
-1.1852798
-1.9079671
2.0719132
-1.4741182
-0.7915597
0.0815874
-1.8326377
1.0077233
-0.24917406
0.93645597
-1.0908139
0.7700669
1.5770811
-1.4627615
0.6285377
-1.0215299
-0.4080141
-0.60823995
1.0001633
-2.0708504
1.5938853
0.5720767
0.7404629
0.53271043
1.2096994
0.37142083
-1.2055373
-0.37197298
1.982794
1.075836
1.3741087
-1.2548629
-0.2589031
-0.57905334
-1.6135836
-0.6139449
-0.98940635
0.44990152
-1.6549448
-0.015478447
-1.8822695
-0.43371242
0.33883718
1.6692582
-2.16328
-1.1537491
0.27600545
1.081413
-0.20464201
-1.6001917
-1.2480723
-0.17795248
2.0140316
0.4679821
-1.0134096
-0.13698082
-2.0035217
-0.010372594
-1.0574746
-0.83599037
0.9086869
0.4544272
-0.7558618
-0.36929214
-1.5343845
1.4712445
-1.508058
-0.838542
-1.3593112
2.2961175
0.3750953
-0.19954622
-0.30133748
0.49801195
0.44103307
1.8506862
-1.7540852
-0.821555
-2.1349065
-0.32462427
1.7761936
0.92881924
0.49395072
-1.8460789
-1.599445
1.6386812
1.576447
-1.1349194
0.20605253
-0.59344965
-0.72626567
0.9185399
-1.5881814
-1.612744
-0.06807283
-0.9993055
0.4738223
-0.41259438
0.9798155
-2.0668595
-0.35617846
-0.059581503
1.0461688
-0.77215165
1.1537546
-0.9481125
-1.6605604
-0.86257637
0.38921013
-0.088010624
0.13964526
-1.113231
0.0963527
0.9486724
1.6421227
-0.100485936
0.4337464
0.8395324
1.9447073
-1.1941203
-0.2960815
-0.6641837
1.3487515
1.9362316
0.7035171
-1.0920756
1.7748995
1.0749866
1.8260678
2.008061
0.96080303
0.90872383
-1.4773958
2.0030584
0.5020939
-1.4671504
-1.1658843
-0.425644
-0.9058165
-1.4536864
-0.04186876
0.20121323
1.1592305
-0.9598646
1.4941573
1.6034144
-1.4625301
-0.37384441
0.20266499
1.3412945
-1.5559194
1.5280355
-0.022971474
1.9549589
0.56079787
-1.9369817
-0.79966944
-1.754458
2.1930082
0.33919328
1.6536752
-1.3356037
-1.5633554
1.2502407
0.8842541
-1.9734509
-1.7103163
0.7310316
-0.7187917
-0.03348981
-1.4282671
0.6440883
0.22217421
1.790695
1.6880839
0.11187881
-1.2088165
1.6576111
-1.8791444
-0.946525
-0.3334891
-0.7405379
-1.4726931
-1.8765614
0.37956265
-1.8545401
-0.31944492
0.1909016
1.2884384
-1.3501704
-0.42395774
0.23417406
0.26624262
-1.4421335
0.6001395
1.3284558
1.8971844
-0.3898727
1.4997269
0.52458245
-0.15517387
1.7752631
-0.286285
0.6493946
-1.3877022
1.0629768
-0.21641997
0.4376819
-1.4084464
0.13869196
1.4344796
0.26374456
-0.028657835
1.4096462
-1.36319
1.4437047
-1.3230096
0.25787666
1.9948508
-1.6877393
-0.5543778
1.5568649
-1.4909668
-1.1685529
-0.35856274
-1.0462663
1.7147694
-0.6531501
-2.1683733
-0.21928614
-1.6940477
1.0373874
-1.7544678
-0.8532816
1.026012
0.75040656
-0.26420373
-2.1313357
1.0753243
1.7573224
-0.15125103
1.4254996
0.20105161
-0.51630956
-0.64297754
-1.6713893
-1.1207356
0.57553566
-0.78295755
-0.6431527
-0.9040501
-0.82159555
-0.42613322
1.6417862
0.5594414
1.2264874
-2.0851767
-0.787662
1.3143771
-1.883844
0.6104631
-0.55944717
0.47401452
0.37209147
-1.4916334
-1.0395925
1.1604488
0.30495036
1.5992129
0.6902014
1.4801321
-1.2609434
-0.23633759
0.9168541
1.9536629
-0.37894413
1.4821025
0.58134806
0.9804182
-0.8369858
-0.39593834
0.46337247
0.7753004
-0.89129674
-1.2259119
1.716356
0.4471597
-1.018557
1.261235
1.4094241
0.45009512
0.5565372
1.8168209
-1.0461617
-0.03226914
-1.389362
0.39160004
-0.1877057
-0.084044725
-0.30825162
-0.043779522
-0.39823887
1.0352242
-2.2169569
-1.5742153
-2.2859302
0.17210102
-0.7180928
1.35541
-0.59863514
-0.5914041
0.81586343
-1.4479115
1.2831349
-0.5863833
-1.0702474
0.12398765
-0.6729219
-1.4902723
1.2024074
-1.5773551
1.049461
-0.86807394
0.10178516
0.7547112
-0.91439706
-0.30247122
-1.3113048
-0.59322745
-1.1997708
-1.389225
1.4506608
0.9752642
-0.12955114
-1.7517707
-1.4482706
2.0949934
1.8160961
-0.94428027
1.4691868
0.41508788
-0.03565123
-0.9387401
-1.7939749
-1.6190493
1.1221173
-0.8054979
-1.2185372
1.5474505
-1.7662634
0.53214836
-0.06496788
1.650826
0.9072174
1.343356
-1.446906
0.6990009
0.7004966
0.5578706
1.3105506
1.9334191
-2.196358
-1.3111606
1.6001794
1.3115044
-0.55361474
0.7210557
-0.4915542
-0.6101923
-0.5207717
-0.12950613
2.1170251
-0.4234027
-1.7752833
1.6775419
0.5613717
1.2774793
1.5437773
-0.8956624
-0.07173825
1.4166348
-0.16920601
-1.9698377
-0.48833603
0.28001598
-0.7950812
1.46527
-0.8775847
-0.9122832
-1.022365
1.1376297
-1.1239841
-0.111785375
-1.730611
1.761599
1.4256108
0.9137555
-0.76282763
0.8858488
0.37901616
0.38420552
1.1697333
0.40153962
-0.14336748
-0.25224552
-0.69298106
0.714916
1.277573
-0.79361993
1.3226899
-1.6473608
-1.8789697
-0.2806126
-0.6082692
-0.91022074
1.1639788
-0.034722727
-0.6929652
0.80954176
0.25532502
0.08999175
-0.24676673
-0.60816705
-1.1946129
-1.1254247
0.22704932
-0.8279119
-0.07011908
-1.3320688
-0.79328024
-1.0770917
1.2185726
1.3125837
-1.437997
-0.33487585
1.6201043
0.93091476
-1.9158125
0.8424006
1.2763149
1.4267372
-1.5073092
-1.8450623
1.4172677
-0.04115899
-0.14552213
-0.60132265
0.35716677
0.057913333
1.7856187
-0.41718543
0.99385273
-0.94217503
0.67991227
-0.824957
1.2451053
-1.7701449
-0.40330845
-1.8136327
-1.7526667
0.05491333
1.0809944
0.8341022
0.29366913
-0.67919546
1.2965143
-1.5194993
0.24166313
1.3924912
-1.5559186
1.1867859
1.0235294
-1.6654322
0.7264935
-1.2129534
-2.1859224
1.3548427
-1.2625338
-1.0163763
2.3967602
-1.0636175
0.012201908
0.90921444
-1.1344968
-2.4038231
-0.003170619
-0.32191336
1.1454486
0.4249809
1.441678
0.6529881
-0.049750276
0.9011451
-0.81409854
-1.0028346
0.40617824
-0.14548887
0.2747574
-2.2992575
-0.34959757
-1.4031198
0.9407302
1.2978857
0.7360666
-0.045812786
-2.0873597
0.52773005
-0.1722874
-0.6728488
-1.1828237
0.76828825
1.7156111
-0.056798276
-1.9844618
1.9030141
1.1763673
-1.0924237
-1.6233033
-0.4189384
-1.0406461
-1.5982276
-1.423392
-0.26661
0.29878923
1.2914441
-0.21393678
1.0740457
-0.11777428
-0.27560717
-0.72067064
1.0105418
-1.8861389
-1.4741423
0.77512306
1.3211588
-0.9383801
-0.61799645
-0.5387039
0.5133447
0.33818117
-1.4639753
-0.08245033
0.81695724
-0.4414138
0.16530728
-1.2438385
-0.9128347
1.7540301
-0.46273214
-0.20983066
0.17706724
-0.24039558
-0.15324187
-2.1394222
1.4101763
0.80444396
-0.43321988
-1.461277
1.2882107
-0.27639267
-0.61697745
-0.98822737
-1.9975249
-1.3201001
-2.5074577
-0.019152068
-1.4161971
-0.1972074
0.6994236
0.74461824
-0.14019
0.8134012
0.05912292
2.0228763
-0.104830906
-1.4809144
-0.37463826
-1.1520743
0.6944375
-1.9456052
-1.1084728
-1.6515846
-1.6877759
-0.7807011
-0.19949026
-0.78069276
-1.2934504
0.12259722
-0.27720553
-0.33335805
-1.5520401
-2.135154
-1.353269
1.7573307
-0.010380032
0.08000528
-1.5694705
1.0863893
0.900205
-0.09732757
-0.19930425
1.3195156
1.0117652
0.526951
-0.55093575
1.3911784
1.0773495
0.18196954
-2.084242
-1.1592093
1.2158008
-0.39827636
-1.0279769
-1.2194957
-0.29741865
-0.23600951
-0.8599827
0.59755933
-0.65157956
-1.1596029
-0.17624235
1.1130583
-0.32915804
0.52271175
-2.1805549
0.9703875
-1.4814414
0.6431339
-2.3914711
0.12600543
0.74510473
-1.4170197
-0.9979578
2.0150926
1.7704339
1.4550151
-1.9213501
-2.0899498
2.3196592
1.3628292
0.17951894
0.060924117
0.36504698
-0.6239283
-1.6601281
-0.17019305
-1.2595459
0.72655517
-0.6598675
1.7142199
0.050487593
0.46474475
1.5170618
-0.7611586
-0.9787537
1.1539716
-0.6770083
-1.992217
0.86170363
-1.4343714
1.4949052
0.13321754
-0.535871
1.0559012
-0.62752396
0.7070426
1.4666694
-1.73051
1.5473714
-1.4069796
-0.28508988
0.50311404
-1.9756702
-1.47789
1.7732772
-1.3566041
0.47872105
0.98555934
-0.73831993
-0.0877146
-0.6837027
1.5450802
1.7912116
-1.8431275
1.0482141
-1.3520422
-1.1531287
0.25255316
-1.7079496
-2.0575447
0.7431903
-1.0032812
1.5970745
1.3129773
1.0002494
1.2720591
-1.5088514
-2.3429103
1.9693339
-0.09708504
1.5132971
1.120766
0.9831218
0.37265208
-1.9082384
1.057111
0.74894327
1.0290439
-1.2826757
-1.1794072
0.23312938
1.7284491
0.9557216
0.03575531
0.88967204
-0.21054715
1.3555954
-0.5028726
0.15197122
-1.4322162
0.9861132
0.15667
-0.94308734
-1.4883685
-0.7705666
-1.6779203
1.7839845
-0.8536223
-1.8551042
1.4766488
-0.35145947
0.8642083
-0.025432229
0.4431147
-1.9085559
-1.3886194
-1.3428293
-0.2062647
-0.8445212
-0.18706037
0.17109247
-2.0863519
-0.9239738
0.49454457
0.8495389
0.2596229
-0.20180728
-1.8184834
-0.0029112878
0.37876725
1.6851629
-0.32434127
-0.88315874
-0.4039391
0.050076205
-0.07896998
-0.6188577
1.7495368
1.8759444
0.32523143
1.7212148
-0.7540483
-1.057043
-0.018038185
1.6351368
-0.40271333
-0.6921683
-0.38992643
-0.98530877
-0.84224653
-0.17068845
-2.2189207
1.5543864
1.2784162
-0.6297138
-1.2863117
1.714065
-0.8749341
1.7514846
-0.023210483
-0.7019769
1.3803425
-1.6511897
0.5986913
1.0893459
-0.5664854
-0.3486825
1.8576753
-1.0710186
-1.2697333
0.5406642
1.3381603
1.0148367
0.8286246
-0.5139395
1.4894364
-1.973909
-1.2595613
0.009881104
0.29953822
1.339801
-1.190102
-1.7673377
-0.8564984
0.16107918
-1.1783578
-0.34495592
1.5700678
1.5712906
1.0289352
-0.27910495
-0.795928
-1.4892144
1.0547531
-0.8327757
-1.5250392
1.4310943
-0.07946758
-1.125421
-0.96360743
0.61085397
-0.83602464
1.3257936
0.42815953
0.5341122
-1.6512421
-0.6184948
1.2548883
-1.0903339
-0.46299165
2.325792
-0.88942313
1.9587016
0.20076977
0.49960917
-0.63132644
1.3185207
-0.9869846
-0.9420967
-1.5905399
0.8457439
1.8314188
-0.8741135
-0.8894648
0.033733044
0.6848325
-1.13889
-1.2806447
0.62126875
0.47101957
1.2925513
1.5231408
0.77883434
-0.5730712
-0.28421032
1.0291655
-0.5398505
0.5448121
0.051979885
-0.58498406
-1.7043836
1.2251495
-1.2381309
1.1131636
-0.7175935
-0.89806265
1.3791643
1.0133966
1.2742153
-1.4163147
-0.28826907
0.33144104
1.7248464
-0.17289592
0.6712229
-1.3625164
1.9701382
-0.88177294
2.2823372
-1.6893063
0.9134104
-0.7011687
-0.64364326
1.9903649
-1.4040383
0.58232844
1.8980454
0.74718535
-0.17742309
-0.90539336
-0.31570023
0.07747183
0.7345309
-0.73482764
0.15901805
0.0439826
-0.62538105
1.9502225
1.0984426
-1.388939
-0.7802734
-0.34946495
0.14964427
0.820533
0.1669677
-0.26138145
-0.7752393
1.13981
0.539773
1.7465851
-1.2888173
-1.1702563
-1.3471386
-1.1510433
-1.0820334
0.22910897
-0.9393384
-0.37501004
-0.051407766
-0.5235366
1.3216562
2.3131928
-1.3794656
-1.0572938
0.8566715
-1.2002205
0.83762693
-1.6688951
0.1394322
-2.103484
-1.372054
0.5670861
1.0966066
-1.6621296
-1.682127
-1.1426356
1.5235574
-0.9264939
-0.5362009
1.4417628
1.194559
1.8944812
1.3989983
0.46840754
-0.65307313
-1.8959382
0.047621567
0.55821526
1.6607671
0.5518532
-0.85998344
-0.719646
0.34668908
-0.46008015
1.7488254
0.20427391
0.4368769
0.16257529
-1.1498501
0.95207924
-1.759754
-1.6290663
-1.8734299
2.1428845
-1.2940457
1.7277358
1.01686
-0.3236013
-0.7744814
-0.28199795
-1.0965233
-0.45950398
-1.3208412
-0.74451536
-1.4871198
2.219319
-0.7103212
1.1734972
-0.1885479
-0.740387
-0.33241898
-0.58395904
1.1732119
1.3461264
-0.75456214
1.1327713
-0.9552727
0.5375423
0.5588758
-1.16088
-1.9612548
-0.12125299
0.6152899
0.2742375
1.8144517
-0.4230226
-0.68116766
0.5199151
-1.0583372
1.2267947
2.0312903
1.8726119
-0.27968043
0.01195758
-2.1760454
0.47114038
1.0531604
1.8326633
-0.37963632
1.5319736
0.027580816
-1.3959507
-1.3052291
-0.050517898
1.2581556
-0.87146854
-0.7107261
-0.8369855
1.08686
-1.0101328
0.18325569
-1.6305022
0.35814416
1.403149
-0.020138422
0.0010923592
-1.0605221
0.5526261
-0.39506847
1.2444072
1.9187701
0.010687118
1.4857148
1.7668064
1.8931086
0.722503
-1.1589639
2.0722165
-0.4587754
0.37847233
-0.8854996
0.19153222
-1.0108753
-0.3100826
-1.1436169
-0.8846718
0.74899644
-0.6701861
0.77497965
-0.7284252
-1.1042924
-1.0982698
-1.6651299
-0.41978046
-1.8460727
-1.5725929
-0.27060774
1.6884227
-0.35668865
-0.7660444
-2.1140668
-1.8773401
-0.41211575
-0.62757534
-1.5639155
-1.708404
-0.24856734
-1.0605671
-1.0295528
-0.7488179
-0.6619066
0.80645466
-1.5500122
-0.4023947
2.2828693
0.8109412
-1.9755954
1.2628262
0.10570049
-1.4477221
1.4210042
1.6622682
1.9584103
0.93475753
-1.7945943
0.7232603
-1.6606872
0.9116917
-1.314936
-1.1297964
-0.95578647
-0.3402398
-0.033061642
0.88267076
0.3461211
-1.1319852
0.34246442
-0.77446216
0.05311544
0.80461746
0.33826277
0.62721527
0.21247344
1.598965
0.07285277
-1.3040679
1.0825157
-0.89009356
1.389039
-1.780295
1.6877339
-1.5585594
-1.103837
-0.6474868
1.1375643
-0.07795949
1.4136677
0.034626555
0.32745305
-1.0326359
1.257911
-0.6976957
0.88802713
-0.08074655
-0.24732715
-1.2508898
-0.7954894
-0.18850675
-1.273442
1.3611178
1.5622894
1.3995956
-2.077318
-0.37662315
1.6730798
-0.4094103
-0.18712175
0.5803746
-0.24117346
-0.22283056
0.1591017
0.41300908
1.6509876
0.06771835
-1.2523313
-0.1669424
-0.06676567
-1.9148341
-0.51396793
-1.6986171
-0.015080372
0.9820991
0.86624324
0.18237744
2.055019
0.37061813
0.7954249
1.5689936
0.86345017
-0.25611022
-0.3509142
1.4970589
0.029819356
-0.56886834
-0.7025364
0.76854587
1.2607796
-1.7145224
1.8871455
-1.9311869
-1.4492315
-0.2045658
0.2521947
-0.18166012
-1.7354575
-0.7826405
-0.93061703
1.6362796
-0.008489491
-0.6442971
-0.6272588
-0.63193256
-1.9076998
-1.3190852
-1.0183356
-1.6142395
-0.54958355
0.7549156
1.1616321
-0.29613984
-0.0662125
-0.7738389
1.3262682
0.21182558
1.5536785
-0.1919313
0.11789347
1.7757913
-1.4580712
1.1881108
-0.38607153
-0.36627948
-0.9635613
-2.3312447
-0.87519103
0.27914006
0.16511624
1.4525024
-1.1336033
-2.150008
-0.60107934
-1.8203727
-0.7340782
0.5839168
-1.3683034
1.8138666
0.26895568
-0.40861866
0.98727036
0.7177885
1.0251279
1.0312979
1.051557
0.26204565
0.26718685
-1.7698851
0.6266993
-0.7395861
0.29671055
-2.2080443
1.4040425
-0.7732544
1.170685
-0.8024634
-0.64509934
-0.2173923
1.3577752
1.6239887
1.3519658
-0.8223024
0.9549138
-0.9856984
-1.615734
-0.8083012
-1.057651
1.1573015
1.3651785
-1.0423992
-0.07812085
1.1778836
-0.3558785
1.1368357
1.0602598
0.2299969
-1.3147308
1.3038995
-0.071594596
1.3800969
-0.58832043
0.6219311
0.55623716
0.36835265
0.36397168
-0.664524
-1.4156387
-1.157777
-0.45705533
0.094572686
1.6420108
0.3053136
-0.15237802
0.5409525
-2.400743
1.0094761
1.1114867
-0.31876227
1.4711665
-0.038697723
-1.9123211
1.0072393
-0.14145331
-1.5064781
-0.19910137
1.7469095
-0.21780479
-1.6772896
-0.7495887
1.3985997
-1.1996701
-0.52667737
-0.49415642
-0.62241745
0.41046867
-0.7781563
-0.24005234
-1.387839
0.06939002
-0.020889979
-0.74405617
1.6598679
-0.5584675
0.37168482
0.34473753
-1.9962488
-1.2889389
0.020470947
-0.93935955
1.1555657
-1.4783182
0.62059754
0.039301857
-1.0973144
-0.21465695
-1.3824209
-0.100882985
0.25152844
0.02306741
1.6950424
-0.3904156
-0.8505975
-0.16638243
0.7814826
0.094104476
0.17152666
1.5256917
-0.98816365
1.3374317
-0.79237777
-0.037527114
0.20766203
0.1562402
-1.977975
0.17213702
-0.8699654
-1.4442968
1.505568
-0.9330243
-0.9202472
0.31656379
-1.3812286
1.0715945
-0.30530876
-1.7353513
-1.412297
-0.40192217
-1.6077583
-0.46650848
-0.90445256
-0.8696743
0.25506094
1.5246937
-0.3370378
-0.13568322
-1.656394
0.52215147
0.5126879
-1.5377387
0.766867
-0.068707824
-2.6909742
0.12812339
-0.8646068
-0.865581
-0.6015225
1.1863935
-0.795023
-0.21978761
-0.7544242
-0.8532487
1.2621439
0.920529
0.7984161
-0.9713844
-0.17752647
1.2309213
0.06229179
0.39529237
0.8201815
1.6545773
-0.55672276
-0.34583303
0.683111
-1.4844781
0.8144071
0.32837537
-1.1237499
-1.5602899
-1.8940631
-0.39661777
0.5103352
-0.15445796
0.19546784
-2.7114108
-0.83143103
1.2159185
0.13608484
0.29384166
0.14941227
0.033078358
-1.0530626
1.7757053
1.4932771
-0.8265232
-0.13326453
-0.54185903
-2.1788967
1.7060833
-0.573748
0.34788015
-0.7326746
-0.7468508
-0.79422736
0.38879558
-1.7045616
0.5515429
-0.7905724
-1.2182404
1.0155399
-0.42333204
0.2088147
0.75078166
0.252879
-1.671866
0.74409366
-0.060795296
-0.8908383
0.8193098
2.2069397
-0.3517079
0.11935678
1.6862254
-0.80536515
-1.3241357
-0.9341253
-0.54350746
-0.79696023
-1.0409223
1.6662661
-1.0493536
-0.31201792
-2.4364555
0.08403802
-0.5454426
0.2479262
0.53541857
1.175742
1.0099324
0.62801975
-0.5168178
-0.20856655
-0.8694839
1.3303822
1.7224696
0.7541079
0.26668024
1.8623
1.0140009
0.2987409
-2.6069293
1.632523
-0.36638817
0.015487104
-0.49489152
1.339713
-0.78099155
1.5512404
-1.4209982
-1.4554982
1.0370903
-0.8073536
-0.9234369
-0.4923995
0.11053217
-1.130706
-1.0614035
1.5139275
-0.22566836
-1.0006876
-0.69877326
-1.5392592
-0.37792492
-0.28262535
-0.6555891
-0.22370452
-0.6539552
1.442166
-0.70674795
-2.6817029
1.0562091
1.2266864
-0.5138983
-0.9930296
1.4831804
0.73994064
-0.19005066
0.09656748
-1.7418841
1.3253145
-1.1879132
-1.6646109
-1.1351857
-0.32172248
-1.3901052
-0.25925612
-1.4167632
-0.63436437
-0.3354199
1.5732285
-0.37530562
-0.9062676
-0.55699944
-0.37703907
1.3236363
-0.9657748
2.0995033
-1.4948707
0.8951136
-0.5219556
-1.0857759
1.9828264
-0.7857864
1.4593084
-1.530035
0.803821
1.5268694
0.95755327
1.7061865
1.4893379
0.71468544
-0.91476446
-1.7529542
-1.0960627
-0.5962836
-0.21781844
-2.4577072
1.6485344
-0.41705945
0.81547415
-0.47199875
0.16001388
-2.125737
1.5878804
1.5284271
-0.533177
0.3534729
-1.5574498
-0.3133921
2.0330892
0.6954097
-1.4259701
-0.63884354
-0.23096965
-1.1442028
-1.7550822
-0.17909627
0.021125041
2.1761382
-1.0546991
-1.4239557
-0.66247636
-1.383352
1.3390285
0.59669495
-1.5610591
1.1412102
-1.1546369
-0.09123016
-1.4239075
1.1410702
-0.36938244
-0.67598474
-0.2771546
-1.150386
-1.2244507
0.65478575
1.905755
-1.6185355
-1.6436522
-0.23931451
2.1125119
0.35895196
1.7133348
0.80530864
-0.8272844
2.037528
1.7082539
-1.0968047
-0.12843922
-0.8883937
-1.214635
1.5469027
0.86623406
-0.46936113
1.459955
-0.9847902
-0.19451518
-0.8878939
0.0753669
0.39741984
0.07054371
0.36614144
-1.9050938
1.9029329
-0.11394203
-0.1595324
0.3109191
-1.2832819
0.022966094
0.2525034
-1.6106238
0.6943061
0.6556162
-1.8604262
1.0143299
-1.1523893
-0.10069729
0.38528806
1.4661058
1.371653
-1.2130241
0.96091485
1.5759451
0.12762903
-0.073879674
0.18700425
-1.4926896
-0.9568982
0.7053088
-1.0471723
0.9188702
-0.14190836
-1.1865344
0.14840013
-0.32677573
0.19987047
-1.6936686
-0.5066755
0.10841617
-1.5556685
0.59759694
0.48963177
0.44205898
-1.5864384
-0.09763061
1.4315747
0.41230798
-0.6681302
-1.4304448
-0.055469617
1.1969072
1.2546045
1.9377956
-1.4587646
0.27700102
-0.88017815
-0.16362105
-0.71586746
1.3404492
1.7188057
-0.2738057
-0.20229739
-0.1315873
-1.9409965
0.08123621
0.51491886
-0.34883374
0.31473204
0.41012815
-0.98537177
1.8700142
-0.4448026
-0.35273656
-0.4535284
-2.1700506
-0.0868252
1.6911643
-0.729884
0.6514298
-0.14339961
-0.7124372
0.05187378
-0.49376303
0.55925894
-1.5338908
0.028314313
-1.0136923
-1.7300308
-1.856135
-1.9651136
-1.1654809
-1.2765435
0.25322175
0.9145318
-0.6473073
-0.2496564
-0.11017466
0.66064996
1.2942121
0.6941293
2.146002
2.124
1.7188796
-1.5189533
1.8120759
-0.14831716
0.7053607
-0.234295
-1.1263745
-0.15677921
0.046766844
1.5953519
1.4735664
0.8507044
-1.7911472
1.5182004
-0.19047053
-1.3864368
1.883058
0.80976045
-0.60415155
-1.177521
-1.7064276
-1.8153533
-0.87911814
0.81625897
-0.35538134
-2.070395
0.94178146
-1.1730379
1.0017511
-0.7243697
-0.59893405
-1.8455999
-0.98401314
-1.918494
0.06414568
-1.2810413
0.22541772
-0.47457838
-0.3518939
1.9817014
0.46736425
-0.27390373
-0.90169835
1.2192811
-0.489511
-1.7525754
-1.4192418
0.4534589
1.1466211
0.5574641
-0.3248709
0.44167337
-0.06584185
-0.07894702
-0.3835578
0.94345784
-0.11885082
0.7047173
1.1676322
-1.4116505
-1.3165942
-0.41324365
-1.1193317
1.6570923
0.22595246
-0.5629227
0.52251214
1.3787982
-0.28398865
0.96066916
-1.9250119
-0.938275
-0.30969465
-1.637111
-0.8211702
1.9496706
1.727937
1.5655531
-0.56960666
-0.24035895
0.73635024
1.0137916
-0.24391016
-0.88323843
-0.63207537
1.3164884
1.0673957
0.8575098
0.13227424
-0.5180855
0.04587488
-0.9388889
-1.2136337
0.23258872
-1.1466436
-2.106959
-0.8834585
1.8521358
-1.1967224
0.8703699
-1.4233831
-1.3221979
0.19899005
-1.1318635
-0.3251121
0.5568978
-0.30316514
0.5251396
-0.4698022
-0.2907103
-0.33276042
-0.026312994
0.42451942
0.34031624
-0.041233327
1.6510514
-0.03207982
-0.98721296
0.37684745
0.5214618
-0.17097127
-0.56557554
0.12143769
-1.1839757
-1.9015803
-1.5985674
-2.1090364
-0.85341084
-1.8445084
-1.4532269
-0.5193431
1.6758062
-0.50645113
-1.6072212
-1.225984
1.0216522
1.3464673
1.3917571
0.53221625
-1.695618
0.5930168
-2.0113451
1.4467163
-0.24876441
-1.2920047
0.7996985
-0.64470726
-1.3927563
0.09862391
0.30912265
0.91280127
0.4779179
1.8538048
-1.2568188
-0.896071
-0.07874783
-1.3313304
-1.7653626
-0.16213597
1.2395416
0.10447982
-0.11151575
-0.107451245
1.073007
0.760566
-1.1026372
0.2021341
-0.5811256
-1.1597391
0.007794465
-1.9094706
-0.033844516
-1.6105677
-1.149709
1.2767264
-0.2279544
2.395387
-1.0663431
0.8752893
-0.45413595
1.1506969
1.1047376
0.92927295
-0.28716308
-0.62094176
0.2555596
-0.07202918
-0.48069137
0.40461695
0.5947308
-1.1254798
-1.423603
-1.4841387
-1.6159439
-1.3383805
1.5220207
1.0820116
-1.4354353
0.32747653
-1.468577
-1.4720293
-0.72909504
-0.6507828
-1.1677309
-0.31986743
0.6081767
-0.40314946
1.3277311
-1.6167216
0.9485603
1.6812261
1.1193888
1.7907414
1.4100326
-1.7110052
1.5329589
1.2295091
-1.5466619
1.6403774
-0.6666469
-0.27927992
1.4281483
0.63360184
-0.17002104
-0.76477784
0.2896618
-0.107460104
-0.80163455
-0.44380182
-1.4441359
-0.5677783
1.498796
-1.1601052
1.3066272
-0.99563205
-1.432694
1.4708862
0.7065347
1.764215
1.0018016
0.33602145
0.65429825
-1.0123403
-1.718544
0.031588793
-2.1605096
0.19362944
-0.6155845
-1.5578243
1.1068099
-1.3504211
-0.5559939
-1.0899211
0.67991143
1.7666752
-1.6613384
-0.6159623
-0.6272372
-1.8591918
-1.0796174
-2.220212
1.1792616
1.051696
-0.2543423
-0.04542743
0.5591123
-0.4312974
1.0766438
0.88385576
1.9649203
-1.5588863
2.348727
-0.0922937
-0.13411334
-1.0103159
-0.93983954
-0.8058986
2.0373647
-0.0489271
0.6519593
-0.6455055
0.24654788
0.2102552
-0.14452814
-1.3235239
0.5118865
-1.0964434
0.46280584
-0.7765583
1.1689821
0.48364776
-2.0736713
2.0552907
1.9371727
-0.09633505
-0.23263851
-1.8066003
0.3076683
-0.31987703
0.7240551
-0.4584646
-1.8507442
-1.3388016
-2.0048757
-1.659858
-0.94044745
1.3528253
0.49040866
1.7198883
0.4860621
1.0260396
0.0941932
0.7348231
-0.9130683
-0.7327686
1.1629298
-0.47444215
-0.80227435
-2.42958
-0.9208338
-0.17288345
-0.21751744
0.73862803
0.61635786
-0.41232806
0.5307077
0.61576617
0.46206284
-0.8916459
0.6594141
-0.7969097
0.6978006
-1.8038279
0.3780748
0.905993
-1.2358965
0.30689162
0.17386484
-1.3594154
1.2148494
1.0318315
0.5889272
1.8026254
-0.7993955
-0.50882626
1.0826142
1.7225941
0.95822465
-0.7073614
0.6472174
0.19095872
1.762547
-1.9729115
-0.4366512
-0.9984981
1.0468078
-0.92932653
-1.3657053
0.00026616454
1.4293456
-0.09422804
-0.5090231
-1.583661
0.50476927
0.11921541
-0.17249316
1.4819391
-1.2120944
-1.663915
-1.0732245
-0.98836637
-0.7836652
-0.47429466
1.4785384
-0.55365837
-0.7725299
1.2854471
0.6650927
-0.078494474
-0.91927373
-0.1957486
1.1090099
-1.2583566
1.0903664
-1.3786571
0.90180373
-0.62174827
0.8084458
0.8028763
-0.86592567
1.9871627
1.4900346
-0.97045684
1.281973
1.0679394
-0.729318
1.5732105
-0.874567
0.9799844
-0.2583275
-1.2265921
0.096817
-1.5738454
1.5092251
-2.328319
-0.20202984
0.5741114
0.26663294
0.19989315
0.7383709
-0.27412027
-0.81100786
-1.0926352
1.3729333
0.8237465
0.29810148
-1.309778
1.5591946
1.7174888
1.6868508
-1.3547922
1.0210891
-1.4697393
-1.7378185
1.9249626
-0.90943795
-0.17621054
-1.3363949
0.8137624
1.1093934
0.051981825
0.24610116
1.6384374
0.3853886
0.8901732
1.7988124
0.0066560837
0.53905237
0.50005144
-1.6577954
-0.6467941
-0.095587984
1.7171831
-0.8690725
-1.2255332
1.6237946
0.35430342
-0.09275375
1.3591535
1.2614467
-0.2447299
-1.5856814
-0.49000043
-1.3574711
0.16192119
-1.6232904
1.987965
1.6894522
-0.45172593
-0.87588376
-0.1591588
-1.2339816
1.4417006
-0.50067216
1.0273699
-1.5887743
-0.44000363
-0.70341563
-0.13640572
-2.5037389
2.013415
0.27962077
0.1482516
1.106787
-0.79790646
1.4904377
-0.7926342
-1.0275358
0.10595569
1.2130436
-0.4033666
1.4806753
1.2233229
1.6335083
1.5204648
-0.09384456
-2.4241443
-0.58430034
-1.4479345
-0.4985854
-0.668332
-0.4071027
-0.94082105
-1.3192614
0.33446217
0.49069
1.9365468
1.7563639
0.4389214
-0.078671634
-0.36397216
-1.5977559
0.3207519
-1.2251588
-0.021732446
-1.5447083
-0.37356934
0.97714144
1.4065322
0.8986065
-1.4817706
-0.31279665
-2.590426
-0.052681357
-1.9754181
-0.80507255
-1.3619483
0.17299889
-2.0652423
1.0334551
0.09828708
1.6355256
-0.8147468
0.81942666
-1.1295562
0.18011336
-0.7686764
-1.2259415
-0.31753623
1.9047644
-0.84757376
0.05430303
-1.9453002
0.6745443
-0.20866597
1.0274899
0.13572422
-1.2812169
1.4317471
-1.5174971
0.7351974
-1.4719112
1.3431499
1.3750436
1.3103702
1.2540138
-2.14545
1.8215518
-0.38657957
1.0545771
0.9145217
-1.0864595
-0.26414806
-0.96124864
0.4925444
-0.35090342
-0.38980398
-1.956345
1.3971812
0.4007425
-0.45321912
1.8579078
0.3149931
-1.998653
-0.5055438
-1.7712954
1.5139999
-0.34919953
-0.36532107
-0.97380424
1.0505656
0.38073826
0.50059044
-0.05323613
-1.0646964
1.5884776
0.24058612
-0.6101996
-0.85555923
1.1466318
1.0991689
-0.10153191
0.70687795
1.0596517
-1.4923869
2.0001411
-1.0219389
0.4340337
0.63751584
-0.35605547
1.4113278
-1.9609784
-0.7840088
1.4821558
-1.4384048
0.71813405
-0.04484216
0.92391133
-0.78900397
0.2620054
2.070287
-1.4430267
-0.9270917
-0.2877684
1.6523929
1.1330628
-1.3143955
-0.24539648
2.0360615
-1.0415341
0.04740851
1.5512697
-0.14815646
0.63980484
-0.9842795
-0.44694546
-0.3965674
-0.78366363
-0.20243609
0.48067892
1.4371903
-1.8676419
1.5715292
-0.67013836
-0.73390007
1.7047993
1.4659435
0.7545831
-0.15584564
1.3022726
-0.58277845
-0.4050473
0.8555031
-1.8955481
1.8302816
0.14151923
-0.58750564
-0.80747503
0.380933
0.1540167
-0.8725788
-1.871521
1.3471627
1.0981866
0.926112
2.0995955
-1.3226683
1.096297
-1.7479141
-0.0072751897
-1.1091712
-1.2881327
-1.4629364
0.9914756
-1.2409086
1.434693
1.1492226
-1.8689421
0.8046145
-1.1586738
-1.3406446
-1.1755645
-0.3313321
-0.45328268
1.0487001
0.4622291
-1.6847137
-1.8324791
-0.21365023
-1.3072484
-1.3838452
1.6127656
-0.824831
-0.614165
1.4989922
0.16422117
-1.337106
-1.7460567
1.038796
-0.86792314
0.6069229
-0.7060951
-0.8325312
-0.5436835
1.2957969
-1.9504706
-0.9950808
1.2425742
-0.1108913
1.7313381
0.9842757
0.6053732
-0.86343265
1.000542
0.8361703
-0.36443734
-0.24458577
0.4021029
2.3135386
1.6901965
0.13810489
1.1492771
1.1655822
-0.2951402
-0.1415342
-0.078376286
-1.4177253
0.9823587
0.21075468
-0.014535389
0.41088998
-1.2231585
-0.55327654
-2.1952817
-0.111666106
0.3866535
-1.5772855
1.6543965
-1.4718945
-1.1752495
-0.77057993
-1.2997843
-1.4442086
-1.036221
-0.5591781
-1.7609882
0.6080912
1.2371187
-2.1159792
0.3052891
1.3500975
0.21055333
-0.3468474
0.53431845
0.22980957
-0.44762397
-1.113873
0.57562685
1.021598
1.310285
-1.4229534
0.44921753
0.8570045
-1.466795
-1.6497396
1.4772849
0.6838782
-1.1785283
1.1032484
0.7387735
-0.45967448
1.4540876
-2.087372
-1.7318608
1.7481644
0.9635641
-0.5410076
0.63607115
-0.2932274
1.5791438
-0.1659638
1.9137211
-1.4770259
-1.3145742
0.9422559
1.2798444
-1.7877182
-0.91105515
0.18202946
-0.082102306
-1.2736554
0.9768126
-1.3316233
0.7173023
0.73465693
-1.2650934
1.6637266
0.06987854
-0.29024693
-0.012797532
0.43890277
-1.5587744
-0.71136355
0.300163
0.6329489
-1.9376559
0.95733464
-0.6651818
0.5465661
0.116547026
-1.1924874
1.0642389
-0.041820534
-0.9509513
0.9111075
1.1645025
-1.4534042
1.0170043
-2.1110148
0.8310363
-0.06089467
0.8373673
-1.0143055
1.429453
-0.7211998
-0.42992207
1.5593412
1.1762377
-0.9099721
-1.3257027
1.42154
0.41937786
-1.7074523
-0.18779899
-0.48102123
-0.668082
1.8523318
0.37418362
0.5580664
0.38728908
1.4199609
1.1579876
-1.5707664
0.65097755
0.93661284
0.3153897
-0.40873528
-1.2894735
0.18544193
-0.3994799
-0.98577976
0.07714599
-1.9356197
0.72818696
-1.9106531
-1.0841916
1.4439955
0.16558963
0.47717538
-1.1750005
0.77452844
-1.3337666
0.9849678
-2.263443
0.45695227
-0.7552222
1.5773729
-1.0480678
1.3567853
-0.5558927
0.620481
-0.4903789
-0.0733682
-0.11156005
1.2081193
-0.49911135
-1.651252
-0.651387
1.7547673
-0.8908054
0.8249256
-1.136744
0.11128493
0.8198358
-1.5494559
0.97042763
1.8581579
-0.5474754
-1.4485698
-0.7504665
-0.9865039
1.3087777
-0.65306336
-0.3265504
0.8906063
1.5386018
0.22215961
-0.40710595
0.6004492
-0.13013251
2.041584
0.23661853
-1.9649668
1.765422
0.40828213
-1.7456442
0.30085155
-0.95146185
1.510023
0.9185314
-1.43953
-0.5501281
-0.88381505
-0.15623815
-2.1307251
1.3081325
0.19670393
0.46532685
-0.18378207
-1.2302707
1.3421022
-1.6740351
-1.155239
-1.1612496
-0.45174032
-0.6218676
-0.21460013
1.4372519
1.9233906
-0.34345925
1.4435712
2.022653
-1.8084263
-0.42545632
-0.4279609
0.322669
0.3150498
-2.0038617
0.45607424
-0.3493709
1.0210093
0.6430218
-1.68221
-0.94041145
-1.5850364
-0.9113947
-0.9124751
0.003557928
0.83376306
-1.0416887
-0.46157706
0.73548704
0.31759003
-1.0715423
0.79073703
1.9936229
0.3853723
-0.7410525
0.65941674
1.8941276
1.3112679
0.058300372
-1.8046424
1.3217659
0.65665495
1.1681659
-0.057623588
-0.05504872
1.0090332
1.3622065
0.22576082
1.4425201
-1.3858098
-0.07126652
-1.1031642
2.325368
-1.4492711
0.24962659
1.7324755
-0.14427589
0.6844054
-1.4878275
-0.110802166
0.35330024
-0.7475807
-0.98853827
-0.7230103
-0.78169644
-2.1676128
-2.2478764
-0.29938063
0.8191726
-1.6471497
1.8134825
1.628352
0.4065804
-1.1234466
0.030478263
-1.8509502
0.30165133
-0.84172565
0.9977618
-1.3166522
1.2283413
0.572018
0.18441463
1.3993515
-0.061218422
-0.88485205
-0.72485036
0.19717823
-1.6199446
-0.13417765
-1.1837595
0.71742284
0.16399816
-1.5601646
1.5650169
-1.4671596
-0.1257345
-1.3568041
-0.14457843
-1.1291785
2.1205294
0.6757757
-1.0540518
-1.1015496
0.6307622
-1.3966831
-1.1339697
-0.86004204
-1.3987912
0.6501079
-1.160818
1.0989907
1.6018628
1.9153836
-0.05524772
0.60288316
-0.17544968
-0.2808944
-1.8098649
0.23616037
-0.15389377
0.005630281
-1.0537354
-1.9263048
-0.43461516
-0.77805847
-1.6829667
0.6258708
-1.1867653
-1.2940412
-1.6617432
1.7474546
0.22219746
-0.35439122
1.0654548
0.058116112
0.05560224
0.07772023
-0.27685675
-0.24894212
-0.79271287
0.21995245
-0.69186765
-0.17936693
-2.1134489
-1.8177843
-0.92728484
-1.040036
-1.0202599
0.99163705
-2.0693228
0.04188524
1.2943581
0.2694389
0.09960043
0.18388507
-0.80989194
1.7820957
0.623301
0.88236916
-0.07064386
1.0290158
-1.7136576
0.35264957
0.48525903
0.69263774
-0.24216491
0.3460884
1.1461109
0.60486084
-1.4719764
-0.8412546
-0.17177607
-1.7401752
0.5842376
0.15040281
-1.6642901
1.7301687
-0.61854553
-1.7801942
0.5953226
-0.6622856
-1.59302
-0.45562553
-0.25402158
-0.04147412
-1.5860934
0.3343176
-0.54126537
0.63890064
1.505142
1.0660024
0.42105293
0.6578251
0.88680303
0.75365084
1.2321452
-1.3414086
-0.7972634
0.07989149
0.8454593
0.45841488
0.3244395
0.6077396
-1.3812581
0.28048813
-0.4652683
1.9459687
-0.69497067
-0.49474764
0.027472086
-0.33182856
-0.36079592
-0.9862163
-1.5274364
-1.6718261
-0.5448731
1.1792283
0.021990659
-1.3588403
-1.5008725
-1.1245862
1.6114248
-0.5655335
1.6015804
0.5390872
-1.1582662
0.10380356
-1.263399
0.72438514
-0.09578418
1.1083518
1.1392547
-1.0764182
-2.0642781
-1.133734
0.14695953
1.0203838
-1.9896028
-0.23034455
-0.5880002
-0.24164048
1.262106
1.8157394
-1.8681066
-1.240783
0.50043386
-0.023124183
0.2910217
1.9667085
1.6241727
1.3211604
-0.019106008
0.078778386
1.6057423
-0.58616495
-1.0782244
-0.64180434
0.6698434
0.5549967
0.032614525
0.029572513
1.5591705
-0.2122839
-1.3415761
1.1923957
-0.59232396
0.5489737
0.5452038
0.31004855
0.24270378
-0.6164173
1.8034194
-0.1573959
1.0234371
1.6708399
0.23609787
-2.334724
-2.470151
-1.0196238
-0.61587536
-0.5741883
-1.2264199
-1.3267553
-1.1589891
0.24482712
-1.6086717
-1.2035285
-0.2556767
1.0250338
0.16630241
-1.1369472
0.8092887
-1.8392859
1.2297034
0.6432845
-0.40078574
0.00848988
-0.3564911
