-0.2826437
0.20293225
0.9128017
1.0386236
0.69743407
-0.86960185
1.1835691
-0.8162036
1.0379052
0.5696302
0.5191149
0.6641221
-0.085287854
-0.5980889
1.5411444
-0.3253453
-1.2049419
0.032925896
0.31048977
-0.69971615
-0.59459656
-0.40089655
-0.5174874
0.42631462
-0.6605706
-0.9830779
-1.4019337
-0.46418563
-0.49278283
-0.2441351
0.03827251
-0.12297568
0.23398507
1.5417689
0.0057542548
1.0974195
-0.06763325
-1.163593
0.7462815
-0.26030558
-0.446
-0.29871333
0.0047896113
-0.2807313
-0.022909958
0.07671513
-0.480009
-0.18960375
-0.6603933
-0.12548862
0.09149341
-0.47548786
0.73159736
0.2513868
-1.2377805
0.30429357
0.5892554
-1.3067247
-0.05782051
0.2064426
0.88777685
0.895205
0.02669181
-0.22632301
-0.15982802
0.019871429
-1.5991927
-0.5538869
0.32471573
0.18012436
0.11822167
-0.105899796
1.0180008
-0.9580864
0.20822437
0.08789169
-0.28719532
0.2434739
-1.7232809
-0.31006396
0.3719088
0.3556766
0.038149714
0.09498057
0.63609254
-0.35582954
0.08389305
-1.1832793
0.29785645
-1.1019528
-0.53599495
1.5549327
0.75251454
-0.17553377
-0.057310432
0.4497462
-0.6168734
0.29413685
-0.17753221
1.0459375
-1.1949786
0.6223722
-0.004261041
-0.33651045
0.049375836
0.059323795
0.1072137
-0.18960124
-1.313638
0.42248213
-0.08055239
-0.31794092
-0.106022365
0.050798643
0.26125246
-0.1781626
-0.060201045
1.3185716
0.5227194
0.7254416
-0.2936741
-0.009160885
0.709277
-0.06486155
-0.6633029
-0.19548132
-0.08964644
-0.82038057
0.59433967
0.13644147
0.16682625
1.0110111
0.8180321
0.025700156
-1.1625315
-0.27771342
1.6475421
-0.8713757
-0.23696208
-0.6387945
-0.6336203
-1.0296522
-0.99215
1.5854222
-0.490417
0.18461698
0.6555801
-0.5024956
-0.07207015
-0.8272685
-0.8095624
0.58569914
0.07438192
-0.86823064
-1.0440943
1.1387064
-0.5140215
0.30641693
0.31378475
-0.6603585
-0.6355248
1.3540549
-0.8663761
1.0563846
-0.7420261
-0.7881661
0.13537806
-0.29436603
0.35961384
0.037826777
0.43683073
-0.19902918
-1.1308814
0.86567235
-0.5979564
-0.34314197
-0.5564319
0.3094974
-1.0845664
0.6037559
-0.62603015
-0.7041325
0.8639054
-0.37704915
0.10948021
-1.308257
-0.71476096
0.12587962
-0.55364525
0.56491405
-0.5812061
0.85115755
-0.094953135
0.28598145
-0.28094825
1.1530554
-0.164728
-0.9966442
0.6490062
-0.16710606
0.1568092
-0.74470043
-1.3285944
0.33910337
-0.36840668
-0.7757986
-0.54712474
-0.6412108
0.30307534
-1.3382952
-0.1563076
-0.8628486
-0.30670857
-0.7458841
-0.45848355
-0.43516275
0.7916294
1.0800508
-0.5264853
-0.20110156
-1.6396853
-0.2487511
0.6064885
1.2107838
-0.52201223
-0.61461055
0.24181448
-0.49128577
1.2020649
0.281388
-0.23536548
0.6349868
0.8934219
0.45266062
0.36462182
0.302775
-0.2029754
0.7404495
-0.082081504
0.28496915
1.1754456
0.74275315
0.015095495
-0.3968874
0.007420658
0.5632474
-0.54145604
-0.07737125
-1.3127764
-0.5375032
-0.08893709
0.019774688
0.37784672
0.98489285
1.0815967
-0.66274846
0.49691778
0.80997753
-0.1747111
0.10056354
-0.07444683
-0.31271166
-0.32887283
-0.95441306
1.1349066
0.23191792
0.18159206
-1.157663
-0.994879
0.09256112
-0.04821112
-0.46408218
-0.83460194
-0.9519893
-0.27791175
0.41489783
-0.6176721
0.18566307
0.52897495
0.41826802
-0.4105065
-0.097414926
0.34091258
0.971647
0.6882799
0.59487635
-0.34159485
0.1498905
-0.32515925
0.31609717
-0.7835632
-0.049664572
0.13122067
0.623175
-0.39791253
-0.5577575
-0.55074966
-0.4157193
-0.16582035
-0.11956599
0.37955254
0.045548826
-0.027382206
0.2360214
-0.13476853
0.04939346
0.09338804
-0.47685927
-0.29307377
0.03279137
0.056634456
-1.2220671
-0.24691607
-1.1133953
-0.65145606
-1.2182682
-1.303068
-0.8413691
-0.26953372
0.5926943
1.1176922
0.19060706
0.54039586
-0.72314376
-0.520597
-0.38435403
-1.0441779
-0.55415404
-0.8129629
-0.18468301
-1.5653775
-0.11452821
-0.083721995
1.1621033
0.051993616
-0.4446864
-0.24651246
0.087666586
1.0182611
-1.1238511
-0.7572957
-0.00905886
0.89784086
0.08992154
-0.26339188
-0.25884268
0.83895385
-0.44258296
0.054278754
1.1915796
-0.73010314
-0.37102002
0.66561663
1.1437753
-0.2653855
0.9909416
-1.1355002
0.19045827
0.38245186
-0.64109415
0.093678616
0.36996546
-0.3362789
-0.5664686
-1.1365712
-0.69844663
-0.46581212
1.2573409
-0.09816014
-0.48854905
0.19018483
-0.78231555
-1.3136218
0.1642459
-1.4237895
-0.99917984
0.40833798
-0.87719935
0.0055409647
-1.081703
0.29801148
-0.24658516
-0.16415706
0.17257647
-0.7268173
-0.11991421
0.5046551
-0.6103415
-0.031639144
-0.029528448
0.59945923
0.19310278
-0.25466594
1.1213403
0.5267143
1.3754318
1.2630428
-0.6694706
0.5016202
1.5970104
-0.8523274
-0.44197974
-0.11892091
-0.6487333
0.11512577
0.44697604
-0.61901903
-0.76494575
0.22141683
0.39313808
-0.38586617
-0.49146968
1.2932345e-05
0.70513016
-1.4446198
-0.051958453
-0.27969944
0.49212572
-0.88772106
-0.10599254
-0.16801096
-1.122068
-0.22383706
0.5658465
-0.61923164
-0.4802311
-1.0307393
-0.9291255
-0.22506341
0.47876114
0.120496556
0.343057
-0.21574864
0.23661207
0.64919055
0.9998112
1.1282811
0.53554493
-0.229001
0.37822247
-1.3842734
-0.502984
-0.3735927
0.8070189
-0.58843416
0.2289137
-0.30387205
0.29669842
-0.22414824
0.9913175
0.19191714
0.08435616
-0.63013804
0.3837196
0.2463515
-1.1539234
0.15588182
0.13361625
0.7420572
0.92991245
0.54739183
-1.2529534
-0.6735211
-0.80114496
-0.6174412
-0.069468535
0.39955
-0.8375915
0.57068497
-0.57913816
-0.654224
0.81029224
0.7484538
0.3315054
0.31943548
0.19440873
-0.30037588
-1.0521559
-0.7496785
-0.79594755
-0.007924309
0.40411106
-0.98271704
-0.4403789
0.11887781
-0.7102269
0.5152965
-0.04266434
0.34866658
0.590249
-0.073271126
-0.24717328
-0.38401613
-0.11416377
0.063562475
-0.5967349
-0.46668994
0.29863605
-0.061572455
-0.46580857
1.0082235
-0.41879627
-0.4574798
0.22851953
0.7880435
-0.4633388
-0.029753363
-0.14775495
0.55434966
-0.5499673
-0.5554588
0.48974663
0.087582305
-0.70564294
-0.39001578
-0.113389425
0.6554277
0.06539818
-0.44679418
-0.7364698
0.18754767
-0.7749834
-0.35611507
-0.056725387
-0.15134406
-0.06307594
0.20665158
-0.16774248
-0.58102727
-1.4057683
0.45087704
-0.8839924
-0.77448404
-0.15752877
1.1028855
-0.2358206
-0.54075843
-0.72605306
0.015306537
1.0638745
0.7261051
-0.4771562
0.1593472
0.6087419
-0.9471432
-0.041707195
0.40086904
0.3762915
-0.7184286
-0.6844327
-0.40706915
-1.2568815
0.8364108
0.66067976
-0.27366793
0.5859971
0.2494725
0.46999264
0.5859318
-0.6942837
-0.30428836
-0.6424199
0.24691503
-0.1962666
-0.19791141
-0.36944106
-0.14749542
-0.012587818
0.5928843
0.56833243
-1.1506299
0.49390644
-1.0880182
0.13767658
-0.75542575
0.22584276
0.014521816
1.629285
-0.46102628
-0.35745987
-0.86993164
-0.16712876
0.12675786
-0.1719195
0.6145723
-0.35317424
0.62095845
0.57327163
-0.15192659
-0.14016093
0.9354843
-0.90707624
-0.22615893
-0.021725029
0.07361822
0.26927096
0.4241448
-0.30774614
-0.22525264
0.18629085
0.35247055
0.52345794
-0.11127666
-0.27205575
-1.3213698
0.018915977
-1.5532807
0.28231767
0.690711
0.89323676
-0.5977813
0.68258345
0.3092894
0.40912086
-0.83407813
-0.3511358
-1.08569
0.81511974
0.89711785
-1.1626118
-0.98462945
0.18544161
-1.0332013
-0.4870938
0.040713627
-0.48196554
0.8032637
1.6153097
-0.028673893
0.8349649
0.008052719
-0.05024153
-0.59011483
-0.75918454
-0.042778578
-0.16782106
0.008262713
0.1604534
0.118507445
0.1354672
0.058658767
-0.213897
0.82744133
-0.5381634
-0.10896498
-0.17034867
1.4030359
0.50872636
-0.5562937
1.2762109
-0.9351663
-1.0060616
-0.5941185
0.8700985
-0.028386045
-0.46169907
-1.1605072
0.30867034
0.52242994
-1.2895894
1.1379242
-0.19693212
-1.7975105
0.47478217
0.7300399
0.8479338
0.43878573
0.56906545
0.5424912
0.039517492
-0.30014977
1.536675
-1.0430022
0.4288738
0.41959232
-0.8774963
-0.278609
0.012520845
-1.3740855
-0.17567612
-1.105457
-0.2234649
0.89254874
1.3397543
-0.20085298
-0.74988836
-0.8961141
-0.24564308
-0.7538644
0.5677342
-0.13285871
-1.1888509
0.82278496
1.0949845
-0.014577925
-0.45985848
0.5394188
-0.5395799
-0.3532246
-0.46245545
1.0215777
-0.19757494
1.7598698
0.40058267
0.15429562
0.22687964
0.48559985
-0.8964137
-0.034054015
-0.6058754
0.7945418
0.59073985
0.8340401
0.47477117
-0.5098763
-0.34158236
0.040638532
-0.83804446
-0.15201986
-0.9559473
1.120997
0.74561507
0.7091839
1.1707568
0.38116524
-0.7944906
0.5585375
-0.9200016
0.38124803
-0.22628847
-0.9184303
-0.39018592
-0.7770598
0.056337647
-0.6003761
-0.920738
0.112611175
1.1814747
-0.64682937
0.06564719
0.87462085
0.24276651
-0.56833494
0.71660244
-0.9186435
-1.3420455
-0.18886438
-0.3763656
0.7079312
0.036559325
-0.925483
-1.0324471
1.0078139
-0.016476844
-0.20435812
1.0237341
-0.704743
0.72202146
1.3230822
-0.80746293
-1.3210386
-0.18281366
0.6833179
-1.5216823
0.72484684
0.38736862
0.009114308
-0.32953054
-0.006925957
0.66935974
-1.4041355
-0.540322
-0.54754686
0.46856973
-0.38133752
0.68227136
-0.1722835
-0.5596543
0.93178844
0.78749835
0.75904346
-0.2439444
-0.60692376
0.6719482
-0.38520747
1.1924968
-1.0424904
0.20815809
-0.33041167
-0.62285465
-0.3863725
0.13531888
0.20086268
0.66363716
0.2599603
0.0050297687
-0.24691784
0.59475434
1.5138227
-1.3486987
0.68528515
0.6767863
-0.57898444
0.43241036
-0.6690531
-0.67324805
-0.76848423
0.9387149
-0.05568371
0.22797486
-1.1200411
1.494132
0.5730067
-0.5927814
-1.5820479
-0.71541154
0.51384676
-0.6801002
0.13429764
-0.60851574
0.8053607
-0.08704854
1.1450915
0.46065313
-1.2392602
-0.881938
-0.87890923
0.40523618
-1.2191126
1.1757395
-0.7212713
-0.7613094
-0.35910997
-0.5581827
0.71634686
1.2244291
-0.101369925
0.8667027
-0.13364337
1.5767783
0.07014028
0.058029264
1.0819223
0.8538301
-0.05308401
0.32000583
-0.62932193
-0.48973608
1.2977811
-1.4278607
-1.3681008
-0.34594503
-0.72725314
-0.8597826
-1.2134622
0.013257303
0.26746446
-0.4439065
-0.17392313
0.10368487
-0.9043296
0.64161676
-0.022864038
0.41115963
0.15136303
-1.2282131
0.535895
-0.32635692
-0.107162386
0.07108695
0.5314245
-0.465532
0.27223283
-0.8100502
-0.6231739
-0.18753827
-0.37635854
-0.34508923
-0.124314755
-0.12609637
-0.44177195
0.52967215
0.64894205
-1.0449471
-0.516907
-0.68723583
-0.7992542
-0.3974145
0.73141664
-1.169342
-0.022620713
0.35375053
-0.0343895
1.0193028
0.19639505
0.4779316
-0.5342557
-0.906062
-0.10850657
-0.23820958
-0.54480785
-0.03669057
0.02636771
-0.33312696
-0.4955591
-0.42958242
-0.22868444
0.98776877
-0.5048915
-1.7275084
-0.3913602
0.6951382
-0.3175978
0.8450299
-0.17638177
0.76055074
-0.11692036
0.6420794
0.60450053
-0.7814653
-0.088506214
0.7461754
-0.21137013
0.9519466
0.19586
0.6735281
0.8238661
-1.2341696
-0.8048619
-1.2702032
-0.3340035
0.20379502
-0.12010351
0.29647356
-0.59971917
0.22471066
0.4670895
0.54824394
0.2270804
0.487797
-0.56483656
-0.6956019
0.66940755
-0.8083018
-0.13577461
-0.27491912
0.85065067
0.051269338
0.7809353
1.3245769
-0.18030179
-0.16114806
-0.29018754
0.27034017
-0.3073429
0.26082468
0.64914405
-0.9062198
-0.21826273
0.5284075
0.81745255
-0.51178324
0.47850943
-1.3407097
-0.3733041
-0.068715885
0.027042363
0.30931938
0.13270397
0.4667915
-0.84483516
-0.23384805
0.2216913
1.0806717
0.3443729
0.4144334
-0.47655892
0.33682397
0.94935393
-0.14919725
-0.16028292
-0.83814573
-0.034462176
-0.25062218
-0.7703322
-0.28753343
-0.25933993
-0.8254295
1.0847553
-1.0551698
-0.026623478
-0.1184852
-1.028956
0.306641
0.6373793
1.4356884
-1.0021404
-0.10622383
-0.6874998
1.3596349
0.057085548
0.035840977
0.77560055
-0.49905306
-1.1661788
-0.077315465
-0.3817408
-0.7543467
-1.077273
-0.6155702
-0.3025232
-0.6001328
0.03590928
1.7841923
0.6233469
-0.7121828
-1.1286134
0.163532
-0.55196774
-0.72342175
-0.85030967
-0.31638038
-0.20734271
0.43406975
-0.971838
-1.2353452
1.3335524
1.1505947
-0.35853952
-1.0339634
0.36983365
-0.72501826
0.56175655
-0.98777634
-1.0366718
-1.1362987
0.42423278
-0.2803237
-0.33197778
-0.49887845
0.21901503
0.32123902
0.9272107
-0.87892616
-0.48865607
-0.104625285
0.9891011
0.9420318
-0.10340616
0.6796399
1.2372053
-0.35120064
-0.92691636
-1.0450442
-0.16538996
-0.08346601
1.24267
-0.26348457
0.63664955
-0.22460352
0.90455014
-0.6271243
-0.01336585
-1.0553539
-0.49546462
0.038091183
-0.69928795
0.073988214
0.465474
-1.3605107
0.2690979
-0.9533838
-0.7922767
-0.2581686
0.9712361
0.76943153
0.14712366
-0.12332722
0.64262295
0.11627506
1.4237827
-0.42930025
-0.57913643
-0.8999304
1.2229377
-0.2631987
1.2035565
-0.9362506
0.054119818
0.2768663
1.7458671
-0.20358784
0.5432406
-0.14490956
1.1211972
1.603105
-0.11494293
-0.0070262495
0.62791085
-0.23338991
-0.69902
-0.50873053
0.1597851
-0.24890499
-0.45662248
-0.99651504
-0.30350626
0.32632324
0.097564355
-0.9552324
0.56575066
-0.97376454
0.22037953
1.1206248
-0.20119248
-0.8182665
-0.70687
0.30721095
-0.38093644
-0.330869
-0.59555554
-0.23542997
0.26407394
-0.37984443
-0.39804462
-0.7058534
-0.8428568
-0.77224153
0.80657893
-1.5442016
0.85306096
-0.26335335
-0.5486553
-0.65883684
0.05704883
-0.68849355
-1.0194613
1.2114254
0.2731902
-0.28074485
-0.18143107
-0.36692545
-0.42510054
0.0059594447
-1.1709138
0.3315444
-0.005434602
0.031682715
-0.62476724
0.75852454
-0.032343805
-0.13856156
0.122168444
1.432111
1.2913125
-0.19136123
-0.63271046
0.3700439
-0.029670859
-0.32465988
0.6308438
-0.52449006
-0.38914886
-0.8640257
-0.9776281
-0.747341
-0.8521658
1.2226691
-0.9984772
-0.47262996
0.046058815
1.0725126
-0.09565994
-0.31819546
0.11699552
-0.4582721
-0.09061059
-0.58098596
-0.28939384
1.0369502
0.49253386
0.08643827
-0.20390224
-0.8103754
0.40996063
0.88776076
0.7938333
0.30253553
-0.11292939
-0.23549592
0.01643578
0.22692482
1.4297295
-0.5439617
-1.1104747
-0.045559507
0.61055064
-0.05305022
0.15398283
0.4028515
0.22776587
0.9293951
-0.8972318
-1.3771203
-0.37041685
-0.22554761
-0.049149107
0.42855042
0.007698978
-0.16244026
-0.22591752
0.17535879
0.22684017
-0.27403453
-0.4288985
-0.51870084
-0.04488576
-0.96859854
-0.9147852
-0.97718215
-0.34660292
-1.275951
-1.0274104
0.5571364
0.6038246
0.1303859
0.18183498
-0.21766096
-0.05620646
-0.34205854
-0.5179684
-0.11184821
-0.26990664
1.0898368
-0.5996346
-0.6185694
0.12355408
-0.66293603
-0.46973842
0.0455062
-0.7497291
0.09781146
-1.0711341
-0.34755185
-0.91499573
-1.2000595
0.17716281
-0.28052333
-0.12369458
-0.1619175
-0.051524833
-0.38249284
-0.112796314
-0.8263341
1.2016264
1.3119042
-1.1028243
0.9152146
-1.5075983
-0.6706623
0.32983914
0.20463587
-0.8219713
-0.22655392
-0.12900713
-0.030721439
0.92556447
0.57577807
-0.8863603
-0.8039764
0.4975289
-0.9895896
0.5788648
0.19170775
-0.51670516
0.109201126
-0.8907215
0.9842185
0.08757306
0.4436156
-0.59876156
-0.8891134
0.9339658
1.2953459
0.23006274
1.4872499
0.6835277
-0.22860245
-0.07840188
0.033029497
-0.10605874
0.053288274
-0.037901208
0.19487737
-0.8935454
-0.41945356
-0.5861161
0.17991501
0.29207996
-1.2462898
-0.043388255
0.20940444
1.4763818
-0.1436218
0.5944562
-1.1631573
1.6457314
1.0322263
0.124809444
-0.2544757
1.231412
-0.10721915
-0.14499703
1.4640228
-0.83431077
-0.15393707
0.12729378
1.0130816
0.5438236
-1.3275404
-1.318736
0.3035932
-0.85006934
0.558567
-0.53238153
0.01539318
1.2428106
-1.00626
-0.9895661
-0.13756795
0.0060796356
-0.08774679
0.15968037
0.8344023
-0.7959014
-0.529845
-0.05515091
0.20132333
-0.40608063
-0.36664933
-1.0478197
0.7240131
0.24191004
-0.7330573
-0.59257746
0.6399952
0.022908129
-0.05409725
-0.5990531
-0.80218333
-0.07191139
0.54476666
0.51269096
-0.8058264
-0.6662761
0.70588446
-0.61921155
0.49986985
-0.78325427
0.010362835
1.5836864
0.13473572
0.6318223
-1.1980885
1.1860694
-1.2665758
1.6609604
0.23987344
-0.69333816
-0.93209577
-0.254802
1.4336438
0.8815735
-1.3831152
-0.47986847
0.26262537
1.7040848
-0.22932206
-1.1198528
0.06354075
-0.7240962
-0.1985807
-0.8248782
-0.15481405
0.29737186
0.46855056
-0.16450717
-0.47886255
0.16677433
0.7334057
0.6301663
0.35982028
0.16924755
-0.76173437
-0.43817884
-0.6504767
0.68295854
-0.67475605
1.6456386
0.2879353
-0.42937908
0.49858308
-0.6078097
-0.79825956
1.2857461
0.7949192
0.5088377
0.85540366
-0.27999738
-0.22478731
0.2561359
0.208216
0.53122425
0.8224607
0.38807306
-1.2328422
-0.15474014
1.2545232
0.3019813
-1.2545217
-0.35888326
0.42074832
-0.28325966
-0.06742111
0.7155664
0.3091164
0.70839185
-0.08354287
-1.4782516
-0.29194158
-0.2312888
-0.7923759
-1.5107619
0.905967
-0.7665828
0.20923674
-0.5673856
-0.34744617
1.4001818
1.0060513
0.027460827
0.48366332
-0.14348117
0.3166203
0.039259505
-0.24313837
-0.5154961
-0.055271015
0.15845841
0.5605401
0.82964194
1.3201575
0.8038556
-1.0493965
-0.48201555
-0.032847498
0.20899054
-0.7693171
0.7947448
-0.9634837
-0.35140315
-0.35690272
-0.07515557
1.2261873
0.8517617
1.3098018
0.009246313
-1.1817892
0.01975882
0.43569398
-0.07360581
-1.0412058
-0.025793497
-0.09066681
-0.4866202
0.09501697
1.1677105
-0.21877407
0.09167093
-0.7529793
0.19034733
-0.1144435
-0.27950603
-0.6205276
-1.1192573
-0.6732538
-0.018854748
-0.3954198
1.2878807
-0.6644078
-1.0980852
-0.42574453
-0.2112074
-0.7071639
1.8628778
-0.5198548
0.023099003
0.43806008
0.81923354
-1.224785
-0.27475652
-0.25178382
1.4051348
-1.3780224
1.0174975
0.25463456
-1.8543875
-0.075429566
0.13658367
-0.25184435
-0.7396688
-0.29981175
0.37888226
-0.10505541
-0.90993303
0.019335516
-0.81694436
-1.0356165
0.29952738
0.35054314
-0.24329494
-0.870106
0.83622146
-0.45336747
-0.35610616
-0.502766
0.16545382
-0.36073366
-0.38649365
0.11197555
1.8567173
-0.110114045
-0.019572163
0.45730713
0.30465856
0.17218576
0.6787719
-0.005241475
-0.39642814
0.13271856
0.80384547
0.7989212
-0.03455731
-0.46891162
1.2735367
-0.8612327
0.12380285
-0.043120146
0.17180617
1.3203548
-0.28220284
0.62032354
0.40713912
0.14638545
-0.41257036
-0.5483289
-0.75529426
-0.14100218
0.018050538
-1.1254318
-0.73131245
0.23001029
-0.13437802
0.37645048
0.760746
-0.67107457
-0.09289698
1.0398793
-0.90077376
0.18984692
0.9630703
-0.3354218
0.25361216
0.5553912
0.07349881
-1.2455564
-0.92974585
-1.5996035
-0.100197315
0.36105388
-0.99561226
0.34246233
0.6037785
0.010344917
0.015849356
-0.3622997
-0.2198663
0.83589023
0.5816281
0.34178483
-0.18404683
-0.04790264
0.8568775
-0.40519482
0.9357332
-0.44946235
0.2749808
0.6117267
-0.38992518
0.20570898
-0.36056873
0.32401145
0.888551
-0.3809509
-1.1422155
-0.96227133
-0.5827847
-0.73584044
0.28992856
0.53288966
-0.53667086
0.4818651
0.86462
-0.23847462
0.40107214
-0.8463019
1.1396333
-0.6048771
-1.0324728
-1.2062671
0.09251904
0.67248374
0.5568732
0.521113
0.84975207
-0.49612224
-0.2760783
0.5096123
-1.240238
-0.6867127
-0.25402838
-0.34598744
-1.2026417
-0.17711677
-0.017166473
-0.5764853
-0.36795497
-0.37911844
-0.30898446
-0.30083808
0.9901333
-0.25789317
-0.9735585
1.1071086
-0.48146495
0.5170634
-1.2565533
-0.44520524
0.59167695
0.019397723
-1.0948508
0.55667865
0.05312504
-0.97390556
-0.049014486
0.8428616
-0.60790026
0.14098409
-0.664085
0.49133772
-0.9488024
-0.8607448
-0.89679134
-0.14758803
0.6192774
-1.0250856
0.14445393
-1.0921719
0.29554424
0.9462787
1.4943371
0.56882024
-0.38255298
-0.48825985
0.31632537
-0.0639092
-0.054427903
0.85959685
-0.42131498
0.49866995
-1.0454667
-0.19624145
-1.1280916
-0.16685456
0.7758266
0.51634115
0.953671
1.1636745
-0.21494533
-0.9056269
0.92943823
-0.28773925
0.63558745
-0.79885405
-0.11027392
0.8175138
-0.23215792
-0.58969617
-0.47824937
0.86166763
-0.18685183
-0.30727538
0.28063485
0.26904875
0.40782636
1.1834787
-0.1449283
-0.28195998
0.4621327
-1.4693192
0.41869107
0.2861355
0.3907771
-0.61297286
0.015188324
-0.32027754
-0.29317883
-0.43247747
-0.24855357
-1.4965981
0.17502432
-0.35718715
0.3123781
-0.1608093
0.4324657
0.12302782
0.638517
-0.72593343
-0.962422
0.29091674
-1.2092844
0.14541265
1.7534312
0.9933419
0.13775757
0.9170099
-1.2121032
1.0843506
-1.0901887
0.2339954
0.40269345
0.11588873
0.40315136
0.07141046
-1.1355871
0.7871242
0.25086245
0.95352924
-0.77287805
1.0512657
1.2703562
-0.6614712
-0.4754102
0.21183394
-0.591343
0.48022157
-0.39638507
-0.0148777915
0.3873825
0.36053485
0.49141118
0.8014306
-1.0445583
-0.7243532
-0.7797523
1.0688578
-0.080283955
1.1083107
0.0666737
-0.11899696
-1.0781364
-0.90889597
0.34438127
0.5283326
-1.035966
-0.77557504
0.1335256
-0.2978637
-0.21221058
0.08540707
0.53149503
0.22034939
-0.24465694
0.2312727
0.42214626
-0.13485603
-0.55742973
-0.5134443
1.6956366
-0.37663874
-1.098331
-0.5049056
0.034472983
-1.0048218
-0.14953974
1.0779667
-1.3700645
-0.57403976
0.5043698
-1.2535293
0.2035646
0.23954783
-0.2579256
0.33273157
-0.83806515
-1.0296779
-0.35171458
-0.2430946
-0.336171
-0.49511725
-0.1284648
0.5596755
0.23743078
1.5425054
-0.57622635
-0.12939683
-0.042049464
-0.3956999
0.14836143
0.046641313
-1.0435426
-0.0031228135
-0.2415242
-0.749589
-0.9342701
-0.72474617
0.16018048
-0.9659971
-0.06361756
-0.45778865
-0.8505116
-0.60062695
1.2696495
0.6804827
-0.011852393
-0.34939134
-0.8712597
-0.14668941
-0.21062842
0.50571203
1.7317704
1.6579527
-0.34848985
-0.6317644
-0.44873774
0.044249915
-0.3042026
1.7312357
-0.28592625
0.027824035
-0.047822844
0.15953347
0.57326555
0.5798996
1.0240409
-0.12354538
-0.51894104
-0.8858602
0.33026683
-1.1174731
0.6037282
0.354385
0.9659692
1.2178196
0.33177185
0.046288047
-0.7792853
-0.7204275
0.92327464
0.6430375
0.5736213
0.7353419
0.1007141
-0.103738844
0.46564028
-1.3225033
0.16833279
0.28038403
0.62474537
-0.3218433
0.43489075
-0.42344946
0.008571943
0.030682474
1.0167894
-1.0488966
1.8366438
0.07697031
0.6950323
-0.68333805
-0.03036418
-0.4303333
0.79217815
0.0045737633
-1.3375106
1.1921253
-0.080064766
-0.32967386
-0.84799725
-0.14685287
-0.037054773
-1.0438939
-0.14426918
0.5186612
0.043264158
-0.8837524
-0.6941085
-1.4538099
-0.5011138
1.0620897
-0.290428
0.64143264
-0.58782125
0.025252199
0.5722668
0.75007033
-1.0241903
1.3651742
-0.7254848
-0.72256863
1.2007781
-0.9232975
-0.02636659
-0.8223462
1.2183359
1.2969459
0.018843599
-0.5228069
-0.6176108
-0.7777555
-0.57131344
0.60193634
-0.31763783
-0.66987747
-0.9282082
-0.80677646
-0.1698209
0.35721058
0.48240906
-0.1449419
-0.28278455
0.3293982
0.84055275
-1.117623
-1.4588734
-1.4301999
-0.2883449
0.7301209
-0.053850528
-0.15892714
-0.09903639
-0.08697541
-1.0447516
-0.43035764
-0.17006968
0.09124893
-0.3375019
1.4917488
0.036398403
-0.1488124
0.74817103
-0.86043406
0.84539306
0.4180801
-0.5287013
0.93627363
-0.7439046
-0.5486537
0.7769399
-0.10951675
-0.9637449
-0.52611506
1.1069221
-0.56385285
0.08666819
-0.5456625
0.32677186
-0.28056362
1.2628676
1.2266223
-1.2155039
1.2300273
-0.17723277
0.8388215
-0.17373466
-0.038047463
-0.1298611
0.31330112
0.59128845
1.004606
-0.07611477
-0.28222668
1.3336148
-0.1390657
0.6990881
0.91197187
-0.29172024
0.09829355
-0.02193399
-0.119326
-0.44412133
-1.1481795
-0.15359578
-0.4988459
-1.3081148
-0.19150133
-0.07211264
-0.35620505
0.18302692
-0.40668944
0.8162343
0.049348656
0.8602856
-0.283386
-0.28266773
-1.2536899
-0.0017372575
-0.85074097
-0.19850549
-0.12405341
0.51441723
-0.2957178
0.0053990697
-0.6398137
-0.3493182
-0.7032401
-0.06355184
0.27043292
0.8897222
-0.3696519
-0.16034076
-0.30947068
-0.23433802
-0.28685182
0.893114
0.91650885
-0.03800459
0.7731461
0.07273397
0.6357957
0.20062649
-0.63921976
1.5462751
1.3435335
-0.09621506
1.0326672
1.4492911
-1.537749
1.3507637
-0.6019762
0.5890861
0.4653819
-0.4216776
0.11232044
0.4835247
-0.8186369
0.0034664278
-0.5885174
0.93501043
-0.06414717
-0.60524803
-0.651636
-1.156745
-0.74487716
1.2343869
-0.35327414
0.3065723
0.31517354
-1.0386555
0.7912955
-0.4940993
-0.46967578
-0.18936183
-0.2483065
0.5527628
-0.8819072
0.46309328
0.17328636
1.1555794
-0.08628229
-1.1456808
-0.028934665
0.043799702
0.075020805
-1.1353992
0.7489128
-0.1753027
0.068928346
0.49289483
0.00043982986
-0.21122815
-0.37925097
-0.6915592
0.37305364
-0.65578717
-0.52433133
1.5123851
-1.3401725
-0.35585877
-0.54495096
-0.18680085
1.1232029
0.07652989
-1.772642
-0.16669372
-0.08765569
-1.375174
-0.89458764
-0.6297424
-0.48901463
-0.10519139
0.68519086
-0.12874055
0.63749075
0.44847846
-0.013664468
0.58241224
-0.76072574
-0.6902793
1.3148551
-0.49555537
-0.30110684
-0.12734456
-0.9047763
-1.0719697
-0.5445247
0.3981706
-0.017131936
-1.2173294
-0.017061818
1.2924968
-0.7820311
-0.95747566
-0.97308815
-1.5356889
-1.7087132
0.67572916
-0.58567524
0.09321272
-0.48532665
0.042843945
0.9285121
-0.5693598
0.29275838
0.84071314
-0.6746093
0.72922
-0.550434
-0.75761455
-0.3776269
0.8474663
0.46518874
0.02919085
-1.088548
-1.2396268
1.0482416
-0.63168657
0.4630217
1.4557066
1.1140734
-0.9847424
-1.060525
-0.8366252
0.1855467
0.34293297
0.17154986
1.1220133
0.08486486
0.43414003
0.023239518
-0.3360616
-0.8831804
0.20186564
-0.15781075
0.056710392
-1.5837853
-0.30524796
-0.47189593
0.3399921
0.6484788
0.20639789
-0.058043785
1.1074274
-0.16194804
-0.076726876
-0.63770664
0.25161627
1.0227888
-0.5360391
-0.51043725
-0.33869168
-0.6167297
-0.24390076
1.2592812
0.047778916
-0.21549337
0.38384005
-0.0790365
0.51688015
0.7933278
0.39705893
-0.0008796154
-0.6057721
-0.85654545
0.11931757
-0.103737146
-1.1968606
0.36355826
-0.27629608
0.4997477
0.057967354
0.67826515
0.31868768
-1.4998528
0.60632414
-0.27282712
0.5573919
-0.14900056
1.5153532
-1.1567385
-1.3416725
1.2449158
0.2614394
-0.58276045
-1.4435806
-0.08472985
-1.4626528
-0.2211944
-0.5987867
0.7773748
0.25752908
-0.25301597
-0.7467811
-1.3760829
0.4814709
-1.16767
0.15090252
1.456553
-0.34134245
0.91088545
-0.26429355
-0.5097947
0.75349635
0.001123823
-0.038664475
-0.2576707
1.0500274
-1.1175802
-1.0187906
-0.27282462
0.61887825
1.501913
-0.14742607
0.8220946
-0.35852715
-0.31973532
-0.61369044
0.62225884
0.30859107
-0.6282814
-0.7087869
0.014662009
0.5373313
-0.9020158
-0.4721538
0.13275138
-0.7109714
0.03708734
-0.031328734
-0.46517992
0.55605644
1.3102959
1.125882
0.88920426
-0.8029047
-0.40453434
-1.1724135
0.14579082
-0.39147353
0.079920165
0.8354613
-0.12452968
0.7275843
-0.8256178
1.1923941
1.2062061
0.69171226
1.0131783
-0.509377
0.3545844
0.93287146
0.050768167
0.6795471
0.016858408
0.14356624
0.63491565
0.05595353
0.35604584
-0.14642657
0.87857
0.18988743
0.6685619
1.6333451
-0.28613016
-0.7773212
-0.16606385
0.18081287
-1.1110274
-0.6073338
-0.2951752
0.23679523
0.39108884
0.85195935
-0.33206907
-0.7820901
-0.2463631
-1.6302613
0.46283096
-0.21265388
0.74045473
0.2990796
0.33174118
-0.20924664
0.69732916
0.45386928
-0.05726523
-1.7278911
-1.1862326
-1.0753368
-0.23953871
1.4322749
0.15389399
-0.7580532
0.43300608
-0.11596956
0.06828004
0.27437726
0.09423722
-0.35331577
-0.24572459
0.45484984
0.86711395
0.16022223
0.37508774
-0.54242563
-0.033800058
0.1864715
-0.31678277
-0.044419024
1.0569175
-1.044583
1.043023
-0.03758206
1.015461
0.8234563
-0.9669924
1.0613067
-0.5454352
0.19008337
-0.7168012
-0.6726024
0.7522518
0.19223998
1.1982347
-1.0615935
1.1185678
1.1112764
-0.20419084
0.7105561
-0.35771412
0.40841123
0.29364282
-0.10916667
0.42799625
0.06294965
0.62045234
0.013154612
-0.49760395
-0.09949554
0.95125484
-0.6783516
0.11813072
0.22501004
-1.4652562
-0.83099824
-0.057778005
-0.63583386
-0.11328293
-0.5354227
-0.31009784
1.3468813
-1.106525
-0.12415237
0.8895868
0.8166423
-0.079320945
-0.0018955867
-0.7051003
-0.6455328
0.34420186
-0.4958542
0.24632496
-0.30556652
-0.78221273
0.6648998
0.32024884
0.34497595
-0.18719211
0.14732906
-0.12874232
0.07734075
-0.1124163
0.17583646
-0.80683815
-0.22955982
0.9054208
-0.043693896
-0.004047774
-0.08119941
0.7771866
0.094095565
0.40636832
-0.26955664
-0.2677281
-0.66482675
0.84493136
-0.90600187
0.92711854
0.66014606
0.40929773
1.087638
0.583359
1.3139819
0.89586586
-0.016569203
-0.0023698318
0.40464738
0.6018737
-1.4519428
-0.19845402
-0.353814
-0.7463025
0.1853981
1.2592142
-0.31122324
-0.9499742
0.55106664
0.48459807
-0.36534643
0.7115192
-0.09085781
-0.46098828
-0.17773524
-0.10181352
0.118755855
0.8251251
0.16962866
-0.5974111
-0.18129236
-0.10992293
-0.39566067
-0.43810943
0.41903636
0.86219776
0.25712556
0.64421964
-1.1963675
-0.031525385
0.09746334
0.36904287
0.112307206
-0.4838569
-0.3025891
-1.0472939
1.0396105
0.48419154
1.509942
-0.22078873
-0.029225616
0.58221054
-1.3613014
0.72471976
1.2616918
-0.21511988
-0.4824776
-0.5421693
-0.7624761
-0.5059985
0.0404563
1.4299122
-1.0574687
1.0766169
-0.87932503
-0.073640555
0.8449029
1.0276312
0.097445525
-0.7444698
0.2720238
0.17222376
-0.97253513
-0.10965602
0.34701645
0.4193336
-0.6659842
0.60066485
-0.48297906
-0.2920784
-0.29308784
-0.216852
-0.22641005
0.49557412
-0.04402335
1.4883717
0.431243
-0.11784031
0.10414662
-0.18828851
0.8484103
-0.14784488
-0.76028794
-0.3454296
-0.46757406
0.05475404
-0.8577127
-0.0491814
0.13549398
-0.82298553
-0.82505673
1.0038888
-0.6923326
-0.9773189
-0.009478474
0.46066743
-0.9161364
-0.37909073
-0.10344742
-0.16950846
-0.61938274
-0.8450333
-0.32719806
-0.5972256
0.34915906
0.81607926
-0.66846985
0.46660239
-0.45281136
-0.01524243
-1.0551255
-0.40933165
1.3442404
-0.8149927
-0.5326032
1.0068902
-0.5411136
-0.23580104
-0.030100016
-0.20769152
-0.009066465
-0.691839
-0.30547836
-0.73395896
-0.8752246
0.8662515
-0.45396605
0.43465868
-0.2374853
0.0828577
-1.1974247
0.30810302
0.57257587
-1.073481
-0.8415144
-0.07652454
1.9499032
0.1726094
-0.6194771
-0.2256579
-0.48095906
0.013770753
-0.5095969
-0.38447475
-1.0534794
-0.058343377
-0.2566846
0.034811925
-0.5444832
1.1780276
-0.9436393
0.2785425
0.14762858
0.50529504
1.2769455
-1.1639731
1.0849291
-0.29253313
0.43177202
-1.0504324
-0.42636877
-0.9858443
-0.8189687
-0.18545888
0.22793998
0.3561827
0.47194296
0.28770965
-0.04912176
0.5675192
-0.28341562
0.9449996
1.0495062
-0.16157137
-0.52321935
-0.4713405
0.7793427
-0.63686764
-0.064036176
-0.03765713
0.3404909
-0.65476954
1.0133089
0.879804
0.22768074
-0.5105143
-0.908858
0.067326024
-1.4222966
-0.9801838
0.5697507
-0.33824635
-0.6039931
-0.20060985
-0.6195796
0.6574204
0.2584471
1.2368599
-0.6145862
0.614029
0.22774497
-0.66699135
0.5568049
-1.2819105
0.025350798
-0.71411335
-0.22149189
-0.06669129
-1.184553
-0.2848126
-1.2107369
-0.96852756
0.06355826
-0.90797645
-1.2227923
1.2553914
-0.02426135
0.8411276
0.9366466
0.44775295
-0.3356744
0.31411877
-1.0277325
-0.46122417
0.87902874
0.81487375
1.0980554
-0.3835264
0.4270891
0.22059467
-1.1790817
0.025160892
-0.067621075
0.57197136
-0.6252283
-1.1451371
-0.4381275
0.6182543
0.33090732
0.11036135
-1.3111721
-0.04215192
0.7817637
0.37229326
-0.33402434
0.6476168
0.14555416
0.6361123
0.82043016
0.9442915
1.175711
-0.10907544
0.7538277
-0.9781763
0.1434913
0.11708733
-0.5286922
0.88127136
-0.24085063
0.72796303
-0.22731037
-0.14889213
0.62560606
0.37604246
-0.7929461
0.3184702
-0.040570088
-0.40707234
0.16561887
-0.43287078
-0.23457265
0.72104007
-1.5850418
0.05510207
0.56926924
-0.9906893
0.5332779
0.81129104
-0.34668928
-0.0064807534
-0.1452567
-1.0958483
0.49762982
0.103764415
0.0032279305
-0.8787061
-0.34231856
-0.0559356
-0.03864216
0.82698685
-1.031202
-0.70509756
-0.2291988
0.9814149
-0.033879586
-0.18922004
0.50155884
-0.17762682
0.26359606
-0.8970265
0.0725858
-0.18693395
-0.9707203
-1.3824296
0.032370925
-0.07115708
-0.68618554
-0.79418844
-1.3454742
-1.1845263
-0.12367335
1.2815065
-0.51524734
-0.4249729
0.30192524
0.7850094
-0.0128915915
-0.01013363
0.7731443
0.99089766
-0.16881874
1.0482258
-0.06677358
0.5797051
0.37464157
0.73142064
-1.2025505
0.88741237
-0.66949046
-0.0071106697
-1.1446438
-0.12708947
0.25911316
1.3568512
-0.48517916
1.0838354
0.6658755
-0.7525803
-0.21528617
1.38149
-0.79790086
-0.3181489
0.011992421
-0.15289249
1.2837517
-1.4131058
0.16523702
0.024643974
0.393663
0.07721953
-0.2961352
1.0612005
0.057791654
0.6498364
0.5241494
1.2980005
0.009610193
-0.4839146
0.9355606
-1.2987094
-0.646273
1.3100166
-1.4044787
-0.1296994
-0.9735302
0.6795677
-0.37957007
-0.22809643
-0.36337474
-0.062189847
-0.19034912
-0.10282054
-0.15729505
1.3418376
-0.87997764
-0.1873124
-1.1444968
-0.31203625
-0.3715579
1.4710118
-0.26338878
-0.8971665
1.5408444
0.2814291
1.4022976
-0.95485073
0.6019172
0.31582376
-0.9745569
-0.06389865
-0.69738
-0.03698352
-0.10930688
-0.7674581
0.21217953
-0.3497476
0.35047674
-0.8847014
-0.47330976
-0.26853073
0.2735747
1.1386244
0.6402137
-0.6659604
-1.1428791
-0.04928058
0.24801426
1.0522193
-0.75482434
0.061586425
-0.12635809
0.6670555
0.20943716
0.75004476
0.25383538
-0.5803617
-0.42746204
-0.48354405
-0.27531186
-0.3138032
0.29326263
-0.064594276
-0.083389156
0.7952476
-0.07787595
-0.009264722
-0.0077106804
-0.75264144
0.4517044
-0.71912324
0.31755278
0.8614152
-0.29545835
-0.11126355
0.112731405
0.3396835
-0.97616863
-0.79566926
0.41746992
-0.07887239
0.971974
-0.13917057
0.7618608
-0.4211943
0.8029367
-0.16869393
-0.010186885
-0.27425873
-1.2407951
-0.5028323
-0.2352122
-1.0663687
-0.019193474
-0.8042953
0.94106656
-0.5832571
0.08722098
-0.27032602
-0.27903378
-0.75770736
-0.92264104
0.1326745
0.36432636
0.15947297
-1.4650079
-0.10203439
1.6501453
0.83368593
0.68749183
-1.0896223
-0.49851334
0.10732262
0.2653127
0.9975202
-0.6283815
-0.564214
0.32120514
-0.86491
-0.24517263
-0.0019747233
-0.005719421
0.27207673
1.2207327
-0.17499255
0.35448876
-0.24339329
-0.16286118
0.29931754
-0.6676414
-0.1920538
0.71954614
-0.5084326
0.44815624
-1.1100389
0.10006733
-0.53693014
0.64814854
0.12950025
0.83803636
-0.068887495
-0.10797313
-0.04800534
0.18757826
-0.0047888174
-0.21237846
1.1146338
-0.8505521
-0.07930487
-0.45966148
-0.7892114
0.1461031
-0.0776251
0.11859421
-0.8383315
1.5211238
-1.1362392
0.29125547
-1.267701
-0.8346842
-0.46752894
-1.1771915
0.6983899
0.7643151
-0.92837584
0.15964401
-0.73641235
1.1258421
-0.010550858
0.62600845
-0.2369697
1.1831813
-0.7512401
-0.21547692
0.4983251
0.41312224
-0.922235
-0.3590833
0.6416929
0.2621364
-0.53757733
-0.11314537
0.10359325
0.49421084
0.53316087
0.07563844
-0.837768
0.8000527
0.10162262
-0.029461933
-0.16496317
-0.21275423
0.7694862
0.88362527
0.04125904
0.44267374
-0.058029704
-0.18991423
-0.40641463
0.37511557
0.092064016
0.18422064
-0.68869215
-0.09004813
0.25753063
0.3159889
-0.043457042
-0.9962412
-0.6986053
-0.66442007
0.9130657
-0.7252352
-0.15328301
0.19912386
1.3056649
-0.28106287
1.5061691
-0.17069982
0.94662905
-0.27207705
-0.02830904
-0.22752777
0.0017045058
-0.29087493
-0.49316466
-0.07730579
0.7644288
0.005040819
0.4909221
-0.99143296
-1.5052577
-1.1293361
-0.46614003
1.5492475
-0.56145936
-0.21353659
-0.37043482
0.118957736
1.4206793
0.6857095
-1.0701264
0.38917485
1.1227769
-0.42615384
-1.0527031
0.43289027
0.7731722
0.85177934
-0.78278893
-0.59375787
-1.0309067
-0.21564828
-0.14652982
0.5191368
0.57333875
-0.19204755
1.5394628
-0.58375883
0.2614696
-0.3840205
-0.94658077
-0.417858
0.25734282
-0.9453367
-0.2314303
-0.82014465
0.79969704
0.05574955
-0.894168
-0.4700743
0.8122763
-0.7624822
-0.07389209
-0.13341662
-0.5224268
-0.970701
-0.17852913
-0.92698807
0.34636736
0.017478015
-1.2469152
-0.15808462
-0.6928865
0.16802815
0.65830934
-0.41392305
1.3309308
-0.5136014
0.68228513
-0.08426456
-1.0911698
-1.5627558
-1.3096215
-0.5667431
-0.78532505
0.96092707
0.34522393
-1.0943273
-0.08275459
0.38962948
0.47871733
0.3728484
-0.9577993
-0.20853779
0.9459042
-0.85439616
0.046553828
-0.22344732
-0.39530587
0.97272205
-0.6583167
0.7963676
0.53355813
-0.045743544
1.231944
-1.1210968
0.30032483
1.2924099
1.3235419
0.043085095
-0.610236
0.5037774
-1.1789957
1.2429339
-0.20813222
-0.53596514
-1.1613909
0.21361126
0.38971013
0.013242339
-0.12624043
1.1973069
0.37008122
0.5850687
-0.5151634
-1.078135
-1.1871269
-1.5105548
0.37111887
-0.51079065
0.14571784
-0.17595918
-0.21234441
0.82960474
-0.72677517
-0.32039303
-1.2278255
0.31263068
-0.21659958
0.053789668
-0.62487274
0.34081662
-0.47478354
-0.1626694
-1.0139158
0.2055849
-0.19813722
0.16601813
-0.16239914
-0.52199763
0.6276782
-0.06618522
-0.67953926
-0.72087854
0.6360292
1.2247034
-0.4555596
0.8461647
-1.4239198
1.7580488
-0.7191713
-0.15347692
-0.5321473
-0.27611473
-0.3591258
-0.47770447
-0.26369536
-1.1679854
-0.24771224
0.7191737
-0.18563773
1.5430918
-0.44056422
-0.19443561
-0.5361353
0.28174433
0.35205904
-0.060485385
-0.18144514
-0.91576195
1.3491045
-0.9803903
0.4677509
-0.11029151
-0.2634132
-0.70299965
1.0478308
-0.6578474
0.7366628
0.03058321
0.14223918
-0.6595645
-0.87753046
0.14976402
-1.0985472
-0.5110147
0.6890997
-0.052033942
-0.038357727
-0.8587255
1.4674523
0.19455326
-1.2449921
-0.19863719
-0.57580376
1.475081
-0.07929952
-0.01170465
1.4135987
0.976598
0.90262187
0.7537984
-0.24801639
-0.40459558
0.02980643
-0.17208783
0.16250041
1.0062902
0.63334686
0.17270294
0.059926353
-0.079411656
-0.397468
0.7739114
0.59836566
0.727799
-0.3880436
0.29252183
-0.5365272
-0.03791988
-0.75916594
-1.1258721
0.105313696
-0.05663565
0.26464137
-0.032094534
-0.36272982
1.2519706
-0.2479997
0.07197355
-0.5270654
0.13582933
-0.87907314
-0.50230277
-0.080290794
-0.07049333
-0.090443626
-0.30617374
0.5473267
0.057746515
0.825082
-0.48354483
-1.129945
-0.5540166
1.1071882
-0.73365813
0.8876758
0.2819766
-0.96236086
-1.4434611
0.75140095
1.0071689
-1.2622224
-0.34115443
0.87069905
-0.07513887
0.06443355
0.45202225
-0.9857944
0.5312477
-0.6741859
0.3801035
-0.39809543
0.15442173
-1.1267529
0.084374934
-0.38806182
-1.0956937
-0.4216705
0.19688243
1.7403927
-0.37447837
0.9908642
-0.76859534
-0.15923974
-0.817575
-0.07047971
0.72148246
-0.939928
-0.19464475
0.49832472
-0.41324884
0.44705045
0.2319749
-0.30483925
-0.12999685
0.25447074
-1.6253663
-0.12326532
1.1284953
-1.000977
0.5237414
-0.54143184
0.37849873
0.15850566
0.38853452
0.46417844
-1.1116388
0.814176
-0.7315007
1.6291798
0.22782233
-0.07120032
0.4707003
0.70359826
-1.1054713
1.0191822
-0.15097128
1.1769495
-1.1657311
-0.26139075
-1.68245
0.7422788
0.20152548
-1.0851893
-0.81823814
-0.32705083
-0.26990953
0.13586417
-0.6075176
0.83258736
0.45824438
1.4986401
0.3844309
-0.65449727
-0.38627064
-0.42235234
0.018221436
-0.0031167008
1.0223435
-0.70591784
0.4520518
-0.21384467
1.324051
-0.37986717
0.07225368
-0.25218666
-0.6172962
1.0936273
-0.26030788
-1.4160874
-0.113466546
-0.63193536
-0.48140514
-0.585025
-0.7837892
0.19116561
0.16579619
-0.05787888
-0.2948435
-1.1250418
0.0052672243
-0.5703411
0.15766247
-0.41709432
0.5146888
0.1348955
-0.5944322
0.8564216
-0.62652
-1.1697763
-0.8284676
-0.25561765
0.7181442
-0.44750887
-0.53647447
1.374804
1.1558436
0.624453
-0.8283247
-0.48354146
-0.36745277
-0.03477369
-0.34695432
0.8053774
-0.38820788
0.7790064
0.042480156
0.50272584
-0.2955917
1.1626798
-0.7581055
-0.6897087
-1.1183561
-0.16079482
0.045096032
0.1136913
-0.37012404
-0.1447938
-0.7378664
0.6567774
-0.32919326
-0.3895915
-0.4185984
1.0886774
-0.2888078
0.29960385
-0.19095048
1.0764128
1.1577853
-0.42754367
1.368042
-0.38027412
-0.17172997
-0.4732501
-0.0051906323
-0.59337205
-0.47576344
0.47440392
0.29557472
0.34855586
1.4880738
-0.8181271
0.6726236
-0.39502972
0.8695718
-0.65676075
-0.96563613
-0.73379666
0.9821521
-1.4767745
-0.51390254
-0.22181422
-0.15230374
0.057992134
0.7348817
0.2510189
0.8050457
-0.03131812
1.1682959
0.05483865
-0.52342904
-1.384538
0.476154
0.94049555
-1.6471037
0.86898446
0.691975
-0.5978431
-1.3448186
1.4695697
0.2251934
0.52543664
-0.009129554
-0.29260457
-1.1378747
-0.44452822
-0.7721874
0.51576686
-0.40818053
0.13505344
-0.5264548
-0.8217921
-0.07593218
-0.68316895
-0.34258
-0.37959588
-0.58194125
-0.36152816
0.81046766
1.6038185
0.097261325
0.28889504
0.3290645
1.0204501
-0.50284994
-0.25033376
0.86159444
0.36996868
-0.8179365
-0.45820686
-1.1232023
-0.0011704497
-0.25612643
-1.1231275
0.16877076
-0.32766137
-0.05868929
-0.25357327
-0.6366015
-0.17698309
-0.6643739
0.40585715
-0.048650265
1.7568631
0.9803514
-0.6292045
-0.039616898
-1.0365816
-1.2246752
0.0071362145
-0.67964625
-0.54320526
0.827593
-0.15234073
-0.564355
0.16987248
-1.0892861
-0.103377365
1.4499981
-0.8160801
1.4738207
-0.734231
-0.71710134
-0.053919144
-0.53896934
-0.9872869
-0.064273894
1.1243267
0.99919444
0.38499507
-0.43901098
-0.36050674
-0.39069343
-0.27043027
0.058868106
-1.2578008
-0.32003382
-0.49064046
0.43087277
-0.05688772
0.20600025
-1.2259815
-0.10117491
-0.08797306
0.5252833
1.1863524
0.65038055
0.28295097
0.11548023
-0.372487
0.5924002
-0.9147134
-0.5325935
-0.36663282
-0.47505808
-0.8509166
1.0393318
-0.442022
1.7522616
-0.5812737
0.4170896
-0.5044254
-1.2844388
0.38587716
-0.3084997
0.23483118
0.31381515
-1.2411524
-1.3350847
-0.5225497
-0.32124394
0.14550665
-0.3407707
-0.44656283
-0.5499762
0.009553864
0.33724728
-0.0940714
0.44165185
0.8255775
0.36561912
-1.4807384
-0.7633611
-0.6326171
-0.91399455
0.64724386
0.19687316
0.06034219
0.12584627
-0.6124452
-0.21253891
-0.24326344
0.18897459
1.5710816
-0.6052903
-0.29905975
-0.9260409
0.072142504
-1.1470115
0.9490038
0.22804353
-0.66692746
0.7618023
0.23226088
-0.40684834
1.4464296
-0.6437069
0.57316077
0.15784422
-0.1572613
-0.44336846
0.078344494
-0.33857858
-0.15073915
0.9550318
-0.064802796
0.13554306
0.40783584
-1.3308936
-0.4983726
1.3966166
-0.3675391
-0.86735773
0.60955215
-0.23426488
-0.31884465
0.29383114
-0.2517015
-0.900573
0.53090584
-0.025447818
-0.26478803
-0.023816235
-0.21124475
0.501959
-0.04596777
-0.10681152
-0.116991475
-0.53446054
-1.1879025
-0.07331699
1.1097512
-0.3383556
1.3841534
0.21879008
-0.89121234
1.4205102
-0.10551306
-0.11214835
0.5118604
0.5036156
-0.6729822
-0.30943453
0.16780867
0.15990688
0.8229681
1.0796158
-0.69111896
-0.07576102
-0.30585623
-0.48512185
-0.34388638
0.18779874
-0.73054147
0.3227875
0.46331573
-0.1554802
1.0129087
-0.13916755
-0.51279503
0.29603752
0.61016285
0.83838165
1.0528705
-0.861254
-0.17051066
-0.9596671
0.065555155
0.48840123
-0.4122805
-0.55336696
0.00501001
0.34670436
-0.84263575
0.39120746
-0.94618523
-0.012551723
-0.40679654
0.32452905
-0.9962921
-0.3542288
-0.14477724
-0.32476634
-0.15622276
-0.105149664
0.07161353
0.10261179
-0.03381512
-1.5940114
-0.32715642
-0.839566
-0.08390537
0.12881589
0.696587
-1.4984279
-0.4457823
1.4314765
0.02014171
0.10530992
-0.48477185
-0.4503532
-0.5278604
0.50346774
0.32358566
-0.13067459
-0.60412604
-0.6186894
-0.77354985
0.02650907
-0.22484346
-0.49401525
0.41086277
1.2608764
-0.5685304
-0.4244746
-1.4585139
-0.12656221
0.78278875
-0.6821367
1.1050656
-1.4688399
0.4755273
1.7961171
-1.0327259
0.37615147
0.18534523
-0.9547508
-0.9354094
-0.26597854
0.3906829
-0.0037327434
0.92647696
0.42455256
0.13763252
0.83089423
0.07694501
0.6557361
-0.5814598
0.3215709
0.33808753
-0.5903329
0.6476554
-0.8311895
-1.394285
0.65944517
1.1887938
-0.09022877
-0.16981375
0.9197172
-0.71148956
0.19551198
0.63288134
0.3790313
1.027159
-0.71197635
-0.16405638
0.79373443
-0.72668374
-0.33946002
-0.6124941
-0.14508112
-0.9179989
1.4754716
-0.34994742
-0.45560867
-0.5953129
-0.7736338
-0.41228983
0.8502962
-0.68653476
-1.1202533
-1.0510089
-0.56087255
-0.49990845
-0.96066356
0.15980278
-0.14401
0.81630147
0.46944833
-0.075451285
-0.41647804
-1.1537578
-0.16385749
-0.7193914
0.29335618
0.07498569
-0.0057509956
0.3714789
-0.4958933
-0.055215754
-0.662758
-0.7341057
0.9923056
-1.0039065
-0.653123
0.9520503
0.436263
-0.295156
-0.08789014
0.06031883
-0.2013211
0.59624505
-0.22572865
0.56952083
-0.37965253
-0.42572466
-0.63079363
-1.2493293
0.051343203
-1.5296026
-0.113668926
0.13774167
-0.5680187
1.0074688
0.051864114
-0.6304909
0.37574387
-0.48438114
0.08037495
-0.059444517
0.15806095
0.04363927
0.09590311
0.55815154
0.9798078
-0.07964267
-0.28666192
0.3877718
-0.07104747
-0.39807266
-0.27965677
1.0606852
-0.39285356
0.68966
-0.25994796
0.1379905
-1.3806477
0.5422429
0.19845165
1.6964226
-0.53641105
-0.04713945
-0.9298279
2.01563
-0.372952
1.2387023
0.43806988
1.3712795
0.3107414
0.58720535
0.040013928
0.1188219
-0.1173329
-0.1963187
1.3640481
-0.4082595
0.8840548
-0.44795358
0.06988805
0.68062335
-0.092580445
0.5998115
-0.87213683
0.71708226
-0.30631062
-0.011753114
-0.97304213
-1.1323676
1.4510726
1.1466599
0.1587058
0.040598825
0.08441494
0.3454178
-0.30504388
-0.56895
-0.2725178
-0.88240683
-1.0501738
-0.5439475
-1.0381761
-0.6735394
-0.20568262
0.5309061
0.7956518
0.27170488
-0.4869826
0.2343999
0.42718798
0.8704277
-0.6728572
-1.2188199
0.98761904
-0.3726535
-0.69345605
-0.46978337
-0.39766484
0.21860014
-0.30824575
0.74739105
0.03510399
0.55922973
0.8702574
-0.65756303
0.051905308
-0.15671837
0.44053182
0.8933085
0.30396304
0.66524446
-0.4894541
0.58932275
0.5108883
-0.37002954
-0.5627165
0.0906561
0.4623797
-1.5691471
-0.89540184
0.13429375
1.0130248
0.7382648
-0.7123122
0.6051223
0.042395197
1.341514
0.1846151
-0.5081856
1.7395064
0.588948
0.24358821
-0.44033307
-0.7720759
-0.59813696
-1.0184444
0.52137935
1.3064121
0.16370212
0.27645725
-1.2526004
-0.38825625
0.30780017
-0.395796
-0.39264435
-0.24795662
-0.1451084
-0.29088798
-0.41791537
1.6738597
0.6845143
-0.45610094
-0.20213997
0.04359411
-0.31599683
0.97854567
-0.89115345
-0.25136784
-0.11927921
-0.8575095
-0.80414397
-1.0091565
0.23761933
-0.50709754
0.5498965
-0.6334691
0.22126213
-0.104799226
-0.058807172
0.6816118
-0.77731717
-0.18619554
-0.36822882
0.1476152
-0.89703965
-1.2409424
0.035591476
-0.36067867
1.0239427
0.73264205
0.22279793
-0.6264215
-0.77554077
-0.07965382
-0.06140212
0.73243606
-0.59648913
-0.029768487
0.18367262
-0.039329264
-0.21528317
-0.40163186
-0.74778986
0.24727438
0.07261704
-0.5702831
0.49465713
1.083115
0.2527068
0.42738888
1.2760566
-0.8416369
-0.26933184
1.5338566
1.1427631
-0.6675809
-1.0889711
-0.068811014
-0.05281005
-1.1904923
-0.08485404
-0.45410633
-0.55289745
0.86849743
-0.2971523
-1.4426692
-0.07083797
-1.3004783
0.893188
0.0350007
-0.01595237
0.062071737
-1.3225448
-0.49164394
0.4092834
0.50229216
-1.2079983
1.0539321
0.033159245
-0.9850796
-0.23050995
-0.05880931
-1.244886
0.056878947
0.64194906
0.50937414
-1.130202
-0.50074345
-0.54659474
-0.3311598
0.8476312
0.93821865
1.1500806
0.64159805
-0.04283311
-0.4189795
-0.3655311
1.0944126
0.13989909
-1.6309614
0.48240304
-0.5462043
-1.1435386
-0.53113294
0.3483376
0.94094586
0.6393743
0.14653926
-0.98739064
1.3228627
0.826823
-0.6532259
-1.028727
0.1399116
0.034551937
0.63193715
-1.044061
-0.82113063
-0.07041656
-0.014165956
0.28073978
-0.010385146
-0.5605112
1.1398884
0.6436299
0.007656026
-0.08742809
0.73528486
-0.071181946
-0.05268828
-0.4495008
-0.4935364
1.7297177
-0.25077897
-0.23967615
0.1402486
0.8579845
-0.0028773607
0.90528905
-1.0468189
0.85972893
-0.025858236
-0.13089505
-0.38675848
-0.48750848
-0.4026339
0.23993416
0.1792744
-0.6683687
-0.7195069
-0.3864822
-0.5943121
-0.8831026
-0.15669878
-0.11352357
1.5780919
-0.5715927
1.0816684
-0.9144094
1.3841646
0.053002767
0.6946789
0.2510724
-0.96060693
-0.52577394
-0.24823011
0.21411395
-1.2089097
0.1103296
0.37115142
-0.50334656
-0.62958354
-0.061381362
0.84458345
0.106215045
-1.1358621
0.12475553
-0.28163853
-0.040049113
1.1925822
0.26372695
-0.107960016
0.775622
-0.07427423
-0.38574135
-0.45655128
-0.7386335
0.25236854
-0.23534006
-0.31617692
-0.4989609
0.4782266
0.87520134
0.072721735
-0.44640973
1.3769196
-0.5360581
0.5849217
-1.244363
-0.19428758
1.1552273
-0.7081634
-1.1504649
-0.24232621
0.5455382
0.15774032
-0.8184833
-0.14866
1.5912106
0.24883167
-0.13604246
-0.48589197
-0.3498571
-0.6113943
1.0480846
1.4015667
0.9334824
0.33583722
0.2523982
-0.6534027
0.0048789093
-0.2455825
-0.64450896
0.634537
-0.13423838
-0.4446675
0.11614209
0.2506632
0.44287914
0.34145457
-1.093645
0.70663977
0.08376388
-0.6407458
0.1587807
-0.08113422
0.42624748
0.7519989
-0.1219021
0.10037262
1.9168941
-0.5697137
-0.23460129
1.4196663
-0.026680961
-1.4769769
0.54556847
-1.1202682
0.71226394
-0.6296784
1.6207865
-0.48720095
0.0032048926
-0.3847326
-0.5609896
0.28694594
-0.9163229
0.16924824
-0.7251717
0.52923447
-1.1778231
-1.0522158
1.4238939
-1.0548457
0.58933246
0.0047056545
-1.1066583
1.0713603
-0.04304726
0.115627475
-0.47240195
0.80893916
-0.5020355
0.118799694
0.7636586
1.0304472
-0.40030137
-0.13877282
0.26200652
-0.24698447
-0.17022303
-1.3419956
-1.076573
-0.093074396
-0.008845333
1.3214891
1.0049484
0.55383986
0.89547455
-0.27735674
-0.025737997
-1.1621572
-0.91843057
-0.15663186
0.9799142
0.18223953
-0.8581128
0.0023582464
-0.07432457
0.49624968
0.42450234
0.46099105
-0.92310435
0.5620605
-0.5955273
1.3943809
-0.5569813
-0.5079898
1.5613973
-0.064747535
0.0831607
0.77479243
-0.37094873
0.93033326
-0.22495867
-0.54588664
-0.39328253
-0.859968
0.6274134
0.8972416
-0.0116266385
0.5666243
0.12007622
-0.6449071
-0.70802605
-0.96990234
-1.6464498
-0.5543799
-0.0950989
0.017481538
-0.97294897
-0.013802262
1.0984552
-0.5375235
1.469259
-0.33011764
0.22863802
0.3559077
-0.29412454
0.8375839
-0.50074184
0.17960292
-0.4060291
-0.7794315
-0.39812395
-0.13454683
0.5524709
0.3867886
1.1754398
-0.071552284
0.26998407
-0.6107886
-0.39188123
-0.09164357
1.3551543
0.045604393
-0.4215963
-0.9523078
-0.10223599
0.5558878
-0.6536256
0.086436294
-0.3906003
0.62634355
0.57953805
-1.0513808
0.61898595
1.1027282
-0.107149005
-0.054355882
-0.5670838
1.0587599
-0.45385313
-0.22016238
0.07487563
-0.6122591
-0.043686386
-0.6251357
-0.9235422
-0.018615568
1.0195556
-1.3052182
0.104946144
-1.011889
0.5627244
0.05982458
0.57572746
-0.24998091
0.030513218
-1.0239038
0.17309703
0.93544364
-0.5128184
-0.7138479
0.38348976
0.76333845
0.38609028
-0.103095494
-1.1797074
0.85986906
-0.41878796
0.49677533
0.98296034
0.71715057
-0.015631752
-1.3315264
-0.62369275
-0.33692634
0.2594567
0.16306432
1.2188157
-0.27456108
-0.4076365
1.2061614
-0.04918159
0.26147264
0.030934999
-1.0462326
-0.47949955
-0.43560472
-0.36949348
-0.07171522
-0.82232034
-1.5810786
-0.55726755
-0.5059972
0.61277974
1.3786913
-1.3170758
1.6772771
0.08496527
-0.10287101
0.32870582
-0.99810576
0.25472993
0.42863
-0.5377041
-0.63770944
-0.48786265
-1.2211084
0.0072050374
-0.24707268
0.7432834
-0.059026938
0.093636855
0.9892772
-0.1248107
0.09168408
-0.29368934
-0.028871706
-0.9385799
0.40953434
-0.3606112
1.354244
1.4615251
-0.8369086
1.7447505
-0.25703052
-0.3721607
1.3639395
0.5807168
-0.37997577
0.044140644
-1.1829762
-1.1415527
-0.10594879
0.7743033
0.31769982
0.008498593
0.5305176
0.056160174
1.3318324
0.5826207
-0.93552333
0.4085653
1.06715
0.96683705
1.2348375
1.4818532
-0.30474377
-1.1398374
1.1396503
-0.91262597
1.0371021
-0.40761983
-0.40573537
0.47667027
-0.6382606
-0.29630345
-1.2594321
-0.7638764
0.48215085
1.1581051
-0.1753236
-0.2370022
0.094205074
-1.0519679
-0.2676175
0.008402772
-0.91298777
0.23689875
-0.37075
-1.5668427
-1.08183
-0.2682843
0.57353294
-1.2853765
-0.45174497
-1.4111558
-0.011280401
-1.5538203
0.99997115
0.3254254
-0.8193722
-1.5887494
0.18269065
-0.3800807
-0.5765509
0.91362906
-0.039437316
-0.18974446
0.54437244
0.85816044
-0.22687662
0.04669394
0.08150301
-0.4955763
-0.3830052
1.4711658
-0.18741298
-1.0393386
-1.3325027
-0.20158179
-0.6977467
-0.5769693
-0.011986993
0.23410946
-1.0284021
1.358043
-1.175444
-0.9717423
1.0842373
-0.54231817
-1.0666331
0.38467014
-0.20366792
-0.73945576
1.1839851
0.9482039
0.4586965
-0.20675749
-0.5279032
1.1085747
0.06553908
0.8534645
-0.67027175
-0.764516
-0.3567319
-0.83670163
0.45464617
-0.7059115
0.5155633
-0.6171142
-1.0023264
-0.37089008
-0.15109953
-0.8244029
0.6000758
0.3601886
-0.31846857
0.09775647
-0.24427043
0.33041868
0.62336063
0.7760072
-0.19719222
-1.0878454
-0.050526943
-0.090502
0.5631696
-0.093882665
-0.66780996
-0.13857418
1.0121211
-0.09327926
-0.20608169
-0.7229684
-0.4970855
1.006786
1.0579109
-0.11810154
1.1169715
-0.8537721
1.4958885
-0.41762686
-0.055099424
-0.22428049
-0.9366286
-0.14186779
-0.21836719
-0.7429392
0.012335451
-0.5636593
-0.10409255
-0.39773867
-0.3103187
0.45947897
-0.27391025
-0.42084688
0.51217926
-0.4969678
-0.5367834
-0.9040483
-1.3253464
-1.1201864
0.8773836
0.88245744
-0.013230273
0.7087147
-0.04925902
-0.7721959
-0.7627262
0.7167423
-0.26986986
-0.17359936
-1.6928228
-0.120605566
-0.253853
-0.62228096
0.27992532
-0.7120012
-0.52785325
-0.22227308
0.21666497
-0.058260746
0.28474492
-0.6214199
1.2693594
-0.21272138
0.26804686
-0.66457516
1.2557976
-0.91676426
0.16319996
0.5179064
-0.06790451
-0.54325604
0.9671981
0.8429941
-0.39917463
0.6239139
-0.15092167
0.13048199
-0.31255
0.15097673
0.6833008
0.45350546
-0.10654402
0.35496628
1.5897547
-0.8054907
-0.058086522
0.438436
-0.5790182
1.0377392
0.27481845
-0.037459143
-0.36538282
-0.5800903
-0.82442105
-0.07279543
-0.84906906
0.065202646
-0.39447704
-0.86399114
0.29335654
-0.14896053
-1.1617692
0.36840618
-0.1041166
-0.47474077
-0.4679781
1.6813314
-0.06114359
0.023852268
-0.22105595
-1.2352725
-0.39586693
-0.6355022
-1.0665889
-0.7685466
0.09318061
-0.90964377
0.10713003
-1.3232464
-0.07620809
-1.253438
0.49086773
-0.44106856
0.4359661
-0.19654222
0.6262611
0.9094101
-0.22176792
-0.01101794
-0.11108468
-0.5411798
-0.10235941
-0.13186957
0.5271118
-1.247194
-0.68827456
-0.45330167
-0.5293076
-0.7145104
1.121414
0.8243487
-0.70787054
0.9191226
-0.7120611
0.5950382
-1.3275781
0.63563883
-0.49669063
1.490832
-0.7663164
-1.0171906
-0.14637814
-0.2001849
-0.4058119
-0.3173664
-0.47394347
-0.055611815
0.33176085
-1.1717165
-0.8530098
1.6535875
-0.19151437
-0.68587554
-0.76815146
0.81277156
0.18844621
-0.0074132155
1.0662776
0.2965766
-1.0109415
0.98371065
-0.53609145
0.3108382
0.865351
-1.4762706
-0.7436145
-0.622605
0.4372064
-1.2385329
-1.2715695
-0.39770907
-1.4420658
-0.2906826
-0.583928
0.71135277
0.8826689
-1.3400606
-1.374686
-0.009254656
-1.2617888
0.94449985
1.0154971
0.048712853
0.76260054
-0.3026525
-0.705059
-0.17045179
-0.2753825
-0.0856482
1.0160675
0.7101422
0.13166179
0.49605128
1.257294
-1.0655074
1.1987826
1.2143245
-0.955323
-0.053192556
-0.7856346
-0.085008964
-0.6220806
0.75675344
-0.080706574
0.5328542
1.762005
0.66431093
0.31865764
1.0711992
0.42984954
-1.3343412
0.58804935
1.5721638
-0.4583574
-1.086669
1.1320124
0.7099793
-0.079338916
-0.3061478
-0.012866059
0.24460544
-0.82797974
-0.044955928
1.2709894
-1.0514915
-0.17356737
-0.63603306
0.16181563
-0.6168275
-0.78857666
-0.29135087
0.21362361
-0.18818262
-0.051443167
0.3182675
-0.59838295
-0.0706702
0.7107581
-0.67436755
0.8222877
-0.4603436
0.8861339
-0.7747285
-1.1942301
-0.86821836
-1.1177917
0.42141643
-0.4757595
0.3696404
-0.41683525
1.2117926
-0.8310772
0.8181351
0.7635021
-0.015723672
0.29384214
0.8218361
-0.041932825
1.1859599
0.15880005
0.69174683
-0.4254498
0.15261023
-0.47316694
-0.6082138
-0.2804738
0.6000721
0.0014634257
-0.050596647
-1.0669885
-0.09251853
-0.8761068
-0.12317824
-0.44545442
0.47010583
1.4948972
-0.66834027
0.23312916
0.94156057
0.4604249
-1.1151199
-0.74076074
-1.0631528
0.82211626
-1.0411723
0.6321341
-0.41169927
0.31819543
0.6388145
0.41284576
-0.34754637
-0.11102863
0.4862818
-0.5436779
-0.6219975
0.41829073
0.31896093
-0.06525901
-0.11053127
-0.21544425
0.8771585
-0.43944925
-0.11963156
0.28626305
-0.19613162
0.67296535
-0.2196402
-0.8907517
-0.54697794
-0.25156966
-0.23219654
-0.19404835
-0.18985142
-0.35103756
-0.5017098
1.2498902
0.123259865
0.052543435
-0.05240182
0.9208006
-0.1937045
0.023081819
0.4153315
-0.7310895
-0.2985785
-0.09490536
0.11778819
0.035335943
0.08130651
-0.2935727
1.0012121
0.94361174
0.94868076
-0.44068936
0.28472376
-0.3928771
0.2644658
-0.522375
-1.0960627
-0.117917255
0.8035519
1.219403
-0.08901055
0.22075656
-0.33835447
1.1017346
-1.2727797
-1.3297427
0.5858268
0.30228445
0.2533635
-0.5210591
0.09623472
0.8172428
-1.3019832
0.026761845
-0.056838565
-0.75953925
1.2178252
-0.48896506
-0.03128095
-0.141395
0.10696861
-0.47124434
0.009456936
-0.21623594
-0.065163426
0.59760845
0.774471
0.049967222
-0.24904102
0.21992142
-0.40898558
-0.6250552
0.6053584
-0.53862286
0.52752143
-1.1723514
-1.0281467
-0.6213099
-0.8303453
-0.50110406
1.2782854
0.6286431
-0.73603976
-0.07352103
0.4882888
-0.52233016
0.19205013
-0.0022256433
0.850541
-0.1738452
-0.14068243
-0.80699223
-0.589801
1.2771168
-0.4008247
0.34011808
-0.12709433
1.1637535
-0.41031116
-0.28026882
0.7208988
1.3271544
-0.8980134
-0.9779251
-0.47855318
0.9160855
0.37576047
0.3534354
0.8816916
0.6524445
-1.3495864
-0.17282167
0.06734315
-0.07429369
0.46010607
-0.46303666
0.37292352
-0.050407935
0.08612436
-0.10638888
0.46908128
0.6649634
-1.3263191
0.8064583
0.16662157
-0.5918409
0.008756532
-0.04235929
-0.6325731
-0.21668355
0.22302905
0.9228091
-0.27541435
0.8150959
-0.64574194
-0.52035546
0.5834401
-1.1208285
-0.38800874
-0.45001158
-1.1265683
-0.033318724
-0.6687841
-0.11644234
-0.5627503
-1.0630451
1.5395559
-0.46756887
-0.98111
-0.17734416
-0.13057995
-0.23473743
-0.90053725
-0.38269746
0.5719568
-0.074232675
-0.053382788
0.7950833
-0.74567235
0.20431519
-1.3038905
-1.2999772
-0.23449652
-0.5025544
0.774764
0.48171675
-0.011072157
-0.29530194
-0.36957753
-0.67947286
-0.011546248
-0.12669037
-0.526581
1.1235511
-0.66681767
-0.10057411
-0.09777916
0.44898254
-0.26852718
-0.973838
0.7842715
-0.3034298
-0.359732
-0.1294395
-0.39441758
-0.21444044
-0.53737193
-0.45651174
-0.85932183
-0.678192
1.5460441
0.29226226
-0.5011535
-0.31292376
-0.12719427
-1.1883426
-0.50596404
-0.13856392
-0.49656636
1.5410289
-0.30549908
0.18318398
-0.7246003
-0.8461594
-0.58283603
-0.76078594
-0.6352423
-0.07350689
-0.6700154
1.0211647
-0.66476953
0.103285104
-1.4453226
1.200764
-0.5647481
-0.9394913
-1.0483738
0.5700882
-0.38980797
-1.272595
-0.202907
-0.7006672
0.16646683
1.7172687
-0.14151503
-0.56924367
-0.97642064
-1.1596253
0.010663508
-0.78290576
-0.265612
-0.15986905
-1.2093514
-0.4280866
-0.5939887
-0.88470197
0.12235392
0.5835829
0.23231219
0.3757875
0.08055258
0.14750671
0.63502705
-0.7797719
-0.24843206
-0.3266495
-0.46888554
-1.0485748
-0.1570783
-0.31113812
-0.8081051
0.054026663
-0.657878
0.93810856
-0.20433106
0.47223893
-0.11585345
0.8995501
-1.3349619
-0.85342926
-0.45881674
-0.9763707
-0.025199533
-0.53231156
-0.43381977
-0.91630393
-1.2232941
0.5003174
0.9083615
-0.8106199
0.52695686
-0.75490475
-1.0930291
-0.20698775
0.8221772
-0.07935035
-0.20706886
-0.4038438
-1.2382247
0.895373
-0.5496403
-0.7147309
-0.747095
0.82724005
-0.5098238
1.2571136
-0.5230634
-0.008831927
0.62777585
-0.23047301
-0.8455301
-0.40164357
-0.8328478
0.25644702
0.08077267
0.5096269
1.7695779
0.105133906
-0.18685536
-0.48506486
0.74734694
0.3913538
0.86993474
1.3381526
-0.30477768
-1.0253487
0.32467782
-0.8461416
-0.99453926
-0.3775061
-0.031468343
0.23342359
-0.45839024
-1.6936647
-0.117750995
0.3879788
0.027077554
0.51335275
0.46296665
1.3681245
0.64743966
0.17650576
-0.0789124
-0.5401779
0.32681024
-0.77198017
-0.37468526
-0.12652355
1.2293456
1.3221377
0.20113797
-1.0711918
1.1232948
0.34426248
0.13797589
-0.104769826
-0.9654752
0.4499783
-1.3465514
0.5889653
-0.49759078
-0.7116278
0.5757731
-0.1778658
-0.5917004
-0.33178914
-0.26703686
-1.0537832
1.5020903
-0.5269706
-0.85471785
-0.641613
-0.4184928
-0.48632148
-0.38401026
0.3160482
-0.006502134
0.52382946
-0.16199253
0.06444143
-0.84298384
-0.11142477
-0.24503717
0.063303225
-0.2112913
0.3337646
-0.04365965
-0.7022663
-0.53286415
-1.2316234
-0.8961307
-0.43811375
-0.427712
1.0884525
0.33317026
0.4080743
-0.045882236
0.23143426
-0.101071745
-0.74692297
0.036310524
-0.10316525
1.1104453
1.075809
-0.03446876
-0.040272932
-0.173895
1.4353242
0.19351648
1.2427919
-0.18220195
0.32324558
1.7398753
-0.12926657
0.81654954
0.7005905
-0.09997498
-0.47992644
0.784047
-0.07428323
1.0241327
0.20994303
0.6935085
-0.9944064
-1.2716514
0.2903989
-0.6828923
-0.6689644
-1.1204802
-1.0906788
0.042358857
-0.62712723
0.039699532
-0.9708952
0.1799853
0.3319562
-0.19228277
-0.4446172
-1.0449358
-0.16388875
1.153529
1.1757393
-1.4459312
0.00143755
1.3002112
-0.13019475
0.33989212
-0.6225686
-0.003948971
0.5867507
-0.99629736
-0.8527117
-0.59430504
-0.49479693
-1.1758775
-0.2977323
-0.64455944
-0.57008886
-0.8896152
-0.3224565
0.8616842
0.14723444
0.5491827
-0.46520346
-0.32161796
1.0277963
-0.89608735
-0.42562318
1.0672479
0.7856403
-0.78836626
-0.30893594
-0.13002071
0.019034473
0.6413097
0.45506978
-1.0546644
1.0041037
1.0253015
-0.23484942
-0.62557304
-0.4801839
-0.7873876
0.29372743
-0.7173156
0.7177694
0.5346999
-0.6224069
-0.11915994
1.016093
0.27928847
-1.4705209
-0.13486823
0.076487824
-0.3241246
1.1754355
0.07093107
0.6943979
-1.6739981
0.4989433
0.61303425
-0.37250882
-0.8604031
-0.07723059
-0.26755893
-0.6951535
1.585184
-0.42796245
-0.31625214
0.72362995
-0.582815
-0.37200132
-0.21164584
0.12964503
0.5342379
0.043278135
-0.19919528
-0.07469958
0.8702041
-0.587339
0.7606276
-1.5678017
0.18804193
-0.3042399
-1.2669615
-0.016725762
0.24663448
-0.5845538
-1.1104735
-0.470295
-0.5879822
0.3972615
0.54826343
0.20862457
0.3718263
0.58775514
0.823588
1.0067216
-0.11129381
-0.877391
-0.6774861
0.12450114
-0.53353024
1.1938725
0.55586123
-0.5723643
0.04994716
-1.1471624
0.48453987
-0.08168783
0.8456005
-1.0272589
-0.15351483
-1.5608149
-0.60638237
-0.57162637
0.44863993
-0.22814253
-0.780928
-0.011861231
0.44533312
0.72255045
-0.93654776
0.20062402
-0.13993022
-0.0059842593
0.18449189
-0.00078699633
-0.40599468
0.17807305
0.95016384
-0.05965518
-0.54719186
-0.043865185
-1.2916695
-0.28058857
-0.24277107
-0.050001096
-0.8814111
0.9301827
-0.946643
-0.96961665
-1.4923562
1.0926003
0.45940143
-1.01517
0.013552974
0.116551764
-0.9382838
-0.6805444
0.08823634
-0.21383582
1.1853863
0.14967081
-0.9643762
-1.253735
1.3483534
-0.29364222
-0.44654304
0.8309274
0.5913609
-0.07326162
-0.4521375
1.8487754
-0.43664694
-1.0607946
-0.2998693
-0.58807886
-0.09765381
-0.10806435
-0.3434309
-0.29302064
-1.2376884
0.44800267
-0.23446971
0.69046324
-0.13695148
-0.27501875
0.6297339
-0.011776651
0.619122
-0.35667703
0.4976123
-0.13352238
1.2150898
0.32426402
-0.47333014
-0.65166473
-0.24810067
-0.34253022
0.098612696
0.99661714
-1.2239764
1.2121966
-0.57583404
-0.048189607
0.545758
1.0978245
0.36637685
0.8154848
-1.0936928
0.762665
-0.1550456
-0.27919778
-0.552542
0.623604
-0.006764674
-0.35296243
-0.48672366
0.83090997
0.3323356
-0.21450046
0.19217801
-1.1816114
-0.58056784
-0.94698393
0.4316694
1.5195078
-0.38030672
-0.11594304
-1.0397949
-0.7700875
-0.019358296
-0.1610938
0.18046822
0.26305017
-0.13963065
-0.5430934
-0.12500753
0.25151986
-0.6225373
-0.6082093
-0.1606762
-0.44299138
0.59335315
0.4791425
0.16409546
-0.12002429
0.5802678
0.34881237
1.0479691
0.026623603
0.4750719
0.28130907
-0.9863354
-0.6513637
-0.54109305
-0.23994535
-0.615078
-0.015104234
-0.6025942
-1.2361945
-0.77018785
-0.5913583
-0.53208846
-0.20158423
0.2792427
-0.5440375
-0.7548766
1.0450957
-0.6570347
0.32116884
0.04425525
0.43101886
-0.53600466
-0.5588647
-0.016925815
1.0478766
-0.014316255
-0.022502325
-0.22886375
0.3057454
-1.0812547
-0.91449577
-0.88689214
0.76924187
-0.4160747
-0.1508504
-0.77979356
0.6651179
-0.8949914
-0.8439225
-0.18438208
-0.276545
-0.24229708
1.67142
-0.14049383
0.118256
-0.5311885
-0.55219114
-0.031534262
-1.3478025
-0.5379929
-0.0073859626
0.55476105
-1.0543232
0.32423067
-0.851137
0.7021221
-0.34335408
-0.78107524
-0.6880813
1.6453454
-0.4848391
0.49967158
0.7797626
-0.71312225
-0.75754005
-0.4544096
-0.66580534
0.18138553
-0.9832333
0.88258755
0.4642384
-0.2799326
0.35985565
-0.9524193
-0.29226288
-0.2329243
0.57933897
-0.009482671
-0.082630634
-0.21603744
-0.98739815
-0.9777449
-0.27533033
0.35327533
0.35760856
-0.34610066
-0.036816914
0.91642225
-0.5639089
-0.11080284
-1.1036503
0.04340874
0.12571988
0.118644945
0.58570945
-1.1148686
0.5760636
-0.058420163
-0.24120525
-0.39920604
0.7082357
-0.30927393
-0.95571524
-0.34727058
-0.7182158
-1.1877557
0.44312304
-0.61823845
0.22830196
-1.0164243
-0.32547995
-1.0197281
-0.5289068
0.77920496
0.18069421
-0.026105838
0.25053534
1.3143277
-0.7221941
-0.62217283
-0.52504784
0.5331539
1.7686751
0.957731
-0.71798956
0.3680444
0.70927334
-0.024567232
-0.50510347
0.9204416
-1.6511831
-0.16370036
0.51440287
1.3941947
0.043669887
0.34691584
-0.716705
0.748685
0.03930182
-0.16946839
-0.44302285
0.98900795
1.1757778
0.5326057
-0.4887132
0.76016206
-0.15404119
-0.17997682
-0.05044491
1.1673622
1.6824307
-0.5699905
0.858807
0.57310903
0.19667076
0.22925274
-0.39180917
-0.46781552
0.045190968
-0.6344876
0.9527436
-1.1369163
-0.4060883
0.84650344
0.052815396
1.0509167
-1.3062642
0.69879675
-1.0372401
-0.8608701
-0.56588304
-1.5359432
0.5365712
0.9453095
-0.860026
0.7470705
0.45050693
0.7399348
0.639812
-1.1708914
-0.66263634
-1.2423863
0.5483148
-1.1088209
-0.2488519
-0.16377473
0.7256836
-0.21260175
1.6816034
-0.41229594
-0.7981459
0.25907266
0.124514595
0.3296703
-0.6486227
-0.07215184
-0.5026168
-1.0334235
0.8590482
-0.76774037
0.7172472
-1.0265749
0.57956725
1.5607508
0.5575902
-1.0850981
0.8687509
-0.3903866
-0.34932154
-0.077729225
-0.3206683
-0.23998882
0.060605433
0.26431447
-0.3765088
0.058129083
0.3485464
0.21218997
0.5154505
-0.5283657
-1.1813076
0.44149873
-1.099114
-1.2019184
-0.90019876
-0.54060507
0.6126553
0.33821934
-0.24215312
-0.5193169
0.37729245
0.91310054
-0.27930307
-0.23031312
-0.15679047
1.1217065
-0.13915436
-1.3227082
0.88852507
0.18543495
0.34228322
-0.2847964
0.013429477
-1.092377
-0.2426349
0.025414508
-0.5562335
-0.90976024
-0.17704304
-0.2535181
-0.42781624
-0.34839788
-1.2216188
-0.15610707
-0.31164762
-0.037082367
0.7016715
0.12900376
-0.06100335
-0.5206004
-0.32354453
0.4846663
0.16211577
-0.8328755
-0.010397057
-0.10609097
0.47978523
0.6870621
-1.025453
-0.24102534
-0.27833638
-0.12222521
-0.30503842
-0.75124305
-1.012701
-0.9827665
-0.95797175
0.5189059
0.48437452
-0.85829836
-0.8583925
-0.29057282
-0.6360273
-1.1128023
-0.7359065
-0.2678404
-1.1711823
-0.053292457
-0.54891986
0.6555634
-0.3065918
-0.031000923
-0.26986083
-0.67353874
-0.15463828
-0.45440263
-0.40008
-0.91922605
0.24769208
0.001968202
-0.22144997
-0.23384704
-0.42872897
0.4113891
1.7615688
1.0558789
0.4863267
0.20471627
-0.55890787
0.1361885
-0.28042352
-0.63765264
0.2807855
-0.6366951
0.8839352
-0.19102709
0.09040883
-0.33686537
-0.36833978
0.45715815
-0.0013832186
0.04379164
0.7308224
0.4927705
-0.2059917
-0.147633
0.42327958
-0.5576443
1.2840613
1.3071336
0.94687533
-0.44613528
1.1478606
0.62179244
0.9186995
-0.016727548
0.740991
-0.22100885
-0.7723606
0.32802078
0.048531506
-0.35949937
0.5828711
0.85635805
1.1919205
1.3327764
0.784
-0.05130259
-0.39216942
0.6170019
1.2955176
-0.09158508
1.3230337
1.4020742
0.33377716
-0.38740382
0.97959393
-0.26586926
-0.16112423
-0.072672404
-0.7660031
0.30008593
-0.67554367
0.5132523
-0.22638148
0.6873327
-0.63177687
0.07462916
-0.15626311
-0.8629134
-0.6852431
-0.75362307
-0.3312474
-1.2858778
-0.06410979
0.030799394
0.06751125
0.5248034
-1.349626
0.025123427
-0.89398694
0.7612196
-0.021059878
1.1410618
0.5037427
-0.6219449
-1.1364242
-0.39829788
-0.68279994
-0.021861779
0.8138415
-0.3854731
-0.58386326
0.846103
-0.3320254
0.36447436
-0.07066447
-1.4452534
-0.18151736
-0.19380768
-0.45929104
0.15875092
-0.060139637
0.3189543
-0.61357504
-0.8842596
0.7848301
-0.41424948
1.6931192
-1.0130606
0.040806577
-0.6399493
-0.8318579
-0.58444464
-0.180264
-0.2659905
-1.2275681
0.5627399
-0.2847735
0.86019087
-0.27204466
0.49009186
0.11067646
-1.3418807
-0.24038985
-0.59035957
0.74680495
-0.13607186
-0.3292628
-0.639992
1.6552619
0.124238834
1.2368155
-0.18168564
1.3521922
-0.91893494
1.6882706
-1.0714018
0.9026656
-0.38805193
0.55007434
0.8081549
-0.1836889
-1.1090719
-0.49348724
-0.4343157
0.80398566
-0.411061
0.42996696
0.48791254
-1.6364312
-0.25088394
0.15821128
0.2472159
-0.5036529
-0.25432664
1.2858338
-1.5476116
1.3364006
-0.22062668
0.42235282
-0.20374016
0.61650455
-0.044426188
0.15462652
0.34411025
0.3751804
-0.07417783
-0.78113985
-0.39849672
0.08284567
1.1231124
-0.099257484
1.0663339
-1.213
-0.9453472
0.36051205
0.88218564
0.97986317
-0.682661
-1.0274129
-0.51770276
-1.0598773
0.936259
-0.3690625
0.12758745
0.10836124
0.6426755
-0.4696042
-0.47106695
1.1790886
1.6992992
0.008165791
-0.32611483
1.0905422
-1.2517424
1.747077
-1.1011117
0.2001964
0.24939501
0.19786099
-0.65210783
-0.3204133
-0.13251789
-0.44403264
0.5331776
0.5569748
-0.43971276
-0.5326539
0.13963296
0.81702006
0.8721299
0.45363498
-1.4145231
-0.65295213
-0.63668346
0.09333051
-0.28900164
-0.16132462
1.4894205
0.09335436
0.30772036
-0.95396245
-0.65899944
-0.33650842
-0.38445133
-0.09648617
-1.1301712
-0.033987876
-0.3860267
-0.7898888
0.7578887
-0.2399301
-0.17613904
-0.4811085
0.7973466
0.55948734
-0.080094986
0.6501754
-0.42178372
-0.048848018
-0.2594478
-1.0643
-0.74395895
1.0452724
0.84944564
0.5045042
-0.7475805
0.009745784
-0.11272891
0.3813583
-0.74524826
-1.0357654
-0.3490831
-0.047743004
-0.0054571507
-0.10283693
-0.60013795
-0.20596366
0.22029789
-0.69772834
-0.9597942
1.0353535
-0.16365139
-0.36988765
0.33878717
-0.6942857
0.025219897
-1.1918113
0.49800777
-0.4445544
0.15557043
-0.825686
0.65224165
-0.43645445
-0.2793788
-0.6084983
-0.50362587
-0.7927203
-0.021690283
1.0091945
-1.2023742
0.63914853
-0.5868982
-0.3314996
0.30861095
-0.23858134
-1.2904577
0.059140075
-0.89685494
-1.2254367
-0.009389872
1.0653936
0.50150406
1.0649834
-0.34551117
-0.37513033
-1.3073901
0.77481437
-0.529882
-0.16656499
-0.28493235
-0.30994838
-0.20735058
0.6493261
0.6521641
-0.014915334
-0.2262334
-0.6821902
0.5047942
0.87196463
-0.9715309
0.085442476
0.55120015
-0.101622
1.2545298
-0.11297941
-0.59064656
0.24030004
-0.11130789
-0.89220023
-0.04620288
-0.00199445
-0.6292839
-1.2766818
0.50896215
-0.95489913
-0.50000614
1.0737219
0.06076462
0.5454536
-0.9043982
-0.91224605
-0.83238804
0.34741506
0.97027063
0.00036724005
-0.15524499
-0.12299542
-1.1165597
-0.14259525
-0.2215004
-0.27013984
0.6273643
-0.11122016
-0.26725885
0.523621
-1.2968596
-0.47877425
1.0686071
-0.54033214
-1.08979
0.7815188
0.8074335
-0.4924074
-1.2532835
0.43845725
0.7955389
0.76892054
0.5820036
0.60825586
-0.7457675
-0.71804726
-0.22226824
-0.09621594
-0.4079085
0.6355261
0.1300781
-0.2824564
-0.35690764
-0.19217776
0.0856184
0.81495166
-1.0954145
-0.019378152
-0.39178637
0.63706774
0.9461441
-1.5314038
0.6986159
0.5625863
-0.62706923
1.6764987
-0.6071914
-1.0355742
0.7517673
-0.53476524
0.5630075
-0.13602908
-0.07607825
-0.028667692
0.0068454375
-0.09211006
-0.7866112
-0.84584236
0.17341323
-0.45765054
0.18144503
0.034280255
-0.29841086
-0.42433098
-0.29663262
0.112091765
-0.10618175
1.2204016
1.6874197
0.76680964
-0.89180684
-1.1182448
-0.37630305
-0.16090792
1.491955
0.56540656
0.6661307
-0.049428876
1.0528333
-0.62751055
0.13395229
0.30833408
0.83277816
0.37570897
0.8359395
-0.77253336
-0.55511487
0.13194856
1.1016741
-0.8382988
0.3177327
-0.8359229
-0.2919355
-0.5146018
-1.167105
1.0122659
-0.578154
-0.7393415
1.2340934
0.38033047
0.01564834
-0.6412711
-0.7369539
-0.24216071
-0.33565453
0.5251064
-0.5456492
0.32299423
1.154065
0.22249325
-0.070410386
-0.38925996
-0.5355178
-0.21164033
-0.7429066
-1.1141398
0.09320021
-0.6261616
1.0449426
-0.08253822
0.84016234
0.1921857
0.10221518
-0.4275441
0.9400355
-0.06560924
-0.10305627
-0.41612545
-0.3520453
-0.066443436
-0.6634899
0.08273593
1.4588051
0.21229851
0.0960497
-0.089486726
-0.017394332
0.8803452
-0.870612
-0.06761982
0.30134884
-0.8562741
-0.50143665
0.21333702
0.35484013
0.15953198
-0.028257372
-1.1391927
-0.3948864
-0.76402503
-0.10048897
-0.34712276
0.38554958
0.0014563929
-0.0046114796
-0.10885239
0.13203004
-0.6527648
-0.5627437
-0.6195921
-0.14861876
-0.45396563
0.8564515
0.008030971
-0.95951235
-1.5937904
-0.64069134
-0.33942515
0.021122087
1.016024
0.46770483
1.3446035
-0.055466224
-0.6664509
-0.6989646
0.5308118
0.46982223
0.18502024
0.108213834
-0.19904144
0.43073484
1.0472889
1.2623618
1.2318203
-0.35791397
0.8920703
-0.5125824
-0.13296841
0.16863872
-0.23418379
1.2794923
0.34263304
0.79518515
0.5443185
-0.77998656
-0.84128356
0.15040858
-0.85854393
-1.2776704
-0.7569277
-0.166563
-0.23392048
-0.1741365
-0.09156193
-0.50049704
0.5019866
-0.46424407
-0.39382243
-1.1775419
-0.019162018
-0.06863054
-0.21026789
0.4433678
1.0012678
-0.40202314
0.1214611
-1.1770756
1.4592797
-0.0067756814
0.3610793
0.16176663
0.3372536
-0.528676
1.221976
-0.15091838
-0.7080673
-0.281702
1.154655
-0.02598264
0.9407403
0.21814817
-0.7977328
-0.46478307
0.42984748
-0.30606326
0.4711851
-1.1297216
0.18885626
-0.90260386
-0.52249956
-1.3458611
0.5401121
-0.32310137
-0.7708806
-0.30986005
-0.35410178
0.4235361
0.7610334
0.5317444
0.53936994
-0.89410144
0.8819567
-0.6504494
-0.10839891
0.87525034
-0.33964792
-1.3472897
0.64233494
0.63658583
-0.45812416
0.91350204
0.5823741
-0.20581067
-0.16255575
-0.090221666
-1.1604867
0.25798574
-0.9875137
0.57308805
-0.15152952
-0.31717306
-0.7146072
-0.7936669
0.43545672
-0.968688
-0.0434793
0.04652759
-0.914243
0.39274248
-0.25537175
-0.26265132
0.48092234
-0.44756895
0.13565093
-0.42020756
0.3614424
0.61782885
0.8618889
0.5961604
-0.96501184
0.0664782
-0.16262525
-0.20139258
-1.0151746
0.44027036
-0.74759007
0.10811094
0.19026926
-0.4344283
0.94288194
-0.8932545
0.17893536
-0.34108022
-0.24855506
1.0753518
0.13274364
-0.022305585
-1.3028257
-1.3542845
0.070367195
-0.2315776
-0.3223015
1.2356062
-0.93809485
-0.17564064
0.033229966
-0.0406059
-0.6810207
-0.03525533
-0.7043968
-0.016219856
-0.18277065
-0.4699297
0.45572406
0.33247134
0.029717868
-0.10914766
0.017033953
-1.2086321
0.1698223
-0.46830243
-0.30879784
-1.3460153
-1.0890983
0.030844655
1.1816565
-0.7774338
0.1265178
0.85762334
0.32592812
-0.11291619
0.27692968
0.438324
-0.31472385
0.2633101
0.61579645
-0.30604786
-0.48984313
0.49426758
0.44472355
0.5429556
0.9955841
-0.59804356
-0.74506
0.40494278
-0.8781745
-0.5070778
-0.024524724
0.48877
-0.14591934
0.8046183
-0.12332877
-0.025118973
-0.7762728
-0.19365785
-0.22243373
-0.4735136
0.60275406
-0.7726319
0.3064554
1.3136102
0.25614882
0.7971705
0.11496575
-1.2543405
-0.5778131
-0.46060652
0.073976755
-0.07309611
-0.024708383
-0.30498517
-0.29227707
0.67293614
-1.4363234
0.7865953
-1.1687256
0.022611825
-0.3257315
-0.7485004
-0.5295324
-0.08240004
-0.261127
-0.7413155
0.9264501
-1.0871562
-1.1616393
-0.3896106
1.2410358
0.44993094
0.8999975
1.088043
-0.33368337
0.8364121
-0.5055701
-1.1444527
-0.63354784
-1.1894044
0.3569589
-0.1928722
-0.3059015
-0.3246423
-1.2744241
-0.86546195
0.37937832
1.3444815
-0.32458743
-1.3303796
0.98602295
-0.8372655
0.24532653
1.828468
-1.0066814
0.15084697
0.34998882
-0.7161522
0.48020002
1.2098693
0.35443273
0.50272727
0.4909038
0.8731061
1.3649418
-0.8305542
-0.8355637
-0.026168708
-0.123193994
0.46206596
0.596646
-0.7473936
0.77225363
-0.055416673
-1.0542983
0.06854427
0.63355106
-0.18124442
-0.7790714
-0.8705783
-0.5340711
-1.162342
-0.98225707
-0.1921195
0.7808355
0.4163417
-0.094584726
-1.3417366
-1.0081089
-0.4024049
0.49003112
-0.35107544
0.0043545603
-0.39783677
-0.6358472
-0.5021882
-1.606776
-0.18459678
-0.27533928
-0.291045
-0.39649755
-1.0085616
0.08213686
-0.76944643
0.69657904
0.43547526
-1.7008896
0.15565276
-0.6174597
