-0.29151973
-0.5781378
-0.6464955
1.6138687
-1.6699421
-1.1032326
0.16444409
-1.5892636
0.77382344
-1.815222
1.0608845
-1.3515844
1.395394
1.9311045
1.4498122
-1.5573118
-1.2156633
0.5139577
0.19659887
1.456965
-1.887231
-1.0963397
1.070943
0.9574703
-0.41089416
-1.7232575
-1.1819192
-2.0342507
-1.3190149
0.26711634
-0.67788464
-0.5119499
-1.354712
1.5722464
-0.32262343
0.7721736
-0.3297426
1.803001
0.85673964
1.3964287
0.22359787
-0.82321376
-0.12772764
-0.20843285
-0.11090449
-0.39367554
-1.1011491
0.17579874
-1.3176479
-0.005010092
2.049542
0.9815084
0.55159557
-1.6564007
0.45014107
1.4840302
-1.6977882
-1.5913382
0.010373455
-1.6142722
1.0077443
-2.1243286
-1.1697514
-1.3319169
1.5545845
0.21317975
-0.618088
0.6729495
-1.3509828
0.5117216
1.6959465
0.5809591
-1.6978344
-0.5473561
-0.36133415
-1.2348557
1.1862999
-0.5465666
-0.7703776
1.4845546
0.28472903
-1.8888482
-0.73489594
1.422393
0.52545524
0.25978386
-1.5959898
0.6927472
-1.4323565
1.0809495
1.1596175
-1.2906919
0.82455623
-1.8243225
-1.4861746
-1.2999783
-1.6069821
0.33219016
1.4150162
-1.112902
0.16168357
-0.6367678
-0.9511949
-0.4624517
-1.3754873
1.0430646
-1.3209103
1.5984726
-0.49311757
-0.79638815
-1.5976301
1.0107722
-1.1343272
-0.3495352
-1.9865847
-0.2229868
-1.3488637
-1.3571459
-0.3537211
1.8748475
-0.2101768
-0.7296778
0.22241047
0.21343945
-1.016106
0.9392902
-0.49101728
0.67919195
-0.5281556
1.6239237
-0.028680803
1.46545
1.5312718
-1.491406
1.5878432
1.1683863
0.6294818
-0.8701494
0.6790016
-1.8092772
-1.2160225
2.154359
-1.8132333
2.141354
-1.2511406
-1.3867972
-0.424174
2.1869535
-0.035128817
1.6227679
1.637916
-0.13746247
1.7068224
-1.1307279
1.9681537
-1.7279845
-1.4467022
-0.916359
-0.6990682
1.6590574
-0.05753262
2.237583
0.14334394
-1.4527031
-1.2273049
1.7323456
0.96680516
1.5402579
0.29681364
-0.70314616
-1.2937404
-0.9895654
-0.07890348
0.082116805
-1.2080137
-1.5091777
-0.522986
1.1087481
0.9870256
-0.6748654
-1.803874
0.8496342
-1.1943142
-0.83780634
-1.5425221
-0.90771353
-1.5000937
1.1365762
-0.9902705
-1.7950295
0.51734644
-1.4887451
0.12912156
-1.70189
-2.0703042
0.51317865
1.118477
-2.331624
-0.44661564
1.4966395
0.45063072
-0.33811927
-0.11537435
-1.7816336
-1.189002
-1.1707182
0.6962689
-0.45465654
-1.2550833
-1.9219177
-1.1610086
-0.16714494
-1.7322235
-0.986809
0.5287648
-0.9135703
0.24972554
-0.8471496
-0.55684507
-1.4040364
1.6878488
1.610962
1.7850447
0.08271063
-0.51953876
-0.61528915
1.5058475
-0.8889618
-0.5465624
-1.2631865
-0.17875147
1.6105876
0.24731092
0.47721937
-1.6552123
0.46005434
0.5160497
-1.307232
0.75066066
-1.2923052
-1.9935374
0.40814123
-0.028795809
-0.2934538
-1.1614568
-1.0087168
-1.8609767
-1.3393426
0.42324963
-0.23311238
-0.17132702
0.13142197
-1.4932996
-0.27048066
-0.37524515
-0.71890044
-1.5200094
-1.5670538
-0.06867632
-1.345685
1.0616285
-1.1234369
-0.7524947
1.1517434
1.0516342
-1.3343713
0.3275764
-0.7679451
-1.8809505
2.052724
-0.11655741
-1.6304015
-0.2769823
1.5070326
0.76179385
0.5526836
-1.3436816
-1.2402432
-1.0475905
1.1179755
0.40897968
-0.15607373
-0.80891025
-0.3370126
0.5719868
0.21567689
0.035751536
1.7369585
-1.8220409
-2.1630058
1.0026101
-0.076757774
1.9243629
1.2596996
-1.584586
0.89723605
-0.27593884
1.3093388
-0.85613286
-1.4653316
-2.077304
0.029688496
-0.027357213
-1.2269565
0.92731476
1.9368472
-0.87102294
0.88667244
1.607572
-0.008242782
-1.6547098
-1.630163
-1.2754973
-1.5860906
0.39227948
-0.573365
-0.5215136
0.1355943
-1.9217048
-1.8721037
-0.49916112
-0.16648969
-0.9746138
-0.2001334
-0.7144344
-0.87161624
-0.32162732
-1.4982412
-1.9119623
0.43392405
0.8642174
-1.3958528
0.1449627
-1.726475
-1.2040147
-0.8350271
1.374656
-0.094239004
1.5960337
1.6809709
1.091722
-1.1614618
-0.106922336
-1.0326799
-1.6614317
-1.1994299
0.42907774
-1.1139858
0.07369854
1.5252253
-2.0278492
-0.3030338
-0.90632844
1.8363193
0.61280197
-1.6692564
1.0342331
-1.5130146
-0.8260654
0.21904843
-1.9737893
-1.661676
1.059891
1.8505988
-1.615039
-2.043114
-0.5185599
1.9056565
-0.052576873
-1.3149836
-0.20012085
-1.668959
-0.06949392
0.31687662
0.50575304
0.010841068
-0.8598761
0.562662
-1.6188834
0.19599484
-0.06867379
0.3644518
-1.7191317
1.7461864
0.2981759
-0.8143788
-1.2653779
-0.50410515
-0.2695166
1.3446188
1.1387532
-1.035047
-0.64728045
-1.3246865
-0.83960974
-0.8442981
1.7954413
-1.0219617
-1.231336
1.5104275
1.8062028
1.4029106
0.15195514
-1.2110112
-1.5482538
0.4133817
-1.1345524
-0.89483154
0.4714651
-1.3488386
1.6526712
-0.6554315
-0.5019195
-1.2311983
-1.5359077
-0.85110474
1.2694659
0.1207499
-1.7044957
-0.39305237
-1.3145685
-0.12718295
-0.34116936
-1.4482528
-0.7934712
0.05184408
0.6430581
-0.9320713
-1.7220272
1.2068954
-0.9745375
0.3288408
-0.8378248
0.06309346
1.4444866
-0.91250825
-1.0337613
-1.1692355
0.23059401
-1.1014262
-1.1667761
-0.4393442
0.3744461
-1.7750818
1.2810798
1.147143
1.0518813
-1.4394958
1.676218
-1.7997339
-0.5580787
-0.06056111
2.0107837
1.241966
-0.28563166
0.7645348
-0.6726582
-0.27952063
-1.2066518
-0.36765587
-0.69545466
0.17119743
-1.2512578
0.79778856
1.0060277
-1.1319919
0.8746669
-1.1745557
-1.7153631
0.25552437
-0.18174428
-1.2531056
-1.4987167
-1.0841843
-0.9015275
-0.75857586
0.50014144
0.4882477
-0.6577545
-1.626433
-0.11142435
-0.69478714
-0.16122337
-0.90486777
2.0778675
0.027305488
-1.0734378
-0.6279132
-0.49948815
0.006342637
-0.5292312
0.8304209
-0.2458972
-1.3783729
-0.62298936
1.9924355
1.2787784
-0.7016183
1.2989033
1.7528381
0.15764149
0.15267639
-0.50526744
0.017463004
-1.3290821
-0.38771066
-0.022783564
-1.1331139
-1.2552129
0.5098375
1.900462
2.4631977
-1.4024822
-0.25845778
1.9409828
1.634503
-0.31675082
-1.4735245
1.838602
0.39716256
-0.25254095
-1.1808339
1.781383
-0.15153992
0.33451506
-1.0707881
0.35224465
-0.82064575
-1.7761323
-0.7572735
1.5844928
-1.3184681
0.14952995
-0.98119533
-1.5889766
1.5522435
-0.120952934
-1.5222198
0.5994692
-0.98645395
-1.81273
0.8830738
-0.7355256
0.35917535
-0.82707506
-1.1747457
1.489382
-1.5008054
-1.5868627
-1.4040091
0.2567363
0.47594833
0.14173232
-1.6895499
-0.33453274
-0.3771151
-1.6764143
0.4502716
-0.39670566
-0.26388112
0.3045842
1.2808441
1.0699594
-0.58854544
-0.5142392
-1.3372993
-0.10585436
0.0011893797
-1.48484
-0.759085
0.60769105
1.7364072
-1.5852996
-1.8962268
1.5716081
-0.30640745
-0.00961654
-0.0849646
-1.1204735
0.30912608
-1.0395811
-1.5060025
-1.3937318
-1.4109349
2.2021906
0.21244247
-1.2447408
-1.1944977
1.5830824
-0.115809344
0.8263973
-0.54275
-1.3389605
0.89589095
-1.0156026
-1.3926032
1.2611068
1.197999
1.1205789
-1.6880529
-1.288499
-1.656446
-1.6337405
0.078420825
-1.0533602
0.40113524
-0.6126578
-0.12199607
1.6415424
-1.723278
-1.5969733
1.6830628
-1.0387976
-1.4397405
1.2039576
1.6430998
1.269281
-0.46565878
-1.9496335
0.6104728
-0.49339733
-1.6093507
-2.1306152
1.3762506
-1.1607122
-1.0563418
-1.6771677
0.55694157
0.85450935
1.0033948
-0.9617346
-0.02872215
-0.7417879
-0.8212534
-1.704572
0.9930172
-2.0143952
1.7336915
-1.041644
0.80355495
-0.34063444
-1.2249323
-0.7416034
-1.0891662
0.038800187
0.17752965
0.78260565
-0.77948266
1.8924571
0.9471648
1.8124523
1.0484066
-1.1081219
-1.2449106
0.02279397
-1.6482286
-1.5150579
0.9727969
-0.6750023
1.4852941
-1.1364799
-1.0978193
-0.8015873
-0.32534596
-0.45989084
-0.28471243
-0.08501968
0.8125336
-0.6670821
0.8013541
2.0767808
1.6361188
1.5047879
1.5403355
0.6231588
0.31517413
-0.13923319
-1.3101925
-1.8354149
0.062327407
-0.25016788
-0.40728933
1.6989915
2.198589
-0.055807907
-1.7617447
-1.4567243
-0.44518775
-0.8478485
-1.2500434
-0.15022789
-1.3768303
0.021603284
1.2486051
-0.8265123
-2.1274118
-0.4169423
0.41201487
1.096795
-1.929848
0.5792718
-0.7710862
1.9121449
-0.8870523
-1.3641115
-1.3551408
0.13985957
-0.91797906
1.7733614
-1.1821495
-0.84115094
-0.53246695
-0.7103388
-1.0713861
-0.730724
-0.31416208
-0.5411571
1.5158045
-1.3541049
-1.1321284
-0.114507735
-0.17328434
-0.58630824
-1.6960361
-0.5373722
-1.2550714
-0.5451746
1.6735483
1.5531845
-0.6806948
0.3060229
-1.9374025
0.065839335
-0.17741129
-1.3528446
-0.225394
-0.009503993
-1.3019367
0.5578968
1.4312301
0.4242513
-1.3874122
-0.18131794
0.54242736
1.3018606
-0.87133926
-0.13777944
0.93630135
-1.2557995
1.8818338
2.274642
-0.57899404
-0.41765326
-1.0593373
0.082613446
1.4126108
-0.8605407
-1.2027673
0.07172132
-1.0626367
-1.6707313
-2.0989888
-0.98946404
-1.0667733
-2.1804638
-1.8118423
-0.6490527
1.2491126
0.56600934
-0.4028137
1.0006467
0.095204175
0.3211477
0.698952
-0.23458779
-0.47062582
-1.1267005
-0.3173483
0.3612693
-1.0744423
-0.050745446
1.620348
-1.4966806
-0.079545125
1.8650773
0.37020165
-1.6516964
1.4668177
0.2504019
0.9638878
0.8853431
-1.6276641
-1.8300322
0.21539219
-1.8468859
-2.013115
-0.42044547
-0.6505025
-1.7380369
-1.682937
-0.5613595
-1.6963358
-0.6734576
0.07959628
-1.657366
-1.657047
0.18960643
-2.1899676
1.365889
-0.78302467
0.3357905
1.6891059
-1.3966898
-0.50535226
0.074975885
-0.87843966
1.9432431
-0.4927569
-0.6501256
0.7560614
1.5460759
0.6175159
-0.19123206
-0.9719479
-1.408205
1.5595083
-0.9338309
-0.34927592
-1.433063
-0.29977226
-1.4656247
-1.0246049
0.7919168
-0.09032058
0.23583655
0.5769925
2.1518776
0.45743686
2.1618538
1.0983171
1.9137747
0.0973105
0.57924527
0.61343896
-0.4062337
0.46117857
-1.2019114
0.90069807
-0.23258501
0.7396741
-1.1418786
0.7219764
1.5928861
-0.87889194
0.14528456
0.3044837
-1.3277884
0.28429922
-0.5649182
-1.2093582
-1.488789
-0.87066954
-1.2140954
-1.1756396
-0.20054582
-0.9182658
2.0751445
0.066573106
0.13510354
0.079191945
-1.1870403
1.67843
-0.778616
-1.6425679
-1.4421021
-0.4326021
-0.8865665
1.2215182
-0.3722297
0.7327396
-0.37376964
-0.6107578
0.9318016
1.9414499
-1.2257938
-0.16350652
0.6306952
-0.28784195
-1.4536748
1.3547812
0.07268587
0.4782958
-0.04315073
-0.98397684
1.3277078
0.76933026
0.2945686
-0.65899825
-0.061166808
-1.7038919
1.8371919
-0.13869661
2.1994433
-0.076882616
0.8131773
0.080859736
1.8329265
-0.2705732
-1.8008406
-0.24386202
-0.042584714
1.2733006
1.9575229
-1.6481693
-0.8581325
-0.6246739
-1.1692998
0.3799796
-1.5513725
-2.0653183
-1.054798
1.8568561
-0.960541
-1.2370534
-0.14142594
2.055551
-1.5985757
-1.6837451
-0.40297616
0.15194933
0.5690726
-0.48707
1.5859975
-1.0438238
0.41102862
-1.3503233
-1.3661337
1.6805036
0.9440148
1.3658309
1.680901
1.9952534
0.4084261
-1.0071497
-0.5784889
-0.13233724
0.99690425
-0.73134786
0.05156201
1.8860054
-0.8421845
-0.07104526
-1.0055419
-0.18420254
0.56097883
-1.0208335
-1.2198522
-0.24826902
-0.76248187
-2.253099
1.2593887
-0.107120305
-0.52277637
-0.044350807
-0.363754
0.07250487
1.7251143
-0.7265518
1.488298
0.08393825
-1.8058419
-1.0872401
0.0057935985
-0.526848
-0.45914215
-1.7188892
-1.3134365
-1.06624
-0.8763354
0.8893423
0.8413093
-1.7273035
-1.1217834
0.9761963
-2.2190888
0.081964925
-0.86974216
-0.08570882
-1.3865157
-0.26460138
1.1586747
0.92705226
1.7401989
0.20232135
-1.7148015
1.1659675
0.41932237
0.32171148
1.0620184
1.242379
1.1492263
-0.65286654
1.2581201
0.60619104
-1.4013795
-0.12902327
-1.6698003
-0.93903255
-0.345063
1.2436435
-0.45699346
1.0224483
-0.14042556
1.5708472
1.6302103
0.89320934
-1.565214
-0.7225904
1.8195014
0.0806639
-0.51918334
-0.26150912
1.1479442
-0.4514559
-0.39883405
-1.0863259
1.786489
-0.8798497
0.37872368
-0.6015656
-1.6159978
-0.7887071
-0.9093085
1.6498716
0.11658377
-1.7597471
-1.4379792
1.0299594
-1.9270042
1.2967935
-1.7010803
1.1146266
-0.81583965
0.20011497
-0.026810272
1.9230312
1.0510025
-0.22254479
-0.32317019
-0.2937805
-1.2009635
0.9561657
-0.10382521
0.6111898
1.099549
0.3694428
-1.6009736
-0.2423936
1.2224569
2.1223733
-0.53246605
-0.603937
-1.0828545
-1.4060712
-1.2917322
-1.5956388
-1.4788612
-1.9252636
2.014793
0.2684195
1.0893835
0.25551665
-1.259309
-0.8218541
1.9285239
0.7863715
-0.45405766
-0.1376642
1.9603727
-1.6278305
0.17126353
-1.1714598
1.1448628
0.6515071
-0.93485713
-1.5113281
-1.9057196
1.418177
-1.1065923
0.31684515
1.4371576
1.8395822
-0.6646805
-1.2066555
1.2589818
1.9610136
1.3266813
-0.6458699
1.8187981
0.106862105
-2.0140636
1.4048624
1.6577154
-1.4987627
-0.506358
-1.8012275
-0.17777582
0.14376064
-1.8601127
-2.065107
-1.8782176
-0.32304296
-0.5336237
1.2316867
-0.0030454649
-1.8643878
-0.27997935
-1.8861948
-1.3220774
-0.07452995
0.5822166
1.1335583
-1.3017546
1.7329221
0.8266129
-1.4118304
-0.6085534
-1.4578484
1.6515186
-0.22020018
1.353622
-1.8319731
-1.2912313
-0.5639806
0.41302487
0.49846387
-0.27155188
-0.8290494
-0.8844436
-0.24383341
1.2374102
-0.0334833
1.5685761
-0.16654508
0.55931467
-1.1141397
0.29872462
-0.6781582
-0.5679575
-1.1153367
-0.031075794
-0.56229275
1.7885665
0.86660933
1.6937959
-1.6368523
-1.5135877
0.5080304
-0.2924675
-1.6279176
1.234541
-1.3435444
1.4331328
-0.09779256
-1.126946
-1.44472
-1.3448286
-0.84158564
0.7371775
0.6908044
-1.7996701
-1.2683672
-0.052389883
-1.1859335
-0.7536163
-1.851296
1.2236466
0.0015698666
-1.2147136
-0.679064
-0.4493944
-0.47455505
-0.79413915
-1.2133101
1.3168509
-1.8669542
-1.3939533
0.8899446
-0.34562835
0.19564773
-0.3910404
1.5628868
-0.013842126
0.53053164
-0.16223629
0.5616106
-0.22158626
0.41193792
0.029664934
-0.08474431
-1.1213453
-1.5443629
-0.8334931
0.5712906
-0.2108779
-1.3805771
-0.2868419
0.7728984
1.9037378
1.4073772
-1.8481431
-0.72314507
-0.36921462
0.7033043
-1.5418977
-1.4663237
-0.055619296
0.8122501
1.6953619
-0.5232648
0.08504977
0.7760131
-1.3421016
-0.8150053
-0.97279567
1.9255464
-0.8684077
-1.7472069
-0.019093335
-0.94289273
-0.42394954
0.380631
-1.634724
0.771193
-1.3107516
-0.3412093
0.0122956205
-1.5794841
1.6491299
0.006900584
-0.7168209
1.5422409
1.5951794
1.0753491
0.8531324
0.25828522
-1.3648875
-0.44879642
0.037958745
-1.4932404
-0.19058175
-0.59577674
0.3947353
0.9303369
-0.88742447
1.1378988
-1.5542784
0.89655805
0.5847671
0.15343146
0.67220336
-1.6612036
-0.493432
0.44465947
0.019249838
-0.93234074
-1.6302419
-1.4623364
-0.036561094
1.216972
0.82227194
0.35226586
-0.8929577
0.7819624
0.20956692
-1.4044629
1.1033361
-1.4821755
-1.5659556
-1.4429362
-1.094286
1.755477
-0.9344115
1.7856679
-0.992069
1.70526
1.4532665
-1.1272771
-0.28760305
0.9632122
1.8234854
-0.06381325
1.4332931
-1.1262326
-1.7216246
-0.105795816
-0.6811134
-0.11342077
-0.64797527
-1.8429021
1.6972798
1.8322213
1.9077575
-0.2438746
-0.09187005
-1.5238469
0.5352024
0.18558866
-1.303284
0.011274606
-1.2814666
-0.022014225
-0.10095562
-0.66996163
-0.87306774
-0.3336464
0.51858497
-1.4324573
1.9204593
0.44575113
-1.90309
1.1970671
1.261785
0.17068295
0.9276818
-1.6002716
-0.629812
1.5062494
0.30548215
-1.0051011
1.6957326
-2.0284517
-0.8428452
2.210707
-0.23119916
-0.18634404
-1.8785667
-0.5993428
-1.8683956
-1.8239925
-1.5513344
-1.4819771
0.25728518
-0.3689219
1.3843473
-0.8668343
0.8133733
0.04563037
-0.52106404
0.93200934
-0.23672952
-0.7772423
-1.7247
-1.5615269
0.27440837
0.99931604
-0.5850662
0.7181516
-0.8840449
0.0392548
0.57979155
0.02420788
-0.49625152
0.3999102
0.659856
1.3275007
1.7573261
-0.85649663
1.7626652
0.49969184
0.3159935
1.2259903
-0.93590385
-1.8263956
-0.59102625
-0.035299048
-0.46831724
0.045912273
-0.3499395
0.05723763
2.1198344
0.57467926
0.33017987
-1.744975
-1.9502027
-0.6791478
0.11986921
-1.1681532
-0.59851027
-0.5901211
-1.32723
0.105774194
-1.3259162
-0.35669118
-0.69649285
-0.11379992
0.7676916
-0.35164568
2.1197355
0.90900505
-1.0219661
0.8327733
1.8627509
0.87715435
0.75809276
-1.1379559
-1.2448092
1.5116615
1.1803688
-1.5041053
-1.8145913
1.2898494
-0.5518702
-1.0052295
-0.7502557
-0.9550422
-0.98154527
-1.406967
-1.5224341
0.1832892
1.6440082
1.0521667
0.61326575
-0.012537419
0.96102494
1.6369655
-1.4169247
-1.8889462
-0.69338775
1.5498955
-1.3206537
-1.7165625
-0.68200064
-1.7714517
-0.8116839
0.5121847
-1.3950628
1.2820985
1.571079
-1.5136957
-0.19892052
-2.2595546
-0.15226701
-1.580385
-0.15251225
0.41169804
-1.0035869
-0.34467962
1.4575977
-0.5526732
-1.3835831
1.1516984
-0.784895
-1.8617382
-0.45290375
0.5288897
0.29803047
-0.7148528
-1.6806632
1.0280402
0.88516915
2.109291
-0.17126569
0.01245526
-0.061510433
-1.1126401
-0.0064700316
-0.16946983
-1.0038933
0.1031979
-0.5186873
1.8983228
0.037992314
0.5005578
-0.88869405
-0.97305703
2.2634807
0.1881263
-1.2124656
-0.13088651
-0.541227
-1.3277507
-0.8449314
-1.2824286
-0.6988176
0.9669509
0.0971467
0.58550286
-0.35226518
-0.76024383
-0.37974536
1.0326554
-1.4183594
0.8158146
0.12150613
-0.2697453
0.02006572
-0.55191094
-1.5579162
-1.0145783
-0.89597744
-0.42585468
-0.015591303
-1.7847388
-1.1478332
-1.0166667
-1.139998
0.6862499
0.15491286
-0.5206467
-1.2130213
-1.1549814
-0.112234846
-0.2541045
-1.5769539
1.2706404
1.9115512
0.22076666
0.08835373
-1.6799486
-1.9557985
-0.22157677
-1.6791205
-0.6941427
-1.2915778
-0.9985429
0.82565355
1.0357212
-0.79685664
-1.5607179
2.0405552
-1.9120816
-0.10791581
-1.1386611
0.734529
-1.2287878
-0.7336062
0.037207946
0.6404592
-0.614993
0.38123462
0.772027
0.7670858
0.20106357
-0.14927156
-1.6319213
-0.35469243
-0.10222319
1.6376051
1.6793699
0.34618688
1.0867193
-2.0438914
-1.3818597
-1.4033824
-0.9589976
1.7187059
0.042969868
-1.3368242
-1.2588048
-0.3923945
-0.68798196
0.9625871
-0.43546042
0.0385333
1.4743915
-1.7519157
1.5348186
-0.035218183
0.92525667
1.6926985
-0.50873274
-1.2477496
0.29726323
0.8391465
-1.5005889
-0.9821279
-0.21095914
-1.3646176
-1.383724
1.5957115
1.0186396
-0.5669694
0.5275659
1.5343391
-0.50900733
-1.4857509
-1.3728776
-1.7735891
-0.9961815
-0.0648914
0.28255123
-1.624219
-1.0481346
-1.5033946
0.5075019
-2.2747104
1.5582168
-0.54649204
-1.6264647
-0.31625473
-1.4889086
-0.64980364
-1.0209984
-0.39911386
0.2786998
1.2620221
-0.74272823
-0.20064281
-1.5664523
-1.7549192
-0.9253559
1.8149399
1.264544
-0.70632887
-1.4822979
-1.3626397
-0.27437857
-1.751158
-0.86602646
-1.4104073
-1.1122853
0.8458808
-1.103072
-0.8608225
-1.397366
-0.91060036
0.5139193
-0.33967248
0.027748542
-0.046047714
-0.79072994
-2.1886017
1.8983963
-0.07225953
-1.3417813
-1.1467412
-0.6523395
1.9004385
2.1425564
1.7233663
-0.46555665
-0.7984174
-1.305694
-0.8780525
-1.861529
-0.80169684
2.1844995
-0.4530393
1.5755447
2.121821
-1.1931878
0.05775715
-0.3700272
0.7502441
0.33889887
2.0092444
-1.7747959
1.0895717
0.76315916
-0.30403644
-1.0094991
0.48783064
0.072668895
1.3872894
0.7478556
0.045976233
-1.4288658
-1.5624696
-1.5974569
-1.0241848
-0.6142571
0.49090064
-0.31295505
-0.971414
0.52405447
-0.2628184
-1.5919654
-1.1937796
-1.272269
-0.3982083
-0.6655297
0.32747483
0.6577059
-0.2511193
-0.39873597
-0.5300846
-0.8511551
-0.3818943
0.19026636
0.7625365
-0.6010772
0.25293612
-0.6186162
-0.81412137
-0.19586797
-0.3453605
1.273302
0.6715387
-0.9212626
0.014640046
0.14205495
-0.23293658
-0.39085135
1.3924099
-0.38486683
-0.39728728
-0.40677893
-0.32221726
-0.56861407
-1.0378053
-1.7899537
-1.2983977
1.3562669
1.4855497
-1.0042228
-1.3376482
0.80366546
-1.0058532
-1.2406222
-0.96820486
-0.7041111
-0.11375957
-1.6954479
-1.6477089
0.2043748
-0.35368994
0.44114408
-1.2844186
-1.0622979
1.4844942
0.71667117
0.33243522
0.9072288
0.9979852
1.7422988
-1.1206934
-0.883083
-1.2126175
0.82470214
-1.4246825
-1.8804625
-0.5091192
-1.2599976
-2.0400157
-1.8182471
-0.47284517
-1.6443522
-0.86940634
-1.1624907
1.9078426
-1.6583283
-0.6409285
-0.08575131
0.042326525
1.3244765
0.26437744
-0.12487097
-1.2572292
-0.68323
-1.4496083
-1.0402172
1.8656706
-1.0601054
1.363393
1.2277353
-0.014945775
-0.71897984
0.90094995
-0.35007158
0.07694711
0.66330665
-0.9905339
-0.19461004
-0.78226626
-1.2105296
0.48508474
-0.16805847
-1.7950205
0.858217
-1.3930638
1.258289
0.7226661
0.29533452
-0.91552633
-1.0727282
-1.6365458
0.21957688
1.461935
-0.054412585
-0.04480847
-1.3096961
1.6781623
-1.8528804
-0.7275777
2.059356
0.71848965
-1.0436299
-1.4467719
-0.59064305
-1.0787909
1.6574725
-0.78015715
-0.7484515
2.0764468
-2.1213536
1.2839406
0.21618792
0.75244135
1.2389991
-1.8955746
-0.85934705
1.0452913
-0.7150325
-1.7466902
0.35089034
1.9403858
0.9583059
0.3221395
-1.8450154
-0.54383135
-0.1351375
1.5479293
-1.2251741
-1.5134226
0.78729326
-0.48208877
1.6534884
-1.5588907
2.0414476
1.8741394
1.4999746
0.51170874
0.31348798
1.6251965
-0.71626395
-1.7960596
-1.4769161
-0.009391468
1.5038474
1.3168379
-0.18455371
-1.4532782
0.6502273
-1.4084436
-1.3957458
0.13507557
0.7589463
1.7397269
-1.6066511
-0.88096046
-1.024408
-1.4693776
-0.8754613
-0.042268936
1.4909139
-1.8675463
-0.48382387
-1.1692723
0.37254837
1.2585791
-0.5508984
0.67084116
-1.916885
-1.4535224
-0.22022277
-1.9446647
-0.2511126
1.9972322
0.011125991
-1.2444925
-1.2369094
0.017010814
-1.2834413
0.7101651
0.5168185
0.35047093
-0.70041174
0.5727847
-1.2428689
-0.7142556
-0.16421966
0.0066307895
-1.4154589
1.6841162
-0.23984121
-0.64959234
-0.7124149
-1.1008509
-0.9371237
1.2375904
-0.7607126
0.73882043
-0.75788087
1.0745275
-0.649631
-0.8778659
-0.4335364
1.4516288
-1.5939314
-0.08040536
-2.008529
-1.1145003
0.43925107
1.6863985
0.8264948
-1.3759317
1.0259826
-0.6376025
0.2543393
-0.29314312
-1.2966492
-0.6598338
1.6178985
-0.46890286
-1.1476488
-1.4482553
-1.3138105
1.3538091
-0.75107795
-1.6029303
-1.5522578
-0.07417974
-1.1906526
0.7652139
0.84951377
1.1005654
-0.32406777
0.5573139
-0.69516206
2.0092022
-1.5173223
-0.63178474
-0.14184105
1.1533254
-2.0620146
0.0014526988
-1.3542138
1.0655524
-1.1531773
-1.1538212
-0.61480397
-0.3757882
1.5147347
-1.7135806
0.12850901
0.1727995
-1.1290311
-1.5598699
-0.7198985
-0.7626042
-0.88184536
1.5718135
1.864068
-0.08599252
-1.3794795
-0.07323799
1.7719635
0.47439522
-0.059393052
-0.19698158
-0.969694
-0.63611984
-1.2852548
0.06744491
0.31793556
0.6258608
1.1011544
-1.48755
0.0063359463
-1.0006727
0.034907848
-1.3848287
-0.68893313
1.1078963
-1.7806371
0.8023206
-1.8360239
-1.0278903
1.0371461
-0.19681709
0.88829094
-1.7882084
0.8288166
-1.7087946
0.017160982
-0.053080693
0.8058375
-0.18696779
-1.7954373
0.80421025
-0.9667666
-0.34573224
-2.0965648
-1.5252296
1.1024511
-0.4727397
1.2913053
0.07381621
0.9206846
1.8224432
2.1575983
-0.9280728
-1.09882
1.5923092
-1.553531
0.3533478
-1.1649201
-1.8437407
1.1880132
-1.5354806
0.38927844
-1.5280108
-1.712982
-1.6208901
1.2721702
0.039017417
1.1558928
1.854135
-1.5889729
0.14999297
-0.4831333
-1.4425076
1.0770983
1.2438418
-0.36348146
2.0977368
-1.4190005
1.3387191
0.4023735
0.14457057
-0.26180255
1.4392228
1.0114001
-0.609268
0.5999003
-1.8286483
-1.0557352
-0.58011895
-0.0011306402
-1.0569203
-0.38819417
-0.18880118
1.3083676
0.49066886
0.3330739
-0.71042824
-0.31824613
1.0161778
-1.2286327
-1.7022151
-2.1024508
-0.5719766
0.29001483
-1.7099934
-0.24187228
0.26255244
-1.47961
-0.15662533
-1.03256
-1.066874
-1.0785568
-2.1336026
-0.5577223
0.05595425
-1.619063
-0.6337724
-1.5662378
-0.83831304
-1.40102
1.2101271
-0.8599992
-1.6958463
1.0649159
-1.8333126
0.4764877
1.3857515
-0.31850696
0.40136975
-0.058599193
-1.6231577
-1.6450495
-1.5899601
-0.66168845
-0.86734176
-1.1707393
0.05428517
-1.0191011
-0.5611435
0.024594745
0.11622279
0.6937862
-0.9477339
0.75150144
-0.2945623
0.3624288
1.2906913
0.47815925
-0.36170143
-1.6553634
0.57338476
-0.07704983
1.7815086
-1.4109422
-0.7018447
-0.19176345
-0.08335915
1.5738491
1.7741907
-0.43916556
-1.8459252
-0.28085
-1.2121348
-1.7626498
0.9147517
1.709039
-0.85904324
-1.613612
-1.413515
-1.083823
0.31230834
-1.9220142
1.3481421
-1.0889151
-0.06940678
0.2037302
1.1716737
1.2366912
0.9602932
-1.1187837
-0.7562834
-1.628036
-1.6940116
-0.91317725
-1.0092348
0.10257668
1.0676796
-1.7094505
-0.77080613
2.318509
-1.0668732
1.9508455
-0.15610516
-1.0901153
0.8941344
-1.1047465
0.81231534
1.4985301
-1.0224195
-1.4436077
-0.8187475
-0.20537612
-1.6992388
-0.6340163
1.0015455
-0.6317543
-1.3908857
-1.6709375
-1.1916262
0.6092331
-1.0747389
-0.4677321
0.494847
-0.24109519
1.8816663
0.8069855
1.564561
-0.6298211
-0.7059702
-0.45087683
0.40784582
0.35212737
1.394875
0.6886409
-0.89794683
-0.76914585
-1.8563298
1.8467354
0.46478972
-0.37918693
-1.2611561
0.17948787
1.8336926
-0.6752043
-0.18016326
-1.0312566
-0.18471621
-1.2562076
0.7807913
-0.81191707
-0.62579656
1.5699514
-0.15898365
1.6477871
-1.7819273
-0.6300171
-1.6985016
-1.738871
-2.1153326
-0.81316835
-1.7253923
-1.0230253
1.7956828
-0.65782106
-0.68172723
-1.5708406
0.3160247
0.20965712
0.16128005
-0.5337099
-1.6854621
-0.9175297
1.6883267
-0.6070686
1.4842776
0.31727213
-1.3987169
-0.19336808
1.6265962
0.9997512
0.021579223
-0.8022104
-1.587479
1.4492469
-1.8851632
0.13627072
-1.0353374
0.12162969
-0.50319934
-1.5161985
-1.0168586
1.3374201
1.2334448
1.2234285
0.58232045
-1.944169
0.034200348
-0.4404386
-0.24295074
-0.39789364
-0.70376986
-1.6827453
-1.6740044
0.38901585
-0.0495923
1.3164703
-1.1183184
-0.63452804
-2.0931575
-1.9786899
0.8956859
-0.6946274
-0.19263859
-0.45722756
1.3064641
-1.5384697
0.23375721
-1.3139716
-0.56211525
-0.51927304
-1.7628866
0.83596313
-2.2030637
1.0231113
1.5656701
0.20586117
0.9865104
-0.35031933
0.12254199
0.0015948259
-1.6956571
-1.3079797
1.4412441
-0.1826042
-1.5811166
0.2914503
-1.768435
-1.3482684
-1.0936463
1.4491001
-0.27597395
0.9077263
-1.3731401
1.8838311
-1.3430245
-0.18462299
-1.8674195
1.6116998
-1.1334027
-0.53930646
-1.7416061
-0.44578615
1.3068719
0.020773545
0.1749176
-1.441987
0.47881043
-0.25036836
1.6779786
-1.2151014
-0.03575809
0.007549512
-0.6573551
1.689376
-1.5733868
-1.3271112
0.3434928
-0.1534537
0.3248955
-1.3884766
-1.7360673
-1.308206
0.97186255
-0.13404672
1.6416814
1.2637631
-1.0829874
0.86887455
0.229321
0.36980522
-1.2214642
-0.7467742
-0.59277594
0.789574
-1.3170357
-1.5598205
0.2528982
-0.88576186
0.7370074
-0.13121048
-1.3136034
-0.038134243
0.6139798
-0.89762557
-0.9604993
1.1974986
-1.0738621
-0.6981023
-1.5851272
-0.4494154
-1.6957469
-1.103046
-1.9325302
0.39734954
1.395033
0.10319904
-1.8688433
-0.31957418
-0.52758175
-0.78234315
0.5293582
-0.80936325
-1.100765
0.31624457
0.764191
-1.1892264
0.31418654
-0.00085204083
0.634935
-1.0662812
2.0333128
-1.3880945
-1.490515
1.6432236
-0.46496174
0.8075173
1.113862
-1.5022314
1.5047736
-1.3214782
1.3160362
-1.4170898
-1.487701
-1.2088889
1.5386534
-0.24765179
0.025409967
0.2567231
-1.3304667
-0.23001093
-0.9602667
-0.8356509
-1.7378838
0.8642357
0.28670084
-0.12810768
1.008265
0.024013424
1.5849735
-0.77771914
0.58059615
-1.3147986
1.8051088
-1.2303613
-1.4857153
-0.8949207
0.40259472
0.74429786
-1.1090635
-1.588789
-1.3607106
1.1607075
-0.90886235
1.5852857
-1.2131745
0.41526815
-0.72043204
-0.5947454
-0.81092966
-1.6381484
-0.73172647
-1.3275524
0.5774839
0.37630853
0.5344901
-0.8423271
-0.15885784
0.027989205
1.6154165
-0.9882425
-0.49664816
1.5089073
1.7554284
-1.6517565
-1.4544296
2.2734673
-1.7356329
0.9681227
2.218689
0.74171966
2.2455387
0.1118517
-0.07451029
-0.53597236
-0.049955435
-0.67262435
2.2064285
-0.7314967
-1.3965498
-0.66305757
1.2454368
-0.20878497
-0.56811976
-1.4025401
-1.8810505
-0.49832168
-1.0680699
1.1781262
-1.9961485
-0.6164886
-1.3502473
-0.778148
1.1903142
-0.11152196
-1.1439729
0.18717879
-1.4305568
-1.5069518
0.07597717
1.4618134
1.2561835
0.56161886
-1.6490219
1.8836962
-0.91952217
0.31870946
-0.6645201
-0.17892021
-0.9177356
-0.46379614
-0.79460347
-0.5218096
-1.1164777
0.09853912
1.9265014
-0.48190534
1.1985962
-0.9887669
0.030404957
-1.4570936
0.55810374
-1.3195764
1.3399446
0.8277907
1.4293032
-0.5208054
0.7123564
0.4918911
-1.1710826
0.28537676
-1.755426
1.0375376
-1.4295126
-0.10464225
-0.13963737
0.4358184
-0.60264754
-1.488966
-0.81413126
0.7940216
-1.0652708
0.88893336
-1.2330862
-0.42509496
-0.71115285
1.9616184
-1.6872374
0.23719962
-1.2130733
-0.73972756
-0.12020914
-1.2088262
-1.927247
-0.069601744
-0.17549032
1.7436765
-0.7517797
-0.935373
-1.8139682
0.5683723
-1.1145132
-0.43994862
-1.8346041
1.1587565
-1.9821315
0.7053793
0.05816548
0.08959443
0.47660732
-0.41197586
-0.7188811
-1.5598671
0.0038008832
-1.2599723
0.3450148
-1.6239612
-1.9833324
0.21268772
0.47311383
1.8927096
-0.2826548
1.696975
-0.89979297
2.3695052
-0.6686954
-0.021093503
-0.13729134
-0.06373138
-0.6689865
-0.016942257
-0.4092768
0.37966612
-0.592227
1.76552
-0.0065783234
-1.7368357
-1.9788677
0.29188645
-1.0493286
0.9600036
0.030129215
-1.5589232
-1.0728438
1.3290727
-0.9558903
2.2327402
-1.9765131
-1.1701243
-0.28359538
1.8739405
-1.4952714
0.4155366
1.4330834
-0.045185536
1.4886935
1.5756822
-0.5293336
-0.24124832
0.8649672
-0.1737159
-0.34881562
1.9813079
0.692006
0.4421597
0.120208226
0.39541292
2.0722635
0.7080983
1.5535157
1.2961966
-1.0631815
-1.9355483
-1.891595
0.89824253
-0.31707993
0.24584128
-1.2898264
-0.11975989
-0.89767146
0.515976
1.0020308
0.3765446
-0.025504565
2.3164408
-0.364518
-0.2326625
-0.048472796
-0.60784215
1.7727938
0.21852596
-0.9298974
0.044894997
-0.29019925
0.9429346
0.17037088
-0.37919697
-0.25770473
0.20799543
-1.0246481
0.09814089
-1.5016572
0.36550942
-1.5565401
-0.63868046
-1.8755686
0.7032727
-1.2842681
0.43673477
-0.7851985
1.3038071
-0.93026876
-1.5265813
0.07785188
0.814328
-0.31078592
1.4870985
-1.2704346
-1.4838451
-0.69675714
-0.770426
1.0689068
-1.2176181
0.59231776
-0.3302951
-1.319992
-0.18427293
-1.061218
-1.2051104
1.7823019
-0.18314879
-0.705313
0.7022875
0.15626271
-0.4690173
-1.69399
-0.75685245
-0.56924623
0.15676709
2.100287
1.367733
-1.3554826
-0.8779694
-0.2826301
0.6522163
-0.9646415
-0.71198916
0.5622339
-1.7113788
-1.2590235
-0.45420814
-0.13913864
-0.9512552
0.80745405
-0.16493857
-0.5333313
-1.7325788
-0.26974028
0.590454
-0.5710044
0.16485903
-0.089508906
-1.6266797
0.6808878
0.5668857
0.081762575
-0.7213387
-0.51293314
-0.97905815
-1.8309244
0.30004042
1.3704563
0.18435632
-0.4876396
0.99008065
1.9602041
-1.4703523
0.009658582
0.06972842
-0.027165037
0.3121361
-0.93875
-0.89663935
0.2815173
-0.55332106
1.7646865
-0.04639198
-0.342092
-0.048514493
2.006216
2.1020944
1.1600735
-0.7960504
2.2563138
1.0823958
0.6502006
0.70115
0.011120775
0.88158524
-1.9012918
-1.4338038
-1.4163728
-1.6255374
-0.8764546
0.5179943
-1.6248096
0.28865308
1.8412755
-1.6317302
-0.03747063
-0.5142805
-1.337131
0.4468316
-0.014262647
0.58855087
-0.93931097
0.052587632
-1.4381198
0.93377626
0.02225204
-0.4215093
-1.2719218
0.68779606
-0.16866674
1.4717354
0.13214697
-0.13768022
0.31653354
-1.2628462
-0.6502228
1.944615
1.7686014
-0.5021561
0.736236
0.6329626
0.08129513
-0.18398203
-1.1244221
1.1543653
-1.0295397
-0.119703084
-1.4729882
-0.49086368
-1.5280452
0.20041116
-1.4929774
-0.95015985
-1.299944
-0.5934929
-1.5479558
-0.06277351
-0.5893907
2.0943263
0.9282018
-0.73815006
-1.0044932
1.3753828
-0.92283344
0.15273233
0.36012286
0.2735195
-1.3967791
0.09686019
0.8626123
0.49031985
0.6133324
-0.6397233
-0.46339005
-0.14294024
1.4562657
0.34643382
-0.5478213
-1.398342
-1.3833584
1.9662884
0.98597527
-0.13247682
1.3080308
-1.5839283
0.97649264
-1.257239
-0.89379144
-0.21888961
-1.3546187
0.38753283
-0.9284584
0.9220103
-0.41455257
0.73569936
-1.108953
-0.13714634
0.42789015
0.6175304
0.65632135
-1.0274924
-0.032655038
0.061567795
-0.16471858
-1.4344292
-1.805332
-0.76648265
2.016261
2.2124672
1.7567886
-0.22591896
1.6968892
-1.344346
1.493623
0.14722651
-0.07821084
-0.36283192
-1.6227963
-1.278058
-0.68015325
1.0139337
-0.8039534
-1.6448705
-1.0518762
-0.3785355
-0.8963107
0.06889408
-0.51692355
-0.99985427
-1.0739393
2.098563
-0.9195529
-1.4961592
-0.047834806
-0.57767075
-0.5182258
0.019090356
-1.887811
-1.8638844
-1.4229336
0.36840054
0.5248517
-1.155823
-1.1546746
-1.0699539
2.1468022
-0.5821531
-0.69305444
0.32212004
1.6921422
-1.0210652
-0.01861375
-1.1975924
0.3603214
0.8135253
0.8537077
-1.3740407
0.35511237
0.020597387
-1.2416104
0.90116453
-0.39440358
0.75275224
-1.3808525
-0.5064639
-1.70363
1.5368469
-0.73599607
1.1635785
-1.2167827
0.4212709
-0.07298875
-0.73688895
1.1729288
-1.2013797
-1.8138154
-0.35843176
0.12667951
-0.17236416
0.55891585
-1.5041758
-1.0894952
-0.038813986
-0.47029066
-1.0260887
-0.9711433
-1.0349681
1.1703602
0.14437014
-0.80954283
0.17358908
-0.5159785
-0.20968682
-1.11969
-1.553748
-0.58486485
-0.6898686
-1.5873911
0.92547166
2.0119445
-0.76841724
0.40058976
-1.2642974
0.44742057
0.15622175
-1.4403299
-1.3134911
-0.5502543
-1.2826974
-1.6941916
1.5454545
0.54813457
-0.4070092
-0.9700717
-0.28357932
-1.5859339
-0.6204712
-1.5085983
0.6649063
-1.6752126
1.6878617
0.1656102
0.90612096
-0.5612452
0.12537067
0.39000067
0.11175518
0.78592324
-0.34895313
-0.16224077
1.5004861
-1.6429006
-0.9793711
1.8656665
-0.07299276
-0.40214732
-0.5286721
0.2699274
-1.4852345
0.79658127
-0.68314993
-1.1276836
-1.4183435
-0.5031094
-2.1415272
-1.479044
0.5772849
-1.2208629
-0.60287833
1.3600212
1.2589155
0.5679452
-0.03196859
-1.791879
-0.655228
0.83283705
0.59770286
1.8124378
-1.0911479
-1.8343221
-0.6974899
-1.130055
-0.44226232
1.8387773
1.656956
0.26205826
0.6138373
1.0956894
-0.9094642
-0.05335297
0.9611888
0.116833076
0.3181058
0.6698667
1.6825728
0.65118116
-0.8234401
-0.38415802
0.3252623
-0.68383634
-0.3563064
0.3021767
1.4435976
-1.1783612
-0.18203494
-0.32133454
-0.1583525
1.7483805
1.4785162
0.059939295
1.2775105
-0.5750253
1.4878457
-1.6836348
-1.2157017
1.0281166
-0.3751254
-1.3008779
1.5047945
-0.49842274
2.0657096
-0.45459592
-0.2547152
1.3622593
-0.5043617
-0.8291724
-0.53878164
0.028875273
-1.3202748
1.218231
0.43141156
-0.34852132
-1.6997528
1.099251
-0.35507315
-1.0000834
1.5374889
2.162386
0.1853315
-0.34447223
-0.51929855
-0.37088022
1.3006738
1.1892049
-1.2496138
-0.98915786
1.7710347
-0.73722035
-0.11380557
0.42917272
-0.14037818
-0.9883497
-0.8584758
0.95291364
-1.3619467
1.7150059
-2.0158687
-1.3924239
-1.2892548
0.1208785
2.1652162
-0.7900726
-1.0248234
1.3404816
-1.1375078
0.8844709
1.4338462
0.23002158
-1.2757555
-1.7176336
1.6814071
0.7038487
0.4831351
-0.8951548
-1.2933512
-1.2073252
0.89125067
-1.5782782
1.9423635
0.537223
-0.038073372
-0.012523904
-1.1894066
1.2985148
-1.5558745
-1.0471077
-0.4094846
-1.101119
-0.33049935
1.838963
1.7255688
0.94920814
-0.46277303
-0.29305708
-1.5752403
-0.121719874
-1.26617
-1.9820609
-1.3839124
-0.92450356
-0.41626522
1.3315756
-1.3766658
1.2788635
0.36828208
1.2814156
1.5146394
-1.3410792
-0.35537803
-1.0251353
-1.5842956
1.5583397
-1.3924978
-0.20654725
-0.026492871
0.16651055
0.63238764
-0.2231482
-0.26402602
0.3739582
-0.4369462
1.0843803
1.5747341
-1.9244478
-1.6483371
0.08473525
-0.37147838
-1.3797189
-0.2984759
-1.3639884
-1.4489703
-1.4723046
1.8243253
-1.0882018
-0.08300742
-1.7294477
-1.3404688
-1.3518224
-1.7160764
1.5763557
-0.8020467
1.6982684
0.37595296
1.566781
-0.8194079
-1.2099229
-1.1189232
-0.15033482
0.17691636
-0.6782349
0.811871
-1.316033
-1.4854904
0.2878359
0.707232
2.1578033
-1.4371355
0.37856674
-0.55955195
1.2990221
0.48781687
0.17605196
0.107499674
-1.0152655
-1.0842471
-0.043933123
-1.5913246
-0.97936165
-0.43696564
-0.7903075
-0.37197912
1.6977785
-2.0317075
1.1311285
-1.192744
-0.6963112
1.6563952
-1.6663837
0.90457636
-0.93201053
-1.6634496
0.41149098
0.11992128
-1.4163929
-0.46925268
-1.1032283
-0.06312194
-1.0952013
1.4446272
-1.832127
-1.5501894
-1.855341
0.10769304
-1.7470679
-1.8473625
0.38047072
-1.2973957
-0.3590948
0.4292042
-1.8892931
-0.34287152
0.07723015
-0.8014221
-0.999673
-1.2169482
-1.3204899
-1.6897026
-0.8755452
1.6162684
2.0864303
-1.5708377
-0.93816346
0.13183449
1.3074628
1.2703702
-1.4002591
-0.85201234
-1.4538853
-0.014498695
2.0462928
-0.25748295
1.1728336
0.28566977
-0.28443736
0.10974694
-1.7012764
-0.3766274
1.917741
-0.5890673
0.8111069
-0.2610934
-1.8005669
1.3061147
-0.18822809
0.49153015
0.20551875
-1.2661813
1.4328489
-1.2749056
1.2384818
-0.44922048
-0.16767184
1.0001246
1.6863844
-1.5579011
0.73016906
-0.9180651
1.7434778
-1.1741802
0.14460078
-0.046813853
-1.1723382
-0.6323871
-0.13008863
-0.5046828
0.92023754
1.2653168
1.9604645
0.62927115
0.82147753
0.34424996
-0.04572473
0.537381
-0.18185194
-1.4201949
-1.6728534
0.21507119
-0.3717775
-1.6956838
2.3306074
1.7259808
-0.44935343
0.19872315
-1.6401639
2.140689
1.2072934
0.705573
-1.286931
-0.012153922
0.7865268
-0.105246715
0.5449655
-1.4199163
-1.46807
0.57733846
-1.7040819
0.5373346
-0.22485206
0.9302949
0.5279653
-0.0936697
1.9209725
-1.6430571
1.1712296
-0.31253427
-0.3148995
-0.47191954
-1.3200455
1.080549
-0.5895908
-0.67086107
1.3873904
-1.0582373
0.23733342
-1.4537789
-0.31910503
-2.0015483
-0.6564466
-0.93628424
-1.7641735
-2.0489678
1.7383218
-0.031832237
-0.3678216
0.8499374
-1.4531692
1.4726607
2.143393
-0.9205613
1.7017164
1.056537
-1.6106789
1.3793247
1.6348133
-1.7469842
-0.46509585
-0.37308353
-0.7553201
-1.0303844
-1.8395838
-0.9344438
-0.9246915
0.6972756
-1.7547929
-1.0894632
-1.6483386
0.4655363
-1.6058522
-1.1044688
1.3987219
-0.012369734
0.6823471
-0.8845579
-0.42383534
0.21327406
1.4408071
-0.8071552
-0.48521867
2.2093356
-1.687654
-0.9100935
-0.32847473
0.047612052
0.035569426
0.1985149
-0.1421645
-1.6536779
0.83746415
-0.9277491
-1.6871397
-0.06185919
0.7072853
1.1890936
-0.23146096
-1.1968927
-0.81567657
1.8966671
-1.8488245
0.94257087
-0.66980505
-1.8416468
-1.6052228
-0.6422969
0.48995423
1.7254639
0.07503898
-0.9552269
-1.3518914
1.7906069
-1.6286299
-1.0480435
-0.23442204
2.2190619
1.6366216
-1.2690241
-1.1982926
1.6058754
-0.6828002
-0.60691553
0.22831456
-0.8342413
-1.3835559
-1.3714124
1.1349287
-1.3585725
-1.4265108
-0.05627617
0.877337
-1.3057607
-0.20348212
-0.37782216
-0.5922249
1.1111702
-1.0402284
-0.5359023
-1.5647964
-1.0609082
-1.7394396
0.17488866
-1.1760775
-0.5858806
-1.7872634
0.11968348
1.8238373
0.8820361
1.813036
-2.1896303
-0.4608582
1.5677979
-0.8786322
-1.5896059
0.10107082
-1.5797981
1.921329
-0.91553366
-1.3537002
0.33600652
0.8433114
-1.1626469
-0.44449323
0.2717988
0.6534667
1.3162316
1.8336737
-1.5344557
-0.4551052
-1.930124
-0.694264
0.16888388
-0.85122186
-1.0420698
-0.40636906
0.8277873
2.11961
-0.41482764
-0.7706541
-0.13905069
0.075027555
-0.078520186
0.60660934
-0.19552943
-1.2104073
-0.8407683
-0.5501871
0.5839181
0.6042807
-0.15162902
-0.23587553
1.657876
-0.49587184
-1.3356894
0.49833518
-1.07693
-0.7594577
2.0368044
1.1216544
-1.5061946
0.003968765
-1.7065659
-0.6914014
-0.49059495
-1.7161926
2.180585
-0.38911045
-1.1944379
-0.5280637
-1.6176324
-1.6186893
0.5444588
-1.5659388
0.070258155
-1.316188
-1.5051633
-1.0593483
1.3136009
0.8725481
0.5359199
0.61572415
-1.3980328
1.1371889
-1.1569273
2.1993508
-0.7071993
0.7501731
0.92868334
-1.94718
-1.2539024
-1.0660062
-0.73171
1.8279908
-0.15815462
-0.17609899
-1.5113168
-1.7459531
-0.56416255
1.1466824
1.5308728
0.16087547
1.5847235
0.20585948
-2.0252857
1.2096238
0.9752197
-0.46678504
-1.2382548
-0.3218042
-0.63819224
0.97133315
-1.7269852
-0.88675743
-0.47329432
-1.83078
0.64370763
1.3526318
0.26782867
1.3868209
-1.4886743
1.2102892
-0.12910162
-1.2017579
-1.018942
-1.5983708
1.9661801
-1.4661669
1.3758897
0.1531212
-1.2731853
-0.61487716
-0.8841115
2.1505885
-1.5268475
0.19141105
0.11001312
0.6387514
1.5440809
-0.41076076
0.32596084
1.5261936
1.4568404
-0.5926848
1.9318738
-0.02973321
-0.5921733
0.015623917
0.5195837
-1.128052
1.3011507
-1.4508171
0.035079736
-0.4010125
-0.17967266
0.6642277
-0.5856118
2.0839734
-0.22394675
1.6923552
-1.2159127
0.1744807
1.42636
-1.1825255
-1.8608968
-0.20466788
0.032491818
-1.9789857
-0.50521624
0.07740412
-1.6105353
0.80876917
-1.0711445
0.85730153
-0.16450852
-1.0789001
-0.21768385
1.0887282
0.38880223
-0.8740697
0.5679376
-1.3219175
-1.758451
2.040207
1.2839879
-0.816465
-0.6405619
-1.822603
-0.8418362
1.2633972
-1.0359981
0.51308185
1.6690031
-0.38395134
-1.531839
-1.220424
0.52310777
1.0925609
-1.1830122
-1.2815127
0.88789535
-1.2227712
-1.5442632
1.1671202
1.1006385
-0.6122407
1.0783166
-0.8372848
-0.29626417
1.1498039
-0.9645771
-0.72385436
0.9543288
-0.1345758
-0.98467445
1.2738427
0.72238314
-1.0053385
0.3497973
-1.6619799
-0.46557656
-0.1889719
1.0687132
-2.0180824
-0.8663006
1.2141467
-0.35312873
-0.73374707
-0.0056871166
0.0017620614
1.6034454
1.3376038
0.017955352
-0.57553554
0.22988926
-1.7625232
0.10355748
-1.1440393
-1.5744299
0.059551097
-0.053572297
-1.3742454
1.326727
0.22459656
-0.8391329
-0.7520088
-0.5616933
0.7462893
-0.22197926
-0.18769419
-0.6108855
1.1654334
-0.07355723
0.2330584
-0.5901246
1.0499271
-0.851977
-1.7782313
-0.4973529
-1.7470441
-1.6073413
-1.2855543
1.2140726
-0.032698732
-1.3963094
-0.23047303
-0.42775306
0.68060905
0.23538792
-1.2962415
-0.10172422
1.7666997
0.1800231
-0.70069855
-0.20567016
0.4331632
0.97346175
0.8443648
-0.27420983
0.46611065
1.0238701
-0.25569925
0.9969133
1.0868617
-0.8250487
-0.9390436
0.23095673
1.8585724
-1.6661961
-1.2124741
0.26551133
-0.8235872
-1.7413734
-1.8137109
-0.4833507
0.087634474
1.2172956
1.6313498
0.8082406
-1.0323721
-0.28170046
-1.2387323
-1.4801658
0.32829988
-1.7175426
1.4428416
-0.38752913
-1.3383409
1.5048596
2.1784985
0.023077527
0.45255867
-0.7747878
0.3705086
0.5220597
-0.5129193
-1.2348363
0.1449611
0.25683665
-0.81218475
0.6062235
0.5530653
-1.845242
0.32371864
-1.1887196
0.709276
1.3078727
-1.1937867
2.117713
-1.6052701
-0.16519172
-0.847703
-1.0675089
-0.21468511
2.057359
-0.47539222
-1.9074032
1.2024547
-0.11706898
-1.9196674
-1.3545198
1.5015643
-1.2264172
-1.2669649
-1.1941636
-1.5186862
0.5995736
0.018702691
-1.4252185
-0.27127567
-0.59290904
0.1781675
-0.73384917
-1.4472077
-1.3973248
-1.8106711
-0.7293353
-1.5959076
-0.2430047
-1.517525
-1.2946844
0.7252725
1.4879069
-1.5494778
-1.5225427
-1.1043603
0.9705929
0.08641398
1.0381665
-0.9357776
0.68906426
-1.3816208
-1.3895707
-1.3331648
0.09395345
-0.953666
-0.6038501
-0.8034993
-0.27757922
-1.0746181
1.1878579
1.7805898
-0.17030573
1.777924
-0.86915797
1.6393209
-0.22526021
-0.89088243
-1.1229492
0.8163382
0.8158649
-0.22345328
1.1957631
-0.05304367
-0.20734933
-1.7598507
-0.33049008
0.7601006
-0.1313208
-1.4066383
-1.4821434
-1.6752005
0.58924145
1.1493858
-0.8901992
1.0811381
1.33883
0.047376186
-1.1742728
-0.13710098
-1.9359128
-1.1064597
-1.2412328
-0.18683113
2.0571074
-0.1146921
-0.6893612
-0.90604824
-0.43915188
-1.8044856
0.2345884
-1.0282769
2.328223
1.655714
1.4156984
-0.43929183
-0.24490845
-0.13945304
-0.25896323
-1.0510662
-0.91152173
0.06467909
0.7232646
1.0379858
0.018660014
-1.1967324
-0.58146083
0.4879094
1.4651698
0.58681595
-0.64726645
-1.5120288
1.3279395
-1.4303664
1.2250437
-1.4767672
-0.8428125
-0.9066053
1.3844063
-0.62480676
0.47176468
-0.7949941
0.94296575
0.43567827
-1.63709
-1.8101752
0.82421094
-0.16999133
-0.535079
0.034039594
-0.0055758813
-0.21394661
-0.91959834
1.9309676
-1.4680429
-0.508283
-0.5605805
0.88865644
-0.67583305
1.3141763
-1.4054431
-0.3923627
-1.0887622
-0.024696883
-1.0404611
-1.3416947
1.6225874
0.7469642
2.2033203
-0.5755014
-1.4988956
-1.795012
-0.37843075
-0.7131996
-0.5657852
0.50102586
0.054615967
0.6412674
-0.5302531
0.023097904
1.4787276
0.9013876
-1.556092
-1.1921657
-0.6427641
-0.7792204
-1.398032
-0.33475038
-0.5026908
-0.69622076
-0.61768574
1.0923197
-0.50661224
-0.7381413
1.7617501
1.1962347
-1.601287
0.50481397
-1.0722865
0.75333196
1.1211641
-1.311061
-1.4589872
-1.5752249
-1.1051798
0.48064792
1.869359
-0.26644862
1.0301874
0.7485669
-2.0867558
0.4174724
-1.5697492
1.9162298
-0.28496507
0.7352687
-0.7292664
0.77573913
1.116894
1.2837455
-0.47753304
0.48471698
-0.5053362
1.2580044
-1.6067535
0.5086753
0.4225577
1.6206957
-1.2321498
-1.5630835
-2.0016136
-1.5479205
-1.2830051
0.8591587
-1.8524337
0.7235146
-1.7046559
1.2159916
0.9025091
0.31870118
0.34593537
-1.1399043
-0.14826833
0.24058938
0.41973728
0.09163998
2.011528
1.9659699
1.5749542
0.37369373
-0.042097054
1.8141919
-0.66284096
-0.651865
-0.05910879
1.2270021
0.021514462
-1.8097003
0.026340285
0.30102542
-1.1690199
-1.1582506
-0.979247
0.91133827
0.18978794
-1.5623728
1.4527704
0.011560987
-2.07074
0.25875145
-0.7253308
0.30738223
-0.6783451
0.60463464
1.5388851
-1.383275
-0.45387122
-1.1017349
-0.22688657
-1.6085936
-0.839
-0.00898896
-0.4926773
-0.6350152
0.762887
-1.6033833
-0.94267046
-1.1163297
0.043656405
0.14212404
2.0807202
0.45488945
-0.8158264
-0.40105516
-0.6849274
1.1982975
0.29477328
-1.4033377
0.06968359
-1.9391706
-0.029439427
0.8791834
-0.4501889
0.028861852
-0.2628221
0.29446396
0.17677192
0.433124
-0.48498994
-0.43365818
1.3722905
1.6500258
-1.1508867
-1.9566041
-1.1771306
-0.08025619
1.3034016
-1.8599654
-0.14118102
0.8111861
-0.66362613
-2.2937295
-0.79279166
-1.0737677
0.15784462
-0.6979059
1.3265232
-0.565138
0.015284182
0.41805074
-1.0944331
-0.111445904
0.78088856
-1.3927929
-0.42945558
-1.4688327
-1.0635462
1.4809349
-1.3288927
2.1270397
1.8664584
0.27687186
-0.042363696
1.04212
2.2170506
-0.9429993
-1.6794806
-0.88890076
-1.3567668
1.3630124
-0.2407603
-1.5197684
-1.790882
-0.8642442
-1.3309909
1.1637913
0.9915814
0.63681555
1.4744145
-1.4707412
-1.5809875
1.253211
1.1305852
0.97515523
-0.68920213
0.93481165
-0.41892174
-0.23588134
-2.0010352
-1.3977137
-1.0473459
-0.51966286
-1.796561
-0.9637277
0.011682333
-0.90710044
-0.21178113
-1.3514369
-0.116073616
-0.19821545
1.1476126
-2.0372715
0.09679879
-1.1298711
-2.0710075
-0.10925468
0.9013965
0.18434903
1.5692711
1.7743118
-0.29097915
-2.0336862
-1.7439337
0.07881224
0.70477825
-1.7921801
-0.677379
-2.1641011
-0.509679
-1.4163228
1.4193082
0.28489494
0.26506144
1.481422
0.7454444
-1.5004765
1.769387
-1.6543175
-0.9616617
1.637011
-1.4010226
0.15398829
-0.8460197
-1.8943924
-0.5369911
-1.7255317
-1.5278099
1.1032591
-0.8457843
0.6692472
-0.27408972
-1.9383181
-0.937812
-0.7628051
-0.74706525
2.0897837
-0.0638246
0.6663229
0.5026337
-0.8860021
0.61476064
-1.4124929
0.20024683
0.9143877
-1.1959603
1.8443667
0.016629389
1.4524479
-1.4231868
-0.3429848
-1.2616253
-1.3637009
0.8550093
-0.51754874
1.2310439
-0.9523499
-0.037286803
-1.3240174
-0.38339397
-1.1897221
-0.33284014
1.7196498
-1.1853197
-0.8780527
1.1037257
-1.615267
2.018865
0.05055557
1.2862024
-0.24340893
1.1941289
-1.0386745
1.345019
1.1669183
0.49604943
0.20295918
-0.47678357
-0.8673185
0.7098445
-1.5949175
-0.74625
0.789711
-0.12412222
1.1273806
-1.6592463
-0.7156022
-0.9074736
-1.0753719
1.4330367
-1.0811467
-0.56122696
0.026446076
0.34356946
0.82501197
1.2377106
0.817933
-0.33068997
0.6985134
1.0158963
-0.7592325
-0.15189277
-1.3911519
-0.16624416
-0.5004145
1.4093977
1.4377182
-1.1351557
-1.4170084
1.6289003
1.1534688
-0.85734206
-0.1953184
0.25160176
-0.64864063
-1.1107458
-0.6843028
-0.07999862
1.4321285
-1.2070371
0.016172918
1.5255398
0.34890935
-1.3398921
0.10646572
0.35727862
1.4513624
-0.12833704
1.821693
-1.6639844
0.20463699
-0.73124665
-0.3688581
0.14969173
1.6215746
-0.3393094
-0.49694338
1.8184985
-0.1769805
-1.1094835
-0.55652356
1.9705784
-0.043177675
-0.21747579
0.81148875
1.6468891
-1.1600974
-1.3834487
-1.0923568
-0.113838695
0.8437117
-0.696416
-1.2335376
-1.2075105
1.3046002
-1.6530921
-1.490522
-1.5220491
-1.3532324
-0.41114363
1.2555723
0.5293444
-1.3372285
-0.3237528
0.20712344
1.8720503
-0.49129146
1.286192
-0.30076316
-0.3536657
-1.6451247
-1.156068
-1.8461608
1.3545336
-2.0170305
-0.925048
-1.4724333
0.23576482
0.19520095
-1.2323401
-0.36935118
1.3572496
2.2626944
-1.3469638
-0.035453502
-1.0596564
1.1551739
0.14997205
-1.5870397
-0.3319774
-0.09497922
0.645355
-1.1511635
0.53796655
-0.68811333
0.06869277
-0.19417766
-0.729251
1.1312358
0.7815462
-0.98661566
-0.48402324
1.4465475
2.0770872
-0.12031398
-1.1520078
-0.44595057
0.055986777
2.107854
0.3190724
2.183424
-1.7161629
1.131327
-0.991843
-0.04555457
1.3577114
1.0514379
-0.37755877
-1.3869617
-0.95481336
1.7389659
-1.7355459
-0.17965414
-1.6619171
-0.8091578
-0.86754465
1.6007253
-0.47816896
1.0542574
-0.50934696
1.0399072
0.18792765
1.7688375
-1.7591437
-0.07853966
-0.06556455
1.3626556
-0.9258439
2.2341847
2.2060685
-0.5806736
-1.1093873
-0.15749474
-0.40363014
0.57662565
-0.15793759
-1.8479798
1.588777
-1.8826208
-0.7943515
-1.5718968
1.9803623
0.624836
-0.4952006
-0.8233806
-0.8021881
1.601178
0.84316325
1.3332126
-0.9274436
-0.9165559
0.38563305
1.8614786
-1.5232862
1.3716342
-0.7167429
-1.1364523
-0.5803522
0.13764724
1.3185383
-0.26469356
-1.25366
0.2679844
-0.9860592
0.5145712
0.12589754
-1.4048337
0.7871054
0.7018946
1.9588112
1.6176679
-1.2289791
0.34155813
-0.8738331
1.0240772
0.9851576
1.8270805
-0.028900802
1.3078722
-0.4589544
0.29550943
-0.7354242
-1.977539
2.1598248
0.83485806
1.8261251
0.8734157
-0.18545735
0.78996027
-0.07736177
1.3731887
-1.4045576
1.3722992
-0.6936691
-0.012278964
1.1876264
-1.6877084
1.8491263
-1.5041403
-1.0933021
-0.31784123
-0.21588586
0.44190818
-0.38440266
-2.0686219
1.1321077
0.4190629
0.010040815
-0.031234102
-1.5328926
-1.3382454
-0.99251807
-0.18357927
-1.5757325
-1.250767
1.3608291
-1.035072
0.4195926
1.0915762
-1.8444233
1.0821047
0.532655
2.0144403
0.83564883
-1.491603
1.4471515
1.420714
2.0562646
-0.8449663
-1.3567163
-0.72874814
1.415486
2.0501935
1.2498138
-0.44844532
-1.3278245
-0.59025663
1.6071913
0.13358225
0.85557836
1.0751123
-1.1896477
-0.15338725
0.3873022
1.3147792
-0.9038605
0.13439769
-0.07977123
-0.0066088103
-1.796417
-0.083890915
-0.35812584
-1.3293189
-1.075697
-1.7294085
0.8197288
1.0639207
-1.4332076
-0.04487803
1.1380016
2.3315594
0.6060836
-0.81423753
0.63622767
0.346453
1.0093863
-0.2532321
-1.6944045
-0.9613283
0.7050507
2.003433
-0.3558561
0.1144955
0.09496364
0.050444886
0.56375635
1.3159425
0.95967424
0.061953884
-1.2964493
1.3601216
-0.4140158
0.8636701
-0.64034945
1.3921208
1.2982807
1.7350745
2.1124241
1.9361272
2.05259
2.195508
-1.1448065
1.068347
-0.49809325
0.0876752
0.84493655
1.2162149
-1.4049131
-0.45808083
1.6902274
-0.6040222
-1.2471311
-1.4355999
-1.6231762
1.0009792
-1.6671737
0.5391116
-0.7570276
1.3166994
-0.3638614
0.9619753
-1.4424123
0.82538104
0.47518027
0.18152341
-0.018755574
0.2667922
-0.87246597
-1.8829929
-1.6829076
-0.121855386
1.2721534
-1.1035292
-0.89549816
1.1000173
0.242699
-0.9720553
-0.32669255
-0.78988326
-1.0197403
0.9175935
1.5026327
-0.83112884
-0.3795996
0.10760589
-0.29069415
-2.309478
-0.16032654
1.8143691
-0.08923956
-0.82517
1.3705238
-0.8839432
-1.1769532
0.7144494
-0.08359802
-0.8954928
-0.9435803
1.581017
-1.5721858
0.24850765
-1.72495
0.18871433
-0.4018134
0.23225261
-0.34182554
-1.522381
-0.63141847
-0.78082645
-0.82326806
-1.2497871
1.9940132
0.2387922
-1.4946951
-1.7881871
-0.91011244
-0.1787759
-1.3222691
0.48876277
-1.8377111
-1.0224549
-1.3524653
-1.6224341
-1.0108727
1.2931837
1.4846005
-1.8654784
0.59939176
-1.4349763
0.010074713
-0.046620645
-1.2253739
-1.3903189
-0.087370165
1.4702673
1.9227847
-0.15311712
-1.5430958
0.1376342
-1.5164281
-1.9125863
-1.8779378
-0.5714004
1.1732396
0.13426356
-0.0071660858
0.39908555
-0.89919686
-0.4770307
1.2248031
-0.062342886
0.88619125
0.40306503
0.81230456
1.8473557
-0.13461453
-0.23207214
-0.86651516
-0.20577909
2.001418
0.1473816
-0.061006356
2.0500464
0.21480496
-0.51687944
-0.19502246
0.39802644
-1.3033566
-0.9008977
-1.7382629
-0.14298563
0.75569075
1.9427097
0.803376
0.5836197
0.5772536
-1.4149572
-1.7506374
-0.055449106
-0.5730215
-1.6290036
1.1695929
0.47813845
-1.1538306
0.22348417
-1.1859541
-1.6670762
2.040145
-1.8616613
0.14772546
0.14281899
0.30293173
0.5906755
0.44579554
1.4181486
1.6778905
-2.0116665
-1.1624637
-1.1275249
-0.9868925
-0.84894776
0.7080815
0.2804854
2.1832438
0.07403331
0.76998883
-1.8353225
1.2556336
-0.30389044
-1.3753976
-0.5361954
-0.3037792
-0.16909745
-0.3362525
-0.8934146
-1.4116087
-1.1379216
0.44861996
1.7835621
-1.3690454
-1.4650613
-0.8396521
0.83774316
1.0879395
1.8612738
-0.07830798
-0.13337672
-0.02901326
1.7613341
1.0328969
-1.3108237
-1.6123474
1.027632
-0.053323954
0.25428504
0.5525534
0.37853652
0.5146067
2.2498343
-0.037255462
-1.5160187
0.52322143
-1.4200952
-0.87496585
-0.67523795
-1.5028183
-0.8560735
-1.2904912
-1.4076694
-1.1591581
-1.8786869
-0.62025666
0.5411725
1.6467336
-0.72320575
-0.7162453
1.1976641
1.277916
0.20494351
-1.0728033
0.13743274
0.8776003
-1.3674228
0.11398828
-0.65766317
-1.8116627
-1.8856
-1.621204
-1.1064626
0.08249902
0.11396864
-0.15420029
1.8745723
-0.013278049
1.4896466
-0.9713472
0.42486712
0.11478407
-1.006991
0.22201176
2.167428
-0.5395697
0.006377922
-0.9501456
1.4767236
-0.103285655
-1.4857794
0.31872457
-0.10118784
0.93492454
1.9512744
-0.09258068
2.086786
0.9367936
-0.9329388
-0.59574085
-1.5059447
1.3586334
-0.092183284
-1.595134
0.8449795
1.1979423
0.8250659
0.62292737
0.4340639
1.9651334
1.614533
-1.1391389
-1.6337262
-1.0082105
-0.24120197
0.007352383
-1.1147652
2.163228
1.2142587
1.0636413
-0.8821674
-0.6251053
0.161296
1.7368225
-1.0890931
0.7990642
1.1110424
1.3188483
1.7008017
-0.093149826
-1.3108473
-1.2767385
-0.5978873
0.41005036
-0.7927258
-0.07744758
-1.2925285
0.8565079
-1.9458393
-0.5765078
-0.1178185
0.3573175
-1.2249373
-2.0830414
-1.2328222
-0.15953518
-1.3911182
2.0041203
0.039614167
1.3028581
-1.7873039
1.3136768
0.14874242
-0.2761853
-1.4705625
-1.3168268
-0.028337998
-0.8876068
1.7370889
-1.2826378
-1.514232
0.041730437
0.36286005
-1.5820878
2.0990365
0.96641135
-0.41122818
1.7443264
-1.3927175
-0.15728423
1.2469435
-0.6127206
-0.15954398
-0.91787326
-0.96875536
-0.6543925
-0.49246287
0.057691976
-1.7870401
-0.019514246
-0.7060128
0.79294956
1.4218625
-1.3267764
-1.5060959
0.18842164
1.5743538
-1.9024745
-0.9048126
-1.2859589
-0.46032453
0.29145807
-0.9459126
-1.709833
0.6497873
0.86760277
-0.6519485
2.2079794
-1.0829159
-1.6556375
-0.62738496
-0.30278122
0.72503275
0.2644445
2.3062527
0.3900701
-1.6806562
0.024957241
-0.14820594
0.04372412
0.33183062
-0.8585886
-2.130995
-0.11434474
-0.19971299
-1.6929169
-0.78578097
0.040803768
0.56214744
2.142293
1.450016
1.9595021
-0.9076962
-1.6650051
0.3301326
-1.8065406
0.045459744
2.1255672
-0.050587054
2.0494635
0.4225098
-0.85364413
0.7300969
0.0055278256
0.043028276
-1.1994765
1.6481769
-0.9131037
0.7397022
0.46476948
-0.28288874
-0.496936
-0.52081984
1.8828288
-0.0030195967
-0.008019958
-1.2683809
1.4331992
-0.33700448
1.4246029
-0.13868204
-0.5591151
1.6289223
-0.5637708
-0.24259536
-0.8476417
1.3749529
-1.4419931
-1.2302244
0.14078107
-0.1006981
0.016301505
0.8258655
1.422569
0.40801603
-0.164416
0.19831705
1.7068186
1.4142457
-0.39185682
0.61131686
0.8877883
-1.4907774
-0.18140319
-0.041174144
0.5257418
-1.6618211
0.095084764
-1.0563263
0.7757426
0.77920294
0.04767401
-0.73626643
0.7749182
1.9353166
0.34216836
-0.45124018
-0.953935
-0.64639884
-1.7643082
-0.24811588
-1.2695116
0.87516826
0.17185684
-1.2805488
-1.1327717
-1.7438847
1.1796649
0.38132083
-1.4102647
-1.0308411
-2.1044104
-1.035209
1.0816642
-0.90023017
-0.32805273
1.7394406
1.0459864
-1.6265293
-0.53445053
-1.6781144
-0.076355256
0.0049112393
0.63159233
-0.97713
0.44636694
-1.7616811
0.2509209
2.2944386
-1.2897274
0.021239793
-1.335945
-1.405668
-0.9948322
-1.4089057
0.14088191
-0.70500517
0.07554008
0.10557699
1.6563987
-0.3315386
-1.368367
0.52176243
-0.598668
-0.42632818
-0.9604197
-1.3150443
1.911926
1.9071348
-1.3064281
-0.1029138
-1.4888905
-0.81735146
0.99032485
0.27898106
0.48306054
0.005107639
-0.9373171
1.2777554
1.89806
-0.5191233
-1.3961737
-1.2273529
1.9594117
-1.9904256
0.46418
-0.19602302
-0.23582543
1.1589177
1.3980862
-0.84876704
0.29620406
-0.92303884
-0.2747716
-0.4389279
-0.2976059
0.4077081
-0.7737697
0.48499727
-0.8192663
0.51303446
-1.7238344
1.0095057
-1.4145578
-0.32909086
0.5918193
0.15425077
1.870247
0.22587405
-1.4821923
-0.9641607
2.0096078
0.07301986
-0.22451414
-0.59337646
0.303316
0.122645095
1.6420091
-0.7696717
0.093074866
2.12121
-1.2831453
0.5672936
0.5110125
2.120966
-0.5521329
-1.2187942
2.0384874
-1.5398266
-1.337425
-1.9010361
1.6159244
-0.1051755
-0.13334648
0.7867796
-0.11387293
-1.2595319
-1.2925088
-2.1061747
1.5282085
-0.5489277
-0.9591841
0.021742115
-0.8457593
1.9398297
-0.25640485
-0.53237724
-0.48911798
-0.3404215
0.89785314
0.22850592
0.42403683
0.22545266
1.460619
1.0388442
1.8631239
-0.28681496
1.660532
-0.7222844
-1.7177904
-0.5818519
0.2552332
-1.2004838
-2.0186436
-0.3978846
-0.6072176
0.2804716
1.6669352
-0.11488835
-0.28053027
-0.66538465
1.9136511
-0.7666868
-1.1823187
1.6070294
-0.12863937
2.3694284
-1.2966337
0.87543863
-1.9036595
-0.18157546
0.5649151
0.62018335
-0.6112587
0.031748444
-0.109513685
-0.98174965
-1.6864218
-1.2901785
-1.6092052
-0.57778186
0.62362623
0.85331166
1.4771879
0.6485948
-0.07273232
0.71538615
-0.5510051
-1.2097012
-0.12975307
1.0184109
-0.12911306
0.010216253
-1.7478988
-1.5634636
-0.69510776
-1.3163911
-0.08911992
-1.7268382
-1.3931035
2.0067587
-0.15389572
1.4521189
1.5950772
-1.5783865
1.0580658
0.9881375
1.9136193
-0.3193786
-1.7248932
-1.2953395
-1.2169596
1.3929782
-0.18398407
-1.3086212
0.7146968
-0.48946053
-1.3519568
1.3332547
0.30978236
0.93805254
0.318037
-1.7265685
-0.6762854
-0.05512753
-1.1383873
-0.47079164
0.26844415
-0.86729985
-0.9660698
2.0206735
-1.597437
0.93006456
-0.07150155
0.50132203
0.1886424
2.3500786
-0.046616558
0.98874176
-1.5234762
-1.4567374
1.5183717
1.6447598
0.7720375
0.13152848
-0.5254909
-0.2962366
-1.1235507
-0.56783426
-1.8790054
0.040774476
0.6012499
1.6866157
-0.85096955
-0.8528023
-0.82643604
-1.0973088
-0.37274617
-0.2586403
1.803098
0.30601647
-1.2252715
-1.2812321
0.8180082
-0.59858716
-0.65496695
-0.6803535
-0.12559044
-1.5082439
-1.3569602
0.1309019
-1.1169068
-1.0199987
-2.225907
-0.3459717
1.7092309
-1.2769157
-0.3065434
-1.4931802
-1.0410626
-1.4229846
0.2769566
2.1891577
1.8610535
0.91412055
1.6415725
1.4071406
-0.055883564
1.3093936
-1.1271617
0.025856236
-1.5913088
0.058966216
-0.50128436
1.8511331
-0.49674284
-1.2914249
-1.3731856
-0.814591
-1.5670367
-0.4326309
-0.36046803
1.8546267
1.8913391
-0.24255943
0.37685105
0.18763582
-1.3108342
-1.0662794
1.5209943
0.5929117
0.8875061
1.1247865
1.5638242
0.6375449
-0.7285864
1.6358527
-1.0484897
-0.9168523
0.296598
0.5577097
-0.84526634
-0.75179833
0.07034892
0.65677947
-1.2809031
-0.33050656
-1.1569767
-1.86343
-0.9386057
1.741136
0.0035247728
-1.2303733
0.6056035
0.5068499
0.23343714
1.9621539
-1.0380481
-0.7065123
-0.007932509
-1.6696991
-0.6162727
2.1511166
-0.7726071
2.0491207
-1.1280727
-0.70014095
1.8234487
-0.8744791
0.0089224735
-0.7301913
0.81322235
0.48233852
-2.0116103
-0.76509935
-2.2634304
1.2554156
1.5821809
-1.126627
-0.27965096
-0.62515527
-0.59861296
-0.7178593
-1.0705899
-0.00626703
-1.5063478
-0.7142092
-0.22394313
0.36854094
-0.603379
0.7757075
-0.42264318
0.0052101226
1.0349452
0.25688934
-0.3340614
-1.7912471
0.4820225
-1.0536277
0.51935863
-0.47382987
0.32029197
0.73310685
0.07239977
0.66837215
1.2955165
1.7929916
-0.9216757
-0.7062194
-1.2770829
-1.6373278
-1.2362288
-1.4171039
-0.89637864
-0.9712784
-0.79704356
0.5280025
1.2921327
-0.0065407287
-0.8231536
0.6562634
0.38733128
-1.7494514
-0.48808533
1.1585099
1.5942358
-0.1382398
-1.0457362
-1.0697801
-0.6755292
1.6866765
-1.337019
-0.54214054
-0.7244873
0.42203116
1.1126577
-0.8484389
1.5278071
-0.6536335
-1.1246266
-0.03802904
-1.0870525
-1.8678913
-0.66231036
-1.2037632
-1.4387819
-0.39890906
-1.1189587
1.1179979
-1.5810328
-1.2867515
1.0377462
1.7211664
-1.940769
0.9578201
-1.1572579
1.7028248
-0.106392056
0.32238176
1.1611247
-0.7844375
-0.3338291
0.6763966
-1.4476163
-0.3298368
-0.58803135
1.6341559
-1.6215582
-0.81973034
-0.7447809
-0.93574154
0.0077297664
0.04203012
-1.0250889
1.5799146
-0.39780045
1.2235181
-1.2893286
-0.9619452
0.5765619
0.16924335
0.35122675
0.070588194
-0.18748786
0.20454551
-1.2770394
-0.525282
-0.08362638
-0.5745876
-1.8388866
1.7159708
-1.3169159
0.4803842
-0.9328809
0.18637577
0.56449944
-1.0672327
1.006614
0.8058942
1.0788133
-1.3376838
-0.97994065
0.8905407
-1.23742
0.74776125
-1.9208901
0.36348537
0.81260246
-0.11496535
-0.6311234
-1.694258
-0.6103333
-0.032944083
2.0225134
1.8134435
0.6808572
1.2459674
1.6937853
-0.9606327
-0.25542715
-1.4150342
-0.69639456
-1.3702437
-1.5729249
-0.4162702
1.8076068
-0.66324735
0.5533167
0.002187161
2.2775023
-2.069903
-1.0882641
1.9538144
-1.9180596
-1.0974476
1.2679278
0.6718428
-0.40607366
-0.35535976
0.382741
-1.0904741
-0.006844169
0.6433129
-1.2364627
-0.84298134
-0.85443103
-0.06406499
0.14348057
-1.7146895
0.8298057
0.3308379
-0.0058973385
1.5903058
1.3631408
1.8470601
-0.5794699
-1.6660261
0.21241567
-0.25024912
0.98014176
-0.97476685
1.3962762
-1.078023
-0.50193
-0.034102995
-0.40337223
0.9390224
-0.9462564
0.81022245
-0.10188651
-0.14399421
0.5720404
0.73464453
0.1006934
-1.4025987
1.0712885
0.6733513
0.08835229
-1.4551452
0.7336616
0.35671303
-1.2836685
-0.9971249
-0.17319605
-0.36066198
-0.65576845
-0.6211024
0.78357935
0.44878352
-0.09228248
-1.2457391
0.93405116
-1.2343398
-1.2245588
-1.6629746
0.40738413
-1.4102287
-0.51359653
-1.52955
-1.3355783
1.5484042
0.43304762
-0.23845346
-1.7566937
-1.6665283
-0.5161934
-0.22640145
-1.2432199
-1.1855468
-1.1058758
0.7832059
1.1166742
1.5133551
-0.99836403
-1.5351964
-0.8802334
-0.89106137
0.8106638
-0.5595959
0.16906914
-0.3040045
0.14234142
-0.020224042
-0.029525952
-0.7797957
-0.1390445
-0.46602267
-1.623204
1.2403811
-0.17876555
-1.1306616
-0.26108307
0.9218353
0.15348852
-1.4903034
-0.44109544
1.8699718
-0.17667376
0.9606267
1.6590925
-1.415803
-1.5496576
0.6901825
-1.5278987
0.18341479
0.19519798
-0.8688637
-0.8071224
0.40347296
-0.30354804
1.1430007
0.9934933
0.84350806
2.1745188
-0.80341095
-1.16691
1.2295315
-1.149788
1.3536931
-0.7972263
-0.12122795
-1.0571578
-1.5761232
-0.60964054
-0.5743131
0.08867056
-1.4884019
-0.9700178
-0.51483095
0.04410994
2.1443317
-1.0043118
-0.27684328
0.50870717
1.1468244
1.0659509
-0.03264498
-1.7216631
-0.416485
-1.965227
-0.4956719
-1.5758216
0.19910775
1.8368986
-0.747301
-0.81170756
0.095538475
-0.7646036
0.3222455
-1.0735887
-0.07777671
0.045727737
1.0133206
0.014009895
-1.2863083
0.8503337
0.7620831
0.4184885
0.5641384
-1.7648612
-0.14018421
1.0363237
0.35745862
0.7605845
-0.6051814
2.044584
-1.1592808
-1.1199547
-0.8179945
0.40472576
-0.98015994
0.8732213
1.5370156
-0.67819226
0.27061534
0.58329
-1.6235452
0.9545269
-1.7435594
1.2198938
-1.1812766
-1.8575476
1.5677891
-1.751758
0.9734316
-0.2949497
-0.6759763
-0.3396441
-0.36569148
-0.77296585
-1.1199763
-1.5819468
0.36815548
-0.16518693
0.68534714
1.116991
1.5103267
-0.7707989
-1.2444929
-1.7110326
0.03463512
-1.888904
0.41993484
0.36403638
1.5602248
1.2560415
-0.6671856
-0.35166
0.26989344
0.03574585
-1.308505
0.38671237
-0.27758813
-2.0906374
0.773867
-0.25982183
1.9286009
-0.9280495
-1.9352206
-1.5984074
-1.8598621
0.43811342
-0.7128988
0.25787544
-0.6740643
-1.1772772
-1.0103374
-1.0747491
-0.68241245
-1.3834841
0.5385248
-0.0732114
-1.4187169
0.32814398
-0.45590633
0.14256275
-1.3683456
-1.4766829
0.21865709
-2.2769217
1.5608464
1.5877115
2.1202807
0.017167425
-1.2801138
1.1778474
-0.6979821
0.66157234
1.2166722
1.6932051
-0.31296626
-1.3262453
2.3138754
-1.231765
-0.4735034
0.097401515
-1.6986171
1.2699952
0.32784253
-0.96678245
-1.3858724
0.19674334
0.5536066
-0.15631959
1.0052507
-1.6489549
-1.1626964
-0.4098937
1.6982199
0.07277096
-0.64579743
1.9742019
-0.71159345
1.3422066
-1.3084942
1.8039744
0.25161943
1.7313731
-1.5075423
-0.76741445
-1.4458584
-0.45305306
1.9579878
1.3466809
-1.3485335
0.26224694
-1.6355603
-0.79567957
0.7529749
2.2181609
-1.1659353
0.50438744
-0.57824373
-0.79645383
0.50947714
-0.077143766
0.09025771
1.8850813
-1.3067774
-0.41086632
-1.6136293
-0.8888625
-0.13353036
-1.5212175
-1.4296361
-1.0408237
-1.7995143
-2.0525908
-0.98319286
-0.07100108
-0.8565115
-0.2877895
-1.6513063
0.66080177
-0.45723754
-1.1467979
0.71997845
0.24264383
-0.33616552
-0.18719147
0.10124233
1.1575897
0.60187674
-0.20633386
-1.1814777
-0.06783238
-0.7097894
1.342038
-0.5702178
0.59987223
-1.9430139
-1.4436877
-0.10511064
-0.9373084
-1.3070892
0.14120986
1.8299812
-1.2360781
-0.21798685
-0.8923098
1.7969222
0.25463665
-1.3560107
1.3181777
-0.45713854
-0.08699905
0.74131334
0.4569773
-1.0966763
0.85682607
-0.44614452
1.392734
1.3298141
-0.23323391
-1.8489786
-1.1445205
-0.3890821
-1.6480479
1.844709
-2.00863
0.7564026
-0.4009482
-0.6159518
1.1815888
-1.7028868
-1.1576332
-0.17686202
0.6624451
0.38343453
1.079131
0.33051088
0.8113501
-0.8154493
-1.0059693
-0.63069373
0.12799987
1.4266729
-0.58870244
-1.5901722
0.38986123
-1.2858938
-0.13010827
-1.5628083
-0.3232539
-0.9354384
0.39273015
1.4572105
2.2501104
1.0749066
-1.4305371
-0.20184687
-1.0556227
-0.15090427
-0.7783757
-0.215863
-1.133474
-0.51267546
0.7138831
-0.33482674
0.58351266
-0.49148464
-0.30170652
-1.2943932
0.9164471
1.9902467
-0.139074
-1.4428203
-1.2409316
0.18524928
0.9437574
-1.1490927
0.7844283
-0.017933004
-1.3107176
-1.4108933
0.42900822
-0.6736758
-1.1463796
-1.1101533
-1.0851146
1.9985439
-1.0195363
-1.7837952
0.8464416
0.3862162
1.3186221
0.5699111
-0.63839865
-0.3388541
-1.4513193
1.5619392
-0.6565326
-1.9984035
0.058246393
-0.587318
0.24773097
-0.26969972
1.4936064
-1.4327577
-1.2989174
-1.9953977
-0.2487746
0.23237307
0.29471
-1.2500478
-1.5060041
-1.1984262
0.89928555
-0.9847003
-1.2388027
0.16824561
-0.7598954
-0.13726294
1.8508893
-0.1124591
-0.66643804
-0.058153693
1.8807113
1.3861701
-0.15727957
0.10794197
0.44284824
1.6416106
-0.9541803
-1.0240328
-0.14400527
-0.94457805
1.4814078
-0.07762104
-0.77105993
0.5158844
0.8286841
-1.2568934
-1.4112487
-0.16054814
0.84071094
-0.42151964
1.3936824
0.23566854
-1.7922089
-1.5248299
-1.33587
0.37816617
-0.46144515
1.8865814
-1.3325409
-0.54506934
0.00049905194
-1.1761761
-1.6317143
-1.5797199
0.5120958
0.19569792
-0.96351105
1.2995033
0.23104292
0.7241812
-0.96154594
-0.9626589
-0.9391154
-2.0799966
-0.5308518
-0.33985123
-1.3185639
-1.3369447
0.0029800937
-0.4544696
-1.7762718
-1.2529037
-1.115414
-1.5839572
-0.5927337
-0.73729044
-0.1512785
-0.25670388
-0.71315
1.8551422
-0.027576102
-2.0007563
0.2557716
-1.1414517
0.9159944
-1.5344318
1.3282608
0.27554664
0.8962239
-1.0208385
-1.0451059
-1.6247077
-1.4200568
1.6390454
-1.7498279
0.41931188
-1.7969856
1.5628641
-0.89973116
-1.7041664
1.1557009
-1.899905
0.74698585
-1.7749356
1.734613
-0.2255616
-0.23430511
0.8865204
-0.40116063
1.844728
0.044175558
1.7584085
1.690342
1.9921213
-1.5741098
-1.7485254
0.15979476
-1.6013325
1.6386571
-1.0830363
0.007959192
-0.67646515
-1.6842856
0.8329153
-1.0466008
1.8654114
0.8283171
-1.4510026
-0.25256872
-1.3821425
1.24989
1.1694319
0.02326964
-0.8363844
1.9732378
0.1386999
-0.5807415
0.7440957
1.804276
-1.3250276
-1.6743505
0.17461033
1.469029
0.43528447
1.8568509
-0.4545192
0.036147725
1.3616174
-0.37072986
-0.9424924
0.5832287
1.7369972
0.98452985
0.09997306
-1.6664797
0.42348534
-0.25801954
-1.741812
1.481371
-1.2645465
-0.0012057272
2.0846677
-1.6729876
-1.5256811
-1.592177
-0.0204592
0.04986431
0.5827085
1.6565471
-0.5629271
-0.7041053
0.070690125
-1.0681455
-1.6498563
-1.6164553
-1.6436639
0.9206999
0.1622065
-1.552537
0.91837734
-0.46955657
-1.1057531
-0.044434823
-1.8482196
-1.0807146
-1.9405472
-1.2564825
1.4509969
0.015844373
0.7199367
0.75203574
1.1185668
2.281132
0.9846115
1.9329917
-2.0127566
-0.100104
0.57856715
-0.6019568
-1.0326033
1.2954192
1.1393821
1.0052298
1.2140741
-1.4581474
0.8660844
0.66466945
-0.9430239
0.87469995
-1.6890204
-1.2897987
0.13960429
-1.4612844
1.7085929
0.5117322
-1.0843073
0.23173739
-0.2795736
-1.1700917
-0.13689618
-0.58184206
-1.8857116
-1.5950398
0.0077713393
0.07397002
1.4737492
1.356367
-1.6304407
-0.57687247
-1.2351092
1.5446292
-0.86493087
-1.6114798
0.08520542
-0.31651983
-1.587173
-0.38811108
0.23589589
0.3731665
-0.5702618
1.5984406
-1.7756917
0.16152759
-1.0560312
1.4598587
-1.1884764
1.34364
1.3387347
0.5657449
-1.3604846
1.9858541
0.6741839
2.1521564
-1.5238317
-1.27477
-0.22365588
1.4021573
-0.4255881
-1.4842309
0.0022270698
0.48582846
-1.332431
-1.657094
0.122073
-0.29580164
-1.350803
-1.3710294
-1.668854
-1.8084295
-0.6142309
-0.96445096
1.3556448
-1.2522583
-0.30061743
-0.36420196
-0.02200724
-1.5985144
-1.0495805
0.45310497
1.6283635
1.335145
0.89539444
0.3957352
1.4117173
-0.031682227
0.7894973
-2.1999824
-1.29462
0.81078607
-1.15375
0.99590564
-0.2891511
0.86402065
-1.8461815
-0.7525229
0.8760366
1.1783373
-0.6027768
2.1680386
1.7644945
1.992172
0.4004128
-0.0066682575
1.2899226
0.11684908
-0.09185897
0.60470015
-0.055837482
-0.25163248
1.4234204
-0.6771489
-1.271019
-1.5148575
1.2965142
-0.9814226
-1.792218
-0.00049357116
-1.4355384
-2.0226603
1.1322972
-0.41604033
1.8693337
1.9696363
-0.13564171
-0.2795279
0.45417267
0.8851822
-0.43999574
2.267483
0.8280792
-0.006829075
0.79024667
1.2557292
-2.038337
-1.1599122
0.9303622
-1.1744412
0.20124215
-0.60063326
1.2106961
1.7265102
-1.5519172
-1.6330713
1.2600702
-1.2883813
-0.47379974
0.611397
-0.6353063
-1.3665066
1.6118493
0.1588416
-0.72904104
-1.4653312
-1.3577002
1.7875822
-1.110924
1.5007851
1.7984202
0.80492604
-1.7186428
-0.38606134
-0.84577334
-0.8984034
1.6939104
-1.2844915
-1.5642792
-1.0308758
-0.669924
-1.4147265
-0.9256686
-0.60394865
-2.2208729
0.0055654733
-0.4445213
0.6039247
0.28452396
-1.1823641
0.27446514
-0.9372997
-0.07253164
0.071185276
1.4653947
1.7947991
-1.7731526
0.2107407
-0.47715884
-0.42326224
2.0541365
0.8121562
1.0752476
0.30297413
-1.2507219
-0.9359234
-1.0146834
-1.994158
0.42458358
-0.7855257
1.6193627
-2.0933428
-1.4618539
0.074332684
1.4857085
1.6788237
1.9455466
-0.25978285
0.36781967
-2.2684522
-0.15344387
-1.7714416
-0.14139387
2.008473
-1.6781225
1.8527817
-2.1702816
-0.88449067
2.0724008
-0.62731457
-1.916155
-0.6095601
-1.3859406
-1.0467176
-0.77653587
0.92902166
-1.1312263
2.1527953
2.3221338
-0.062278755
-1.0686396
-0.14219157
-0.67514753
0.32507432
1.7998976
0.6677693
-1.8609544
-1.0419793
-1.1260526
-0.69586915
-1.0000254
1.1351637
-0.23819661
-0.67217964
1.175762
-1.786262
0.50599015
-0.19543627
1.1376476
-1.1732321
-0.14902431
0.658003
1.070956
-1.202272
-0.76416075
-0.888902
-1.5183581
-1.2748439
-1.1250274
-0.6022054
-0.35872847
-1.4807707
-2.0562649
1.8294762
0.075708896
-0.7499774
-1.7185698
0.95920646
-0.5496939
1.0786774
0.12245688
-1.253171
-1.6423373
-1.8311411
2.2431333
0.7650999
1.2693287
-0.50835687
-1.1944877
-1.1303276
-1.1104226
0.61793864
0.8376261
-0.4033884
-0.26080573
1.8269753
-0.41898054
0.07494151
-1.8819036
0.7868756
-0.23340498
-0.8312495
-0.81357455
-1.4518791
0.8109358
0.400788
-1.5484693
-1.2732984
-0.601162
-1.2221935
-1.5067799
0.53127396
2.1977456
-1.3010489
-0.42036298
-1.1256517
-0.6294872
1.5068823
1.1266444
-0.29788902
-0.9755238
-1.8792492
-1.0077293
1.4591024
-0.9182321
-1.0777497
-1.4163026
1.4504315
1.3685327
-0.273863
-0.01769154
-1.1317291
0.9103965
2.06846
1.4224951
-0.6897082
0.13897566
-0.15658483
-1.5708588
-0.5276987
1.5476028
-0.50983113
-0.024467077
0.7710241
1.6541798
-0.27133194
1.7142074
-1.7467996
-0.8399547
-0.5784923
1.7093307
-0.035428602
-0.5151726
-0.17377727
0.47148758
-0.30199477
-1.2031494
-0.30536902
-0.50606966
-0.18537901
-1.2457985
1.1723702
-1.6316968
-1.2733463
0.1104438
-0.14042881
1.6028221
0.2703805
-1.6158695
1.8139923
-1.3425499
1.833106
-0.90302896
-1.4670728
0.77352047
-1.6819897
-0.03673132
-1.1954476
-0.75627697
1.9729373
-1.9171897
0.62250495
-0.059127264
0.7512744
0.9697603
-0.040032614
0.7582663
-0.5228781
-1.5538428
1.0683697
-1.232147
-1.2568332
-0.31909162
-1.0430042
-1.4225489
-1.1673294
0.6956216
1.5730443
0.54048073
-0.2459569
-1.9918596
0.9441724
0.42023495
-0.14497523
-0.8927123
0.39880058
-1.9370397
-0.57848066
-1.1525161
-1.7642971
1.3582733
-0.54937315
-0.042190086
1.0761837
1.6321481
0.25313184
0.9393778
-1.0308129
1.0642903
-0.08024271
1.6042807
1.3446828
-0.18165891
0.3541346
-0.015721524
1.2030426
-0.34699488
-1.3420595
-1.547445
0.21309996
1.4551907
1.2253692
-0.303823
-1.9956241
-0.726889
-0.102511674
-0.35765314
0.9478388
0.010663173
0.4609835
-1.9849054
-0.52754986
-1.5893605
0.45143086
-1.1841512
-0.83110905
0.33731103
-0.6941395
-0.43167362
-0.6226794
-0.1987875
0.47027785
-1.0982593
1.7153766
-0.34575725
-0.99815184
-0.9700914
-0.17871413
2.062325
0.89828455
-0.35075536
-1.3670473
-0.21433246
-1.328453
0.8740941
0.5976585
2.1805325
1.8881785
-0.24506237
1.8263907
-1.4386317
-0.24604197
-1.7852259
-1.1713357
1.5983591
0.48978347
-0.3936191
1.960285
1.9962828
0.957714
1.5677463
-0.0018150052
-0.48908818
-1.6393813
-1.4136783
2.1310325
0.05217402
2.3003774
-0.31183392
-0.7234836
-0.5243976
0.6189774
-0.5023837
-0.7861058
-1.8523238
2.0159516
0.66998994
0.034815516
1.9269464
0.18136723
0.67097294
0.76874197
1.6278927
-1.4197962
0.26225135
0.9338323
-0.9186454
-0.06365078
-0.0448297
-1.553335
0.66050285
-1.3803191
0.5901601
-0.3009823
-0.04759987
0.05579985
-1.3139772
1.5762893
-1.0841258
1.1782776
0.17745656
-1.438836
0.5329366
-0.45130998
-0.91702586
0.030744946
-1.4272983
1.3196672
1.8596
2.02364
-0.21537867
1.4747379
-1.570626
-0.8730093
-1.0019696
-1.7991322
-1.166219
0.08894764
0.002062677
0.18279277
1.0076184
-1.0575924
0.5846366
