0.03046904
-0.21298862
-0.075284
0.12140246
-0.00014148689
0.024979718
0.8043413
0.15530978
0.21889606
0.036275927
0.023217088
-0.47597688
0.034525927
-0.011457419
-0.095173255
0.122023776
0.011164397
-0.7329861
0.011185575
0.044396434
-0.1630607
-0.011076981
0.016139755
0.02715816
-0.020700188
-0.41464004
-0.041825496
0.2200181
0.0018644617
-0.029684065
0.14995188
-0.16425033
-0.010108463
-0.35644987
-0.33272076
0.10550266
0.036879007
0.13039392
0.0062506725
-0.08291517
-0.08454635
-0.027841654
-0.014464651
0.027712204
-0.74032396
-0.009292599
0.00037407278
-0.04277037
-0.0117374305
-0.52165943
0.020205246
0.06061617
0.09927517
-0.30080765
-0.00721733
-0.13853118
-0.072250575
0.0014701921
-0.02169618
-0.11607002
0.030698773
-0.004903503
-0.0038636066
0.014559461
0.041957088
-0.019249776
0.0003036
0.11572037
-0.6053592
0.0067566833
-0.0007652057
-1.2419792
0.005494186
0.7848128
-0.014813566
0.19530569
0.028105311
-0.18525401
0.08100126
0.19969106
-0.003019173
0.024086466
-0.051594026
0.1212041
0.020630594
0.0015557157
-0.025790831
-0.0061955834
0.06588906
0.022926161
0.03245559
-0.13663001
0.03747168
0.03832735
-0.9156766
0.22734277
0.022943364
0.003589047
-0.02472363
-0.042225085
-0.0016378645
0.005717118
0.09654694
-0.0059955013
0.05624133
0.01791632
-0.07239333
-0.00013117059
-0.06634234
-0.42236853
0.0052109216
-0.11873123
0.019694239
-0.043343868
0.008208135
0.056595754
0.044797856
-0.012133883
0.003704927
0.09258947
-0.07636727
0.0065862336
-0.10730095
-0.0707875
-0.35920808
0.040462073
0.028328672
-0.65790635
0.023991056
-0.06154866
-0.02519901
-0.35862467
-0.054224655
0.026411103
-0.02161272
-0.042728517
-0.0027402097
-0.36619824
-0.23063299
0.21565883
0.007437864
0.005022969
-0.023649871
0.010156586
0.033421412
0.038126577
-0.004571904
0.051664613
0.08172394
0.040090457
-0.0015411319
-0.022430731
0.7958777
0.0123656485
0.027177164
0.20895061
0.3173874
-0.38566375
-0.03614034
2.1470407e-05
0.12843293
-0.00411938
-0.005824429
0.026426336
0.15690643
-0.044388592
-0.004913601
-0.5658494
-0.031167908
-0.085376635
-0.114545576
0.13334434
0.16993816
0.043417405
-0.014947593
-0.025083292
-0.1588904
0.00974174
0.17743346
0.007898232
0.030698385
-0.6102236
0.0016423833
0.1389102
0.12694968
-0.34152758
-0.1501689
-0.045547612
0.04529449
-0.043932248
0.0020547267
-0.12325802
-0.0043577803
-0.13721702
0.0003807469
0.014673139
-0.028473519
0.0035849854
0.033475626
0.008367654
-0.06472501
0.3706162
0.005325488
-0.15978162
0.0017735435
0.042020272
-0.15434006
0.26100868
-0.37096015
0.09242911
0.06044862
-0.028412137
-0.00039630407
0.023701698
-0.9160379
0.030105095
0.022376189
-0.0059991837
0.050850887
-0.008330543
0.09883036
-0.10440337
0.012254453
-1.1256018
0.04012234
0.0010610827
-0.0016191651
-0.09200604
-0.06646621
0.023455044
0.013853248
-0.04587006
-0.79243934
0.11162511
0.0058786804
0.10970513
0.054669593
0.0530502
0.08249822
0.30630127
0.11692918
-0.045571487
0.06287325
1.388161e-06
-0.041136768
-0.051419612
-0.0825307
0.00058722467
0.06700628
0.0014981725
-0.02678523
0.053852823
0.009585482
0.00059305684
-0.41719654
0.31498095
0.184318
-0.13690947
0.45212767
0.027995195
-0.0050933515
0.07223804
-0.08529792
-0.0044930615
-0.0035746002
0.02211013
-0.026233414
-0.059270635
-0.031597823
-0.04076474
0.016638149
-0.87220085
-0.18524349
-0.049069226
0.0077324896
-0.050792083
0.464743
0.009834656
-0.66376644
0.3237127
0.02540506
-0.16409789
0.14767045
-0.010457641
0.08142578
0.021926917
-0.07906069
0.010723126
0.050692044
-0.053256012
-0.038476054
0.07719224
-0.030713612
-0.026434503
0.047335744
-0.031426564
0.0106236935
0.24464497
-0.0098623345
-0.035656214
-0.010910503
0.0046026385
-0.05276453
0.0014895033
-0.0036430305
0.00082236703
0.01838808
0.023341304
0.0011119186
0.1918909
0.05712734
-0.020492544
0.08231753
-0.017438928
-0.06566966
0.034594882
0.017011788
-0.24320088
0.020739058
0.036082473
0.045662887
-0.5505601
-0.01414838
0.02116611
-0.035131767
0.1409163
-0.0126915015
-0.39971697
-0.31111723
-0.0894622
0.0468625
-0.040643893
-0.026671471
-0.08016605
-0.021967655
-0.5345382
-0.08324968
-0.013200786
0.00036039285
0.020454407
-0.055453986
-0.001651915
0.019639585
-0.034623966
-0.018095016
0.007285124
0.05498765
0.0058168434
-0.005156296
-0.0068213874
-0.101362
0.012828119
-0.20727408
0.025908148
0.015777322
-0.123651095
0.040151134
-0.011245981
0.010503618
-0.0453047
-0.45928544
0.103280686
-1.0373944
-0.37510347
0.00029061871
0.11441327
-0.0004500828
0.007604976
0.008129462
-1.3244675e-05
-0.26403445
-0.03602116
-0.018416148
-0.026570478
0.07593877
0.0581824
0.028749462
0.06031949
0.023317037
0.009460338
-0.20330921
0.09908483
-0.02168599
0.012462917
-0.28077325
1.0727504
1.7065082e-05
-0.021733286
-0.051544264
0.031185858
-0.10825872
0.2147179
0.019634556
0.0063765855
-0.018452745
-0.22849791
-0.17852972
-0.035813406
0.010213471
-0.06533711
0.08236916
-0.22610891
-0.055814266
-0.029959876
-0.007715786
-0.0028291426
0.07326702
0.37848204
-0.3588026
-1.0549972
-0.24306749
0.013496217
0.11923456
0.79520637
-0.031994455
-0.8083853
-0.00019290963
-0.016876146
-0.038672786
-1.2175554
-0.0130956555
-0.03682528
0.004967898
-0.011557322
-0.05299078
0.035013016
-0.07878077
-0.006016953
-0.0003786129
-0.036861517
0.105819754
0.1995864
-0.023098104
0.019102719
0.13505311
0.07620729
-0.038163707
-0.027067162
0.036667977
-0.32045066
-0.0624255
0.050119966
-0.022040922
-0.17518984
0.15951689
-0.0035490086
0.25191143
-0.48677623
-0.01982584
-0.0019982515
-0.0029030377
0.027883273
0.03456691
0.10647156
-0.16298093
-0.059423447
0.22247703
-0.5957495
-0.005223519
-0.00028622572
-0.0075179567
0.10674409
-0.5975719
0.00223701
0.13172166
0.018255835
-0.07217998
-0.8406366
0.022561224
0.008946965
0.03097615
0.033452377
-0.07134022
-0.366264
0.014241747
0.026061991
-0.016684681
-0.04203751
0.011531328
-0.5931733
0.090501495
0.008336785
-0.009975498
-0.0628443
-0.11544578
0.16614948
0.012930057
0.00081128743
0.037903517
0.63436884
0.033941485
0.012994895
0.095573366
-0.012642523
-0.02173458
-0.039518945
-0.14447717
0.04371998
-0.09962757
0.011688675
-0.05041716
-0.015769215
0.012925086
0.1781135
0.017716926
0.00074225396
0.029341757
0.0007116705
-0.016744334
-0.061270382
0.056365877
-0.01338465
-0.039415002
-0.022480823
-1.03841
-0.24799272
0.065348335
0.03300585
0.027997198
0.037989788
-0.20777616
0.48757905
-0.09083247
-0.07771993
0.014782773
-0.043414056
0.009485777
-0.026042787
-0.00042757636
-0.005729901
-0.031986948
0.0030822866
-0.07545134
0.2798483
-0.033896733
-0.07067008
0.016775519
0.0021155004
-0.0149387
-0.0015026364
-1.1585002
-0.03717047
-0.14493152
-0.0025781787
-0.010869886
0.28015244
-0.07576578
0.5400745
-0.018763475
0.027554091
-0.07726485
0.09879487
-0.004874991
0.056726
0.08151358
0.0062804017
0.0121837305
0.09887978
0.09930156
0.039752346
0.26072612
-0.033130236
1.4380711
0.17471702
-0.12449936
0.04117959
0.19799905
-0.046333365
-0.02883688
0.08781995
-0.016036654
0.29388404
-0.05008527
-0.17828612
-0.014579222
-0.1199707
0.043629795
-0.043572556
0.42025185
0.023343803
0.028919471
0.0031532696
-0.00016290435
-0.059565313
0.046380244
-0.14339271
0.55072975
-0.9231372
0.028374325
0.028603848
0.005956645
0.29127744
0.004172221
-0.013498989
-0.08954632
-0.92899525
-0.12266857
0.01010333
0.71837574
-0.038053796
-0.3210472
0.015157826
0.012210222
-0.01318161
0.08703567
0.06366597
-0.027655257
-0.077727504
0.0013840223
0.22970445
0.0064006317
0.060260754
0.095469825
0.06416825
-0.041672517
-0.013960876
0.044607088
0.010110217
0.7273983
0.046850402
-0.18820608
-0.00058750453
-1.036867
0.11441853
-0.034587886
0.003113912
0.0006800271
-0.0003068775
0.4254493
-0.0021474038
-0.061647665
0.002809903
-0.5090976
-0.022214184
-0.0074195024
-1.2340832
0.043042123
0.056820873
0.22386602
0.71599925
-0.13692129
0.231885
0.363805
-0.0461812
0.008425546
0.009468397
-0.89234287
-0.39783522
-0.4007742
-0.032603677
0.0032137125
0.02585573
0.0014286016
0.14237967
-0.66684777
-0.006639412
-0.58126116
0.00035983097
0.044580415
-0.06309296
-0.109159686
0.0038348844
-0.0006852066
-0.4194355
-0.018122936
-0.0039259302
0.09609409
-0.12606367
-0.8371833
-0.40537694
-0.006413436
-0.019641662
0.0033029108
-0.070637695
0.027646009
0.26268113
0.010912089
-0.004250099
0.0039261268
-0.122064106
-0.66837466
-0.37237588
-0.64079946
-0.0450295
-0.002773037
-0.03950049
0.0015447828
0.30904895
0.17082648
0.0006259517
0.05978905
-0.00833531
-0.3523334
0.03146437
0.025910893
-0.16537268
-0.00081387843
-0.5770767
-0.05549176
0.0094998535
0.37339014
-0.6503021
0.09543508
-0.018073313
-0.004353371
-0.19814079
0.56296515
0.0007523541
0.04312699
0.39696282
-0.11064
-0.0853573
0.09414018
-0.028737407
0.0007004489
-0.041179165
0.004019062
-0.83368474
0.0371412
0.15254095
0.005126307
-0.041198313
0.0016131221
-0.006235192
0.052714124
0.047525305
0.0025884788
-0.1258157
-0.023677176
-0.040170014
-0.008746508
0.016705995
-0.0020319193
-0.0195242
0.01612465
0.009829099
0.068695076
0.3477513
-0.032729503
-0.00022747605
-0.101080865
0.03263737
-0.09247087
0.11691415
0.028802948
0.008835486
0.12707838
-4.607778e-06
-0.12991396
-0.5900889
0.07276616
-0.055146854
-0.027202217
0.030218622
0.00034114238
0.19508207
0.020490356
-0.030687913
0.00017136811
-0.047109373
-0.02352314
0.07307428
-0.26452848
-0.061628267
-0.049556714
-0.05737802
0.53933585
0.100786366
0.08257948
0.26026314
-0.029323272
-0.015681632
0.05914362
0.0392494
0.061106883
0.07282518
0.050334323
-0.89824474
-0.22603834
0.07448842
0.6083295
0.60875386
-0.0035600194
-0.16648057
-0.028458143
0.045992587
-0.32675597
-0.28423846
-0.02299676
0.0014707638
-0.037326977
0.00011995247
0.03157623
0.28640077
0.05426599
0.25441548
-0.37016317
0.0038928452
-0.12694365
-0.019490596
-0.95600146
0.15876622
-0.02567616
0.08787864
-0.13283235
-0.020498335
0.06802275
-0.037623428
0.00830228
-0.15018226
-0.46771142
0.0045568976
0.059224237
0.014712209
-0.018664004
0.0011292769
-0.00088533905
0.01762275
-0.025815487
-0.089776106
0.1121289
-0.1179654
0.058587585
-0.016644586
-0.00049393764
0.019538432
0.029013945
-0.011699359
-0.015047443
0.0011590878
0.1582825
0.013498038
-0.13863055
-0.6602799
0.09189619
1.5360956
0.14144053
0.039172016
0.11456142
0.058722347
0.14647323
0.010887776
0.3982094
-0.004150548
0.06262087
0.044538222
-0.0030434697
0.017891614
0.040715694
0.055971652
-1.1174028
-0.03056147
0.06557407
-0.14570536
-0.15518211
-0.08389939
0.060068626
0.10529627
0.034614347
-0.03299135
0.00034184763
-0.54843825
0.049810767
-0.16943781
-0.05614409
-0.020223705
0.011554562
0.33903176
-0.15219003
-0.54348004
-0.009092012
-0.9707781
0.017979724
-0.19910806
-0.6024028
-0.0011227968
-0.41679907
-0.038144052
-0.06886564
0.19230598
0.017582374
0.021909231
0.041501086
0.012376747
0.416912
0.23487316
0.05500749
0.6095002
0.0017267877
-0.18675266
0.0010366915
-0.26426053
-0.394492
-0.0034622482
0.0021332393
0.46376917
-0.045350157
0.0021059718
0.06345032
-0.045183618
0.3665014
0.11949572
0.00097340235
0.022640303
0.29491967
-0.00043133443
-0.16757521
0.14235616
-0.21166044
-0.1423035
-0.3054754
0.0
-0.19617791
0.34423527
-0.39169633
-0.04876297
-0.0013185345
0.054008383
-0.44402677
-0.28515035
-0.009487186
0.008992578
0.09221119
-0.30596495
0.03428794
-0.028204963
-0.08272088
0.0052719354
0.013284101
0.22219561
-0.023891693
0.058725078
-0.04756588
-0.020049583
-0.0068018455
0.03717229
-1.0453422
-0.0738745
-0.025685161
-0.009412359
0.07383747
-0.3916441
0.0067787254
0.14020392
-0.010772806
0.009269778
0.032970104
0.011616643
-0.24660817
-0.11165665
-0.045327894
-1.2967241
0.08062507
0.12285346
-0.0035827637
-0.011467359
0.057704438
-0.035178497
0.35183677
0.9132563
0.038668048
-0.05704777
-0.0006137461
-1.0707211
0.08376951
-0.04546665
0.034949806
-0.34511873
0.0033754713
0.02892314
-0.00493026
-0.07184632
0.011994099
0.002792254
0.0733052
0.30442616
0.2309255
-0.19359578
0.16737187
-0.04599887
-0.014338739
0.113919236
0.022719773
0.03413134
0.002679472
-0.00786022
-0.13019693
-0.0012646264
-0.059043765
0.019384477
-0.004468078
0.87598264
0.10181612
0.26691028
0.027899032
-0.0035449944
0.0015509706
0.008439543
-0.018940464
-0.014344171
0.026691716
-0.27733982
-0.21817733
0.007445559
0.0023626664
-0.21385986
0.10755034
-0.02344062
0.0895218
-0.03490238
-0.5190175
-0.038104255
0.3039409
9.485278e-05
0.05993419
-0.061209362
-0.071208976
0.36698183
-0.011358829
-0.058686048
-0.015725777
0.0006777081
0.10854041
-0.10907794
-0.061430153
0.0472272
-0.007247603
0.0078745205
-0.16548234
0.001270575
0.03974785
0.053110395
-0.27679977
-2.0099546e-06
-0.00643787
-0.02179052
-0.06271663
-0.02948871
0.0043073716
-0.079990715
-0.6122909
0.010527868
-0.0068426817
-0.0025659725
-0.008674344
-0.008013659
-0.00353192
-0.46187478
-0.061182126
-0.62760115
0.8745053
-0.11509273
-0.07881031
5.478821e-05
-0.05633937
0.07437603
0.036267113
0.013514158
-0.046435606
-0.37590054
-0.043950953
-0.18782648
0.23012337
-0.62518835
0.004570826
-0.0048495815
-0.019208327
-0.048151918
0.07917276
0.089118674
-0.031361766
0.21239072
0.087452866
-0.0028705068
0.010902513
-0.11564226
0.0355896
0.066694476
6.757321e-05
-0.05426878
-0.003949369
0.01874927
0.09343546
-0.437502
-0.60031146
-0.19792861
0.20111205
0.0037685705
-0.85199946
-0.024602618
0.06490576
0.03330692
-0.009233132
-0.1165397
0.6009529
0.0014963688
-0.057112563
-0.08332076
0.0020992989
0.013446261
-0.68522155
0.01774497
-0.026186235
-5.478885e-05
0.00219373
-0.5241487
-0.11025356
-0.29314396
-0.01975077
0.2509317
-0.11920319
0.0004947621
-0.010305385
-0.010720206
0.0669945
0.13310054
0.106683895
0.25289562
0.44445676
-0.77498084
-0.12438032
-5.633096e-05
0.0036935557
0.05212534
-0.05361822
-0.021972531
0.044986594
0.0636466
-0.112615936
-0.11104409
0.0759772
-1.005979
0.06283903
0.0154826185
-0.03267246
0.03425268
0.023573231
-0.0001014196
0.16909322
-0.010069631
-0.033612166
0.06082371
-0.09327678
-0.06276578
-0.0045235115
0.009497906
0.38349357
0.0021569994
0.029390879
-0.032909065
0.009148053
0.014590023
-0.08262976
0.0033245448
0.032756776
0.44681966
-0.26863256
-0.035590705
0.29926437
-0.13170964
-0.058117278
0.3510976
0.010639952
-0.024211127
0.08617076
0.18340455
0.008346538
0.116682
0.0021595396
0.23634799
0.017603837
0.30083635
-0.025731489
-0.40996683
-0.10099347
0.22874624
-0.033162117
-0.01470602
-0.092034906
0.3584368
-0.0027152784
0.0007734999
-0.041267682
-0.0011590668
-0.032514773
-0.1443761
0.038711317
0.031222261
0.022949448
0.039466303
0.0070775026
0.051949218
0.14112224
-0.16203909
0.10396472
0.031523105
-0.041759923
0.07699562
0.0040949173
0.060517855
0.0024590527
0.0004049912
-0.09326447
-0.111182876
0.02959397
0.046335943
-0.7636303
-0.033739477
0.11063187
0.10901867
-0.033337485
0.030873783
-0.500211
-0.08441099
0.06474388
-0.0018947754
0.03340777
0.21616317
-0.032201916
0.100897126
-1.1696086e-05
-0.2602885
-0.008342139
-0.051257182
0.019113021
-0.03377127
0.026845356
-0.02574866
0.00086325896
-0.29980287
-0.3576531
-0.35675716
-0.21269089
-0.014897895
0.055605497
-0.06671164
-0.002061228
-0.00057471474
-0.04067928
0.15734062
0.019619633
0.0058470513
-0.90989053
-0.20355128
0.06931715
-0.023100525
-0.010652584
0.042988557
0.023994239
-0.032898057
0.12764965
0.47142446
-0.007594682
0.26790082
-0.13913162
-0.03973682
-0.02393117
0.120927624
-0.008983022
0.008072081
-0.79673237
0.0016235292
0.009878923
-0.04000656
0.0034649582
0.021148568
0.009966552
0.06610562
-0.0006024999
-0.0455259
1.2552239
-0.15704845
0.017363993
0.2071478
-0.14900276
-0.028677855
0.03964537
-0.35054147
0.009649434
0.030788235
-0.69986844
-0.08180198
0.017939147
0.05725902
-0.061990775
-0.03880254
0.023182046
0.0149295665
-0.12617663
0.005703918
-0.47242513
0.0008427467
-0.13415706
-0.05474474
-0.021689078
0.1959817
0.004107004
-0.10382364
0.044150542
0.10195561
-0.1920187
0.0845653
-0.020994877
-0.28383845
0.0005638491
0.005305631
-0.030430656
0.5327341
0.064355664
-0.622404
0.028092263
-0.030872952
-0.09032993
-0.10465993
-0.0148867695
-0.06393139
-0.018705713
0.11317498
-0.35654387
-0.058313143
0.024764461
0.1628441
-0.06958313
-0.16124158
0.044083495
-0.07520789
0.001347185
-0.8877654
0.25773993
-0.025852978
-5.1760566e-05
0.038122404
0.02486473
0.0001339053
-0.2279498
0.2086552
-0.17300895
-0.68236226
0.04568235
0.0047294763
0.05479601
0.01910449
0.026849203
-0.12002887
-0.003593335
-0.037511136
-0.15169072
-0.14210694
-0.0037958103
-0.26505154
0.06536124
0.35694626
0.07052726
-0.001549428
-0.017219577
0.027170781
0.2979084
0.45732033
-0.33125567
0.013547549
-0.04757684
0.060763534
0.0148484595
0.008055481
-0.0014249333
0.016501829
-0.055591155
0.17462663
0.079930566
-0.027294185
0.018278718
-0.3288426
-0.12653294
0.118485846
-0.019641664
-0.07832688
3.318229e-05
-0.07284913
-1.0511364e-05
-0.043196116
0.12735282
-0.017583787
0.16498959
-0.0001755242
0.4596675
-0.009100926
0.12801927
-0.013717074
-0.0763007
-0.36126575
-0.24560569
0.23773499
0.0026953951
-0.08259041
0.24019003
-0.19309837
0.16045651
-0.05506053
-0.033146672
0.009604485
0.03571661
-0.0060957465
0.08675197
0.0065388517
-0.33401364
-0.173493
-0.04315066
0.010949758
0.0023160938
-0.035807233
-0.026305934
0.03308738
0.048118774
-0.022042805
0.35990214
0.09414671
0.2651951
0.068863496
0.33832118
0.019110246
-0.05074408
0.03510105
0.019631745
-0.0045579006
0.033342574
-0.029148493
-0.009773726
-0.07450653
0.00033288394
-0.12646692
0.0023936648
-0.36188903
0.015702747
-0.0015555533
-0.006832119
0.040586427
0.049491085
-0.038248587
3.648047e-05
-0.026432639
0.047702134
-0.363072
-0.013774462
0.0163624
-0.6317997
0.08180826
0.38219327
-0.02075072
0.015415982
0.0037137005
-0.03230392
-0.02344593
0.04121938
-0.03413113
-0.05246535
-0.03676266
0.0006433339
-0.0013294466
-0.48080873
0.054256734
-0.08755268
-0.054545358
-0.0070939353
0.08506702
0.49244884
-0.44971448
-0.057322323
-0.010725954
0.00044004008
-0.002632993
-0.44864646
-0.011360657
0.004536202
-0.23940822
0.07711746
-0.055530097
-0.077281825
0.3009063
-0.059003558
0.024867494
-0.1334307
-0.12242597
0.09788508
0.0051746992
0.0136348
-0.07317928
0.10268746
-0.0137401065
0.021556722
0.4873892
-0.012908131
-0.031221544
0.3483184
0.08010042
-0.00966427
-0.04270332
-0.18473838
0.046687435
0.14436565
0.8759676
-0.018457148
0.004272742
0.06428458
0.048776668
-0.028157325
-0.28460807
0.077193245
0.010862699
0.0333085
-0.017933084
0.03079799
0.16180217
0.2719066
-0.19278777
-0.028350642
-0.031695485
-0.0010628448
1.9246053
-0.026088912
0.050246358
5.836197e-05
-0.0115698
0.0025904072
-0.017586349
0.25061488
-0.018665984
-0.093847096
-0.07625382
0.021361658
0.010946607
0.112914875
-0.00014706865
-0.19870332
-0.024703834
0.08443362
0.04045594
-0.11595833
0.19508518
-0.00044894745
-0.054303955
0.32978535
-0.03750888
0.06301727
-0.02764035
-0.035140816
0.045584753
-0.0040356033
-0.31305474
-0.06797599
-0.09634667
0.012217094
0.0042039827
-0.02476641
0.0836485
-0.3684077
-0.042656206
-0.0418973
-0.60746235
-0.022169933
0.0050593
0.042998012
-0.22673911
-0.036847893
0.005069221
0.14679284
-0.662601
-0.08961922
0.0032176843
-0.008997667
-0.012803527
-0.023951488
-0.045712158
-0.029904094
-0.09966352
-0.1571146
-0.028992852
-0.0126880165
0.024812484
-0.025441207
0.029560424
0.09837358
0.015598388
0.22341321
-0.044484526
-0.0059636496
-0.40423536
0.029289288
-0.06259982
0.29143777
-0.0008849304
0.19109617
-4.1666037e-05
-0.053195737
-0.6913442
0.027111541
0.086791284
0.24044618
-0.61090964
-0.07292806
0.06641177
0.039044313
-0.07915148
-0.02446351
0.13605385
0.07504034
0.023200357
-0.0929972
-0.16488573
0.056541145
0.039303347
0.023891391
0.017111665
-0.34069982
-0.003100394
-0.24180406
0.063666746
0.022475254
0.030699417
0.018223718
0.026412135
-0.03836155
-0.065778986
-0.029147753
0.009019843
-0.023232749
0.202746
0.028088978
0.014230786
0.024614893
0.22019403
-0.006064892
0.103331245
-0.035628565
0.006877167
0.001465134
-0.08064181
0.021935126
0.09118142
-0.012755471
-0.15739986
-0.057278667
0.13933708
0.049972888
-0.023209687
0.003950984
0.00040272807
-0.100823596
0.11693685
-0.02856045
0.0072623007
0.1281155
0.0014675187
-0.58952695
-0.08254192
-0.016328659
-0.0069062123
-0.00687913
0.10630797
0.037478115
-1.2166381
0.00055824796
0.24592231
0.06569423
0.059089232
-0.19382617
-0.018079508
-0.0032919806
-0.015579707
0.0001397151
0.0067566503
0.02996923
-0.077662505
0.05510692
0.021064904
-0.5014884
-0.8849675
0.0053187143
1.0530019
-0.0036504448
-0.011195986
0.0006905442
-0.71960855
0.00093497266
-0.1958525
0.023081057
-0.0007733177
0.071576014
-0.10885443
-0.04522695
0.02189392
0.014928531
0.07108719
0.01778615
-0.035482664
-0.10309653
-7.1014324e-06
-0.05975785
-0.02214586
-0.49865377
0.02848091
-0.113082394
-0.72232914
-0.29069483
-0.030241305
0.0014134351
-0.23950402
-0.1884814
-0.44670168
-0.0015350991
0.10594114
-0.045151055
-0.099093154
-0.15200797
0.17504825
-0.027371857
0.0011613691
-0.033792466
1.5593114e-05
0.52462125
-0.011195621
0.008537086
-0.56340003
0.0030547653
0.069667414
0.039561085
0.008785791
-0.049650803
-0.04072058
-0.013347537
-0.007194226
0.0073109213
-0.024181476
-0.038665175
0.004527924
-0.05118978
-0.003537961
-0.39059412
0.013390933
-0.032035813
0.18659556
0.075033695
0.056850675
-0.0026074825
-0.13350236
-0.018526739
-0.5826827
-0.006224066
0.0027995533
-0.61881876
-0.54554164
-0.02484286
0.037881564
0.013846328
0.0026169263
-0.006451397
-0.026908433
0.0025062284
0.003412574
0.032992497
0.31348234
0.27421606
0.013993919
-0.36606437
-0.16274035
-0.0036992037
-0.007029002
-0.0004615924
0.0063325698
0.02233462
-0.08857359
0.0663843
-0.6686531
-0.024894303
0.124234356
0.009917672
-0.012581273
0.80578184
-0.0014052709
0.8686864
-0.0007327099
-0.09066114
-0.2510534
0.043458734
-0.39821061
0.124517135
-0.05249565
0.9035771
0.045039818
-0.6036794
-0.64831007
0.09367651
0.042057805
0.025126291
0.012791838
-0.014796232
0.028761528
-0.06329641
-0.021270119
-0.18971612
-0.06202943
-0.0012030946
0.2806675
-0.05346852
-0.020456025
-0.2429111
-0.084000185
1.1095062
-0.23301947
-0.023142373
-0.31464568
0.0013600498
-0.6476871
-0.07892717
-0.009616129
-0.043170303
0.07514996
0.12674884
-0.025837924
-0.06041177
0.0038104844
0.032214276
0.082278855
0.045157358
-0.037008967
-0.012827859
-0.012084856
-0.050600935
3.239141e-05
-0.30742648
-0.02184294
0.00037460792
-0.022573268
0.006188235
-0.10023787
-0.005191934
-0.0027162135
1.0428604
-0.0376878
-0.057330962
0.05056214
-0.5572365
0.23518354
0.009786269
-0.0017808898
0.007608023
0.012169099
-0.573433
0.12045199
-0.2864528
0.1434209
-0.027536815
0.03739883
-0.32382578
-0.004227101
0.012618015
-0.31585264
-0.039913893
-0.33014512
0.08708841
0.23239157
0.037343144
0.049403343
0.05623858
-0.025984483
-0.00020924839
0.0069100396
-0.0018273407
0.033251557
-0.35772803
-0.1252586
-0.024670219
0.038968474
0.1864775
-0.5615428
-0.008627323
0.16239768
-0.032794505
0.13380769
-0.0019233807
-0.032220867
0.054058626
-0.11857344
-0.5629223
0.15964168
0.04910891
0.0015083428
-0.025993068
0.5838851
-0.024873387
0.060237728
0.04957551
-0.015829673
0.0068689315
-0.028816136
-0.13826615
-0.027854824
0.01961403
0.060635526
0.0012447644
-0.3789378
0.06752019
-0.014905204
-0.027414247
-0.0376792
0.06640561
-0.04848721
-0.044754673
-0.030987766
-0.030017143
0.019721156
0.018542107
0.03483443
-0.0006813469
0.08811412
0.05254926
-0.05631093
0.03450165
0.011775336
-0.005266171
0.054249015
-0.005635746
0.08756401
-0.8804103
0.058832306
0.05292837
-0.09099405
-0.6267094
-0.043632656
0.21168742
0.04188796
-0.2063265
-0.014684709
0.027575346
-0.10486385
0.10309857
-0.0052065277
-0.020893779
-0.0015329331
2.983433e-05
0.40165597
0.0
-0.0014805589
-0.20160815
-0.3060257
0.035161015
0.043570213
-0.003434696
-0.0034879714
-0.0048179165
0.014230118
0.01058453
1.0725002
0.00014887493
2.023407e-05
-1.4694326e-14
0.32370985
0.23719296
0.13080278
0.20464619
0.018604636
0.017582756
0.46871448
-0.3873525
-0.15648109
-0.10369591
-0.43520546
-0.018220443
0.03445721
0.008402381
-0.05886542
0.00041967782
0.08488721
-0.00019746994
-0.61387205
0.09397674
0.13418089
-0.020171428
-0.24987707
-0.0015874179
0.018966971
0.2628901
0.020038057
0.0027094088
0.234863
0.049805883
-0.5007237
-0.3140819
0.0009679991
0.15659253
-0.3030088
0.0055663716
0.017051863
-0.562142
1.9452502e-05
-0.032957014
0.048786074
-0.001119854
-0.10333058
0.07213116
-0.78853047
-0.00025357667
-0.037502885
0.05074523
-0.26605996
0.09624281
-0.000102802405
-0.34110892
-0.014400136
-0.80408627
0.00010696835
-0.08405872
0.008904608
-0.00018019162
0.090641424
-0.014610201
-0.02614842
0.03288216
0.6328473
-0.9064901
-0.0035409504
0.0060696676
-0.05757029
-0.015452279
-0.0030808956
0.020392902
-0.35941944
-0.0043940754
-0.85314643
0.002763495
-0.02190661
0.004249
-0.03735632
0.038438566
-0.09261776
-0.11757158
-0.12859286
0.2227158
0.04635125
0.005470935
0.0008208632
-0.13585672
0.26587263
-0.037407547
0.17320022
-0.15249
0.029405579
0.030121949
-0.1175412
0.037400097
0.016888186
-0.00010592863
0.15382063
-0.03260218
-0.013496814
-0.48811162
0.030723518
0.09171141
-0.15422438
0.0063916296
0.0035635496
0.0046260594
-0.11832436
-0.021562977
-0.029425832
0.057326663
0.0017774932
-0.9558115
-0.16251762
-0.024198655
-0.0809589
0.09830731
-0.5869035
-0.12217998
-0.19034326
-0.09848234
-0.074531555
0.047549352
0.029314848
0.0023230647
0.023371102
0.026883485
-1.0728614
-0.9852396
0.20648193
0.2018678
0.007545108
0.005945206
0.263842
-0.012220737
0.06266857
0.01993631
0.118514955
0.041446615
-0.09357716
0.0021828497
0.0041295346
0.03063174
0.06388068
-0.15155956
1.1658947
0.0014739068
-0.050841235
-0.006791968
-0.00023730357
0.3639599
0.0076438594
-0.05063171
0.013815196
-0.009562352
0.040675808
-0.024339827
0.03037083
-0.058775526
0.06558771
-0.00664279
0.049871743
0.010337507
0.007635389
0.061252378
0.0008700878
0.21104763
-0.0034352127
-0.2546851
-0.019122832
0.0051672305
-1.1724283
0.0008314289
0.019314513
0.69784683
-0.025970317
0.45161068
-0.007706565
0.04798941
0.10970359
-0.008947995
0.14361393
-0.28954145
0.19908515
-0.0027144982
-0.022099646
0.029329011
0.025875706
0.3135474
-0.5063494
0.0123097515
0.0858176
0.04756166
-0.050911486
-0.014939556
0.073429935
-0.03373765
0.032469872
0.043369077
0.012753105
-0.03820844
0.23266847
-0.10900165
-0.0099805035
-0.016098622
0.049459923
0.014382584
-0.69688916
-0.020190123
0.27930963
0.037899487
0.02088647
1.1038924
-0.002310978
0.45877507
0.011275911
-0.009020743
0.021592984
-0.07429053
-0.047057606
-0.36877432
-0.28920937
-0.39235258
0.05505658
-0.029150307
0.0027668376
-0.017451178
-0.023382066
-0.024833132
-0.01037723
0.00062591606
-0.028239667
0.015380575
0.8467235
-0.0351332
-0.38977948
0.2439396
-0.007082109
0.16006431
-0.6214023
-0.11635649
0.008171285
0.057103332
-0.95511866
0.022167083
-0.15983273
-0.077761635
-0.3773999
-0.08761577
0.118036404
-0.013972114
0.026194619
0.058188953
0.010243211
0.009149978
0.00028586213
0.056363735
-0.034957882
-0.04234659
-0.004881449
0.19174634
-0.13257909
0.011166982
0.003335919
0.19418736
-0.008443937
0.045895822
0.16143194
0.025144158
-0.14483666
0.17937405
-0.30995113
0.009063591
0.049354225
0.0014726949
-0.0022323993
0.20304236
-5.75905e-06
0.01998634
0.027736083
-3.2954038e-06
0.056501262
-0.031878453
0.067875355
0.0780719
0.007920998
-0.045833603
-0.15676576
1.9763683
-0.30185607
0.06313019
-0.101348445
-1.1595485
0.45217597
-0.0011170672
-0.15998054
0.06408261
-0.35196462
-0.12912413
0.028557498
0.00056624674
0.1433163
-0.029333297
-0.0036405046
0.0031923803
-0.007943084
0.092389636
-0.002484211
-0.035703886
-0.0022760537
0.010085599
-0.03524853
-0.1869019
0.28629202
0.36255872
0.068876624
-0.007282219
-0.021620285
0.0093237655
-0.04881177
0.11320795
-1.0361168
0.0322261
-0.030281393
0.015868472
0.0021165262
0.07739112
-0.577361
-0.15777144
0.023556983
-0.41197333
0.011716022
0.06639831
0.011073864
-3.812867e-05
0.03454105
-0.05615491
0.058454845
-1.0270097
0.14211787
0.3044828
-0.025093183
-0.062248748
0.17593247
-0.006852107
-0.27416995
0.055798076
-0.03788893
-0.0003637879
0.08919356
-0.0016651818
-0.078415915
-0.01636223
0.04392969
0.034872454
0.024418313
0.04132298
0.10142107
0.0238955
0.4206474
0.019422952
-0.00037039138
0.0045998306
-0.018470999
0.02116978
0.22727732
-0.029507574
-0.031449605
-0.00044278146
0.03942648
0.08773621
-0.10100242
-0.76047456
-0.040293388
0.017209461
-0.06646084
0.0019166011
-0.0067505958
-0.19464442
0.8853559
0.00028859862
-0.87603354
-0.02154034
0.118400194
0.04363116
0.047901873
0.0024723888
0.049093887
0.074119605
0.015893154
5.533918e-06
-0.2040555
0.020176077
-0.30656067
0.033322938
0.24856457
-0.2889851
-0.020221842
0.43628228
-0.44550177
-0.67034996
0.03144226
0.23747745
0.18236066
0.015205878
0.08930445
-0.03399182
-0.1514416
-0.46315852
0.053607788
0.0021189149
0.0025309804
0.14195438
0.037811104
-0.084086955
-0.79090595
0.044256024
-0.12735797
0.056935083
0.021518586
9.628758e-05
-0.029279422
0.0393239
0.063758604
0.83185345
-0.20381162
-0.011215191
-0.10886089
-0.009218631
0.037361767
-0.0284142
-0.23259723
0.2245212
-0.05536909
0.33623925
-0.050475497
0.6357308
-0.06901469
-0.006829328
0.076922424
-1.0091097
0.008337944
0.009434196
0.13315733
-0.28405052
0.47108728
0.0050048237
0.008212647
-0.011985723
-0.056907646
-0.048730265
0.017903864
0.081357785
0.07568867
0.12196412
-0.14115147
0.03956745
-0.008001252
-0.020902148
1.951489e-05
-0.2341773
0.0003782979
0.045061383
-0.025141012
-0.17347631
-0.5467077
0.042136338
-0.03144311
-0.039951637
0.0055450457
0.0922554
0.044302616
0.13914089
0.009318763
0.23944367
0.025720917
-0.013659829
0.00091156736
-0.33441955
-7.29846e-05
-0.2540885
-0.0063542514
-0.30072448
-0.041001033
0.0015832355
0.031875446
-0.00096360565
-0.0117294835
0.15466662
-0.09303305
-0.025682554
-0.49872744
-0.04521029
-0.17271027
0.1126119
-0.12751187
0.002729161
-0.67201334
0.05834147
0.050572507
-0.41189852
-0.087894134
0.45055506
-0.83801055
0.06737254
-0.013773881
0.118801534
0.0014818972
0.008065039
-0.009655268
0.015367378
0.056076743
0.070376076
0.02357725
0.99686384
-0.36740363
-0.1558254
-0.12656687
0.28952432
9.903803e-05
-0.4212285
0.16364205
0.15895972
0.043729104
-0.019887207
0.08464602
-0.014471427
0.12230864
1.2953378
0.1879216
0.5571055
-0.12165771
-0.0024160722
-0.00052999525
0.05631238
0.012542278
-0.020305205
-0.026039703
-0.017389087
0.04360514
-0.010803362
-0.0019285807
-0.49232057
0.016093677
0.005811352
0.029873548
-0.12537624
0.019665485
-0.045780685
0.13257846
-0.03994628
0.035032194
0.003316048
-0.019036997
0.056428146
-0.11078834
0.26187456
0.030770993
-0.042233616
0.027716655
0.29561192
-0.024867116
0.01405795
0.039431278
0.046894807
-0.15914817
-1.1059483
-0.027948761
0.1327728
-0.0036486203
0.009414789
0.07564953
0.010079692
0.80310667
-0.001432996
-0.020879962
-0.16809571
-0.07551792
0.00782714
-0.07287387
-0.24731255
0.21807021
0.0039588497
-0.028357394
-0.0004642207
-0.60479355
-0.01354532
-0.00013521686
-0.011766729
0.01752922
-0.5568131
-9.038883e-05
-0.069591716
0.09551368
-0.082801506
0.18944734
-0.041627903
-0.024086228
-0.09323762
0.04271745
-0.0013853197
0.005235489
0.17472896
0.010947302
0.09366511
-0.25869888
0.06116913
0.16984822
-0.049671914
0.03727856
0.003506128
-0.0093748225
-0.02041157
-0.029418634
0.0076634334
0.0002058905
0.058880575
-0.22422291
0.010379007
-0.007844072
0.04087761
-0.05645465
0.33303246
-0.0794091
-0.035959806
-0.03181277
-0.1196996
-0.095281824
0.37725544
-0.033370323
0.0033362443
-0.030354077
-0.0013587268
-0.231963
-0.29347932
-0.005502714
0.077098206
0.004958659
-0.011350861
0.00018342579
-0.03800985
0.096452326
0.2018652
0.04539643
-0.004512864
-0.01878102
-0.2204956
0.04920523
0.00030796087
0.552612
-0.78062403
-0.0008048461
-0.08350351
0.017308602
-0.6481023
0.033053108
-0.56986386
0.03593905
-0.107319616
0.18898393
-0.40793335
0.110630795
0.0051849964
-0.08751009
-0.0473491
-0.27555254
-5.699752e-06
-0.014188523
-0.04634808
4.716512e-05
-0.37104258
-0.10994502
0.0051050126
-0.004395296
0.009865782
-0.43848082
0.02484006
0.015262977
-0.00091138884
0.04156421
-0.10727982
-0.0810512
-0.005043955
-0.023345208
0.0006691255
0.63613856
0.013184457
-0.01355118
0.11357639
-0.27522025
-0.010594931
-0.0308928
0.0060334294
0.15500522
-0.11474811
-0.2990725
0.033694196
0.07950972
-0.016255321
0.00477142
0.15412751
-0.11773681
-0.006556779
0.0024058742
-0.015183738
-0.016512625
-0.8139089
-0.3122149
-0.02120755
0.005251645
-0.007029517
-0.019752713
0.0029673069
-0.11048299
0.1310888
0.060095925
-0.09956038
-0.621085
0.010041994
0.04718545
0.008579726
-0.9611956
-0.1724988
-0.043159198
-0.036832195
-0.0030544128
-0.8820281
0.22140694
-0.019564971
-0.014066637
-0.53038
0.03339705
-0.00033038962
0.024487806
-0.024218978
0.21924403
0.20980214
-0.053930704
-0.012557528
0.01912872
0.17316222
-0.4320127
-0.20250337
0.48964745
0.037036404
0.6301924
0.010587011
0.001128675
-0.57037926
-0.08207185
0.031548668
0.05880692
0.013900867
0.020721883
0.12468785
0.02672733
-0.00065070635
0.12344141
-0.005196306
-0.023449646
0.01712033
0.00085381995
-0.26192296
-0.047021855
0.14740154
0.23501135
-0.25777826
0.31185275
-0.6207779
-0.04686965
0.040037822
-0.600293
-0.017408796
0.06711557
-0.05697197
0.002514732
-5.3867225e-05
-0.035885185
-0.006996204
0.021030823
-0.17645782
-0.13248955
-0.13764699
0.9341288
0.012445112
-0.09145386
0.10131534
0.018492956
0.12481379
-0.23087466
-0.033778448
0.03780783
0.0044504385
-0.86729324
-0.022335136
-0.052703336
0.013964312
0.25351426
0.12492677
-0.42909864
-0.05239791
-0.06393935
0.07893035
0.26917434
-0.30366325
-0.12571545
0.008012591
0.0496514
0.09759802
-0.0013005423
0.25044835
-0.021053126
0.030016156
0.007278158
0.020909484
0.037691206
0.07097304
0.11050382
-0.035848774
0.0018214167
0.027116513
-0.063133664
0.044373073
0.35022688
-0.0033690527
-0.18136966
-0.21317504
-0.39188573
0.06614796
-0.051160876
0.065704115
-0.03684104
0.012816847
0.15260603
-0.00012805362
0.019348837
-0.53033066
-0.00034203424
-0.019299367
-0.032101978
0.04623956
-0.39187106
-0.0077028703
0.00054173986
-0.14477107
-0.010600307
-0.12178456
0.00046597567
-0.02164777
-0.118481874
0.109109476
-2.2429022e-05
0.06401794
-2.6802748e-14
-0.01925994
-0.00262423
-0.019769283
0.00011868213
-0.6752813
-1.0608695
-0.28160217
0.024092613
-0.71681106
0.00021016976
-0.015768835
-0.04352653
-0.0030016566
-0.09099485
-0.03881758
-0.005767089
0.03792832
-0.52490675
0.0021551223
0.060382996
-0.0113723
-0.027762616
0.07833341
0.032445274
0.2202467
0.00039681737
-0.0043307305
-0.3317048
0.7852757
0.01130841
-0.010773266
-0.17363065
0.02786749
-0.0014304535
0.0024895451
0.02283651
-0.004526302
-0.034656044
-0.12166665
-0.037860487
0.019510139
0.011682488
0.06820015
-8.510828e-06
0.05801809
-0.32830343
0.09705573
0.09914225
0.14714848
-0.0019602217
-0.11254152
0.17087403
-0.018423518
-0.06562259
0.025311625
-0.39920706
-0.2892704
-0.013019838
-0.005647122
0.002251952
0.00442811
0.2231249
0.84020853
0.007840179
0.095694765
0.021827243
2.8495491e-05
-0.2067146
-0.65552396
-0.07757317
-0.11371563
-0.10662981
0.21135966
0.014757085
0.0053420644
-0.034723442
-0.009201273
0.017961422
-0.057743564
0.064961806
0.06490129
0.059483886
-0.6669863
0.031049583
0.07840841
0.31382194
0.2655642
-0.004365518
0.009570044
0.23124287
0.027421733
2.7019805e-06
0.04727796
-0.055696014
-0.54905176
-0.055057
-0.032553714
0.20364518
0.078122124
-1.172811
-1.3132375
-0.32942745
0.09013176
-0.19808653
0.09004219
0.14595345
-0.2317203
0.31703097
-0.015571514
0.035817426
0.0393406
0.32477975
0.08483113
-0.54462326
0.11174395
-0.0001370795
-0.1130824
-0.33947778
0.14854132
0.0009574173
-0.15650672
0.0097641
-0.0575607
-0.003929473
0.040273055
0.0026397172
0.050010525
0.041468147
0.17008112
0.00022490375
-0.5356085
-0.03591935
-0.31589702
0.018093528
-0.026194949
0.010786195
-0.0025080063
-0.013967018
-0.25036138
-1.1408168
-0.0014737801
-0.013338408
0.060197286
0.044884887
0.12231514
0.021032086
0.005210978
0.03751588
0.0013996195
0.093709216
1.4293276
0.18392567
-0.12391617
-0.54323924
-0.019307217
0.031874917
0.05069817
-0.3313782
-0.40923592
-0.13114741
-0.015185959
0.3730885
-0.057334483
-0.13025367
-0.34000003
0.42811906
-0.23368303
-0.33114684
-0.038662206
-0.069138415
0.00253742
0.0150715355
1.2764928
0.0012976291
-0.6989076
-0.108869195
0.028516322
-0.054123964
-0.06219412
0.18368363
-0.6530437
-0.8429286
-0.01414569
0.05116382
0.20709555
0.036414485
-0.012782682
0.040934775
-0.036744177
-0.03265187
0.004325179
-0.02442826
0.11126644
0.043619357
-0.00019716338
-0.0744938
-0.05181215
-0.0069576446
0.264454
0.080444776
-0.39422187
-0.04570859
1.3703057
-0.2674742
-0.31417823
0.03981172
-0.027927604
-0.0027749399
-0.00050528604
-0.063219614
4.8093393e-06
-0.005845752
-0.4593933
0.03567635
0.17559016
0.094002
0.0007553441
0.031857688
0.032632194
0.2661859
-0.053865567
0.054893494
-0.13440253
0.24039494
-0.012395813
0.12276179
0.039264753
0.083509766
0.21936938
-0.00024364272
-0.015783597
0.07476585
-0.30677366
-0.03930253
0.23980266
-0.01977431
0.023126204
-0.013855495
-0.027081124
0.0033735319
0.5322261
-0.011619351
0.00046943
-0.07425672
0.023404991
0.029689286
-0.058656063
0.5954448
-0.054823633
-0.10229399
-0.7933242
-0.55982745
0.0054117227
0.048371527
0.15914054
0.00931532
0.0049568913
0.5725314
0.23788735
-0.046138894
-0.041177083
0.00066403334
0.23926942
0.002997293
0.008087393
-0.015988173
-0.107383735
0.07305654
0.0076971934
0.0012411964
0.011883031
0.013913129
0.021963276
-0.00069871667
0.09687609
-0.09413351
0.02359874
-0.075166725
-0.0062198467
-0.023329752
0.00013238621
0.0019209052
0.008959158
-0.062406518
-0.0320696
0.0006494782
0.06553146
0.2849107
0.050045013
0.108577
0.0021094251
-0.016088972
0.0010156786
0.02340589
0.105747186
0.00021596758
0.14885306
-0.024293616
-0.015089181
-0.09014677
-0.002383694
-0.022307506
0.00076913636
0.028701236
0.044433817
0.056442186
0.42077655
0.011438269
0.06373395
0.05146465
-0.18237753
-0.09967089
-0.13209757
0.12600999
0.20072724
-0.104936555
-0.045620516
-0.02974574
0.2677614
0.026023023
-0.09778677
0.024434686
-0.44189745
-0.0069231787
0.29624507
-0.023645911
-0.88825667
-0.07420877
-0.0047466243
0.2783177
-0.08158689
0.006773325
-0.016564254
-0.015794158
-0.03928248
-0.35979134
0.08257847
0.0807751
0.053299826
-0.02672261
-0.14084218
-0.03834366
-0.04625606
0.018288422
-2.349668e-05
-0.005606379
-0.032076903
-0.028452674
-0.7733408
-0.7255042
-0.07855016
1.1297594
-0.008358445
0.3984219
-0.40997732
-0.037709333
0.016072117
-0.0059678853
0.059752237
0.009775738
-0.07220072
0.015398629
-0.03794006
-0.2278736
-0.009366145
-0.00040891208
0.0035664004
0.008623376
-0.014537929
0.1467043
-0.011917197
-0.015540996
-0.023996226
-0.1933012
-0.01173939
-0.003968652
0.0009879451
0.04176415
0.13070767
0.029293938
0.032436766
0.0609017
-0.08285941
-0.037339404
-0.023844743
0.07859906
-0.1068033
0.0029475782
0.13656555
0.026312621
0.5095127
-0.03728928
0.0076660123
-0.021272477
-0.05357732
0.03121313
-0.14440924
-0.56525725
-0.00028921105
0.0018392383
-0.15523511
-0.015627114
0.019532204
0.028708735
-0.014119555
0.023725964
0.3122367
-0.69483536
0.13824084
0.27700436
-0.09515743
-0.71436167
-0.051582385
-7.510837e-05
0.004823918
-0.16728598
-0.007463554
0.21496785
-0.6116641
0.0147108305
-0.009140882
-0.011202327
0.038547926
-0.034665067
0.021567443
-0.012885617
0.793232
0.553956
0.04362355
0.08387053
-0.033752996
0.054316096
0.00088451983
-0.276204
-0.020655172
-0.0412042
-0.10635886
-0.0824404
-0.12216634
-0.123651125
0.05610753
-0.016975053
-0.0010719321
0.27251965
-0.18539557
-0.07915499
0.04555236
0.2987629
-0.009175794
0.074584365
0.06813511
0.2592768
0.18563825
0.02580273
-0.004895528
-0.007613533
1.1561329
-0.03588021
-0.13581102
-0.05426363
-0.5792624
-0.72396034
0.019578878
-0.002441266
-0.44804633
0.011044002
0.01110236
-0.08547382
0.27896193
0.010100053
-0.032331813
0.006889611
0.0033673565
-0.0041813613
-0.043935753
0.24253733
0.00069856073
-0.13597551
0.050103452
-0.0069068945
0.030205814
-0.49061936
0.015264527
0.03917674
0.0056595807
0.068950385
-0.0040808176
-0.07804466
0.0050054034
0.009223788
0.0020633624
0.026930982
0.0019555443
-0.67771715
0.14896521
0.041720998
-0.24856453
0.021227323
0.022065932
-0.10926418
0.03389358
-0.018480338
0.033053093
0.015119421
0.00013038602
-0.022619078
0.010541236
-0.09258067
1.542211e-06
0.035377383
-0.034628652
0.61919814
0.023288619
-0.00030856935
-0.4069515
-0.18167153
-0.59541357
-0.034534518
1.9619667e-05
-0.15043207
-0.11040878
-0.036465064
-0.14411657
0.09066376
-0.0785609
-0.12112752
0.0056660813
0.009066421
-0.12093467
0.033639718
-0.15817064
-0.006242744
-0.30189207
0.0013950048
-0.0020411962
0.012248018
-0.22833431
1.1990358
0.006313704
0.17713761
-0.03430576
0.05938345
0.023693703
0.052071277
-1.2160368
0.02183526
-0.050463136
0.37504166
-0.00018566125
-0.01856647
0.1824773
0.10296101
-0.0016313902
0.05497905
-0.15191743
-0.013028159
0.16784585
0.00990002
-0.05824413
-0.053601243
-0.0009860974
0.0013139537
0.024735088
-0.13318811
0.07909837
-0.003965963
-0.018295616
-0.07572333
-0.16296624
0.0332272
0.0031484114
0.0724049
-0.005472775
-0.04352844
0.075274736
-0.010353913
-0.41913104
0.25206667
0.021793274
-0.1154041
-0.0027737736
0.007786624
-0.03804301
0.027712768
-0.011226213
0.12512347
0.012619402
0.018388966
0.00029683486
-0.6899266
-0.027127882
0.24171661
-0.5004127
0.047196746
-0.0498642
-0.0036959655
0.08805754
0.107568145
-0.2865074
-0.0580576
0.14011465
-0.097771816
0.10933808
-0.118320316
-0.0542933
-0.0033236032
0.0012861728
0.07646122
-0.011266049
0.012972022
0.032710105
-0.6364111
-0.22832434
-0.7710793
2.40718e-06
0.034643922
0.035707254
-0.015853213
0.010684847
-0.076029815
-0.05221464
-0.09353952
0.004168474
0.040327247
-0.049501106
-0.54083306
-0.048464034
-0.015404745
-1.361131
-0.40720087
0.022569375
-0.42161146
-0.5428591
-0.075394906
-0.23264706
-0.0026390168
0.025567695
-0.023661204
0.018772563
0.022577945
-0.054744627
0.0010342881
-0.15452486
0.08480063
-0.013047576
-0.5088215
-0.002380773
0.25447142
0.0073331655
-0.015395171
-0.077967696
-0.017586607
-0.04849922
-5.2629424e-05
-0.5532832
0.006738313
-0.43266782
-0.22500853
0.14018033
-0.0014440204
-0.041008886
-0.06488529
-0.13508087
-0.0070684813
-0.02028167
0.00087222573
-0.23897378
-0.32426572
0.2104782
0.015491091
0.4864543
-1.0188277
0.025327003
0.17737949
-7.2009454e-05
-0.015464007
0.104469255
0.5884461
0.04749925
-0.0015092773
-0.17717917
-0.056041896
0.006474279
-0.02381188
0.07659994
-0.22618526
-0.06564346
-0.0019524777
-0.023607498
0.024255255
-0.003260002
-0.027925594
0.42305198
-0.01635329
-0.03196333
-2.0225365
-0.019504244
0.87195224
0.003272564
-0.36582494
0.007629893
0.06861808
-0.0153952325
0.29585603
-0.27622342
-0.046498664
0.03858357
-0.28213248
0.030655714
0.06421444
0.075922884
0.058826327
-0.05953107
-4.0264183e-07
-0.0022373397
-0.42253846
0.064225785
-0.013673421
-0.00015223958
-0.27237734
0.0076855714
-0.2194112
0.02011375
0.31172112
-0.12442718
-1.2350967e-05
0.03802862
-0.1014167
0.051858284
-0.5881636
0.052666597
-0.034184285
-0.38998404
-0.051349696
0.013377024
0.014607122
0.014925464
0.006968779
-0.029917011
-0.46291918
0.018136015
0.0
0.018339252
-0.12039457
0.08433539
-0.052362848
-0.16640279
-0.8481916
0.06208614
-0.013684657
-0.07086273
0.0065205344
-0.032927573
-0.041833233
0.020492362
0.07463695
0.00021951557
0.034702647
0.05336834
-1.0048144
-0.014607424
0.09359821
0.073445566
0.15511318
0.14811632
2.1468868e-05
-1.4161625
-0.021517463
-0.019652592
0.12600262
0.00015634859
0.118347846
-0.19841833
0.023626707
0.08324039
0.02648852
-0.002867478
0.02348925
-0.083557665
0.53698593
-0.028916582
-0.08290876
0.005207873
-0.8724003
0.2979044
0.010208486
-0.006319439
-0.009087623
-0.055699207
-0.032543212
-0.01444383
0.005320051
-0.00045574267
0.08913493
0.11280089
-0.0028015822
0.7378061
-0.2071613
0.02215427
-0.56001717
-0.005844275
0.0074136173
0.05477501
0.023336455
0.030339595
-0.05024492
0.00011912307
0.096925676
-0.20035273
0.009694923
-0.010234609
-0.042555425
0.06408301
0.062692784
0.02620934
0.05493899
-0.05486012
-0.013869127
-0.060279112
-0.03734383
0.005811978
-0.036015294
0.01469925
0.03338343
-0.6873934
-0.016616683
-0.024897503
0.03210374
-0.012132218
-0.2391649
-0.011050119
0.023773775
0.05158001
-0.009097767
0.016184784
0.046662144
-0.2489435
0.08706953
-0.014103889
-0.008284812
-0.36747232
0.020061275
0.113688536
0.0031772626
0.022470074
-0.026105741
0.0608341
0.009073433
0.027153196
-0.06430756
0.0006433327
0.00047750608
-0.01703166
-1.0245034
0.025977144
0.005437365
-0.8621034
-0.046504978
-0.49034715
0.089235485
-0.76715
-0.023585193
-0.6536367
0.044380922
-0.18495825
0.6554829
-0.03973718
0.30365664
-0.32266492
0.0071988595
0.060788676
0.010968316
-3.1608928e-05
0.07811331
-0.17132531
-0.0014040729
0.00053115963
-0.124206774
-0.001669968
-0.001763808
-0.4066325
0.05301534
-0.045361944
0.024847172
0.15900874
0.009194237
-0.0013077947
0.09965165
0.0007284925
0.058320332
-0.036968395
-0.35312155
0.107188664
0.11846672
0.020815395
-0.026812661
0.1621405
-0.6489177
-0.08876492
-0.0071687773
-0.0057308218
-5.1515144e-05
0.026633468
0.165178
-0.080820255
0.043465115
-0.030837355
0.03333336
0.10602019
-0.027161548
-0.03537778
0.030675216
-0.5992616
-0.0018893944
0.0020551656
0.0022786555
0.7969806
-0.020947492
0.71395844
0.710289
-0.23832381
0.006436742
0.06580189
0.050942574
0.02695227
0.21237247
0.10402825
-0.07555222
0.024416104
0.0026058324
-0.010073667
-0.010048769
0.008639704
-0.036092836
0.10936346
0.059082884
0.04850305
-6.84752e-05
-0.030659828
0.20309764
-0.019020284
-0.20257582
-0.01617643
-0.04665851
-0.054338854
0.32425615
-0.007494699
-0.31636617
0.00017590419
-0.097614735
-0.04664339
0.022500891
0.048193302
0.07372659
-0.016718747
0.0032529966
0.119517036
0.07570176
-0.0033882626
-1.5212035
0.009223563
0.19394737
-0.054091547
0.13654919
0.011829361
0.5726466
-0.1801698
-0.021205032
0.050759222
-0.00967436
0.03988983
-0.0046708095
-0.027084403
-0.13356075
0.00052358554
0.02555308
-0.048354384
-0.08394883
0.15778184
-0.45886326
0.5884543
0.024146125
-0.6498173
-0.032561045
0.04274593
-0.13408802
0.050870255
-0.014597866
0.036916282
0.0017904012
-0.15006149
0.1591863
-0.00038310137
-0.01456671
0.016794862
-0.012939109
-0.06528264
-0.43783322
0.00012947364
-0.013754487
-0.01842526
0.009155901
-0.015440332
-0.15237153
-0.07624245
0.017246222
0.012057632
0.056409784
0.0054145125
-0.6877847
0.10381661
0.28111917
-0.0331091
-0.15760197
0.18112205
-0.01844507
0.009786386
-0.35747448
0.048821777
0.21675578
0.08922613
0.039240435
-0.5460552
0.0011160761
0.16246574
-0.42117912
-0.06305914
-0.003656588
-0.05773359
-0.13973808
-0.01677146
-0.00028379555
0.040995695
-0.16048239
-0.039491706
-0.29656708
-0.3195635
-0.0019651137
-0.030310992
-0.39293066
0.096758954
-0.31464007
0.032776523
-0.89461905
0.056628976
0.023575434
0.00017065078
0.2948026
-0.04915482
-0.05013643
0.0006883592
0.20534037
-0.036054906
0.09533974
-0.414046
0.00039684997
0.037340276
-0.5931576
0.0008618964
0.042156525
-0.014186957
0.17093118
0.023710987
0.07875511
-0.013104868
-0.05709779
-6.672855e-05
-0.029794615
0.064262055
0.06978163
0.312566
0.08956961
0.026770895
0.07531212
-0.06493631
-1.1737459e-05
-0.017679943
-0.00023570731
-0.00025945387
0.00052435097
0.064637624
-0.0063547664
0.23767991
-0.14098117
-0.3812572
-0.20289269
0.021522276
0.016024543
-0.13409714
0.15116647
0.063532464
-0.033446785
0.29436767
-0.307775
-0.27818984
0.009090598
-0.07424028
0.0057915826
0.079035446
0.12128499
-0.027000917
-0.43388164
0.92007834
0.021520551
0.025499467
0.029230177
-0.10259342
0.060924858
0.1917317
-0.4314047
-0.044659097
-0.009256598
-0.03586618
-0.017675845
0.06492242
-0.06908704
-0.00081615004
0.0038303682
-0.5232135
0.043449886
-0.022410784
-0.009242006
0.080266364
-0.029055828
0.1961922
0.044580564
0.0751663
-0.9711684
-0.37840414
0.014860091
0.013830989
-0.11339313
0.015195793
0.054500785
0.0061319782
-0.0016110108
0.06610581
-0.63680565
0.011627731
0.30739015
0.018067632
-0.019831741
-0.015904706
-0.18350914
-0.115044065
0.017834129
-0.10981645
-0.31125465
0.0873578
0.11842162
0.053557422
0.25066906
0.5413703
0.00021862847
0.8799209
-0.0012910371
-0.57163846
0.0010947294
-0.14663784
0.03533094
-0.013014789
0.004114831
-0.0016484398
-0.0036708538
0.016028933
0.08950429
-0.0065562166
-0.011500737
-0.017646803
-0.0024051333
-0.14267564
-0.0009115366
0.046949845
0.050845552
-0.017296419
0.33262733
0.37296695
0.00097484817
-0.008172914
0.057598777
-0.026982974
0.095226586
0.08532822
-0.05913325
-0.01292337
9.1741174e-05
-0.057760295
-0.017193135
-0.0006934283
0.0016100077
-0.00046736636
-0.097551875
-0.13920344
-0.00924563
0.08804655
0.0034518905
0.004098671
0.0003721353
-0.022390539
0.014214766
0.88992727
-0.6384341
0.058555864
0.003274582
-0.060490433
0.05345214
0.4561416
0.028940441
0.0011999117
-0.021311868
-0.016276063
-0.023463385
-0.00852584
0.02697089
0.023021001
0.16962467
0.0046131364
0.5372293
0.012506454
-0.01732918
-0.05937993
0.029202688
-0.1291712
0.15589914
-0.112156644
-0.12655465
0.0067693396
-0.9989183
0.09233853
-0.0026461384
0.107680045
0.014067989
-0.028783193
0.11995412
-0.003939175
0.034355253
0.031779222
-0.64832747
-0.0124393515
-0.0001931502
0.058936343
0.0022759803
1.9239936
-0.004968102
1.1083802
0.020969462
-0.025903275
-0.047450125
-0.029740088
-0.0025036233
0.060181126
0.001973454
-0.2218079
-0.12501271
-0.9710914
-0.0028484054
0.0701004
-0.09075084
-0.029109325
-1.80323
-0.27212363
-0.042064328
-0.023128571
-0.0074610533
-0.09065996
0.045786534
-0.2018724
-0.038233172
0.0037418911
-0.10002577
-0.037190445
-0.010639052
-0.08664191
0.08181831
0.11761739
-0.5590026
-0.057334658
-0.48799407
0.040783428
-0.028721737
0.004240952
-0.40054315
-0.016581686
-0.013751355
-0.32142222
-0.006623511
-0.05479721
0.0011029424
-0.27073038
-0.033089783
0.06816287
0.0019889954
-0.040754694
1.4261229
0.02889972
0.016151208
0.0057778745
0.032350708
1.0719445
-0.13006125
0.1121811
0.31100956
-0.70778507
0.050893437
-0.009501159
0.0027726237
-0.009102085
-0.030081455
0.05354732
-1.1026727
-0.9245014
-0.013724962
-0.0017557249
0.11387751
-0.0023961978
-0.15604691
0.19044317
-0.06242497
-0.039305866
0.14613374
0.060493097
-0.064940505
-0.02362362
0.084667414
-0.01681151
0.0012701506
-0.040898312
-0.6834443
-0.12981106
0.021799043
0.08430661
-0.95822936
-0.021525508
0.0019050115
-0.54048276
-0.025097368
-0.32852775
-0.011892198
-0.048100404
-0.060238276
-0.009875743
0.005728638
0.08427576
-0.07229682
0.06895004
-0.30534923
-0.00492813
0.016108997
-0.030707514
-0.20181969
-0.018445201
0.0021455812
0.049380653
-0.20927855
-0.06499459
0.011754338
-0.45222268
-0.021482665
0.01300792
-0.38694566
0.029433466
0.22989859
-0.080593385
-0.016873527
-0.8848171
-0.76410574
-1.0320634
-0.008637601
-4.090846e-05
-0.08502346
0.34314778
-0.09762643
-0.70790327
-0.04376792
-0.034575194
-0.25424328
0.011103977
-0.42146012
0.17806855
0.023899607
0.008130526
-0.56228626
-0.009848514
0.017654402
0.16908947
0.009822057
0.08823203
-0.04175731
-0.21446888
0.0006548478
-0.43008164
-0.038589623
-0.65409577
-0.04004522
-0.48147547
0.06828468
-0.043601688
-0.028670186
-0.11998401
0.38657248
0.00032627408
0.1742928
-0.6279634
0.03370006
0.08023538
0.05469342
-0.012690949
-0.049007945
-0.05442765
-0.04886153
0.016169969
-0.26873952
-0.102469474
-0.19238283
0.047523864
0.012814312
-0.05691741
-0.6122925
0.01903419
-0.13989125
0.07892872
0.0025915108
-0.36089265
-0.16850749
0.0032397527
0.02489975
-0.114484176
0.0012691854
-0.0012056993
-0.36165363
1.1606412
0.017049724
-0.01194247
-0.055996288
-0.010890373
0.032588467
0.07159696
-0.7084455
0.025536196
-0.07972616
0.067041144
-0.005825043
-0.021648372
-0.14762445
0.0052871564
0.0036677914
0.0054789255
-0.20005405
0.103695415
0.11961431
-0.010752899
0.21500497
0.15694113
-0.78536254
0.0001329848
-0.24299048
0.08281819
0.0095745055
-0.035072174
0.0676974
0.06726628
0.023068488
-0.20698127
0.04883975
0.08935037
0.047431298
-0.039748766
0.00079851213
0.007954445
-0.005070248
0.080808684
0.036480572
0.03967268
0.02465056
-0.34179527
-0.029555047
-0.026248012
-0.0021402556
-0.044979546
0.09437195
-0.73503894
-0.0045966157
-0.010732671
-0.23028888
-0.18582176
0.19328213
-0.05815213
0.068039
-1.0499789e-05
0.02243457
0.36149597
-0.0009214744
-1.4442604
-0.082843885
-0.26427037
0.014946945
-0.019261207
0.11363458
-0.14325081
-0.014883857
0.0
-0.020945365
0.21536437
-0.032263994
0.39129442
0.015448845
0.22199667
-0.0011510996
0.02752004
-0.9688404
-0.0015666822
-0.001296365
0.009851847
0.030279767
-0.33308774
0.0229727
0.040642556
0.043740015
-0.03399448
-0.069289945
0.35430053
0.058835734
0.60348505
0.0015839835
0.00945332
-0.053284872
-0.031272195
0.067077905
-0.0037253906
0.01868608
-0.017517116
0.39536402
-0.04270931
-0.17589782
-0.012657357
0.0005629807
-0.5092533
-0.0019023165
-0.03453729
-0.010842927
-0.065180056
-0.21148707
0.0024837272
0.00037689813
-0.03675725
-0.00023073755
-0.54854375
0.27788636
0.012392376
-0.3440302
0.052060056
0.0015843441
0.0122495415
-0.051527567
-0.037047032
-0.14282322
0.011354608
-0.26358005
0.015688289
-0.030010989
-0.33438712
-0.0008997878
1.3179821e-05
0.016087765
-0.1303499
-0.35815215
0.011963065
-0.089842744
0.001506775
-0.06197727
0.21872748
-0.043852065
-0.03329708
0.00013731598
-0.09360747
0.12151005
0.111937575
0.004474214
0.08110379
0.1566069
-0.022014212
-0.0044799694
-0.03629544
-0.0729684
-0.18386078
-0.011845231
0.020994063
-0.0014537605
-0.013644929
0.48807853
-0.096233286
-0.040603157
0.033638053
-0.2750536
0.15780611
-0.7607532
0.027234176
-0.065778
-0.14457175
-0.00786581
0.016248478
0.009198472
-0.013357093
0.005507672
0.01612634
0.053721573
0.016075203
0.036566306
-0.0145497415
0.08967556
0.029315239
0.00045622274
0.0057313507
-0.056219347
-0.002016257
-0.23304503
0.16587494
3.9428487e-05
-0.03465223
-1.0659173
-0.2321822
-0.18817905
-0.024149807
-0.15242118
-8.865845e-05
-0.0085622035
-0.0022091456
-0.040945165
-1.0080376
0.015647618
0.33612496
0.04921686
-0.0038782035
-0.07709598
0.052695055
-0.00036249965
-0.0003419659
0.010841992
0.01696969
0.13329302
0.057930112
-0.003489987
0.38154334
-0.046003994
0.029502146
0.040453847
-0.023313606
0.0698503
0.44981974
0.0058591203
0.0047045466
-1.194793
-0.007596152
0.4142604
-0.12289517
-0.014524707
-0.16990685
-0.0007001062
0.0030770826
0.027261557
0.14276226
0.036202453
-0.25060755
-0.5052557
-0.5900771
-0.0074687535
0.025019165
0.0642549
0.0149852745
0.09395096
0.0005738541
-0.005775839
0.06877236
-0.026541818
0.012149543
0.41802594
0.004078271
-0.2296728
0.17804983
0.0004278291
0.035204142
0.046892326
-0.41811424
-0.021576852
-0.05391309
-0.023739416
0.023516646
0.027660822
-0.07685744
-0.0099468995
-0.30382675
0.112540804
-0.0013651437
-0.011383105
-0.5147673
-0.10819412
-0.0038129352
0.2847558
0.033471882
0.014655915
0.014280694
-0.5714469
0.121966176
0.103587545
-0.004168116
0.0008099828
0.035659302
-0.041192655
0.35934052
0.031720117
-0.14579009
-0.0022216043
-0.03209995
-0.08296002
-0.010689157
0.009158046
0.032266986
0.07214494
-0.83826125
-0.5171342
-0.05107016
0.03508181
0.011601188
0.008793167
0.015164873
0.008887607
-0.014400922
0.23466414
0.012961688
-0.00021953053
0.0084830215
0.086222
-0.008597205
0.04772043
-0.1993486
0.4575436
0.12540902
-0.04299129
0.0069743386
0.0006219211
-0.105002
0.26921725
-0.12811679
0.021477178
0.0025932677
-0.051854737
0.008219191
0.27577236
-0.0053724246
0.08053794
-0.18076174
0.039789543
-0.40117744
0.021385739
-0.02300321
0.0051051932
0.10877801
-0.013540365
0.0024928383
0.15446043
0.040821906
1.3821463e-06
-0.7460455
-0.13707119
0.26125422
-0.0066379677
0.049673393
-0.01037045
0.017058212
0.012988915
-0.05119896
0.06174522
0.0037157815
-0.016022686
-0.22394878
-0.01636156
0.13970213
-0.019924987
-0.1685954
0.0041216067
-0.05795137
-0.51817966
-0.16329159
0.32003045
0.12566665
0.030954264
-0.3579176
0.11211713
0.0010617382
-0.43320724
0.31875482
0.09459844
0.09636392
-0.2913863
0.010459826
-0.01181437
-0.36311772
0.022532638
0.087634675
-0.033530723
-0.0007448945
0.01805496
-0.0022550123
-0.037679598
-0.25411785
0.025830764
-0.020189779
-0.002249902
0.38904727
0.007173484
0.02676904
0.020459007
0.010707945
-0.060771506
-0.002270928
0.5055692
-0.14895496
-0.00038836614
0.47932
0.031265143
0.18822378
0.16999035
-0.31983215
-0.0049169622
-0.027411832
0.00040625563
0.12534584
0.0005635335
-0.011930858
0.016898857
-1.7008242e-05
-0.0074018836
-0.5310722
-0.38454843
-0.32374758
-0.028657537
-0.116944835
0.055837896
0.0069231824
-0.16184482
-0.26829156
0.02516008
0.005192627
0.032540124
0.013003643
-0.006278345
0.012327635
0.018156253
0.000388553
0.08840498
0.06880365
-0.3283244
-0.47071567
0.026689054
0.14460862
-0.02246109
-0.40601307
0.016281638
-0.03656045
-0.008132345
0.031415902
0.00266545
0.09428457
-0.21313103
0.063239604
-0.39747673
-0.526447
0.23263039
0.047512624
-0.0007133883
0.01919224
0.028676527
-0.7954106
0.034540355
0.00054518174
-0.018414164
0.2643441
0.032713015
0.22287875
0.06969083
-0.00264764
0.36362275
0.1235104
-0.339257
-0.0063709593
-0.063199766
0.01840195
0.00014716524
0.000117778385
-0.048183996
0.015568292
-0.035762485
0.028918765
0.48288062
0.03738414
-0.103566825
-0.02214051
6.4747444e-05
0.03429459
0.06312558
0.05221893
0.15509917
-0.01667224
0.11037918
-0.0036809528
0.0076622753
4.10161e-05
0.29025188
-0.20594484
0.015896408
-0.030248601
-0.00071037526
0.18750815
0.12264691
0.0019804349
-0.013246375
-0.041295163
0.088139564
0.04807851
0.15383434
0.14399374
0.04751475
0.034977682
0.034165826
-0.53711677
0.15177134
-0.119760275
-0.047019664
-0.034857757
0.13425691
-0.0229903
-0.4235726
0.7138971
-0.080133066
0.08727002
-0.07470761
-0.033680595
-0.14324716
-0.065938614
0.006333915
0.019117404
0.0010954277
-0.05366098
-0.0047619687
0.0065466342
-0.04903669
-0.010678085
-0.04979329
-0.19372632
-0.005247146
-0.6779673
-0.24988078
-0.04626025
-0.049985368
0.003027845
0.1525512
-0.012786301
0.1311824
-0.005825538
0.02969514
0.030005278
0.016607054
-0.059813295
0.009046487
0.0015572711
-0.4160101
-0.0051609906
0.0013514628
0.13049649
-0.0035315878
0.0590473
0.00014531394
0.022358458
-0.011809736
-0.08193669
0.16363388
0.0025121355
-1.0058917
-0.8651215
-0.087761104
-0.066047296
0.07772956
-0.1249872
0.13412869
0.07058338
0.008341206
0.033242855
-0.5545728
0.16595739
-0.16930203
0.070822276
0.2073319
-0.058693573
0.04160045
-0.003477686
0.06352899
0.058746994
-0.0036747197
0.00437046
0.021020832
0.0015991887
0.00044677287
-0.021789141
0.092151344
-0.08592713
0.026997715
0.06338866
0.14875165
0.005126254
-0.118261866
0.012157121
-0.55449784
0.049337745
-0.07265038
-1.3456595
0.19156621
1.1971813
-0.002997973
-0.1011526
0.015002767
0.04884968
-0.034358155
0.08383557
-0.031240428
-0.09982981
0.065593585
-0.016425224
-0.13305071
-0.023011126
-0.063699804
-0.124223776
0.008029109
0.21395329
-0.0006117937
0.023618244
0.20260385
-0.017077548
-0.033518482
-0.071624026
0.003199361
-0.16357262
-0.5855173
0.48687202
0.100886054
0.09483754
-0.00570422
0.020844001
0.05728941
0.0004262705
0.028534865
0.8238001
-0.018029831
-0.75439763
0.0008135299
-1.3208342
-0.032121874
0.016055742
0.20111427
-0.028087623
0.03599942
-0.75432193
0.041863244
-0.017218353
-0.08395252
-0.30299687
0.05570554
0.04889604
-0.033064943
-0.0012790995
0.012582806
-0.150903
-0.07318312
0.01041714
-0.048109476
0.00014026902
-0.012553309
0.30143398
-0.045426253
-0.86469907
0.00013755429
-0.15398373
-0.011551097
0.10278663
-0.23254383
0.015613548
-0.040138513
0.6279708
-0.023650179
-0.51616985
-0.023014937
-0.51372224
-0.046246167
-0.09885478
-0.13717672
0.13328207
-0.113294944
-0.006140014
0.15585978
0.0925384
-0.055531118
0.07140159
-0.034654595
-0.0056067547
-0.013255901
0.07618757
0.0647572
-0.043062832
-0.20745464
-0.058837146
-0.04541801
-0.0631159
-0.297437
0.10658677
-0.004886482
-0.14746898
-5.080895e-06
0.021338869
-0.07638708
-0.013532205
-1.0059068
0.0096055735
-0.19251442
0.026391374
0.04558026
-0.03974126
-0.045134794
0.009295679
-0.7960112
-9.1996844e-05
0.06537056
-0.1558915
0.13188007
-0.089252666
-0.2985328
-0.22046557
0.0018972686
0.894003
-0.03543882
-0.3987825
0.07331092
0.0004918053
-0.07770742
0.0004922784
0.63464034
-0.01872017
-0.0062804064
0.06929681
0.4449457
-0.38491562
0.50924885
-0.7653651
0.21805781
-0.038571212
0.0037374282
0.021539977
-0.018460391
-0.49675304
-0.8725324
-0.70286924
-0.0068263942
-0.0013286927
0.16923231
-0.55900294
0.009494655
0.46547806
-0.010640645
-0.10599177
0.0014026716
-0.0020716111
-0.13195619
-0.2710485
0.2212249
-0.16781348
0.048571207
0.15204978
-0.3999269
0.025842333
0.031540357
0.10213097
-0.0069649336
-0.28158456
-0.077695794
-0.00022309856
0.011915026
-0.0060638017
0.009899397
0.014223286
-0.23145105
5.1264604e-05
0.059865683
0.0008370829
-0.02654224
-0.3425484
0.15332015
-0.06446508
-0.028151065
0.08694457
-0.06897992
-0.006054665
7.969108e-06
-1.6270058
0.12875213
-0.013157608
0.1673917
-0.030938184
0.006593965
-0.051680133
0.5969052
0.095161065
0.08095224
-0.020655677
-0.12420758
-0.46236914
-0.029138135
0.026530791
-0.0069572255
0.22176868
-0.40441856
0.06772088
0.011691066
0.18985151
0.0039779
-0.11309685
0.065750696
-0.016183909
-0.017109314
0.20359537
-0.4118189
0.04071964
-0.42232323
-0.09159402
0.12095056
-0.0037216996
-0.21309195
0.95597553
-0.44220477
-0.012652371
-0.67172927
-0.0118689975
0.24672316
0.04331203
0.03469162
-0.9039256
-0.012034941
-0.13551939
-0.019647695
-0.0066829696
-0.016777143
-0.1282891
0.09435862
-0.13639107
-0.12672032
-0.0007054228
0.073504046
0.028882494
0.07542829
-1.3819818
-1.1524229
-0.6669374
0.0045885923
-0.052913632
0.052883595
0.12283596
-0.043962546
-0.05169847
1.7187525e-05
0.23604171
-0.078222014
0.011237581
-0.24983008
0.0003987291
0.00062663486
0.0759081
-0.7830623
0.028340822
-0.14801982
-0.009258504
-0.011758109
-0.09229032
0.008037329
-0.0902683
-0.1112552
0.05142185
-0.14063282
0.06299653
0.0028223323
-0.025365258
-0.00045295263
0.04257965
0.3108481
-0.006760912
0.4560426
0.02676273
0.06072943
-0.35139957
0.01679428
0.0737821
-0.027854128
-0.05242701
0.012848285
0.02893261
-0.03306162
0.009467009
0.30519453
-0.0312993
-0.012835188
0.011547461
0.08603476
-0.32852018
0.3602184
-0.103794694
0.03352716
-0.01874179
-0.06665933
-0.1521361
-0.6319653
-0.0018611033
0.06367268
-0.029990114
0.025610367
-0.54857254
0.25706834
-0.16209072
0.063926764
-0.023798274
0.709475
-0.4472301
-0.016507996
-0.0458538
-0.15656182
0.037237074
0.0011894013
-0.6358494
-0.033637635
-0.060934603
0.0833876
-0.0140076475
0.05869424
0.027794167
0.023821983
0.0015412075
0.09623544
-0.0260569
0.25337628
0.11913446
-0.07640569
-0.031449676
1.0740242
0.47502607
0.008087219
-0.0010262834
0.23397757
0.00728304
-0.012523716
-0.32890275
-0.027345816
-0.12990174
8.67249e-05
-0.21105613
-0.030007001
-0.0008453278
0.0131923845
-0.053172532
-0.007088606
-0.06227435
-0.07175784
-0.021394148
0.28998956
-0.6354168
-0.028407566
0.37010667
-0.027941069
0.2852949
0.28518677
-0.0026280025
0.12244974
-0.01831102
0.14965548
-0.0016467313
-0.06521612
0.3125007
0.00014793513
-0.07353421
-0.07589481
0.4295794
-0.019221975
0.014686314
0.03837866
-0.115883976
0.068710856
-1.350096
-0.16872884
-0.032953437
-0.11318788
-0.010149491
-0.011333557
0.052904706
-0.15684797
-0.41215163
-0.1916756
0.0014238801
-0.0014416577
1.1232809e-05
-0.18767598
-0.0038761292
0.051932704
0.05946733
0.000598898
0.011432711
-0.01666197
0.14356251
-0.11648653
0.1254056
0.013652628
-0.21988197
-0.04723586
0.0343217
0.15343004
0.20510502
0.018131299
-0.0123950625
-0.021992587
-0.015102863
0.00027250082
-0.21690325
-0.071892336
-0.028803399
-0.13667339
0.45204487
0.036483545
-0.48340935
0.029543828
0.03014426
0.032798037
-0.0023467613
-0.004956948
0.02843766
0.073360294
0.08114605
-0.045396432
-0.55029404
0.017264312
0.017455982
-0.088115185
0.15428185
-0.22908142
0.032587342
0.005676495
1.4544216e-06
-0.0033246246
0.12762992
0.21030384
-0.033769887
-0.025276154
-0.075680904
0.15182605
0.00060819596
0.0008197215
-0.4711307
-0.0045670345
-0.02496696
-0.0022192318
0.00017570225
-0.035133302
0.006374653
0.05790629
-0.0014104608
0.37408257
0.092752896
-0.021999894
-0.012095607
0.02068308
-0.14479697
0.0007012787
-0.017000616
-0.0029766713
0.13751453
-0.00015274886
-0.014560351
-0.06586057
0.0032881682
-0.12059801
-0.020191776
-0.25411597
-0.6364562
-0.035506554
-0.07680343
0.15797041
0.0555595
0.010767137
0.007177281
-0.0015114908
0.2287933
0.06305618
-0.14472242
-0.263491
-0.019209594
-0.52423537
0.06197192
-0.048275802
-0.02449959
0.06647527
0.0642607
-0.040835645
0.00033894117
-0.16147576
-0.040792022
-0.43654987
-0.011635227
0.024281388
-0.0012576856
0.015223466
-0.032127436
0.09845494
-0.037662636
0.0062577636
0.019108772
-0.04483745
-0.2993432
-0.19752571
-0.023466207
0.033368777
0.03286496
-1.3366903
0.18366823
-0.082468204
-0.032025162
0.1171451
-0.0004228104
-0.29566354
-0.02938791
0.00015838891
-0.058841757
0.03284245
-0.013764965
-0.0002189421
0.04945705
-0.007001198
0.027359262
0.069109835
-0.031066231
9.725847e-05
-0.01333833
-0.04211476
0.0040708464
0.18422504
0.067349136
0.564686
-0.023958214
0.26660466
-0.15383789
-0.16041042
-0.047050953
-0.07326448
-0.23219758
-0.023888566
-0.38652506
0.0405291
0.012063563
0.023563338
-0.05214294
-0.105946735
-0.4667346
0.044500973
0.2093971
-0.05238859
0.1088333
-0.069347
0.021546608
-0.049231287
-0.1947934
-0.4678575
0.025893906
-0.112517074
-0.035899237
-0.0026791946
-0.0041822223
-0.09720108
-0.05932761
0.0022382084
-0.002009257
-0.00896477
0.28703502
0.08730338
0.008260968
-0.007913527
-0.18126744
0.07196097
0.365443
-0.8273847
0.71901125
0.02162732
0.16137618
-0.43919548
-0.04503477
0.44181538
0.1211298
0.010139315
0.073966116
-0.021396205
-0.0241182
0.042310093
-0.42967477
-0.092122376
0.028316561
-0.0008170955
-0.032294404
-0.007277663
-1.2866886
0.1254072
-0.025609113
-0.36091146
-0.048563752
-0.02316874
-0.09972297
-2.6757507e-05
-0.09750795
2.64445e-05
-0.020527575
-0.013029936
0.18334922
-0.11822857
-0.45203596
-0.05331879
0.008149644
-0.16244203
-0.0021360025
0.14393438
0.009208364
0.012731978
-0.0026486106
1.138107
0.0056262915
-0.021810068
-0.3083354
-0.048190646
-0.70192045
0.21007195
-0.88135934
-0.0006673263
-0.16851117
0.019391114
0.021522177
-0.037632
0.002627109
-0.019787105
0.28934446
-0.008467144
0.027146662
0.05372194
0.0007799677
-0.7053341
-0.07769367
0.0069085546
0.008120305
-0.95098025
0.16358383
-0.0055110697
0.0033052221
0.0009302193
-0.40084532
0.70250523
0.007869202
-0.0027543197
0.026637161
3.7139485e-09
0.0026934315
-0.48494828
0.050213303
-0.57124215
0.058287792
-0.5674491
0.07192171
-0.010227166
-0.20236038
0.059060145
-0.011363914
-0.012613474
-0.10858089
0.02703376
-0.13568203
0.0034980818
-0.015306093
-0.12365178
-0.1529335
0.0872228
-0.5831817
0.29668006
0.16812971
0.0069529363
0.077239834
-0.33684376
-0.35244685
-0.8884809
0.052623723
-0.0050828406
-0.6204478
-0.5332348
-0.1728985
0.23515873
-0.2655905
0.0017290738
-0.029427331
0.00039141625
0.036019493
-1.1949418
0.06204726
-0.014952126
-0.01652957
1.3216399
0.0006893057
0.042805333
-0.0039455253
-0.5729576
-0.12562484
-0.38965398
0.00049022736
0.003889358
-0.004397345
-0.06112711
-0.23740542
-0.58462334
-0.07600968
-0.03702785
0.019343829
-0.050629724
-0.35679325
0.4005964
0.04620649
-0.063582666
-0.00093149225
-0.4095132
0.2435353
-0.0029984124
0.005068476
-0.006597793
0.007868065
-0.011941953
-0.0006909011
0.0025798697
-0.0040777447
0.01450338
-0.6738687
-0.029391887
0.042076405
0.035590038
0.024219874
0.018500622
0.036775492
-0.009403051
0.011924879
0.038581617
0.03820791
-0.00882896
4.2007578e-05
0.059840895
0.94645
-0.07334288
-0.40052775
-1.0844975
-0.58588743
0.03856792
-0.0004088491
-0.07197943
0.10755548
0.13144909
-0.00027987896
-0.027099816
-0.17298271
0.0018860315
0.16844028
0.006798845
-0.20939223
-0.39254993
0.05506629
0.18992788
0.026771609
0.29894003
-0.053589325
-0.5386008
-0.5445038
-0.0192638
-0.035101496
-0.0004953711
0.010186652
4.807178e-05
-0.03652825
-0.0027183166
-0.38753602
0.029501492
0.10055156
0.3734699
0.11161817
0.008986067
-0.032907028
0.5506159
-2.520087e-05
-0.15004586
0.015070825
-0.030260624
-0.10831309
-0.007748113
-0.17584963
0.0040953853
-0.37367982
0.07170176
0.12328043
-0.045193586
-0.03225259
0.0006843974
-0.7568896
0.1688123
-0.253835
-0.00920928
-0.14474879
-0.6473048
0.14730114
0.01542963
-0.002199591
-0.0059540696
-0.008723812
0.100386426
0.017122412
-0.040203173
-0.058512017
-0.029590664
-0.047005817
-0.013136954
-0.10430772
0.31528515
0.0901913
-0.17344442
0.07123311
0.15627365
-0.032842875
-0.129349
0.0697143
-0.101862825
-0.00935322
-0.04271446
-0.63334453
-0.02187953
-0.9474988
-0.18559083
-0.74711263
0.0004361781
0.20008387
-0.20111197
0.15398991
0.009083497
-0.0029936258
0.04557504
0.070954725
0.30179793
0.04716809
-0.051449366
0.15134557
0.0050785
-0.34268352
0.6852613
0.064314455
-0.035071276
0.009502692
0.028949142
-0.12232404
-0.74169236
0.0013336276
-0.028957093
-0.11907509
-0.0035138715
-0.0020711767
0.040584326
0.0065441346
-0.12702465
-0.18861952
0.08078233
0.0042857477
-0.0625243
-0.021878207
-0.55616236
6.972838e-05
0.011077198
0.021775847
0.11270144
0.006112063
-0.65768826
-0.03831679
-0.023415063
0.02984537
-0.036351904
0.08638481
0.021197548
0.052933913
0.019733697
0.75453347
-0.047788035
0.18976073
0.005847228
0.0044195973
0.012758126
2.9025662e-06
-1.0061363e-05
0.013633459
-0.0011017815
-0.01102413
0.0331269
0.021669775
0.07437598
-0.03037475
-0.0053480514
0.01956676
-0.00015321486
0.013787437
-0.013264396
0.05613726
0.060982592
-0.13665156
0.33333582
5.0060156e-05
-4.8445145e-05
0.29823273
-0.0060493997
0.0013507985
-0.013421118
-0.04889601
0.049356766
0.011451037
0.2725649
-0.7807293
0.017155653
0.029929945
-0.12269935
0.656677
0.01419209
-0.043876775
-0.051853225
-0.6240918
-0.005470102
0.16260158
-0.30265826
-0.23684892
-0.03247496
-0.011673715
0.16849719
-0.011635508
-0.45562553
0.07375676
-1.1111039
-0.29829574
-0.10966911
-0.21549794
0.8930724
-0.0013109515
0.04536072
-0.035961863
0.015499394
0.022603726
-0.0032248925
0.014884534
-0.1693966
-0.37341082
-0.058089226
0.009763424
-0.025966309
0.023310412
0.055716738
0.070871525
0.48649445
0.07475253
-0.23702568
-0.028860576
-0.005362994
-0.007732274
-0.025319934
0.009415332
-0.03856953
-0.6297065
0.23962064
0.05166254
-0.007967621
0.098900296
-0.07108574
-0.038539957
0.014314386
0.05139396
-0.014592239
-0.04272858
-0.10085991
-0.030829083
-0.11334708
0.023927934
-0.33904526
-0.19799401
-0.098653436
-0.01583692
0.20099363
0.017658172
-0.41641858
-0.51768625
-0.0037836249
0.013990353
-0.03761766
0.07118242
0.17225394
0.08424278
0.14286208
-0.10810709
-0.027449582
0.0034459091
-1.160948
0.017796127
0.06256144
0.00022494596
0.0010643965
-0.1086909
0.32620433
0.0074976073
0.00866604
0.045815274
0.14777112
-0.13702609
0.02587207
0.030937849
0.019223997
0.01600548
-0.75553
-0.35770145
-0.035852
-0.02243748
-0.026876098
0.05053791
0.015091081
-0.107647926
0.009122684
0.04351205
0.0038080446
0.033664424
0.002136098
-0.061993036
0.07300986
0.0001698473
0.040351763
-0.52411675
-0.0170292
0.09713405
0.099355444
-0.028149115
0.24277678
0.013857366
-0.6699051
0.34059387
0.026998194
-0.53386205
-0.029057408
0.06801332
-0.22668675
0.025381455
-0.16642869
-0.03482277
0.21625201
-0.062286615
-0.04414446
0.10040116
-0.13986024
0.05233685
0.13017054
0.3332352
0.026882205
-0.0333887
-0.034998573
-0.13804692
0.014730271
-0.123312265
-0.13711415
-0.029312203
0.0064774286
-0.026030358
-0.15984908
0.09466222
0.052938573
-0.100552835
0.016419757
-0.009761868
-0.23268421
0.39179522
0.013898036
-0.44654948
0.24675253
-0.6040113
0.0084347855
0.004251306
-0.029688919
-0.010285896
-0.008026723
-0.9915596
0.5668163
0.004280057
0.019826178
0.06286922
0.14323217
-0.0007044032
0.004097574
0.0046341233
0.0036793207
0.123779856
-1.1949917
0.016531602
0.03514936
-0.029621406
-0.012284709
0.20427965
-0.009630944
-0.010982993
0.27389997
-0.17156701
0.008462595
-0.16929552
-0.03651229
0.0021300272
-0.000595666
-0.19901994
0.0007063829
0.04759927
-0.007858248
0.0021753309
-0.30293953
-0.002507516
-0.32990453
-0.084282696
0.058482893
-0.0028276949
0.044763703
-0.014954636
-0.09836474
-0.07528547
0.019780945
-0.013815454
1.1666392e-05
0.06313877
0.041868363
0.02928007
0.013158159
-0.062228728
0.00060483784
-0.27859688
0.01375419
-0.007851993
0.000669664
0.030201266
0.015874151
-0.002229251
-0.24602722
-4.7858466e-06
0.09315243
0.0004022233
-0.030948695
0.048069548
7.194874e-06
-0.28001198
0.08746133
0.037906077
-0.0052338415
0.020739503
-0.014490681
0.00040058946
-0.45473835
-0.5426253
-0.0077076117
-0.03606832
0.16725866
0.96997976
0.05112397
-0.0071632736
-0.002292901
0.014261254
-0.07487277
-0.012802325
0.00077449426
0.09765508
0.26300788
0.033770733
0.062682524
-0.0026052112
-0.0005002425
-0.15148939
0.20355268
-0.0059618372
0.03768476
-0.24757719
-0.31142202
0.048059907
0.017575618
-0.04060004
-0.12716861
-0.033725422
-0.061264902
-0.04749189
0.030312246
-0.09700707
-0.6499484
-0.5783776
-0.4044484
-0.030964604
0.0016465507
0.034000184
0.15343775
-0.14349529
0.011730496
0.055496
0.24023306
0.06062083
0.09628021
0.037751246
0.03076137
0.07136078
-0.0005440227
0.22167924
0.07910214
0.09409687
0.019518226
0.008164632
-0.003959375
0.31465182
0.06314078
-0.109092705
0.18629603
-0.0063899774
0.15189546
-0.05958865
0.14930575
0.010700249
0.13111833
-0.07797252
-0.0198945
-1.0541067
0.19705395
0.0046458687
0.0046682055
-0.38484284
-0.0076650786
0.030281091
0.3947067
-0.00034341097
-1.0068771e-05
0.08338668
0.034434207
-0.09452555
0.80728316
-0.00983442
-0.30867803
-0.07265053
-0.0049867015
-0.16375768
-1.1586618
-0.73156446
-0.047543332
0.093050435
0.01447441
0.009298627
-0.0054723523
-0.09818916
-0.24311528
-0.13504383
-0.0100208195
-0.010702755
-0.0074693467
0.01033148
0.00294821
-0.008790896
0.24718648
0.1224385
0.13679063
-0.16622452
-0.21034838
-0.03705095
0.64975715
0.008407258
-0.16888759
-0.007033474
0.0065541137
-0.037764076
0.032485712
-0.08419054
0.0064062243
0.009403843
0.00016030241
-0.2521381
0.03589958
-0.011767596
-0.1173303
0.0021603876
0.03015051
0.04713314
-0.0266874
-0.047823988
0.14273387
0.23381664
0.012478885
0.004310206
-0.000120290344
0.022849651
-0.063677914
-0.0048387996
0.027761722
0.016073328
-0.012515319
0.0024088463
-0.014932429
-0.013873683
-0.085502245
-0.023517266
-0.020345243
-0.005126025
-0.009305106
-0.006333633
-0.08165831
0.23917705
0.0034709368
0.00045086694
0.005787157
0.001638433
-0.0347738
-1.3558888
0.008640396
-0.00081783364
-0.04013919
-0.033143993
-0.0019031143
-0.06454106
-0.0035121762
0.022538861
0.051898118
0.060709067
-0.016155371
0.0077564013
-0.07033081
-0.021214373
-0.0020717604
0.018825091
-0.028351163
0.015083432
0.08700644
-0.22936349
0.17988722
0.004077875
-0.15607947
0.004700072
0.052794807
-0.0012507515
-0.0040116287
0.011370394
-0.15588838
-0.028370889
-0.022240005
0.25015113
-0.056973103
0.011764693
0.047372583
0.00012760186
1.345391
0.012174735
0.03502698
0.25290626
0.12215094
0.78591084
0.0085041495
-0.005143313
0.16973361
0.048515443
-0.0006822654
0.06774241
0.08753613
0.1313587
-0.0032126857
-0.06093428
-0.0073802974
0.03862983
-0.006810538
0.13615668
0.048720725
-0.051769085
0.09641381
-0.39126095
0.2231874
-0.32749915
-0.0067531704
0.5753236
0.06908948
0.0009821106
-0.0027977207
-0.0044068852
-0.016101928
-7.5728535e-06
-0.066841714
-0.0885528
-0.042522226
-0.009335863
0.08110233
0.01778665
0.022133172
-0.110954344
0.0034761375
0.028491938
0.0022451298
0.12020399
-0.022874279
-0.5958207
-0.37817353
0.07945084
-0.17621079
-0.018709391
-0.0027267192
-0.015190197
-0.42898232
-0.03031238
-0.12644266
0.013654159
-0.23750874
-0.28314924
0.0060564335
-0.041816253
-0.0036598153
-0.051940467
-0.58876234
0.0066983113
0.0004107452
-0.5380164
-0.49931067
0.13020344
-0.034703795
0.012360281
0.015838455
-0.02477835
-0.023891015
-0.014350778
0.013314384
-0.044327915
0.018651202
0.007649996
-0.07105473
-0.71607214
-1.2461292
-1.1654027
0.052539002
0.0022282407
0.09681969
0.23298725
0.024370814
0.03859931
-0.5628222
0.11534796
0.08298147
0.008817872
-0.35730585
1.2672071
0.10579845
-0.030028086
-0.003084555
-0.6145597
0.057066254
0.13370417
-0.010972016
-0.026546687
0.03849405
-0.0012059985
0.0021626214
0.03754303
0.70584255
-0.056866355
0.35853168
-0.1662952
0.00063345954
0.010096846
0.058426227
-0.000242762
-0.03421151
0.09975311
0.001339573
0.19727398
0.010627359
-0.0612662
-1.2183509
-0.23634481
-0.06328199
0.42266276
-0.089275636
0.007848852
-0.72195274
0.112147085
-0.010668216
0.08770646
-1.100331
-0.012199055
-0.038422085
0.05178412
-0.14480889
0.023677604
0.012871848
-0.00024353643
-0.043073293
0.1122346
0.018728703
0.06785058
0.15469864
0.17681639
-0.717024
0.14007208
1.261197e-05
0.9521415
0.00033387795
-0.5721853
-0.012262212
-0.045452904
-0.01323554
0.005062333
-0.16066255
-0.0277652
-0.00046131987
0.029830048
-0.0005670562
-0.004683821
-0.13370599
0.12985857
0.00030579392
-0.10823276
-0.1462502
1.7965183
-0.3053843
7.6666475e-07
-0.2077373
-0.0041879667
-0.0057412037
0.000115534516
0.0076234294
-0.16864982
0.2018418
-0.014256743
-0.25103977
-1.3838788
-0.24075602
-0.015382989
0.0018618882
0.015368318
0.02337464
-0.018978631
-0.20933482
-0.39658555
-0.41963
0.023986457
-0.5808254
-0.030940626
-0.059217222
-0.028792407
-0.010608053
-0.003276291
-0.557482
-0.059552405
-0.19825014
-0.0032544867
-0.4241729
0.046253867
0.08205493
-0.0075517683
-0.15752299
-0.0036012006
-0.5152525
0.3652841
-0.37655318
0.0010895649
0.020158693
0.0002202866
0.107282154
-0.041889224
0.033801865
-0.00459554
4.2763753e-05
-0.0007305515
-0.09327628
-0.026243333
7.451253e-05
0.041596647
-0.4167875
0.008896789
0.0054100943
-0.0033901308
0.22658753
0.004102224
-0.27183175
-0.33344865
0.27320004
-0.16887286
-0.050354276
-0.288254
0.01587452
0.00968653
-0.031207645
0.008083957
-0.15572867
0.15317605
-0.02669735
-0.010400788
0.1633692
-0.14664017
-0.023882119
-0.0063936254
0.034951016
-0.37116197
-0.04814555
-0.0046586213
-0.028761594
-0.01506522
0.06334163
0.05921235
0.057997122
-0.07344511
-0.43479484
0.1131639
-1.1045995
-0.19130874
-0.74099445
0.08145869
-0.419647
-1.0967846
-0.25221193
-0.03340204
-0.1983916
-0.005082404
-0.03438891
0.0055429954
-0.06607925
-0.45532796
-0.30253655
0.005268101
0.017400354
0.012510214
-0.10713957
-0.0014876201
-0.01193334
0.03354996
-0.03355647
-0.52505016
-0.026978666
0.0044284784
0.30267397
0.013640167
0.022551484
0.006877362
0.04615873
-0.054016244
0.007636992
-0.003810871
0.011307496
0.08918636
-0.11517003
-0.048333332
-0.0827793
-0.11161017
-0.035761125
-0.06864574
-0.0047562905
-0.036507577
0.008624779
-0.094224416
0.03655783
-0.022244899
-0.07355505
-0.03633362
-0.23908572
-0.99350214
0.01735136
-0.0407067
0.2501431
-0.16604324
-0.0068237945
0.03566443
0.18603466
0.0001660389
0.37630406
-0.0068503125
0.011172381
0.13468102
0.37555912
0.063534416
0.019116936
0.0006878822
-0.34487942
0.15240294
0.107490316
-0.12398999
-0.25523725
-0.0157411
-0.06707011
0.34746522
-0.041362293
0.013888546
0.22868864
0.0028561887
0.06985729
0.18698566
-0.0034536582
0.08285721
0.094201624
-0.23509234
-0.025467107
0.00061339024
-0.0018048758
-9.136771e-06
-0.026152775
-0.24423419
-0.17581792
0.27827764
-0.20331493
-0.012864146
-0.37976047
0.1176508
0.37057775
0.0070020445
0.017459583
-0.1104019
0.26030475
-2.9032963e-05
0.017927378
0.001006322
-0.00039741743
0.18316446
0.08338545
-0.005152518
0.3855038
-0.13966277
-0.0018428244
-0.033771306
0.35490698
0.1411888
-0.11549344
-0.014925179
0.0106675085
0.067240246
0.1146002
0.054646622
-0.30353138
0.038363613
-0.0048053884
-0.07093026
-0.25579706
0.08577355
0.07389611
0.08701463
0.0051772776
0.15342478
-1.0146163
-0.0040305573
0.032262992
-0.009186723
0.10073762
0.12933008
0.014930688
0.26808843
0.1326771
0.10724356
-0.012790955
0.120028995
0.0013187445
-0.5672488
0.20029794
-0.10454887
0.015357571
-0.002104873
-0.1643929
-0.018670825
-0.17569925
-0.2381689
0.02137417
0.022343723
0.04166305
0.0007808567
0.0061298036
-0.37688828
0.03406316
-0.02378061
-0.17158253
-6.500224e-05
-0.21228883
-0.0011804395
-0.11188023
-0.0006403465
-0.01993227
-0.0018863402
-0.00043763284
-0.020885522
0.00073105027
0.025623454
0.09457619
-0.1212149
-0.18534307
-0.0029099225
0.28008047
0.074666485
0.00010060639
0.001425481
0.034073345
-0.39038005
0.031174999
-0.0606146
-0.20521255
0.018223118
0.023346525
-0.080822915
0.051813405
0.0015779652
0.10066243
0.1664742
0.041934542
0.037258334
