-0.22796185
0.25108162
-0.29250777
0.1276419
-0.0032031373
-0.007974358
0.71960366
0.3917792
0.21839884
0.09059072
-0.00043561382
-0.13000561
-0.019240867
0.08957882
0.13533275
0.0011193575
-0.00024595577
-0.63716006
-0.06387975
0.28902018
-0.07079655
0.06497211
-0.124610834
-0.0094479
-0.0023972841
-0.58867496
-0.39478958
-0.15421216
9.984389e-05
0.22036177
0.26461023
-0.10903081
-0.046716083
0.37631902
-0.22285336
0.08632207
-0.98048306
-0.020067053
-0.04542817
0.2616102
-0.31746167
0.022607192
0.12892061
-0.4705608
-0.6856723
-0.23979051
-0.0026730539
-0.05715501
0.10358237
0.16260953
-0.14409246
-0.64580125
-0.00552029
-0.55400443
0.05763546
-0.022727212
0.06822676
-0.0014015487
0.517231
0.13206144
-0.72246313
-0.22700666
0.047864836
0.00091441616
-0.3325559
0.05271612
-0.003489568
-0.042752318
0.25154454
0.0008482644
-0.008303739
-0.17817353
0.0023515483
0.26615778
-0.00094556215
-0.15190198
-0.1418268
-0.19202547
0.037996974
-1.022526
0.014148121
-0.19790058
-0.050978847
0.012285977
-0.1597441
-0.011212102
0.011000482
0.048078917
-0.834517
-0.17509454
0.017971862
0.05501049
0.2979611
0.013251415
-0.43291536
0.21258458
-0.17293
-0.009123003
1.2622843
-0.016220616
0.008688151
0.0007308017
-0.43228653
0.0054768547
-0.47682387
-0.07433905
0.01333859
0.00060642377
0.024327222
-0.42151898
-0.5978366
-0.1626953
0.014186812
-0.78358066
-0.16188349
-0.08364759
-0.336884
0.09676899
-0.029870119
-0.18894988
-0.0053363494
-0.00038170454
-0.39444247
-0.0025488911
-0.20411235
-0.2959688
-0.033896904
0.23606274
-0.17192267
0.45745474
0.1773165
-0.6873205
-0.29125857
-0.6823114
-0.01117737
1.4887602
0.0010267913
0.17862706
-0.33169723
0.057615165
-0.06643583
-0.033980455
-0.06462398
-9.183999e-05
0.09476289
-0.29070747
0.028011672
-0.038236246
-0.07188184
0.015694791
-0.0003437199
0.17877752
0.32799208
-0.017093925
-0.00876199
-0.41132382
0.011122059
-0.7259471
0.006408813
-0.0036115954
0.1581457
0.121536404
-0.2942471
-0.200976
-0.12145504
0.1646755
0.03531461
-0.6157897
0.66892385
-0.26102796
-0.27857682
-0.054929335
-0.20024028
-0.3285831
0.11841973
0.5651237
-0.07924475
-0.07709228
-0.0029279268
-0.31150758
0.015774699
0.024364814
0.0066180807
-0.6617227
-0.15834835
-0.0923543
-0.022977252
-0.0043067755
-0.33610854
0.07090125
-0.013941284
-0.0435249
-0.0028001962
-0.012523437
0.036193542
0.2067044
-0.00039424864
0.06111612
-0.2525267
-0.3251681
-0.2823941
-0.18527046
-0.036404926
0.027660131
-0.012573103
-0.8251177
-0.17371088
0.11802029
-0.042960513
-1.0582819
0.00602932
-0.18704456
-0.0021035478
-0.3536041
-1.1971661
-0.006768048
0.0055490956
-0.009772843
0.0047532595
0.7076438
0.041374825
0.38138884
-0.085166946
-0.3096092
0.00534752
-0.012126462
-0.6374655
0.100203075
0.21234135
-0.21097016
0.524432
-0.1481914
-0.66348064
-0.58753586
0.0010497742
0.16496783
-0.37784857
-0.39056703
-0.610453
-0.057350572
0.08898699
-0.31478646
-0.46866494
9.198035e-07
0.3766838
-0.0054555787
-0.07197258
0.043863267
-0.5007194
-0.012785712
0.20600554
0.026610041
0.0008910733
0.004955826
0.10938289
0.47975826
0.012679466
0.75496775
-0.12403093
0.0021377576
0.029242942
0.2126242
0.050507355
0.0092579285
-0.12855442
-0.17639573
0.2001828
0.10757995
-0.018706415
0.020030864
-0.10636385
-0.74421006
0.17372179
0.13014105
0.33530408
-0.5387586
0.4000429
-0.07885936
0.3003102
0.017385554
-0.18525374
0.09643037
-0.42160472
0.09577597
-0.59165204
0.04419942
-0.09879971
-0.0610014
-0.02372877
0.35053483
0.007741261
-0.038075656
0.17440505
0.19774844
-0.35504338
0.22114262
-0.5481101
0.26215377
0.049282223
-0.051535167
-0.0132409
-0.031465273
-0.042653084
-0.011259826
0.015587299
0.0012522633
0.008817912
-0.17417748
-0.03182688
-0.36886668
0.025622334
0.15961222
-0.5147863
0.11852329
-0.013285372
-0.26219067
0.09976534
-0.03151936
0.026051383
0.025516648
-0.14700772
-0.6252245
-0.011020529
-0.15292913
0.26042873
0.12075067
0.34206477
-0.21775812
0.070122376
-0.32883915
-0.00089320244
-0.32096195
0.009129173
0.34338358
0.0062543415
-0.21267585
-0.0017185039
0.09715052
-0.006840406
-0.15253909
0.33929363
0.013196471
-0.097931474
0.2610229
-0.008855354
0.01511874
-0.3865707
-0.050969213
0.11665316
0.06715375
-0.2185085
0.0014243869
0.27769437
-0.7130422
0.07350751
-0.009898238
-0.31038016
0.08279787
0.015006347
0.44135872
-0.30258647
0.05523788
0.13822718
0.06976861
0.00020060221
-0.16275269
-0.0017889056
-0.0017072035
-0.063946635
0.000732741
-0.19636165
-0.036520697
-0.13157544
0.015538232
-0.4747181
-0.44340006
0.24196382
0.023567008
0.0026166032
-0.002168489
-0.027991403
-1.1961519
-0.20119236
-0.013546308
0.038751505
0.52660227
-0.00925796
-0.0773661
0.069193244
-0.29337108
0.015190673
-0.7871002
-0.15508799
0.0004063451
-0.021879518
-0.28787804
-0.19629265
0.3468892
0.04608697
0.5008099
-0.5896517
0.12792316
0.2734586
0.2215682
0.06391815
-0.0031306676
0.16437848
0.057811037
-0.021980857
-0.31354475
-0.25954038
0.009143419
-0.6502922
-0.07910636
0.026913231
0.44789276
-0.0031625824
0.12600772
-0.101707526
0.116970666
0.08800098
0.1079897
0.0020525523
-0.068869136
0.39760467
-0.19203942
-0.06633258
0.029059092
-0.0022863848
0.29297757
-0.32928863
0.10713491
-0.018068254
-0.14148517
0.068077534
0.34996444
-0.1870599
-0.14779338
-0.21072681
0.102262884
0.04009988
-0.004778964
0.17041378
-0.30037606
0.13215815
-0.00025796366
0.079290204
-0.0050591165
-0.009297276
0.014597886
0.0020648334
-0.20866579
-0.79788435
-0.42439833
0.091234535
-0.0928503
0.069906384
0.04315739
0.001728202
0.000982871
0.202147
0.044448704
0.36396453
-0.001860286
0.10470303
0.07117915
0.09262013
0.16886143
-0.1857818
0.001722437
0.03317333
-0.26110452
-0.63920116
0.45851076
-0.021677438
-0.20517834
0.12834129
0.040633887
-0.081382975
-0.29123968
-1.5459803
-0.07361515
-0.2977182
0.38536724
-0.34880558
0.033717252
0.006203233
0.0007243478
-0.045447305
0.94642836
-0.35080642
-0.11590191
0.009341792
-0.00014841491
0.05351726
0.29871705
0.09185354
0.022027574
-0.5101951
-0.0056161378
0.2130277
-0.0063937027
-0.11013895
-0.065458775
0.027464341
-0.006908878
-0.23002668
-0.0044985195
0.13147524
0.13998878
-0.42809036
-0.0030491485
0.0005843277
-0.2134601
-0.63648593
-0.29707435
-1.0938852
-0.039271057
-0.21265118
-0.83340466
-0.06543739
-0.022781136
-0.50899565
0.58059525
-0.001715765
0.32484153
-0.010078485
0.1947691
-0.050110273
0.002893908
0.25701553
-0.0036311503
-0.44710845
-0.17422552
0.2665332
0.18558165
0.0129593555
-0.016841555
0.12541462
-0.00901075
-0.8097256
0.28308424
-0.067250594
0.015698045
0.103547536
0.0005686558
0.18509068
0.28326166
-0.21501853
-0.20030831
-0.0075927693
-0.70918155
0.0045605293
0.26610467
-0.61135286
-0.0073817717
0.020185672
0.675113
-0.09624476
0.012213133
-0.14910904
0.69737065
0.3028906
0.34462377
0.03502478
0.011528182
-0.758886
0.36118668
0.431257
-0.3486891
0.12782961
-0.02036838
0.38821942
-0.20249656
-0.23578799
0.046599425
0.045369107
0.057366464
0.005773121
0.24178542
-0.030219052
-0.19419138
-0.026829408
0.31431744
-0.36314878
0.07307676
0.008720869
0.26804167
-0.21928863
0.073913835
-0.6209169
0.04602708
0.00066870236
-0.001292653
-0.04049388
-0.7626765
-0.046348695
-0.2961053
0.0029422077
-0.2517339
-0.5218924
0.0025841054
-0.09981588
0.11051771
-0.033811774
-0.4725346
0.2146826
-0.0072474
-0.0016127096
-0.8582485
-0.052759472
-0.4929585
-0.11322871
-0.49323964
0.016347973
-1.077189
-0.7487394
-0.0661863
0.3979673
0.12898129
0.070805155
0.10325193
-0.123861864
-0.030153358
-0.49041882
0.05968333
-0.0007967893
0.0048187594
-0.25343144
0.2590089
0.31597123
-0.014809793
0.1286013
-0.088967614
-0.00206011
-0.30971926
-0.008658502
-0.43456346
-0.14824316
0.29799128
-0.39760122
-0.04957507
-0.095160075
-0.008133384
-0.0016945183
-0.079543754
0.46978623
-1.5702417
-0.41040948
-0.5514866
-0.6814606
-0.011267539
-0.008494486
-0.10384226
0.29282627
0.03789277
0.1023014
0.000657847
-0.33436978
0.007825819
0.018626288
-0.03179225
-0.00037143345
0.09028858
0.14291233
0.037392274
-0.021109764
-0.3153763
-0.6250172
-0.15635994
-0.035858642
0.10299705
-0.020045388
0.06023196
-0.21808115
0.21342155
-0.08958147
0.0043776645
-0.0049752505
-0.73781
0.014487007
0.09231549
-0.10158635
-0.0017480311
0.0063751093
0.09749523
-0.013536298
-0.16861646
0.54801136
-0.0011897678
-0.01377871
-0.42606914
-0.30843094
-0.9890399
0.01981795
0.21845558
0.0012358321
0.3172795
0.020696186
-0.073721506
0.0067761466
-0.06259677
-0.2574588
0.13323183
0.026195778
0.0022744497
0.13561577
-0.0017231726
-0.02177125
-0.09219239
-0.16785972
0.18896556
0.00016638497
0.23781778
1.20222685e-05
0.49130267
-0.035633467
-0.41826373
-0.28805268
0.36763597
0.057873808
0.29486528
-0.022902647
-0.014301497
-0.24213979
-0.36370325
-0.016891258
0.14676848
-0.018120691
1.6940862
-0.009874366
-0.13938493
-0.0013537955
0.03814502
0.007951602
-0.07878652
-0.5505581
0.23284552
0.33701587
0.08491568
0.37438226
-0.74918604
0.05466664
0.026904618
0.0028453618
0.0049541807
-0.56021994
-0.00072012865
-0.016200105
0.25267634
-0.13155302
-0.082905255
-0.0076591983
-0.20234181
0.0004730774
0.037188422
-0.1544035
-0.30267134
-0.0013979855
-0.021843595
-0.070474416
0.074710645
0.039656844
-0.31986946
0.020651683
0.34080335
0.3005512
-0.08468644
-0.6059811
-0.47506878
0.00076811796
-0.00873437
-0.27593336
-0.28235993
-0.03357025
-0.5526994
-0.3711352
-0.4804734
-0.021421345
-0.060034167
-0.02437214
0.5291173
0.23948334
-0.5549259
0.18063526
-0.36423266
-0.2291691
0.17850685
0.17728345
0.0126893
-0.06924283
-0.0018564349
-0.2243231
-0.46754956
-0.41698292
0.39570993
-0.011679854
-0.026988091
-0.015754309
0.037734773
-0.14408126
-0.05267828
0.05238391
0.38287356
-0.06992541
0.011229508
0.061917502
0.02158261
-0.24512452
-0.021407004
0.06946184
-0.005350183
-0.44787592
-0.06740942
0.13584779
0.008294129
0.0011126988
-0.5495844
-0.08619439
0.05510146
-0.99940956
0.14259535
-0.43999293
0.112389915
0.0048174
-0.14101274
0.08982521
0.08246655
-0.131844
-0.02264401
-0.2896836
-0.18113898
0.04922857
-0.0115015
-0.010064898
1.1671442
-0.025286796
-0.8858319
0.097971365
-0.25847146
0.18750946
0.0011610077
-0.0037301902
0.06951572
0.007012666
-0.33170244
-0.0041275257
-0.14257394
-0.044894468
-0.41562924
-1.0206586
-0.41476983
-0.49590555
0.07401388
-0.11861042
0.23603809
-1.0931449
0.004651143
-0.22537656
0.25556085
-0.005299948
-0.096536726
-0.5802294
-0.21157101
0.32208315
0.15896818
-0.096075855
-0.296803
0.15579125
-0.7139057
0.00013787174
0.29794434
0.001701503
0.04730258
-0.15060638
-0.006444637
0.0035931577
0.29427424
-1.0692577
-0.419422
0.33358654
-0.5540584
-0.32111254
0.0029871871
0.6326585
0.028066766
0.030563988
-0.12201229
-0.3050808
-0.4042432
0.009439614
0.09392016
-0.59907
-0.0047652205
-0.45627683
0.48256278
-0.07648225
-0.015121631
0.0071027386
-0.08779937
-1.2134184
0.010897213
-0.2101113
0.018896362
-0.023067884
0.001341467
0.046547532
0.0822122
0.2762585
0.35876724
-0.27824587
0.0
0.20968969
0.09505388
0.006652816
0.18286617
0.07671407
-0.4046464
0.21580853
0.8755703
0.07891916
-0.08114523
-0.003875965
-0.26132777
0.006513667
0.044856958
0.17570649
-0.04783693
-0.097654045
-0.31815082
-0.34102273
0.028506648
-0.2912145
-0.20307839
0.29498288
-0.30707887
0.27723578
-0.30175024
0.4123291
0.07315674
0.24800865
-0.023944344
-0.05358547
-0.05357134
0.0038595216
-0.061868686
0.32067576
-0.10235063
0.10883194
-0.45599997
-0.059465926
-0.35301575
-1.4508122
0.17424263
0.028117863
0.029809255
-0.0010783926
0.26574194
0.21867916
0.42529887
-0.007654198
0.30478346
0.0020271214
-0.09336975
-0.6043879
-0.027010705
-0.045949414
0.3652502
-0.025642496
0.103840694
-0.0029884588
-0.06409431
-0.09385913
-0.019583495
-1.3987799
-0.33091563
0.02790152
-0.016837168
-0.1508985
0.076175466
0.0072139334
0.046293247
0.041422606
0.0034604513
-0.0119639225
-0.004196473
0.03734252
-0.0005502234
-0.09959946
-0.14853024
0.00042560653
0.3285939
-0.07845201
0.54142797
0.016808102
0.36254466
-0.014428794
-0.19099873
0.064031206
0.09483075
-0.2103374
-0.3847651
0.065814726
-0.056220632
0.0016650227
-0.17557286
0.051397555
-0.060580675
-0.40437683
0.2421597
0.17288208
-0.08847779
0.11792225
-0.0014431626
0.02582176
0.014021347
-0.068328075
-0.102571376
0.08132992
0.24888293
-0.48868424
-0.009946067
-0.6591765
0.029662764
0.37200722
0.008887446
-0.010158561
-0.04907151
0.04626123
-0.010393224
-0.2880783
0.043642323
-0.116422825
-4.8706843e-06
0.059063792
-0.0018292874
0.006667197
0.22972712
0.0030763792
0.51005733
-0.14403132
-0.07590507
-0.027181154
0.0005004354
0.13822894
0.11631251
0.344009
-0.87151176
0.8151848
0.17570262
0.014764182
0.050503578
-0.0066367495
-0.00413985
0.01980594
0.112813555
-0.22872823
-0.11382431
0.06822934
-0.3355893
-0.0021421318
0.041411843
-0.023891386
0.120939866
-0.44619423
-0.017417565
0.0024359128
0.22177231
-0.59442675
-0.4895957
0.51649415
-0.11365064
-0.019923061
-0.023835333
-0.112709366
-0.010844022
-0.26046008
-0.02906517
-0.0021185416
0.40726495
0.0142010255
-0.15099984
-0.019397823
-1.1363643
0.40518677
1.0867815
0.29189932
-0.026301103
0.1932477
0.19631405
-0.48476768
0.2347921
0.06486466
0.6723437
0.55407614
-0.0068567907
-0.27240977
-0.32003936
0.019961108
0.0051199705
-0.5695062
-0.03641987
0.19750349
-0.00017042866
-0.46528813
-0.37687978
0.13516285
-0.028407322
0.14012513
0.43194893
-0.007321259
-0.007635148
0.011864818
-0.059944823
-0.49465042
0.1260726
0.085410096
0.31561935
-0.2781159
0.2739396
-0.78285253
-7.168209e-07
-0.01948853
-0.39169005
0.0049536102
0.15934424
-0.06312362
0.008443793
-0.11896839
0.21248
0.2571578
-0.54573774
-0.4754391
-0.005829485
0.017772539
-0.012102722
-0.0061736833
0.00046978696
0.24751551
0.07308268
0.0041226745
0.06654302
0.1593327
0.47535968
0.014676319
-0.00031633105
0.33042657
-0.028302643
-0.40178958
0.010177197
-0.28466442
-0.12114764
-0.5021654
-0.15195322
-0.017144963
-0.031520776
0.09706421
-0.043695908
0.07533257
-0.42936996
0.21354854
0.5002855
-0.010865523
0.16389886
-0.12204184
-0.034593135
-0.05981382
0.098243155
-0.020974059
0.003590113
-0.16261743
-0.33806163
0.0064123906
-0.64273226
-0.22081698
0.028297007
-0.16153719
-0.035542533
-0.27002224
-0.04322891
0.012057092
0.003530015
-0.01143233
-0.0012196752
0.03715398
-0.12818496
-0.0056306804
-0.23718676
-0.18067852
0.13557498
-0.72144586
-0.39050373
0.07162373
0.11903698
-0.004365322
-0.6539092
0.1772647
0.009125113
-0.08916543
-1.2189497
-0.5411893
-0.51299405
-0.009038217
-0.14978716
-0.21993388
-0.35102066
0.17969827
0.24677844
0.03687515
-1.5612015
0.24736933
-0.013321862
-0.2799642
0.4995373
-0.91219693
0.006627762
-0.27978313
0.25020486
1.2064066
-0.40650323
7.756754e-05
0.1309868
-0.0029872295
0.3846815
1.0499482
0.092457056
-0.19515754
0.18342227
0.0004032565
-0.028576018
0.20403446
-0.5624054
0.0052464157
-0.07245909
-0.3988923
0.0680094
0.2453376
0.00071219483
0.08923557
0.001625856
-0.16460016
-0.047366984
-0.3338019
-0.0036838732
0.03055896
0.52354234
-0.001065949
-0.32663125
-0.18943742
0.23887347
0.01829624
-0.0059437105
-0.020763561
0.16911004
-0.26834017
0.02195921
0.17600758
-0.4862247
0.07737481
-0.15318936
-0.069023296
-0.021173336
-0.0632493
0.31705296
-0.030621875
0.00280548
-0.066962935
-0.27214685
0.02730956
-0.3179484
0.8604193
-0.28250092
-0.015737176
0.28198192
-0.53339237
-0.030140184
-0.29680377
-0.074320205
-0.070716724
-0.2303928
-0.12628403
0.22286305
-0.13747023
0.01034292
-0.16754812
0.024979016
-0.18037929
0.41437915
0.021984538
-0.039440386
-0.55825365
0.006271906
0.03546908
0.07179449
0.27163598
-1.1781218
-0.018857067
-0.10289976
-0.074397676
-1.0770882
-0.22375722
-0.11112232
0.21081255
-0.24320513
-0.0049866345
0.0026480537
0.0145173175
0.12871839
-0.53283775
-0.3616646
-0.21605681
0.24614385
-0.009555918
-0.022614915
0.014594074
0.48597732
0.15142532
-0.07855865
-0.096393414
0.4344318
-0.2602331
-0.07510028
-0.0885538
-0.043388754
-0.65329564
-0.54588383
-0.015444418
0.18949553
-0.07268526
0.20356627
-0.014268974
-0.28073633
-0.007954246
-0.0020825055
-0.30139703
-0.082373604
-0.39197084
0.4817432
-0.33562058
-0.038103208
0.026739065
-0.13964084
-0.20731767
-0.46879166
0.06794393
0.28678384
-0.37829757
-0.071830235
0.023463232
-0.11191303
0.08534072
0.8429043
-0.875824
0.030877471
0.0017268858
-0.27327737
-0.45684987
0.05716865
-0.0068581994
-0.010134086
0.3598298
-0.02663993
-0.1215689
-0.07514411
0.025239287
0.0889743
0.081467815
-0.41782492
0.007873147
0.005234912
-0.3325426
-0.5102207
0.07763351
-0.090996794
0.14567278
0.13464656
5.7062716e-06
0.06593237
0.0006591911
-0.11791328
0.1979748
0.14067103
0.17042033
0.0024781015
0.14893843
-0.3385345
-0.0104332855
0.12815078
-0.45370132
-0.50369287
0.1438116
-1.5098193
-0.19644445
0.024830528
-0.17629533
-0.020136839
-0.17291033
-0.0011740265
0.37965703
0.050803702
-0.26562667
-0.07164181
0.010350112
-0.2726948
-0.379468
0.02572059
-0.025583165
-0.004208292
-0.0022251352
0.2791913
0.0043278257
-0.723448
-0.3553828
-0.024787223
0.07153429
0.008625752
0.14696018
0.2037642
-0.017037127
-7.0515e-05
-0.41995382
-0.5212569
-0.30843604
0.03293808
-0.31459603
0.22964022
0.07397988
-0.0061992826
-0.0016629343
-0.11109196
-0.100982524
-0.59588236
-0.001302012
0.008381098
-0.003422151
-0.3145778
-0.38490534
0.096943766
0.00040047878
0.079339966
0.041228935
0.16781315
0.016495103
-0.6767791
-0.14215569
-0.12561439
0.036453333
-0.11400991
-0.12386687
-0.02835556
0.2429666
0.006210351
-0.3166878
-0.011594185
-0.044760127
0.27157524
-0.0055109346
0.0014877486
-0.3705235
0.008172427
-0.06251892
0.14297207
-0.0014930266
-0.6221571
-0.043477662
-0.5567714
0.0080571715
-0.054362766
0.00019101206
-0.75144
-0.13105482
0.11757127
-0.004531598
-0.2533122
-1.3892083
-0.03609335
0.08489022
0.01723169
0.02608648
0.3862389
0.30657125
0.2584904
-0.27277517
-0.029059226
0.061376087
-0.080198884
0.14384258
0.10334604
0.09810013
0.73904735
-0.031640947
-0.06306785
0.4928251
-0.58380073
-0.22904849
0.52727866
-0.398459
0.5176096
-0.45363736
0.18665439
-0.014349281
0.0015346785
-0.4774931
-0.35184672
0.21474153
0.11899872
0.040454682
0.003906892
-0.12454052
0.18381251
0.01676564
0.39885083
-0.22564946
-1.0803262
-0.25801784
0.23431404
0.002961012
-0.008616042
-0.07506955
-0.38201186
-0.0016722531
-0.08925282
-0.55710936
-0.13773566
-0.07415888
0.011972951
0.33316916
0.023463242
-0.1505668
-0.079130076
-0.14278837
0.0008595176
-0.023198416
0.012730737
0.008465762
0.07321238
-0.0046130773
0.07003888
0.0010233847
0.038339123
-0.39064568
0.2609033
0.59990036
0.6477659
0.27497697
0.0875935
0.031037005
0.011790782
0.018560514
0.12927084
0.083973624
0.26379138
0.012145679
0.034806862
0.18056607
-0.10231297
-0.1523066
-0.738532
0.02789364
-0.5643002
0.03513407
-0.54078496
-0.09220675
-0.05040891
0.30972728
0.21469711
0.01459266
0.011760736
-0.14195171
0.09826227
0.18256265
-0.17294772
-0.1526108
-0.002855428
0.19962363
-0.6133741
-0.41252136
-0.01540819
0.16575226
0.09152317
0.1102787
-0.12787426
-0.16342388
-0.083428755
-0.005648554
-0.04635334
-0.22783712
0.018477846
-0.09664888
0.00025653344
-0.0338608
0.0005722237
0.053990446
-0.832935
-0.2016195
-1.2852224
0.16755989
-0.24807416
-0.07880069
0.021397226
-0.0035963706
-0.08671559
-0.15408741
-0.13958488
-0.40547937
-0.16492744
0.058984797
0.1777804
-0.6700612
-0.00011276939
-0.18470444
-0.003253685
-0.031085415
-0.40943724
-0.8657217
-0.4924314
-0.18296736
-0.29990447
-0.14190394
0.7015666
-0.0011807055
0.28218803
0.22352238
-0.06338528
-0.00060894364
0.026658231
-0.21050636
0.0013955517
-0.21286878
-0.96007323
-0.35813698
-0.0008666295
0.26602578
-0.057530623
0.00015939993
0.21792376
0.011446183
0.045888685
-0.20534146
-1.0101345
-0.008601121
0.14366058
0.31737903
-0.48554105
6.964463e-05
-0.24105568
0.014634528
-0.5196053
0.22688755
-0.0045433957
-0.4914276
-0.08396522
-0.46303332
0.08057734
-0.029941116
0.0021152187
0.047971845
-0.41701552
-0.291119
0.37230635
0.00039342913
0.036131766
-0.469837
-0.007368086
-0.13850087
-0.2786847
0.015965534
0.116235845
-0.004812947
-0.33980393
-0.08106843
-0.007581686
-0.35296765
-0.1596154
0.14822477
0.1424815
-0.3904468
0.12652841
-0.61070096
0.74023306
0.014219568
0.22677197
-0.017754259
-0.48330444
-0.18319398
1.06480475e-05
0.0047950763
0.12747782
-0.35097966
-0.5489675
-0.11487171
-0.52728987
-0.136764
0.2609155
-0.3452028
-0.00044117603
0.43502048
0.15443495
0.27417544
-0.21845223
-0.2854722
0.031305537
0.035970915
0.0024941482
-0.2032261
-0.6436531
0.48029235
0.020388255
0.012557513
-0.04904872
-0.08058595
0.6138681
-0.08061387
0.017784616
-0.19053084
-0.012259711
0.065677345
-0.00070339604
-0.008077799
0.003372264
-0.051426567
0.21061417
0.0017877169
0.0015807613
0.018671293
-0.06344792
0.034700505
-0.1776726
-0.078051224
-0.23275878
0.0107871685
0.01319548
-0.6708697
-0.55010736
0.37573522
-0.0026607602
-0.29634613
-0.12537259
0.2611531
-0.08593468
-0.005848453
-0.44074133
0.02829217
0.051150814
0.1645894
0.043605868
0.054203905
0.0019420104
-0.41159087
-0.26248318
-0.06463526
-0.2915385
0.03257163
-0.022404063
0.04140841
0.19444376
-0.008011622
-0.023221875
0.012871658
0.22004057
0.122544594
-0.6634867
0.119765215
-0.23168337
-0.009274153
-0.24721748
-3.882423e-05
-0.050909832
-0.1810007
0.2594789
-0.5099944
-0.58084065
0.19111602
-0.21349308
-0.07726516
-0.54119235
0.85027456
0.07099192
0.66457504
0.0022081097
-0.13912663
-0.031243432
-0.32084918
-0.048340645
-0.09167757
0.0034484658
1.1635131
0.021122903
-0.35169756
0.058268014
0.3625082
-0.9434439
-0.17889783
-0.108958445
0.2796757
-0.22215693
-0.036508266
-0.34809157
-0.41319418
0.1968518
0.009732615
0.003938752
0.31924576
0.13989371
0.109492585
0.648711
0.7565527
0.03349335
0.18077804
0.069328696
0.0021943895
0.24578725
0.059435107
-0.0030727284
-0.10507089
-0.08930478
0.0073504266
0.39585117
0.3426873
0.0151257515
-0.23949957
-0.047369868
-0.32254705
0.028627707
0.55075145
0.099544466
0.05397427
0.00026391877
0.295704
-0.019215379
-0.0025314256
-0.14193322
-0.049528636
0.22707632
-0.00021771104
0.019805128
0.45301932
-0.022717472
-0.49308193
-0.387277
-0.11237582
-0.112010956
0.0028724042
0.00717137
-0.063141115
0.0087948935
-0.51780176
-0.111203514
-0.030433998
-0.101216614
0.6054472
-0.30249777
-0.08165067
0.056736857
-0.01482503
-0.55422723
0.25182492
-0.9213788
0.0007305354
0.20032422
-0.2852406
-0.39004925
-0.061481453
0.004079055
-5.6870376e-05
-0.053690612
0.008302899
0.011698606
-0.114981234
0.17948017
0.41270506
0.09033201
0.1364456
0.23979384
-0.00050867134
0.12129415
1.3048743
0.21158296
-0.012457688
0.42734063
-0.42814502
-0.00083114847
0.09903654
0.07984441
-0.36854514
-0.026375711
0.12459653
0.17841192
0.16641922
-0.47076434
-0.1453489
0.07495765
0.0047434196
0.009723802
-0.18176533
1.0762608
-0.00017702347
-0.4446908
0.010626465
-0.0069288653
0.06910755
0.0061607757
0.34501153
-0.50852996
-1.0292549
-0.013317604
0.06181167
0.24916238
0.2401335
-0.009088718
-0.071300216
-0.26312503
0.021658542
-0.094124205
-0.005520204
0.41745692
-0.24652058
-0.095913224
0.0003577318
-0.39714438
0.26294833
-1.0459869
0.14122935
0.030104414
0.6290118
0.060325466
0.14375058
-0.11895807
0.09003409
-0.002880972
0.17828305
-0.00550296
-0.2170178
0.086691044
-0.5418413
0.014781075
0.16691567
0.01747944
-0.0032996202
0.023249127
0.0
0.00020691291
-0.01516929
0.07317266
-0.2760296
-0.315725
-0.39613494
-0.0022363022
0.041426204
-0.11680521
-0.06541375
1.0836596
-0.012623885
2.8445236e-08
6.054321e-14
-6.1142724e-05
0.27924633
-0.5318252
-0.16108117
-0.023892762
-0.14249662
-0.014073337
-0.038362134
-0.049962617
-0.0021972992
-0.23271088
0.13432673
-0.27155945
-0.23245572
0.41978973
-0.0030808353
-0.39528614
0.0008404437
0.075849935
0.20550516
0.069741994
-0.00814253
-1.3983619
0.013673701
-0.1291938
-0.5397833
-0.15632036
-0.011511845
0.019468674
-0.046236914
-0.10546587
-0.42237958
-0.03734726
0.09972194
0.0591709
-0.039729707
0.0016754004
-0.14463215
-0.00017253589
-0.42818233
-0.67670804
-2.3645667e-05
0.18292585
-0.031180888
-0.024962865
-0.2372201
0.008584014
-0.37748805
-0.35207668
-0.8128426
-3.8987323e-06
0.10010141
0.03672473
0.05224943
-0.0004480255
0.086241625
-0.4648618
0.0010248263
0.16093256
0.6235707
-0.001631187
-0.010666004
-0.80707496
-0.450241
-0.0022708133
-0.015794499
0.033184912
0.03285879
0.014532034
-0.17049907
-0.40375876
-0.0010154401
0.38681114
-0.70703673
0.15581241
-0.036361024
0.1462631
-1.3061802
0.28192064
-0.043767672
0.15293746
0.02825658
-0.33551237
-0.038171344
-0.016592411
-0.36103684
0.016498106
-0.10468154
0.2613962
0.05381717
-0.21628217
-0.36934906
-0.017560856
0.0143141635
-0.14177577
0.019725068
-0.056668893
0.25210342
-0.52616453
0.17317554
-0.67811006
0.12106065
-0.30019695
0.032630842
-0.7122503
-7.3190466e-05
0.10228415
-0.40267032
0.27223387
-0.43063137
0.00020879034
0.14736353
-0.42617208
0.17155668
0.42934078
-0.03525254
-0.6327896
-0.12547024
0.039806534
0.0099699255
0.015810043
0.18594016
-0.21555722
0.008038794
-0.17225243
-0.023382463
0.35547042
-0.39365774
-5.70791e-05
-0.011281635
-0.065246716
-0.25220007
-0.18966375
0.005480443
-1.2910209
-0.15781082
-0.040120054
-0.31594977
0.32281578
-0.089361064
-0.03989197
0.0722898
0.41376024
-0.47715288
0.70623094
-0.1228628
-0.045566034
-0.0005993901
-2.4876816e-05
0.114722595
-0.055763904
0.0088223135
-0.30561516
0.23451464
-0.28724438
0.18692352
-0.22419159
-0.5870379
-1.2216138
-0.061757773
-0.3830306
-0.08760053
-0.53957355
-0.4386902
-0.007432565
-0.4078607
0.021250462
-0.020587789
9.594357e-05
0.0019565648
-0.30279797
-0.14739676
-0.13449472
0.18320508
0.012825621
-0.06391773
0.06581631
-0.35286105
-0.060747266
0.13265543
0.21656929
-0.2246387
0.5193173
0.0010576093
-0.050509013
-0.08329885
-0.6625562
0.04140537
0.11270148
-0.10642142
-0.14330235
-0.35828364
0.011298886
0.110269435
-0.22028461
0.2531549
-0.29289013
0.029368103
-0.10562299
-0.012120573
0.13681273
-0.13380489
0.067036316
0.12652457
0.2157047
0.156865
-0.26278618
0.1572746
0.17505926
-0.0498826
-0.17644759
0.16654572
-0.017508391
-0.0068814685
-0.0045854053
0.037033908
0.07631941
-0.31604195
-0.0912192
-0.12489782
-0.22083662
-0.21471593
-0.31405598
-0.052640323
-0.5850476
0.015567505
0.18144801
0.11023729
-1.4745781e-05
-0.0014455727
0.22589512
-0.11883387
0.19681466
0.26380032
0.035416454
-0.071587704
0.003297294
-0.12158191
-0.29642865
-0.07083398
0.006218364
-0.44533202
0.26624528
-0.024417108
-0.024520675
-0.010530122
0.2564484
-0.08502305
-0.53358203
0.35563856
-0.21068352
-0.3056111
-0.48467624
-0.07503132
-0.00030763264
-0.016346967
0.26841706
-0.009203153
0.032997783
0.01288382
0.11004482
-0.012599005
-2.8052862e-06
0.048600297
-0.0009610891
0.26358065
-0.15660939
-0.20216359
0.013660181
0.22366862
-0.49007338
-0.006788451
-0.37114432
-0.017601533
-0.17182316
-0.012295234
0.00018051421
-0.18431433
-0.21504577
8.909169e-06
-0.42631677
0.016832925
-0.5072463
0.08223166
-0.045081872
0.35375342
0.18581606
-1.3689015
0.13801803
0.024062311
-0.008819861
-0.18611729
-0.11690889
0.0068950425
0.12250023
-0.58609164
-0.08012385
0.33877522
-0.4729899
0.06969194
-0.17401212
0.22450605
0.023168162
-0.025154086
0.07483211
0.09018003
-0.64131963
0.074789025
-0.0012217951
-0.07075937
0.2793736
0.0368292
0.26740494
0.24057788
-0.038359094
-0.03917277
-0.047252182
0.0067138816
-0.07988403
-0.0057397294
-0.64358985
-0.8372333
0.22742178
0.107816644
-0.02086859
-1.3685069
0.2156975
0.12791695
0.028518723
-0.22942954
-0.21633215
-0.4948939
-0.08662154
-0.00458555
-0.2588302
-0.5522766
-0.45290178
0.27760738
-0.24308142
-1.1316974
0.19042198
-0.01785629
0.2620506
0.05083738
-0.41899577
-0.41095325
0.29578406
0.0013251766
-0.8209979
0.160656
0.4046726
0.727424
-0.35365042
0.010987941
0.086825654
-0.31403387
-0.052727398
-0.02449271
0.4369207
0.002070239
-0.00014780222
1.0868232
-0.031634737
0.023308452
0.09281646
0.09804056
0.011627914
0.00823989
-0.2945243
0.018393472
-0.07800607
0.32529557
0.29762337
-0.112276815
-0.008472915
-0.34987062
0.24590276
-0.05968258
0.7762622
0.012976888
0.2350489
0.17484768
0.06347961
-0.31542158
-0.7048085
-0.27872267
-0.37001768
0.02764179
-0.14146218
0.0011306806
0.062415827
0.26621795
0.062548034
0.018298568
-0.13807969
0.123721294
0.1489352
0.025819644
-0.58701086
-0.6541866
-0.24213806
-0.0034540344
-0.11737208
0.005182981
-0.91755706
0.23994711
-0.15694918
-0.6473477
-0.1794191
-0.018832162
-0.020015905
0.008644986
-0.28408575
-0.014126469
-0.08964637
-0.3335359
0.015846625
-0.4426895
-0.1655775
-0.33167458
-0.100184314
0.32194412
0.11287328
0.1652913
-0.12295896
0.0021500078
0.08951821
-0.00035255306
0.0010460321
0.21299936
0.035824362
0.19142275
-0.013008961
0.031727772
0.23157671
-0.062284928
-0.45458272
0.038261887
0.047426812
0.5059644
-0.057855714
-0.066136286
0.06485799
-0.24445213
0.14577873
-0.04006114
-0.06773799
-0.08731008
0.060713723
-0.031201236
0.010268929
-0.0011788317
-0.5338843
-0.88644755
0.034129757
-0.43511933
-0.62125593
-0.041402344
-0.0017141784
0.02386906
-0.0049165282
-0.3434277
0.20902342
-0.18431577
-0.18039045
-0.06581636
0.114172615
0.30333954
0.03548891
-0.1445675
-0.47425017
0.2705705
-0.35495922
-0.44330862
-0.010546726
0.114787504
-0.007819471
-0.008215715
-0.0003261506
0.23485152
0.034067936
-0.046786986
0.29734084
-0.014228436
-0.25338432
-0.0011154014
0.012368377
0.015625887
0.111256786
-0.004167833
-0.2506054
-0.05345358
-0.039550923
0.037320316
-0.010864936
0.012567361
0.28536043
0.6369817
0.06553893
0.23476438
0.17070358
0.10836539
-0.49494255
-0.5044428
-5.6063756e-05
-0.05313242
-0.013558943
-0.063841686
-0.3539925
-0.0022727808
-0.55567217
0.30809993
-0.7137868
1.1157713
-0.1854539
-0.13497214
0.3292128
0.070254736
-0.00041586597
-0.8469944
0.14264908
-0.31699085
0.0025783228
-0.712683
-0.61590284
-0.5075063
0.0014203775
0.32094422
0.059556186
0.42094946
-0.6999471
-0.0037653658
0.004946202
0.02721454
-0.10377191
-0.058322832
0.0015658878
0.15337214
-0.18473573
0.4107933
0.008537578
-0.20465334
-0.11928831
-0.007647777
-0.23495956
-0.17662832
-0.28706655
0.008695965
0.045866802
0.29869378
0.29416692
-0.030944718
0.14214902
-0.21917805
0.01997882
0.18792698
-0.22292711
0.07693248
-0.22334026
0.1916931
-0.019029899
0.0043493505
-0.28978017
-0.9574293
0.40070936
0.39258412
0.15049435
0.055116605
0.16615716
-0.3870229
0.13935405
-0.046482366
0.21952581
0.00024567213
-0.06760783
-0.040161964
-0.0066079563
-0.08227058
0.0046709846
-0.3870335
-0.25706017
-0.037549116
-0.057977844
0.008908397
-0.22769412
0.007524109
-0.8626218
0.32288322
-0.0042706598
0.18788478
-2.1757523e-05
-0.032447517
-0.16505288
0.058611516
-0.4001313
0.3131861
0.181156
-0.012784874
-0.033007387
-0.00053079065
-0.107976206
-0.118721545
-0.087936245
-0.37086117
-0.029584158
-0.47348017
0.16509797
0.22821733
-0.7798765
-0.02259299
-0.49217266
-0.30319566
0.22547504
-0.06673446
-0.0005146647
-0.44453335
-0.0952393
0.16841082
0.0628492
-0.003412106
0.42261112
-0.15992971
-0.28380403
-0.057122007
0.06687639
0.009596059
0.23569247
-0.018887317
0.18408749
-0.0010615854
-0.22512425
0.011786277
0.05345607
-0.03107117
-0.018750712
0.025704492
-0.017559862
-0.0034585376
-0.0019779725
-0.15114674
0.124774374
-1.1011927
-0.016936839
0.42748272
0.13129061
-0.26446244
-0.05143478
-0.004929951
-0.004603256
-0.2075345
0.10390609
0.0013296652
-0.31389275
-0.22043614
-0.25602284
-0.37639162
-0.27596262
-0.057279937
0.01727773
-0.32194152
0.11626155
-0.13602892
0.041824453
-0.034219258
-0.4530614
3.918271e-05
0.110732354
0.12465031
-0.0012944578
-0.0002988428
0.13549495
0.0027579656
0.03312333
-0.05973958
0.09265357
-0.19803672
-0.11700372
0.0028621801
-0.3078671
0.01724637
0.043313697
0.042381562
-0.0804683
0.002665432
-0.022168897
-0.103632
0.010973937
0.4450814
-0.4735472
0.0858655
-0.4879324
-0.054674484
-0.45499384
0.03527492
-0.43853685
0.007446521
-0.5763186
-0.44131196
-0.053387515
-0.86205655
-0.48520365
-0.00047000335
0.00030477732
0.12397883
-0.066211514
-0.5173726
0.06528326
-0.062045477
-0.044912577
0.09633047
-0.1714447
-0.046188742
0.20771167
-0.037992973
0.07450627
0.06762839
0.13541643
-0.20809337
0.001810077
-0.061431058
-0.093540564
-0.010326066
-0.13360026
0.01911721
-0.003882214
-0.07068854
-0.5781219
1.0673935
0.027467972
-0.98813975
-0.3057368
0.0008900688
-0.18387581
1.1245576
-0.020567305
-0.082241245
0.05484948
0.11022419
-0.15101044
0.087948754
0.28557166
-0.041495617
-0.008234688
-0.18194647
-0.035546068
-0.0073498418
-0.013838549
-0.016341954
0.31534404
-0.045897387
-0.4462627
-0.10876836
-0.16204773
0.6220132
0.04256316
0.006291458
-0.64137614
0.03643988
0.02572388
-0.12005818
0.0024015233
0.04416134
1.0778342
-0.26148915
0.33507133
-0.341894
-0.007975038
-0.060095005
0.16893339
-0.30851492
-0.17234147
-0.036543112
0.0049266135
0.015221595
-0.13406582
0.00023431348
0.058771938
0.0037336547
0.0010082687
-0.0090478845
-0.21991771
-0.13044786
-0.14235209
0.0045054825
0.08384249
-0.029625645
-0.639095
0.12621889
-0.4206176
-0.0039348262
-0.013865269
-0.05007929
0.01360359
0.12792695
-0.13754906
-0.12514126
-0.3086907
0.0008345546
-0.853551
0.3018191
-0.21438894
-0.57531244
0.13050134
-0.0016609869
-0.20155
-0.6079093
-0.37313637
0.042326704
0.000145194
-0.018513441
0.14880365
0.0017565521
-0.04317553
0.07447847
-0.05265254
-0.57244176
0.0533261
-0.08239437
-0.01865192
0.029041514
0.45517498
-0.33666837
0.27175874
0.017217964
-0.8610878
0.10242625
-0.784129
-0.64462656
0.38026452
-0.49811804
0.27344194
-0.66106147
-0.030866744
0.0021831957
0.039446615
0.0106430445
0.06306231
-0.07582604
0.24182092
-0.34508952
-0.36666372
0.15711863
0.097543865
0.076332405
0.03375392
0.019888911
-0.024006676
0.16262622
0.01737498
-0.86808556
0.005323785
0.02163321
1.1888517e-13
1.415474
0.016108958
-0.024505053
-0.0012726592
0.5433042
0.24213806
-0.72862667
-0.30920064
-0.43414035
-0.000526862
-0.11064267
0.34032083
-0.0056730364
0.31545752
0.041665655
0.044855148
-0.07030164
0.07156604
-3.4573593e-06
0.005094565
0.081174
-0.015231704
0.11726496
-0.017495312
-0.4892249
-0.0035634364
0.019667035
-0.03395208
0.30834562
0.007218824
0.09624915
-0.05947043
-0.2322642
0.008932241
-0.014135002
-0.023533542
0.10106113
-0.025460998
0.12092007
0.2807439
-0.14269054
-0.38517866
-0.6438423
0.000808093
0.019153195
-0.24826704
0.15028596
0.011892567
-0.0074930186
0.0060169203
-0.04798143
0.072742485
0.0577566
-0.039543405
-0.5645452
0.16741
0.016615232
0.073978946
-0.0033638864
-0.33083516
-0.039186724
-0.0029207256
0.71589535
-0.26098755
0.069104865
-0.13760684
-0.00027587698
0.6199744
-0.33865857
0.10046047
0.33058494
-0.41365817
0.29104033
-0.12610255
-0.9959501
0.06487334
0.00020930583
-0.14037307
-0.044846818
0.38324478
0.05391834
-0.43130454
0.1819806
0.024106355
0.043372262
-0.023120351
-0.4274665
0.0013394897
-0.07119085
0.03638713
0.27600378
-0.0027448845
-0.015455692
0.40383205
-0.25902835
0.41262567
0.01322986
0.06518513
-0.57462263
0.346449
0.033432003
-0.04073662
0.06602705
-0.09807835
0.11572987
0.21719718
-0.6684295
-0.43631575
0.27002645
0.003485693
0.0019585718
0.12623262
0.037794437
0.17926468
-0.02720791
-0.5418151
-0.06515816
-0.44457433
0.0052481247
0.0049414323
-0.11220199
0.27774522
0.13989112
0.032995485
-0.7462745
-0.016637927
0.0017872925
0.086802125
0.032467157
0.0033014242
-0.26483083
0.0077809393
0.19808696
-0.13537768
0.12741368
-0.091285944
0.0005070023
0.10961685
-0.17399865
0.47102457
-0.028891768
0.6356754
-0.05237456
-0.005698075
-0.026282746
0.0033427116
0.00042463135
-0.28849167
0.00062276406
-1.0921092
0.5483155
-0.098450266
-0.39666787
0.04394815
-0.10957739
-0.23930039
0.015945345
-0.22329229
-0.31163046
-0.22692178
0.11520312
-0.2598927
-0.05106845
-0.00956577
0.065607615
0.048592135
-0.20482571
-0.07475071
0.29087645
0.27147684
-0.016370978
0.04435702
0.3736623
0.20699088
-0.06535288
0.040178504
-0.20964935
0.014274758
0.4319488
0.53731525
-0.7614123
0.123846434
0.09261143
-0.062228788
-0.16079798
-0.28569546
0.10470652
0.23363739
-0.07765626
0.24781995
-0.6130707
0.18353762
-0.10261035
-0.32884592
-4.2061416e-05
0.08783188
0.89122796
-0.09983478
0.17263922
-0.23517112
-0.4648005
-0.064027205
0.05795305
-0.017749688
0.022231348
-0.4620817
-0.008265464
-0.0047193454
0.0007652248
-0.030091599
0.0010760525
0.009294669
-0.17231347
-0.7500867
0.04580964
-0.8308404
-0.0073235785
-0.25565255
-0.25168377
0.5939173
0.40164432
0.14381753
0.011157245
0.03995342
-0.106808245
0.003970922
-0.30093732
-0.09807641
-0.009229195
-0.0010425267
0.11900631
-0.28062868
0.07514048
-0.08175386
0.07868788
0.13301116
0.0019814172
-0.55011374
0.21016055
-0.027363133
0.5618883
0.00011135441
-0.004671943
0.012145605
0.0069231177
-0.22534336
0.41551095
-0.074842274
0.333169
0.1847133
-0.35608223
0.26032698
-0.039812434
0.21825124
-0.26850006
-0.064337745
-0.045020614
0.12334758
-0.14570996
0.009161904
-0.07690125
-0.0031940571
-0.040873792
-0.025110891
-0.003603868
0.11584787
0.031360254
0.17855403
-0.8759607
-0.0025328277
-0.090488985
0.009083594
-0.1698061
-0.016348494
-0.014055402
0.45247027
-0.17411275
0.047267
0.03908083
0.6119367
0.031172616
0.0011829284
-0.075925015
-0.025028469
-0.46658856
-0.008254214
0.0047311443
-0.040546697
-0.45861354
-0.16667877
-0.021613708
0.11836613
0.004454622
0.014266288
-0.1919604
-0.0023498437
0.27200958
-0.01972952
0.1186429
-0.005310386
-0.002500769
-0.069847174
-0.006017008
-0.04648553
-0.0019513143
-0.20156278
0.12356122
-0.099037506
-0.10937349
0.0066209296
-0.3718863
0.24796109
-0.11166396
-0.6283189
-0.13067326
-0.37107542
-0.07662265
0.005902181
-0.57063246
0.05853477
-0.028561689
-0.1971845
0.08687108
0.003991111
-0.058498375
0.18938619
0.26607662
0.07127541
-0.46670294
-0.032956272
0.12782197
-0.055683907
0.004993735
0.13907833
-0.050025634
-0.033351403
-0.04652366
-0.037622023
-0.39356503
-0.12674928
-0.16927664
0.30363294
-0.19993907
-0.14477824
-1.1017249e-08
0.04035877
0.24347158
0.02088112
0.15077604
-0.2512228
0.01606602
0.33320785
-0.018093973
0.41983074
0.07165588
-0.26845226
0.08909798
-0.32005295
-0.02992405
0.004280176
1.1821959
0.03464766
0.3033057
0.34250736
0.072678626
-0.16548325
0.012219189
0.015441876
-0.27709177
0.08047751
-0.40217668
0.09742758
-0.050958745
-0.023361772
-0.005346391
-0.0022993903
0.005782842
-0.3307424
0.0035392633
-0.021260541
0.03767158
-1.1186208
-0.008877529
0.08848465
-0.031869214
0.0057997853
-0.21219394
0.006629679
0.33883268
0.021496769
-0.029880717
0.3425089
-0.05914725
0.011235546
0.14125629
-0.22941795
-0.31543338
-0.1181092
-0.61482704
0.06422126
0.34825325
0.12352511
0.074532695
-0.21990643
0.107136175
-0.18594563
-0.208342
-0.5427413
-0.0067702886
-0.17400213
-0.13635695
-0.7533642
0.2770589
0.000761033
-0.034988966
0.04752647
0.04600455
-0.3169394
0.12148937
-0.120916516
0.10001344
0.08155165
-0.27915403
-0.1512319
0.015789803
-0.43941328
-0.0603425
0.54783934
-0.3286111
-0.019366413
0.90193665
0.25444126
-0.00090274203
-0.003305092
0.16867939
0.29545072
0.43670377
-0.18735395
0.035032373
0.06913845
-0.030314157
0.12396638
0.0041141873
0.32167634
0.061836213
0.30246836
0.11309174
0.26383102
0.059013203
-1.3985952
0.15856633
-0.22743198
0.07479939
-0.7611758
-0.0013713163
0.040683445
0.71503663
-0.17045483
-0.017642977
0.27973628
-0.49477744
0.34260818
-0.17469907
0.010474335
0.06820389
-0.08311238
-0.07358123
0.33226696
0.11318575
-0.049814723
-0.08094325
0.0032311294
-0.14728273
0.0040967576
0.44410276
-0.09702743
-0.005836586
0.082297966
-0.06412319
0.060017075
-0.28783572
-0.06348046
-0.017124167
-0.31782147
-0.030915704
-0.30830848
0.035194818
0.033839878
0.002391433
-0.005941632
-0.7095074
-0.20584345
-0.0010524215
-0.10775499
0.01318168
0.21852608
-0.046975106
-0.16563286
-0.116130866
0.14369816
-0.47131348
0.1460663
-0.04058808
-0.3852696
-0.017681563
0.16271037
0.00787469
0.07424694
0.00029856863
-0.13065565
0.47331333
0.1675927
-0.120671675
-0.005224431
0.1409245
0.029868418
-0.6428953
0.25353578
-1.04325045e-05
-0.061982706
0.25901687
-0.056187924
0.1661571
-0.97604567
-0.019413646
-0.0074528717
-0.04157741
-0.009475183
-0.052749142
0.028643806
-0.13733771
0.08635058
0.09336909
0.00091303245
0.28494322
-0.100115456
0.033895362
-0.023535311
-0.0059880354
0.3503385
0.26530084
-0.002746302
-0.35557407
0.08936182
0.09333451
0.1415366
-0.029968847
-0.25852674
0.0017435879
0.1267885
0.017976576
0.20165619
0.0220248
-0.41700628
-0.10199617
0.023205662
-0.14604236
-0.11444559
-0.48232472
0.007908708
0.004913098
-0.015047634
-0.04216599
0.14204614
-0.23530786
0.016134994
0.66227186
0.22563097
0.054788075
-0.24157116
-0.014154784
-0.5193078
-0.050901752
0.3450387
-0.028343774
-0.051520515
-0.40502262
0.07094314
-0.12088105
-0.93903756
-0.0027733992
-0.21248515
0.3019813
-0.20533012
0.0017918545
-1.4619131
-0.099351525
-0.15427
-0.0004643355
0.23001827
0.21117298
-0.032104623
0.23517852
-0.37713152
0.3923282
0.019320684
-0.35754073
-1.4023792
0.06964569
-0.03034189
0.14964235
-0.0060524917
0.09465152
-0.015446562
0.174094
-0.00071311224
-0.01427261
0.026797503
0.09578927
-0.105901636
0.0062769847
0.14518456
0.09361453
0.03640669
-0.0016215844
-0.81189257
0.026517738
0.10741063
-0.078069404
-0.006270309
0.3018354
0.080401875
-0.027286917
-1.2298588
0.43881547
0.13800934
0.35999283
0.2089998
-0.89197916
-0.3286659
-0.0062728333
-0.034934357
0.097787455
-0.4524054
-0.53909874
-0.58983153
-0.0023216002
0.052214816
-0.14676076
0.014015884
0.42443922
-0.009451227
-0.022395035
0.058482613
0.098653905
0.021518597
0.019461343
-0.033731453
-0.65840214
0.28818542
0.25163302
-0.005197626
-0.002669426
7.065241e-05
0.09656528
-0.05304549
-0.027410818
0.10557251
-0.5160339
-0.00068877847
0.30770147
0.48621812
-0.013816547
-0.080594815
0.16373822
-0.006595499
0.20556435
-0.027843183
0.14500721
-0.10647881
0.10276909
-0.22771706
-0.020060461
0.1434882
0.00023113562
0.10669624
0.012455909
0.13082822
-0.3539172
0.0064780735
-0.4925469
0.31375176
0.004219671
0.17504373
0.52188617
-0.0029377448
0.4920629
0.0008638229
-0.5656313
-0.68856275
0.10264644
0.26497123
-0.22966962
0.05675257
0.24716513
0.3607797
0.13576257
0.41429406
0.0026818605
-0.20667298
-0.06221256
-0.20169081
0.22993754
0.82844126
0.39383
0.3429563
0.011356338
-0.0020138086
0.1962644
0.11346531
-0.2956116
0.11780331
-0.0077184094
-0.00044747873
-0.00013440914
0.13890141
-0.08242458
-0.27120095
0.00016234035
-0.25514686
-0.06498021
-0.0036052493
0.026106756
-0.12419556
0.5060755
-0.037143845
-0.28718582
-0.0066593126
0.29889125
0.095527105
-0.4031871
0.21610533
-0.23618127
0.028186914
0.31949002
0.2673231
-0.11295884
-0.21501954
0.22929847
-0.09215983
-0.022044156
0.0
0.15507303
-0.8459148
-0.45350307
-0.06044244
-0.30558977
0.071369104
-0.0010675233
0.10098775
0.032921553
-0.048028614
0.22968188
0.3381765
-0.17150833
-0.09215352
-0.014847074
0.020979496
-0.5013896
0.39139205
0.11047636
0.039968792
-0.30239236
0.078102425
-0.35436305
-3.179448e-05
-0.23716031
-0.0483985
0.151193
-0.37809518
-0.0003365113
-0.013667103
-0.015328981
-0.18206494
-0.6247538
-0.21254721
0.021906162
-0.189695
0.079393394
-0.20735092
-0.34500325
0.14468735
-0.03172396
0.2337594
0.014698581
-0.23252551
0.04562603
-0.03732954
0.22649431
-0.09423982
0.23236251
-0.040898096
0.022611054
-0.99060404
-0.053342033
0.07616059
0.20671904
-0.3746766
-0.08528279
0.07845492
0.0042492663
-0.0005610943
0.00040185452
-0.4337286
-0.22039858
0.12864496
6.453405e-07
-0.12575075
0.66596437
-0.08186306
0.04675021
0.2365827
0.14069265
-0.050025247
0.0020988914
0.023919754
-0.3829254
0.10374192
0.3154313
0.28574485
-0.0018032743
-0.51570415
-0.6496892
-0.26560333
0.2567374
0.12826131
0.1713734
-0.2173594
-0.6295308
0.07025308
-0.0017447126
0.13954827
-0.9735724
0.06467267
-0.12542334
-0.35672033
-0.2082815
0.03723006
-0.10028197
0.3643606
-0.035421416
-0.018259438
1.1405251
-0.014610672
-0.2715055
-0.5323971
-0.44152907
-0.07216408
0.31621724
0.023043731
0.00042448385
0.0002633793
0.06953088
0.13510147
-0.017920934
0.00018657358
0.22954127
0.005714962
-0.11870888
-0.65209866
0.26386315
0.17728193
0.16735348
-0.34483662
-0.31977516
0.32445237
-0.021102862
-0.24083461
0.019969342
-0.047232278
0.038920835
0.07138448
-0.00073792733
-0.48265386
-0.034449268
-0.00039892847
0.0030859704
-0.14752407
-0.013304654
0.008490526
-0.63679314
-0.41129562
-0.008940756
0.008612508
0.4133746
-0.007019411
0.092137285
0.05023913
-0.010330746
-0.22651282
0.27767402
-0.6729686
0.2736015
-0.41082844
0.00075669854
0.29190826
0.015099715
0.27796033
-0.7834017
0.64712024
0.042681698
-0.00031703932
0.19240344
0.05005389
-0.066851124
-0.007265355
0.08724882
0.055495102
-0.50133616
0.010763788
1.4533476
0.051578138
-0.24927145
0.0005450592
-0.0133583015
-0.8531158
0.42067143
-0.4263051
-0.011104856
0.05013695
-0.33337384
-0.0026827562
-0.050554585
0.03949377
-0.18628761
-0.2922962
0.049489833
0.039644048
-0.107012056
-0.020837521
0.23342164
0.08623187
-0.07074979
-0.004416745
-0.27884802
0.36477682
-0.11745423
0.000143105
0.23879832
-0.0063267197
0.14293516
0.93448085
-0.0031810503
-0.08913019
-0.40897408
0.019492246
-0.027836751
-0.340412
-0.0003644536
0.03998136
-0.0089286035
-0.09007012
-0.35166493
0.09057901
0.1299402
-0.15189496
0.24984765
0.30385765
-0.00022138271
-0.995702
-0.070387855
-0.29194862
0.0061890706
-0.005973815
-0.0018973923
-0.0052628443
0.4718188
0.16218805
-0.25898248
0.06791668
-0.2991568
0.04347634
-0.10235596
0.2744234
0.00011365666
0.044495348
0.7523427
-0.50367683
0.01432199
-0.18068989
-0.24058113
-0.016826559
0.13234693
0.017730897
0.03335673
-0.073220335
-0.022435479
0.1566223
-0.490599
-0.032657202
-0.07465334
0.17436397
-0.16666469
0.007437136
-0.5912112
-0.6988307
-0.060201604
-0.45910573
-0.0027505404
-0.019112427
0.14130493
-0.00095670455
0.006240234
0.023757614
-0.07607113
-0.13773403
-0.094606206
-0.42966032
-0.035869826
0.2724524
-0.06723426
-0.1293234
0.25564885
-0.028088564
-0.10528027
0.112790205
-0.15312059
0.49560305
-0.36835015
0.15079945
0.24297313
-0.46299827
-0.55999535
0.009097095
-0.19711535
0.047800105
0.56016755
0.018269598
0.2956936
-0.0034483438
0.11580455
7.922959e-05
-0.30923063
-0.08063332
-0.09649785
-0.9595574
-0.048424557
-0.090248264
0.078710124
-0.11481921
-0.010007439
-0.3139591
-1.0245707
-0.03466211
-0.43154347
-0.18110883
-7.343829e-06
-0.099956445
-0.35847917
0.123644605
-0.009671019
0.011357597
0.2547336
-0.38659275
-0.041628454
0.0021177086
-0.2828415
0.14473885
-0.004585154
0.04642143
-0.3402521
-0.15585412
-0.17343897
-0.5760797
0.10138127
-0.022228118
-0.0025834586
-0.0059962757
0.003325549
-0.18831135
0.25172257
0.009304527
0.05923418
-0.5515411
-0.05845656
-3.2749567e-10
0.10557548
0.0020996393
-0.0104467515
-0.0060253358
0.026479188
-0.00055716536
0.13060677
1.0599995
-0.49732006
-0.6607617
-0.16433606
-0.6719823
-0.39377874
-0.03050139
-0.09313747
0.2444774
-0.44309574
-0.39135113
0.03708263
0.028089002
0.54949534
-0.051116593
0.03434079
0.008404473
-0.08601147
-0.6793725
0.54882526
-0.12246737
0.30240634
-0.22198947
0.046888813
0.007161027
-0.24525069
0.19841981
-0.40670735
0.07978146
0.27824557
0.11787085
0.07880316
0.17415866
0.007520307
-0.00038371564
-0.6087441
-0.31208602
0.15955594
-0.021135172
-0.36178374
0.22309946
-4.497665e-05
-0.33247247
-0.3808643
-0.5111631
0.065357625
-0.01439531
-0.010248332
-0.087325975
-0.10882784
-0.40484768
-4.6488298e-05
-0.0028765646
-0.5968556
0.17731467
-0.056142658
0.032699734
-0.44987214
0.22093
0.6442759
-0.003222691
-0.050346855
-0.13400428
-0.04585301
0.057949565
-0.1399186
-0.064015165
-1.1507517
-0.45427907
0.9682296
0.00065555924
0.16150191
0.2297732
-0.24523567
-0.0016462831
-0.097002916
-0.19710785
0.09966852
-0.022397589
-0.011946592
0.036929853
0.008348652
-0.17680204
0.2170307
-0.09268239
-0.011458502
0.010317098
-0.029129986
0.0050469893
-1.008477
-0.004818552
-0.30219772
-0.24820812
0.2571535
-0.007895277
0.043250896
-0.5002993
-0.0032372638
0.008766629
-0.044993583
-0.20309386
0.1026902
-1.7975533e-05
0.06513464
0.09569542
-1.0120573e-05
-0.151144
-0.0036678135
0.015199924
-0.5114807
0.058385774
0.039799385
0.001385312
-0.065232046
-0.0040252255
-0.30724913
-0.003417854
0.5551663
-0.31687728
-0.1671607
-0.02877883
0.057690043
-0.23212181
0.31916502
-0.2164298
0.0025473074
0.15133916
-0.021403842
0.18039007
-0.00081188144
-0.09067045
-0.18250965
-0.007397745
-0.09742936
0.27790412
0.00020345469
0.10820876
0.41824707
-0.02607768
0.026304808
-0.6016519
-0.41303846
-0.867339
-0.00082164316
0.23348626
-0.28683868
0.01371636
0.23148909
-0.0025956372
-0.15907322
-0.3425638
0.02645466
-0.19906032
0.109843425
-0.72620815
0.2389575
0.025355034
-0.021668222
-0.02176228
0.5590341
-0.008509023
-0.099180125
-0.16374363
-0.07478956
0.09441773
0.32380587
0.010690885
-0.43037605
0.016199086
0.19057214
0.66121894
-0.1456315
0.028708562
-1.2832968
0.20521836
-0.013721989
-1.1727824
0.06279404
-0.12994215
-0.010093685
-0.0634184
0.2699234
-0.06616802
0.014188349
0.8786723
-0.02580965
-0.12482328
-0.018692857
0.08199354
0.021473741
-0.024828421
0.5402025
0.22722697
0.32262394
-0.09727802
-0.039243765
-0.05048321
0.012181423
-0.4048006
0.1256377
-0.23789874
-0.42264634
0.004110986
0.41524875
-0.0608432
-0.33983386
0.24323732
-0.48762554
-0.08781408
-0.081756294
0.38600653
-0.44529593
-0.021625265
-0.042449635
-0.2440849
0.18765119
0.08066782
0.0014069576
-0.0053801197
0.016031051
-0.37391037
-0.32423997
-0.116435856
0.06975061
-0.35415128
0.20363362
-0.3730943
0.35860842
0.1020636
0.0065555754
-0.039397232
0.043738283
-0.22618984
0.23960014
-0.039195497
-0.003792744
-0.019056136
-0.4553971
0.46838808
-0.1008133
-0.44864398
-0.5489768
-0.008412825
0.24270323
0.26306194
-1.276168
-0.16266693
-0.022804586
0.40699697
0.14489143
0.0011626248
0.09807471
0.32561243
-0.18157263
0.0893881
0.35703695
-0.0049439315
0.06156531
-0.134722
-0.24679476
-0.53044456
-0.0026074161
0.1417523
0.021753993
-0.12720703
0.23803036
-0.066189304
-0.11668656
0.003823833
-0.1773427
-0.01576643
1.4090512
-0.08947791
-0.028373841
0.15685946
-0.8031162
-0.99232525
0.0030720057
0.12552015
0.023333142
0.00473309
-0.008112016
0.23202337
-0.13508172
-0.010117415
0.11706999
0.019322017
-0.1552578
-0.8583169
0.07590828
0.3388741
0.26780042
0.06828667
-0.025141444
-0.016303642
-0.28545836
-0.002463702
-0.056482963
-0.019920407
0.06458082
-0.13182832
-0.09148675
-0.08567755
0.95027256
-0.010194645
-0.4371705
0.035371672
0.14698511
-0.07312716
0.028811747
0.30919492
-0.49402568
-0.5022515
-0.18962894
-0.5106404
0.06167483
-0.06447986
-0.00811469
-0.13492262
0.24925876
-0.7978476
-0.61015004
-0.015719669
0.08334957
0.16409172
-0.09505641
0.60222864
-0.13047692
-0.009572591
-0.03672435
0.02552015
0.004473357
0.08077366
0.30517304
0.06701187
-0.77287316
0.00859751
-1.1701639
-0.019370986
-0.34737706
-0.0613279
0.0021163232
-0.34681758
0.059524342
-0.0014842175
-0.14155379
0.4960627
1.2126187
-0.13050556
0.07413412
0.059122354
-0.12832421
-0.14480045
-0.05187397
-0.862516
0.010791173
0.5478135
-0.0321791
0.08400503
0.12803961
0.020543788
-0.053642817
-0.09547576
-0.032895286
-0.46810693
-0.024196068
0.46490747
0.033823576
0.0115214
0.08071097
0.21146081
-0.049420506
0.01809981
0.13270524
-0.0055145416
0.26530126
-0.1936131
0.006888814
-0.18039791
0.0068783592
-0.058279276
0.0074318913
0.032760072
0.31163353
-0.071179934
-0.013129091
-0.0006001027
-1.4488223
0.02905937
-0.002923322
-0.19192009
-0.7943593
-0.06716889
0.19526307
0.0073423446
0.025097644
-0.17691499
0.108244315
0.033366233
0.17975214
-0.030288208
0.25466084
-1.1945579
-0.0066192662
-0.035805967
-1.7400666e-06
-0.016094433
-0.06800517
0.0015131866
-0.31999633
0.12324416
0.17129219
-0.1146286
0.0918464
-0.46529698
0.027470646
0.02132665
0.0
-0.075856075
0.13839452
0.2431273
-0.6117462
-0.13347942
-0.021320831
0.0036415209
0.1433733
-0.68955076
0.15075606
0.0049896543
0.2531411
-0.23381029
-0.037197314
0.0020689117
-0.4839142
-0.32524192
0.26186302
0.02385065
0.45916235
-0.79783106
-0.12204472
-0.08016369
-0.078118265
0.3449568
-0.15703918
-0.49893153
0.0032172524
-0.012400458
0.13758379
-0.074952334
0.2864459
-0.5057206
0.10274557
-0.00020296847
-0.047346212
0.017247707
0.11591146
0.016414901
0.030490095
-0.006078079
0.018525751
-0.15431237
0.046549987
0.00457024
-0.58498406
0.270841
-0.11036966
-0.018730864
-0.27313408
-0.012762322
-0.38438773
0.12102282
0.05595397
-0.0930354
-0.083376594
0.10586052
-0.12927242
0.22422886
-0.9384617
0.0033798947
4.9675917e-05
-0.13185032
0.40889096
-0.11110461
-0.5008434
-0.01154245
-0.0033845275
-0.1783177
0.21422914
-0.5784311
0.0033784274
-0.0014749148
-0.008841848
-0.10482405
0.1373484
0.0023814742
-0.0634861
-0.0758919
0.16264825
0.033927917
0.27294314
-0.014455315
0.0020818335
0.0806202
-0.16556506
0.012218721
0.09294883
0.051205657
-0.15816647
0.08705426
-0.23886244
0.034320354
-0.105655946
0.003690767
0.0022725905
0.009093758
-0.24212775
-0.010241009
-0.13619614
-0.014580171
0.119138785
-0.043060716
-0.14015207
-0.42570353
-0.13320406
-0.010848152
0.11195074
0.15277939
-0.23003387
-0.025230972
-0.05264202
0.17028148
0.012621829
0.33339754
-0.07590768
-0.00024655703
0.7891312
-0.6468709
-0.35754395
-0.42341673
-0.03490533
0.18901582
0.00055996166
0.047248743
-0.30729556
-0.021060439
-0.22372842
-0.11244585
-0.0081808735
0.13394606
0.0019660292
0.07405313
0.28308526
0.0015537416
0.00031695445
-0.076348186
-0.76249623
-1.2742163
0.021374257
0.0006448598
0.007320861
1.645731
0.015679019
-0.30019045
0.0673922
-0.019950785
0.09634076
-0.0009305187
-0.006678967
-0.18540326
-0.0046586506
0.021746734
-0.01209059
0.11432574
0.06157687
0.002152607
-0.00062932476
-0.19205888
-0.20983034
-0.27635208
0.1372728
-0.13426712
-0.89306223
0.04577458
-0.123313434
-0.45791143
-0.016279642
0.062094472
-3.6377656e-05
0.051489044
-0.0009922064
0.19379222
-0.00022661987
0.32480827
0.117991164
-0.60012776
-0.11838829
0.08303318
0.057141237
0.004903922
0.121716864
-0.05947685
0.27531055
0.18248594
-0.48953137
0.2476527
0.25810346
0.010499598
-0.4052855
0.1344826
0.012095029
-0.30337542
-0.069972716
-0.08214916
0.02678689
-0.13196504
-0.16642824
-0.088093564
-0.11464385
-0.14016555
0.050514024
-0.07048133
-0.01659513
-0.003808062
-0.09311664
0.31332263
-0.10815938
-0.7283895
-0.28604835
0.0077009583
0.26246315
-0.7167439
0.054536745
-0.016523786
0.08573961
-0.76405746
0.061099138
0.16683333
-0.10357233
-0.012947153
-0.049340736
-0.06076945
-0.11464948
-0.14330757
0.08571917
-0.18375239
-0.10086633
0.00040599404
-0.06326764
0.0076245707
-0.09169235
0.019138606
-0.17099519
0.048498724
-0.30631927
0.5416002
0.025112242
-0.0005179765
0.30037197
0.11674528
0.045899432
-0.17342776
-0.5498257
0.39282465
0.006374291
-0.17783831
-0.0014295746
-0.7419519
0.40073702
-0.29834744
0.19745263
0.0750603
0.010462872
-0.044460308
-0.0009187592
0.08756972
-0.01993911
-0.21922092
-0.026223231
1.3813767e-05
0.056586914
0.1202842
0.030622331
-0.13536085
-0.35751876
0.4014619
-0.12105111
-0.28215793
0.3044597
-0.0014063204
-0.028230814
0.22687468
0.040171053
0.12134537
0.069026545
0.15726234
-1.2857451
-0.030581728
0.23785618
-0.47617167
-0.20400336
0.13319011
-0.9184711
0.001713919
-0.39836612
-0.6173909
-0.012647475
-0.35534775
0.2376622
0.04717238
0.13245614
-0.36661556
-0.14496079
0.07096475
-0.0051336633
-0.063596115
-0.03639546
-0.0129873855
0.0078933295
0.33486867
0.23344025
0.024927542
0.34393963
-0.2095036
0.23878382
0.12550665
0.9055013
-0.22892821
0.0662515
-0.16118363
-0.00047595977
-0.004016414
9.214796e-07
0.066367
-0.23427297
0.04062846
0.3720331
0.0029360014
-0.082121044
-0.12022669
-0.8642229
0.0010689158
0.33046553
-0.00039608293
-0.9670938
-0.005861775
0.09802175
-0.13278009
-0.00022087184
0.04328941
-1.1560304
0.07638637
-0.18962537
0.014227939
0.10175291
-0.42210767
-0.042566903
-1.0801228
0.07954988
-0.049166784
-0.7473095
-0.2602799
-0.10097864
0.0355265
-0.0036386831
0.0012150444
-0.00165106
-1.2468101
-0.04728651
0.20095198
0.011530277
-0.20973189
0.059500385
0.16652343
0.14519185
-0.2862971
0.2846311
0.07061743
0.046455465
-0.007795637
0.03901048
0.059419293
-0.103080265
-0.050724883
0.035560634
-0.17600946
0.06495834
0.010251834
-0.11498044
-0.1916361
0.31724527
-0.45089
-0.17394179
0.14299466
-0.016625382
-0.258488
-0.04905284
0.038467277
-0.0018634492
0.7663414
0.12499359
-0.18612348
-0.050660454
0.12712954
0.008533614
-0.00040288948
0.00071526493
-0.006542532
-0.1253897
0.27389932
-0.22380549
0.062155254
0.0040937024
0.07754166
0.1552702
-0.00034053155
0.04579532
-0.35968536
-0.38491178
0.2779625
0.11353743
-0.027559983
0.0011310364
-0.1867036
0.00232242
-0.017291678
-0.17018141
-0.11753648
-0.013522855
-0.00021455332
-1.2686281
0.01270195
1.4653829e-05
0.110470735
0.048381638
-0.19873263
-0.3544755
-0.20479015
-0.10220152
-0.01823276
-0.5232105
-0.014703402
-0.90600187
-0.10917905
0.23824358
-0.0895288
0.26506272
-1.1491681
0.22718613
-0.37696424
0.9793745
0.3197444
-0.63826376
-0.03820361
0.25824025
-0.33855778
-0.12263714
-0.32200488
-0.0034291975
-0.0023765177
0.36354125
0.03195353
0.0065078572
0.28158852
0.07319582
0.049947914
-0.026637644
-0.0698431
0.34631407
-0.1359352
0.34192252
-0.26059145
-0.012808806
0.1759458
0.10431456
-0.15078086
-0.4202888
0.0030214323
-0.21233954
-0.12465422
0.085319795
-0.1293653
-0.01200006
0.057709277
0.035278324
-0.033100307
-0.47993666
0.02070707
0.04271066
0.00046731427
-0.17706454
0.0709564
0.22358191
0.012046921
0.19070204
-1.2826579
0.36921313
0.013219703
-0.4291723
-1.2074937
-0.20411886
0.13437508
-0.52909535
-0.1518444
-0.029169599
-0.40883285
-0.29739726
0.52054524
-0.013785434
0.55410165
0.06505836
-0.31497133
0.02206225
-0.027845744
0.059662465
0.004691469
-0.037231468
-0.16642386
-0.013551113
-0.0056875166
0.17099607
0.038529415
-0.47329074
-0.18662657
-0.4748358
-0.109278604
0.0032649185
0.109498955
-0.002132654
-0.10225436
-0.2581655
0.051515535
0.10045249
0.01997635
0.37860817
-0.0032369923
0.06466721
-0.002210397
-0.35797614
-0.12914275
-0.08322483
-0.041642394
-0.19229673
-0.020779755
-0.21861766
0.1566952
0.19696286
0.5207361
0.38165998
-0.028819138
-0.08378227
-9.982558e-05
-0.18244393
0.06987574
-0.020165646
0.25401142
0.1507937
-0.013111567
-0.24197002
-0.19437116
0.23807044
0.18854089
0.53337586
-0.019993532
-0.17004427
0.027720835
-0.005845131
-0.0062571596
0.2653796
-0.18321146
-0.8888284
0.0010375245
-1.978414
0.24134728
-0.12543882
-0.6105076
-0.17593378
-0.27212915
-0.51569307
-0.31855154
-0.08274672
0.10044221
0.09837232
-0.00811185
-0.353949
0.24481438
0.14591405
-0.0059708385
-0.0142921945
-0.15105054
-0.075453706
0.021506779
-0.0036251203
0.6010132
0.4259528
0.32635018
-0.4333015
-0.0023519634
-0.076064564
0.15903562
0.15311044
-0.022143843
-0.1199209
0.061863266
0.66711986
0.54388636
0.6751663
0.0020113075
-0.30346397
-0.22823013
0.33968842
-0.17719963
-0.057346407
0.019557372
-0.23142679
0.11492025
-0.32838443
0.012077205
-0.023840262
-0.012856643
0.04647952
-0.24166739
0.7251609
0.02647691
0.0016921798
-0.028477475
-0.024990821
0.31916448
-0.0201114
0.030813754
0.08833153
0.032296747
0.32952946
8.104543e-05
0.050908938
-0.1276039
0.10533675
0.3729239
-0.07058206
-0.26460385
-0.2067528
0.020976502
0.29905617
0.3333582
-0.0068179797
-0.65037084
0.017913524
0.010047901
-0.34272745
0.013485637
-0.25305295
-0.2213748
-0.027311852
0.00027903862
1.1200826
0.07889241
0.13597919
-0.1027444
-0.005044145
-0.733719
-0.004190178
0.498657
-0.35510683
0.038576618
0.14404196
0.48829436
0.46731913
0.66163266
-0.33769074
-0.5448138
0.30743822
-0.028857104
-0.16320005
0.13731234
0.07761299
0.29012582
-0.05140147
-0.10744123
0.23102573
-0.76581717
0.26912218
0.10052718
0.31135324
0.08585642
1.0968431
-0.013586533
0.00831573
0.0035772312
-0.20945965
0.256412
-0.24366102
-0.36112797
-0.12814172
-0.36778703
-0.18908712
-0.25169712
0.1329763
0.08312299
0.11629944
0.27997825
3.908704e-06
-0.12027121
0.15799685
-0.12151579
-0.085422866
-0.24164516
-0.005185866
-0.46710405
-0.15526427
-0.0019661225
-0.43457866
0.103971705
0.21520618
0.13098843
-0.5233536
-0.83999944
0.052613858
8.303882e-05
0.10215919
0.026354454
0.4465168
0.016477434
1.3165637
0.3881717
-0.07363749
0.1861974
0.0870744
-0.59374195
-0.35928768
0.7256179
-0.31163767
-0.24325071
-0.20268856
-0.6500686
-0.040706262
-0.2722873
-0.4352483
-0.0946932
-0.06719338
-0.0030842393
-0.37957257
0.20292005
0.5917125
0.1262823
0.5084412
0.088073574
-0.77721703
-0.33484864
-0.2906171
0.023719443
0.032888304
-0.06148984
0.1807946
-0.6496707
-0.005856714
-1.4630216
0.07748328
0.032167524
0.10702575
0.010554203
0.25047752
0.078155406
0.009937223
0.15718359
-0.00020959611
0.12128775
0.09315747
0.37698844
0.32527265
0.001115514
0.00020649038
-0.61118937
-0.22566923
-0.5507148
-0.24042615
0.3498476
-0.5451349
-0.037132178
0.012251816
0.030972958
0.0029971255
0.46286458
-0.15328233
2.7360242e-05
0.020591248
0.1773018
-0.5859912
-0.47778314
-0.002705835
-0.00027495553
-0.24832617
0.28849074
0.02778646
0.19717388
0.07835607
-0.022184698
-0.15582787
-0.05458995
0.10171237
0.06625465
-0.13693054
0.035813946
0.24397834
-0.019620176
-0.019618152
-6.3713815e-05
0.014583152
-0.30731714
-0.0015320964
0.612686
0.29718643
-0.22636817
0.08996954
-0.61836207
-0.3995746
0.21781468
0.030847358
-0.095613204
-0.07242736
0.075158425
-0.067989856
0.07460941
0.7015359
-0.005717252
0.022286642
-0.44454712
0.14429198
-0.02397661
-0.30256453
0.0068539353
0.14313474
0.20766257
-0.015715405
-0.6750938
0.014904584
0.0055118226
0.020253226
0.062687285
-0.39808518
0.6368184
-0.089756064
0.23623604
-0.051978346
-0.17344718
-0.3037924
-0.09759423
0.050951354
-0.21174869
-0.2829582
-0.00977551
-0.22710021
0.018101905
-0.17250605
-1.4572816
0.06409562
0.012247353
-0.20538782
0.11297089
-0.009653541
-0.086319216
0.18879336
0.060082734
-0.12656768
0.5378728
-0.025364302
0.3541733
0.09596253
0.0006685758
-0.0015235073
0.043420307
-0.26413488
0.08895537
-0.014974735
0.022394657
0.02665406
-0.00020935886
0.027833508
0.21832491
0.05992666
-0.10440969
-0.023846352
0.18188082
-0.19307673
-0.12903002
-0.2587905
-0.39223924
-0.14007111
-0.03975014
0.629395
-0.33375713
-0.044919908
0.010449881
0.022328176
0.14558817
0.14514562
-0.27425194
-0.0002476736
0.37771472
0.85419655
-0.0044275397
0.54027236
0.19571687
0.020063024
-0.002905091
-0.0927086
-0.30828977
-0.26264283
-0.40355873
0.41106182
-0.26272577
0.09172162
0.12447376
0.090952985
-0.06904625
0.07237367
-0.054658398
0.06993434
0.051762704
-0.0012945741
0.00020809853
3.8890732e-05
0.7290766
0.03191844
0.07331115
-0.12868688
2.0671794e-06
0.034857895
0.13003865
-0.047060218
-0.15373145
-0.01513128
0.004996178
0.03793198
0.3043435
-0.26141068
0.353578
-0.09757717
0.05547609
-0.17031284
-0.2616374
0.013412829
-1.2841197e-05
0.09924332
-0.10295757
0.21222864
-1.0925174
0.9145033
-0.2798426
-0.46040833
0.0285433
0.01578689
-0.2537723
-0.20047033
0.019481987
-0.20845495
-0.27286646
0.21025509
-0.0063328533
-0.08415079
0.0024234734
-0.13269728
0.0031443744
-1.1876494
0.41029647
-0.2499952
-0.043655526
-0.0018939804
0.025491433
0.0032319908
-0.011536164
0.010399862
-0.09574963
0.3888604
-0.038769167
-0.16462515
0.0139162475
0.22587177
0.031582486
0.19284284
-0.004730076
-0.000546536
0.6215444
-0.09524978
0.025420262
0.008988984
0.52538466
-0.21112269
-0.06995924
0.089356564
0.3140389
-0.53716844
0.0001438223
0.11884906
-0.041997585
-0.06631353
-0.00014006025
0.13359547
0.24731728
-0.21601646
-0.33027458
-0.0032581612
0.42020604
-0.56628084
-0.01655462
0.081550024
-0.23932554
0.0054447143
-0.1176475
-0.057158537
0.008488568
0.018161047
0.04440879
-0.98863864
0.0048481706
0.09465823
0.06561295
-0.45595658
-0.0044438173
0.18168254
-0.48949674
-0.026222257
1.589998
-0.021245794
-0.014544638
-0.00656779
-0.44161668
-0.058695883
-0.24386857
0.11391994
-0.12256628
0.25315863
0.0049049226
0.15214182
0.0059655164
-0.14701448
-0.03786898
-0.2598647
0.23867652
0.030248722
-0.23228118
-0.28723207
0.11013452
0.19843784
-0.33605534
0.11802581
0.085808754
-8.8384215e-05
-0.1188846
0.02518992
-0.0003917968
0.43060324
-0.042371057
0.05978937
0.0026670585
-0.3844337
0.052386224
-0.017522436
0.033385728
0.009354352
-0.0041998676
0.3272608
0.12434348
-0.49692848
0.032623764
0.08764152
-0.10580208
0.117284305
0.17771249
-0.020891657
-0.07905198
-0.05333676
0.86215657
-0.13111812
0.0087947715
0.017725065
-0.039372835
-0.21318738
-0.39863747
-0.0078023663
-0.19275974
-0.042265523
0.014056228
-0.25564724
-0.006285767
0.10802159
-0.003697143
-0.9052266
0.27590728
-0.009690364
0.15611273
-0.5765089
0.15551788
0.42310137
0.01671059
-0.018979307
-0.08660576
-0.38190475
-0.018002963
0.009727352
-0.066582546
0.14330246
-0.091996476
-0.069161296
-0.009936072
0.40021387
-0.5538268
0.010647639
-0.6098652
0.4728918
-0.18078803
-0.23183276
-0.040343866
0.30001554
0.378609
0.011742969
-0.061054196
-0.54790175
0.165127
-0.16419971
0.09508324
0.21151917
-0.38888106
-0.21604943
0.01065249
-0.64155114
0.00017465575
0.37712762
0.21990258
0.017437622
0.029938823
0.08435112
0.17404996
-0.018784128
8.647846e-06
-0.42561203
1.270688e-05
0.42655322
-0.0066171414
0.18983637
0.21655232
-0.18494219
0.43663666
0.0037029572
-0.012798512
0.08638524
-0.8458368
0.0008071084
-0.026376292
0.008047215
0.724018
-0.005518642
-0.0130517585
-0.36398363
-0.3964689
0.40192795
0.25276983
-0.3852367
-0.00072765234
-0.009380635
-0.014415554
-0.2936453
0.29234108
-0.32757547
0.1570719
0.46552956
-0.0075317184
-0.9147486
0.024690205
-0.14135505
0.29438412
-0.3590254
-0.061737873
-0.0016592343
-0.55586773
0.18773125
-6.080273e-05
-0.0051425025
-0.006623102
0.12852116
0.43563214
-0.068298794
0.012681965
-0.5174138
-1.9543869e-07
0.0022871592
0.06452635
-0.3838308
0.16635893
-0.014474575
-1.5226648
0.079631604
0.103402495
-0.5512796
-0.082682066
0.082161784
0.057322465
-0.046451867
-0.068879694
-0.08053197
-0.028918216
0.11850938
0.061648156
-0.054554474
0.064671114
-0.22962318
-0.3289553
0.25948116
-0.06492335
0.11843434
0.014287891
-0.86309725
0.34802
0.1224128
0.0246499
-0.8328341
0.15961528
0.06793305
-0.34168342
-0.109402515
-0.0021551824
0.22201696
-0.33714104
-0.26482484
0.37292284
0.12345486
0.069380485
0.12896755
0.5950199
0.0008666987
0.29775134
0.021421347
0.13713898
0.018469617
-0.2242289
0.0026476302
-0.8071016
0.019586882
-0.010512613
-0.32352695
-0.449126
0.61455554
0.053991143
-0.13821754
-0.10123782
-0.07259587
0.58311826
0.00024936444
0.008745704
-0.0063358257
-0.07900272
0.6131431
0.010202874
-0.0036132713
-0.17969158
0.00016050914
0.08787154
-0.093287416
-0.014459104
0.05149331
-0.007224149
-0.17700152
0.2214192
-0.30700257
-0.54886335
0.6298395
-0.1388312
-0.27903023
0.017064303
-0.0991717
-0.051105775
-0.29724395
0.067856126
-0.0023348024
-0.45797986
-0.04085557
0.3051352
0.028942848
-0.1877574
-0.1761302
-0.29939353
0.0011017814
-0.06435178
0.0031375627
0.016934162
0.01155303
-0.060224798
-0.12399026
-0.0017517809
-0.97000957
-0.04835421
1.4543242
-0.4220941
-0.4083257
-0.18563886
-0.20257264
0.14829117
0.2776717
-0.062005732
-0.26188108
0.0048114867
0.2748287
0.002694629
-0.0068904753
0.000929705
0.28556034
-0.003226268
-0.04818605
0.15250225
0.0484306
-0.13530535
0.07954788
-0.23727801
-0.71421885
0.38037553
0.00087939185
-0.019482575
0.31587943
-0.5243794
-0.007246689
0.2672469
-0.2991669
-0.039721437
-0.033592157
-0.54046184
-0.06327818
0.023782462
0.28181893
-0.006255239
-0.4301422
-0.7332145
-0.4082423
0.27217665
0.00029532422
0.18190017
0.031169197
-0.12352369
0.022757912
0.05244474
0.0005939522
-0.05465994
-0.13710713
0.0065322425
-0.054426387
-0.0018816222
-0.059997246
-0.027005102
0.020437598
0.36765727
0.019899083
-0.30431837
-0.47765708
-0.15278769
0.18230245
-0.054560654
-0.18156424
-0.053034652
-0.27644378
0.009238545
0.2663489
0.03697632
0.12234842
0.031880945
-0.6001727
-0.0065240297
-0.626701
-0.10317415
-0.13182342
-0.07957108
0.019561263
-0.33491236
-0.25740802
0.07311086
-0.36804628
0.3797991
-0.2723367
-0.042658217
0.281377
0.034058772
0.03132574
-0.012448978
0.16904056
-0.0893716
-0.071047
0.05301173
4.631269e-06
0.18527429
-0.062803775
0.00027585658
-0.0019971759
-0.31102502
0.38810924
-0.09177878
-0.10620682
0.10954442
0.003901329
-0.14154206
0.17597677
-0.19552107
-0.0014497881
-0.080453604
0.012670416
0.054613467
-0.23723878
-0.06282816
-0.051613748
0.08688377
-0.23409139
0.2697973
-0.19571243
0.010683207
-0.0035102796
0.0040606633
0.41511968
-0.25804618
-0.20696326
-0.049127817
-0.042126935
-0.7222286
-0.0006436904
0.00015015507
-0.103116915
0.0065439437
0.09216674
0.016757809
-0.17734852
0.15932819
0.00064760447
-0.0060235173
-0.16059995
0.000103394515
-0.08314527
-0.1783317
-0.43943453
-0.44582444
-0.26570475
-0.01140582
0.0014265439
0.00029194704
0.019356009
0.016545717
0.0049231662
-0.6764698
0.35598856
-0.3812491
0.13657026
0.10543273
-0.88160056
-0.25303861
-0.22611077
-0.38954312
-0.19449714
0.15784335
0.04973956
-0.00868145
-0.052840315
0.02905945
-0.16293745
-0.83869827
0.039260942
-0.09039051
-0.0013119889
-0.5422586
-0.034441184
0.20432276
-0.25910425
-0.23013337
-0.02769555
0.024712827
0.02951459
0.21980028
-0.25483528
0.033034854
0.008042157
-0.007857762
0.025844043
0.017778497
-0.008525431
0.018681183
-0.29925376
0.40575165
-0.07578118
-0.3752765
-0.17916457
-0.4020751
-0.5030562
-0.05244563
0.06776879
-0.105950356
-0.0075440346
0.04503502
0.009220133
0.19785833
-0.06587782
0.0052031036
-0.48155767
0.20448357
-0.023424074
0.045579117
-0.09340207
0.037585918
-0.03629953
-0.2023344
-0.5139971
-0.15372962
-0.027566647
0.03480271
0.23867288
-0.06381718
-0.3574227
-0.4981975
0.034267437
0.099428505
0.10277646
-0.089725226
-0.12879024
-0.52462226
-0.25884992
-0.035134632
0.0020729098
0.009459665
0.5688083
-0.07994826
-0.58345807
0.014078329
0.2576806
0.20194344
0.015068625
-0.1571509
-0.52307045
-0.4691398
-0.0019223331
-0.2526962
0.010095459
-0.07339458
-0.040817533
-0.058957223
-0.35036233
-0.18925305
0.18401028
-0.6382714
-0.65133893
-0.1465802
0.09856947
0.2616002
-0.648191
-0.016901108
0.48691398
0.21408084
-0.0043219496
-0.117172115
-0.053784188
-0.07563533
-0.33635008
-0.02075966
-0.25858983
0.00027260036
0.010939869
0.04502972
0.0018421637
0.06230388
-0.2927069
0.14133987
-0.6295967
0.041535147
-0.057664566
-0.3376343
0.09731318
-0.060976885
0.29375753
-0.004586394
-1.167148
0.017454518
-0.49108905
-0.074103154
-0.19446427
0.2009349
0.2640772
0.0042181504
0.33054838
0.32498947
-0.15487094
-0.053933084
-0.24941938
-0.30310082
-0.12086027
0.052289218
0.26750618
-0.5320022
-0.11066585
-0.12417957
-0.2591886
-0.44579238
0.0036120543
0.009849908
0.18752284
0.030402716
-0.012456559
0.09833393
-0.0032676046
-0.5090698
-0.065245025
-0.009831481
0.4986188
-0.10674679
-1.0782859
-0.008167831
-0.2986399
-0.065980084
0.01894313
0.22115445
0.082039334
-0.36361033
-0.19210848
-0.04547262
-0.46111274
0.024870086
0.009141363
-0.45494694
0.0020302746
1.9758925e-05
-0.026267285
-0.028982157
-0.03796624
0.35827765
0.008703356
-0.26977426
0.18268523
0.83388174
0.02083787
-0.0029756746
-0.20060521
0.017936487
0.5699141
-0.0713518
-0.074559875
0.09589685
-0.00025743342
0.001865077
0.1067097
0.0018470506
-0.016443688
0.054375898
-0.018740205
-0.09194079
0.016164556
0.043199424
0.30748776
-0.44479507
0.017961282
-0.084649235
0.20713983
0.0014993534
-0.09422858
-0.020680217
-0.085443765
-0.00156179
-0.79990846
-0.33861962
-0.2230951
-0.015140963
0.45617437
0.002446102
-0.022261156
0.0127685545
0.045644023
-0.0042674956
0.39431658
0.0013998846
-0.0069990517
0.11031212
-0.0013171865
-0.681378
-0.028660491
0.38875157
-0.31841728
4.7868605e-05
-0.028654715
-0.047713656
-0.286158
0.113242835
-0.024458643
-0.009414823
-0.016155254
-0.4391672
0.09692923
0.048915483
0.2721259
-0.00081799616
0.5209673
-0.39818516
0.17711265
0.080037415
-0.08046527
-0.48993292
0.005777997
0.001526459
0.010569473
-0.22104354
-0.02832991
-0.13085127
0.015438754
0.000413714
0.044471085
-0.33029836
-0.010935817
-0.29949144
0.324761
0.16835698
0.0048109456
-0.12917803
0.018404268
0.049549233
-0.33253217
0.11998705
0.26622424
-0.02252233
-0.04700616
0.20107235
0.25913626
-0.12118245
0.22630318
-0.14939393
0.1983974
-0.03401837
-0.610485
-0.10133777
-0.3872715
-0.23449284
-0.008146656
0.008476998
-0.2602704
0.4061604
0.3451447
0.005545897
-0.15111299
0.13036762
-0.1887763
-0.13972428
-0.057306565
0.27286163
0.11788882
0.14696537
0.16945149
0.091689944
-0.023910832
0.07895973
0.08619325
0.14102595
-0.14356834
0.046518084
1.430692
-0.03672404
-0.16148193
-0.5826983
-0.0325182
-0.039461453
-0.35200015
-0.0015507122
0.0389387
0.6203023
-0.002630414
2.623527e-05
0.37262577
0.07453506
0.12704119
0.5766764
0.07234594
-0.024091052
-0.101685435
0.002306967
-0.01744385
-0.7199798
-0.16138043
-0.48677242
-0.15631142
0.008199482
0.01009323
0.032211263
0.117953494
0.20905271
-0.06986618
2.330268e-05
0.6596365
0.068772376
-0.07332161
0.0018930117
0.1835969
0.015124723
0.21243015
0.05754063
0.09366901
-0.015724016
0.12572779
0.03354731
-0.077897765
0.55428106
-0.034161385
-0.00014103668
0.29701743
0.0041626925
-0.26289055
-0.01632781
-0.07911913
0.00031498796
0.09062623
-0.27681234
0.08930256
-0.0364677
-0.01888693
0.07087111
-0.36410934
0.44821632
0.18592355
-0.059201043
0.035057824
-0.09318087
0.0024277403
-2.4589317e-06
-0.18639836
0.16363232
-0.014455809
-0.2088455
-0.12816502
0.09239588
-0.07931199
0.04171731
-0.022980683
0.022099411
0.14451082
0.13239169
0.03940097
0.07280959
0.04790883
0.45460916
0.45521402
-0.021291006
-0.1689948
-0.046735782
-0.0023186225
0.4924228
-0.22730803
0.001165823
0.0076870327
0.008186021
-0.020805266
-0.006568603
0.04420109
0.029335685
0.091405466
0.003872871
0.06841393
-0.38710287
-0.7351049
-0.24938127
0.14173314
0.013310326
0.0070733847
0.0057311705
-0.027997974
0.32865193
-0.2580252
-0.027488247
-0.03221861
-0.16066036
0.0053065126
-0.40704963
-0.0001341749
-0.22498134
0.057662867
-0.31323516
-0.024455013
0.16846418
0.12244088
-0.0252355
0.17687163
0.41364655
-0.0036488124
-0.02186264
-0.09442701
0.0037253776
0.6765696
0.04030588
0.28168333
-0.01998612
0.03549114
0.016420212
0.16566516
0.008532125
0.035246592
-1.499259
0.09097464
9.971861e-05
0.0037481594
-0.0037648752
-0.25482062
-0.13917103
-0.34166026
-0.3688898
0.12504232
-0.006374164
-0.42561966
-0.5549518
-0.4118921
0.00089312845
-0.09109686
0.05034795
-0.0057171397
0.014116961
0.2968228
-0.034136936
-5.679087e-05
0.07179023
0.18519096
-0.098183535
0.06990552
-0.07390719
0.038211033
0.36940745
0.060837768
-0.030008629
0.0018078706
-0.018963126
-0.0027678686
-0.023708936
-0.9723918
0.12344076
-0.2669459
-0.005060758
0.1473045
-0.39681068
-0.110573374
-0.31222937
0.21521534
0.21626519
-0.103093304
-0.792212
-0.028715922
-0.0027730754
-0.0071861125
-0.032146543
0.007332921
-0.021150151
-0.055704776
-0.004629274
-0.17086965
0.06452903
0.030089997
0.08842536
-0.24208856
0.09605315
0.18695585
0.016306486
0.088171214
-0.025348617
0.32850507
-0.14745517
0.019470222
-0.31868815
-0.0011740157
0.3790005
-0.17994611
-0.10254515
0.24100071
-0.5558689
-1.0032759
0.00079976226
-0.11372637
-0.7370508
-0.60276437
-0.5567803
-0.05838227
0.05089875
0.74685156
0.009646348
0.2929705
-0.35502455
-0.487873
-0.7983419
0.07985156
-0.1061986
-0.25161496
-0.028291803
-0.002016597
-0.005261811
-0.35030264
0.16270135
0.1629358
-0.0034268813
-0.53003144
-0.016178269
-0.08317643
-0.6826382
-1.8911994e-08
0.3138912
-0.045514084
0.0033419393
-0.17343216
0.001770549
-0.028842809
-1.6273633
-0.0980628
0.31738827
-0.26048002
-0.28378147
-0.009141757
-0.2970301
-0.17351931
-0.24633169
0.36893907
0.08088841
0.099530466
0.69608444
0.020961301
-0.27427453
-0.18882085
-0.09656373
0.0077134087
-0.49979004
-0.39862233
-0.13263156
0.021818016
-0.061328657
-0.08392089
-0.17782651
-0.0024243596
0.09441685
0.5162674
-0.06922219
-0.19774602
-0.022556515
0.06917426
-0.34326872
-0.040349342
0.14413555
0.2050849
-0.0059186937
-0.24681379
-0.16487914
0.036774725
-0.43663383
-0.23975693
0.2711994
-0.022090888
-0.3397242
-0.024970148
-0.03169989
2.428835e-06
-0.12790637
6.0519116e-05
0.031185081
-0.0015804814
0.17238356
-0.36192703
0.69579345
1.147982
-0.039142873
-0.27311724
0.1780789
0.16244487
-0.016937064
-0.1314132
-0.13561264
0.16343461
0.026732793
-0.015163107
0.27235076
-0.19484028
0.011051716
0.018147355
0.002407133
-0.19886903
-0.064332046
0.0034482854
0.0098843975
-0.034754656
-0.08732729
0.026623178
0.1882747
-0.36865827
-0.85808116
0.050271925
-0.07345428
0.10177567
-0.21251258
0.04913564
-0.21457787
-0.00463949
-0.37908474
-0.0035040993
0.011328759
0.06716083
0.024234205
0.15376757
-4.044893e-05
0.002398
0.14573647
0.1969219
-0.0020770153
0.07732411
0.07283548
-0.07478302
0.021145493
0.019684091
-0.001483742
-8.418362e-06
-0.06443635
-0.016697414
0.07795899
0.29671013
0.1831623
0.04554248
-0.13240741
-0.07174008
1.4245483
-0.065088935
0.33413962
-0.18520989
0.20898405
-0.018388534
-0.9507014
-0.43692774
0.17846757
-0.22116104
-0.25628328
0.04799499
0.34371272
0.010437618
0.013417842
-0.22006921
-0.028939946
-0.28641492
-0.047759403
0.016224278
0.16704215
-0.19640276
-0.39197683
-0.22478046
0.28118056
0.007441067
-0.65631956
0.34210607
-0.5878215
-0.044582
-0.016889794
-0.005652603
0.6229265
0.0012323528
-0.62815815
-0.24080038
-0.42918146
-0.12325417
0.0045212335
-0.47039872
-0.034623288
0.0067015095
-0.1100894
-0.26509592
0.010255697
0.0943071
-0.16975392
-0.15387234
0.4511499
-0.30294624
-0.35355377
-0.046965748
-0.017442059
-0.021073192
0.0704824
0.02774241
-0.07084875
-0.31513733
0.047438644
0.9734212
0.63417596
-0.19720921
0.2785355
-0.01374013
-0.04965142
0.23299329
-0.06477211
0.8255449
-0.79126835
0.0218799
0.18998684
-0.063839726
0.6352645
0.3467805
-0.01704465
0.14922568
-0.0066985413
0.13728048
-0.020854032
-0.25728312
-0.59431744
0.0030944918
0.043164868
0.022771189
-0.09609976
0.6511313
0.00030208266
-0.0024088067
-0.12628324
-0.004092501
0.062122457
0.4541171
0.0038944427
-0.057099774
-0.12690882
0.001975363
0.47689304
-0.16994339
-0.12681854
-0.5737144
0.12953587
0.001883301
-0.46692765
0.18377668
0.032083202
0.009242346
0.0035003333
-0.010405923
-0.014753954
0.02956384
0.019407352
0.00045273444
0.28712225
-0.10998659
-0.5514346
0.03434375
0.032654073
0.0830684
0.12246036
-0.1905174
0.053387087
0.010691718
-0.14022744
-0.04564372
0.43452096
-0.0011708544
-0.01897569
-0.12050864
-0.024898294
-0.34931287
0.026673174
-0.039242823
-0.024548942
0.494048
0.0032660197
0.24986684
-0.0028816778
0.15165688
-0.41954294
-0.16506027
0.14951979
-1.1588371
0.34389412
-0.40032125
0.12425896
-0.28911844
0.026461985
-0.015199263
0.2624157
-1.467672
0.084821366
0.037081383
-0.051745404
0.19955613
0.3886318
0.02046493
-0.1099375
0.0693529
-0.33305728
0.0024335657
-0.30310395
-0.0020104419
0.0138108665
-0.009290595
0.097002864
-0.1481444
-0.0017439474
0.22192356
-0.7234093
0.6828788
-0.001256599
-0.06838798
0.11714292
0.0023175378
0.5702262
0.4277699
-0.8464164
-0.52325964
-0.31445095
-0.011681412
-0.043089382
0.17625992
-0.020896444
0.009646264
0.5084088
0.0010857971
0.10894642
0.038420375
0.05951422
0.026306061
0.15006953
0.011188822
-0.0015996522
0.1582039
-0.028938292
0.10990984
0.036918003
-0.16154183
-0.017899448
0.015474725
-0.12107416
-0.35109344
-0.00010703785
-0.0024848292
-0.018422717
-0.4932847
-0.22502519
-0.064953186
-0.020345429
-0.015270575
-0.1744158
-0.04950466
-0.099205784
0.013540964
-0.8984032
0.2506202
-0.31432745
-0.7367215
