-0.20590714
0.034977082
-0.5631261
0.22899261
0.0019089984
0.001075197
0.21474189
-0.19083823
0.033901546
0.17259735
0.01757807
0.0028903026
0.009246798
0.067483276
-0.1651056
-0.00048739687
0.0003111829
-0.7386969
-0.016268145
0.09890069
-0.20087759
0.022583399
-0.1076638
0.0019029914
-0.007687506
-0.8586888
-0.6164647
0.010302856
0.004672044
0.11645818
0.24724336
-0.30724722
-0.003015037
-0.07811383
-0.113846295
0.032656938
0.039262906
0.020961951
-0.028256191
-0.09884349
-0.4185497
0.04537483
0.123876125
0.0941706
-0.63419294
0.1300052
-0.0024346062
0.28390798
0.14418499
0.024564287
-0.1358385
-0.2775733
0.0017334403
0.036878843
0.05975896
-0.12474314
-0.10897876
-0.014116398
-0.023332523
-0.018375242
0.042232715
0.1663771
0.0058151744
-0.00040278776
-0.32255924
0.0628353
-0.008187687
0.004156766
0.05151597
-0.048624348
0.0051602772
0.043300036
0.0136300195
0.1733496
-7.6037155e-05
0.019408407
0.022884367
-0.06841128
-0.0011705192
-0.27051136
-1.5181585e-05
-0.18946369
0.26655635
-0.21437512
-0.10872795
-0.011755806
-0.026430406
0.056013554
-0.24997579
-0.16223581
0.012413894
-0.08329785
0.17406967
0.047288816
-0.16567108
0.03193741
-0.16478898
-0.016990293
-0.1298507
-0.0018111141
0.00034717788
-0.038071077
-0.10461746
-0.0017784529
-0.564007
0.0016361397
-0.011756875
-0.008774762
-0.001558096
-0.59175265
-0.18725233
-0.03151224
0.0072570257
-0.6446577
-0.17916387
0.02185738
-0.30359262
0.122465774
-0.035573695
0.030304512
-0.00967762
0.0028325324
0.11603072
0.0012700385
-0.048904918
-0.26303416
0.027315464
-0.0114181815
-0.089308605
0.32912078
0.12378078
-0.41150895
-0.29213586
0.036098994
-0.0055358773
-0.05556892
-0.0012450307
-0.45008036
-0.2726341
-0.81445664
-0.07280565
-0.023487909
-0.039064102
-0.002423457
-0.02034366
-0.26378328
0.0008653156
0.13873082
0.014450055
-0.116691746
-0.0005888371
0.21067396
0.08636576
0.006308369
0.0013003482
-0.44283244
-0.016810777
-0.59498316
0.00579154
0.0027415794
-0.008599123
0.106211685
-0.25963303
-0.18027833
-0.21686532
0.0733026
0.029898463
-0.48954505
-0.017509118
-0.0003685808
-0.5366928
0.014945874
-0.19781058
-0.28987563
0.10127238
0.061032843
-0.06849879
-0.07027336
-0.284326
-0.01579839
0.009491243
-0.28185043
-0.005202216
-0.30247176
-0.075446375
-0.7167185
0.0037084685
0.06894515
-0.31325057
0.13921376
-0.019720469
-0.0017705712
-0.0081911655
0.17892699
0.024990737
0.14067416
0.004556887
0.101441644
-0.23032142
-0.32952315
0.11013481
-0.19557744
-0.010979238
-0.020187048
-0.012565493
0.12733768
-0.069262214
0.013276299
-0.18029538
0.16316424
-0.17889664
-0.1323219
0.0032527728
-0.43378094
0.13204725
0.00029455477
-0.02603785
-0.033603225
-0.07045295
0.85697794
-0.37412843
-0.05367439
-0.052067716
-0.059156593
0.027996503
-0.0064348895
-0.10438225
0.13834243
0.18174142
0.027569568
0.3121164
0.044072997
-0.4281238
-0.4120886
-0.0016319797
-0.019548643
-0.35239235
-0.34472153
-0.4585612
0.20547158
0.0034942436
-0.24545717
-0.3897974
-4.412889e-06
0.3687926
-0.012442503
-0.24395391
-0.023845231
-0.39416122
-0.038596004
0.19452979
-0.01116031
-0.0019599507
-0.056123864
-0.2880554
0.022714874
-0.03563981
-0.0024098833
0.43582126
-0.07937591
0.009323645
0.1374475
-0.029411715
0.0010456257
-0.1537654
-0.1894917
0.15098336
0.13863088
-0.009733366
0.056162022
-0.05084663
-0.3583702
-0.03171481
0.17412741
0.19263373
-0.80361307
0.16356343
-0.052819286
0.017397014
-0.10517088
-0.09205312
0.070656344
-0.14976528
0.03285768
-0.44693655
0.018327488
0.17425457
-0.009666631
-8.8644614e-05
0.17181066
0.010812907
0.00075517007
0.10237291
0.073209435
-0.31510225
0.14127015
-0.64122105
0.04236857
0.0019164439
0.18849616
0.000907755
-0.035975594
-0.07160932
-0.013818738
-0.0004968786
-0.032539997
-0.23342435
-0.16336533
-0.022117812
-0.03797767
-0.007727442
0.16073929
-0.38829497
0.05912311
-0.039172057
-0.25076014
0.07850312
0.06990538
0.19406062
-0.04401025
-0.08225012
-0.8147865
0.04081487
-0.1698314
0.122181565
0.08397836
-0.0038819367
-0.57963437
-0.37807506
-0.13276245
0.0022281446
-0.4399649
-0.032464854
0.031578373
0.07135208
-0.5318831
0.035446662
0.054305166
-0.0056129657
-0.095160924
0.22902629
0.017423602
-0.05518594
0.237563
-0.0067986376
-0.00087170163
-0.34312993
-0.07860477
0.090909064
0.04894726
-0.05046356
-0.03603736
0.14484712
0.0106764035
-0.032842655
0.037562322
-0.27094036
0.07471409
0.0073075294
0.31731096
-0.58309394
0.026329493
0.04298089
-0.26771575
-0.007965072
0.103031084
-0.00034643908
-1.2027564e-05
0.00027502788
0.002083245
0.14698854
-0.0017066376
0.09932635
-0.009255877
-0.34116012
-0.36228305
0.0931645
-0.005398883
-0.08482521
0.0047978484
-0.22758873
-0.28617397
-0.08397561
0.004348546
-0.32577854
0.40706906
-0.037991237
0.1889712
0.036134176
-0.1640478
0.0118196
-0.22264312
-0.15648027
-0.004215694
-0.15299344
-0.38140643
0.17566673
0.3233808
0.10113272
0.42778733
-0.45355898
0.19211942
0.15871206
0.1731471
0.07257237
-0.012080301
0.14361754
0.0014911148
-0.38656855
-0.0721197
-0.19559543
0.16420063
-0.5888547
-0.019688642
0.00076283363
0.10096401
0.0006192893
0.10768275
-0.39844555
-0.43279406
0.03731609
0.11097317
-0.006599428
0.22110865
0.35503826
-0.14244138
-0.035395633
0.00036489844
0.0016705414
0.30214623
-0.26089957
-0.3478206
0.1853828
-0.09771925
-0.4786224
0.26017505
-0.16132382
-0.123137966
-0.014083721
-0.16126877
0.0672967
0.03199921
0.13553269
0.062849455
0.2002169
0.016928066
0.13706286
-0.6026543
-0.00056190375
0.0030747277
-0.0069133365
-0.18236066
0.03531226
-0.1554538
-0.048311096
-0.069892116
0.001520098
-0.2818361
-0.11321351
-6.706643e-05
0.0034630133
-0.38409102
0.13277599
-0.0029925737
0.051182058
0.08661017
0.07310736
-0.0288716
-0.18042973
0.0018277643
-0.01654438
-0.27180323
-0.40476996
0.24986483
-0.0028892884
-0.19206695
0.15630388
-0.009278681
-0.10386407
-0.5221102
0.085059725
-0.10493795
-0.11803148
0.30909717
-0.3080764
-0.16838607
0.0041399114
0.001019541
-0.031021494
0.05435957
-0.2137229
-0.14180742
0.08787092
-0.034555603
0.01180328
0.26366258
0.06558165
0.012192342
-0.14948303
0.00670569
0.26764905
-0.071105994
-0.14928351
-0.005408009
-0.00024242977
-0.013584427
-0.22098248
-0.00045633502
0.105584115
0.1578969
-0.3653979
0.00018401728
-0.019241342
-0.21231028
-0.71417975
-0.26202038
0.070936464
-0.035055302
-0.21167867
0.03542532
-0.23452197
0.09716014
-0.67089546
0.46653506
-8.184548e-05
0.33086884
0.008120329
0.18495232
0.030601706
-0.0023765292
0.21072
-0.04818739
-0.059716124
-0.16250375
0.0015492296
-0.055124093
-0.00011364144
-0.024947183
0.11753431
0.0035648325
-1.0116955
0.2643934
0.0004424369
0.0073221484
0.136158
-0.036794413
-0.024229607
0.009230222
-0.019131908
-0.19435032
0.019059392
-0.30993393
0.01762285
0.036425736
-0.47802347
-0.07252006
0.112458795
0.19892235
0.0215804
0.01644694
-0.46175104
-0.032391578
0.14838268
0.08000271
-0.01537144
-0.05161378
-0.24418214
0.32978737
0.015246609
0.22978593
0.11549409
0.15238218
0.29239082
-0.3135631
0.24091907
-0.10778501
0.007043389
0.073261924
0.14432
0.20056908
0.07742337
0.02223296
0.07930812
0.011616445
-0.33507943
-0.03075551
-0.1057192
0.2456812
-0.22808814
0.040889613
0.026141642
-0.10628886
0.0026945292
-0.00041482877
-0.17780028
0.0065612523
-0.048861623
-0.06976316
0.0344135
-0.31686732
-0.73460597
0.015707823
-0.119968444
0.106632
0.03871214
-0.39703435
0.17813282
0.089302786
-0.0036900192
0.14229937
-0.041218475
-0.34128803
-0.17883143
-0.43273464
-0.0005781586
-0.19824322
-0.06626057
-0.05402665
-0.028884582
0.042524006
-0.0057121976
-0.19232786
-0.66861165
-0.07541388
-0.087181106
0.008298019
0.0005573566
0.004661985
0.010373434
-0.014695335
0.11117241
-0.05227998
-0.07173085
0.028635358
-0.0005661426
-0.06781432
-0.017859906
-0.36824715
0.07587549
0.056111258
0.0856467
0.20633638
-0.0066642975
-0.119624265
-0.16215691
-0.031233065
0.11592878
0.25460228
-0.5659331
-0.8905273
0.3153197
0.048955
-0.0024441849
0.013564636
-0.05110877
0.010060136
-0.5719967
0.0013338383
-0.27543855
-0.020830171
-0.12520637
0.0044475407
-0.008345974
-0.21674125
0.1528771
0.037048813
0.013513878
-0.18585962
-0.92210513
0.043492097
0.2101051
0.032263797
-0.008185373
-0.022385126
-0.19123791
0.29757077
-0.12050206
0.020700691
-0.043243907
-0.3107923
-0.17291835
-0.25341824
0.0031466654
0.06236421
-0.007469231
0.22014605
-0.016042156
0.3200553
0.0056782505
0.00146829
0.0009344744
-0.46453738
-0.017330412
-0.2735469
-0.0053589283
0.1748396
0.010869893
0.3674367
0.03509777
-0.11622575
0.038487226
-0.5488717
0.0440052
0.118928604
0.0023396872
-0.21454576
-0.014577515
-0.034769315
0.04557022
0.05376706
-0.17743786
0.20525564
-0.023772957
0.2664817
0.00042703858
0.3534059
-0.021733774
-0.82660604
-0.26982835
0.30786642
-0.0017631836
0.10709633
-0.045600705
0.003860924
0.037484173
-0.2838201
-0.013712927
-0.0014304924
0.015315688
-0.17682368
-0.033561196
-0.18683289
-0.0004951718
0.16371424
0.0038001041
-0.10527471
-0.1279519
0.036647625
0.12961076
0.09378878
-0.0109210145
0.037447948
-0.0077551594
-0.011669648
-0.0353357
0.0028584935
-0.5316595
-0.005068138
-0.11538223
0.041950908
-0.13150074
0.28466937
9.015527e-06
-0.16759649
-0.089089066
-0.1076554
-0.12978448
-0.10215634
0.0020513514
-0.01563964
-0.037213262
-0.11097604
0.008226265
0.083649255
0.22617958
0.21351553
-0.00048526833
0.25840273
-0.43902147
-0.40488246
-0.038931515
-0.0036703788
-0.21602999
-0.22738436
0.009809747
-0.41046134
-0.33507717
-0.23045881
-0.0050800135
-0.2880651
-0.029040392
0.044079117
-0.030377679
-0.5167158
0.03219226
-0.35446897
-0.41353685
-0.10623018
0.12049466
-0.11124194
0.004315492
-0.00069027
-0.18545437
-0.0008178203
-0.36557394
0.014217207
0.00842577
-0.016290996
-0.08064536
-0.0005918848
0.03393465
0.029162085
0.04223064
0.081169516
-0.05982161
-0.024501497
-0.03588144
-0.014559647
0.009047647
-0.040943347
-0.19206676
-0.007142189
-0.35490525
-0.007941728
0.10446586
-0.059387263
0.004069349
0.010369278
0.2720647
0.0053154076
-0.21437114
0.10899507
-0.3690422
0.046469018
-0.015911922
-0.09764591
0.06358432
0.035978172
0.08271505
-0.004127206
-0.16589361
0.08456055
0.09755613
0.1324977
0.0042638294
0.5048023
0.08255106
0.03405749
0.018405255
-0.1916905
-0.18186782
-0.048062045
0.0058223912
-0.00097533036
-0.058827158
-0.24763273
0.0010663425
-0.13248643
-0.11600434
-0.34511298
-0.08699281
-0.62074125
-0.37954873
0.033371594
-0.41351756
0.12955835
-0.023202784
-0.00023727937
0.007652094
0.22021137
-0.008386746
-0.46058607
-0.73865443
-0.24241231
0.38513824
0.16255172
-0.12738773
0.22051719
0.17879821
-0.5743204
-0.016007809
0.23784755
-0.03917284
-0.23970538
-0.65720165
-0.0053390455
-0.47585392
0.31245187
-0.539386
0.07835758
0.0461462
0.024253337
-0.31877935
-3.824472e-05
-0.0042453865
-0.006001405
0.01654531
-0.030367374
-0.4520071
-0.32947665
0.012890667
-0.009035178
-0.3934361
0.0024996183
0.19045034
0.36644077
0.2819623
-0.009305763
0.08313773
-0.10308129
0.014542105
0.01268478
-0.29188195
0.032097682
0.008033285
-0.003896091
-0.015701747
0.03456876
0.014311586
-0.26570827
-0.6206265
1.431975e-38
-0.26736397
0.055765904
-0.1533938
0.13879818
0.0057139043
-0.3506368
-0.48328227
0.083737
0.06607979
-0.09797559
-0.20804927
-0.38754776
0.16019781
-0.21520461
0.0071841767
-0.058602683
-0.015879456
0.08423977
0.105442956
0.00048431256
-0.23907615
-0.10201397
0.20041245
-0.281647
0.09476805
-0.40433675
0.017259635
0.08343591
0.24590799
-0.0355291
-0.05555824
-0.010212258
0.008142417
-0.040261768
0.25836933
-0.087202094
-0.035849966
-0.39123723
0.2030362
-0.009825836
0.025485856
0.0206863
0.01651254
0.05555073
0.0014426743
0.26682776
0.09702659
0.034777056
-0.007737814
0.30304202
-0.0008031327
-0.31935006
-0.4755869
-0.018541193
-0.10946845
0.16489846
-0.036340825
0.14715223
0.0045381244
-0.12666629
-0.067069106
-0.008379238
0.080097936
-0.6638568
0.15709442
-0.06459277
0.026532942
-0.058851764
-0.11444365
-0.37427714
0.0035780822
-0.076503865
-0.037862338
-3.2933713e-06
0.092565425
2.235285e-05
-0.06326462
-0.18670525
0.00070734764
0.465846
0.0062430627
0.0872356
0.012743938
0.64435923
-0.024266304
0.008568882
0.026209703
0.06636687
0.0009433264
-0.4429732
0.12719868
-0.07419704
0.0048785135
-0.49764946
0.022478797
0.152756
0.06192632
0.0967186
-0.09424255
0.27314126
-0.21627893
-0.007908734
0.0063857064
0.24252091
0.08917914
0.25248605
0.07799187
0.0015832346
-0.1273475
-0.020116473
-0.48285347
-9.2386545e-06
0.26288557
-0.022048065
0.0012084628
-0.004868577
-0.18370116
-0.005699802
-0.28591087
0.00058681547
0.013256623
5.2076568e-05
0.05845384
0.018952064
-0.053692624
0.18985337
0.0033729873
0.05239369
-0.63765347
-0.033586655
0.0020619421
-0.009652289
0.034359623
-0.020060664
0.5833335
-0.004956404
0.17439325
-0.29862404
-0.14550081
-0.015826961
-0.004024465
-0.021825472
0.0054067983
-0.035910424
-0.025892686
-0.13713945
0.1147955
-0.32943815
-0.00154751
0.028583732
-0.012468849
-0.39833263
-0.82379556
-0.016681822
-0.003115628
0.120237045
-0.43867692
-0.3615266
-0.0027730826
-0.009036831
0.024354191
-0.07420527
-0.14564781
-0.01057293
-0.18161778
-0.0025354095
0.0003754222
0.33169934
-0.0056772367
-0.16956805
-0.012552466
-0.6267539
-0.345386
-0.05967929
0.5500958
-0.032018498
0.08728786
0.22967613
-0.41402873
0.081307605
0.036417816
-0.020861933
0.0065349084
1.7043659e-07
-0.42946777
0.050443366
0.026645489
0.018426843
-0.5948002
0.044230074
0.18306747
1.6296013e-05
0.23379384
-0.33514875
0.12859514
0.37974545
0.09646686
0.3703775
-0.010659345
-0.022545919
-0.00603878
-0.1285764
-0.4180239
0.19628201
0.0052131577
0.039329145
0.051392462
0.26158163
-0.38449693
0.0066035287
-0.0013577135
-0.3539589
0.066817366
0.12162271
0.021731762
0.08300747
0.027374404
0.6151722
0.37404865
-0.3999556
-0.43430465
0.0021963692
-0.07989863
0.001617259
-0.08723964
0.0034217204
-0.010570119
0.09112601
-0.003697568
0.13389212
-0.039284613
0.034105707
0.0002955973
-0.0063634682
0.122175165
-0.08028244
0.018272359
0.0003175236
-0.33632955
-0.16722758
-0.39476317
0.036243867
-0.20447063
-0.04977799
-0.4079439
0.1176126
0.051781587
-0.2724383
0.16975935
0.14605878
0.0051442455
0.026434293
-0.15511093
0.22730973
-0.03420195
-0.020717857
-0.022475662
0.0004126074
-0.18541892
-0.101959564
-0.018575486
0.043485377
-0.32285026
0.1621811
0.16191877
0.002916799
-0.1539486
0.10446896
-0.00036318394
-0.0019998034
1.3572363e-05
-0.00059076835
0.014295282
-0.12901172
-1.3655126e-05
-0.24694787
-0.18141681
0.10504148
-0.013235704
-0.36107674
0.013920114
-0.0052112215
0.11975355
-0.021740673
0.11397066
0.03998763
-0.051750377
0.067482986
0.25551724
-0.6314757
0.13600437
-0.58661395
-0.19549312
-0.3364167
0.032476086
0.2748176
-0.013836909
-0.16184087
0.24112582
-0.0011090031
-0.1145092
0.37915215
0.018854665
-0.0022574442
-0.089152195
-0.31336054
-0.022425357
-0.47581673
-0.000656793
-0.40364772
0.0030935905
0.36486417
-0.07569868
0.18397191
-0.17301518
0.14264084
0.0049894475
-0.026485633
0.06567346
-0.23342423
-0.124843866
-0.042186797
-0.308981
0.01641011
-0.14804813
-0.012262695
0.24428445
-0.2340771
-0.16170208
-0.050599236
-0.11052762
0.054692652
-0.049920797
-0.0073400103
0.0017055607
-0.29002857
-0.20837104
0.25363585
0.20715554
0.030304143
-0.040385626
0.0850025
-0.06581941
-0.11327875
0.07725364
-0.47706872
0.088228725
-0.41041392
-0.07511887
-0.07255468
-0.037844557
0.28950822
-0.05502279
0.041374825
-0.021162169
-0.06559701
-0.0019124041
0.16778784
0.41061303
0.004374598
0.0029629667
0.20631585
0.06438695
0.21828173
-0.27859703
-0.24039002
-0.046396803
-0.20241699
0.017340716
0.09623398
-0.16733918
0.08651046
0.06821172
-0.00043992858
-0.20335194
-0.0026430103
-0.015158877
-0.013839639
-0.3502202
-0.046384603
-0.03230319
-0.045011535
-0.03714555
-0.09403228
-0.00017139055
0.057872128
0.019057442
-0.26262394
-0.29008165
-0.4434759
0.04456205
-0.19808708
-0.0069421423
0.05128005
0.0005033768
0.0028964388
-0.43895334
-0.4365191
-0.20656236
0.24510486
0.17366023
-0.011140181
0.0035952898
0.34504136
0.14579462
0.008179817
0.0189389
0.38107902
-0.20528026
0.028337521
-0.04756484
-0.03802619
-0.6879919
-0.5633405
-0.02979671
-0.41774172
0.023169039
0.14591894
0.15472268
-0.3140866
2.7803612e-06
-0.0010318011
-0.3624587
0.019235892
-0.562227
0.0027146223
-0.2775871
-0.061282646
-0.008097792
-0.14437497
-0.21810828
-0.13565904
0.038253635
0.25108847
-0.7255282
-0.17584082
0.0069473535
-0.12830122
0.053697005
0.01911229
0.049362276
0.020287568
0.00711947
-0.1174686
0.058245607
0.07696367
0.0008885537
-0.016822174
0.22723322
0.00070071855
-0.12489667
0.019582847
0.0014830533
0.083612315
-0.081497006
0.086448796
-0.15912004
0.030505063
0.0049851616
-0.029918313
-0.099540666
-0.007190415
0.11437798
0.07612503
0.0010357905
0.041637324
0.0047017443
-0.10070495
-0.6232975
0.16402104
-0.010848473
0.0050453246
-0.00031889457
-0.051293388
0.06858994
0.07232262
-0.2628731
-0.35473633
0.016407838
-0.058687642
0.033539686
-0.0037095228
0.0153508065
-0.030801091
0.013129384
-0.04887931
0.13227852
0.106028
-0.25689733
0.028989531
0.0011833113
-0.015434677
-0.55178124
-0.03149857
0.008272515
0.0116857765
0.0010217769
0.2351191
-4.599745e-05
-0.8120162
-0.31662056
0.0011240899
-0.14536664
-0.107268825
0.035684794
0.047426242
0.08457197
0.00020670262
-0.43789628
-0.61305135
-0.35106426
0.00797315
-0.2790053
0.17384504
0.040392675
0.017803973
-0.0024921312
-0.21299347
-0.0049337065
-0.7006887
0.015317939
0.031784717
0.0044360613
-0.3158348
-0.35162583
-0.10480863
-0.0019193904
0.034768917
0.0006187022
-0.33143714
-0.029538626
-0.78628397
-0.45628256
-0.23257582
0.012828754
0.18651107
-0.1035728
-0.022973381
0.24149437
-0.00022269788
-0.2743922
0.20827936
-0.040809385
0.060149983
-0.021486586
0.0015698258
-0.52000475
0.0211132
-0.09405882
-0.020246783
0.0006874588
-0.45118326
-0.85044557
-0.38041988
0.1319959
-0.051925063
0.0009520156
-0.16648757
0.00067642325
0.035097443
-0.043610685
-0.1932348
-0.022710212
-0.010504798
0.48855746
0.0037125743
0.12065679
0.089243464
0.124993436
0.15795021
-0.2277025
-0.0052222647
0.078008756
-0.0014745881
0.02477516
0.084379405
0.07235602
0.03242195
-0.14175157
-0.0052513126
0.16014925
-0.43635416
0.15846772
0.08108016
-0.17878175
-0.011060017
-0.19409706
0.031847224
-0.016700769
0.12224937
-0.38759765
-0.45296663
0.21452488
0.030529985
0.024474658
0.008534548
0.11604353
0.061250325
-0.0043245535
0.18260394
-0.077333935
-0.45245194
-0.14773737
0.17932771
-0.00023575942
0.364854
0.15219533
-0.32441354
0.0039556567
0.0022645565
0.26324692
0.21107636
-0.018913621
-0.00066129956
0.4064768
-0.00013283029
-0.113179326
-0.0850085
-0.14072065
-0.0011927923
0.08482236
-0.13451387
-0.17108044
-0.020438625
0.014278225
0.0013740739
0.002061176
0.12549415
0.19405416
0.20959406
-0.026572306
0.86401564
0.24766381
-0.004373832
0.036377966
-0.12162598
0.0051675374
0.1351878
0.025452143
0.2860099
0.09742166
-0.3285653
0.050713874
0.20596214
-0.07124576
-0.53186464
-0.0059428434
-0.77434343
0.0071911328
-0.0008098156
0.22265269
-0.08961054
0.14811933
-0.014754394
-0.04355272
-0.033548884
0.20865527
0.07212158
0.16808619
-0.00595194
-0.023681775
0.005138596
0.06991083
-0.6511111
-0.19309618
0.034408268
0.04580985
0.20816018
-0.17313369
-0.15957156
0.04167569
-0.0178643
-0.019650621
0.07563746
-0.23161153
-8.898297e-05
-0.018331977
-0.0008219954
0.03052134
0.001120402
0.09530978
-0.1382253
-0.12327052
-0.14326204
0.010478921
-0.58292496
0.040182225
0.058586184
-0.003986803
-0.09207364
-0.24682355
-0.59752834
-0.027308919
-0.13807851
-0.49837723
0.20353442
-0.13065492
-0.011392082
-0.20788975
0.03689487
-0.30666047
0.10329389
-0.22086814
-0.380067
-0.19691764
-0.04937034
-0.1653942
0.03110076
0.0033213417
0.07320447
0.20134255
-0.02776146
0.019416211
0.2059103
-0.2044466
-0.029717913
-0.06443285
-0.09729316
-0.56342345
0.041962095
0.24274376
-0.07970045
0.008594281
0.024157284
0.019643325
0.018975044
0.16736883
-0.503949
0.15108633
-0.026271354
0.06505314
-0.67509615
0.011841899
-0.08277525
-0.19151945
-0.11813223
0.16360001
0.0021843272
-0.50532115
-0.0058560385
-0.21752842
-0.10323219
0.5994
-0.00016530177
0.026098646
-0.08348486
-0.25925127
0.15081069
-7.2355633e-06
-0.3280236
-0.36419266
0.07432637
-0.1289344
0.090059906
0.001208891
0.0896721
0.0021511088
0.026865536
-0.69456464
0.08860989
-0.2864198
-0.19483775
-0.022419507
-0.49349028
-0.22409548
0.073042996
-0.7385125
-0.07125389
0.021598995
-0.105606556
-0.012542689
-0.43540806
-0.12849423
0.0003923545
0.006510503
0.015569615
-0.4947185
-0.6270732
-0.06808313
-0.42482066
-0.14623001
0.12586065
-0.66908675
-0.014193885
0.343645
0.18277922
-0.26190642
-0.2053588
-0.27759135
-0.406852
-0.44782016
-0.007253332
-0.042958934
-0.39977315
0.07130001
0.005399931
0.012826562
0.05068716
0.31212878
0.07442953
-0.025783781
-0.26226518
-0.0116121005
-0.041069675
0.053919274
-0.011966123
0.07177246
-0.0019622634
-0.011733119
0.012450351
0.0022117812
-0.06753184
0.006034684
-0.039239977
0.14900532
0.030451978
0.07011778
0.088290095
0.0034396127
0.0049306294
-0.9221135
-0.7050173
0.30897918
-0.0012206712
-0.42054042
-0.0130322585
0.26957393
0.00040110055
-0.06053578
-0.36576778
0.03986635
0.08832534
0.25430152
-0.20832045
0.08550699
-0.002482842
-0.50571066
-0.65982175
0.1679731
-0.25959748
-0.19161344
-0.028682644
0.055495307
0.06559864
-0.0005153986
-0.029148826
-0.11359131
0.002350579
0.14066549
-0.7856045
-0.075173475
-0.6865892
-0.0006641544
0.15968521
0.0025900016
-0.053274643
-0.15048902
-0.013595066
-0.40850747
-0.6771347
0.12621583
-0.2782206
-0.11679719
-0.36776856
0.05544816
0.05229258
0.12321281
-8.33596e-05
-0.17973797
-0.15545744
-0.2634636
-0.21236812
0.004598531
0.009591561
0.05077038
0.06701673
-0.5121874
-0.6962014
0.15486398
0.056484725
-0.14521661
-0.11957972
-0.0023791718
-0.20881963
-0.0047094724
-0.5354356
-0.06207747
-0.029303037
0.020726934
-0.045318738
0.18773365
0.036538374
-0.0293662
-0.007413541
0.1913525
-0.043111216
0.15994911
-0.08433311
3.6447927e-05
0.02473973
0.04319221
0.0052680694
0.18436737
-0.034960978
0.025336891
0.2785769
0.23715377
0.0038399694
-0.23911248
-0.022089263
-0.29477108
-0.00018079765
0.6851571
0.1105377
0.08341033
0.0059174127
-0.2315607
2.323935e-05
-0.003111653
-0.0908058
-0.06370219
0.012298639
-0.007813343
0.027396975
0.074791
0.03414716
-0.75639445
-0.34687725
-0.5803338
0.044785857
0.0011244358
0.0011870717
-0.09921785
0.006589897
-0.66842633
0.024579993
0.032145433
-0.050535668
-0.0058227056
-0.27581233
-0.6669331
0.0072068507
-0.1271702
0.13223825
0.16258165
-0.550218
-0.010972951
0.44116965
-0.25355005
-0.376551
-0.40114075
0.00041410205
-0.0026847152
-0.03780124
3.134584e-05
0.00071036344
-0.03639637
-0.007608899
-0.0014098922
0.06727284
0.09857049
-0.04324956
0.0002488576
-0.09132404
-0.048784424
0.011822815
0.036039088
0.10814806
-0.3427613
0.24021731
-0.5884322
0.02949779
-0.3265042
0.0017938594
-0.0016262799
0.10990769
0.045123328
-0.41010436
0.020188026
0.26209947
0.015092361
-0.0048191436
0.29083034
-0.06306747
0.030755823
-0.36716428
-0.09034776
-0.250505
0.015716428
-0.0010771718
0.13257079
0.14597394
-0.13050556
-0.1260588
0.09978764
0.22277194
0.24740073
-0.011048467
-0.087073065
0.024076901
-0.008672689
-0.49727243
0.016135015
0.34057713
-0.20308997
-0.12782326
0.0033224698
-0.35922506
0.13078274
-0.25690386
-0.3460664
0.015431416
-0.011216377
0.054582395
-0.36251658
0.30735686
0.078506224
-0.060651284
0.09619128
0.008093101
-0.22478499
0.0007058875
-0.38015437
0.05937137
0.16550954
0.023590524
-0.0010055373
0.11252801
0.0
-0.039021667
0.04887271
0.038744356
-0.26647186
-0.24462251
0.14530201
-4.267374e-05
0.052794766
-0.13237132
-0.03496148
0.2453698
-0.0023537546
-0.0014173085
-1.4748497e-14
-0.00122408
0.0032730175
-0.74780077
-0.18828626
0.12995929
-0.16754378
0.13449174
-0.71513146
-0.15146594
0.045381155
-0.48563355
0.15904206
-0.2930413
0.015392986
0.22054192
-0.00858701
-0.28498775
-0.0018015864
-0.14766695
-0.07483186
-0.009992262
-0.0030209767
-0.3428604
0.022283645
-0.044591747
-0.28912815
-0.16588406
0.0012349867
0.0012183618
-0.026433961
-0.54269785
-0.39096516
-0.00254886
0.0022174157
-0.45103705
-0.03854689
-0.0017079795
-0.64531386
0.00037362808
0.09456538
0.05031571
0.0010272338
-0.048720933
0.044210657
0.016715609
-0.051481646
0.00015603415
-0.32676557
0.050444134
-0.15413141
-0.006259805
-0.10947578
-0.120718256
-0.3557939
-0.012361851
-0.005495358
-0.61768085
0.00013706768
0.36531723
0.4981932
0.0011841815
-0.013103758
-0.077666864
-0.5296134
-0.00010226331
-0.0905854
-0.068933465
0.1077128
-0.00013006445
-0.18580173
-0.93013763
0.0017667388
0.056208096
-0.67215264
0.090694554
-0.05779256
0.0010646114
-0.09733837
0.18802951
-0.00306082
0.016740397
0.018730588
-0.27755532
-0.03993265
0.0042973715
-0.4127402
-0.1811396
0.09541438
0.0234776
0.00607368
-0.19849965
0.26689133
-0.1786634
-0.11742875
-0.15816937
-0.017847942
0.36503074
0.21357332
-0.7329597
-0.3266293
0.036460154
0.0044416324
0.010017764
0.029706316
0.28055885
3.23597e-06
0.019096287
-0.5697676
-0.0571133
-0.40116477
-0.00011086187
-0.033363692
-0.1409326
0.0574666
0.29353708
0.23593424
-0.3556266
-0.33311862
-0.0013448161
0.009146911
0.002099082
0.0067422646
-0.18413304
0.0020400658
-0.17123266
0.007026472
0.0993224
-0.14337105
0.02406799
0.20494236
-0.08319526
0.09551294
0.02744533
-0.010176592
-0.24321182
-0.18214136
0.0020564299
-0.2872597
-0.028962005
-0.0033478404
0.008609764
0.00092157815
0.20440142
-0.5900015
0.08617355
0.06479193
-0.080498554
0.013015281
-0.0015286318
0.27593133
-0.055734172
-0.004912545
0.2317452
-0.0017378161
-0.22093843
0.17273049
-0.1949059
-0.89545095
0.052989
-0.0126121305
-0.32698473
-0.11055033
-0.5600299
-0.40884763
-0.0102447355
0.015486664
0.0012330764
-0.24123488
0.0011867424
-0.00071006134
-0.052622605
0.25996953
-0.059174314
0.6154351
-0.010529684
0.34729618
0.09820364
-0.27958325
-0.009103665
2.3662054e-05
0.15374598
-0.5941849
-0.057527795
0.00079780526
-0.17542331
0.0344387
0.042828284
0.053252876
-0.23148817
-0.114406355
-0.3024157
-0.31855756
-0.030640766
0.11585992
-0.2684864
0.22822353
0.0055828425
0.011790614
-0.088366926
5.4112144e-05
0.0070681763
0.0037908258
0.0477592
0.15158725
0.0001336677
-0.0033787906
-0.1320199
0.10317731
0.116736285
0.012188707
-0.17790098
-0.05083804
0.12947495
0.11297608
0.0050017764
0.0032715665
-0.0023237285
-0.74010724
0.30724016
-0.6363398
-0.69870245
-0.075963005
-0.042516135
0.04482956
0.22935542
8.228311e-06
0.22940357
0.04742879
0.035752486
0.002082808
0.19564481
-0.12037457
0.090651475
0.2282887
-0.53047824
-0.018985655
-0.00861197
0.0061587
-0.43970916
0.00049943
-2.2773052e-06
-0.39789197
0.21987975
0.01923839
-0.24540308
0.0732937
0.0016023077
-0.15181723
-0.73639965
-0.02316845
-0.20406722
0.19634542
0.03006723
-0.072887994
-0.010703117
-0.14394693
0.24498989
-0.28741223
0.00773795
-0.17660248
0.03205068
0.017689914
0.00016684468
-0.0055062734
0.0016332952
0.23666698
-0.097020045
-0.28546044
0.005903188
-0.065692104
-0.63187027
0.011685596
-0.31520635
-0.008609456
-0.13951093
0.13712728
0.0005806204
0.06946064
-0.20491466
-7.0132366e-05
-0.3608858
-0.03922966
-0.42830837
0.00023316106
-0.009791949
0.3388698
0.001630473
-0.9883197
-0.11393223
-0.005725717
-0.118939705
0.022647755
0.26074684
0.012476512
0.103500254
-0.07965685
-0.038079347
-0.011287019
-0.015819665
0.07186023
-0.1247341
0.19485298
0.0028404354
-0.016705913
0.104853004
-0.00017170788
-0.5298722
0.21858522
-0.012870405
-0.094328806
0.27175692
0.024489827
0.10287264
0.19897425
-0.017375037
-0.0026545278
0.0020591535
0.016960455
0.039851543
-0.19817922
-0.7816245
-0.9027263
0.24615769
-0.0003285295
-0.041464046
0.06100095
0.0062165884
0.34824795
0.008480472
-0.123635836
0.0023914082
-0.39479992
-0.0997954
-0.0022530118
-0.20270932
-0.5517657
-0.37301293
0.16861057
-0.17187673
-0.006247446
0.17802781
-0.0062883045
-0.030118579
0.015527212
-0.6859492
-0.36079445
0.3135406
-0.00066909
-0.26495323
0.3648124
0.4099828
-0.04460601
-0.33143696
0.0003516987
0.095150545
-0.28837937
0.042300057
-7.738146e-06
0.12226738
-0.06488519
-3.549867e-10
0.22855425
0.13396654
-0.008693081
-0.12948616
0.030451586
-0.036724053
-0.0028893782
-0.26029554
-0.36015433
-0.29788378
-0.042340435
0.16407332
-0.02865565
-0.00021928016
-0.45229608
0.101704866
-0.44852537
0.15953404
0.0042600143
0.001983468
0.13715358
-0.5397285
0.036286797
-0.711045
0.15543082
-0.3152007
-0.1804185
-0.18450457
0.0015828757
-0.029900933
-0.05136539
-0.110063165
0.00874748
-0.059201237
-0.03372214
0.1525901
-0.06525236
-0.09760957
-0.7687811
-0.24372366
0.056827255
-0.10506974
0.003772077
-0.1702336
0.32129094
-0.49257463
-0.8242821
-0.20861846
-0.043990314
-0.02261229
-0.083282426
-0.361447
-0.014489397
0.023368748
-0.28433278
0.008647326
-0.38510457
-0.20660391
-0.07296378
0.26761422
0.34983817
0.0022663714
0.14538328
-0.2033547
-0.0028641468
-0.006608075
0.003209505
0.0003197988
0.18441
-0.09614231
0.018132646
0.007590998
-0.34832433
0.14320555
0.090153895
-0.15820886
0.0013570334
0.30052078
0.27964884
-0.050044417
-0.034350876
0.024520187
-0.2828984
0.0019604133
-0.011219483
-0.090946004
0.0035954514
0.10958436
-0.0026656685
-0.035013344
0.010073629
-0.40355024
-0.3758161
-0.061327115
-0.23370925
-0.76019496
-0.013638512
-0.00994377
-0.2997179
-0.01710824
-0.298662
0.101247385
-0.38495162
-0.47040975
0.025613222
-0.032036748
0.31243575
0.018015027
-0.21888746
0.044967316
0.06413183
-0.016551046
-0.3036722
0.0035863253
0.11880051
-0.02467139
0.012177035
-0.01366158
-0.4764043
0.0021217694
-0.12477872
0.2463792
-0.0051205102
-0.23687586
-0.002743599
-0.036917213
-0.26978844
0.06264771
0.017647209
-0.35497144
-0.0072715986
-0.0015002285
0.006879522
-0.0051675397
0.13287787
0.3388115
0.16513713
0.010568838
0.085272945
0.04248577
0.047737975
-0.5860516
-0.40183654
0.034870353
0.023404293
-0.010855271
-0.07102287
-0.27679467
-0.00012219044
-0.3228697
-0.2663416
-0.796209
0.22575255
-0.1349448
-0.24371658
0.030352058
-0.054853704
-0.00027045413
-0.13867803
-0.12433332
-0.04361145
-0.010871823
-0.963899
-0.43216023
-0.58395916
-0.13958137
0.076918975
0.11224354
-0.027041519
-0.7646593
0.003194403
0.00030567925
0.009252126
-0.12603502
-0.009858883
0.025614748
0.16640899
0.052164335
-0.010218901
8.432313e-07
-0.29598483
-0.13464311
0.0037026985
-0.25635248
-0.017312545
-0.35587007
-0.0070186984
0.10405653
0.2716065
0.117643
-0.056994878
0.15440415
-0.1855047
-0.07468109
0.6670614
-0.19338399
0.12385637
-0.1952283
-0.016124202
0.004440291
0.0070449593
-0.25982642
-0.22770758
0.13808224
0.16723119
0.06118784
-0.46799594
0.054882545
-0.06985508
0.056779474
-0.06527495
-0.026551032
0.00033651586
0.039117713
-0.14667913
0.06133791
-0.004373369
-0.013179033
-0.5766648
-0.054681163
-0.089221194
0.004519969
-0.00032733806
-0.59136343
-0.00047203002
-0.0882991
0.120416544
0.0009600459
-0.010337415
-0.002737947
-0.011724532
0.11577877
-0.09342145
-0.0739052
0.27085418
0.14799497
-0.005682548
-0.0059125964
7.50667e-06
0.0036690913
0.01107186
-0.07857746
-0.0761709
-0.08988107
-0.38263053
0.0017101036
0.115396306
0.033347975
0.008425871
-0.6813931
0.2141477
0.26430145
-0.06702632
-0.0024069129
-0.39144042
0.011495795
0.06575483
0.060615953
-0.017347973
0.32308823
0.05023817
-0.27272338
0.062504634
-0.04405907
0.04196544
-0.020882608
-0.008374562
0.16954382
0.00067054474
-0.15197158
0.01583765
0.049217638
-0.059450977
-0.025922686
0.07360643
0.026680034
0.009762662
-0.0043452303
0.1353114
0.08244743
-0.037999388
0.003479644
0.6751606
0.0476896
-0.65170956
0.19416809
-0.0007701815
0.19455196
0.005388408
0.32056546
-0.047833744
0.15805759
-0.61070025
-0.20601258
-0.6742374
-0.25426516
-0.0068231886
0.016201667
-0.36905992
-0.0014429411
0.0074306084
-0.017437207
-0.05476969
-0.04401778
-0.00034335293
0.102259904
0.042908553
-0.006777167
-0.7878329
0.040627994
0.0021958444
0.032500383
-0.024790158
0.037485693
-0.1726822
-0.1172622
-0.0011873291
-0.31624442
-0.011088411
-0.015275883
0.068562046
0.010425809
0.0015069443
0.12437535
-0.14030805
-0.019367859
-0.05726038
-0.09960884
0.09485615
-0.35403273
-0.0836848
0.07706178
-0.058845833
0.053908702
-0.08816117
-0.452991
-0.56571
-0.15008593
0.06677513
-0.62461305
0.00015591351
-0.015986513
0.14799567
0.013670553
-0.2059401
-0.15506677
0.013278379
-0.025632719
0.062000766
0.04428897
0.013349464
0.13450088
-0.031566925
0.10573731
0.049630992
-0.3470851
-0.26193634
-0.0025049688
-0.044850476
-0.15190338
0.13360904
-0.54230887
0.18280736
0.00040013762
0.049938235
-0.3100779
-0.101205565
0.0069560464
-0.08891501
-0.1712992
-0.00024637746
-0.13733593
-0.16342239
-0.038684633
0.013055699
-0.067055374
0.122953884
-0.1677752
0.0022314263
-0.08252727
-0.03512453
0.13438025
-0.0015881187
0.21777952
-0.002899855
-0.036534097
-0.612225
0.1288785
0.012300918
-0.40085554
-0.10958321
-0.1910438
0.04193805
0.0143904025
0.0066220895
-0.0055921157
0.018372104
-0.0040657627
-0.09222963
-0.00127077
0.09086499
0.014899492
-0.08736253
0.21670876
-0.2474331
0.03369359
-0.5174239
0.119465746
-0.25856715
-0.7515392
0.029396223
-0.0076846294
-0.00061800913
-0.016864084
-0.00038723994
-0.30997884
0.0015648553
-0.004155214
0.058646433
-0.031103624
-0.024602761
0.823861
0.014734943
-0.007871088
0.0095588
-0.7175784
0.017741814
-0.5178263
0.046439663
0.0070027555
-0.056631185
0.09453284
0.035031125
0.19351749
-0.118347555
0.04398672
-0.0075602294
-0.55062807
0.125763
0.0024555048
-0.4439326
0.053199414
-0.7544246
0.04092781
-0.64658
-0.32003686
-0.439206
0.0024482326
0.21571437
0.10967005
-0.022406187
0.0042553134
-0.13704166
0.007646215
-0.6736917
0.022153422
-0.002434166
-0.03396942
0.0038967277
0.37791446
-0.23092003
0.13205731
0.0012859028
-0.076382324
-0.039282978
-0.09159382
-0.1125073
0.3991259
-0.41831076
0.20749266
-0.8470931
0.14732714
0.0012081306
0.004396824
0.060667347
-0.13640255
-0.104661256
0.25107616
-0.27827087
-0.53956413
0.045471955
-0.42050508
0.13894372
0.09263922
-0.17242421
-0.0024334493
0.16650906
-0.0054229344
0.017450778
-0.018950054
0.0609109
1.4113834e-13
-0.15327616
0.0014476944
0.0062931185
-0.006567297
0.05606521
-0.20296307
-0.0118159875
0.07547666
-0.19982266
0.0006541182
-0.10878744
0.25726867
0.022019032
0.05366107
0.057017084
0.04715696
-0.05444865
-0.6420719
-0.0025704913
-0.09738602
0.04958144
-0.02155659
0.30935782
0.091452576
-0.36823624
-0.010026052
0.0011326995
-0.056529745
0.004312665
0.01850671
0.12483093
-0.0636766
-0.25375825
0.0021559787
-0.0065514687
0.012083368
0.008401848
0.016197892
0.092496775
0.27091807
-0.113299
-0.31712073
-0.5689307
0.0036124804
0.0025638982
-0.33785313
0.13483392
-0.081813894
0.007105275
-0.004857721
-0.008718256
0.28222507
0.12080469
-0.24997954
0.11461757
-0.032353297
0.014583741
0.01390686
-0.008944793
-0.37360916
-0.03875725
0.023346014
0.08145209
0.02671147
0.028612884
0.034548093
-0.0012634268
0.20761591
-0.7417694
0.009216928
-0.0010225269
-0.3349986
-0.69785464
-0.16232134
0.35213748
0.011831818
-0.022166852
-0.11581147
-0.02159706
0.16903646
0.04001151
-0.36288595
0.13161857
0.014473674
-0.43132484
-0.0070440224
-0.1468065
-0.013572537
-0.07391887
-0.09481566
0.05790228
0.00074081845
-0.033179276
0.33305448
-0.5322367
0.34438014
-0.0053196778
0.0014869223
-0.4800502
0.20662469
-0.5643191
-0.20028807
0.0005555998
-0.057106204
-0.06830836
0.42365733
-0.22396654
-0.1927929
0.11979173
-0.105249435
-0.0017657081
-0.08342779
-0.33161888
-0.014405866
0.023991505
-0.6489744
-0.0029103586
-0.37366286
-0.05976869
0.005525791
-0.1276284
0.21010403
0.12780781
0.053523798
-0.7789629
-0.0019982962
-0.0013575783
-0.0005710654
-0.000168053
0.023845077
-0.048146725
-1.8588024e-05
-0.11919392
-0.14512156
0.093350224
-0.10399193
0.0022683358
0.096977055
0.004555509
-0.2037823
0.00684763
-0.029246364
-0.014559751
0.00035079513
0.033527274
0.022135152
-0.00011293508
-0.28658563
-0.035255376
-0.30467245
0.0753759
0.08998002
0.010932555
-0.26949817
-0.023515327
-0.24044912
-0.0835788
-0.72291875
-0.6736214
0.019387066
0.09283264
-0.25569767
0.30019465
-0.0072332295
-0.106760554
0.091863364
-0.21256496
-0.73185456
0.21471395
0.06621058
-0.017469386
0.010239054
0.030153079
0.059059385
-0.5233601
-0.008569565
-0.22392702
-0.0031882806
0.25058922
0.3420828
-0.13477121
-0.16938643
0.13335584
0.014217391
0.009508858
-0.24764152
0.07850189
0.077600315
0.009867673
0.018045224
0.091756314
0.103267446
0.024066456
-0.30535236
-0.0014882829
-0.038022794
0.25868908
-0.07351845
0.031824566
-0.33437502
-0.191031
0.0057783644
-0.0385541
-0.024783302
-0.07509281
-0.080154724
-0.00024266687
0.0009017421
-0.009943413
-0.037008166
-0.0066003115
0.00674446
-0.18256606
0.027865315
0.08589233
0.09379749
-0.024656592
-0.2490075
-0.2616564
-0.017342705
0.35751855
-0.018856052
-0.0057292143
0.0021727215
-0.08594433
-0.095208846
-0.21901084
0.14786604
-0.00533399
0.00038788765
0.10429799
-0.26325065
-0.16370498
-0.052545473
-0.0017913766
0.014655971
-0.03484087
-0.7350426
0.16284142
-0.023528554
0.20968018
0.0021023434
-0.009255245
-0.064539865
-0.00026446124
-0.23533903
0.32899386
0.37570563
-0.021598754
0.05588873
-0.037961755
-0.063966244
-0.04157272
0.07948325
0.05011181
-0.06825988
-0.065128
0.5864733
0.0073342323
0.012810493
0.18006629
-0.0007756718
0.2806353
-0.024131231
-0.0014750732
0.061127048
-0.0010170604
0.044007942
-0.37166533
0.0005092849
-0.10011907
0.018259225
0.004073129
-0.027437182
0.04333185
0.26667166
-0.17765127
0.09944574
0.007950797
-0.0168194
-0.29792997
-0.02760688
-0.11107263
0.26343733
-0.14007312
0.057880647
-0.014983535
0.0017406049
0.09591913
-0.59024715
-0.047669247
0.0759981
1.7035422e-06
5.3417658e-05
-0.31733873
-0.002582812
0.10490992
0.00831047
0.15154546
0.0008793699
-0.010940824
0.039683618
-0.005729131
0.024507722
-0.05202676
0.018542977
0.1588017
-0.124811955
0.058090925
0.013935993
-0.4363876
0.1435112
0.15158865
-0.07408016
-0.13175096
-0.2653125
-0.075636916
-1.5459605e-05
-0.34615004
-0.0010370502
-0.46648806
0.011041305
-0.22587512
-0.06470178
0.08328236
0.21025233
0.21693087
0.014979599
-0.23840068
0.0077226213
0.21238323
-0.062360927
-0.00042252653
0.0043611904
0.12266629
-0.318687
0.05133222
-0.08417655
-0.33437878
-0.1627725
0.5355621
0.264516
0.044264257
-0.16202675
0.00030079152
0.03212501
0.24133238
0.028395206
-0.0065102563
-0.10277336
0.0061486517
0.17112452
-0.0053270115
0.04498236
-0.10361337
-0.2375943
0.0850218
0.06138195
0.0074064927
0.0022943476
-0.025411718
-0.017344305
0.32471263
0.09866048
0.0685185
-0.2882406
0.0072328984
0.0018185241
0.130267
0.021655513
0.035445914
-0.01002441
0.007754225
-0.07389905
-0.0021582923
-2.2324211e-05
-7.265957e-05
-0.32806993
-0.010747555
-0.039991964
0.013040142
0.04254193
0.04167782
-0.012972458
0.09152927
0.11278745
0.019252121
0.02105514
0.0008333487
0.048414573
-0.014024018
0.21775016
-0.059181076
0.036704704
-0.044469133
-0.20609532
-0.6403293
-0.47991163
-0.09938089
0.041533783
0.14037669
0.1700936
0.0493212
-0.22813068
0.1250332
-0.17865731
-0.061529405
-0.69771105
0.03001336
0.0067493357
0.023252558
-0.086514145
0.021143269
0.031230459
-0.038895685
-0.23012093
0.014614264
0.1665737
-0.3522346
-0.11566404
0.008252699
0.060658637
-0.24859774
0.22584192
0.0107700005
-0.078184545
-0.07890791
0.051632952
-0.30649975
0.0016714884
-0.041316513
-0.1393313
0.004046964
-0.18773697
0.1942913
0.19148867
0.07147467
0.05831779
-0.0015725285
0.09946288
-0.00221443
0.060782015
-0.00038564976
0.0025796932
-0.027283775
-0.02220158
0.23295346
-0.035370767
0.009033455
0.076613106
0.039218523
0.3212749
-0.05218527
-0.8389846
-0.102369145
-0.023391094
0.5641478
-0.5126748
-0.024789363
-0.0068111885
-0.46227872
0.041116662
-0.18739219
0.005042408
0.008569532
-0.07605417
-0.030823922
0.28590995
0.06881891
-0.0072826715
-0.046007354
-0.0018174575
-0.08826316
-2.1465748e-06
0.14366488
0.0007220655
-0.00230961
0.09946534
-0.088994056
0.08462013
-0.12888896
-0.009484938
-0.1357814
-0.08358741
-0.007421778
-0.13836312
0.038751096
-0.012626361
-0.0008215653
0.0035605885
-0.84510916
-0.2073594
0.007963322
-0.43701437
-0.14604317
0.19137196
-0.030360004
-0.19950294
0.05222606
-0.047394715
-0.28645483
0.12804113
-0.035474394
0.08137513
-8.31238e-05
0.13100007
-0.009171903
0.027620453
-0.016038667
0.1155544
0.09258736
0.08745025
0.023447743
-0.0030364676
-0.16686012
-0.18316953
-0.77095836
0.16073719
-0.00037483373
-0.18340483
0.19578765
-0.046182785
0.21692178
0.15174758
0.009418309
-0.4088024
-0.05502628
0.0034720919
-0.16092046
-0.1120552
-0.037923235
7.9114405e-05
-0.052066617
0.0017127094
-0.009358366
-0.1358526
0.2586371
0.16192259
0.0021490746
-0.112239674
0.2685287
-0.031735774
0.049769916
-0.00023929028
-0.6291903
0.030105334
-0.04675817
0.025008708
-0.0021754152
0.026396204
-0.28902087
0.18030293
-0.05510114
-0.3406298
-0.026290858
-0.19714294
0.021831002
0.07977643
-0.5103406
0.1553291
0.0020916376
-0.01876145
-0.012264034
-0.121583246
-0.26187456
-0.00027844057
0.081363395
-0.018662779
-0.0024871174
-0.1965714
0.026122889
-0.4221396
0.1850123
0.28837213
-0.43995622
-0.025864724
-0.21523915
-0.026625736
-0.12823243
-0.53932667
0.00069269695
0.015646616
0.24941838
-0.20969388
0.0015304021
-0.2976778
-0.11572926
-0.18537831
0.0007863195
-0.11266434
0.2271481
0.17588793
0.09471032
-0.347969
0.3732901
0.00057433435
-0.54645956
-0.04734947
-0.07700567
-0.014520843
0.09075416
0.06343152
-0.0014304189
-0.097378924
0.027151482
0.00021027798
-0.028805163
-0.14394034
0.11180276
-0.097056985
0.012809923
0.13334125
-0.32110548
-0.1304525
0.01659782
0.046706095
-0.010031524
0.042933825
-0.083527625
0.035402507
0.0006225332
0.054156233
-0.018075116
0.08040732
-0.020324228
-0.38948986
0.26930398
0.15298717
-0.91894937
-0.38504004
2.6398176e-05
-0.1409915
-0.30933112
-0.15140083
0.21212378
-0.74716985
-0.06617888
0.21179022
-0.18335779
-0.00658876
0.3620751
-0.009816289
0.0048629898
-0.0017090692
0.11111533
-0.029883455
0.01626648
-0.017226255
0.0023211592
0.07451389
0.18307798
0.0017292583
-0.0006862305
1.0084395e-05
-0.31036657
-0.03147244
0.27971813
0.08527354
-0.26902533
-0.020057004
0.18978655
0.3197005
-0.021135956
0.056242485
0.16918425
-0.003452687
0.15558727
-0.32877728
0.0056058713
-0.09069453
-0.004200291
0.03004018
-0.07197725
0.022450361
0.0015280267
0.039410524
0.057895638
0.004315381
-0.27960393
-0.0029938943
-0.027250512
0.1581802
0.0032689455
0.10863194
0.47063634
-0.10491694
0.40954885
0.000610885
-0.7501085
-0.7708646
0.05714926
0.21526532
0.5301815
0.02368852
0.22713742
-1.1764039
0.05237389
-0.019418305
0.00045976948
-0.6977491
-0.081468135
0.029010892
0.4066113
0.5056855
0.09726338
0.31244597
-0.020315958
-0.21196239
0.11573774
-0.0009174097
-0.24515109
0.07866869
0.076860175
-0.0091835745
0.0009924703
-0.008967696
0.0232412
0.14306232
0.00030343188
0.007218801
-0.08996959
0.050279554
0.0038960222
-0.14456446
0.24282607
0.0033636387
-0.30220345
0.073413335
0.14115395
-0.22399431
-0.34817606
0.22956593
-0.11333952
-0.06946355
-0.3244419
0.115606345
-0.124608085
0.044935428
0.15437384
-0.5575006
0.02064623
0.0
0.14605069
-0.5411349
-0.3445945
-0.13183281
-0.82498753
-0.4964732
0.035012826
0.07478048
0.0027953384
-0.06539958
0.22410406
0.27882642
-0.20232482
0.017219922
-0.0029627786
0.0071589802
-0.42306724
0.21152492
0.13908453
-0.414455
-0.2277631
0.034361728
-0.16010028
-5.118761e-07
0.03826054
-0.20924
0.13469228
-0.6424756
-0.010455258
-0.2102944
0.018970506
-0.20868622
-0.47310954
-0.21216212
0.006573514
-0.20103012
0.13588132
-0.054741558
-0.62382185
0.17909941
-0.009165753
0.15818472
-0.02187596
0.007574731
0.049975574
-0.0046287715
0.20283562
-0.027775742
0.30815205
-0.026016733
0.017608048
-0.32846507
-0.54836524
0.100740775
-0.11344629
-0.5321964
-0.06013891
-0.6096651
-0.00015065685
-0.009991802
0.00054542423
0.0022472986
-0.20841132
0.1778129
-0.0038074001
-0.08608021
0.27102032
-0.09895105
0.054280903
0.2762978
0.11105891
-0.008848639
-0.054816745
-0.28573242
-0.20433706
0.08098343
0.12803188
0.27201328
-0.000105202096
-0.7780712
-0.8047559
-0.25651008
-0.26585817
0.14067808
0.073636465
-0.004428059
-0.8255058
0.012526348
-1.7750028e-05
-0.004257462
-0.029845754
0.037984908
-0.12992989
-0.28563198
-0.48499435
6.5003835e-05
-0.08796285
-0.007892292
-0.04143967
-0.022349553
0.1755173
-0.0074304272
-0.14494635
-0.7407319
-0.38555026
-0.10063749
0.2317838
-0.0018365674
0.000729537
-0.018592719
0.095164515
0.15091546
0.009271079
0.0070705637
0.09667346
-0.010682353
0.043709967
-0.4605574
0.261926
0.13275662
-0.27996492
-0.31765464
-0.27444142
-0.08164462
0.03137634
-0.08081218
0.029787665
-0.02854547
0.017722946
0.19917355
-0.019254507
-0.2373604
-0.08932403
0.025088266
0.003972862
0.23348844
-0.0153300995
0.00080208597
-0.15002845
-0.36233208
0.07988049
0.00060005474
0.28176457
0.009289292
0.07894977
0.02241045
-0.036962036
0.024503382
0.17766422
-0.6057085
-0.484419
-0.47753334
-0.02876166
0.058461186
-0.16916011
0.0381636
-0.24884985
0.8516693
0.03269524
-0.0011385293
0.11204765
-0.0019964965
-0.0430357
0.06678708
-0.2882552
0.08441391
-0.41631263
0.16283512
-0.15768628
0.018828811
-0.19643335
-0.004536668
-0.0008393913
-0.95822465
0.2542325
0.29763153
0.17186894
-0.024446668
-0.4702586
-0.00034435064
-0.0537405
0.027419345
-0.18337494
0.13944682
0.016514027
0.01673469
-0.04212027
-0.028664177
0.012167493
0.13702077
-0.085402146
-0.0140539
-0.5736921
0.3346515
0.011726546
-0.0014110975
0.20959137
-0.00031764846
0.097015396
0.040202968
-0.0035120484
-0.15010543
-0.47845933
-0.0007423954
-0.057748627
-0.56502867
0.001062947
-0.062080186
-0.36748782
-0.013167573
-0.33872893
-0.03204519
0.13958819
-0.010108985
-0.017161803
0.11325296
9.8732686e-05
-0.9394595
-0.07055931
0.13435005
-0.04687072
-0.0012502387
-0.011141499
0.0398885
0.17833489
0.14011137
-0.2690328
0.02092426
-0.24516746
0.001481839
0.25547403
0.1795031
0.0008462143
0.052135114
-0.07591537
-0.6833727
-0.15668002
-0.5646766
0.0437062
0.04903431
-0.64449763
-0.010900664
0.0251171
0.027607057
0.002321326
0.22557156
0.010490139
-0.016626801
0.002607542
-0.079164304
-0.26192704
-0.0043615773
-0.0029855038
-0.8731282
0.016863575
-0.38603953
-0.0026430327
-0.0019461496
0.115529425
-0.00028698903
0.011799611
-0.12145504
-0.12593047
-0.13633724
-0.042147473
-0.39632338
-0.03691181
-0.022506278
0.0043212525
0.13462608
0.18709551
-0.009111873
-0.3117389
0.0011373761
-0.06171017
0.40342396
-0.3355618
0.06205517
-0.021422457
0.018406259
-0.28580925
-0.07781705
0.11522336
-0.579193
0.069109626
-0.01330336
0.0822454
0.006633133
0.022025151
7.409678e-06
-0.26798487
-0.027971763
0.1915046
-0.31911263
-0.28245765
-0.004585131
0.31552696
-0.12774168
-0.00049730035
-0.38987017
0.1983098
-0.1938194
-0.37253416
-0.17643437
-0.0022590398
-0.44135016
-0.6496667
0.08544372
-0.021807887
-0.0332626
0.14236747
-0.63148963
-0.42287952
0.007639096
-0.27493837
-0.027772194
-0.0001761758
-0.074608244
-0.042815432
-0.21616712
-0.16730064
-0.4544143
0.06656278
-0.020699153
0.0011026796
0.0010100964
-0.0753265
-0.2810243
0.15956083
-0.22520396
0.04908428
-0.43704754
0.043234058
-0.003520113
0.023859415
0.0048722993
0.07323785
-0.019066313
-0.24594086
0.010806033
0.19609442
-0.07528978
-0.4858901
-0.6133993
-0.18838085
0.10921261
-0.5942245
-0.07850499
0.04962271
0.19647254
-0.26275817
0.17675684
-0.31946114
-0.0005155885
0.45679083
-0.08194642
-0.33954957
-0.053128168
-0.061901897
-0.4031627
0.38007778
-0.12043172
-0.1455468
-0.2307677
0.0904992
0.022083897
0.06912445
-0.04990182
-0.44682243
0.12649366
0.26432708
0.04278516
-0.0024570327
0.08425319
0.011157216
0.003550924
-0.29460013
-0.23224673
0.077040926
-0.20887004
-0.19428904
0.174802
0.010012288
-0.27843407
-0.35573098
-0.24841318
-0.40005472
-0.061561216
-0.03918367
-0.030642714
-0.073850915
-0.38701746
-0.00302298
-0.02973217
-0.45555463
-0.46573126
-0.19528855
0.054422073
0.026513234
0.2440746
-0.012857742
0.19907136
-0.015489285
-0.11549937
-0.005431598
-0.061312273
0.03466555
0.061000742
0.06582111
-0.53110325
0.12319169
0.002236087
-0.0055557275
-0.39455432
-0.720067
0.029767215
-0.55480456
-0.25637335
0.118285075
-0.05710364
0.028034026
0.024179293
0.0038449198
0.13786152
0.00553282
0.20273852
0.0044667274
-0.00022886234
0.0060919807
0.003936352
-0.010174564
-0.1065764
-0.13667901
0.0067563388
0.04047829
-0.0051861065
0.00081924145
-0.04651645
0.079999626
-0.08658909
-0.13862452
-0.20146482
0.12763551
0.007380712
0.4144002
0.18410702
-0.006729055
-0.28671366
0.0026126215
-0.07692223
-0.4162118
0.047966413
-0.0042590327
0.0027698746
-0.06250888
-0.03358241
0.24929625
0.027908979
0.01170018
-0.44948515
-0.10080281
-0.040613722
0.24090944
0.052011233
0.045873933
-0.20794657
0.00043552803
0.11754827
0.006761419
0.20565107
-0.00015399547
0.007977624
-0.20575863
-0.41252545
-0.0004728172
0.0077966377
-0.00037246608
0.01778208
0.25076082
0.04901428
-0.036027905
-0.36804223
-0.50963366
0.008592613
-4.2630898e-05
-0.4859539
-0.2538981
0.0025900945
-0.013802115
-0.0004218594
-0.04934753
0.050439008
0.011376324
-0.21149613
-0.02852134
-0.9282244
-0.0017109395
-0.00684105
0.019804185
-0.035073202
-0.059674304
4.7455287e-05
0.12867442
0.04715945
-0.07504311
0.33657146
0.30309683
-2.2054654e-05
-0.3571506
-0.12961558
-0.000715214
-0.0060349414
0.03324022
0.011741369
0.058298267
-0.018011251
-0.0040798923
-0.44769174
-0.018211773
0.2617219
-0.0014286063
-0.03924135
0.1700628
0.04553699
-0.00796289
0.100569345
-0.030365946
-0.11291652
-0.036864836
0.09797429
0.0081377495
0.14074361
0.4007349
0.15609708
0.15348315
0.08197561
0.014416853
0.15967588
0.09257001
-0.87235755
0.121563345
0.16643861
-0.68118984
-0.032623462
0.19990851
-0.006753327
-0.025229145
0.09223586
-0.38822934
-0.005989746
0.08913014
0.020802114
-0.22999123
0.021509
-0.05609353
-0.15944694
0.34440282
0.16059771
-0.14398554
0.07740576
-0.21294293
-0.29744872
-0.44721216
-0.005024342
0.06164002
-0.5009372
0.17784923
-0.43572995
0.27284122
0.060986582
-0.0052454164
-0.15745257
-0.1604257
-0.08813996
-0.011839302
-0.0021652696
0.06442929
-0.0033272794
-0.32967314
0.39047104
0.03847675
-0.42659497
0.24021523
-0.0061148047
-0.023228763
-0.0021394102
-0.36107427
-0.15655029
0.006244793
0.15947291
0.073749535
0.001236175
-0.39428383
0.082121946
-0.103415735
0.07760075
0.3232037
9.562741e-05
0.018603623
0.010330305
-0.12960422
-0.33252907
0.061835792
-0.1497019
-0.00013838643
-0.116654634
0.25727755
0.00029022805
-0.06733955
0.00590468
0.01205808
0.048832316
-0.012190792
-0.05258263
-0.05241666
0.17021081
-0.8764007
-0.09916085
-0.06154867
0.21915531
-0.006138076
-0.00836605
-0.3818742
0.20207366
0.040728223
-1.6737475e-05
0.08890412
0.000102549166
0.002081205
-0.25365227
0.022379695
0.31501105
0.25557873
0.04912357
-0.036135316
-0.20322885
-0.27561155
-0.0013432567
-0.03179907
-0.0455545
0.052145652
-0.13733174
-0.23781744
-0.107703686
-0.14195678
-2.2159382e-05
-0.016578203
-0.027903667
-0.698841
0.24232915
0.058344427
0.2650391
-0.6471101
-0.43389145
-0.012278241
-0.72172457
-0.13431533
0.20290904
-0.010656039
-0.4809202
0.08588631
0.052857228
-0.45908052
0.00022926585
0.029980155
0.19409338
0.07175482
0.33099177
-0.13832517
-0.02403417
-0.0022467438
-0.23222728
0.00038772495
-0.6156363
0.30871505
-0.5471895
-0.73303825
-0.032287534
-0.15256062
-0.012115004
-0.5924807
-0.0027437957
0.0017180202
0.0002938088
0.009253398
-0.017233692
0.061429087
0.3025278
0.4408118
-0.1543674
0.02434607
-0.1911092
0.09796081
-0.055894844
0.016517794
0.08402982
0.03471997
0.049851716
0.04400736
0.0733736
0.09299737
-0.23624897
-0.08845678
-0.025185648
-0.009937899
-0.5257261
-0.1346661
0.0061976146
-0.0006588773
-0.062142763
0.088282935
-0.15610422
-0.0862894
-0.05624825
-0.006511445
0.005152102
0.23883449
-0.1567771
-0.17755511
-0.17037773
-0.007445421
-0.07632725
-0.11519698
-0.117962256
0.3153872
-0.024473982
-0.025210308
-2.9219324e-05
0.07500562
0.050006136
-0.07062046
-0.18612505
-0.57252157
0.20831558
0.23804958
-0.00338135
-0.01628767
0.003274998
-0.23559114
0.006726566
-0.0009650921
-0.20504451
-5.61201e-05
-0.080754
0.011696977
-0.11886167
6.090319e-05
-0.010322572
-0.014307578
-0.0005795263
-0.118290804
-0.0701643
0.10862165
-0.1247471
-0.0054008523
-0.442103
-0.023359383
0.00570031
0.0
0.039666742
-0.055177715
0.28121483
-0.11721794
-0.13514774
-0.30425417
-0.15984887
0.008560509
-0.093154356
-0.002824534
7.104447e-05
0.18484049
-0.21408111
-0.0893437
-0.02407849
-0.6024682
-0.3184569
-0.0026680364
-0.005840367
0.25218186
-0.20118247
-0.00042328433
-0.007972121
-0.102033295
0.33506912
-0.24609801
-0.38163015
0.0022789685
-0.01041328
0.13188782
0.0008706817
0.091669485
-0.5829502
0.11609705
-0.02296754
-0.51213783
0.03485298
0.09274596
-1.0891559e-05
-0.013900974
-0.29660723
0.05255477
-0.28707007
0.009100984
0.0032038454
-0.28520283
0.14488837
-0.12379546
-0.5775534
-0.12851763
-0.0084212385
0.120702356
-0.027239949
0.10828174
-0.091481015
-0.12518808
-0.4090711
-0.13907419
0.25289017
-0.5936352
-0.003490176
-0.009423535
-0.14736134
-0.021369036
-0.11222541
-0.66649175
-0.08632283
-0.1032384
-0.07644927
-0.025829557
-0.8512341
-0.030313458
-0.0049675372
-0.14028786
0.07024658
0.002327958
-0.008292543
0.0059363493
-0.027998667
0.07643212
0.011664138
0.26664007
-0.08522668
0.2765946
0.045513768
-0.15609922
0.006247286
0.2542226
2.794406e-05
-0.1448981
0.24118218
-0.22554807
-0.0057829362
-0.087766275
-0.4362683
-0.017326545
-0.14767484
-0.3971283
0.030534396
-0.14847633
0.0070588267
0.057404872
-0.05135718
-0.17762464
-0.34445947
-0.095851175
0.0020625088
0.06921825
0.053475674
-0.24447504
-0.0031469127
-0.048446015
0.013729659
0.0011778106
0.18224218
-0.05522232
6.8848574e-05
-0.038318265
-0.7337054
-0.07204225
-0.46164724
-0.00028755533
0.44776234
0.0038462062
0.004658942
0.10413444
-0.009752818
-0.0039604874
-0.103162594
-0.04948794
0.1547955
0.0042977827
0.06775606
-0.16385077
0.00022359115
-0.007080655
-0.071562834
-0.9201086
-0.29702652
0.0068683764
0.00010651465
-0.00023394365
-0.06474181
0.009235938
-0.2622528
-0.0006142979
0.015841769
-0.0028739858
0.10133368
0.005588608
0.04181734
-0.0048971986
0.06664941
0.16112088
0.09999306
0.0025433658
-0.00027640339
-0.0004874049
-0.14470838
0.055005807
-0.27617386
-0.0070565483
-0.19443116
-0.0853693
0.010020438
-0.16721766
-0.37886897
0.00837724
0.20188378
-0.0014065213
0.06449283
0.013158287
0.17046647
0.005941085
0.087264985
0.068616346
-0.2213248
-0.36127615
0.05878061
0.010875267
-0.11773628
-0.10024036
0.011372828
0.17324804
0.18866186
0.01240184
0.08485865
0.24327154
-0.14333357
-0.387994
0.06453392
0.0093034245
-0.2687588
-0.020711543
-0.080128886
0.0026477615
0.1092921
-0.12476313
-0.13224956
-0.12755862
-0.5384978
-0.4160964
0.034506917
-0.006116889
-0.00024716376
0.008714343
0.25934058
0.46771443
0.04361508
-0.080133006
0.0019630399
0.3324634
-0.3210664
-0.035891708
0.0065771374
-0.007830868
-0.32243434
-0.5472987
-0.46762794
-0.14083426
0.010048441
-0.0860283
-0.037763022
-0.12546165
0.000434861
0.18987148
-0.08384625
-0.11747308
-0.005100334
-0.0804139
-0.066599704
-0.16329807
-0.18551604
-0.19486547
0.08156164
-0.47377825
0.021255387
0.15134577
-0.0062107365
0.23626071
0.15284993
-0.0014303821
-0.20782745
0.2140671
0.3405418
0.0010424065
0.01018265
0.00014733015
-0.22347814
-0.010155773
-0.2829631
0.24028257
-0.019066673
0.003736572
0.015618839
-0.0015577225
0.04019544
-0.016489504
0.051557753
0.0148319695
0.0013183133
-0.7195056
0.0007203379
0.10079141
0.086388014
-0.28299114
0.29125667
-0.083978556
-0.0462044
0.19906528
-0.115928374
-0.017596327
0.26241592
-0.14579646
0.1381973
0.023644174
0.14197394
-0.055869274
-0.021596448
-0.024535103
0.06438266
-0.13752234
-0.0064631645
-0.3488183
-0.043211054
-0.10247257
-0.4838503
-0.021905025
-0.47296846
0.064382836
0.03548675
0.23898438
-0.47241428
0.016612409
0.009111276
0.05488471
-0.048565272
0.0036382827
0.006037026
0.016093634
0.22805123
-0.016330762
0.0038223001
-0.12828715
-0.24292493
0.026730454
-0.012529675
0.09306619
0.013328087
0.0065090675
-0.17037532
6.385937e-05
-0.00012532753
-0.0017202063
-0.0016500556
0.013195211
-0.008818704
0.13551798
-0.53944093
0.02019856
0.019686153
-0.12586106
0.0022526924
0.000453121
0.003437985
-0.062419258
-0.011530387
0.09361154
-0.05289021
-0.015418137
0.010452422
-0.3057852
-0.016913205
-0.25366542
0.0033945262
-0.016896056
-0.3595382
-0.03032835
-0.23247029
-0.40322977
0.0044605862
-0.95862293
-0.2791428
-0.12610468
0.06510036
-0.003594231
-0.02734307
-0.0018470723
-0.19347745
-0.074845456
-0.12000132
-0.19182198
-0.21778943
-0.4699531
0.16081679
-0.096719
-0.38558242
0.26823178
0.088367395
-0.09482583
0.015805556
-0.38962975
0.3864618
-0.08345794
-0.21523662
-0.11702059
-0.04812912
0.102823794
-0.0009045155
-0.06842466
-0.11595428
-0.010814221
-0.101941936
-0.1411451
0.14583203
-0.015371549
-0.2598621
-0.042010155
0.020350536
0.0048834346
0.6113807
-0.10804989
-0.09115548
-0.284112
0.043097917
0.012273829
-0.00017979246
-0.0026794283
-0.07264499
-0.1338646
0.20747723
-0.2348518
-0.0011174369
-0.08385877
0.23421367
0.105586514
0.0031500387
-0.00011029664
-0.0110806385
-0.3605664
-0.012116415
0.046371926
0.021152284
-0.00019007208
0.03494867
-0.027003579
0.10525203
-0.55029964
-0.11897914
0.16314496
-0.00063681044
0.023535846
-0.2782769
-0.001099367
0.078900084
0.02045039
-0.28528678
-0.29780576
-0.6705949
0.13295352
0.005181213
-0.21658276
0.010078012
-0.3602136
0.108419955
0.1119773
0.0075799646
0.22649823
0.061885096
0.039636664
-0.6556813
0.040943872
-0.0025584819
-0.37726498
-0.19125031
0.21929693
-0.2545407
0.078898706
0.027303085
-0.011341731
-0.03438147
0.16808705
0.0066735013
0.01489782
0.23088025
0.04209659
-0.041298583
-0.20471175
0.06786547
-0.09395451
-0.53042257
0.33083284
-0.106932074
0.00036461817
0.025561068
0.07331111
-0.62554926
-0.23757905
0.0035579093
-0.20383269
-0.13207565
-0.12143051
-9.694769e-06
-0.023085915
-0.28318793
0.022552483
0.0023380097
-0.7416526
0.00088048837
0.00025236813
0.01097568
-0.20512292
0.012700852
0.003606859
0.19366056
0.105230816
-0.03341937
-0.1659409
-0.0111810295
-0.573807
0.12609234
-0.073286764
0.5232366
-0.42147547
-0.20980933
0.010039001
-0.5992398
-0.21598393
0.09462123
-0.17948306
0.25832775
-0.26476136
-0.283419
0.003978269
0.021718927
-0.085398346
-0.0038800484
-0.07115851
-0.16164714
-0.013847821
-0.025258452
0.19100313
-0.37069085
-0.2950204
-0.14236471
-0.3904485
-0.6106564
0.0017158897
-0.06321016
-0.023305891
-0.38313013
0.015579658
0.061611813
-0.59567064
0.037358128
0.24173585
0.001614145
-0.42697775
-0.0017589958
-0.28974816
0.050416477
-0.09004102
0.25973725
-0.07456342
0.05244614
0.26182932
0.1116923
0.2551135
0.16581738
-0.030239692
-0.021432817
0.015149187
-0.00028757163
-0.16352177
-0.005652342
-0.0019319074
0.36395705
-0.005456212
0.0036663068
0.027649118
-0.43205312
0.034382917
-0.003492686
-0.007044486
-0.019936152
-0.15546861
0.011932228
-0.015145434
0.011912688
0.16872728
-0.0646119
-0.48344868
0.0016503221
0.02804945
0.25199574
-0.13343573
-0.22988947
-0.69074154
-0.25366727
-0.18986443
-0.28336307
-0.03871731
-0.00929472
0.0924324
0.00089742296
-0.3064042
0.19964774
0.075606704
0.00011504386
0.194876
-0.25220826
-0.05299795
0.04437789
-0.034670938
0.790975
-0.91055596
0.2912022
-0.21046047
-0.013282529
-0.028469939
0.099803284
0.0030450895
0.024964014
-0.071287595
0.10274487
0.21172136
-0.0052276743
-0.45573795
0.0026467724
-0.3680958
0.14501992
-0.008309393
0.0034195906
-0.011195457
-0.25961956
-0.013215319
0.0019938876
-0.37629643
-0.0069713173
0.04566984
-0.0010949373
0.031119447
-0.5168301
0.5601823
-0.27131334
-0.04022359
-0.20219329
0.23611024
0.19369844
-0.000401777
-0.25462404
-0.044688698
0.008140822
0.13443086
-0.0073901466
-0.17814739
0.017612891
0.115985
0.29235783
-0.07850833
0.008531158
-0.21968818
0.0106741255
0.25591272
0.29739347
0.1629965
0.014865039
-0.03541668
0.090421654
-0.04706022
-0.2899421
-0.3678841
-0.3423096
-0.14400668
-0.032812715
0.0395584
0.09614839
0.0061701476
0.03153058
-0.012020149
-0.54739857
-2.2873282e-06
0.3396472
-0.54664737
0.025230877
0.008764403
0.12479585
0.26216537
0.066225484
-0.46657646
-0.16709769
-0.03426476
-0.025292668
-0.12107377
0.08862898
-0.22004183
-0.11967065
-0.16370153
0.08930511
-0.3417922
-0.077843376
0.081327334
0.23995145
0.13271914
0.07921625
0.94170624
-0.03299938
0.0008400783
-0.020520022
-0.14314628
0.105127335
-0.22828633
-0.30567476
0.014220969
0.051270217
-0.16091636
-0.24070111
0.021872938
0.057481468
0.07570017
0.19180815
-0.009402607
-0.09926792
0.06531242
-0.043888226
-0.04528444
-0.10709466
-0.042736165
-0.38244784
0.29096854
-7.3084855e-05
-0.27827278
0.035461277
0.04142646
0.16309413
-0.111842684
-0.7032708
-0.012921449
0.004655551
0.07445937
0.026308566
0.07000709
-0.2658391
-0.067168795
0.16287866
-0.0074047227
0.19733366
0.009976129
-0.4413974
-0.17693894
-0.025660973
-0.4951929
0.25311
-0.16180162
-0.824523
-0.022257209
-0.044066086
-0.005467839
-0.11603232
-0.11317823
-0.004619922
-0.31540707
-0.045658763
-0.0016095658
0.1342042
0.009460617
0.13516726
-0.014355644
-0.013050258
-0.27686614
0.1921973
0.055055853
0.13404724
0.0050242944
0.08104515
-0.0073871505
-0.43347895
0.033390302
0.0019239975
0.022424709
0.057490036
0.2087472
0.025541002
0.022541676
0.15362094
0.0004999617
0.07234247
0.3204817
-0.001362737
0.2416501
-0.062635124
-0.005105447
-0.25277585
-0.23061404
-0.4332384
0.052252755
0.25319794
0.20910211
-0.056868352
-0.17310652
0.0005627358
0.006175203
0.026802098
-0.104571514
5.6231784e-05
-0.23041108
-0.12536299
-0.7108037
-0.3294962
-0.0014956394
-3.386929e-05
-0.103669964
0.011861363
0.0013348341
0.1866806
0.0872358
0.09385383
-0.023333317
-0.032864433
-0.01267894
-0.102244236
-0.056839358
-0.13049206
-0.05053084
-0.008853739
-0.04992515
0.00032474054
0.048162013
-0.61296207
0.0003289994
0.4896043
0.08233459
-0.11230698
0.16249157
-0.19614354
-0.1724424
0.25275669
-0.021660801
-0.10603875
0.052934233
0.0552694
-0.08643911
0.0010146447
-0.03324833
-0.0037727763
0.22276805
-0.5542382
-0.0025702359
0.47857103
-0.29522058
0.006200236
0.09448601
0.40807378
0.24802828
-0.83137953
0.0122701125
0.0059814556
-0.014775034
-0.06329694
-0.8281564
0.15630046
0.009569698
0.22025275
0.07636412
0.5914617
0.002888371
0.20885397
0.30321422
-0.43318656
-0.28479132
-0.011835129
-0.7834367
-0.0201096
-0.067763105
-0.019932045
-0.011200567
-0.31300572
-0.1732186
0.030215047
-0.007225569
0.012583316
0.085572265
-0.0077446527
-0.64770645
0.055749457
0.0369312
0.052193347
-0.0046051512
-0.025236594
-0.00078735227
0.17880556
-0.17309777
0.054517
-0.21346918
0.043049812
-0.29130417
0.0001244544
0.0015703763
0.16505869
-0.014378699
-0.109168075
0.2569377
0.043377127
-0.16135432
0.02491567
0.04101958
-0.24937196
-0.6650315
0.0412786
0.04703014
-0.14444984
0.04244407
0.37173438
0.03790019
0.17363684
0.16411024
-0.6837441
0.00078011147
-0.020732567
0.5448978
-0.023074048
0.44159406
-0.009184813
-0.09391523
0.0015042092
-0.051883508
-0.31749845
-0.19958188
-0.25983602
0.14733733
-0.71336466
-0.038713656
0.06457904
0.035332244
0.21501163
-0.043217335
0.0073172376
-0.19062676
-0.6597702
0.0017114606
0.006974462
0.00048814522
0.006765236
0.027800787
-0.038541783
-0.04857695
-0.004005406
-0.011955021
0.14255787
0.003100639
0.046610128
0.054906204
0.0021758897
-0.49090233
0.020736653
-0.2503396
-0.0921405
0.03468454
0.030169
-0.31267676
-0.55279803
-0.05911396
-1.3169821e-05
-0.17591147
-0.113356434
0.1321374
-0.5595982
0.29762298
-0.2441913
-0.20593037
0.23821941
0.00936149
-0.234899
-0.23088753
-0.00031611032
-0.14715528
-0.55946237
0.08139721
0.045989316
0.023798924
0.000118724536
-0.14476524
0.015591871
0.09048409
0.28103372
-0.26737043
-0.046166487
-0.01836491
0.02550401
-0.00057790766
0.09809033
-0.0022793375
-0.027303122
-0.02843313
-0.09662776
-0.0029921404
0.013716379
-0.14078003
0.030897478
0.1788604
-0.0054282
-6.768889e-06
0.14278907
0.0057324334
-0.30210176
-0.0003370875
0.29020777
-0.37549123
0.1688157
0.06618164
0.10306833
-0.4641518
0.0011783863
0.038245477
0.017103488
0.025886126
0.00033004675
0.12077878
0.2543566
0.13311969
-0.9726981
-0.0003346347
0.1524899
-0.36331376
-0.009908208
0.030283025
-0.32009327
-0.15983227
-0.012168604
-0.039478295
0.004553624
-0.43293795
0.029975515
-0.18838443
-0.35124207
0.00084713555
-0.4062368
-0.3849045
-0.027722461
0.2001952
-0.38924524
0.0054585803
-0.096412495
-0.0037497832
-0.15386638
-0.011714161
-0.5579872
-0.120489344
-0.3746267
0.18594863
-0.16171758
0.21964082
-0.03788149
0.21202892
0.013264419
-0.14241534
-0.010283591
-0.07360532
-0.021204859
-0.017392214
-0.20280401
-0.015661241
0.058434524
0.07374564
-0.32338727
0.027453702
0.13279784
-0.00034773393
0.03999732
-8.9170775e-05
0.002443036
0.34024557
-0.055979684
0.050091304
0.003372618
-0.33726886
0.048267554
0.0022206153
0.01108559
0.010187599
-0.00041080036
-0.012302847
0.26379502
0.06200959
0.18816394
0.071333215
0.37985396
0.028049747
0.08815651
-0.24492837
-0.030246198
0.045125112
-0.016971473
0.013177321
-0.0018458829
-0.024796598
-0.18406758
-0.08854435
0.027434349
-0.098538145
-0.011249962
-0.57713217
-0.047664814
-0.50806737
-7.190954e-05
0.094562896
0.004079155
0.058384866
0.40859577
-0.7272148
-0.047711086
0.026225239
0.05296875
0.13097672
0.0013266872
0.028202552
-0.012532003
-0.4581508
-0.042312376
-1.315208e-05
-0.059388652
-0.042534348
-0.43339893
-0.061569218
0.00043180384
0.5780134
-0.40502587
0.005566608
-0.33012012
0.0861664
-0.22215489
-0.31168118
-0.40072325
0.2771945
0.03317069
0.012680427
-0.030278534
-0.42047194
0.18729322
-0.091522545
0.107999414
-0.28974771
-0.14716189
-0.25869215
0.00021729487
-0.9080445
0.0036618826
0.12815098
0.16738743
0.013441599
-0.034721132
0.053905364
0.12287341
0.046107337
-0.00041288743
-0.51364625
4.520539e-12
0.34588823
-0.002308901
-0.024861054
0.11062803
-0.5624623
0.27101547
-0.0020365785
-0.001381871
-0.0020270718
0.016767742
-0.023007413
-0.13744967
-0.0036002449
0.15467595
-0.043105774
0.012195396
-0.018336292
-0.20312758
0.051687643
0.34233898
0.020323293
-8.7949564e-05
-0.34747356
0.029066175
0.0012280572
0.29729807
0.021388967
0.17559406
-0.26176125
-0.0057976376
0.06598056
0.009985391
0.30961892
-0.12290235
-0.56710935
-0.07325005
-0.049597688
-0.0589798
-0.0017707081
0.005941822
0.008250357
-0.0034274904
-0.074847884
0.56128526
-0.09139762
0.001915862
-0.07519074
-0.0018517713
0.0025783794
-0.12489754
-0.3420898
-0.08745822
0.026444664
-0.4562679
0.053145286
-0.12980142
-0.47849482
-0.06080239
0.043890167
7.687655e-05
0.39632797
0.046441786
-0.037030138
-0.03103897
0.06770924
0.0014167129
-0.052721597
-0.068246804
-0.4557078
0.03906257
0.18149126
-0.08877962
0.006116373
-0.18685143
-0.32457197
0.04597658
0.006842042
-0.00028733982
-0.6866684
0.2218694
-0.010934105
0.1792515
-0.19077818
-0.039230518
0.20991063
-0.6389303
-0.24011737
0.24944137
0.01143086
0.12855269
0.15873341
0.08818734
0.00049255276
-0.0033021437
0.0033297078
0.055027734
0.013036151
-0.33332592
-0.01340476
0.4471218
-0.00018980722
-0.04617024
-0.04580244
-0.4503863
-0.0089082215
0.03867583
-0.06126135
-0.1359282
-0.51035804
-0.066030055
-0.11091577
0.030617844
0.011549163
-0.7940587
0.060531855
0.0012332195
0.007861228
-0.16450132
-0.0095221335
0.12499562
0.042885214
-0.0027424407
-0.0058445577
-0.05790322
0.0035172405
0.14008056
-0.24802728
-0.0805588
-0.0865933
-0.11454912
-0.26340362
0.15055005
-0.07536512
0.28107658
-0.2730145
0.06722194
-0.00021552967
-0.39930704
0.14811566
0.17951216
0.0476109
0.034878727
-0.26664844
-0.26127276
0.022522563
-0.6030925
0.00092089956
0.050071925
-0.022358865
-0.0045391656
0.05691526
0.034328405
-0.10289138
-0.011215358
-0.032007053
-0.64970464
-0.35318276
0.018839486
-0.20072852
0.05027986
0.13775696
-0.12185922
-0.3913582
0.0929242
0.22087283
0.00033445805
0.00715717
-0.022559088
0.2968536
-0.0029931793
-0.25882328
0.011716264
0.023858946
-0.076925166
0.024983736
0.0065990486
-0.8909375
0.049614552
0.060579915
-0.115159325
0.05749716
-0.34570926
0.008955061
-0.078730285
-0.36809203
-0.040622506
-0.32870784
-0.43107927
-0.022006698
-0.0007497113
0.02363599
-0.026489401
-0.48417526
-0.13762684
-0.5622436
0.002879217
-0.2225274
-0.560852
-0.062011186
-0.12493015
0.031785082
0.034777664
-0.012146323
-0.14363472
-0.11779532
0.14493194
-0.0041290442
0.00087584264
-0.05560168
-0.0061365515
-0.0134361675
0.005092208
0.021841401
-0.45292082
-0.03534764
-0.063894115
-0.06376284
-0.0075674052
-0.3382621
0.023347043
0.21019901
0.006799544
0.04060203
-0.112929024
-0.5728782
-0.1017187
-0.2721844
-0.02905931
0.09246746
-0.1816496
0.032151368
-0.124729246
0.006364762
-0.28349894
-0.11046575
-0.0055836234
-0.30889755
0.32069567
0.07525749
-0.03997558
-0.027539618
-0.0015952843
0.014414996
-0.0011182299
-0.066553295
-0.017265934
0.0035628448
0.16158627
-0.011369698
0.031830445
-0.055689283
0.00218097
0.07667347
-0.3014979
0.111156605
-0.10208742
-0.18519606
0.08076062
0.0020012497
-0.029684117
0.21261474
-0.16193958
-0.01653149
-0.059071485
0.0078489715
0.048221197
-0.010500098
-0.53381526
0.17722374
0.055802908
-0.22979674
0.29067212
0.043949943
0.016221633
-0.11357463
-0.0015318143
0.008876698
-0.10045254
0.042012393
-0.07159369
-0.31282884
-0.83086514
-0.0075508226
-0.015241097
-0.099327005
0.0019361678
0.12299671
0.010456895
-0.2136247
0.08132583
0.21407615
-0.0018499331
-0.18350756
-0.0068356046
-0.026957542
0.03140068
-0.366088
-0.3471891
-0.6728409
-0.07018385
0.010386927
1.8037725e-05
0.047634933
-0.0076699997
0.008816658
-0.6020156
0.30663642
-0.29339683
0.0223465
0.6297051
-0.7472554
-0.28788477
-0.22075632
-0.1774462
0.3403285
0.07278655
-0.0018926419
-0.11915458
-0.022042194
0.010485001
0.028294345
-0.4677383
-0.0006516724
0.26152363
-0.035352085
0.07996449
-0.020546986
-0.1978019
0.12312632
-0.011566251
-0.5427052
0.03287339
-0.29226246
0.08578722
-0.78998625
0.03385681
1.0398199e-05
-0.009335426
-0.00062372535
0.00093430723
0.0016293676
-0.3052717
-0.48365396
0.34251612
-0.094628215
0.11629082
-0.19477203
-0.31811953
-0.42799693
-0.026886726
0.031542845
0.01732136
-0.005419222
0.024678012
-0.02317048
0.22218588
-0.031174148
0.03833438
-0.68355423
0.034779314
0.00023782319
0.0025178478
0.019751651
-0.019278768
-0.001964223
0.0050664702
0.027480893
0.009253144
-0.07894552
-0.017981242
0.23804078
-0.3127259
-0.43350437
0.0625552
-0.3223813
-0.00791649
0.03292822
0.025579177
-0.12062802
-0.104399495
-0.45909202
-0.03034099
0.010655047
-0.014019144
-0.009440647
-0.6814797
0.018259281
-0.27679795
0.04198566
0.14678814
-0.0057970607
0.031239985
-0.6156304
-0.39486375
-0.0027205846
0.14352518
-0.022588637
0.086728334
0.004426353
-0.025973683
-0.3298767
0.35445556
-0.25492385
0.035670295
0.0014859879
-0.15240714
0.036543008
0.28113464
-0.6339204
0.0011743851
0.028337784
0.21235327
-0.004091466
-0.14829202
-0.022998339
-0.108477816
-0.29298398
-0.0332325
-0.23369715
-0.022241848
-0.033555012
0.09318717
0.008040723
-0.0041430453
-0.6415518
0.31626016
0.02316569
-0.3781723
0.111079216
0.16389374
0.10362984
-0.2970856
0.2380582
-0.08113239
0.0657571
-0.030173913
-0.37557516
-0.58537334
-0.19642831
-0.042778894
0.11579711
-0.0019503066
0.11512339
0.25263903
-0.27615812
0.002930495
-0.014943383
-0.44583037
0.17970261
-0.13648978
0.25821328
-0.6453442
-0.15369795
-0.12598146
-0.6117752
-0.46883848
-0.004764644
-0.00017038194
0.13424453
-0.2693468
0.013261679
0.05640579
-0.018483229
-0.49156103
-0.024393464
0.017660024
0.0125403255
-0.11152155
-0.06872734
0.00077597576
-0.67541623
-0.083734535
0.0014328988
0.20509118
0.14512487
-0.49169582
0.022118347
-0.06948676
-0.5536338
0.025502004
-0.08608612
-0.17644067
0.0013375059
-0.011148143
-0.0029648116
-0.015443445
0.001999119
0.22770508
0.0052986694
-0.25830954
0.14208354
-0.047337733
0.0006345659
9.033044e-05
-0.067573406
0.023276383
0.021054735
-0.07621143
-0.09085263
0.08126684
0.006539518
-0.0012090215
0.009057326
0.016510813
0.011288471
0.041547
-0.034187242
-0.15282048
0.016526747
-0.230682
0.20885836
-0.3418038
0.0025289983
0.008689029
-0.004927381
-0.03971336
-0.003754154
-0.17203869
0.026170459
-0.018130338
-0.75345856
-0.30923086
-0.228926
0.005653838
0.27338868
-0.0006288564
-0.14076675
-0.06470743
-8.739179e-06
-0.0072151814
0.15495856
-0.037159815
-0.028188162
-0.31382856
0.0050379573
-0.49856052
0.07697936
0.031613994
-0.23595338
0.0006553423
-0.04327368
0.04676793
-0.25583476
0.11840747
0.0042082244
0.009202757
-0.00093779113
-0.42510113
-0.1145289
0.0028155723
0.27949736
0.0396056
0.029846078
-0.38446045
0.14869456
-0.0036645685
-0.014304798
-0.16102028
-0.0061990055
0.006986067
-0.22788571
0.05400455
0.00601196
-0.16101898
0.0038221169
0.002030513
-0.028995639
0.07656145
-0.0099745365
-0.25548628
-0.060573056
0.03518092
-0.11919746
-0.1282085
-0.0012482932
-0.007311032
-0.26914766
0.06862162
0.18275002
-0.012711655
-0.040124644
-0.079127446
0.056115694
0.0055385022
0.1569793
0.009963171
-0.005546101
0.05845347
-0.5157317
-0.12848672
-0.34466588
-0.34524468
0.096034676
-0.12323278
-0.2219848
0.07480297
0.18665987
0.013029531
0.018514713
0.061479528
-0.15040791
-0.09699077
-0.032816835
0.07269464
0.09154168
-0.0825004
0.15815611
0.030870598
-0.01182199
0.035617046
0.023791868
0.59457
-0.085224755
-0.07070348
-0.075744495
0.16513698
0.037092146
0.072461456
-0.010470091
-0.05576409
-0.53645694
0.00095989084
0.041134555
0.026087841
0.009246236
0.00022584514
0.3719462
-0.040547755
0.11039806
-0.0038043603
0.04566019
-0.15769221
0.3171432
-0.0176217
0.014131037
-0.7670642
-0.45234728
-0.82146186
-0.33020067
0.0056848223
-0.0012868132
0.009259383
-0.026194222
0.008166647
-0.029621296
0.029119391
-0.05548929
0.08153567
-0.08827638
-0.032654997
-0.0036099746
0.018624164
0.03401331
-0.44062412
-0.65765035
0.049358174
0.08972453
-0.027418556
-0.10968195
0.06208957
0.005211332
0.0007280812
0.124193616
0.026551027
-0.24725509
0.0049275835
-0.08123404
-0.001784322
0.071208574
-0.22130746
0.039600264
-0.05888658
-0.02434023
0.064409174
-0.33883533
0.17527542
0.25235382
0.009581046
0.003270903
-0.10782385
1.7461156e-05
0.0013262347
-0.19637237
0.114589706
0.0033488076
-0.18713968
-0.13981736
0.05511597
0.0022705167
0.17683896
0.0006949065
-0.00050253
0.1225207
0.055963308
0.02128836
0.06926762
0.021922912
0.0690299
0.20002833
0.05196275
-0.21757016
-0.07835187
0.0012341411
0.35403207
0.051202297
0.003258476
0.000805868
0.0025380515
-0.0024066812
-0.014051712
0.23219839
0.01443896
0.079226315
-0.26841402
0.053732615
-0.2980377
-0.7650567
-0.08907733
0.043056954
0.06704036
-0.05106299
-0.037266385
-0.008081748
0.08673062
-0.40584314
0.10150469
-0.029198755
-0.047154658
-5.927228e-05
-0.34925485
-0.00055344764
-0.05937036
0.03215927
-0.2670696
-0.08096229
0.09263509
0.048995595
0.18534964
-0.004507622
-0.1847763
-0.021543564
0.11094012
-0.12758338
-0.09345532
-0.03321602
0.00776708
0.2015723
-0.259917
0.030863103
-0.28953245
-0.56021506
0.014843043
0.034847774
0.084130265
0.031331863
-0.008526122
-0.00016952993
-0.0018606584
-0.21986783
0.22143596
-0.08170769
-0.3178941
0.074316934
-0.16103515
-0.5243966
-0.3604595
-0.3632963
0.022481268
0.10868133
0.074948505
-0.010433657
-7.0053493e-06
0.2300006
0.0891216
3.0326112e-07
-0.003655258
-0.035602298
0.3219444
0.051713444
0.015985446
0.01211966
0.16513531
-0.033050943
-0.055903874
-0.005256471
-0.04135737
-0.50581723
0.0018340275
-0.741319
-0.08240748
-0.0015824207
0.0049961344
0.15127121
-0.5180595
-0.090061195
-0.5467023
0.08708728
-0.06811581
-0.0829777
-0.23173916
-0.050141055
0.00458285
0.051953286
0.08356085
-0.12875634
-0.6047248
-0.07571897
-0.011329239
-0.47438598
-0.44017226
0.12237996
0.19569054
-0.052261334
0.09885934
0.25108713
0.014652143
0.00880078
-0.04647048
0.22324906
-0.1564601
-0.004292757
-0.0313583
-0.30163544
0.18710332
0.03384815
0.18955028
-0.0041150437
-0.42183834
0.08352455
-0.0004229141
-0.07877242
0.09003009
-0.49870306
-0.47177184
-0.032395896
-0.3935304
0.07237546
-0.12832719
0.09212046
-0.4323259
-0.4072296
-0.16891696
-0.2519146
-0.0026645944
0.25513333
-0.0083958395
0.00036676196
-0.00029322924
-0.17714247
0.35671395
0.14077614
0.032278404
-0.39885524
-0.025174975
-0.09997619
-0.21942516
-0.00049494486
0.15123078
0.017321037
0.00070022425
0.03727218
-0.0005903714
-0.00026913238
0.18729973
0.06395673
0.34213966
0.10745992
-0.26554406
-0.08558997
-0.5503236
0.11539384
-0.33249515
0.11008681
0.07401529
0.042658232
-0.006242451
0.11839897
-0.1417627
-0.11290361
-0.074031085
-8.8133454e-08
-0.7092079
-0.66004235
-0.09768856
-0.11750904
0.21071525
0.03224449
-0.46834826
0.059264667
0.05113033
0.184464
0.1756333
-0.73668194
0.008235254
-0.000121480436
-0.084141396
-0.06730024
0.019509457
0.18774988
0.0058603655
-0.0895901
-0.15255643
0.028288255
-0.6414397
-0.5210301
0.34685138
0.1351433
-0.0067673554
0.2602046
-0.038950607
2.4298959e-05
-0.26038727
-0.004202852
0.005592626
-0.00014396728
-0.21450745
-0.021195663
0.023123136
-0.07350064
0.038208675
0.011518027
-0.087492846
0.14573194
-0.011549246
-0.15201078
-0.068678215
0.19572507
-0.5574124
0.004143275
0.1769131
-0.23113236
0.21384713
0.23833425
-0.019706165
-0.339905
-0.049368862
0.009607965
-0.2957292
-0.022411782
-0.15560983
0.026202466
-0.032295093
-0.40931186
-0.41838244
0.011034782
0.00079282525
-0.0057642027
-0.35305533
-0.00082970905
-0.6299133
0.00011182565
-0.13940409
-0.028370446
0.018311035
-0.067914136
-0.011892716
-0.0016532992
2.7409467e-05
-0.007628818
0.11983348
0.120092526
-0.023409614
-0.037558302
-0.5009868
-0.060561586
-0.21626776
0.007052526
-0.005846109
-0.00987572
-0.4216643
-0.006794333
0.091142096
0.0069608428
1.8172008e-05
0.003430239
-0.13144389
-0.038621444
-0.10281731
-0.06261017
0.22099705
-0.08128851
0.18166566
-0.002662353
0.06786522
-0.15432733
0.07810808
0.106034406
-0.19250724
-0.07547538
0.23142116
0.022222934
-0.0041967225
0.07296469
0.042311914
-0.011304222
0.008083219
-0.0013398911
0.0065456475
0.08274386
-0.15326798
-0.73868936
0.33980432
-0.09755971
-0.11901349
0.26093876
-0.213724
0.0013552691
-0.17251794
-0.012809062
-0.0063964673
-0.021568153
-0.5338657
-0.33445784
-0.8215377
0.007438335
-0.0032982603
-0.5652822
-0.25230446
-0.000105363026
0.0045985533
-0.22839661
0.05203512
-0.25147256
-0.03485562
0.06718172
-0.05804804
0.0132032
-0.32607242
-0.019482208
-0.0001408917
0.0012269028
0.009765906
-0.0011519497
0.00011796255
-0.00041280966
-0.5633266
-0.04340396
0.0888371
-0.19520171
0.21857429
-0.0065013673
-0.031193964
0.09558797
-0.03295346
0.020529581
-0.8464175
0.30058712
0.065370165
0.06769044
-0.10191043
0.31205702
-0.13118719
0.0763483
0.06941424
0.067034565
0.001748608
-0.22633944
0.113566756
-0.0007479456
0.050132472
-0.035686336
-0.102748
0.0504743
0.00016379266
0.00020664943
-0.06799753
-0.0019887483
-0.2788448
0.3067479
-0.15450592
0.022181718
-0.08373789
0.00069108995
0.37732494
0.18310428
0.039940063
-0.6898482
-0.015377687
0.0023032671
-0.06877368
0.0769369
0.031564288
0.0058557605
-0.124564655
-0.5090621
-0.017052991
0.008033979
0.036787976
0.0023712306
0.09948332
-0.47042942
-0.24534036
0.20408274
-0.01503019
0.03483383
-0.012730921
-0.36142147
0.004109416
0.0032364996
-0.16182277
-0.20444398
0.03050532
-0.009047511
0.008771479
-0.0040704566
-0.010782461
-0.12977761
0.044617575
-0.03053929
0.101070754
-0.0451802
-0.005532558
0.1221125
0.11099167
-0.036477894
0.036279306
0.13249715
0.029863887
-0.051284533
0.18428196
-0.3495966
0.20731431
-0.2650917
0.00017126821
0.07664103
-0.10110424
0.064444214
-0.005357855
-0.008966714
-0.09651909
-0.042655837
0.30457973
0.0031294865
-0.11806584
0.032057755
0.26980194
-0.0026394054
-0.35429764
0.08107719
-0.2963758
0.09635296
0.050026264
-0.17177805
-0.003040625
-0.42526206
0.07953981
0.1119921
-5.676222e-06
-0.064308204
0.11177235
0.0030087815
-0.06329354
0.080005914
0.13110383
-0.26634115
-0.2950782
-0.03892586
-0.033237174
-0.013350453
-0.040416863
-0.011682332
0.21388789
-0.02022958
0.15295504
0.04882011
-0.003701734
-0.0022197294
0.14495882
0.004018307
-0.000925972
0.19747761
-0.0020933738
0.064001635
-0.31749135
-0.030816874
-0.09303153
0.003983686
0.03372357
-0.001900196
-0.0008804734
0.002901952
-0.0076788533
-0.10903901
-0.18398306
-0.034195557
0.29432833
-0.69806534
-0.19523671
-0.026476005
-0.016936842
-0.11588192
-0.4308906
-0.027837401
-0.27285987
-0.73826665
