3.6363947e-08
-1.2758125e-07
-3.8245034e-07
-2.0581042e-06
-3.988106e-09
-1.0225934e-08
4.0413305e-08
-1.1646861e-09
2.419037e-07
-2.2631674e-09
9.491857e-10
1.050007e-07
9.054398e-08
1.0706014e-08
1.0682175e-08
-6.95669e-10
2.5217708e-09
-3.4982514e-07
-5.789872e-08
-8.316227e-08
-3.9000547e-08
-8.1399945e-09
-4.880411e-08
-1.0596458e-08
-8.196925e-08
1.113046e-07
-1.8871894e-07
1.18777926e-07
-1.2028194e-07
-2.7396272e-08
2.8583093e-08
7.864423e-08
-9.6973295e-08
2.3045928e-08
1.41935335e-08
-1.8970857e-06
7.568612e-08
-1.0844967e-08
-1.19063564e-07
-3.1918262e-08
-1.828541e-07
-8.9289287e-10
6.683892e-08
2.1576811e-07
1.461168e-07
3.05143e-07
-5.970332e-08
-2.8396707e-07
5.5240488e-08
1.2363714e-07
-2.7905415e-08
1.1047545e-07
1.9576563e-09
-3.251921e-07
-5.1928772e-08
5.8372635e-10
-1.1374343e-07
-1.780232e-08
1.9380229e-08
4.895994e-09
1.5102481e-08
-1.5266924e-08
7.7019463e-10
-1.5629666e-08
-2.105353e-08
3.142509e-08
-7.85922e-08
-4.3229882e-08
5.209315e-08
-1.3298433e-10
-1.1927152e-07
-1.8611606e-08
7.0489503e-09
9.765677e-08
-3.9584368e-08
-1.985034e-08
7.412479e-08
5.497028e-08
1.4433328e-07
-8.4884796e-08
-2.7259514e-08
-9.292465e-08
6.421807e-08
1.8180041e-09
2.3479583e-07
2.4859961e-08
6.896244e-08
6.3797856e-08
-2.792622e-08
-8.677368e-08
-3.7698564e-07
-8.371059e-08
1.067877e-08
-8.987896e-09
5.101066e-08
1.1425385e-09
-1.3187936e-07
-8.352116e-08
-4.749115e-08
1.1536522e-06
2.2611193e-08
-4.02546e-09
9.307337e-08
-1.6674069e-09
-2.5001873e-07
2.2643293e-08
-5.7352962e-09
3.8424986e-08
-5.7171107e-10
2.194731e-07
-6.828435e-07
-3.5903873e-09
3.4895223e-10
-1.85403e-07
2.008509e-07
1.2775996e-08
1.7695645e-07
7.530001e-08
1.8958128e-09
2.7721495e-07
-4.581935e-08
5.717326e-08
2.7399565e-08
-1.1967856e-09
3.4612338e-08
-7.063348e-09
-3.3649927e-10
5.500644e-08
2.1732408e-08
-1.9426422e-07
-1.3132198e-08
2.8864374e-08
-3.511797e-08
-2.6598386e-08
1.6171892e-06
1.900078e-08
-2.93669e-08
-1.7391892e-07
-6.390313e-08
-4.6402306e-08
-1.1527594e-08
-9.065113e-08
1.609026e-08
-9.664256e-09
-3.4224545e-08
-1.6090937e-08
-2.7346431e-08
-4.720365e-08
2.1127992e-08
-5.171402e-09
1.4541052e-08
-8.864564e-08
-6.146581e-08
-1.0213644e-09
-1.1166916e-09
-9.1864784e-08
6.1053305e-09
6.069543e-08
4.3701984e-08
3.372826e-08
3.528597e-07
8.9845464e-10
1.9435387e-08
5.651838e-08
5.9218905e-09
7.481981e-08
1.2165812e-07
-1.01590345e-08
5.9122904e-08
1.6042915e-08
-1.7208093e-07
5.4374962e-09
-3.0729472e-09
5.099515e-08
1.1471314e-07
-5.359479e-09
-3.8677092e-07
3.6892e-08
7.70922e-08
-1.7393868e-08
2.046212e-07
-2.7399954e-08
1.3857246e-07
2.8408232e-08
4.210882e-08
-1.4441797e-07
2.8240258e-08
-8.9773636e-08
-8.445814e-10
1.9542274e-08
9.542352e-08
4.7610943e-08
5.955543e-09
3.267184e-08
1.2695678e-07
8.660101e-08
4.456936e-10
-1.924778e-08
3.8704627e-08
8.80649e-09
2.908442e-08
1.1885435e-08
-1.07793674e-07
3.3612593e-09
2.9641386e-08
-1.5723032e-08
1.2145473e-07
2.2838382e-08
-7.654769e-08
5.8323224e-08
9.313924e-09
1.9628857e-07
2.8315547e-10
1.8280346e-07
2.8125452e-08
1.39666545e-08
7.6894446e-07
5.6139298e-09
-9.0122434e-08
1.17988455e-08
-1.4437307e-08
-1.3937065e-09
-6.5281105e-09
-2.1163991e-08
-6.350155e-08
-5.3464476e-08
1.340212e-07
5.7730155e-08
7.590929e-08
1.6931901e-08
2.2350478e-07
4.0664125e-07
2.434911e-09
5.2970887e-07
3.3950505e-09
4.318584e-09
-3.025996e-08
1.37084095e-08
7.4566286e-10
-8.951013e-08
5.115038e-07
-1.1792773e-08
1.6066346e-08
-9.1826696e-10
-2.1432783e-07
-7.492731e-08
9.7880005e-08
-4.919582e-07
-2.3432187e-09
-2.6439382e-08
-5.874151e-08
1.4947501e-08
1.0493237e-07
-2.21754e-08
1.3576848e-08
2.424467e-07
7.929756e-10
1.1225747e-08
-1.3026905e-08
-1.0712307e-07
-1.17940886e-07
5.8767537e-08
-1.8459113e-08
9.041777e-08
7.3797075e-09
3.1410528e-07
4.22543e-08
-3.6143412e-08
7.8373475e-08
4.634453e-08
5.9803402e-09
5.7836274e-08
1.9841156e-08
3.8877923e-09
1.13913494e-07
-3.4025636e-08
-4.1731738e-08
-1.1035109e-07
-1.0297326e-07
-2.9483624e-09
-5.946189e-08
1.1918931e-08
-7.275355e-08
-1.7193571e-08
-1.698897e-08
7.729981e-08
5.7110263e-09
-1.4169567e-08
-1.3084538e-07
8.8512486e-08
-2.7038066e-08
5.8529963e-08
-1.45081245e-08
2.737056e-08
3.6819182e-07
-1.2472772e-08
3.128598e-08
2.1652428e-07
-1.597067e-07
-7.3282905e-08
-5.066342e-08
-2.5311527e-08
-1.7175665e-08
-7.1654713e-09
1.5677333e-08
4.3448082e-08
-8.5481446e-08
1.1522961e-08
-3.2904444e-09
-2.1216958e-07
7.921836e-09
-9.611153e-08
-1.4084854e-08
-5.192916e-09
1.22979855e-11
-5.575013e-09
-6.6592474e-09
-1.5653853e-08
-4.4468685e-08
-1.4098575e-07
5.649871e-07
-2.9435915e-10
3.096885e-07
-1.6215797e-10
-1.4591821e-10
1.8941515e-08
-1.6515278e-08
-1.0107957e-07
5.8309077e-08
-1.5881916e-08
1.29194095e-08
-9.5931696e-08
-2.2383134e-07
-9.105374e-08
-6.727745e-08
-7.969329e-08
3.9304253e-09
2.4195692e-09
-1.5394361e-09
8.626224e-09
-6.8800055e-08
1.5564224e-07
-5.9177965e-09
5.1404182e-08
-2.4931552e-08
-3.6211922e-09
-6.607191e-08
2.2252301e-08
3.124263e-07
-6.9656735e-08
3.2833531e-09
-1.114337e-09
-1.737751e-07
5.453974e-10
-1.44999905e-08
1.653434e-08
-4.6143004e-08
8.703059e-09
-2.5918538e-09
-1.3516504e-08
-4.1825245e-08
1.2618929e-07
6.266573e-09
-1.4876651e-08
5.192053e-09
-1.2785273e-07
-4.7323114e-09
-1.2083526e-09
-3.9131612e-10
1.3413753e-08
8.3497284e-08
3.2059e-08
1.4951075e-07
-9.859923e-09
3.8515013e-09
1.9039573e-08
-7.6241584e-08
-1.10159206e-07
-1.1491049e-07
7.675858e-08
-1.2674027e-09
-1.6481096e-07
7.947568e-08
2.924667e-08
-8.015721e-08
-3.582979e-08
3.2148322e-09
-3.0501113e-10
1.03183915e-07
-1.8119097e-08
-1.7514207e-09
-7.567207e-08
-2.5962098e-07
-3.5351235e-08
-3.6221473e-07
-2.7767756e-08
-7.368783e-08
-1.0842844e-07
-1.835206e-07
1.2068078e-10
-1.4480675e-07
-5.0259217e-08
-1.2758333e-07
2.204041e-08
-2.0658478e-08
3.1022335e-08
-2.3063038e-08
8.0315365e-10
-1.0674476e-06
1.3111732e-08
-3.234005e-07
5.4861986e-09
-7.078112e-09
-4.4768802e-07
6.677645e-10
-2.5704505e-09
-4.267208e-09
5.8749404e-08
-4.0369727e-08
1.7342895e-10
1.9884714e-08
-6.403585e-08
-4.7197354e-08
1.5771349e-09
2.5134054e-07
4.5986173e-08
-1.4620768e-08
-8.120649e-08
-3.237961e-08
3.6261145e-08
3.5796663e-07
-3.566171e-08
6.750592e-08
-5.100245e-11
8.102828e-08
4.510757e-08
8.113187e-07
-4.1965833e-08
6.3703084e-08
1.7864798e-07
-2.8757668e-08
-4.4016556e-08
5.2045085e-08
7.4308266e-09
-2.6381562e-08
1.0875727e-09
1.2047843e-08
-7.204306e-08
-1.9384825e-09
3.3470865e-08
1.2629066e-08
-1.8407151e-07
1.0948629e-08
-9.383199e-08
-2.0621327e-08
-1.8792314e-09
-2.0624813e-09
-3.8281733e-08
3.802068e-08
-3.0917715e-07
-9.600664e-11
2.7581375e-08
-1.4673211e-08
-1.104252e-08
6.399246e-08
7.50914e-09
3.6185064e-08
-2.884219e-07
-1.8805714e-07
1.6530468e-08
1.0287695e-07
-2.2595078e-08
-7.639867e-08
-2.7813405e-08
-9.6525525e-08
-1.10201746e-07
9.544465e-11
2.0619506e-09
-4.7202704e-08
1.5666547e-08
7.3660824e-09
2.6019068e-08
7.4943e-08
1.7229745e-08
-1.5938778e-07
1.9188353e-07
4.757093e-10
4.80723e-07
1.7158266e-07
1.7726215e-08
2.949639e-09
-1.9490326e-08
-1.2145857e-08
-9.295379e-08
2.0696083e-07
-2.7201482e-08
8.6811106e-08
-2.4668807e-06
-3.3174283e-09
-1.3433455e-08
1.8622094e-07
6.201132e-09
-2.7364809e-08
2.5178804e-07
-2.2316128e-08
-4.790303e-09
2.216674e-07
1.3767557e-07
-1.3860465e-09
-3.8866654e-07
-6.209896e-08
-1.1163961e-07
-4.098444e-10
-6.023916e-09
-1.3001485e-09
-3.7186556e-08
-3.64182e-08
-3.4877683e-09
7.4046906e-09
1.4584435e-07
-2.7814863e-07
1.4822974e-09
-7.4357587e-09
-4.1266414e-08
-1.5676802e-10
-1.5458467e-08
3.1066691e-09
-1.2817674e-08
-3.0629934e-08
1.3730797e-08
-1.6705632e-08
1.2805194e-10
-2.8104179e-08
-2.4483217e-08
-5.7091594e-08
-7.4331243e-09
-3.2003409e-09
5.6181836e-08
-7.251546e-09
2.7177744e-09
-3.791845e-08
2.8006116e-07
-7.0713554e-08
7.0430795e-09
9.532184e-09
1.2347439e-08
-1.2483326e-07
7.445858e-12
-3.963298e-08
-1.0213474e-07
3.8890104e-08
-3.6745263e-07
-1.1615782e-09
-3.9869626e-08
2.815813e-08
9.5394456e-11
-1.6374779e-08
-3.2362544e-07
2.5101756e-09
3.5543934e-07
1.3579912e-08
-1.1890955e-06
-1.3534547e-07
6.8497485e-10
-4.0302943e-08
2.1841727e-07
2.0647035e-07
7.3015767e-09
2.21028e-09
-5.603445e-07
3.995358e-08
3.5507972e-09
1.9621062e-07
-1.1167833e-08
4.448605e-08
3.3166756e-07
-1.0259365e-08
-1.6639287e-08
-1.5942729e-07
-3.6714347e-08
1.0438226e-08
6.263113e-09
-3.7106858e-08
2.7263958e-08
1.3140033e-07
-5.163213e-09
-4.4417217e-10
-8.65328e-08
1.9345724e-07
-3.0173143e-07
-2.1654127e-09
-2.1277772e-07
-2.7278653e-09
2.0349438e-09
9.8163916e-08
2.3682671e-09
-1.47303565e-08
1.7201929e-08
-6.6437087e-09
4.994779e-08
-1.7999348e-08
-1.5816099e-08
9.016368e-08
1.9488729e-07
1.6615616e-07
-5.6198996e-08
-3.1563935e-08
-6.804428e-09
-4.188617e-08
-3.509072e-08
3.496803e-08
-1.7469206e-07
9.322215e-08
6.9281576e-09
-2.2933361e-07
-1.0828318e-07
8.0512905e-08
7.27353e-08
3.430181e-10
2.1836936e-08
-4.5513833e-09
-9.071951e-11
4.0460847e-08
6.904058e-07
-7.2671334e-08
-5.361095e-09
9.556242e-10
-1.9197008e-08
1.2671548e-08
-1.4543233e-09
7.828069e-08
6.694729e-10
-1.7256536e-07
3.4012896e-07
-2.5710225e-08
-7.2346374e-08
1.7617363e-09
1.314062e-07
-3.831113e-07
-2.987788e-08
-5.0213465e-08
-7.680508e-09
1.4568384e-07
-9.0361155e-08
-1.5234278e-09
7.805774e-10
2.5876168e-09
7.197576e-08
4.5827218e-08
-1.3380964e-07
1.2630461e-09
-3.7811397e-08
3.168262e-08
-9.514158e-08
-3.0000113e-08
-3.31508e-08
-3.214043e-07
-1.3551661e-08
-1.06342185e-07
-7.008535e-07
1.1804785e-07
-8.247754e-08
-7.211235e-09
-1.1821495e-07
-2.47224e-09
-1.07395586e-07
-8.0640106e-08
-1.994371e-09
-7.5036674e-08
1.832822e-07
8.6368054e-08
-2.0615095e-08
1.0200036e-08
-5.923846e-08
-9.803494e-09
-9.486395e-08
-1.7719124e-09
-2.6014845e-08
1.3066587e-09
1.3016914e-08
-1.2543832e-09
2.0320439e-08
1.23887745e-08
2.7711028e-08
4.1023398e-08
1.406085e-07
-6.5338457e-10
1.407247e-07
-6.481402e-08
-5.978865e-08
2.6960636e-09
1.7577744e-08
1.9718698e-08
2.8856615e-09
3.0950698e-08
1.7796714e-07
1.263497e-08
-4.3513307e-10
2.2585512e-08
-1.5469213e-08
5.6806066e-08
1.6896216e-09
-2.889627e-08
-1.4539466e-08
-4.5635925e-08
-3.9142245e-09
3.0144694e-08
1.0471413e-08
-1.020821e-08
5.8519113e-08
-8.887147e-08
1.3852721e-07
4.4356628e-07
-1.03344185e-07
-5.8120344e-09
-1.09144995e-08
-3.2538458e-07
2.1198645e-07
8.933272e-09
-3.850805e-08
2.3387887e-09
4.9677695e-08
-2.2740663e-08
-2.5292303e-08
1.3556796e-06
3.974714e-09
-7.36229e-08
3.4241985e-08
-2.0864356e-08
2.2300867e-08
-2.79097e-09
-5.1787204e-08
-2.0369678e-08
-1.8459234e-08
7.253729e-08
-1.4385398e-07
3.2439345e-08
-7.779772e-08
-4.0828063e-08
3.9031263e-09
-3.965003e-08
-3.1058232e-07
1.0407161e-07
-2.8843932e-09
9.007624e-09
7.119471e-08
-2.2851012e-08
9.446775e-09
2.8414422e-09
-6.4283086e-09
-2.0591384e-07
3.77353e-08
2.5995218e-08
1.4892282e-07
2.702483e-09
1.3157134e-07
2.7553176e-08
7.138957e-09
-1.3640995e-08
-6.782714e-09
7.355315e-09
3.0612842e-08
-1.4720497e-08
1.2695402e-07
2.217332e-09
1.221374e-06
-1.258861e-08
7.858616e-08
-9.4471204e-08
-1.1378538e-07
5.2355027e-09
1.3504783e-06
-3.2537056e-07
-1.6209596e-07
4.9873332e-08
-2.3049219e-07
1.9296692e-08
-2.2672756e-08
-4.7693934e-08
-3.7789692e-07
-3.4571235e-11
-5.091465e-09
1.6667441e-09
1.4024495e-08
-3.1811286e-08
6.110989e-09
8.438216e-07
-3.6130487e-08
-1.066584e-08
-4.555998e-09
-3.51741e-08
-1.6806876e-08
2.8515071e-08
1.6143409e-07
6.825762e-09
2.4228388e-09
1.2577904e-09
8.664072e-08
-1.0552132e-07
-4.4524988e-08
5.674776e-09
-8.984391e-09
-3.0279473e-08
5.8684304e-07
-4.9107626e-08
5.7077465e-08
3.2438598e-07
4.5034394e-09
-5.5855935e-08
-3.061759e-07
1.5226865e-08
4.445282e-08
4.314328e-08
2.2319071e-08
1.03532216e-07
5.5307935e-11
6.2208994e-10
3.399707e-10
-2.0089489e-07
-1.0430804e-08
-1.9094027e-07
-2.2727477e-08
8.722448e-08
1.3022451e-08
-7.114967e-08
-7.405268e-08
-6.91319e-08
1.2446019e-08
8.2036294e-08
-1.1763528e-06
3.2050274e-10
-1.87105e-09
-1.4782204e-07
-3.2795051e-09
1.4646217e-07
-3.0355032e-08
3.8224061e-07
4.8194433e-08
-4.3658302e-10
2.0083256e-07
7.1272964e-08
-3.7439346e-08
-5.058511e-10
8.970057e-09
-6.448083e-08
1.7687094e-07
-3.3237615e-08
2.4403082e-09
-4.654065e-09
-4.3207464e-08
-3.1904683e-09
8.527975e-08
-4.1996553e-09
-9.182578e-09
7.094645e-07
-5.553443e-07
-7.926701e-09
-1.6772923e-06
1.3483953e-10
6.784722e-08
1.7582471e-09
3.10992e-08
-9.931453e-08
-1.5933791e-08
3.3608433e-08
6.371974e-08
4.0997335e-08
1.6000966e-08
4.881474e-09
1.5370837e-07
1.26217845e-08
-3.0885825e-08
3.8499415e-08
3.553355e-08
-3.5364465e-08
1.0332276e-09
1.024851e-07
-3.372013e-08
9.250313e-09
-6.9523644e-08
6.522498e-08
-3.961197e-08
-2.5643589e-08
2.896192e-10
4.2788006e-08
1.6324171e-07
4.8532822e-08
-3.4904643e-10
4.836749e-10
-6.117919e-08
5.1160676e-08
1.0230564e-08
9.30528e-09
5.4266216e-08
1.31723565e-08
7.018452e-08
-5.0909904e-08
7.611397e-08
1.9283597e-09
2.3978949e-08
-7.8455304e-09
-3.3248327e-08
-8.353786e-08
-9.8743405e-09
1.0893946e-08
1.6649395e-08
-8.18787e-08
-1.8682169e-08
4.821447e-08
1.1940061e-07
-1.4932791e-08
-7.957863e-11
-1.00532176e-07
8.188768e-08
7.8142387e-10
-7.3902086e-08
-2.330663e-08
1.2089092e-07
-2.2030184e-07
-6.715531e-08
8.7319776e-08
-1.8719051e-08
-8.003923e-09
2.1119067e-08
5.814746e-08
-3.413128e-08
2.482911e-07
2.6458784e-09
1.5608606e-07
-1.645704e-08
1.5045395e-09
1.4451811e-08
-6.5808834e-08
2.2102759e-07
-8.757827e-08
-1.7083435e-08
1.9434978e-08
-2.8955924e-08
3.312741e-07
-2.8549747e-08
1.8506306e-07
1.4674211e-07
7.1453215e-08
-6.840935e-07
7.1309233e-07
1.14992384e-10
-1.8699733e-07
-6.173072e-09
8.60065e-09
3.930962e-08
-1.456464e-08
-4.359002e-10
-9.236074e-08
3.0760717e-07
7.6552425e-08
-2.1145581e-08
-1.3594665e-08
7.014995e-08
-2.8341535e-07
-1.3624495e-07
8.0196116e-08
-3.38352e-08
7.220474e-08
1.0824017e-07
1.4392769e-08
1.690754e-07
-2.5712753e-08
3.60329e-08
2.1980665e-07
-2.0797913e-07
1.1110427e-08
-1.2601896e-08
2.8240823e-08
2.2212838e-08
-1.02002474e-07
-1.3868526e-08
-8.733472e-10
1.1714532e-08
1.183189e-08
2.0711528e-08
-2.442609e-07
6.584529e-08
-2.4876634e-08
-8.640343e-08
-9.502756e-09
-2.8201438e-08
-8.509053e-08
-1.923797e-09
4.470705e-08
-4.5563585e-08
2.595977e-08
4.7734364e-08
-3.9064986e-08
8.4775095e-08
4.0810786e-08
1.4330659e-08
-3.095742e-08
-9.307551e-08
-1.7414623e-06
4.514307e-09
3.4402499e-09
1.7928929e-07
4.3724654e-08
8.591654e-08
-7.2298327e-09
-3.8687102e-07
-2.2157269e-07
-1.42440255e-08
-8.948413e-08
-8.050795e-09
-1.4511871e-08
5.3657816e-09
-1.03232686e-07
-4.774547e-09
1.4039344e-07
7.798565e-08
2.4097208e-10
1.48057735e-08
3.862536e-08
-5.388786e-08
1.5620168e-07
-3.9088526e-08
1.8811537e-08
-1.13766724e-07
5.2224745e-08
2.2424683e-07
1.8605375e-08
-9.233403e-09
1.4068142e-10
-3.4213554e-09
1.9493476e-09
-1.1548625e-08
-3.0283886e-07
3.2887595e-10
8.846326e-09
-2.7244775e-09
-6.3411894e-09
1.0662065e-07
3.2340182e-07
-8.074953e-08
2.7661656e-07
-1.1125047e-07
-7.756096e-08
-5.3168332e-08
-7.037225e-08
1.1686818e-07
-1.2357938e-08
-3.682065e-08
2.8616011e-08
-2.9813854e-08
-1.7649424e-09
-1.7908876e-08
7.070786e-11
-8.99201e-09
2.8671504e-08
4.9942585e-08
-2.5953696e-07
3.0108442e-09
-1.3156072e-07
1.22458e-07
3.2589764e-08
-1.8018638e-09
-5.548282e-08
8.320865e-08
8.6745966e-10
-3.7603005e-09
-1.7931089e-09
6.6528667e-09
-1.6950423e-07
9.226199e-08
-4.5147175e-08
-5.399845e-08
2.7992124e-08
3.252068e-08
-2.2236343e-08
5.6857488e-09
-5.0426346e-10
1.3425937e-09
2.9728952e-08
5.7099663e-09
-7.1035346e-09
-1.2773319e-08
-7.979429e-10
-3.0993277e-10
-2.3026402e-07
-6.967238e-08
-3.7868396e-08
-1.9218446e-07
-1.9308654e-07
2.4169212e-08
4.974367e-08
7.367088e-08
-3.2606744e-09
1.6568507e-08
-8.14998e-08
3.899744e-08
-6.918485e-08
-2.4289637e-09
-3.711742e-09
-1.6134265e-08
-3.055519e-09
2.9279937e-08
-1.2005982e-08
-4.470897e-09
-2.4407805e-09
-1.9650894e-07
1.3357037e-08
-6.491134e-08
1.1048493e-07
-6.363877e-08
-5.5781118e-09
-4.789838e-07
3.0622118e-08
1.1097601e-09
-6.6429586e-09
-2.6736834e-07
-1.3087043e-08
3.098035e-08
-3.2444017e-08
1.2926824e-08
3.029742e-08
-1.1933128e-08
1.6252997e-08
3.0239438e-08
-4.8172836e-08
-1.6542421e-09
2.8379397e-09
1.746808e-07
4.791955e-08
-4.1192997e-08
-4.1612104e-08
1.1900995e-07
1.3218896e-07
-2.2194439e-07
8.9317115e-07
-5.367157e-10
-5.568021e-08
-2.7636398e-08
1.091887e-07
-2.8143292e-11
2.5961121e-08
-3.754285e-09
-3.9721623e-08
5.2154448e-08
5.9156253e-09
8.038022e-08
2.5389046e-08
-4.2396433e-08
8.75313e-09
-1.4160615e-07
1.073393e-07
4.156334e-08
2.3493843e-08
8.732796e-08
-4.0389963e-07
1.4577379e-09
-3.168868e-07
4.6183114e-08
4.8626436e-09
2.6907882e-08
-1.0196223e-07
-6.233436e-08
8.826015e-08
8.061165e-08
7.195949e-08
-1.1740966e-08
-2.4014383e-07
2.4178618e-07
3.948837e-08
2.347802e-10
1.0382745e-07
4.344113e-09
-5.0516635e-12
-3.1740594e-08
2.668406e-08
-1.13404546e-07
1.055425e-06
-8.385772e-08
-2.9776753e-10
-7.5690096e-08
-2.1448031e-07
1.10206685e-07
8.311686e-08
2.7731767e-10
-6.067008e-08
5.5240708e-08
3.0341493e-08
1.8456288e-07
-9.14484e-08
-6.7148534e-08
7.990697e-10
-1.335765e-07
1.08775e-07
3.6919147e-08
-2.8058776e-07
3.149939e-09
4.5084246e-08
-1.8866308e-08
8.670057e-08
-1.4348922e-07
1.1798645e-09
-1.0255509e-07
-4.403683e-09
1.9991057e-07
1.2888557e-08
-1.0459315e-07
3.6630826e-08
1.550415e-08
1.6674684e-07
1.03690965e-07
-9.9124495e-09
2.5069019e-08
-6.014468e-09
8.459299e-08
2.2776472e-08
7.395049e-10
6.333337e-07
-2.522272e-08
1.5491233e-08
-5.2993876e-08
2.5210284e-08
-3.8346645e-08
7.9323e-09
-7.2478317e-09
1.4376631e-08
-5.2631762e-08
3.436493e-10
-9.092211e-08
1.3734349e-09
2.4660991e-08
-1.847953e-08
-1.8724084e-07
-3.8168332e-10
-1.5417451e-07
1.5263082e-07
-1.2836e-07
2.3059502e-07
1.0822754e-08
-5.6472986e-09
1.9279938e-08
-4.09996e-08
-5.6329235e-08
6.137056e-08
4.0334687e-09
-2.2938923e-07
3.2810799e-09
-4.6959295e-07
7.897914e-08
7.9536716e-10
6.938288e-09
9.9427e-08
-2.0257815e-09
1.1541396e-08
3.650388e-08
3.3249645e-10
2.8933556e-07
7.592993e-08
7.27046e-09
-1.0346999e-07
3.0215455e-09
-4.8588856e-07
-3.419312e-09
1.5276734e-07
2.468373e-07
-2.3875922e-08
-3.8733538e-07
1.0030574e-07
-2.9344477e-07
5.9445435e-09
2.4105361e-08
-3.5321648e-08
-5.899849e-08
1.6602208e-09
-1.5182489e-07
2.776095e-09
-4.780053e-08
1.4751478e-07
2.1205592e-08
2.9156139e-08
-7.376392e-08
1.7744496e-08
-1.4368119e-08
3.6801415e-09
-4.8394924e-08
2.2754583e-12
6.026881e-08
4.8869144e-09
8.9196774e-08
-2.3930022e-09
5.4306742e-08
1.9581952e-08
-2.3079585e-09
2.549434e-08
-1.2438097e-08
3.3385047e-07
-3.7119043e-09
4.720007e-09
1.5767536e-07
1.8359374e-07
2.7000766e-08
1.62437e-07
1.0537455e-09
-2.3563627e-08
4.7156757e-08
-3.206681e-08
-4.678427e-10
-6.5731736e-09
-1.9544409e-07
-8.3037826e-09
-5.476121e-10
-2.359981e-08
7.4444536e-08
1.4532774e-09
-1.3351315e-07
5.5933054e-09
7.961452e-08
2.396246e-08
-3.405687e-08
1.5254292e-07
3.295652e-08
-1.6500014e-08
6.673857e-08
1.890661e-08
-1.579082e-09
-8.160289e-08
2.2156337e-08
1.9391705e-07
-6.76381e-08
2.788694e-08
1.0395005e-08
1.1804258e-08
1.8341346e-08
-2.7624002e-13
2.1839801e-08
6.652392e-08
-6.748154e-09
1.201578e-08
2.2396662e-09
2.2387859e-08
-2.938137e-08
-3.5378174e-09
-2.4994792e-08
1.6236223e-08
1.6301267e-07
9.818045e-08
-8.755004e-09
6.051153e-08
-9.904654e-08
4.1226973e-09
-4.700512e-09
-1.1452772e-07
-5.7271855e-08
-1.0731574e-08
-5.3973177e-11
3.5186443e-09
1.8697945e-08
-7.6529227e-07
4.087523e-09
-3.188573e-09
8.294058e-09
-6.8031035e-08
-3.0414533e-09
2.517982e-08
4.091498e-09
-6.79082e-07
-9.168046e-09
1.5702595e-07
-4.1335785e-08
3.2570032e-08
-1.1690117e-08
-1.1654434e-09
4.069345e-08
-8.916449e-08
-1.02495335e-07
-3.2930384e-08
-3.3319645e-07
3.5322298e-08
-2.241784e-07
4.047853e-08
-2.2189572e-07
-3.394511e-09
1.6478023e-07
3.7073983e-07
3.1115967e-08
-2.1438026e-08
8.779278e-08
5.5634455e-08
-1.3229636e-07
1.2479206e-08
-1.2860448e-07
-8.770126e-10
2.379996e-08
9.31372e-09
1.5046066e-10
1.2492426e-07
-5.5257505e-08
3.1777818e-09
-1.6662895e-08
2.8097492e-07
6.142863e-09
2.4440456e-07
-6.603784e-09
-2.9358564e-08
5.5014424e-09
1.3534353e-07
8.3139305e-08
3.4266805e-08
5.6415433e-07
-8.278884e-09
8.596312e-08
5.593489e-08
1.5310303e-07
9.015934e-08
1.8773223e-08
1.5106735e-08
-5.301717e-10
-6.9978356e-09
-6.750872e-08
2.4294056e-07
4.129113e-09
-5.2033307e-08
7.649306e-08
-8.953221e-09
9.3788316e-08
1.1060299e-07
-2.8642836e-08
-5.6157052e-08
-3.087907e-09
2.6534888e-08
7.605739e-09
-1.7420027e-07
8.737002e-09
1.423316e-07
-1.3468046e-07
-4.272121e-08
-9.766704e-09
-4.1287844e-09
8.45532e-08
2.84005e-08
-8.5915275e-10
-4.8408012e-08
5.4393052e-08
6.9675097e-09
-2.5460356e-08
3.5294615e-08
4.6195773e-08
-8.628067e-08
2.7733574e-07
-1.5365698e-08
2.4432433e-07
-8.2000415e-09
1.1938509e-08
-4.8282214e-08
-6.92286e-08
6.883678e-08
-9.415717e-08
-1.2212726e-07
2.0518318e-08
5.2493654e-10
-3.004292e-08
-2.273787e-08
-1.6410395e-07
-2.8097742e-07
7.0341053e-09
8.400275e-09
1.9446166e-08
3.8037626e-09
1.1473192e-07
2.4512947e-09
3.915244e-08
-8.729985e-09
4.6801272e-08
-3.140972e-10
4.384902e-11
6.457981e-08
3.0278105e-08
1.7543405e-08
2.6562024e-09
9.089308e-08
2.834641e-09
1.4073667e-08
9.467921e-08
-1.6414392e-08
3.732343e-07
3.150113e-09
2.5362047e-08
-1.8878107e-07
-2.5132264e-08
-6.936848e-09
-1.2748555e-08
2.6853659e-08
1.4920637e-08
1.5342057e-07
4.9207665e-09
-7.801196e-08
8.3363936e-08
-2.0731962e-08
-1.0113124e-08
2.284628e-08
-4.5939128e-08
3.8834575e-08
-3.139283e-08
-1.0636104e-08
-8.1486735e-07
-5.3799628e-08
-1.2528792e-08
-4.03071e-07
-3.9773575e-08
2.7984234e-08
9.896367e-08
3.128991e-07
-2.625226e-09
1.988834e-08
-3.5177436e-07
6.415172e-08
-7.393373e-08
-2.2043817e-08
4.2077026e-09
6.730431e-08
-3.809613e-08
2.3257896e-09
-2.6940181e-09
-2.7213314e-09
-1.672383e-07
-5.783762e-09
7.0819755e-09
2.2896431e-08
1.8636754e-07
-1.0206223e-07
9.3122676e-10
1.4471486e-07
5.2756015e-08
-8.533364e-08
2.9536096e-09
-5.783532e-08
8.396226e-10
2.16025e-08
1.0794791e-08
-1.5548561e-07
1.0581722e-08
1.4399152e-08
-6.472362e-08
-9.177054e-09
1.6071901e-08
1.8976485e-07
-2.2543823e-08
-1.7606192e-07
1.0492607e-09
-2.4088038e-08
-2.9883537e-07
8.53995e-09
2.2270673e-07
-3.8441733e-08
4.5709868e-08
-1.6694889e-08
4.9965283e-08
-1.4150738e-08
-6.587746e-08
2.0410416e-09
-1.336208e-07
-1.4376606e-07
-3.004172e-08
-5.1929888e-08
-1.3663556e-07
-1.8800322e-11
3.7335717e-08
-1.1255015e-08
8.852088e-08
-3.4750897e-08
3.4922596e-09
-1.4055448e-07
-5.4627957e-08
-1.2811367e-07
2.469952e-09
-1.2874632e-07
1.1937239e-08
-7.198119e-07
-9.195325e-11
1.3875671e-08
2.4391463e-07
1.29519995e-08
3.2892589e-09
2.602513e-09
9.977138e-10
1.9427999e-08
3.8308322e-08
1.1879728e-08
-4.2009254e-09
1.7168926e-08
3.6560287e-08
4.8514535e-09
-6.2857857e-09
2.6213964e-08
-2.951732e-09
2.8564898e-08
3.5230983e-09
-2.5468303e-08
-5.083277e-08
-2.5706449e-08
-6.038439e-09
8.749197e-10
1.14107465e-07
-1.9673017e-07
-1.709816e-09
-2.4338934e-07
2.2634062e-08
-3.3801755e-09
7.129507e-07
-1.5588483e-07
2.1261077e-09
3.438287e-08
-7.954845e-09
-4.2508987e-09
-3.4666176e-08
4.0322927e-08
-4.4309274e-08
-2.9118679e-09
-8.22185e-08
-7.785286e-08
-5.2628202e-08
-2.4953701e-08
1.41503795e-08
-3.0345584e-09
-1.14018945e-07
1.4676956e-09
-5.5596026e-08
-1.3461974e-07
-1.1635004e-09
-5.7768403e-09
-4.4865978e-08
2.0671726e-07
-3.9446824e-08
9.647517e-08
-4.658791e-08
1.872993e-07
1.629816e-08
-1.1517565e-11
3.0958725e-07
-1.4307064e-08
1.7670064e-07
-1.4812021e-08
7.0525195e-09
-2.4635014e-08
1.8169771e-08
-1.1121989e-08
2.1510125e-08
-1.9354044e-07
3.1277943e-07
1.22958745e-08
-1.04667635e-07
-5.8637024e-09
-1.4551323e-07
2.6797968e-08
-1.8627017e-07
8.36952e-08
-5.1894006e-08
8.590815e-09
1.4789212e-07
2.7030135e-08
-3.1984254e-07
-1.8177575e-09
-6.958098e-09
-2.1345582e-07
5.44993e-09
-4.4708585e-08
6.753615e-08
-1.8364613e-09
2.5980533e-09
1.3945921e-10
5.5232118e-08
-3.006816e-07
2.378374e-09
1.6905307e-07
-4.0344728e-09
7.114183e-08
-5.047399e-09
-5.6458248e-08
-2.4965118e-07
-1.3646857e-08
1.5840245e-08
-1.8165197e-10
6.671009e-08
3.933226e-09
2.8959404e-08
4.9586628e-08
7.342625e-10
2.7438272e-08
-1.1256904e-07
-3.546507e-08
8.4629226e-10
3.5231384e-08
4.959438e-08
-2.1579472e-08
4.1259675e-08
2.9938113e-07
-2.2791146e-07
9.8148156e-08
-1.4325115e-08
1.202522e-07
-3.030968e-07
-1.3636722e-08
6.8117494e-08
4.3302407e-08
-2.2125946e-08
6.2352726e-08
-1.3774166e-08
-2.2485045e-07
2.4011598e-08
3.4276237e-08
-2.771369e-07
1.500625e-08
5.5960022e-08
2.51683e-07
-7.460054e-08
3.1736114e-08
7.690343e-08
-5.0449362e-08
-1.7524789e-08
2.312937e-08
2.0531798e-08
-2.0839171e-07
-2.4203848e-08
-3.9497124e-08
1.4696889e-08
2.6874116e-07
1.1546023e-07
-1.5176096e-07
-3.8350282e-07
1.2794789e-08
1.4392003e-07
-6.441471e-09
-2.2453344e-08
4.9278437e-08
-9.694292e-09
1.0217335e-07
5.3201163e-09
1.8843338e-07
3.6499255e-09
-1.1603147e-08
-2.132657e-07
2.5455097e-07
-5.6950743e-08
7.8659115e-09
4.434982e-08
1.3855197e-07
-3.0546047e-07
1.5622971e-09
4.6306783e-10
-1.8029499e-09
-9.149962e-08
-1.1507872e-08
-4.0526785e-08
-2.2942889e-07
5.897387e-08
-1.495367e-09
-2.6197615e-08
-1.5313278e-10
6.646388e-08
2.870854e-08
-2.1605466e-07
1.7512596e-08
5.8442204e-08
-9.549311e-09
1.0482552e-08
-1.4659913e-07
1.6276636e-07
1.8208276e-08
-9.6027215e-08
-4.3418467e-08
7.952812e-08
1.7976802e-09
-1.4497643e-07
3.6855912e-08
2.2523459e-09
-1.5135852e-08
8.1410656e-07
5.8288283e-08
1.1364869e-09
5.088148e-08
-7.976848e-08
3.0399855e-07
-1.6066453e-08
-4.059811e-08
6.237809e-08
1.2091485e-07
1.4753616e-08
2.0324183e-08
3.2362566e-09
5.0855295e-08
5.7199053e-08
-3.8108877e-07
-1.8189686e-08
4.3441286e-09
-6.2505295e-10
-1.7065804e-07
1.6091025e-08
-1.6443891e-11
1.7717383e-11
6.8385204e-09
1.9043668e-07
-3.6519836e-08
-1.0287485e-09
1.8983187e-08
-1.18949664e-07
1.0357467e-07
1.6213054e-08
1.0618189e-08
-3.5098793e-08
-1.5371651e-07
-7.121196e-08
1.5741415e-09
-6.354847e-08
1.6836492e-07
9.993178e-07
4.8778098e-08
-5.8164037e-08
-1.2098056e-08
3.532456e-08
4.8747953e-08
-5.7762275e-09
-2.537607e-08
2.6026411e-08
5.612116e-09
-1.719511e-08
-2.9964646e-08
-2.0075207e-08
9.287918e-10
-2.9305625e-08
4.2232912e-07
-4.814897e-09
3.2185055e-09
-2.313746e-09
-2.6002388e-08
-8.98678e-08
-4.233234e-09
1.32714995e-08
8.042006e-09
-5.0607525e-08
4.4795776e-08
-1.1786975e-07
-1.6963764e-07
-6.8669087e-10
-2.0666134e-08
2.2284576e-08
4.229046e-08
-6.7849925e-07
5.6516562e-08
-5.7579763e-09
-1.0804335e-08
1.8758701e-08
-1.8963686e-08
-3.6307405e-08
1.5616992e-07
-1.6780395e-07
-1.5932933e-08
-5.8337392e-08
-8.806177e-08
1.6146087e-08
3.3412073e-09
6.020447e-08
-1.6615716e-07
-1.5768451e-08
3.141771e-08
-2.7684843e-08
4.0726147e-09
-7.973367e-09
-1.1604888e-07
6.189765e-09
7.284459e-09
-2.1020512e-08
-2.5990529e-08
-3.6275278e-08
-5.3608313e-09
-3.378082e-08
1.4858018e-08
-1.337005e-08
-1.7245316e-09
-1.6675415e-07
-1.7088287e-09
-3.1560518e-07
-2.1679798e-08
-6.9591186e-09
1.9988079e-08
2.2632987e-06
-3.457257e-08
4.740545e-08
-6.4347283e-09
3.820155e-09
-1.6079598e-08
5.511815e-08
3.935999e-08
-1.2818044e-08
3.521646e-08
-3.5514875e-09
-4.8642205e-11
1.01865076e-07
1.0096047e-08
-5.1337734e-09
-9.200328e-09
-1.1667824e-08
-5.3278114e-07
4.46266e-08
-1.954521e-08
-7.789562e-09
1.3271928e-07
9.75657e-08
-3.7079747e-08
-1.3274921e-07
2.645429e-09
1.4031999e-08
-7.606921e-08
3.7173514e-08
-5.6603046e-08
-1.9210236e-09
-1.1634135e-07
-1.1173972e-07
8.959161e-08
2.785538e-07
-1.7014009e-09
4.624424e-08
-4.3963726e-07
-5.216226e-08
-4.2432027e-09
-8.724632e-08
-1.02783915e-08
2.2664203e-07
-2.3608503e-07
1.39424685e-08
-9.8814496e-08
6.71872e-08
-2.5170522e-07
1.3362934e-07
-3.9713886e-08
2.0576041e-07
2.4670106e-07
-3.667695e-07
2.6463925e-10
5.3307975e-08
4.5497526e-09
6.0200875e-08
-1.5625966e-10
-5.3220656e-10
2.9828918e-08
-3.1024058e-07
-6.0106253e-09
7.873269e-09
-1.2112449e-07
8.8398977e-10
6.0220367e-07
4.3353026e-08
-1.4010209e-09
4.855699e-08
3.1987528e-09
4.633715e-13
-2.312633e-12
-4.8730714e-10
-3.483478e-09
-2.2679595e-07
2.8770938e-07
1.2206147e-10
7.102563e-09
-8.53246e-09
-4.0296052e-07
-4.2883975e-08
8.140902e-10
-1.192271e-08
-7.599648e-08
-1.628191e-07
-2.3952857e-08
5.6135616e-09
1.803476e-07
2.8848227e-08
1.2080888e-07
4.553848e-09
-3.7925274e-11
6.38668e-08
-1.17137574e-07
-1.0317528e-08
-6.766987e-08
7.827315e-08
-2.2601449e-07
2.6965823e-09
-1.4039584e-07
-4.1019398e-08
2.4377947e-08
1.0466263e-07
1.8992233e-07
1.6301744e-08
-1.543646e-08
2.3332227e-08
-1.9470046e-09
-2.8868435e-08
4.166763e-08
-3.5676834e-07
-1.8161552e-09
7.3529685e-09
-4.5325283e-08
-1.461731e-07
7.193865e-08
2.9053553e-09
2.3761196e-08
3.0264733e-08
2.9377462e-08
-5.210585e-09
7.068753e-08
3.4261802e-08
1.9001298e-09
-7.992037e-08
-3.287625e-09
-2.1946893e-10
-5.4223896e-08
2.3971676e-08
-3.347459e-08
-7.672897e-08
1.5616907e-08
1.3834911e-07
-1.08740046e-07
-9.666162e-08
-2.487657e-08
-6.974867e-10
1.4442145e-07
1.3376555e-08
4.9200864e-08
-2.8649305e-10
-2.7183331e-08
-2.1220791e-07
-1.0409294e-08
1.9204416e-08
5.6761515e-08
1.9266325e-08
-8.1753415e-10
-8.048549e-09
-3.1395217e-07
-7.090306e-08
5.6017717e-07
-4.716295e-08
4.770728e-08
2.6720627e-08
-2.1481075e-08
5.8868928e-08
-2.4930221e-08
-2.558478e-10
2.2718332e-08
-7.987212e-08
-1.8735454e-07
1.6852442e-09
-1.3886188e-07
-1.5568547e-07
1.3071853e-07
2.788963e-08
-1.0491307e-07
1.8344291e-08
-1.7111965e-07
-2.8116727e-08
8.763987e-08
-1.01544675e-08
-2.1780363e-07
2.8083125e-09
9.165344e-09
-2.0963165e-09
8.2784185e-10
1.4337e-07
-4.8079386e-08
3.3504614e-07
1.1160544e-07
2.4802965e-08
1.3012307e-08
7.8247e-09
-1.6458784e-09
-5.1661786e-08
-4.08671e-08
-1.3671306e-07
8.414894e-08
1.0440365e-07
5.3555965e-11
-1.4047892e-08
1.6999341e-07
2.7728836e-07
-3.1852878e-08
-4.9602033e-08
-6.695484e-09
-2.8699264e-07
-7.048472e-08
-1.6169091e-08
-3.221484e-08
7.231202e-09
-1.9299802e-07
1.4041495e-07
-1.540756e-07
-6.131933e-08
-2.9429186e-08
6.0398655e-09
1.9609415e-08
-1.1480917e-07
-1.0339727e-07
-3.802087e-09
-1.1890977e-07
-9.268303e-10
1.3309793e-09
3.1987796e-08
-2.0920554e-08
3.074304e-08
7.644424e-08
-1.5755255e-08
1.5088677e-08
-1.2655565e-09
-4.1091926e-08
-2.1667136e-08
5.322659e-08
5.509655e-09
8.05222e-09
-1.6659045e-09
7.1265234e-09
-7.175495e-08
-1.1176024e-07
1.658799e-08
6.05086e-08
-4.071118e-08
-5.5430153e-08
-1.735986e-08
-1.3125127e-07
2.9727358e-08
-1.0855271e-07
-2.9221005e-07
-1.8385993e-08
3.9977415e-08
-3.6986175e-11
1.2975558e-07
-1.897448e-08
-4.544896e-09
-3.8696925e-08
1.266655e-08
-3.0530794e-07
-7.215905e-09
-1.8805638e-08
6.920489e-09
-2.642647e-07
-3.2657077e-10
-4.4593795e-09
-3.1927176e-08
9.046636e-08
1.6000186e-07
1.471553e-08
-3.394316e-08
-2.1684393e-08
4.0686768e-07
1.1942901e-08
-1.22876616e-08
1.3703166e-07
2.8395036e-08
7.0860064e-09
-1.6717147e-08
2.0371282e-09
6.2986416e-08
1.4633272e-07
9.4242054e-08
2.4423767e-07
-8.222891e-08
-3.551628e-08
3.202165e-08
3.8631224e-08
-7.0859922e-09
2.9883747e-09
-1.20237225e-08
1.0619728e-07
2.7183036e-09
6.223527e-10
2.858819e-09
3.85779e-09
-1.0822476e-10
7.9294146e-08
-1.1776772e-08
-2.1523787e-09
1.0213013e-08
6.678368e-08
1.6368558e-08
-5.824021e-07
-9.989266e-08
7.798253e-08
9.928244e-10
1.2788873e-07
-1.8145542e-08
-5.602853e-07
4.1538797e-08
-1.618853e-08
-1.2636487e-07
-2.485821e-07
-1.0091038e-07
5.3433787e-08
-1.0395343e-07
-1.676616e-08
-7.625262e-09
-2.567087e-07
4.5020787e-09
2.8877908e-10
2.4749069e-08
7.801082e-08
-4.136773e-08
-2.6475974e-10
-1.2266409e-08
-3.6075054e-08
-7.442439e-10
-1.7132137e-08
1.12316755e-07
-9.581744e-08
-1.5978115e-08
-5.2569327e-08
-1.5067995e-07
1.3224597e-08
1.9363446e-09
-4.67121e-09
-1.0089038e-08
-2.4645043e-08
-1.1936882e-07
2.0051202e-08
-6.1194476e-09
1.2214335e-07
8.4428144e-09
-7.585209e-08
1.6292654e-07
9.352429e-08
-1.2688304e-07
-6.979687e-08
-5.8896774e-08
-5.1725745e-08
1.4739847e-07
3.0087102e-10
3.7166566e-07
1.6559177e-08
1.05593074e-07
5.1587634e-08
-9.552046e-10
-8.820773e-08
-4.2056634e-09
9.682713e-09
-7.2807225e-08
-2.001567e-07
-4.14528e-08
-1.0810354e-08
6.013462e-08
-9.171632e-09
2.1658433e-08
7.5469256e-07
-2.5803708e-08
-8.158172e-08
-3.0243044e-08
3.361284e-08
-2.0141131e-08
-1.3529527e-08
-5.1604485e-07
-3.1270397e-07
2.2804505e-08
-3.848779e-08
2.2754922e-08
-1.2374943e-07
-1.2253494e-08
7.568582e-09
1.1000801e-08
2.210618e-07
7.528149e-08
-1.5401043e-09
-1.7723067e-07
-4.797809e-08
1.624894e-10
1.2196959e-07
-6.879119e-08
-1.6111831e-07
1.6840243e-08
-2.7650944e-07
-2.8418771e-08
-1.7275692e-08
1.2538294e-07
-1.056352e-07
-5.791547e-07
-2.0564621e-09
5.6299325e-09
1.7310047e-09
3.6793537e-08
-2.0883064e-09
-2.6421983e-08
3.4395793e-08
-1.24369315e-08
2.8925504e-08
-1.3089422e-09
-7.1540455e-08
1.0087977e-08
1.7260284e-08
-9.049602e-08
-5.5133587e-10
1.1306547e-08
-1.6484202e-07
-5.914429e-08
-4.0623127e-09
2.7322824e-07
1.0444656e-08
1.3260059e-08
4.7655305e-08
1.5224583e-09
-1.2044437e-07
3.881407e-08
6.5290386e-08
1.579956e-07
-1.14928675e-07
2.9791106e-08
1.1298111e-07
9.866306e-08
-2.6770084e-12
1.5334683e-08
-6.0413594e-09
-1.2438707e-09
4.834944e-09
3.8201344e-09
2.9989564e-09
-1.7808024e-08
2.0032096e-09
-1.4208712e-10
6.9825035e-08
4.167502e-07
-1.00639e-08
-1.9216479e-07
3.6637843e-08
8.2378193e-10
-2.104903e-08
7.983203e-09
-6.3726745e-08
1.02337424e-07
-1.7622487e-08
2.0688352e-08
-3.6486762e-07
4.426233e-08
-2.2262324e-07
-1.616077e-07
1.9034671e-07
-1.7861774e-07
-6.3107874e-10
3.692365e-08
1.2202926e-07
2.222444e-08
1.0541635e-08
1.1038372e-08
-9.687069e-08
-1.432451e-08
6.5085493e-09
1.6996812e-09
6.846076e-10
7.001368e-09
-5.283732e-09
-3.3020268e-07
-5.2716644e-09
1.493979e-08
-1.6281164e-10
2.6384763e-09
-6.581363e-08
-2.0439965e-09
-9.444224e-08
1.5347158e-08
1.9389149e-10
-3.0897876e-08
-3.7829858e-07
-8.726886e-08
-1.331343e-07
1.4864074e-09
-8.095057e-08
-1.8007592e-07
4.626386e-08
-6.7578547e-09
1.6278775e-09
1.4165349e-07
-3.4576764e-09
-2.9354164e-10
-1.887796e-10
-3.8167314e-09
1.4106943e-08
1.157351e-08
1.1911179e-07
-9.810224e-08
-1.0129661e-08
-7.912139e-09
-1.5513947e-08
-2.2763581e-08
-7.915351e-08
3.460278e-09
-8.1137166e-08
-2.1017792e-09
2.7192828e-08
-2.4448267e-08
8.5669996e-08
-2.0480972e-07
2.330666e-11
3.5376978e-08
6.154144e-07
-3.715696e-07
-3.1528586e-08
4.3661668e-08
1.4335227e-08
6.429901e-09
5.044815e-08
2.0191857e-08
-4.7751996e-08
-7.883166e-09
-3.4088472e-08
-1.2860511e-08
1.3058522e-08
-1.4403902e-07
8.8703075e-08
6.9839835e-08
6.149949e-08
-1.5930509e-07
3.8505004e-08
-1.9556579e-08
2.2955343e-08
2.4610028e-08
-2.0014268e-08
-4.525975e-08
-1.063827e-07
-1.2157875e-07
4.627117e-10
-8.448061e-08
3.5328092e-08
2.1959018e-08
3.1093683e-09
3.217692e-08
5.3146774e-08
-3.7339987e-07
-1.4808259e-07
-3.878615e-09
-1.6001576e-10
8.88294e-09
3.480114e-10
-1.6710827e-08
2.7384257e-09
-2.500943e-08
3.172716e-08
-4.2263605e-07
-3.1038297e-08
-2.352896e-07
-2.5072464e-07
-9.260787e-08
8.3525705e-08
-1.6383257e-08
5.947671e-09
-6.991176e-09
-6.4535315e-09
1.4294251e-07
-2.5311995e-09
-3.5336562e-08
8.114229e-08
-3.3286778e-07
7.194636e-08
2.2393891e-08
4.3070057e-07
-1.6107792e-08
-1.3262611e-07
-7.696277e-08
-2.3054096e-07
3.877751e-08
-1.4508392e-07
-1.9074287e-08
3.3908027e-08
-1.595062e-07
-1.0262526e-08
2.195876e-08
4.4341095e-09
1.43167735e-08
1.2029627e-08
1.5392198e-08
1.1217465e-07
-8.9401e-09
-1.1137657e-07
7.688048e-08
-1.0956018e-08
-4.284297e-09
-4.1551584e-07
-4.6494666e-09
-3.9549402e-08
1.1537929e-07
1.18165914e-07
-1.0767454e-08
-7.1319324e-09
-4.517697e-09
-1.2845528e-07
-2.7038478e-08
2.6562434e-08
-2.5916785e-08
-2.8067655e-09
5.949447e-08
-8.96527e-09
6.048587e-08
-2.593876e-07
1.07244034e-07
8.25356e-08
8.059273e-08
-6.378837e-10
3.4483794e-08
5.447166e-08
-5.149e-09
-3.0893226e-08
1.0009103e-07
-3.2795975e-09
3.0864957e-08
6.50932e-08
-1.12041505e-07
-7.3357187e-09
-1.1527068e-08
5.1878843e-08
-2.021374e-08
-5.538853e-08
1.10686564e-07
5.1675226e-08
1.14008564e-07
1.5551388e-08
-4.9655192e-08
-7.1761193e-09
-4.7438295e-08
2.2539487e-08
-2.2587216e-08
2.7966746e-07
-2.1347804e-08
-1.154395e-08
-3.375161e-08
-5.196912e-08
-1.5539307e-07
-3.8405794e-08
-7.254546e-08
-6.496907e-08
-3.2172255e-07
-6.136822e-09
-2.7350687e-08
-8.62969e-09
9.321725e-08
-2.182273e-08
1.1146596e-10
1.9656024e-08
-9.343843e-08
-6.0206006e-08
-6.020984e-07
1.0408656e-07
1.2789831e-08
-5.984974e-08
-3.8779525e-08
-3.8292402e-08
1.4186683e-07
-1.1408846e-07
1.3681484e-08
-1.8191981e-08
3.1240962e-08
7.0357953e-07
-3.940045e-09
-1.934052e-07
1.438116e-07
1.5798578e-07
1.9557246e-08
-1.33499665e-08
-3.8689016e-09
2.2565187e-08
-1.0039101e-09
-8.8443386e-10
5.4100934e-08
5.995783e-08
1.0141481e-07
2.232406e-08
2.7187265e-11
-4.4952294e-08
-7.016283e-08
-3.8323957e-08
2.0424018e-08
1.2363041e-07
-1.07816405e-07
2.3085754e-07
-3.6387957e-09
2.1829754e-08
6.676465e-08
1.3410019e-08
-4.8929474e-09
-4.525207e-09
5.1876164e-08
3.0557674e-09
8.9108854e-10
-6.042616e-08
-3.3153608e-08
-2.5573389e-08
1.1293754e-07
5.5883402e-11
2.3715387e-07
-1.7143973e-08
1.4794203e-08
-6.6343e-08
-1.4743671e-07
9.2061896e-08
1.0760462e-07
-2.777684e-09
-1.023177e-08
9.724078e-08
-4.2518145e-09
3.76442e-10
-4.817094e-08
8.259194e-08
1.6223393e-07
2.3470644e-08
-5.9569217e-08
-1.6987356e-08
-1.8561474e-07
1.0217247e-09
-2.879284e-09
1.1956427e-08
-3.8649574e-08
1.5724995e-09
-2.555571e-08
2.622463e-07
-1.1645979e-07
1.1610891e-07
1.1014054e-07
-7.69956e-11
-9.80268e-09
-5.588109e-08
-5.0921867e-09
-5.856444e-08
5.326261e-09
7.836032e-09
-2.0095149e-07
6.431635e-09
-1.7978651e-08
8.43059e-08
-3.9291876e-08
1.1271622e-08
-1.434994e-07
-2.2446024e-07
3.1827284e-08
-1.07481654e-07
-1.7979418e-07
4.499605e-09
-6.593259e-08
-9.68806e-09
7.26619e-09
1.4337136e-10
6.231896e-09
2.2829292e-08
5.3910716e-09
1.6691326e-08
-8.690758e-08
-5.3801554e-09
9.848898e-09
1.2072065e-08
1.6649585e-07
-3.2621887e-09
8.401826e-08
1.44509755e-08
8.442928e-08
-3.436381e-08
-6.2901764e-09
1.1238546e-08
-1.4000292e-08
-4.886997e-09
2.5086524e-07
8.441777e-09
2.4927584e-07
3.224392e-08
-1.3162725e-08
5.3978937e-08
-2.7894642e-09
-2.1401517e-08
7.2988806e-09
-2.594206e-08
7.80902e-08
-1.6712903e-07
1.22110615e-08
-9.899218e-08
-2.5616492e-07
6.11652e-08
3.8841748e-08
-7.303016e-08
-3.6909373e-09
2.3523903e-08
-1.6524448e-09
-5.7540466e-09
2.0686366e-07
-6.170736e-10
-1.7724904e-07
-1.1931894e-08
-7.919068e-09
2.4281523e-08
-4.1656945e-10
1.503052e-08
-2.4855956e-08
2.1432534e-07
-3.1896107e-08
-4.1612378e-08
1.6064238e-08
-1.9874284e-08
-1.17312915e-08
-2.726211e-07
3.9194292e-10
3.594261e-08
-5.443126e-09
1.9025575e-07
1.04242915e-07
-4.991628e-10
-6.0905077e-09
1.3243177e-09
-6.0206484e-10
-1.17147025e-07
-2.1835089e-07
1.8367485e-09
-3.618106e-07
-6.040074e-08
3.996054e-08
-2.288179e-07
1.4933693e-07
8.1794425e-08
-2.2991171e-09
3.970564e-08
1.2168363e-07
-2.5905104e-08
3.6558887e-07
8.080996e-08
-1.2896664e-08
2.2526348e-07
2.4815128e-07
-2.3855023e-07
2.571125e-07
8.092144e-08
3.282741e-07
-1.0331438e-08
7.858414e-09
-4.8587385e-08
5.1392334e-07
1.3242027e-07
-1.2557967e-07
-6.0535643e-09
-2.7956009e-08
3.6140773e-09
8.022849e-09
7.43983e-08
2.3583134e-08
-1.8198865e-10
1.0228442e-07
1.134398e-08
2.046443e-08
-6.8377064e-09
-3.593545e-08
-1.1021422e-08
-2.2808106e-08
1.6575652e-07
-1.3973828e-07
-1.9838792e-07
-1.725389e-07
-8.596573e-09
6.347102e-08
5.3581452e-08
1.615597e-07
-7.313305e-08
-1.2219271e-09
-6.2809073e-09
-4.2783835e-08
1.1828363e-07
-2.515371e-07
7.794781e-09
-2.0564867e-07
3.3675374e-07
-2.9838256e-07
-2.1027208e-07
-2.2036218e-07
1.0010409e-08
-2.283327e-10
1.4634418e-07
4.8464486e-08
2.106975e-09
-5.1241165e-07
-4.0308613e-08
2.2052924e-07
-6.8803615e-08
1.4410996e-08
-1.5601915e-07
1.5143686e-07
5.5568175e-11
-3.104563e-08
-1.7858437e-08
-2.4851323e-07
-1.1869096e-08
-2.6232252e-07
3.2038635e-08
2.3570541e-07
-4.467296e-08
-5.0730957e-09
-1.231909e-07
-1.9244801e-07
-7.845093e-09
2.9194652e-07
4.6157727e-09
-4.243147e-08
-2.9087397e-08
-1.2002764e-10
1.7226963e-08
1.2883058e-07
4.8065294e-09
7.3824985e-08
-5.202212e-09
-1.8695827e-08
2.1592086e-08
9.769441e-08
2.1236142e-08
-9.788026e-08
2.843975e-08
-1.3276399e-07
8.950553e-08
2.8768912e-10
1.4770019e-09
-3.1263163e-14
-8.71816e-08
1.1392027e-07
-3.062967e-09
-6.134005e-08
-1.4978733e-07
6.285687e-10
-1.4553913e-08
6.038865e-08
-3.3184417e-08
-5.507496e-08
1.5089485e-09
6.5714886e-08
5.0658542e-08
2.0191105e-07
1.8367544e-07
-4.7906713e-08
-4.482517e-08
2.3909783e-09
-2.4193852e-11
-2.8350644e-07
-9.895152e-08
-1.1927841e-07
1.1527247e-07
3.2185838e-09
3.407751e-08
-1.7212558e-07
-4.884297e-08
1.6206746e-08
-1.5032448e-07
3.4456036e-08
-1.899755e-08
2.2849999e-07
1.4757507e-07
-7.6017315e-08
-4.5129998e-09
-1.3916601e-08
1.4081198e-08
8.011284e-09
4.8651356e-07
-2.194893e-07
-3.6752255e-08
6.1599e-08
-1.0631072e-07
1.0424553e-07
-1.7111094e-09
1.02033e-07
-5.6259295e-09
-7.717616e-08
4.3432227e-09
3.724486e-09
1.2030683e-08
7.114317e-08
-2.142892e-08
2.6354223e-07
4.1929145e-09
2.0865016e-08
-9.299537e-10
-4.9903743e-09
-1.2769951e-07
8.866882e-08
-3.5476538e-07
-1.070562e-09
2.6134632e-07
5.8711613e-09
1.2827525e-08
-2.8601898e-08
-4.0796472e-08
-2.8944524e-07
5.7947003e-09
-1.0063642e-08
7.114304e-08
-1.187614e-07
1.5282516e-09
-5.014829e-08
-1.46670756e-08
2.309481e-08
-2.2564313e-09
1.7045046e-07
-3.0135363e-11
1.048065e-07
2.1390164e-07
-2.152961e-08
4.0604373e-09
-3.1513007e-08
1.8704403e-08
-2.1742089e-08
-1.977293e-07
8.8917096e-10
-3.838573e-08
-5.1026183e-09
2.8517562e-09
-1.5781548e-07
-6.840493e-08
1.2193838e-07
7.915173e-08
-2.426571e-08
-9.96106e-09
2.1872275e-09
2.6217318e-08
2.3191584e-08
-4.722899e-10
1.1673248e-08
-2.1935729e-09
4.2383896e-09
4.192099e-08
-3.4359184e-07
1.0761958e-07
2.0809641e-07
1.8630445e-08
3.3117324e-08
-2.4880945e-08
5.951461e-08
-1.6147528e-08
1.44449155e-08
-6.572254e-08
2.3505967e-08
9.953229e-07
4.5905445e-08
-1.3473317e-07
1.18388535e-08
-3.2716696e-09
-1.6378354e-07
-1.997691e-08
5.4970574e-08
-1.1013547e-08
5.047205e-08
-2.844882e-09
-7.22237e-08
6.392478e-09
1.5286854e-08
1.6178147e-08
2.7018539e-09
3.502714e-07
7.013844e-08
8.954701e-08
-1.170794e-07
1.4748012e-07
5.7196194e-09
-1.3394557e-08
-2.3566137e-07
1.2837396e-07
-7.2791906e-09
1.2405043e-07
2.9904804e-08
4.132853e-10
-6.2650464e-08
-1.6976715e-08
-8.268462e-08
8.404857e-09
6.4063386e-08
-1.3130525e-08
7.123844e-07
7.800484e-08
-1.729339e-08
7.860281e-08
6.663582e-08
3.3126742e-08
2.5613926e-07
-8.649851e-08
6.630073e-07
-9.1995155e-08
-2.6102818e-08
-2.9832766e-08
1.6131006e-08
2.8456668e-08
4.8515346e-08
2.1403938e-08
-2.7118887e-08
-3.359018e-08
5.9599543e-09
-8.9122594e-08
-5.21009e-09
1.732285e-07
-3.3051497e-09
3.1350293e-09
1.9724542e-08
-3.9676192e-07
1.0292766e-06
-4.7093033e-07
-1.576519e-08
9.561759e-10
-5.920615e-09
-7.5691964e-10
-3.3637058e-08
-1.11047854e-07
-8.434321e-08
-7.0605005e-08
3.2975675e-12
3.4015852e-07
-2.6293344e-07
5.148678e-07
-1.0859194e-07
-7.564968e-09
-1.15594155e-07
-3.415634e-12
3.6034062e-09
8.401853e-08
6.358159e-08
-7.912245e-08
4.20101e-08
-1.4294943e-07
-3.8408302e-08
-5.221486e-09
-6.25787e-09
-6.2948203e-07
-1.5129688e-08
-1.1359843e-07
-1.1496045e-07
1.2994815e-07
-4.1122615e-08
-1.03937285e-08
-2.9633568e-07
1.1741243e-08
6.356132e-08
2.3653588e-08
5.3772357e-08
-1.4561345e-09
-1.3388029e-07
-5.688536e-08
-5.0205857e-09
-2.744222e-09
-5.4720523e-08
5.923806e-11
2.1833094e-11
-4.9198263e-09
-1.3402395e-08
6.582997e-08
3.3033213e-08
1.010909e-10
-2.3205727e-07
4.394578e-09
6.0403984e-08
-9.089625e-08
1.1739575e-09
2.7645473e-09
2.8959727e-08
-5.0035414e-08
-5.7441707e-08
-3.0579275e-07
2.5801194e-08
2.2152526e-10
2.8788731e-08
-1.4981028e-07
1.5156015e-08
5.88152e-08
3.6284453e-09
-5.7123515e-08
-1.4000174e-08
1.3179978e-08
1.8374881e-07
-4.6491415e-08
-1.116634e-07
4.2925674e-08
2.2429592e-08
-3.931282e-08
-6.030007e-08
-1.5256883e-07
-4.6119798e-08
-1.1173369e-07
-2.418277e-08
8.646306e-08
2.5462898e-08
-3.1383505e-07
-6.000986e-09
-2.1629262e-07
1.980311e-07
2.2888738e-08
-1.3652127e-09
-2.8831101e-08
2.3925095e-10
-7.4649456e-08
2.3912193e-08
7.169473e-08
-7.251984e-09
-5.17897e-09
1.8768388e-07
-1.1918264e-07
2.4747834e-08
-8.9366495e-08
-2.2859787e-09
2.5859972e-09
-7.839721e-08
-7.718197e-08
3.8751025e-08
-7.952483e-08
-2.857352e-07
5.021419e-09
6.5674605e-08
-1.18387105e-08
7.3250845e-08
-5.3075045e-08
6.878233e-08
2.5219887e-10
-5.703747e-09
-2.755485e-08
-6.5759176e-09
2.21007e-07
-1.2412152e-10
5.5486378e-08
-5.037791e-09
3.1622744e-08
-6.0012777e-09
-1.1716182e-07
6.0570393e-09
-1.0303953e-07
-4.2659835e-08
6.1689356e-08
-3.8803222e-08
9.292474e-08
-1.1633232e-07
-1.834195e-09
2.743397e-08
-8.707062e-08
-1.2820439e-07
3.950357e-09
3.660339e-08
-1.3733452e-07
-1.0613615e-07
-9.835031e-09
-1.0623379e-11
-1.1107057e-07
8.8043556e-08
2.4905046e-07
1.2056431e-08
-5.5913528e-08
-2.162181e-08
4.3504176e-08
2.3115014e-07
1.11544274e-07
9.058639e-08
4.009302e-08
-1.0368903e-08
-6.5479476e-08
1.6778026e-07
3.0350254e-08
-7.3743206e-10
-4.5213877e-09
-2.2575844e-07
2.41568e-08
-4.984809e-08
-3.0405338e-09
8.5343205e-10
6.021188e-08
1.065898e-07
-8.1090804e-13
-5.734806e-11
-2.35876e-08
-7.171089e-09
6.043585e-08
-5.836418e-08
-2.295984e-07
-1.3063937e-08
-6.743102e-08
1.07670864e-07
3.036823e-08
5.1815007e-08
9.479091e-09
-3.3856352e-08
-1.5846771e-07
-3.521894e-07
3.2315654e-07
-5.218325e-07
-1.4323712e-07
-3.670331e-07
2.783523e-08
3.5169297e-08
1.1043273e-09
-9.031822e-09
-4.937778e-09
1.8520092e-07
7.517828e-08
-1.4768987e-08
-7.3473463e-09
6.0504064e-08
-7.646486e-10
-2.3183595e-09
7.6963425e-10
1.7803494e-08
1.2215361e-08
-1.0887361e-08
-2.8126399e-08
-4.820449e-09
1.4418674e-07
1.1953595e-07
3.393749e-08
-8.147977e-08
-5.6288045e-09
4.7341878e-08
1.682767e-08
-1.6734278e-09
-2.5811513e-09
-2.0095698e-07
3.228034e-07
-3.9557875e-08
7.9778516e-07
-1.6563945e-08
7.456433e-08
2.3201048e-08
-1.9557788e-07
3.043173e-08
-5.392014e-08
-3.0945338e-07
3.5908112e-08
-2.1533136e-08
1.4154087e-08
1.17070435e-07
-1.9701211e-08
9.606882e-08
2.8500347e-10
-1.8087826e-07
-1.8977977e-08
9.0547845e-09
-6.2075536e-08
1.5169916e-12
3.058712e-08
-4.6134552e-08
-4.5181917e-08
6.136185e-08
-3.2029544e-07
-7.2291044e-08
-3.343379e-08
-1.0872878e-07
-1.01422756e-07
-7.5046614e-08
-9.303703e-09
-8.815064e-10
-3.1536285e-09
5.513056e-09
-3.8920323e-08
9.651566e-10
-6.5117774e-08
1.7913639e-07
-2.0336048e-09
-8.883728e-08
2.3434504e-10
-6.095829e-09
2.8839568e-07
1.310017e-08
-2.7875267e-08
-2.8593493e-07
2.6375028e-08
1.3757831e-07
-1.515798e-08
-2.1239707e-08
-3.2218563e-07
2.184643e-10
-8.231662e-08
6.158585e-08
-3.8703945e-08
-1.0607193e-07
-6.546748e-09
2.5743515e-07
-2.316425e-07
-4.0601506e-08
5.6605703e-08
-3.4168918e-10
5.224983e-08
2.9894122e-07
1.4044456e-07
-2.0465464e-07
-3.0576953e-08
-9.278338e-09
-3.4447112e-08
1.0733334e-09
-1.0104215e-08
-4.9241535e-09
-4.562347e-08
2.421289e-08
1.3756969e-07
5.560761e-10
1.0318165e-07
-6.005703e-09
9.985689e-08
4.88323e-10
4.2503174e-08
-8.343511e-08
1.082361e-08
3.109599e-08
-2.8745992e-08
7.983704e-08
1.0999516e-08
4.6854421e-07
-1.0355786e-09
-4.330462e-09
-3.8409727e-08
-4.1364103e-09
-2.948092e-08
-1.2908215e-08
-1.4972237e-08
-5.1743343e-09
1.48083625e-08
-9.486887e-08
1.3391896e-08
4.7907497e-07
-2.3350397e-09
-2.918453e-07
-5.142252e-09
3.2403392e-08
-1.82115e-07
-3.422356e-08
-4.3972275e-08
-8.95028e-09
1.4522915e-07
-8.607454e-08
5.6079166e-08
1.6021234e-07
-5.17076e-07
-2.7394464e-07
8.215123e-09
9.0178965e-08
-4.6646633e-09
4.9201226e-08
-2.7142868e-08
-3.6957175e-08
6.2305287e-07
2.390276e-07
-1.2693333e-07
3.608716e-09
-4.0017127e-08
-1.8684929e-07
-3.128832e-08
-6.538379e-08
1.2310694e-08
-2.1475925e-08
-3.8075717e-07
-1.10731186e-07
3.3374715e-08
1.7954456e-08
3.7864208e-08
2.345115e-08
-2.4760655e-07
2.570819e-09
-2.4786445e-08
6.393038e-08
4.0365233e-08
1.1187064e-07
7.91728e-09
-5.0964788e-11
2.1488704e-08
-1.2929543e-08
8.634182e-09
-5.908763e-10
7.922394e-08
-2.452615e-09
-3.6071898e-10
5.0505157e-08
3.2334857e-09
1.05924826e-07
-2.8038373e-08
-2.2541873e-09
-4.9123617e-08
-2.1187142e-07
3.5246157e-09
-3.102824e-08
1.0637112e-07
6.3251534e-08
-6.9222716e-09
-1.3060546e-08
-1.6909818e-09
-6.841693e-08
1.12819265e-07
1.9166117e-07
7.3154084e-08
-4.4882453e-09
-1.9021515e-09
-1.9866497e-09
1.1852533e-07
3.80224e-08
5.2549105e-08
-2.5360333e-08
2.5642097e-09
4.9208055e-08
-9.0671784e-07
-2.548596e-08
1.18240045e-07
1.01413434e-07
-1.8886351e-07
2.729656e-07
1.9561176e-08
1.9720265e-08
-8.27951e-09
9.7606385e-09
1.949321e-08
2.2944224e-07
1.4840673e-07
3.800352e-08
9.420176e-09
4.7042718e-08
-3.0238102e-08
-5.817706e-10
-2.299487e-08
4.2173987e-08
8.589707e-09
-1.967346e-08
-6.264662e-09
2.0817075e-07
6.265397e-10
-8.2136424e-08
-5.3594067e-09
1.0137257e-07
-6.558162e-08
-7.779136e-09
-3.8037495e-08
-1.5578767e-07
-1.6242357e-08
2.4240413e-07
3.3038972e-08
8.150141e-09
7.915338e-08
9.381258e-08
2.0060617e-07
-2.0075053e-09
-1.5123662e-07
-1.2327539e-09
-2.471628e-10
4.5877023e-08
-1.7838131e-08
-1.3873637e-07
-9.071944e-08
1.6373475e-08
2.4980393e-08
1.0373983e-07
-1.0847626e-08
4.077031e-09
2.4293954e-07
-8.2645535e-10
8.764005e-08
3.589149e-08
1.933766e-10
-3.173125e-08
-4.9336374e-10
-1.2095299e-08
2.2176994e-08
-1.1034733e-08
-4.9924815e-08
-1.5831414e-08
-8.991675e-09
-8.609149e-09
-1.0558602e-07
-2.0207125e-09
-5.560918e-08
1.3450943e-08
5.2443767e-08
-1.0814354e-08
-7.273331e-09
5.5892265e-08
-3.6125734e-09
1.6273964e-09
-2.2254468e-08
2.582662e-07
2.8133329e-07
-2.9926305e-08
-1.4776668e-08
2.4030594e-08
-6.6478e-08
1.6332528e-08
-8.202257e-09
-9.927631e-08
1.3572661e-07
-1.1507564e-07
-6.3959476e-08
1.8078454e-08
2.842612e-08
9.8795425e-09
2.3483207e-07
1.2822935e-08
8.2655145e-09
-1.6796786e-08
1.8939758e-08
6.348652e-08
1.7610931e-08
-7.7864215e-08
-5.785192e-08
1.0452553e-06
1.0810686e-08
-4.4703068e-08
-1.0672348e-08
-5.9533494e-09
-1.24024e-07
2.1154648e-08
1.0162355e-06
2.270114e-08
1.4091744e-07
-6.218718e-08
-1.15339496e-07
-1.5715369e-09
-8.04215e-09
2.179883e-10
1.8837998e-10
1.0936615e-08
3.93253e-09
8.9256766e-08
1.8675178e-07
2.9453857e-09
-2.4822237e-08
2.1498625e-10
1.1166396e-07
3.0041324e-08
1.8087736e-08
-1.2336464e-07
-9.8348316e-08
-8.926189e-08
-1.9017077e-07
-2.1534652e-09
5.431187e-09
1.8603818e-07
1.1748421e-08
2.7637898e-07
1.977385e-08
4.576613e-08
5.902858e-08
-3.1620192e-07
5.835155e-08
3.8444572e-08
2.317006e-08
1.0221606e-08
5.0505754e-08
8.572063e-08
-1.6848757e-09
-1.0570077e-08
1.6731775e-08
-8.875846e-09
7.516505e-08
-2.2883532e-08
5.0847987e-08
-3.5879392e-08
9.50454e-09
-1.7382277e-08
1.5698959e-08
6.8647736e-08
-8.400331e-08
3.007245e-08
2.6686658e-07
1.7729624e-07
-3.331617e-08
-1.0619115e-08
-2.7209955e-08
-1.8734703e-08
-6.118271e-08
2.3157696e-07
-2.333761e-08
-7.9141493e-10
-2.8507048e-07
1.636162e-08
-6.634166e-08
-1.5327161e-07
-7.066862e-08
-1.2286062e-08
6.882828e-09
1.06420885e-07
7.9065293e-10
6.39179e-08
-2.8800318e-07
-5.2646283e-09
-2.467626e-08
6.813514e-09
-3.0634784e-09
4.2560148e-07
-9.352635e-08
3.7220005e-09
-3.466371e-08
1.1127107e-08
1.6575147e-08
-4.248977e-07
9.650882e-08
9.828007e-10
-8.518796e-09
-6.184038e-08
2.7769198e-07
-7.37189e-08
-9.563119e-09
-1.3911546e-07
3.821998e-08
-1.02380675e-07
-3.6469682e-08
1.0580301e-10
-1.9080302e-08
1.8423957e-08
-1.1759983e-07
2.8626528e-07
-5.2796e-07
1.5887636e-07
4.0641208e-08
-9.813512e-08
-8.6226265e-08
8.5621615e-08
-8.603029e-08
-2.0926155e-08
2.4705798e-07
-8.7049074e-08
3.9452665e-08
-2.961146e-08
8.906486e-08
8.458018e-08
3.9209596e-09
-6.292981e-08
-8.6130445e-09
-1.0921532e-07
4.4855348e-08
-1.3438813e-07
6.5411826e-10
3.1910998e-09
1.756608e-09
4.4976442e-08
-1.5466366e-08
-1.2567634e-08
1.0631428e-09
-1.0547815e-07
-6.691726e-08
-7.734547e-08
-2.5468674e-08
6.977803e-09
1.1439825e-08
1.0910145e-08
9.689351e-09
-3.4826982e-08
-2.162702e-09
2.1243777e-08
6.692444e-08
1.01874555e-07
1.1483831e-07
-6.082139e-08
-1.4636116e-08
-4.2611314e-09
9.725393e-08
1.5069872e-08
1.8380997e-07
9.437429e-09
1.5650802e-08
-4.07852e-09
6.543785e-08
2.5830108e-08
8.717954e-09
-2.4412847e-08
8.185689e-09
-5.9487625e-08
-2.7742963e-09
1.4788367e-07
3.5677599e-09
-4.730836e-08
-1.5373791e-08
3.3121333e-07
7.8605375e-08
-4.4944397e-07
1.7028933e-07
-2.6830676e-08
1.0049576e-08
-1.5162409e-07
8.906114e-07
-3.677061e-08
7.406721e-07
-7.097665e-09
1.5529167e-07
-1.5077445e-07
-1.686624e-07
-1.3217607e-07
-6.7146956e-08
6.61367e-08
-4.794096e-08
-3.7226366e-09
1.8606977e-07
-4.4377924e-08
8.093831e-08
1.7891288e-07
-2.3535168e-08
-1.5538874e-06
-1.2506618e-07
8.204938e-10
-8.0560465e-09
1.3573716e-08
7.2164124e-09
9.275038e-08
-5.298533e-10
8.207646e-08
8.418854e-07
3.3516734e-08
7.824207e-09
-1.137777e-07
-2.004342e-09
1.0646747e-08
-1.1360274e-07
5.6500365e-08
1.07914005e-07
-3.410428e-08
9.248893e-08
-5.2843685e-09
-4.1486015e-10
-6.6759543e-07
1.4296166e-08
6.38091e-09
-2.626766e-08
1.8312568e-07
2.6685331e-08
-5.964963e-08
4.3583057e-09
2.8870794e-08
-3.6537745e-08
-7.036025e-08
-3.5529087e-08
-7.733353e-09
1.374908e-07
1.6852307e-10
-2.950081e-08
-6.6673714e-08
5.0102948e-08
-1.7946489e-07
7.247791e-07
-8.772674e-08
-6.0001257e-09
-1.03307926e-07
-6.4194845e-09
-1.0208332e-07
-1.545023e-08
5.3602584e-08
-1.0452821e-08
2.237545e-08
-2.7305092e-09
2.57912e-07
2.2701065e-10
8.2519946e-08
-2.507572e-07
-4.8065956e-09
-1.0822871e-09
-6.710451e-09
1.4583794e-07
-2.7783488e-08
5.092916e-07
-8.318968e-08
-1.5021499e-07
1.4419112e-07
8.097073e-08
2.9264604e-09
8.691244e-10
2.5872069e-08
1.4470114e-08
1.4353105e-08
2.2927836e-07
1.2088105e-08
-1.8500768e-07
2.1803007e-11
3.7746295e-09
-2.0379699e-07
-1.1736158e-06
-3.4625476e-08
2.4595135e-08
-6.554414e-08
2.7971522e-08
-8.044336e-08
1.2433519e-09
-1.3979567e-07
-1.14174036e-07
7.194837e-08
1.1781409e-08
-3.727454e-07
-4.092815e-09
1.8468872e-07
-2.7211899e-08
1.0554636e-08
1.3503973e-08
9.0849595e-10
2.9592797e-09
6.071413e-08
-3.0382353e-08
-2.0815352e-09
4.5748756e-09
5.7200418e-09
-4.4735052e-07
1.1643232e-08
6.465834e-09
-2.1465358e-07
1.93399e-07
-2.2814683e-08
-7.488506e-08
-2.6424296e-08
-2.4446936e-09
5.538614e-08
1.0329405e-07
2.1074412e-08
1.0658872e-08
-5.3320157e-08
7.569866e-09
6.1914946e-08
1.2821193e-09
1.923169e-08
-8.236931e-09
-1.9499154e-08
2.6752929e-09
1.2855802e-08
-1.2332531e-06
6.201923e-10
1.7745496e-08
-4.0635966e-09
2.3467724e-07
1.0555919e-08
1.544852e-07
-1.07700515e-10
8.450673e-09
3.2868877e-07
-3.997611e-09
-2.8150613e-08
-2.6870282e-07
-2.3413488e-10
4.7514476e-08
-1.1841617e-07
-4.959027e-08
-5.5977527e-08
-5.2208776e-10
4.3570676e-08
4.1404917e-08
-3.1525325e-08
8.477017e-08
7.920086e-08
2.4433204e-09
-6.94065e-08
2.576697e-09
2.7071247e-09
-8.060714e-08
7.2183948e-09
2.2915918e-08
-1.8361922e-08
-2.7808557e-07
1.218953e-09
1.5867192e-08
-9.228154e-08
-3.3015894e-07
2.3088434e-08
-1.002401e-07
-4.506315e-07
2.068927e-08
1.7358504e-10
-1.0957629e-08
9.9361595e-09
-3.5715598e-07
3.4210302e-07
-1.454118e-07
3.429667e-10
-7.687337e-09
-1.9076486e-08
5.602661e-07
6.7478084e-08
1.9182164e-07
2.79922e-08
-7.1532114e-08
-6.3236634e-08
1.3998027e-08
3.6106425e-08
9.126438e-11
1.14302004e-07
-2.2864027e-07
5.439029e-08
3.3260413e-08
-4.981004e-09
3.9846903e-08
-1.972921e-07
4.307298e-08
2.2720752e-08
-4.948812e-09
-7.0464052e-09
-3.7753633e-08
-2.6990222e-08
5.080541e-07
-2.5163723e-07
-1.9309146e-08
-3.7788848e-09
-2.9686603e-07
8.177578e-09
2.4023795e-08
-4.236315e-07
8.058716e-09
8.1592646e-08
1.6726761e-07
7.2908413e-09
1.38131035e-08
-2.3327562e-09
-5.4528282e-08
1.0556756e-07
-9.1490016e-08
1.2857414e-07
1.5727696e-08
-1.9901451e-07
-1.6238757e-09
4.8987507e-09
5.0758334e-08
8.993773e-08
5.8041083e-09
-7.272217e-09
-6.241355e-08
-1.7671205e-07
-1.9079565e-09
-2.0134893e-07
2.1678732e-08
-1.4647986e-08
1.5601728e-08
3.8150305e-10
-1.9284233e-08
5.8152216e-10
4.3357524e-08
1.3405383e-07
-1.1391121e-08
2.8808046e-07
7.728661e-09
-2.4028182e-07
-1.0151683e-07
2.7608895e-09
2.712198e-07
1.509182e-08
-1.4227158e-08
-3.430719e-07
-1.32192755e-08
-1.944818e-08
8.862332e-08
1.3123461e-08
-5.276003e-08
4.267421e-08
-1.764679e-08
9.731219e-08
1.2338603e-08
-2.0782116e-09
1.6526602e-09
8.89639e-08
1.2630886e-07
9.190103e-08
5.9951964e-07
2.0545995e-08
-4.065035e-10
-1.5757822e-08
4.4100048e-08
6.322907e-07
1.095118e-07
-3.9180312e-09
-2.1400895e-08
1.150771e-08
7.578502e-09
3.14094e-08
-2.2528293e-09
5.029578e-09
-7.893085e-08
-6.111928e-08
-1.1661004e-07
2.4947262e-08
-5.5443966e-08
-3.2259432e-08
-2.4756037e-08
-1.5710692e-07
1.4745534e-08
-2.9004775e-07
-1.1531005e-06
-1.4480796e-07
-1.1800419e-08
-1.06575065e-07
-4.8162576e-09
-1.16477636e-07
3.705974e-09
-1.2938225e-08
7.169189e-08
7.305238e-11
1.6523527e-08
-1.21182e-09
1.2462226e-07
2.55233e-09
-3.3742193e-08
1.751994e-08
7.095565e-08
7.302654e-08
-3.1667972e-07
-3.8935376e-08
2.214318e-07
-2.5734022e-07
-1.5572674e-08
-3.7086437e-08
-4.8297455e-08
-1.4312895e-08
-9.6810155e-08
-2.6403468e-09
1.8367314e-07
-2.2446538e-07
-9.642932e-09
-5.9651724e-09
1.3927597e-07
-2.3117536e-08
5.414108e-08
-4.9494087e-08
2.0546063e-08
-1.08429035e-07
1.0496922e-07
-8.376512e-09
3.1183997e-10
-6.448328e-07
-7.6948834e-07
8.035365e-08
1.2973296e-08
-1.3813262e-08
-3.0410437e-08
7.954876e-08
-6.864225e-08
1.1119688e-10
-3.4965566e-08
1.5268578e-08
-8.621657e-09
2.591197e-09
3.0293496e-08
2.3161551e-08
-2.4662316e-07
2.6550582e-08
8.404768e-08
2.8890492e-08
1.7923209e-10
1.4202448e-08
-2.7483125e-07
-1.8997893e-08
4.374218e-08
2.5682578e-08
1.5433868e-07
-2.7955664e-08
-4.0115925e-08
-5.8324173e-07
2.6206977e-09
-2.5898335e-09
2.4887316e-11
2.3805495e-07
4.9849437e-08
-3.5663075e-09
8.256454e-08
-1.2701327e-07
-3.2268794e-08
5.970353e-08
-2.9817633e-07
-2.5000684e-08
9.849889e-07
7.60375e-08
-1.6755727e-07
6.886601e-09
-1.9122385e-07
5.662238e-08
-9.621509e-08
2.7418404e-08
-1.4734988e-07
-1.2619434e-08
1.5142696e-08
-2.8692232e-10
1.7926267e-10
9.854681e-09
-8.434368e-11
-7.748583e-09
1.9603603e-09
-2.3438871e-07
2.0131367e-07
-2.3231138e-08
2.3071065e-07
-3.849297e-08
1.6439799e-08
1.4581163e-09
7.0516364e-08
8.514971e-09
-6.099986e-08
9.087379e-08
-1.850796e-09
1.1596153e-07
3.6779136e-07
1.2839616e-09
1.7707288e-07
6.089117e-08
-9.384799e-08
9.005271e-08
6.028275e-08
1.1324651e-07
5.47706e-09
3.3661784e-09
-5.0131973e-08
1.7686324e-07
2.1575917e-09
5.103828e-08
1.0155695e-07
1.0361446e-07
4.227806e-09
-2.6070946e-08
3.4306197e-08
-1.0529689e-10
4.7129888e-07
8.34155e-08
2.0678092e-08
-9.85923e-08
3.5232873e-08
1.29452005e-08
-9.801339e-08
1.6059552e-07
1.5518455e-07
1.229667e-07
-4.7458695e-07
4.869255e-09
1.4636607e-09
2.1689036e-07
-3.3609027e-08
-1.2556205e-07
-3.5407678e-07
7.038548e-09
2.3168043e-09
5.5224877e-08
-4.536366e-08
-4.7340635e-08
7.209679e-09
6.2674504e-10
4.896358e-09
-1.4895483e-07
-8.4045794e-08
3.607576e-08
5.750942e-08
-7.987486e-09
4.535891e-08
8.6670076e-07
-2.1803723e-08
-5.688419e-09
9.791857e-09
-6.2914445e-08
1.4426499e-07
-1.531186e-07
1.5830921e-10
-1.5539348e-08
-6.357265e-08
2.1071115e-08
6.9848106e-08
-2.2353906e-07
-4.2840935e-09
-1.2617528e-08
5.1348312e-09
1.3938858e-08
-5.497807e-08
1.05602105e-08
-2.6351478e-07
-5.8900092e-08
-4.7926073e-07
-1.0919985e-08
-1.0098816e-08
-6.300963e-08
-2.3940162e-08
-2.7108303e-08
2.2346034e-08
7.515738e-08
7.416965e-07
-5.1051515e-08
8.056922e-08
1.0113586e-07
-4.032465e-08
1.3579644e-07
1.2860668e-08
-6.84463e-08
2.302539e-10
-5.4719496e-08
-7.243619e-08
-1.8292202e-07
-5.785735e-08
-1.3016811e-09
-6.2073973e-09
1.04320534e-07
-6.1793635e-08
5.6520136e-08
1.6240058e-07
1.30259465e-08
-1.0179977e-09
4.7149253e-09
-7.848888e-09
9.32959e-08
6.439641e-08
-5.593178e-10
-2.0584494e-09
1.4282201e-08
2.5330515e-08
5.074571e-10
-9.8963e-08
2.2249951e-08
-2.1764475e-07
1.1659339e-07
5.6293814e-08
-1.0326964e-08
4.885881e-09
-2.776249e-07
2.4348138e-08
1.2925423e-08
1.5216945e-07
-9.782868e-09
3.272332e-07
2.765849e-07
-2.7398025e-08
-3.0247918e-08
-2.0028487e-08
-8.5051285e-11
1.5196488e-08
3.0594754e-07
-2.9481666e-07
2.0566427e-08
6.961315e-09
-3.738132e-08
1.35300615e-08
-2.092457e-07
2.3377993e-08
1.3458841e-08
1.2136872e-08
-6.939904e-10
6.0470185e-08
4.0012305e-09
-4.9063713e-09
-7.02176e-08
-1.861877e-07
5.1795714e-09
2.8663418e-08
-1.5576944e-09
-2.551254e-07
5.2598685e-09
4.1429015e-08
1.9248485e-08
5.073541e-08
-1.6314853e-07
-5.858733e-08
-7.3819724e-09
-5.3291174e-08
-1.4191628e-08
1.633371e-07
6.5716996e-09
2.7968905e-08
-4.790034e-10
4.387804e-08
-6.07002e-08
-1.5043796e-08
1.9838886e-09
9.518887e-08
1.1718199e-07
-7.9633146e-08
1.2619312e-09
5.370041e-08
-7.915117e-09
-8.474104e-09
3.0933904e-08
2.0280457e-07
-2.8657698e-09
-2.7038148e-08
4.543898e-07
-1.11131e-08
-3.752188e-09
2.9727116e-07
8.7744716e-08
7.746581e-09
4.4585374e-08
-4.3734286e-08
-8.657202e-08
-3.3201272e-07
8.1301536e-08
-5.4543268e-09
2.945906e-09
1.6781826e-08
-4.4753385e-08
4.957021e-10
-1.7651443e-09
1.8965224e-08
3.779135e-08
1.9468451e-11
-8.87233e-09
1.06147944e-07
1.453606e-08
1.801192e-07
-8.537527e-09
1.4514166e-08
-7.432e-09
-2.5425434e-08
-1.7256241e-09
-2.080246e-09
-1.6057409e-07
1.7362898e-07
-4.458825e-07
5.714054e-09
-4.8711646e-10
1.4797813e-08
-5.312948e-07
-3.6384926e-09
1.9652373e-09
-5.7031418e-08
5.1221498e-08
7.0980754e-08
-4.9491582e-08
-7.594813e-09
5.9881486e-09
-3.766221e-07
2.4183885e-07
-1.9673855e-07
1.8130326e-08
-5.04118e-09
-6.461236e-09
4.6057895e-08
2.3722185e-08
1.5126771e-08
2.4599613e-08
3.7531873e-08
1.8762998e-07
1.37083145e-08
-7.6700495e-08
-1.1403526e-07
-1.6102245e-08
-2.6620846e-09
3.740465e-09
8.1340666e-08
2.5827862e-07
-8.331379e-10
-7.2658885e-08
-3.6142644e-10
-7.636501e-08
-3.5719136e-08
4.162394e-09
1.4625025e-08
1.7313118e-07
-3.0501553e-08
-5.0524087e-09
-9.900226e-09
-5.3678995e-10
2.7611927e-07
-3.93996e-09
-3.923548e-07
8.086116e-09
-2.9398632e-07
-7.627546e-09
2.6262814e-08
-2.5424402e-08
3.7035308e-09
-3.6537486e-08
6.336653e-08
2.9110645e-09
-1.5340504e-08
3.5112688e-08
2.3826658e-08
-4.1904322e-08
-1.2199064e-09
-1.0270172e-08
-5.1553153e-09
-9.718376e-07
-2.5259624e-07
3.991918e-08
4.4800142e-08
1.6520296e-07
-1.6503571e-09
4.9589226e-09
4.3010147e-09
-9.672432e-09
4.920043e-08
3.3430392e-10
-2.2925967e-10
1.3120652e-09
-5.368409e-08
-6.769045e-09
-7.751277e-09
-2.0275092e-08
-5.798472e-09
1.666914e-08
-9.6278285e-08
-2.674165e-09
-6.406212e-08
1.00544e-08
2.7502715e-08
-6.5512715e-09
-4.9996395e-08
9.16264e-08
-1.3678142e-07
9.640919e-09
-1.8492049e-08
6.4964203e-09
8.192294e-09
-2.7900255e-08
-4.9766356e-07
-3.5272045e-08
-2.764522e-09
-7.513145e-08
1.8959565e-07
-2.3340702e-10
1.4877582e-08
3.506066e-08
4.0353818e-08
1.4422899e-08
2.2997256e-08
5.4812976e-09
1.430113e-07
-4.8570357e-08
-4.8941302e-12
-4.098494e-08
1.3543415e-07
2.776837e-08
-3.799809e-09
-5.81102e-09
-1.3951595e-10
2.1275074e-08
1.7579397e-08
3.854541e-09
9.607243e-08
6.1632695e-09
-7.903872e-08
1.4925648e-07
7.4001356e-09
-4.1072358e-08
-4.778128e-09
2.8302216e-07
-1.978078e-07
3.5400898e-09
8.636892e-09
-4.2988724e-08
-2.0258698e-08
1.268006e-08
-3.7643964e-08
3.7076276e-07
-5.37217e-08
1.3375411e-07
2.6599958e-09
1.27735795e-08
-2.88866e-07
5.96759e-08
1.1203534e-07
7.715888e-08
7.273482e-09
-4.045079e-08
-2.4962267e-08
1.6505773e-08
-5.5768204e-08
-9.779184e-09
-1.0943114e-08
2.626991e-10
-5.9395873e-08
-1.6938382e-07
4.623572e-08
-6.358502e-08
-1.0161213e-08
-3.5463665e-09
9.54846e-09
-9.2676044e-07
-2.3038947e-08
-4.354629e-09
8.386295e-09
-4.1826707e-09
2.7311266e-08
6.427884e-08
2.5539194e-08
4.3976633e-10
1.554201e-08
-2.4087385e-09
-1.0055594e-08
-9.294354e-08
2.9346692e-09
3.5172125e-09
4.4069832e-09
-1.0705175e-08
-9.6893324e-08
-1.1675908e-07
9.890055e-09
6.1290926e-08
-8.766193e-08
2.142922e-07
1.8152423e-09
2.8360736e-10
4.0587928e-08
6.289201e-08
-1.4562973e-07
-7.540462e-08
8.86528e-09
-7.882073e-09
-3.0863703e-07
-1.7925561e-08
9.0279215e-08
8.010183e-09
3.9694605e-08
-7.5993995e-08
-1.7747698e-08
-2.1591156e-08
-8.163584e-08
4.642818e-08
1.6417793e-09
3.5890348e-09
2.0966409e-08
-8.465437e-09
1.3143392e-09
4.2443702e-08
-2.9712444e-10
-9.569587e-09
6.9594336e-07
3.0009362e-09
2.7057249e-08
6.002648e-07
9.0896506e-08
-2.2283086e-08
-4.4392756e-08
-1.0579344e-08
6.401165e-08
2.2368802e-08
1.4750695e-09
-5.5452123e-08
3.3403148e-07
6.140408e-07
-2.1479153e-08
1.5094188e-09
-3.274918e-08
3.95973e-08
-5.915762e-09
-6.6225128e-09
4.294205e-08
-1.071547e-10
2.7608087e-07
-1.1096907e-08
2.1618126e-08
9.553717e-09
2.1604993e-08
-8.265103e-08
-8.074241e-09
-1.446889e-07
-6.1475897e-10
2.2785262e-08
-3.542748e-09
9.223479e-09
9.349793e-09
-1.9471065e-08
-2.3803608e-07
6.7150644e-08
-1.0405485e-08
3.5478017e-08
-5.6482495e-08
2.2777371e-07
1.977458e-10
3.1773116e-08
1.41788385e-08
3.6516885e-09
7.5880166e-08
-2.8505886e-08
1.958414e-08
4.1805638e-08
2.15834e-09
-3.6558568e-08
-1.5955317e-07
1.1666728e-09
2.0314129e-08
1.0894043e-09
-2.7352215e-07
-2.5456734e-08
1.3525123e-07
2.1321908e-08
8.24749e-08
-8.954496e-08
1.08370514e-07
-9.280293e-09
1.22642e-07
9.883427e-09
3.933671e-08
-3.2994205e-08
-8.33141e-09
-4.6148134e-08
-1.7606754e-09
5.6549965e-09
-8.559786e-08
7.725783e-08
1.10754385e-07
-1.7879407e-07
2.7248527e-08
1.8628575e-07
1.2504497e-08
1.8540392e-08
-2.0162547e-09
2.1895785e-08
-3.2017788e-08
1.2786191e-09
1.3091815e-09
-2.946396e-09
9.7360635e-09
1.317534e-07
-9.411875e-08
3.0317963e-08
-4.8393733e-08
-1.395453e-07
-2.6426926e-08
-5.91882e-08
-7.732342e-08
-2.1805832e-07
1.5599474e-07
7.3490966e-08
-1.9437614e-07
2.5485516e-09
1.0533471e-07
4.0500268e-08
-1.0363536e-07
-6.150918e-09
6.8008227e-10
1.3209419e-07
-5.1524523e-08
1.0662593e-09
7.4341436e-08
-6.1778933e-09
-9.5290304e-08
4.989876e-08
1.3714191e-08
1.1444603e-08
-3.2407133e-08
-3.704494e-09
2.4541472e-07
-8.896389e-09
-1.1128388e-10
-3.3143308e-09
3.6641527e-08
3.2003005e-09
-1.1821623e-08
4.940622e-07
-9.9184106e-08
2.0696822e-07
-8.075058e-08
-4.1728228e-08
1.943455e-08
2.0791826e-07
-9.530702e-09
2.1638577e-08
-1.12925804e-07
1.2036838e-07
1.8000043e-07
1.4133025e-07
6.33159e-11
5.847443e-09
4.5837885e-09
-1.3671329e-08
6.0031495e-09
-6.8312156e-09
9.7637125e-09
-1.589324e-07
-6.2437405e-10
2.019095e-07
9.117397e-08
3.9823288e-08
-6.122906e-08
-1.641047e-07
-3.7133326e-08
3.5026181e-07
1.3000412e-08
3.8945323e-08
-7.514357e-08
7.539039e-08
-1.0099024e-09
6.721447e-08
1.2697987e-07
1.553533e-08
8.504848e-09
2.5257452e-07
3.931275e-09
-1.6274703e-07
2.0329834e-10
-2.0459185e-09
-4.850381e-09
-1.2448058e-07
-1.3196023e-09
-2.5277055e-07
-8.4489116e-08
-2.0652255e-08
1.6364984e-08
5.7565153e-08
-3.6236924e-07
-1.5513288e-07
7.450658e-09
-2.4866864e-08
-4.3780473e-09
-8.595557e-09
2.816337e-08
1.0631229e-08
3.1398077e-08
1.3185889e-08
-1.08386175e-07
-4.0200884e-08
-2.843519e-08
2.9355698e-07
7.414404e-08
-8.409838e-08
-2.7081246e-08
-7.968355e-09
-5.8395717e-08
2.9391085e-09
-1.2929398e-07
-8.025008e-08
3.0033095e-07
-1.0259792e-07
-1.304372e-07
-1.16705706e-07
7.644373e-10
9.431482e-09
-2.8576066e-08
1.5016839e-07
-4.9154668e-08
-1.3409151e-08
1.3961342e-07
3.311138e-10
-2.1515834e-08
3.4760056e-08
1.2105466e-09
6.7674605e-08
4.93432e-09
-4.424664e-09
5.3685284e-10
-3.0568074e-08
7.520518e-08
2.3048715e-08
1.12022835e-08
9.86443e-08
5.0532073e-08
-1.3011219e-09
-2.2703945e-08
7.220095e-08
-3.7054586e-09
-4.3068518e-08
5.8634427e-08
-1.5648745e-07
1.2550086e-07
-3.4527705e-08
8.031796e-09
-2.0137579e-10
4.0364392e-07
1.1117946e-07
-1.2993269e-08
1.3665564e-07
4.7652836e-08
-3.273686e-09
1.2737033e-11
1.1472621e-09
-4.5099462e-08
4.5489276e-10
-1.6791448e-07
-6.980823e-08
7.3133066e-08
-1.7834316e-07
-8.8823526e-10
3.701168e-08
-2.0260286e-08
-1.00950395e-08
4.331537e-08
-8.183299e-09
1.6722247e-08
-1.3733239e-06
-3.5445503e-08
-1.1845967e-07
1.7653969e-08
-2.0667245e-07
1.2912137e-07
3.3671923e-09
2.7443411e-08
-5.021443e-07
-5.1835634e-08
4.0369845e-09
-8.774328e-08
2.3741134e-10
-6.2543335e-09
-1.2112249e-09
-1.0777709e-07
1.0353427e-08
-1.5527853e-07
5.7055756e-09
1.6265254e-07
-6.8441686e-08
-2.0898944e-10
-1.3664598e-08
-2.4584912e-08
5.118955e-09
1.286185e-08
-6.6407466e-08
1.5473981e-08
4.4758124e-08
1.1191043e-08
6.659526e-08
-4.9157908e-08
-1.2036261e-07
-1.7971864e-08
7.1560624e-09
2.6593893e-08
-3.5845037e-08
6.4477554e-08
-2.4670923e-08
-1.04837696e-07
1.36190526e-08
-6.675773e-09
3.555006e-08
3.1101257e-07
4.3942528e-08
3.751468e-09
-2.4665357e-07
6.937859e-08
-5.385896e-10
2.4886356e-07
6.47977e-08
-3.1758015e-07
-1.6099762e-09
-7.6124195e-08
-1.632785e-07
-5.912857e-09
-2.4669453e-09
7.9901037e-07
-5.0828405e-08
1.4304734e-07
-6.9573936e-08
-1.0291321e-07
6.4657474e-10
-3.1246748e-07
1.295063e-09
1.5349979e-08
1.3850104e-09
2.2026768e-08
-1.0796538e-08
1.14759494e-07
2.4329714e-07
-6.3613136e-08
1.3168352e-08
-5.7486883e-08
1.46557095e-08
4.6546717e-08
7.990239e-08
-1.0453237e-07
2.374224e-09
-1.9624687e-07
-8.261203e-08
-2.0092516e-07
-9.0929944e-08
6.255291e-11
-3.0495931e-07
-8.7019414e-10
3.3892505e-08
-1.1540599e-06
-1.892697e-08
-1.404411e-08
5.35862e-09
1.6131589e-08
-1.2175306e-07
-2.2901522e-08
5.268341e-08
-4.7829698e-08
-6.072528e-08
-1.4742165e-08
-4.6768314e-08
-2.2434719e-08
-1.1337854e-07
-1.760836e-08
-2.4947674e-08
2.9670646e-09
4.8659793e-10
-7.3649935e-09
-2.4416083e-08
-2.4299533e-07
1.5560964e-08
-8.061218e-08
-1.3004417e-07
2.499681e-08
2.127965e-08
-1.5497037e-08
-1.5658056e-08
1.9012043e-07
2.723841e-08
-1.0534255e-07
-9.2442093e-07
-2.8526972e-09
1.5699793e-07
-1.2145105e-07
-2.951012e-08
-2.7410264e-08
-2.2650337e-07
-3.2993865e-11
-2.3983617e-08
-7.2882756e-08
-6.063185e-08
1.8270011e-08
8.29766e-09
2.005951e-08
1.07502935e-07
-4.687587e-09
-1.8979653e-08
-1.3035955e-09
1.18760095e-08
1.2507576e-10
-4.5227427e-08
-7.310628e-08
-1.6275928e-07
-1.3302863e-09
1.2545362e-08
-1.5007656e-08
8.227632e-08
-1.4346588e-09
-1.1673158e-07
-2.4531062e-08
-1.3862564e-07
3.0503955e-10
-5.797228e-08
-3.322132e-06
1.07846624e-07
-8.8034655e-09
7.3150154e-08
-1.0220473e-08
-3.3852462e-08
-1.0528845e-08
-9.678195e-09
4.661008e-09
2.0139922e-08
6.273495e-08
-4.2235165e-08
3.8596784e-08
1.0524507e-08
-2.2574003e-08
5.9507933e-08
-1.8845135e-08
5.3934887e-08
1.4106601e-07
-1.6879321e-08
-4.743474e-08
4.8789435e-09
1.8422173e-07
-8.445696e-08
-1.2960096e-07
-7.6707635e-10
-1.7125673e-07
8.493293e-08
1.3985575e-08
1.4773826e-07
-2.5639574e-07
-2.7226001e-08
4.7326676e-08
-1.1045087e-09
-2.4615319e-09
2.2730897e-07
2.4262468e-07
-3.7597845e-09
-8.0295884e-08
5.2197915e-08
-3.8310855e-08
-7.593713e-08
-2.230903e-08
-2.1941089e-08
-3.6175532e-08
1.5167709e-07
-6.2044114e-10
-4.7551573e-08
1.2916752e-10
-1.8687665e-08
-1.0276926e-08
4.3397776e-08
-3.5774836e-08
4.864734e-09
-2.5713731e-09
-6.1087295e-09
4.185596e-08
4.9982663e-08
6.954867e-11
4.897116e-08
-2.2963269e-08
-3.665525e-08
-4.005189e-07
9.788934e-10
-2.191359e-08
1.2450884e-07
-3.729797e-09
-1.5085043e-09
3.806064e-07
4.202162e-10
1.4056994e-07
-1.2846987e-08
1.2905267e-07
8.416879e-09
4.7024407e-08
-2.6842926e-08
-3.00835e-09
4.9040776e-09
-4.950237e-08
3.792541e-08
-2.2950622e-11
-5.0627165e-09
-2.6884979e-09
-6.016266e-08
5.9449494e-09
2.1125052e-08
-5.4505405e-09
-5.9953436e-08
-5.389627e-08
-2.4035995e-08
9.038558e-08
-3.030348e-08
-9.383088e-10
-6.219827e-08
-2.4030744e-08
4.07902e-08
-1.8459012e-09
3.85623e-09
-2.0927482e-09
4.6535302e-08
-1.0361033e-08
1.3343057e-08
-2.507564e-08
3.1441858e-09
1.9503855e-07
1.9657946e-08
-2.8771046e-08
-3.024864e-08
9.6040464e-09
5.3473603e-09
-2.1020729e-11
2.7348678e-08
3.730836e-08
-6.53929e-09
-3.7599595e-08
3.418119e-10
-3.595212e-08
1.1381719e-07
-3.9148993e-08
-6.6458796e-08
2.9254184e-09
-3.4731563e-08
-3.092229e-09
1.853459e-10
-2.1233544e-09
1.2320986e-07
5.1892797e-09
1.2553626e-08
1.32871385e-08
-4.686362e-13
1.5346839e-07
-2.9752218e-07
-6.6859506e-08
9.76586e-08
3.637817e-09
-2.764401e-08
-8.978926e-09
-1.4154857e-08
-5.353135e-08
9.0581615e-08
5.243799e-08
-5.646341e-10
-1.0552441e-07
-6.8911135e-08
-5.0203127e-08
1.7306947e-07
-1.8843908e-08
-2.049885e-09
-6.483823e-08
-5.9464824e-09
-3.5745035e-08
3.1538825e-09
1.575714e-08
4.221944e-08
-1.4471553e-07
-9.254461e-09
-7.096218e-08
7.9837875e-08
-1.0940529e-12
7.980341e-09
-4.351253e-08
3.9831446e-07
1.9390245e-07
1.0807186e-08
-4.196847e-09
-1.1856249e-08
4.30898e-09
-3.032808e-07
1.634026e-07
2.9149094e-08
-1.7892631e-07
6.6854675e-08
3.841525e-11
6.628815e-08
1.3238092e-07
1.3549652e-07
-8.967534e-09
-6.321663e-08
-1.1701907e-08
1.877903e-08
-9.8834214e-08
-5.444782e-08
1.5197017e-09
-1.3312729e-07
1.4698958e-09
1.9241089e-09
-4.0161066e-09
-3.226547e-08
-9.074249e-09
-2.964126e-08
7.760631e-09
1.0111566e-07
2.812044e-08
-2.5166594e-08
3.0934007e-08
-1.7039273e-08
-1.7905842e-09
5.4770112e-08
-7.509631e-08
-1.8079148e-09
1.9534735e-08
-3.2255094e-09
-8.220802e-11
6.454375e-08
6.5269695e-08
1.4316925e-08
-1.595958e-08
1.4673942e-08
2.2179734e-09
-1.05187105e-07
2.6751886e-08
-4.741138e-08
1.3252726e-08
-3.1414774e-07
-6.232888e-08
-3.57151e-08
-2.5013554e-07
1.0107596e-07
-2.8141553e-08
3.234798e-08
-2.5766308e-08
-1.5757925e-08
-3.7546478e-08
-9.1708316e-08
3.7590446e-09
2.9263084e-08
2.7967965e-07
-4.0282533e-08
3.759872e-14
-3.437448e-07
2.748413e-07
5.8831957e-09
9.965357e-09
-6.318236e-08
-6.296547e-08
5.502355e-08
4.1406434e-08
-3.203631e-09
9.007862e-09
-9.0444854e-07
3.218902e-07
4.758466e-07
-4.882855e-08
3.129791e-08
9.915367e-08
-3.2598268e-07
-2.329426e-08
1.5575291e-07
-2.6758803e-08
1.1273649e-07
1.2106842e-07
-1.6053141e-07
-3.0112606e-09
6.472758e-09
1.8125313e-07
7.2463195e-08
2.6276086e-07
-9.147353e-08
-2.1771957e-08
-7.6266815e-09
2.6863523e-07
-3.5931773e-09
-1.3132879e-08
4.2045595e-08
1.0987962e-08
-8.8472014e-08
3.3928412e-08
1.6966153e-07
-3.1330487e-09
1.9942181e-08
-1.1074528e-09
-1.3125944e-07
-2.2686386e-09
4.179498e-08
2.1875692e-07
-1.0157247e-08
-1.4201889e-08
-1.3876884e-07
5.1491975e-09
2.964215e-08
-1.35568134e-08
4.8800764e-08
8.078878e-09
7.545461e-09
2.0221921e-07
-1.6177415e-07
2.0436696e-07
1.7542501e-07
7.39875e-08
-2.61346e-07
2.0670532e-09
9.2779246e-08
-2.3201977e-07
-7.8277566e-08
1.9704048e-07
2.7901553e-08
2.138289e-08
9.362872e-08
-4.1858242e-10
5.3690847e-08
2.1256362e-08
-3.4702396e-07
5.328095e-08
8.391566e-08
-1.0816019e-09
-2.6383333e-08
1.7580477e-07
1.2689384e-10
3.7708055e-08
-2.2715145e-07
-1.4813519e-07
1.12692106e-07
5.6911333e-08
1.859124e-08
-1.8999017e-07
5.244111e-08
-2.2202455e-07
3.3586378e-08
6.8486523e-09
-3.006173e-10
-1.2682104e-09
5.4089067e-08
-1.1846396e-07
4.7186596e-08
1.0097595e-07
-1.7514215e-07
-4.958647e-08
-2.109471e-09
-7.7727043e-07
-1.8174541e-08
-6.587472e-08
-2.2842022e-09
1.8720824e-08
-6.982641e-12
-3.0675469e-07
5.357419e-08
1.690333e-08
7.034262e-08
4.2854563e-08
-2.8074898e-10
-3.2549487e-08
-4.985833e-08
1.286163e-07
1.524621e-09
2.1614976e-09
2.1584995e-08
5.4017804e-08
8.354856e-08
-1.5968057e-08
-3.0314666e-08
-9.8892876e-08
1.6837883e-07
2.9345858e-07
6.488457e-08
-7.05972e-09
1.17111e-08
-1.214455e-08
-2.7417515e-08
2.3381708e-07
1.8765522e-08
-3.992662e-08
1.9034626e-08
3.6415955e-08
-1.2715103e-06
-3.228205e-07
-5.07518e-08
-8.122316e-09
3.6150123e-09
-8.966104e-08
-1.0264055e-07
-5.3315113e-10
6.116081e-11
-1.6988085e-07
-4.4364327e-08
1.7705608e-10
-2.8451154e-07
-1.9410115e-07
3.4722595e-07
-3.2432743e-07
1.16442616e-08
-1.3882291e-07
-5.528772e-10
-1.2685749e-08
-1.5201377e-07
-4.0418437e-09
2.8629668e-10
2.5034617e-09
-1.6712312e-08
-3.157117e-08
5.949283e-09
5.7491768e-08
1.3173538e-07
-1.2307227e-08
2.016831e-09
-1.488176e-07
1.5827377e-09
4.1064048e-08
5.38446e-08
-5.554976e-08
2.4828634e-07
1.1900564e-07
-2.8903484e-09
-1.5263399e-07
-9.536552e-08
2.0340678e-07
-1.2834731e-09
-1.4779143e-07
-1.1886835e-08
-7.93922e-10
4.3157943e-08
5.873052e-08
3.043769e-08
6.058219e-08
1.1464259e-08
3.007771e-08
1.0402093e-08
1.3431837e-07
-8.703186e-10
-9.927154e-08
-4.764197e-08
5.5483182e-09
-4.003752e-09
-5.05296e-08
2.1321869e-09
2.2244093e-08
7.199959e-10
7.0234826e-08
2.6915863e-08
2.04728e-07
2.0535504e-07
4.3514355e-08
-2.0087448e-07
-4.349193e-07
3.3388583e-09
1.0148886e-07
4.3446184e-09
1.543974e-08
-2.8922313e-08
-1.2710972e-08
-5.619896e-09
7.790204e-10
6.587691e-08
1.1328986e-08
3.199556e-08
-8.622046e-08
3.610568e-08
-2.0000432e-07
-9.814498e-09
3.8128722e-09
-3.8177808e-09
-3.6443748e-08
1.0726317e-11
-1.830201e-08
-1.3966127e-08
-5.6889817e-09
-2.7490078e-08
-4.665182e-08
-4.588971e-08
5.216279e-07
-1.39388705e-08
1.7361392e-09
1.1708504e-07
7.766276e-08
1.8711054e-08
-1.0054343e-08
-4.925068e-07
-1.4270877e-07
3.1138235e-08
-2.5235758e-08
4.092952e-08
-4.631989e-08
1.080406e-08
8.873255e-08
8.731337e-08
1.0755747e-08
3.357375e-08
-5.272686e-07
-1.6096466e-09
-9.333273e-08
7.71044e-08
-4.3469957e-09
1.5790242e-08
-2.8960134e-08
7.686666e-09
-1.3817271e-08
-6.348704e-08
2.1667645e-08
7.974113e-08
-1.1843557e-08
1.757214e-08
-5.94528e-08
-8.446627e-11
2.4508705e-07
-1.2669505e-08
3.6027058e-07
-1.7108635e-08
4.3679793e-09
8.413799e-08
-9.416211e-08
-8.991977e-08
-2.4616105e-08
-2.8883896e-08
-9.0625335e-08
-3.7030692e-10
5.1974606e-08
-1.1494111e-07
1.1855007e-07
-3.6905984e-08
-4.582345e-09
2.1202877e-10
8.474121e-08
-2.8715956e-08
-8.456498e-07
1.1083804e-08
-7.1767936e-08
4.306271e-10
-7.242803e-08
1.6894651e-08
-2.2182286e-08
-8.569947e-08
-4.056999e-09
1.45295616e-08
-3.7802814e-09
1.9562633e-07
-3.7666922e-08
4.5957256e-09
6.274073e-08
2.5350197e-09
1.3190805e-07
1.5054408e-07
1.7261398e-08
1.9112238e-07
7.3299525e-08
-4.219856e-08
1.1689635e-07
1.1171012e-07
3.8054577e-07
-1.1461141e-10
1.3375993e-07
-1.7807446e-06
8.303353e-09
1.8989022e-08
6.607411e-08
3.198161e-08
2.7532142e-08
1.6885764e-07
-6.0848514e-08
-3.788075e-09
3.9766104e-07
8.577533e-08
9.54299e-09
1.568521e-09
-2.3969613e-09
-6.721745e-07
8.102886e-07
1.3723542e-07
4.2251223e-08
4.2469345e-08
-4.4308776e-10
2.2921578e-08
-9.011052e-08
3.9946557e-09
3.444749e-09
1.9124826e-09
1.538436e-09
1.2608963e-08
4.06205e-09
-3.7045782e-09
-1.1325525e-08
1.3451441e-07
7.203658e-12
1.2189487e-07
5.56824e-09
5.5311272e-08
4.4918774e-08
1.5916149e-07
-9.381792e-09
-2.4053438e-08
1.7847627e-08
2.957866e-08
7.627736e-08
-2.3689671e-07
6.0015015e-09
9.75729e-07
-1.3379298e-08
1.963227e-09
4.2668863e-10
-1.0892248e-07
1.3381478e-07
3.07259e-07
1.6720304e-09
-2.739437e-09
-2.7491591e-09
1.009662e-07
-4.11899e-08
-3.3905865e-09
6.540403e-09
-3.990744e-10
2.5591936e-08
1.3377253e-08
-5.7548954e-07
-1.0863741e-08
1.777437e-09
4.044044e-09
-2.527813e-07
-8.225092e-09
2.9399774e-07
8.8609716e-14
-3.127258e-08
3.488797e-08
-1.5226266e-08
-6.3993646e-08
2.1549856e-06
9.849203e-09
-2.9855067e-09
-7.365346e-08
4.6942468e-08
3.9489752e-08
2.4520987e-09
-6.838762e-11
1.0781488e-08
-4.7191095e-09
7.549755e-08
-2.813255e-08
-1.646652e-08
-1.06384475e-08
-5.476067e-10
3.5053663e-08
-2.4726463e-08
-3.7781085e-08
-4.6325763e-08
-1.3821362e-07
2.6759492e-08
1.3756132e-07
4.993555e-09
-1.3262678e-07
8.634471e-09
-1.04350155e-08
-9.288915e-08
-1.3985559e-08
-4.497206e-09
-1.6160602e-08
-5.878286e-07
-3.801619e-08
-7.120349e-08
-2.1217776e-09
1.16420644e-07
-3.5258296e-08
1.0288439e-09
-1.2749697e-07
2.8469222e-07
2.6590033e-08
-2.3768141e-08
1.7477822e-07
3.3143328e-09
-5.2324413e-08
-6.831124e-08
9.966927e-08
-3.1710535e-08
2.7024043e-07
2.5418345e-07
3.5411546e-08
-5.006551e-08
1.1399944e-08
5.300704e-08
1.8835804e-07
1.1469386e-07
6.294579e-08
-2.6024972e-08
-3.2043676e-08
3.5623398e-08
-2.374421e-07
3.24574e-09
-4.7955584e-08
6.460673e-08
1.365068e-08
1.1993699e-09
-1.6908486e-07
-1.959949e-09
2.3445226e-09
-3.3710353e-07
1.537772e-08
-5.8870686e-09
-1.6578825e-07
5.3928048e-08
-7.4452586e-08
-1.1525613e-07
-1.6117328e-07
5.6136184e-07
-3.221504e-08
-1.6008082e-08
-2.609084e-07
-1.6768524e-07
-2.7592935e-07
4.3278273e-08
-3.6427519e-09
-3.813517e-08
-9.70902e-07
-8.229028e-08
1.652221e-08
2.0746481e-07
-9.29387e-10
-2.5114987e-08
1.2734553e-07
-5.4585833e-08
1.2469328e-08
-2.656264e-08
4.6494995e-09
-8.924131e-08
3.623973e-08
-1.3319018e-07
-8.162866e-08
2.6184297e-09
-5.259442e-09
2.1066117e-07
2.4831553e-10
1.3659898e-08
3.8866968e-10
4.4837714e-07
1.4766849e-07
-8.483125e-08
-3.7227867e-09
6.7481146e-08
-9.497153e-09
-1.1381421e-08
1.8774513e-08
1.9188242e-09
-1.682298e-07
7.848444e-09
-9.016931e-09
-8.654893e-09
6.47072e-08
-5.4998235e-08
4.8920164e-08
-1.0427319e-07
1.722156e-08
1.3602948e-06
-1.6596168e-08
3.433842e-08
1.06487214e-07
4.5660453e-09
-6.4485704e-08
-4.867676e-08
-1.0959005e-08
4.2463007e-08
-4.2263274e-08
4.957132e-09
1.5151986e-08
1.238296e-07
1.6465194e-10
6.7549024e-09
6.324149e-08
-1.6031585e-08
2.2092296e-07
-4.4807887e-08
1.7107533e-07
-2.102102e-08
5.298675e-09
-7.3096125e-08
-2.627952e-08
-1.4496317e-07
1.613791e-08
9.7892165e-09
4.677191e-08
-2.9567644e-07
-7.9301987e-10
8.913952e-09
-3.305148e-08
-1.10866104e-07
2.5735769e-08
-2.9276595e-07
6.777263e-08
-2.7127328e-07
-1.4331189e-08
-4.2143245e-08
1.9217925e-08
4.348964e-08
2.0058732e-09
-6.019948e-08
1.13388154e-07
3.2634176e-07
1.8981241e-08
-9.4880136e-08
-1.2582674e-07
-6.738965e-08
4.8085963e-10
1.6175286e-10
1.104875e-07
2.6189027e-09
2.525854e-09
3.3891144e-08
-1.241804e-07
-9.535842e-09
-1.3862237e-09
-6.37649e-08
6.0472566e-08
2.5534247e-08
8.6684116e-07
1.326965e-08
-1.2117098e-09
-7.1054864e-09
-3.0190807e-07
7.070651e-07
1.1006891e-07
-2.9757356e-08
5.9114935e-09
6.811678e-08
6.7220764e-11
-1.9512855e-07
1.2134807e-07
3.9558827e-08
1.353379e-06
-1.7529823e-08
2.3938913e-09
7.284134e-08
-1.500597e-08
2.9009902e-07
1.4325915e-08
-2.5488646e-08
2.1591106e-08
3.651785e-08
-2.483927e-09
1.4215429e-07
-2.0110487e-08
-1.10142956e-07
3.494737e-06
-2.6873005e-08
2.3295459e-07
9.785198e-08
-5.4228412e-08
-9.450326e-08
8.870144e-09
-1.2956602e-08
1.9141945e-08
4.209033e-08
-2.6044665e-08
-1.5211482e-08
4.8890342e-08
7.595976e-09
1.9427047e-07
3.0775194e-08
-2.3125438e-08
-1.4500383e-08
-5.2863758e-08
7.1169475e-09
1.928409e-08
1.6543076e-08
2.1185912e-07
-1.1140049e-07
-1.8312016e-07
8.505791e-09
-1.5031205e-08
-7.0132815e-09
1.0802442e-07
1.3904401e-08
5.737554e-09
1.4148177e-08
-8.9472e-09
-3.9469022e-08
-2.1740002e-08
1.546863e-07
-1.851746e-07
3.1867762e-07
5.0937977e-08
-2.0761607e-07
-6.056256e-08
8.696891e-07
-6.8316744e-08
2.525939e-08
-3.3754695e-08
4.5190904e-09
1.39504e-08
-3.5712468e-08
1.1384291e-08
-1.6518575e-09
2.8541468e-08
4.1632195e-09
-2.393802e-08
2.4528468e-09
1.3231192e-08
9.6436736e-08
-3.879874e-08
-1.1446218e-09
2.271387e-09
1.9654952e-07
1.502067e-08
-3.1724733e-07
-4.1444144e-07
-1.0525543e-08
-2.8678215e-08
2.43501e-08
7.8892164e-08
2.3816987e-08
-1.1187067e-08
-3.8384275e-08
7.461621e-08
1.7495653e-08
3.0945677e-09
1.8264736e-07
5.1379736e-09
-5.0435207e-09
1.8302417e-08
1.0970867e-08
4.22387e-08
1.507253e-07
-7.508174e-08
4.4398462e-08
1.7396555e-11
-4.0780883e-08
2.6527385e-08
2.3776082e-08
8.6912664e-08
1.3354915e-07
-6.45505e-09
9.0060304e-08
-4.790727e-08
4.8220755e-08
6.3600973e-09
2.9713243e-07
6.1116676e-09
-4.7497558e-08
3.220126e-07
-2.237253e-08
7.161748e-09
-5.460585e-11
-7.400721e-08
-1.416266e-08
1.0618459e-08
1.216495e-07
2.9154346e-08
-1.6944927e-07
4.8235255e-10
2.0371563e-07
-4.374355e-08
-5.2511187e-09
1.784695e-08
-1.5228208e-08
-6.346251e-08
2.0491122e-07
-5.4311798e-08
1.3204128e-07
2.5046216e-08
1.7832471e-08
-1.2537511e-07
-1.2983261e-08
1.6538053e-08
1.2564522e-07
-9.166275e-10
-7.9750784e-08
6.477864e-10
-1.7602186e-08
4.783373e-08
-1.7751266e-07
6.203013e-08
-1.208244e-07
2.870592e-08
6.076108e-09
-7.567965e-08
-7.212865e-09
1.3662104e-08
3.705882e-07
2.3195727e-07
-4.8368232e-08
4.549632e-08
-1.508484e-07
-1.3072233e-08
-1.2030624e-07
1.5061917e-07
-1.530075e-07
1.8989574e-08
-2.2075404e-09
-5.3859357e-09
1.4355058e-09
2.668533e-09
5.7667553e-08
3.0416848e-07
2.2970528e-09
-4.199153e-08
-2.3852368e-07
-7.398242e-10
4.7627367e-08
2.4383624e-09
5.739215e-08
2.2764862e-08
2.1133381e-08
-7.191865e-10
-1.3841278e-08
3.7829942e-08
-1.01638236e-07
1.2087078e-07
-4.064598e-08
6.6233303e-09
-2.0782167e-08
-9.1784955e-08
-9.216786e-09
5.1437826e-08
-1.7152276e-07
9.094024e-08
5.87802e-08
1.9034894e-07
2.1148725e-07
6.700166e-09
-3.1208867e-07
-4.7229474e-08
6.7698636e-08
-1.3742495e-07
1.4284154e-09
-7.628345e-09
-4.875461e-08
1.4024769e-07
4.1663217e-08
9.536038e-08
-6.9857535e-08
-1.0635208e-08
7.973578e-10
-8.445894e-10
-3.5016456e-08
6.634249e-10
1.8210608e-07
4.865265e-08
8.242941e-10
-9.25623e-08
8.474719e-08
-1.5039421e-07
1.3579984e-09
7.6103525e-08
-1.8393601e-08
1.16349135e-08
-4.596879e-08
-2.884954e-09
3.2526252e-08
5.7338173e-08
-5.1893323e-08
-3.724555e-08
-1.3237244e-08
7.321672e-08
-3.3567236e-08
-8.914876e-09
-1.706795e-07
-9.808925e-08
1.0201941e-10
-1.4562114e-09
1.3430776e-08
-5.4896795e-08
-1.363711e-09
1.4260041e-07
-3.3215738e-08
-2.1056438e-07
-7.770031e-08
9.072752e-08
-6.6884894e-08
-1.8918106e-10
-6.621595e-08
-6.1254724e-10
-4.5551122e-08
1.4147055e-09
-2.1031951e-08
3.5373684e-08
-3.5433793e-08
9.0858245e-09
-1.5238857e-08
1.0030136e-08
-2.420056e-08
6.82084e-08
-7.946961e-09
9.792327e-07
3.0734934e-10
4.9729717e-08
1.8351486e-07
3.7753104e-08
-4.5270472e-08
-1.8788603e-07
-1.757615e-08
6.382377e-08
-2.2101581e-07
1.9778744e-07
-2.9664442e-08
-4.8243827e-09
4.7454924e-07
8.260902e-11
8.380019e-08
-2.318596e-07
7.681502e-08
-7.459622e-09
-6.315282e-09
-1.9646533e-08
2.20314e-08
-2.054418e-08
-9.832891e-09
3.7297907e-09
9.631255e-11
1.8364965e-08
4.3699356e-07
-1.5259628e-09
-3.7837946e-08
-6.6440826e-09
4.1923762e-09
-2.824242e-08
9.821042e-10
-5.103022e-09
-3.1068073e-09
1.05080304e-07
4.4193055e-08
-3.921811e-09
-6.966596e-09
4.4287436e-09
3.2176214e-08
1.6948492e-08
1.2550094e-08
1.497924e-07
-4.1279336e-09
-7.297618e-08
9.970159e-08
-6.705641e-09
-1.0815025e-07
-1.5428235e-07
-4.5615515e-08
-2.6503088e-08
-1.2575659e-07
1.382784e-08
-7.0638585e-08
-5.438814e-08
1.1183637e-07
2.6636582e-07
1.0171359e-08
2.7935124e-07
1.14759715e-07
3.027995e-07
1.5631308e-09
6.753643e-07
-2.9471266e-08
2.757834e-09
-1.3820832e-07
-2.5402483e-07
-1.3499431e-08
8.3021455e-08
-3.8406203e-09
-1.3742664e-07
-7.692394e-08
2.4930392e-07
1.1097534e-08
-1.4618823e-09
-5.052329e-11
-9.186231e-10
1.067616e-06
4.0160128e-07
1.3959345e-08
-6.409088e-08
-7.686064e-08
-1.1226893e-07
-1.0231146e-08
-1.05009974e-07
-1.2648597e-08
-1.0650463e-07
1.097194e-09
1.7978383e-08
4.2334953e-08
1.0358319e-07
3.6716298e-08
2.2871808e-08
-1.297487e-07
2.0285518e-09
-2.6703966e-09
-2.8562727e-08
-1.0532719e-07
-3.4842532e-08
-1.4884077e-07
3.923663e-09
-2.4670952e-08
-1.5971294e-08
-6.914431e-11
1.003683e-08
1.7397605e-07
-1.978495e-09
1.2798357e-07
4.340984e-08
3.1063294e-08
2.6053758e-07
2.716188e-09
1.6629318e-07
-3.626278e-08
1.4543863e-08
-1.1240472e-06
2.0863873e-09
-1.5461612e-08
9.28079e-09
-3.843786e-08
1.7413521e-08
1.0689634e-08
-5.1981135e-07
2.590174e-12
1.2275198e-07
-3.2935885e-09
-8.321806e-08
-1.3942977e-07
3.323172e-08
3.4549932e-09
-7.3680546e-09
-1.7336072e-08
-2.1536508e-09
-1.16048735e-08
1.4795631e-09
9.4471055e-08
3.176456e-08
1.6612802e-08
-6.728311e-10
-3.1763065e-08
-9.143915e-08
-1.5436402e-08
-1.4693978e-07
9.587242e-08
1.1960334e-07
1.8352881e-07
-6.489726e-08
-1.4490155e-08
2.0685121e-08
-2.0114152e-08
-5.2784e-08
3.0520724e-07
4.171147e-09
1.9836445e-08
3.5172036e-08
-5.422277e-12
-1.0383987e-07
8.770373e-08
-8.0068645e-09
-1.74943e-08
5.1652846e-09
1.1645874e-07
-2.5587985e-08
-3.4465685e-08
-6.268053e-11
-2.6864061e-08
1.0317558e-07
-3.4847368e-08
4.622537e-09
-1.7921636e-07
-4.1791942e-08
4.675266e-09
3.0389252e-10
-1.8133332e-09
-1.3634985e-08
3.7917854e-08
-6.4854344e-11
1.6326747e-07
2.9719534e-09
-4.7632124e-08
6.8646697e-09
-8.089973e-09
5.3814126e-08
5.510065e-07
-1.527849e-08
-1.5124455e-07
7.703971e-11
1.696031e-08
-2.3781286e-07
-1.6201498e-07
2.0483363e-08
4.2258062e-08
7.649856e-09
7.924454e-09
2.8886285e-07
-5.14759e-08
5.3485778e-08
-3.3391142e-08
-2.6239462e-08
2.8005463e-08
-6.0751276e-08
-1.1624068e-08
2.405571e-07
-1.763132e-08
2.7180633e-07
1.06653765e-07
5.5042765e-08
-3.0914958e-08
7.918814e-09
1.7028396e-08
-6.680895e-08
-1.26605135e-08
5.6782255e-07
3.1144793e-08
-4.8587513e-08
1.0726286e-08
1.8759246e-07
-1.18303205e-07
-5.569353e-07
4.0817586e-08
2.223358e-08
-3.9184695e-08
-4.752614e-08
5.156174e-08
7.08468e-10
4.5677453e-10
6.285363e-11
-3.764044e-08
-6.0334565e-07
-9.328707e-09
-1.0936549e-09
1.2083814e-07
1.7694257e-08
1.0143583e-07
1.6602817e-07
-6.4172895e-08
4.0246594e-08
1.7368703e-07
1.7315585e-08
3.534479e-08
-2.6493336e-09
8.0053155e-09
-1.7890811e-09
2.5244012e-07
-3.3292466e-08
2.4411737e-09
-9.969131e-09
2.694852e-07
4.2251953e-09
6.7848795e-08
7.815839e-09
-1.0165637e-08
-5.394912e-09
-4.7734268e-08
-2.0251283e-08
-2.8804514e-08
-4.691526e-08
4.7834675e-08
3.346669e-10
1.1452085e-08
1.1288925e-08
-7.376172e-08
-1.4176966e-09
-9.5072625e-09
1.2388018e-08
-3.800683e-09
-6.9123935e-08
5.6011498e-08
1.1353825e-07
-9.6480086e-08
5.387004e-10
4.956623e-08
1.4635603e-09
7.7426606e-08
3.4823163e-08
1.235755e-09
5.3990377e-08
-7.2266324e-08
-1.116526e-09
-4.4966185e-08
-6.56292e-08
-1.2874776e-07
2.3908223e-08
-1.0184125e-08
5.9983787e-09
-8.017845e-08
-4.2597335e-08
-6.397198e-08
1.323766e-08
6.134529e-08
6.8518396e-08
1.5267063e-09
-4.897003e-09
9.29066e-08
-1.378864e-08
-1.8424158e-08
1.6207984e-09
6.223573e-10
1.1566424e-07
9.6027364e-08
1.0412628e-08
4.2586947e-08
-7.2146367e-10
-2.310095e-07
8.092371e-10
-4.1104038e-08
1.16492505e-08
-1.7970466e-08
2.478791e-09
-1.9525413e-07
8.4635815e-08
1.8405988e-08
1.6202502e-07
-1.4221202e-07
-5.6418794e-09
9.060692e-08
-8.414461e-08
-2.2911713e-09
-1.1873187e-09
-1.0638141e-07
-9.140184e-09
-1.3307528e-08
5.5794963e-08
1.9859738e-09
-2.6308602e-08
8.749882e-09
1.5884545e-08
-5.0811703e-08
3.138315e-08
-2.7877796e-08
3.5495171e-09
2.1018192e-08
-1.4389448e-07
2.3094533e-09
-4.053063e-09
2.4123782e-08
-6.9366255e-09
-7.6044195e-08
8.0496335e-08
1.6950216e-09
4.2434007e-07
2.326553e-08
1.2004861e-07
-1.9572347e-07
2.339701e-09
-3.5847813e-07
-7.894917e-09
-1.0872428e-07
-1.7582595e-07
1.0705828e-07
-6.236475e-09
1.015308e-09
-1.31270985e-08
-4.7621334e-08
1.08632915e-10
5.9332756e-08
-1.1057386e-08
-2.4062247e-08
-7.711435e-08
7.556882e-10
1.2423642e-07
-5.9451246e-08
-2.0637751e-10
1.2657661e-07
9.544249e-09
1.24052635e-08
-1.1894872e-06
2.5698162e-07
2.0753397e-08
1.1496615e-07
-3.1564576e-10
-1.002415e-07
2.9281864e-07
5.035027e-08
1.9605912e-07
-1.2157619e-07
1.3991021e-07
-3.161072e-08
3.6524767e-08
-1.1811757e-08
1.0289208e-07
-2.6938114e-08
2.881949e-09
-2.6843415e-08
-1.9994092e-08
-4.855422e-08
1.0958758e-08
2.1457428e-10
-4.0759726e-08
2.723729e-08
9.616457e-09
1.8169782e-08
-2.995901e-08
8.884165e-08
1.9015805e-07
-7.4371926e-08
-1.7831873e-08
-5.9734684e-09
-7.7474226e-08
2.71962e-08
-5.0171813e-08
-2.3253465e-08
-5.0265324e-08
8.344566e-08
-2.3905313e-09
2.310527e-08
5.716162e-08
-4.419962e-09
4.127123e-10
3.589346e-08
-3.5790814e-07
1.9787702e-08
-2.637771e-07
2.9189675e-07
-1.3377638e-07
-1.3233848e-08
-2.0495679e-07
-1.0765437e-08
1.983857e-08
3.905237e-09
-3.151357e-07
-1.4766125e-07
4.8300347e-08
-9.762865e-08
-7.921649e-09
-1.4361239e-08
3.9447585e-08
8.342469e-08
2.7551268e-09
-1.4004716e-07
1.1766428e-08
3.8817967e-09
-4.559291e-09
3.42798e-08
1.4535756e-08
7.2220224e-08
-3.648742e-08
3.8846146e-08
-1.0524903e-09
-2.0294726e-08
-9.38869e-08
-4.8281844e-08
4.8043036e-09
1.1961137e-07
2.4191602e-08
9.56255e-08
-1.9889322e-07
-1.00944234e-07
5.1408094e-08
-4.229934e-08
1.9992481e-07
2.857977e-09
5.6756722e-08
-4.9649795e-10
1.8593622e-07
5.944395e-08
-5.439236e-08
6.8403295e-08
2.8362175e-08
-3.7210903e-08
1.172206e-08
-3.2225962e-08
9.934014e-09
-1.6170644e-09
1.5245041e-07
-1.0851354e-08
-1.2062578e-07
-3.554844e-09
-4.6595448e-09
-2.6816502e-07
-4.3744116e-08
3.0433668e-07
-1.8635473e-09
-1.3503614e-08
-1.517444e-09
1.1685689e-08
7.527067e-08
-2.5375357e-08
-2.0269725e-08
-8.18608e-08
3.9862154e-08
5.039146e-09
-7.2043704e-09
9.468627e-08
-6.72915e-08
4.802461e-08
-7.561244e-08
1.0378589e-07
6.981627e-08
1.8323053e-08
-2.5366688e-08
-8.537661e-08
-1.3125438e-08
9.3815586e-08
4.1213596e-08
5.5400157e-08
5.3159674e-08
-9.864487e-09
-2.436321e-08
-3.2783438e-09
-9.97955e-09
-4.2908524e-11
-7.6131705e-09
1.0763205e-10
-1.9241826e-09
2.4821483e-07
2.3131301e-07
1.7646278e-07
1.7067343e-07
-1.0745092e-07
6.358563e-08
-4.2513225e-08
-3.133931e-08
9.619241e-08
-2.4423223e-08
-2.3744297e-08
-1.06741645e-07
1.124054e-07
7.9501945e-08
5.220223e-08
1.9318263e-09
-6.683386e-08
-7.376205e-09
1.3707344e-07
-2.0454914e-07
2.7319206e-07
-2.4421524e-07
1.7536777e-08
1.6287557e-09
2.5697648e-08
2.1955525e-08
7.77259e-08
-5.594979e-09
2.7185277e-07
3.1550833e-08
-3.805183e-10
-1.6561238e-08
-1.1973971e-07
-6.903703e-08
2.5645284e-09
3.7331187e-09
2.7874025e-08
4.816068e-07
-1.0919487e-08
-1.3394152e-08
-1.5754293e-07
7.575509e-08
-3.2038976e-08
1.2503873e-06
2.0552625e-07
-5.597633e-08
-5.125502e-09
-5.9060053e-08
1.6038891e-07
1.0659886e-08
-6.306767e-08
-3.801893e-07
-3.8043035e-10
1.8214737e-07
7.0913615e-08
5.4301037e-08
1.1299666e-08
-3.4223848e-09
7.9211944e-08
-6.421402e-08
-9.818905e-09
4.0577678e-08
3.36482e-08
8.659026e-08
2.7781344e-09
1.5729157e-08
-4.8904244e-08
3.2102076e-08
4.8988404e-08
6.7166375e-09
5.472027e-10
7.060447e-10
4.046462e-07
-2.0971152e-07
1.01698205e-10
3.170335e-08
-1.7224379e-07
-1.4523185e-09
2.5619677e-08
-5.976879e-09
-4.5262944e-08
-3.6559126e-07
3.660171e-08
7.131609e-09
1.2979035e-08
9.086654e-09
3.2964603e-08
1.6832148e-08
1.5051718e-08
6.60738e-08
6.369967e-08
-7.24665e-08
-3.427557e-08
-2.5234606e-08
3.5927467e-10
-6.060189e-08
-5.0885838e-08
4.9643816e-08
-6.736316e-09
1.3427362e-07
1.7536001e-08
4.5942596e-08
-4.1667563e-09
2.513571e-07
2.9336663e-08
5.553563e-08
2.595462e-07
-6.8153483e-09
-1.0089342e-08
1.3252394e-07
-4.1459035e-08
-2.7798794e-08
2.814489e-07
2.3984475e-08
-1.5994283e-08
-8.711927e-08
-7.278773e-08
9.795913e-09
1.7602112e-08
-2.4813893e-09
-8.2891404e-08
1.9689448e-08
-6.62843e-09
2.7174764e-08
2.3605176e-08
7.6081655e-08
-1.4062416e-08
-3.0966415e-08
6.446692e-08
-2.0348049e-08
-1.9042233e-08
-3.6280602e-07
-4.172539e-10
-7.3124646e-08
4.765781e-08
-7.0970927e-09
-4.2272665e-09
8.180622e-08
1.5412579e-07
-1.3299614e-09
-4.469616e-09
-8.3495515e-08
-1.5576957e-07
-1.6514644e-09
-9.153438e-10
-4.2164503e-09
1.8802636e-08
1.0621967e-09
7.842191e-08
3.0253426e-07
2.2377211e-08
-1.1873934e-08
-1.4532615e-07
-2.3162771e-08
1.5005768e-09
-1.6397908e-07
4.7752486e-11
-2.167778e-08
-5.057963e-09
1.3317347e-07
5.401129e-09
