22.305931
112.40657
190.2579
21.55968
1418.1802
4733.0566
62.425056
2740.524
2090.3242
0.0
0.0
349.86868
729.9751
5487.172
1111.242
552.38074
0.0
4012.599
0.0
3189.4634
3981.8628
5492.7026
3033.2397
1463.827
4085.2007
4333.4297
5501.05
2495.3076
2231.471
669.57294
1261.742
3129.88
45.00711
0.0
4618.2246
3629.6602
2579.0762
4157.8735
2869.9556
3570.1216
0.0
3269.131
2164.641
3985.915
5485.4307
3781.1765
5426.7324
5493.6113
3298.9087
1436.0295
1975.0076
474.53094
3838.1528
46.222294
0.0
2771.1064
5480.9707
2362.3687
5493.6777
4556.926
3965.6953
1381.2543
2102.417
2359.684
2547.2559
4806.282
2323.1594
2235.8496
714.94714
0.0
141.3115
3568.2422
2400.6301
4681.8926
2571.3635
0.0
5484.789
3027.7078
1710.6741
2746.5435
4777.621
2753.0195
274.04852
3997.2576
1501.9896
3350.3516
5192.011
0.0
2724.791
1526.7129
2146.4316
4689.448
0.0
0.0
5501.541
3666.2983
5498.8057
3384.7773
2356.6868
1740.7891
90.04693
1404.3704
5493.965
3635.4316
1927.2511
5481.243
3800.3628
0.0
0.0
57.50978
5493.501
3260.7651
0.0
1628.6271
2468.6562
4314.397
3334.871
3255.3804
1967.3599
21.134375
5497.9272
0.0
3711.271
5499.1704
2587.34
2740.5876
0.0
38.77332
920.5834
1690.8735
3292.479
2311.9258
2374.0972
3706.2793
44.99208
189.74367
3253.1892
4216.7144
336.08078
3528.7058
4403.218
5500.552
3985.5283
58.482975
2211.2156
392.24414
0.0
3639.706
0.0
2539.7837
3055.3328
1393.337
0.0
3666.6062
4650.5264
3190.6643
2495.5742
0.0
3717.7415
3130.433
3395.3376
5492.8647
5490.2695
4391.8774
578.34247
2472.2974
2925.0342
5490.6035
5497.4253
0.0
3799.9749
21.756977
5074.763
2855.764
35.86454
3823.3823
5258.32
0.0
5327.0645
1599.9716
158.61009
4984.051
4256.885
4963.591
2678.6133
4460.3257
119.43869
1365.3813
2629.4827
244.74986
4321.707
4104.806
536.7021
2370.9636
0.0
5496.199
1257.3162
4212.6035
1941.5167
1346.8654
2430.816
1363.9625
4914.7188
3908.5488
4274.929
3207.4072
303.95123
5493.967
2459.489
5490.8433
5491.4165
0.0
5480.15
1959.5216
1414.0603
0.45735204
0.0
5099.098
3013.1855
5164.38
15.1285925
2863.5918
4482.506
0.0
3115.6904
51.67887
221.18777
2362.6282
3915.0493
4402.289
0.0
3736.0317
2237.2727
4021.3755
0.0
3196.408
127.49449
1716.3387
1151.6558
995.8059
1410.1641
973.2546
24.878609
2814.6663
0.0
107.24875
3726.4048
3707.06
2805.322
32.210636
4175.217
2512.0496
0.0
4363.301
1829.9292
110.21268
3282.2402
4436.0874
5448.678
0.0
2415.4062
2488.069
2692.7983
2805.0938
1348.7203
0.0
1843.1326
5496.671
2146.218
0.0
5491.899
3695.247
2511.0312
4050.2036
1166.5713
2930.9604
0.0
5501.5728
4141.38
2378.4055
3666.3838
2489.5852
2606.6443
2164.072
3564.6787
887.7811
30.55122
5055.134
3077.2915
3776.8708
180.19762
2039.4753
3363.3008
3332.6938
0.0
4225.076
2764.7168
4155.765
2630.7542
2880.4016
31.890377
5497.242
1314.2048
4786.445
5429.1143
1614.0929
1355.581
3149.3943
641.36475
0.0
2063.101
4491.8936
4462.743
2336.126
5496.2046
5488.4316
4330.1357
2727.7598
2941.463
0.0
3344.2131
0.0
2765.0898
2467.4941
5481.897
14.93125
2967.7056
0.0
3959.3706
5492.282
3781.0557
4929.057
5421.9824
2957.997
4239.5684
3586.692
2895.3828
0.0
2721.134
3169.7253
0.0
228.919
3624.3433
5495.9233
948.5847
24.117207
5019.1685
5483.735
174.9927
2250.5542
2713.044
2832.059
2895.83
5134.676
148.94571
2701.4722
4134.4204
1086.1726
1878.7174
4191.5547
2843.6367
5486.583
4486.258
84.87839
4085.208
20.60908
2952.204
5492.5454
0.0
4235.9
12.245
3699.017
5081.0522
2742.1067
91.388626
0.0
3199.8018
5502.9297
1162.688
4158.159
2773.2476
5279.754
56.992813
5497.7656
3781.0361
60.1791
4081.363
2502.945
4417.6074
1346.7972
4183.3164
5496.2705
2256.1675
2321.756
3287.9795
3177.209
70.29677
2532.3384
3690.1914
0.0
3511.5
2239.4106
0.0
2997.0376
3618.2075
0.0
210.6072
461.01355
5492.043
5398.4917
0.0
25.82621
4570.061
0.0
2203.9902
437.42996
2104.8433
5496.198
2123.5854
3541.1523
4600.002
259.94543
3491.1309
57.26552
5492.546
3702.9785
0.0
847.7351
13.375326
653.35046
0.0
2860.8984
5499.9585
5119.749
1482.366
2994.965
3935.1953
1166.221
4091.537
78.26674
3487.9438
0.0
3779.8105
0.0
2840.3044
0.0
5480.7197
147.59673
1020.5676
0.0
5487.0244
443.91638
2367.3674
3864.2544
1175.9321
9.924318
5494.467
0.0
18.27612
3682.4675
19.135979
0.0
2978.173
3186.7322
4650.4214
1334.8468
163.30885
5475.84
2386.1692
2939.1152
3177.027
595.68774
4384.8076
5485.2734
5494.1426
4864.7026
3553.5576
1191.7966
2018.393
566.77814
2251.72
1266.998
126.9829
0.0
2846.4697
32.965122
131.15662
0.0
3503.7622
4847.588
3954.2231
4558.624
5493.011
1820.7229
561.79443
373.3105
5491.493
0.0
3081.9243
1562.1821
32.557816
2693.8926
10.402077
1458.7208
3440.3315
5486.884
5488.5483
0.0
0.0
1574.4142
5491.297
416.8852
1743.1152
0.0
1750.615
1684.196
0.0
155.53647
0.0
4010.9404
1195.3115
4309.2446
5493.243
1131.0144
1763.2814
110.36569
583.76953
18.20726
1897.8181
4629.1963
675.6166
2027.2675
5493.1187
0.0
0.0
3053.9512
477.26337
5492.0884
1524.747
55.264633
5347.3877
5486.2183
2422.1934
3131.8389
1890.638
3473.7603
3159.3567
0.0
1832.6931
3891.566
4580.3887
5500.2925
63.786293
5497.4585
4471.2173
0.0
2166.49
0.0
2681.8818
1920.5166
0.0
2797.8901
5484.2046
2193.8203
5491.127
1214.6498
0.0
3209.1409
1157.9647
5320.545
5482.8716
4608.8677
1676.9456
5496.3735
750.92694
3800.969
3198.4224
892.1101
4655.583
72.15235
0.0
5496.7866
0.0
2205.8389
2819.9355
60.467125
128.49216
2023.5911
2854.526
0.0
1038.3262
3791.2393
5490.206
1176.9253
20.396135
550.2301
5500.539
0.0
138.00565
2871.5303
5312.993
108.89935
4571.7407
3118.8242
5502.233
418.15784
113.20729
0.0
2068.1172
0.0
5481.846
639.6944
187.1865
0.0
1602.513
4540.851
0.0
3718.2705
2357.397
1173.1289
5496.2256
4466.08
37.461067
2607.7422
2372.6853
359.1631
2203.136
5493.5146
3614.484
169.39258
3756.9717
2002.0027
796.61523
0.0
4354.4595
1896.5817
1502.3123
0.0
2478.352
837.88904
2983.8474
3788.4814
2668.2498
1667.8647
2928.5208
453.37592
2443.3193
2624.683
1245.9194
4660.5625
3690.719
3383.3943
0.0
27.475014
3518.9456
2.2202973
132.0667
2510.017
4564.794
5491.1978
5473.756
3144.9978
5491.688
4090.6003
5494.9404
4318.333
5488.8447
2628.8804
2518.6113
0.0
4350.7705
131.7861
476.10358
3504.55
1421.0632
1935.7305
5495.04
5493.799
4768.363
0.0
4756.062
5496.429
884.0591
1221.9412
2000.1248
828.75964
63.745415
2624.341
3211.6533
14.74839
4232.2607
19.132519
4959.6323
5495.3413
748.4769
2283.9297
2145.8164
0.0
5500.718
84.119804
3056.7004
0.0
5486.7456
15.357847
0.0
5478.0176
5489.927
0.0
560.6649
0.0
0.0
5492.0596
4637.043
13.431443
112.694214
3794.4727
68.42757
3743.713
4377.604
1845.0022
5491.745
5293.215
2666.5364
2170.948
0.0
703.342
3527.8127
5020.1274
4302.7983
2080.095
2004.3582
126.428345
3977.7905
3626.275
3116.1445
2316.2615
3738.9492
2276.9583
2796.397
2227.3628
5491.9297
5189.413
3571.8218
3687.622
1410.7056
596.3253
2238.26
2365.2246
2905.734
0.0
5489.2266
5493.1245
22.05069
400.57346
1193.0831
4101.7515
2707.5862
2587.1184
83.40919
0.0
192.91672
1768.8842
1364.2703
0.0
3366.2104
5490.51
2458.1123
0.0
0.0
55.386288
3918.5337
0.0
19.454735
2774.2075
3303.56
0.0
3768.9744
5494.879
183.64897
5495.3574
4485.5063
145.42136
4888.336
2424.447
5500.073
0.0
309.99884
3061.0886
3018.6267
881.95624
3085.5134
3612.9172
38.041695
4443.5713
3471.934
3274.4082
7.4951324
0.0
1422.7258
4428.8374
68.57393
23.053497
5495.7466
4048.477
3534.73
4769.1133
223.51595
5491.8228
872.24915
27.252573
3164.4795
2848.0576
3580.7217
5497.3564
849.30457
5493.838
2237.477
1341.2937
4330.897
0.0
0.0
3128.775
3114.8247
5495.3447
3605.9893
1567.8728
59.891098
2847.9026
1241.2632
937.2966
0.0
1620.1855
4428.346
10.175584
3770.8735
4134.841
5491.9272
714.3132
1247.1036
2969.1704
4484.386
0.0
38.72396
2484.6084
41.658207
2938.867
4842.398
5019.92
0.0
270.89175
2178.2744
0.0
4865.848
4355.3066
547.7151
33.10289
2755.3015
2255.193
5138.93
4529.0356
5492.062
3871.965
4630.0894
5495.376
3776.6287
0.0
41.879288
4117.1763
5058.6904
3983.3635
0.0
3450.0393
0.0
0.0
4657.137
2165.33
13.914563
2444.3745
31.147697
3695.7568
961.4477
0.0
5493.4814
3250.7915
5077.418
4858.311
106.363106
5499.996
4491.427
272.14203
3598.0518
1342.9663
10.114401
3402.849
934.2838
2146.1226
4523.8403
3706.7686
370.8285
5500.157
2754.778
5024.353
5489.306
0.0
3104.8867
3143.9944
5494.314
24.166851
0.0
139.7352
450.93524
716.7893
0.0
1152.3752
48.679108
5497.5645
4366.4663
252.43451
51.37936
143.23973
3850.5452
2540.434
2637.5261
36.224667
4078.5679
3669.268
3732.291
5490.4375
153.88571
3331.1602
90.3271
43.90161
3686.248
5500.365
2750.6208
1209.0226
4893.372
5493.539
1.037168
4510.215
3725.831
2585.936
5493.178
378.7658
2834.122
1476.4854
32.374252
5498.856
67.991806
5494.9517
5494.245
0.0
4919.8364
1907.4424
831.0913
0.0
99.21096
0.0
2443.5618
2854.7244
2985.7144
733.0365
1856.9954
383.01056
3520.4897
2213.1174
5491.9507
138.3469
5497.9883
5494.9297
0.0
1844.7543
4904.1484
5487.479
40.342674
3376.57
3174.4436
0.0
524.0829
3323.44
310.7879
3693.2832
4508.754
142.24258
3714.084
2430.6228
1972.4354
1437.7876
0.0
3312.8643
4238.0825
0.0
5489.7163
627.62463
3372.0122
3648.4482
0.0
0.0
11.996267
182.88214
0.0
1199.9486
177.60625
4389.707
5474.96
4803.673
0.0
0.30208266
5489.6636
5492.0273
4062.1272
93.301636
0.0
1460.9781
1656.0122
813.04254
204.9906
313.98965
0.0
0.0
1741.0586
0.0
5492.7666
2704.4492
1072.4573
3024.8179
4083.2458
0.0
537.9951
4627.728
1.4439155
2149.2476
3788.8218
18.788784
2353.0435
4009.6943
5477.1006
4277.4644
24.401295
4820.4272
0.0
0.0
765.43195
4495.898
3861.7344
0.0
5255.946
4286.714
2783.6567
0.0
2718.4463
18.947048
2548.4094
694.20654
2435.0332
891.854
5488.1025
566.90515
3193.8
4396.8047
3890.0693
5489.1406
2405.8074
130.2012
1173.8862
599.5099
4370.385
5047.186
0.0
3908.9663
2526.1648
133.89268
5491.553
1257.5228
4345.4077
2025.5708
4622.065
3543.4707
114.08552
3086.7402
2434.852
5498.873
2652.6628
175.08267
5109.1006
0.0
5493.918
1294.3052
25.694935
5492.8643
2267.1003
4485.236
3473.796
2455.1567
11.030262
0.0
1264.3862
874.4353
4284.6353
2218.5054
0.0
672.0263
34.88787
14.849209
5235.2065
5494.5034
3882.4429
2027.2322
3313.4663
2470.0796
1317.9199
31.526756
26.699665
5492.6313
2814.313
4176.678
5115.9336
2696.8608
5491.657
5492.935
2942.4346
517.801
0.0
0.0
2760.343
589.73773
3244.674
3988.7646
4358.825
2022.4639
4535.875
121.24523
5493.051
0.0
1428.8005
3903.957
5360.6465
5485.3105
5489.7744
3299.6091
2938.6934
5486.665
5489.8965
2098.0652
5495.9233
196.86319
1055.875
3190.3171
2356.8376
2186.298
2742.6853
87.59328
273.87683
760.64526
0.0
2426.6802
790.11523
295.04828
90.435974
57.78234
5502.706
4909.4434
4927.337
4951.1035
3971.7695
3990.3286
2498.5015
3495.9
2761.1309
0.0
1323.9744
4230.633
3800.7544
3511.8452
0.0
469.71912
4024.3843
0.0
4167.462
2378.9404
0.0
2638.8472
0.0
4326.7144
5483.9053
5493.323
2965.9783
3961.259
613.85223
263.5824
27.412476
0.0
2808.487
188.36053
4421.0176
5154.622
5330.6914
2435.9172
687.9417
0.0
897.3231
158.79407
4102.205
1803.3298
66.01041
3861.0813
0.0
3846.0745
104.60841
1871.6626
4060.2432
0.0
2122.6567
0.0
5493.171
2164.6116
2809.9111
3308.3462
3262.9312
5496.8003
3431.0918
1575.0676
76.16611
1024.091
2747.5835
2723.245
190.08069
1477.8125
1.4853995
1526.9263
1697.7083
35.328766
3037.862
442.7812
5494.8984
4728.0923
3085.0774
5482.6875
4065.7712
5470.5474
2914.184
2792.315
1747.9092
131.89867
1235.7568
2479.4285
4586.301
2126.52
5479.2583
0.0
1728.6621
3813.9976
3307.1995
569.22485
5483.9185
3714.5503
5483.867
3121.8916
3329.0417
3636.0715
3053.317
5499.4604
5489.3433
3218.0244
0.0
2640.7073
332.6475
0.0
0.2791983
0.0
0.0
5491.6875
3006.3367
3094.2654
104.08445
2680.7988
4994.8027
0.0
5496.9937
2694.922
0.0
4431.3027
4200.913
4130.7163
1595.5049
4592.241
86.65508
5166.2515
4236.1323
4034.6162
5488.3896
12.475046
3945.6528
4444.209
2444.8274
2789.1665
661.79333
1788.9364
211.40472
3040.4407
4928.713
326.5917
0.0
1033.7511
4871.142
3924.6416
0.0
18.258245
3093.9897
2991.4038
0.0
0.0
3250.2402
2335.7966
4114.7236
271.88483
4214.1816
5411.3984
5483.57
5495.214
5489.541
3912.2334
2397.8545
63.34873
1726.7943
3081.6382
4098.029
4470.2495
3130.7827
161.76274
26.068466
749.8985
213.71187
1192.5869
7.1110687
2721.3086
2681.5298
3184.5542
646.1549
2943.708
1606.3945
4125.0073
4.419471
4306.27
3602.8618
1972.1755
4498.3467
1875.3909
1966.8987
0.0
1281.2789
800.48303
1766.8771
3596.6982
3975.8413
2451.9658
4310.583
111.541046
1169.6272
4017.5012
1165.2737
5478.8594
5485.498
0.0
5493.9424
17.571693
1170.3079
2947.9185
3577.5667
0.0
2190.3765
4111.7173
5467.8926
1746.523
0.0
5027.699
4172.3477
5497.4287
255.12292
2136.7595
3182.5417
4568.2725
5495.163
817.8876
4452.9224
3936.2524
1698.0109
3262.359
4011.7993
4190.067
2904.1785
4588.4404
4412.5874
0.0
2848.1865
263.20044
3897.0469
62.885777
2132.7463
4020.73
1325.6824
2269.8262
3493.08
2003.9669
0.0
2513.1357
1961.4305
3888.7114
23.645702
2816.8218
158.83069
4834.4795
47.877014
4596.955
1623.0997
3463.725
2848.6372
3775.5796
0.0
0.0
29.500053
2618.653
0.0
136.20187
101.746216
116.70776
2983.6895
2649.7036
3468.9043
2844.338
843.7633
2631.6697
2094.6934
0.0
16.389193
117.59593
79.98945
17.973799
4135.5166
5028.985
0.0
4514.5356
4105.016
4077.053
10.244128
3457.4722
492.40866
83.75411
5485.55
3382.4084
0.0
3591.5452
1079.3506
94.300125
2054.0332
5394.6304
190.05524
3573.866
5441.7617
86.93283
4535.241
0.0
1775.0754
5502.2246
5499.127
83.24134
1288.4515
5482.0317
2438.983
5487.6553
3653.2612
1175.6874
932.1105
5493.015
5165.8687
4196.4355
4675.7827
693.2003
4186.6357
5495.954
3459.3496
0.0
5490.2783
5140.2476
0.0
0.0
1589.1821
1075.3188
20.027452
3757.3813
3141.3845
4182.6514
4075.7078
1728.1006
4784.1724
2575.3613
0.0
3607.859
776.85236
5041.061
2873.9429
3041.0337
5478.7607
3658.3772
3300.109
3466.3035
0.0
5501.9814
1049.9885
5185.623
5048.623
3121.4736
40.896717
2908.8699
5404.8774
2740.198
3077.475
3778.7864
0.0
3617.351
39.10154
5487.274
1299.261
5307.1973
2990.4233
5484.96
5500.2954
2856.518
5487.651
2188.5876
1943.5063
142.37863
3141.1406
3230.1282
5490.7974
0.0
1109.9602
1359.9998
1935.1455
5172.7046
31.22604
2745.0496
563.506
451.74164
2558.1304
5493.0645
2754.8306
4109.2935
5480.957
0.0
5501.801
5485.495
2580.9194
17.44669
1751.7026
5501.335
4278.9707
4451.5137
5493.975
1562.1675
22.380775
0.0
710.0602
5487.279
2016.8142
2727.1365
4504.6816
5500.326
3222.1702
5248.268
1092.764
1338.7328
2082.3364
3064.7551
1111.0442
5491.127
3292.8516
5486.758
4769.0273
1485.9108
2792.1177
950.3103
1952.0219
97.59042
0.0
5498.29
5498.3076
5362.9
41.78402
2627.5388
0.0
5461.3193
2516.0867
3014.3613
4026.925
145.2469
0.0
2797.7434
59.683563
5496.2085
2644.5923
819.626
3188.772
657.4051
745.4589
4349.2065
80.605095
0.0
2069.9858
5498.7407
2241.324
4235.1553
2455.5647
2475.22
58.474968
2921.9912
5218.0264
5493.6196
2595.9346
3056.9795
2817.7876
8.2677355
36.114872
5488.083
4218.8945
4969.416
1841.6694
1860.9221
2739.25
3551.1826
14.001571
2973.9036
1542.6699
24.834099
0.0
5047.535
3866.5015
5493.2524
0.0
2530.1697
2840.5627
3105.3906
2757.3035
4793.0293
695.30524
3946.1304
191.92581
1092.4854
2873.8594
5490.572
5492.8525
0.0
5487.5415
3347.851
3472.0747
3623.043
0.0
3582.1006
31.847317
82.01994
1844.5018
5493.91
139.43584
2033.7307
0.0
5467.893
3997.1997
3339.065
2914.6946
1723.0955
27.079014
3712.1055
2148.1123
3058.15
2777.937
23.317368
5499.1045
2915.2256
3734.1443
56.652878
139.48615
3870.1733
2793.0454
2983.9067
1396.4835
22.777676
4383.225
1498.4915
2792.1538
5492.7827
115.75871
12.7509
16.251654
5489.2603
1926.6608
890.7831
1386.7592
5495.1006
3756.0146
114.49504
3166.4395
3406.2046
5323.999
2865.427
3718.3252
0.0
9.742673
1622.6569
5489.823
2064.434
4856.5527
2859.8694
2864.4727
3419.7876
2004.6895
141.7916
5482.6143
3642.3257
3053.647
2890.282
128.12311
60.23034
2181.8467
10.7314415
0.0
4199.243
4126.479
2047.0867
132.74129
0.0
208.50697
4747.319
910.15625
612.21564
4882.2485
4636.6074
5499.789
4178.7466
98.50749
1915.4226
13.264036
5487.0566
656.30505
2763.7913
0.0
1586.8639
4998.8174
0.0
3038.1396
5308.629
5488.651
5498.127
5356.311
255.12415
3852.8916
0.0
3663.216
4010.4033
2197.3333
38.76134
5126.3184
3877.1633
1196.0732
3747.1084
4630.4883
1978.089
116.71918
2261.9443
5500.3193
2287.6262
1809.4196
4064.6401
5231.7603
5495.2305
4770.1797
2697.2659
1098.1792
870.5821
53.45075
4089.1948
137.12154
1236.8955
1376.65
2193.3237
3684.2163
1768.8157
87.29226
3109.8296
2606.132
842.11285
2014.0272
2564.9832
3515.119
12.343676
4112.4395
2332.3423
2864.9302
158.83308
3543.146
5090.904
0.0
5491.1377
1865.6146
2285.0745
2482.9937
0.0
6.6536026
3133.5935
1898.2185
1219.2686
4326.879
3989.374
5489.2754
2050.0413
0.0
4101.3193
5269.4854
2708.3335
5493.865
855.7805
2264.0728
5310.579
5180.3105
4078.958
5321.0303
3476.042
5472.0503
10.317691
3221.074
331.63385
3391.1958
160.8894
80.075356
5492.548
1402.5374
5493.8965
21.564302
1568.9346
1146.3431
1833.3495
4628.0957
5484.716
310.10443
5091.213
56.695145
563.7815
0.0
49.16118
3948.8228
5491.712
1884.7899
4361.1157
1566.1497
4181.13
3685.7876
3824.445
5476.915
2525.0156
5275.38
2493.312
5496.6943
234.85701
0.0
0.0
15.434752
5348.9863
3883.2034
607.6154
74.8985
5080.561
3692.5142
3367.2495
4074.9792
3725.0627
2326.774
1978.6798
0.0
2957.521
3559.9146
107.1875
5092.9033
2677.3884
5489.362
7.36808
13.737789
5192.531
28.74882
1821.8923
3444.1604
3345.7551
2259.8862
2535.0603
5495.3213
2071.426
0.0
1658.6611
735.34814
68.71757
5489.312
5490.238
5501.577
4258.5513
159.26277
2396.9644
47.04886
5495.1104
3764.241
1310.6376
5497.55
3673.4111
523.11255
0.0
3784.0312
627.5103
434.3804
197.525
168.94423
2593.9714
2253.9285
63.5805
4204.6274
31.2487
5492.551
81.793335
0.0
1731.8713
28.787464
0.0
1864.7417
3931.3894
0.0
4137.8643
0.0
4790.0654
4404.6123
0.0
5490.288
2194.7808
3733.9958
17.821594
2846.6533
2816.4077
4618.2188
4553.409
195.21274
5495.049
3790.9253
2053.5388
4021.0938
90.255455
3365.0164
5491.9116
13.375291
1177.9502
2191.0422
3702.662
1947.6375
0.0
0.0
31.969296
5479.3633
4442.2715
1060.3273
3411.3418
1053.8167
4903.011
108.964294
0.0
1720.9403
4534.7944
3430.2515
0.0
5492.2017
736.67676
856.8193
43.1513
3170.7402
651.7783
1583.5234
2027.8484
3803.8105
5492.545
1896.4597
3911.4028
4907.111
2416.649
375.24927
4241.3286
115.25058
5288.3687
4364.7344
1147.8367
1762.9072
4832.648
3695.6504
3750.4805
4451.601
166.14569
0.0
90.96519
3612.8696
4355.9785
0.0
291.9918
141.14963
138.15384
307.64377
877.56946
63.87692
0.36634666
5500.337
399.94977
3219.359
5471.2637
519.6333
5352.8506
5478.546
4986.11
3185.7778
1866.6458
770.968
3597.8845
1657.3506
0.0
4702.873
2607.6948
3378.8276
3828.4438
2452.4475
3468.1
0.0
1182.2081
5491.588
0.0
2889.2798
0.0
5494.893
39.73067
556.29156
4229.122
3838.1519
4065.7725
4699.839
0.0
1792.7812
0.0
808.452
0.0
133.49072
94.75858
1517.9102
3681.748
1329.4476
5494.454
3913.994
2961.1487
5491.777
37.807274
2866.1313
0.0
0.0
5494.9014
33.621094
0.0
3800.897
2944.2615
65.934555
2205.1694
25.50999
1011.4784
5236.9316
5173.75
3050.7156
196.82336
54.96209
3543.8657
3397.043
3335.3848
206.70377
0.0
5489.233
3532.205
807.1321
0.0
1304.5073
3811.1707
22.408257
5490.0522
1272.7551
3685.2793
2929.2195
1817.792
3197.558
4.055459
1704.9922
5489.516
4796.751
9.589886
1044.6489
2491.7756
4304.3506
147.80545
3326.084
8.793601
1864.2369
0.0
828.1355
0.0
2393.443
1573.6042
968.685
1813.9624
2712.317
3082.5361
3193.8032
123.29208
3397.3823
0.0
652.7309
2917.8599
3729.1982
683.2981
3366.369
4850.9062
3542.4888
5494.892
5306.856
17.334023
3184.6606
5495.648
4672.0386
1797.2294
3086.8535
1511.7522
4814.995
3702.595
2671.755
2307.5222
2031.9106
5502.537
18.913198
0.0
5498.2617
2195.6445
0.0
2448.4238
5493.0005
3941.9907
3724.3535
3959.1777
5488.3438
119.11373
5478.1714
2078.8452
3311.8442
0.0
5084.8896
99.06181
5499.1436
1807.8357
0.0
5497.041
5409.8325
96.37449
3739.149
3045.641
121.724205
4049.1501
5496.2466
1881.1182
3727.1047
153.26646
2386.1692
2499.2036
70.60544
4113.618
4907.9014
53.694138
2713.9487
2348.3254
5232.5576
401.37863
3461.4734
120.55373
3379.5312
5494.3203
1067.3479
5499.5806
5497.466
3713.767
42.489143
3493.878
5159.4526
3409.7937
2049.9736
1791.6335
3067.6477
109.31677
3476.0928
3065.1162
2810.68
5491.673
2013.0205
1313.551
0.0
0.0
5486.344
0.0
0.0
0.0
5484.6797
4821.329
5482.2383
3141.9917
4311.5474
3449.75
3467.7837
1174.8911
2941.4539
5487.1523
203.4424
2910.147
5490.5806
1703.1223
3643.7139
5488.244
4960.9526
2112.31
4260.238
128.17108
3622.1516
2863.9114
5490.7954
10.509167
2745.8467
3305.5662
5491.391
5493.128
28.214125
3818.6055
3756.8025
3140.0454
2389.0142
0.0
444.15643
5497.3145
985.40967
3638.583
141.01578
4502.8584
0.0
480.65393
1376.0071
998.692
3501.2783
4091.027
3287.8987
2213.972
0.0
2176.6597
5139.944
3665.5981
361.38513
0.0
3988.1572
0.0
17.268473
4445.4355
68.70074
0.0
2951.9858
813.08734
2539.3452
630.7982
5495.71
0.0
2358.6687
66.86816
2439.1743
902.613
169.53204
1190.987
1268.8937
5494.799
4770.6055
4460.998
3563.2363
5492.038
42.44178
3331.29
4243.859
2161.1436
0.0
0.0
5500.841
3853.6309
2335.163
37.79509
4180.8833
5418.6177
4061.1982
0.0
2350.6982
5496.5986
3511.3667
5496.094
0.0
2796.2969
5490.8823
0.0
2589.3538
3285.9607
125.85831
5500.57
96.647575
3415.9346
698.20435
2797.1387
3452.3496
4769.623
5486.128
2505.191
2760.917
37.60347
4787.774
3127.5505
464.48636
0.0
2553.5933
1638.5953
5496.5913
5057.7227
2125.608
1610.139
5485.663
2762.3154
22.238358
1679.3375
22.068668
5484.1
1350.0603
2636.9575
4253.919
1638.0842
2857.6167
5496.843
801.1886
2961.731
5495.3096
1251.3425
5491.748
1186.3885
0.0
0.0
1592.3696
128.48894
4902.938
3360.1948
1336.2781
3203.9526
2908.1992
4127.6846
2585.9238
255.19237
2337.5898
5487.504
5494.376
1343.9604
109.610115
2904.1113
3601.884
1059.3367
2305.7783
102.56638
2722.8018
3802.0151
78.7966
0.0
2585.9578
0.0
0.0
204.91794
2539.1335
440.45413
31.728186
346.23602
5468.5645
0.0
75.28699
4038.6494
5495.042
3706.7402
3668.0645
5487.662
3975.136
233.14174
2505.3752
5495.932
1401.0254
3.5771968
0.0
5295.662
0.0
813.8717
1754.9375
0.0
4491.6978
191.69894
0.0
868.07153
2831.9905
2219.289
5479.8975
188.7736
265.73422
5232.0703
1363.1772
5489.469
0.0
2899.9414
2578.3772
1936.2737
1346.0719
0.0
3308.3188
2973.8828
1242.833
54.0754
4.099518
137.13988
3079.8442
5502.9663
0.0
3166.0293
5492.688
4967.189
1649.2494
2242.4524
189.97592
2790.142
1912.4193
3698.627
5479.2793
212.69955
925.76337
5502.412
5500.0015
155.61407
88.84159
91.025604
23.477737
5493.8613
5408.062
3152.1313
4615.188
1342.8472
5495.4126
188.26285
852.44214
3181.3018
5487.4053
2471.1306
1083.1995
2825.706
0.0
2746.5676
2847.297
2733.6738
5494.7305
99.39052
109.13842
3710.5698
1022.36646
5489.0
5495.508
2723.4707
129.34271
5495.629
5492.1357
3993.2607
3234.9155
3340.7698
2392.5835
3017.511
1803.6821
0.0
2065.9194
2786.439
23.472733
0.0
1726.0773
1893.0615
5484.3965
4790.2886
0.0
4601.2246
1815.8561
5032.1636
2752.893
73.501564
1263.8007
170.19785
1032.1721
5032.9336
1571.0398
2989.776
5495.745
5485.0107
2438.4165
2009.1539
2565.4783
4352.46
4036.7837
4177.3555
12.252106
157.0208
2723.4148
5114.465
0.0
0.0
102.926834
2843.9749
5487.2515
69.07656
5496.337
0.0
5491.11
284.27756
5474.2793
5490.765
4972.796
3822.7642
2721.3232
4224.787
2846.1658
2528.8254
1516.7603
2890.1985
5082.043
3015.436
1136.8494
40.64633
5490.281
4101.265
5482.1914
273.30585
81.54226
5494.5215
4323.13
213.4129
4881.953
3487.7559
2870.5645
5487.8394
1291.0519
4006.693
0.0
50.48484
423.54114
137.65015
239.41707
4913.38
1023.6432
0.0
2289.768
1758.9219
37.00585
82.75964
1507.5042
5493.121
5495.4863
877.1636
1542.2849
3408.6345
5498.5254
5492.124
1543.2148
922.7362
5437.4077
2937.9907
4751.105
5481.657
5491.346
4794.524
0.0
0.0
3543.5942
6.404864
41.849686
830.1467
5492.819
3995.3325
157.69708
3731.306
3145.1252
1180.8975
2891.3772
3780.211
3544.314
2349.1863
3767.1467
3856.2432
5495.9165
3479.2686
4142.039
1317.2292
0.0
4495.6846
1994.5294
0.0
49.25138
703.3129
0.0
1783.6719
2022.6956
5489.4917
0.0
3426.4238
3880.3486
3183.1514
5428.0615
0.0
18.678959
2114.878
3785.6309
63.13598
0.0
3537.045
0.0
4951.545
3564.367
2377.4558
4326.653
5491.158
3335.8723
642.5229
0.0
4422.793
4777.238
5119.416
5454.497
0.0
3556.2024
0.0
641.7877
3771.6692
3612.8403
5485.2334
1553.1252
1793.7351
19.98792
5495.212
3740.3516
3614.6304
497.55658
1217.5262
2787.8677
1044.3998
2097.9446
4012.5234
1118.4888
4417.2686
2815.2976
2980.519
317.1407
192.08694
999.557
2330.6833
3726.4707
3109.7559
2639.636
5495.7056
2918.2446
1446.1227
5498.463
299.67615
3077.0244
318.348
2426.6794
3588.656
5490.2686
2920.6948
5118.9165
4055.3447
5486.128
0.0
3500.3782
2938.1646
3785.6973
2449.6191
3128.6782
0.0
0.0
5499.1187
5485.911
2031.6923
5483.115
2952.8245
2815.7915
2038.2173
176.68259
604.00806
5494.1006
471.16644
504.65363
3729.3447
1972.3738
0.30600345
5494.51
5489.337
5311.4443
5481.9062
3295.563
22.49685
4861.0
2357.1372
1185.6938
3670.8408
0.0
4016.2197
1191.8094
5496.7915
5492.079
17.112036
3835.9878
3249.98
5486.6123
0.0
3747.2317
3717.9731
1876.092
982.36755
0.0
2613.4204
3006.5264
5493.918
5484.543
1812.9319
0.0
305.1198
2160.272
3377.2568
80.00458
5462.183
5492.3564
2744.8672
0.0
2.8017285
3560.4167
20.002623
5485.6045
1824.1426
1577.4661
2387.5762
0.0
5288.14
5498.1133
2636.6426
0.0
4585.3867
146.75378
5499.755
255.66666
1053.2004
5171.231
2884.0962
3308.663
2319.4424
2626.156
5396.369
4329.023
4484.57
0.0
3088.1265
3655.3257
5469.1733
1363.9307
18.048237
0.0
928.2228
5483.789
5493.169
171.8133
4271.078
4800.7715
3039.8025
1567.8273
3355.575
5487.3896
194.03214
67.19121
5491.8896
33.92543
3432.1833
3150.254
5493.1978
3847.4849
0.0
198.76895
103.21869
2794.7485
553.61584
3487.4023
5476.402
0.0
3798.5508
0.0
368.98257
1942.8069
1930.1677
2698.8035
505.63892
0.0
0.0
21.210682
5501.2085
0.0
109.87996
5459.3467
5485.132
22.458271
296.45856
0.0
54.63121
5493.6494
4470.2314
201.42204
105.05165
0.0
5475.875
3972.3247
128.97359
627.0083
4506.9873
2882.2656
210.46324
4045.229
2930.775
0.0
2605.0388
4860.5205
0.0
0.0
0.0
1545.3374
4180.7227
1589.9741
4656.7314
898.6643
69.66455
4061.3062
31.307457
3614.367
2866.3115
5491.0205
5491.168
54.495968
58.215176
3399.6519
19.168169
145.60641
3034.052
1767.6411
4378.123
681.3175
2527.2097
5234.1333
5486.4795
4280.4736
5383.907
4640.835
5496.9536
4743.274
3361.636
0.0
2866.8782
1836.5143
5046.0347
3494.6948
1510.0709
2533.8613
3934.603
5484.696
4044.388
1251.2378
0.0
731.6801
5417.8813
393.86353
144.99315
0.0
0.0
102.46724
3314.787
3785.2144
1437.7975
290.25946
2409.0881
8.875353
3582.5637
5394.9004
3643.0095
475.19214
113.543144
5243.4097
0.0
1133.7278
5496.8516
2991.8047
0.0
5061.686
3591.4585
0.0
0.0
17.131954
5488.301
117.68402
1847.6627
30.657501
131.15877
1697.5747
94.31918
2730.2488
4419.1816
3302.2188
2505.7466
0.0
5493.061
3512.7437
5494.553
79.42189
5491.2354
79.6352
2151.6565
2459.6301
71.65062
0.0
68.063896
4213.8354
2678.4336
3169.954
641.7618
4128.8496
93.68265
4611.168
5483.8325
2635.6309
1019.9009
4870.882
5491.375
2036.8976
3508.437
0.0
2252.287
1349.1569
5492.081
4873.8564
2291.998
2618.3877
4048.1265
4086.6743
3129.5132
0.0
4559.376
4862.7393
0.0
5480.8657
5097.8975
3471.872
2440.544
5490.037
623.2191
3122.0273
3069.235
5497.0674
0.0
459.65482
0.0
5492.04
0.0
5489.284
3701.4363
4137.543
2727.148
795.648
4092.0918
5035.092
0.0
87.47925
3136.266
1642.6934
5499.3096
0.0
2473.5896
3835.8555
5496.459
3472.2012
1456.4048
5489.9873
0.0
0.0
131.49005
5420.9463
5489.7607
505.6565
169.66916
1375.8988
727.7852
448.0639
1447.2954
3734.3958
2891.246
107.76698
3029.1008
5487.6943
4361.3267
5495.51
2327.8875
51.64119
96.72981
5491.8647
5489.1743
5488.8115
1765.9946
1264.7201
2198.1055
29.799984
5296.1807
2835.6038
5433.138
3486.5146
378.88525
0.0
2036.2694
4172.87
3348.0881
2151.7937
507.19757
1789.8134
0.0
3562.2588
5488.202
1358.3596
4444.3364
4004.935
0.0
3259.3833
0.0
2877.701
1835.9353
326.8359
1766.8113
2378.768
4388.082
5482.6426
3936.0083
42.988968
4612.8022
5495.089
392.46344
3253.2422
2170.8513
5487.1426
4489.632
4383.086
2602.2002
4130.9683
685.33356
3379.7085
2509.2964
1.6316682
4657.1284
3790.5989
4232.207
0.0
4213.8145
2413.3323
8.37734
3007.5286
2438.3135
2436.0967
3298.8042
5489.061
3196.2817
2986.5718
170.48154
3980.2546
964.7291
5496.438
120.239204
5492.3223
755.8298
172.7943
3251.3809
2686.576
3569.2417
3170.103
0.0
735.78815
1090.6875
5127.0234
1862.7585
664.52856
2682.704
2015.0184
0.0
885.0363
2639.7063
2580.476
2889.6064
4781.803
5498.941
3025.5818
5468.7715
1035.1823
653.26245
2583.0752
5163.0645
4976.1523
4854.1484
1002.0813
112.660614
183.86063
3637.9204
781.1826
2831.4119
2486.6443
5494.7373
2716.0205
0.0
2816.5986
4702.3965
2415.2104
4030.8374
5485.411
0.0
94.85946
5489.4785
5495.7417
2876.2725
1853.1953
1313.1892
21.343002
12.039518
5479.1377
2299.1768
61.16986
5493.2646
1840.863
415.3064
25.219078
5135.7007
4979.617
0.0
2361.0044
513.8892
4398.247
0.0
3331.4229
4540.1733
52.11856
3508.1548
2349.939
2275.413
202.30069
2167.0635
1688.9453
90.85393
4095.5479
5491.699
862.4465
2167.6284
5490.7725
1392.7947
0.0
1254.5327
5492.24
1132.1198
1160.6451
3512.1655
1085.031
3060.7773
2831.2754
1933.3633
0.0
3134.9023
76.06232
3897.9512
135.1542
3095.375
5485.0986
4135.1367
0.0
0.0
1716.054
5494.5205
4334.243
5483.1587
1702.3711
893.02704
1020.07935
841.5221
2127.504
2052.2969
5001.7095
2398.107
0.0
5487.646
0.0
4159.923
2370.6606
40.314003
102.69293
156.48755
2604.2202
3184.6814
70.0691
157.22403
109.64693
0.0
4233.4233
5500.882
362.08444
2195.179
4829.0186
825.0419
1253.846
33.984367
1907.5417
47.528206
54.163742
5495.9194
17.392063
5213.174
5492.6763
3045.9336
0.0
5026.54
1290.3474
5491.981
577.4956
3160.7593
5485.028
3217.516
3497.0522
3863.96
3037.7905
2220.7551
1945.6663
2570.8506
3759.4707
2954.1272
2667.5398
5494.0264
2062.7927
2628.8406
5492.817
4091.562
0.0
855.2894
5493.914
3629.3281
5500.1504
69.09341
0.0
0.0
2042.4385
0.0
3897.936
2190.279
5490.137
72.303894
4346.8906
5491.799
3559.6191
0.0
4208.543
5139.91
3353.8286
2040.5841
119.59303
49.41206
0.0
2923.0088
1929.8613
3067.5928
5.1647387
4068.478
174.99413
91.19749
1466.7168
5491.596
14.851524
1398.938
2113.3765
2938.1768
3704.2324
0.0
1727.4098
4191.815
0.0
5482.878
423.35614
4822.119
5495.9893
0.0
289.26443
4160.3164
193.50388
4687.0776
5501.852
71.259224
1989.0518
1068.437
1245.1731
1355.1183
614.12695
4398.6274
4086.0183
5495.497
2716.3777
0.0
1090.9958
33.573875
1139.6257
3862.3774
1283.7747
2959.9507
2435.331
0.0
2199.3013
38.527603
4815.0835
5176.497
932.66724
4118.458
1989.4202
3434.9604
2747.2864
59.843327
2038.1748
1302.7906
2688.2388
3491.35
144.39774
3883.8315
64.151825
3540.5737
3627.9453
58.30551
81.09858
2418.6653
3534.948
2134.673
4879.6143
3319.9136
5496.5723
3133.9119
4815.6387
2811.7563
5499.09
2568.8086
65.761086
2615.023
3840.6685
5208.466
2486.958
2361.154
4198.9766
1344.9604
4203.611
13.307562
90.80831
5387.3887
1831.0969
799.1007
4775.465
5489.6655
5499.2554
232.45389
4821.7354
52.943726
1977.5413
4386.318
170.41675
5495.356
2206.9316
1059.2438
5040.368
4889.923
2012.934
2070.5144
2065.169
5500.5195
0.0
2164.8418
1794.2235
1542.5509
0.0
4130.293
2633.6943
2500.8545
5502.131
5067.054
15.857807
5491.447
3417.7554
4647.344
2580.6438
1592.6885
3208.1372
0.0
0.0
31.5083
267.80173
47.201942
2391.7507
2078.29
5493.8926
1090.355
3489.6323
1231.1383
167.41882
1136.5309
0.0
5494.6187
3640.5627
109.331055
3714.5764
4018.9253
2547.6868
19.591793
5227.7417
2139.3171
5499.3486
15.610277
3740.3252
5491.4487
5086.3
75.53274
2385.458
3761.0474
0.0
4483.1562
995.0211
2454.9062
3044.5847
0.0
323.2157
2413.236
5494.1284
5359.829
2630.731
3043.435
1826.8916
3861.0566
3811.6855
3864.7646
73.50279
5501.128
4736.177
1891.4557
4282.0615
3438.5796
3054.3228
186.71085
5486.7383
1527.9761
2505.8047
3178.789
737.5398
10.718574
4962.417
1114.0935
111.625
3510.649
34.294884
5019.1406
11.982687
2142.9321
3709.9558
0.0
5492.7256
4318.4536
4284.017
27.001366
3772.8545
3736.642
5215.6377
3514.27
3207.8506
1067.4717
302.83777
2664.4597
4024.357
5494.858
3092.971
4545.337
292.4688
2247.7588
124.01355
4648.874
4.374117
17.647818
0.0
4533.218
3226.609
2221.725
0.0
5263.7754
1906.6837
62.006927
1484.3912
1604.518
5496.793
2368.5195
3768.9807
0.0
5056.1167
2622.0571
49.90533
5496.255
5497.3203
0.0
3715.0664
759.0989
0.0
1041.1364
1833.7915
3246.9717
0.0
3824.0273
17.130579
303.54837
1604.2058
5499.1265
114.31886
130.98022
2570.7495
0.0
2678.232
0.0
4753.83
54.44909
88.33437
0.0
0.0
4347.0635
2700.4414
3166.7393
5497.571
106.11125
0.0
70.12996
3321.1392
4515.619
3124.8447
5495.2456
40.636585
3670.7104
103.96083
3355.9556
15.143456
3105.4312
0.0
688.9732
3888.2593
3856.184
0.0
4467.159
5053.357
21.88244
70.193344
3006.446
0.0
1243.1204
1177.2971
5489.1543
144.3057
5487.5547
3969.042
1934.3649
53.470787
624.099
2023.984
3202.0542
2843.162
2258.3118
5121.7256
1538.7695
1170.3542
3070.2866
2259.784
4363.9946
2466.6006
354.3226
0.0
1747.2518
2339.2937
0.0
1267.0825
0.0
1720.6682
0.0
5483.1064
5485.245
0.0
4211.0
4039.4155
3323.5906
2450.1372
5490.4395
2601.7454
613.1914
5488.2656
4995.4326
3705.812
5491.7344
1048.5371
98.62462
28.888226
243.54489
3289.379
4925.3643
1519.2784
5485.041
2913.5442
42.066574
4809.7896
1484.5977
3395.9556
4465.8193
237.72263
3746.1675
3843.726
4177.685
354.2505
5476.8193
3570.9585
1981.4473
3272.672
3700.0464
2067.338
0.0
645.68567
4269.0293
131.36287
5153.4053
181.09204
4485.8125
5488.968
2191.8853
4783.5405
5225.102
3420.1855
5498.341
402.18103
3564.832
2917.689
3221.1
0.0
1903.3746
2971.774
743.0963
4930.5444
3821.8613
106.93939
5236.3896
1973.4512
60.531788
4099.1416
2878.0173
2146.2856
1086.7753
314.65665
2275.3696
140.27011
3313.4368
2849.2334
897.6382
2030.6648
3904.5757
2925.4805
0.0
0.0
0.0
4528.7407
2930.0
89.04147
4436.257
3900.436
3678.1663
494.20422
2983.6553
5489.183
5104.8745
3215.127
1579.2024
19.181032
1264.3451
0.0
5493.492
9.718638
2978.656
3631.6924
172.99274
5494.307
5489.3643
4197.056
3990.354
37.348236
2998.9243
4914.1655
2410.3096
2574.4453
2354.0544
3375.7595
140.26549
5495.518
1904.0264
4186.127
35.37626
2101.5933
4864.624
5491.617
4374.381
5494.361
26.986637
5310.681
5496.857
0.0
0.0
0.0
0.0
4937.871
34.465233
63.43085
3932.9692
3737.707
2847.9958
1226.6792
5486.026
2654.7236
5499.2993
0.0
2775.2175
3239.7856
5496.509
3786.4106
2473.6196
2166.0298
197.43704
69.27431
0.0
74.0761
1981.9109
1754.3695
15.570545
5101.211
2479.8335
1.2685549
5495.42
109.89277
2660.4668
0.0
5489.959
10.361867
2983.5227
1541.0325
4795.2656
5468.3853
5495.017
2239.3696
5494.0015
2238.2708
0.0
4148.959
2987.225
3645.9924
4824.4565
2156.1904
0.0
0.0
43.90118
1470.645
18.116226
5341.1714
0.0
3738.245
2503.8025
30.13228
1513.5154
1510.3392
4409.046
5501.0776
4344.616
3829.984
5487.16
65.67077
5490.1855
3013.1616
1729.6398
3716.7314
32.91381
5493.066
4258.109
1328.6975
0.0
2167.919
4787.546
0.0
1976.9913
12.941504
393.28928
5495.2827
3862.3267
0.0
5484.418
0.0
0.0
1520.3574
2289.524
0.0
4391.2285
150.14119
0.0
1687.8177
0.0
5495.955
5493.4004
0.0
3141.2056
1066.5511
2261.9517
3705.1094
4412.2017
5495.326
0.0
5404.734
4208.26
1415.791
3077.969
4453.0776
3869.516
3175.9263
126.457306
3480.4097
2397.4512
2422.887
228.0487
3422.667
3097.2937
3147.1394
0.0
5483.6055
4056.671
4700.206
3402.5793
545.2307
5492.414
2638.009
5499.638
620.40717
3421.7778
3408.115
5281.217
4089.2031
1937.3167
0.0
2797.2563
138.64372
1141.4119
5218.357
0.0
2666.3032
4236.535
5499.478
4745.8755
5250.6836
3394.4
2440.1133
129.66733
4490.387
5208.287
3375.9832
1069.078
4549.967
4535.1606
5488.8506
0.0
0.0
4745.773
2624.2373
0.0
150.05132
5492.207
1870.658
901.65454
3644.8408
1840.873
756.36694
0.0
186.86292
4826.2476
4295.8975
5041.005
1188.935
2940.4824
0.0
1846.0079
4.041461
2368.7676
5499.1123
1115.2352
2503.3792
5145.342
5493.524
645.9712
2204.3464
1695.4111
95.810196
5495.48
3788.7004
1304.8157
5501.469
25.490341
1052.4637
0.0
0.0
3091.7876
5485.8975
2853.5576
3554.8596
5496.7036
34.78664
3356.419
2811.7002
4803.504
3335.7632
5486.953
5493.2725
26.049278
713.8348
2931.766
4812.334
2670.7344
4157.338
3688.7097
4575.0884
3168.752
43.33139
2857.6846
0.0
3750.4075
4916.5557
2063.3079
4259.2656
2698.8855
0.0
0.0
2305.2092
1323.4258
241.94936
4888.525
3492.4028
3731.2402
0.0
4916.5356
5501.869
3504.5132
5490.982
35.38013
4747.045
1358.1803
1989.5605
3229.351
64.4251
5030.535
393.8277
4023.4263
5471.421
3723.3323
3385.725
1878.6951
3972.8767
477.9353
2578.3286
0.0
5489.851
145.91922
2014.0273
5496.127
1302.5583
3370.0342
5500.051
5495.3223
5.9312983
1856.0435
0.0
0.0
5491.385
621.12683
5219.966
4309.129
2023.9106
3833.0415
16.468771
2570.8289
3396.9104
5486.8438
1696.5908
0.0
3403.6196
0.0
889.2913
0.0
2184.5244
0.0
5494.578
0.0
3854.2163
2444.6362
534.90063
3957.915
1590.417
39.566265
1133.597
5492.409
2956.2324
297.19867
5030.917
77.598145
3160.9268
160.57721
2970.3438
0.0
3037.6821
2512.3423
4426.661
859.12915
4943.7197
2823.3606
8.699221
817.34485
5490.909
2823.4814
5493.859
4564.994
4856.6895
5492.3135
5497.03
3881.9688
3459.7622
11.526537
4027.961
2882.3918
0.0
0.0
4523.167
4488.8213
1637.6713
4569.582
2867.3147
2989.617
5093.3413
4181.2476
1201.3422
22.77214
3574.5278
14.163265
843.8059
4308.354
3489.25
5014.8906
3895.5283
1573.8613
2428.9446
42.596382
723.17676
1568.1824
142.28148
3924.8975
3521.7131
216.2204
912.6891
2005.0032
5499.37
102.70161
3713.0828
4188.0723
3419.0254
5148.585
3517.1191
3980.763
2825.8862
4924.47
3238.9082
5484.1533
3969.1187
88.008766
176.6775
1576.3231
4991.265
4874.3135
22.248207
5482.6167
327.32953
0.0
0.0
2956.3245
572.0227
2465.8823
619.8504
2752.065
67.63389
4162.2705
5494.8506
0.0
3742.3213
4040.8765
3779.1616
3137.9878
3993.2854
739.55884
85.36586
3164.391
2724.308
1029.5272
3787.461
5494.3735
15.074833
3831.7107
4520.4707
5087.101
3837.5552
5487.648
4211.239
4699.802
0.0
1124.4231
1845.0156
5494.5176
5495.5234
45.279224
1933.02
5493.0522
3146.0112
762.67883
0.0
2740.8997
4135.7417
78.30676
5494.5674
1937.4817
0.0
2566.2004
3446.8882
5280.9043
0.0
2102.7256
0.0
1619.8406
355.35883
0.0
4154.647
232.30748
29.881603
0.0
586.17834
0.0
3763.4067
4567.3022
4225.99
5484.5483
5406.4985
1844.7258
12.063763
3517.392
0.0
4854.4746
3743.9885
3780.1304
0.0
862.677
2918.241
199.31313
2293.605
178.03415
5491.1216
4379.3374
2650.1133
5062.087
5485.3955
5490.2236
3888.1099
48.16709
1826.654
5488.9277
5485.9277
1310.4077
2704.816
0.0
21.158443
2001.0483
1063.8892
5497.6865
0.0
2534.5547
5481.0464
1283.7422
2090.0115
4374.7236
5475.0093
5483.839
88.62886
1691.2068
0.0
4433.841
1640.3446
1791.9412
763.2771
1242.106
5485.9346
2098.1616
2.792294
790.8251
0.0
5490.3677
1380.6653
5495.6016
2681.1257
3364.8228
5482.8535
1166.5496
2193.457
2443.4495
0.0
5491.6885
3784.7
5501.9927
126.701584
5494.546
1320.9983
4030.5854
5477.1675
166.47807
2478.0386
4685.38
4154.431
971.40436
3007.6748
2236.3276
3862.6458
33.36775
5493.1606
2221.1184
4300.4146
2991.3464
213.57703
379.42505
4852.5264
1151.718
3500.2617
44.789845
15.999199
601.43005
5493.362
21.059134
2015.2249
135.78345
5492.5903
3674.6094
782.97217
2253.7358
1968.4169
2397.843
21.398182
4367.493
5310.719
2940.9404
380.8308
72.50723
964.18524
2.5255463
1619.4358
773.8655
3698.613
2864.8457
5483.8633
0.0
3428.2473
5346.1978
61.547325
4260.9414
54.929337
5496.5615
5498.4414
2680.8955
2537.7822
4519.212
2468.4272
0.0
248.42998
4659.187
0.0
800.41223
3738.005
5489.01
2867.7893
3451.8635
3047.3184
79.710594
4851.4917
1948.7761
0.0
2022.3873
3375.8794
3754.379
5492.893
0.0
2837.7952
5125.6606
5495.193
0.0
2583.8088
5503.0312
1855.3141
4307.878
2988.7583
3043.387
1224.8535
3529.0386
354.6954
51.474556
3394.5698
14.16007
683.2929
3508.622
4934.7744
130.09528
5491.305
2161.4487
4313.2485
1629.8507
15.700644
4003.8076
4494.464
5494.54
0.0
1405.0571
3687.0154
101.2634
3039.2773
2113.907
5487.301
714.0641
1427.5602
1571.8936
1361.4427
2610.5894
376.8941
98.19728
0.0
5498.875
3262.4521
4147.1304
5493.2505
3320.7744
17.464325
5498.0747
2920.1318
3739.0305
2086.9343
1557.0574
109.90877
0.0
0.0
124.99666
1082.0369
0.0
5488.5234
39.001602
2597.8254
2936.0073
16.359228
4073.1616
466.08585
560.4778
280.10562
5484.499
1957.6077
0.0
2138.732
652.6123
3722.7122
3239.0352
5495.51
4208.398
0.0
0.0
684.4366
896.5203
5498.212
3944.8877
72.87387
4322.9766
0.0
2775.098
594.4433
5473.1904
1924.1432
5491.167
5482.4346
4897.3975
4698.4546
36.975277
3626.6377
4056.3545
3934.0427
2978.1438
4826.8687
0.0
0.0
422.14294
2126.5828
1841.1245
0.0
0.0
5242.881
4083.1724
0.0
5495.238
3754.7925
4700.705
5489.2812
875.5941
88.382614
10.53877
5207.1484
4543.683
1322.9266
5503.1475
3235.9778
4176.2803
5496.4414
2890.7432
5485.2295
0.0
3514.1646
4785.0684
2999.7722
3795.1416
2394.623
301.04208
0.0
83.29056
5491.969
128.51044
3886.6362
2047.8917
2931.4595
1049.0636
2544.0479
925.2158
2265.3684
2388.1206
5267.0527
1668.6221
441.20624
4150.436
4387.2383
48.65628
1202.2633
0.0
2082.003
141.14314
0.0
5485.3984
1279.6068
2686.231
3104.7974
5493.801
16.162342
5494.865
5497.3506
3212.9194
5489.952
4644.705
1709.3489
4050.0994
5481.9995
0.0
776.98645
3444.8857
0.0
351.6244
1111.9907
4796.193
5496.1143
4748.64
5500.1904
5499.716
76.61386
639.87256
1034.2881
2191.308
2183.0332
1593.1968
2063.3242
5393.273
18.895132
826.22375
2438.0754
1759.4783
16.898983
0.0
1472.5171
5490.8467
1596.7019
5500.929
29.881536
1291.002
1783.5222
0.0
0.0
1738.9812
171.01624
5489.6826
2279.66
2246.414
2700.4758
3833.956
62.02175
3528.2864
1164.4471
5007.5225
4882.9946
3681.461
2583.934
1481.5312
2311.6455
1284.9672
2854.89
1.8284155
471.79868
2353.0605
2837.6018
2025.7051
2068.2915
0.0
4137.962
508.1437
5489.7275
2680.868
127.6819
0.0
789.7527
1962.0918
5037.862
4809.9434
4035.1885
5490.4697
159.98746
5488.4683
0.0
4226.615
5483.411
0.0
1.1357839
1811.5762
96.63098
3484.1406
5477.237
5197.408
5495.9287
26.06059
186.68217
5493.161
0.0
3421.09
1469.5947
5494.567
108.36322
4839.4385
916.10693
2553.4915
5098.0386
2260.409
2791.6787
1542.836
3677.8076
2333.687
1581.5116
72.92041
23.895874
2096.9175
3609.2007
949.36743
21.051298
2626.9556
2975.1848
5052.5635
0.0
737.82825
125.61391
4385.6133
109.40698
3740.8975
3035.5613
2779.083
0.0
0.0
2456.8408
2195.379
5490.0938
2672.245
295.46817
939.1509
1951.0874
0.0
3327.8376
0.0
257.9861
5495.2583
766.96185
4.560828
23.153126
5476.9165
5496.4087
72.84349
63.333973
0.0
2682.9812
0.0
1430.0261
2893.15
3805.3145
0.0
2799.7517
5501.9736
5484.5913
0.0
66.414085
4095.4893
4127.3086
5483.8643
2324.9646
5114.535
4767.9116
0.0
4885.982
1159.7122
0.0
0.0
17.923264
721.3469
5499.6084
1560.0647
2768.5244
1219.3855
5251.8213
3484.1006
4630.532
1448.0066
4983.2065
4666.09
3695.0796
0.0
5490.7744
4881.623
1728.2004
1838.5201
5481.627
195.47354
2642.2695
1397.4908
1258.7588
3049.3027
2779.8188
3919.731
131.93481
5495.9116
2558.4292
3967.0693
5484.874
5498.7715
4746.7183
1481.2633
5496.7827
4242.661
3917.1284
3508.4307
5502.8433
319.9565
2115.498
119.51074
3912.637
4223.703
0.0
4969.9204
5488.095
5499.6343
7.207427
209.75806
4554.1904
3743.6982
2561.0815
5484.2627
0.0
1631.955
5205.153
53.509125
59.59614
15.599635
4507.8164
4798.294
699.9153
1551.4028
469.38467
3501.0508
1070.6593
3913.812
5489.2017
2425.764
2938.3958
1151.2034
27.619942
2153.5872
1005.06946
98.83833
0.0
4050.0415
4110.3384
2636.4478
2043.3757
11.4363
29.754776
860.53406
2348.999
1226.303
5498.738
4525.842
3029.1025
0.0
13.677786
2785.796
5493.7495
1090.2858
5495.285
733.9041
4012.0107
1419.208
0.0
26.184805
330.17822
3297.5999
3473.8718
0.0
1701.6228
3067.7905
3281.2588
428.78473
698.7535
3124.164
805.87805
2235.607
5499.8535
5488.7676
2759.1812
385.1882
0.0
5494.0
5456.6064
3355.6821
10.6707115
11.118935
0.0
4339.6274
5497.5713
0.0
23.94497
1210.8092
1026.1925
1366.7152
0.0
3626.9712
1969.0814
1755.6279
53.21126
5488.687
655.1587
5496.085
2907.8027
3864.7212
1746.8843
0.0
0.0
4208.5337
2736.304
5493.008
1460.1133
0.0
4945.9326
180.23926
5490.037
5492.863
497.0039
960.3413
0.0
2842.033
5215.128
2337.814
6.945511
1311.2661
2179.1165
0.0
1497.3301
0.0
4448.763
3922.477
0.0
3963.4385
3127.0615
1970.2815
1086.8794
2074.6843
2431.181
155.56064
0.0
2071.8372
4568.3584
5504.1895
643.49756
2650.1643
3196.2642
5.170868
19.625614
3669.5293
997.5591
2742.7805
5056.393
3153.4712
254.00525
379.55304
2852.6362
2654.36
855.1852
12.201424
3275.0767
5487.084
1186.8579
890.6529
4225.218
5492.625
355.34317
1237.1348
0.0
113.48404
516.2091
5492.28
4779.853
5293.773
2822.315
4878.576
3522.1345
416.04492
0.0
3344.1477
2680.4536
2121.5996
1448.3853
3002.9648
5494.7754
1439.5459
2256.4136
1896.3218
4026.9795
5472.1943
0.0
7.228408
48.994614
647.81226
2955.8057
2910.024
1539.7635
18.383598
2253.8535
5314.436
344.16248
2479.6438
66.3743
4950.869
30.191418
206.42802
4722.3223
2852.8115
46.07963
1534.8627
3476.901
4181.502
0.0
4299.681
5502.1143
1327.9185
230.0313
2957.1448
38.41772
1647.2913
3786.246
1312.479
748.1572
1840.8364
0.0
3504.0054
145.53876
0.0
170.58395
15.914567
3924.4873
18.666407
4043.2576
1205.5399
172.9049
2104.4634
1293.494
1706.8959
3078.9365
1689.8462
3446.611
3155.891
2648.4102
2816.162
2612.2554
0.0
3830.1626
5489.748
39.53334
5490.554
0.0
8.739843
0.0
1328.6431
110.67741
4534.626
5483.0576
1314.782
2683.9756
3872.8447
42.861588
4613.5596
2381.824
3572.9297
4266.3604
2593.3115
56.85856
0.0
0.0
5494.9424
2447.1357
4997.3896
8.77343
2.9106395
3930.8389
1562.4053
68.699234
2415.6172
5498.8423
4808.3877
3113.3003
5496.8276
3967.0562
147.5888
2117.2808
10.482549
5131.577
1137.9401
0.0
379.16464
1025.6357
3100.6716
3123.1255
5478.2437
807.1321
3716.0908
3700.7168
5490.2393
1537.3428
151.0694
286.84222
1690.8353
5.940975
2277.9478
5487.9727
4244.5435
2149.7515
1811.5334
248.95415
0.0
4963.2715
191.53293
4040.7766
1451.3483
166.95169
1877.9363
5379.2534
2432.6438
5481.7866
822.4324
390.29926
1226.4054
2023.7996
3918.0684
0.0
63.567375
1501.6333
3786.4668
4175.3955
5490.053
3262.6636
2764.056
0.0
2969.649
4559.1494
5498.8223
1258.0779
4108.3135
5493.917
4360.8623
2092.3574
201.75204
4863.9424
2890.8752
4023.497
4279.131
2104.4268
1537.7615
57.694313
1259.5455
5497.383
2911.228
5498.9805
3345.2363
1074.1858
314.45956
1770.9536
506.65674
5494.333
5495.6143
5049.8926
5491.9795
4490.757
5493.8257
3658.791
4072.123
167.26399
2245.9531
5334.744
5487.6035
18.386936
4934.782
4134.176
2701.5078
21.037354
1834.9897
3563.7026
4573.414
4039.8855
2168.5908
2888.1152
3433.5986
2570.503
3515.4253
0.0
3879.6895
3732.999
55.328094
5495.018
2171.5046
47.09713
2472.5994
4117.9814
5485.9443
5463.181
3767.1382
3351.921
0.0
2482.208
3724.8245
4496.7007
5485.416
5471.6895
186.84213
3964.219
5497.6665
2559.5989
5500.0625
4570.6367
153.65579
2781.8174
26.450796
4128.213
0.0
1345.5392
1589.7789
1829.79
2612.1062
9.87411
2962.8108
636.1073
141.53798
2958.2285
3692.8928
323.10532
3742.6143
110.4803
3043.6924
3350.4482
2830.6738
5496.5103
736.3408
2332.5308
2378.7317
4213.3105
57.115887
1207.5326
89.44379
3297.418
5493.4873
3372.9077
3283.4395
1171.7245
5194.0205
4598.9766
3867.0315
2960.621
2357.941
153.485
5494.6978
5494.01
4382.9497
4084.5112
3899.7769
3499.561
3580.9211
39.62533
3530.291
3305.6055
1092.7902
5492.37
4158.231
3364.2102
2185.7925
0.0
0.0
3507.1165
0.0
2518.8296
4092.1472
4026.2554
23.195808
60.4377
0.0
39.605892
0.0
1366.0101
18.046679
1140.3354
1243.4734
318.90973
1454.0253
434.36334
5496.3022
3769.1567
0.0
1801.6031
5433.501
5496.1567
2894.1716
2874.694
5495.483
1.7815253
4569.1562
377.5275
76.61953
2404.4473
0.0
498.5346
8.880401
4450.381
0.0
4276.6753
26.316658
5497.6025
4934.954
3946.5444
22.600971
2683.6782
41.42184
1783.7693
72.805145
2186.9126
5293.433
4351.1
0.0
4865.8228
1886.0869
1666.4717
5282.9683
486.68
0.0
5499.2427
842.0082
2903.7998
5483.5103
2383.8794
354.7797
3771.2861
100.32796
2603.205
2834.7983
5490.703
4180.9775
4369.237
5494.0337
4379.465
4800.467
5495.7837
3648.1152
1768.6099
5501.7236
452.02133
3698.0044
1178.3462
0.0
2102.7253
0.0
141.3217
41.99395
111.328384
2241.1375
5296.8433
0.0
3909.6199
214.23082
21.540401
0.0
2280.7358
1318.8512
3871.04
135.6684
2380.2153
2274.325
5500.135
2393.0303
0.0
1981.2659
3011.683
3452.744
3292.0676
5124.9844
5472.223
2717.3296
5482.0615
102.09414
2077.6052
5498.6807
5499.6025
2224.371
5493.256
0.0
1487.5022
0.0
522.02747
2440.3196
1847.2255
2803.1392
2927.0657
5479.2593
5497.4863
1423.0077
2713.4883
5478.853
1738.2522
520.30206
198.18259
28.147554
4050.7134
3445.5483
364.02396
144.70139
0.0
4466.1763
0.0
228.61021
563.59375
0.0
118.11325
522.33484
3487.4946
4207.673
2755.676
593.1052
5495.1206
3005.525
3629.8782
1882.8508
253.63936
1747.6584
148.4295
0.0
5493.659
4.094029
581.0704
1766.0349
0.0
3395.0273
359.46515
5499.934
2461.412
3722.6938
33.298782
2841.6836
0.0
4057.076
25.535488
0.0
2313.5876
1519.3857
3173.7031
4567.9336
5497.395
115.76371
5410.1143
4829.6387
2424.8398
5079.636
2581.9746
2031.2996
4287.5527
3654.337
1976.3987
5195.073
43.273968
1093.2634
3507.5664
3325.0732
3392.1357
5497.7627
2951.8638
96.679214
5498.8955
3498.2295
940.7324
5494.815
221.55537
3508.3438
159.47717
0.0
2807.588
4518.709
5489.736
3411.0962
5492.7666
2247.9736
2499.5718
0.0
2208.9233
3754.9695
4342.812
2451.707
2881.2778
1244.7896
0.0
3413.474
0.0
3959.9653
121.2565
35.201103
4199.6523
4070.4648
4561.635
5485.889
3115.9492
2716.1997
1995.4111
3653.707
87.13929
1353.8932
36.20157
0.0
1667.6892
2780.0718
0.0
4.02776
5493.87
5477.5225
3006.289
221.0809
3214.3652
1856.5596
2669.4065
37.619286
3689.7778
4996.4077
4510.471
5483.4756
5086.3555
4417.6
751.0728
79.3163
2374.1724
3622.9502
2825.0261
5205.879
656.2307
4210.8677
3535.908
3337.1562
30.381155
24.008152
0.0
89.48106
3391.328
225.01292
3331.3325
2585.018
4860.4736
2518.5537
0.0
5487.4062
2833.5413
10.9906845
3555.3306
1874.4607
2907.125
2651.7246
3109.0137
2756.1719
3325.6426
4746.521
958.2512
5489.0034
5489.559
4999.3623
5474.6187
59.995995
3816.6965
5475.621
4296.8457
4477.0776
0.0
24.143158
2155.5505
5495.51
0.0
3277.7441
4863.366
61.89474
5499.0903
0.0
2604.55
2984.974
146.66162
0.0
2935.4753
3723.8328
5431.548
4846.09
5459.796
54.09217
1645.0715
2889.124
3336.369
0.0
4159.0234
2175.4263
2348.058
141.45358
2251.4585
102.70529
1352.5286
4506.5137
5291.2134
5489.7246
5493.575
135.9061
139.5473
5486.449
4959.0938
5494.423
1073.8083
4742.249
5493.405
1871.4722
378.51578
2818.2622
4617.798
235.86305
4091.1882
0.0
5220.9707
2385.2979
30.544561
2629.9417
982.25146
25.580425
5155.2964
57.70224
4221.0596
3737.5662
907.42346
158.75508
3538.3408
114.960495
4164.9717
177.95636
3148.9937
4083.556
0.0
0.0
2508.1682
3838.28
3531.1255
1199.7635
24.397717
3294.1733
5401.1846
4848.177
3182.1538
1077.5
5489.0225
290.00534
25.399609
4107.912
0.0
921.4413
4183.908
3.8082218
5494.134
4058.7456
1507.099
3201.1624
1171.5339
0.0
1067.7754
4097.742
602.7349
2939.5354
4346.4355
34.114212
5483.9663
5489.408
47.467796
1871.458
1655.8716
3463.752
0.0
724.4474
3985.8198
4903.6567
5492.3745
962.4844
28.677273
2897.7544
5122.2817
2164.0793
3950.1147
5495.958
2026.9406
4876.9375
5496.829
1758.9569
18.505362
2761.7283
1220.6248
4103.1562
0.0
3329.2341
3254.9507
5486.8057
5494.0137
5489.2007
3301.1523
0.0
3186.743
3902.7578
4001.9038
5495.8184
1713.0652
0.0
0.0
2352.1401
2782.6885
3513.3381
3302.441
0.0
3690.6826
2274.9995
3041.2366
976.71436
2512.6296
0.0
5488.292
2707.8125
3536.0732
45.565376
686.69666
4737.674
1223.5061
815.2821
2274.127
5249.885
35.878872
5466.5435
1591.0635
1965.0266
1904.7551
264.74033
3394.4888
0.0
2092.88
37.669212
0.0
3661.4297
543.59607
2859.524
0.0
5280.59
138.91367
23.96284
3261.1104
3752.5464
3666.7942
2576.2173
3236.4126
273.52017
0.0
1105.453
3324.872
5491.5625
5497.399
0.590742
0.0
2170.5403
70.16175
20.85445
0.0
0.0
4093.4182
1315.5637
2155.9775
5493.203
3894.8284
0.0
2311.9224
3677.3232
0.0
1401.3167
3503.62
4481.927
2965.5605
3928.0786
3400.1787
5494.724
1874.1608
5483.108
26.936516
3082.1387
2940.789
3777.0334
5430.624
5490.4062
5485.805
0.0
5495.3184
5492.411
5489.2666
4853.7515
4085.5266
1612.5969
14.295261
5496.0464
1237.7747
3100.94
3184.6997
117.505585
5489.4717
0.0
2306.7827
5483.6777
5490.982
3714.732
2990.43
16.419695
2226.9878
3309.332
5187.7676
4063.2063
1992.4286
4337.2007
3821.3909
3475.01
636.4834
5110.7246
1241.7925
2841.1694
4683.668
0.0
2615.7463
1455.4746
5487.542
627.63306
1896.315
2579.7932
2843.6494
3039.3433
1685.4878
3700.6963
5488.838
25.638006
0.0
87.44231
583.01355
5484.684
5497.4365
4057.3489
2860.1602
1970.7427
5489.926
2641.7324
2875.153
0.0
5482.1504
0.0
5500.0146
0.0
2656.9106
0.0
2014.6572
5492.013
974.04645
3310.1514
168.75151
2197.7864
3869.5107
9.522483
1787.4539
5498.042
34.44418
1996.2139
3189.3652
3107.4487
57.924507
5.2544327
13.456989
4462.863
2079.6416
1490.7098
5049.5894
1452.908
8.526356
1512.0011
5498.834
2558.1606
5494.164
2682.0315
2389.188
2579.732
5491.418
5496.4463
4719.302
3545.1885
2504.1797
0.0
130.68596
2138.551
5485.43
4353.5596
4568.346
0.0
2057.6262
791.0577
3854.2832
0.0
0.0
93.84578
489.5526
0.0
1051.5701
0.0
3220.7354
1358.213
0.0
1041.8124
4394.9023
1.0681531
5032.2437
90.9241
523.8039
1983.5642
4675.907
1466.5209
0.0
4247.5166
18.216002
0.0
5491.872
5498.4204
4186.91
2275.157
185.74217
3683.8184
5491.0713
2304.1836
3004.7378
107.94037
0.0
0.0
0.0
557.7565
0.0
131.18634
5484.932
4614.0464
2304.2073
1105.5942
16.443707
5234.446
1012.25916
5096.4873
30.907085
5500.967
3663.6304
5467.747
1739.5
2379.641
0.0
2903.2292
3028.2664
644.92615
0.0
5483.0576
3171.9268
5493.8125
4485.34
0.0
2547.039
2751.4434
5473.9893
4660.7676
2035.8564
4786.977
12.619963
2030.262
0.0
5484.0854
5101.828
1800.4628
5008.594
123.55974
4240.664
0.0
5493.1816
3718.4653
5152.486
0.8049365
4483.1377
173.1261
1443.4606
5493.883
5481.4854
27.804787
5482.372
98.07261
2569.1047
5484.1216
1405.796
0.0
4766.7354
542.2617
2400.6733
1147.6119
2435.8914
0.0
0.0
3768.3818
1357.8411
3873.3184
5489.488
4362.9844
0.0
5493.3037
0.0
1816.0245
4640.366
2451.3535
94.83237
2090.1187
0.0
3514.001
5490.2056
5491.0254
0.0
5490.0645
1042.6536
73.377
2476.8633
1370.755
0.0
228.00677
2618.0906
2989.2397
5465.634
4877.1533
1420.4425
2331.0596
4224.4805
0.0
4410.7695
5487.6875
2114.878
3153.9053
2284.4092
3016.1562
2629.269
1970.7188
4174.0254
1874.929
379.1898
3607.9346
5291.5547
0.0
2997.3115
2720.785
2297.0461
0.0
111.255844
3952.4968
0.0
75.358505
3547.4497
60.810608
990.09467
166.51558
0.0
2489.97
3985.1343
4072.59
3110.7375
1232.6709
0.0
2904.8342
15.856067
5272.047
29.141048
2074.651
4093.9106
4679.664
5491.7705
596.4536
2374.488
3074.5942
4321.9043
2705.85
5002.5737
5495.7573
1960.1718
4719.0566
155.18903
0.0
519.3062
583.9761
107.71521
2319.0312
5108.3027
21.62848
2373.2007
59.730408
0.0
0.0
5500.903
5501.366
4561.2676
2323.9924
5304.037
2627.7056
0.0
3621.7188
2564.2512
5497.7017
191.39658
58.799442
1183.3947
4579.8438
5494.6533
5497.1494
5490.511
87.96346
5498.1416
119.228165
41.39054
18.097437
5494.7417
5481.7163
157.64671
5493.708
5075.4834
4800.0957
4308.3535
2462.0837
591.37463
5491.509
3200.6821
3764.792
5489.4395
3201.7832
5500.2715
3719.732
5411.354
2315.3665
1219.9963
1146.4763
2475.2112
5498.34
5330.1934
2368.525
3760.3672
3346.2122
3524.2634
2670.52
5486.815
5490.628
3630.1606
2152.1606
2558.6035
4041.3384
3369.9634
674.80426
5003.5527
1386.0259
5496.6387
4044.6685
10.841082
3938.8328
2809.0771
5490.7197
4571.201
61.107117
121.177666
2913.8914
1783.2825
5493.529
3529.0146
4850.7603
0.0
2015.7205
3274.0098
4255.425
33.73017
2598.4258
1218.1194
64.511185
0.0
2875.0256
918.0491
0.0
2015.4916
3497.401
0.0
660.1995
0.0
5327.7925
5490.8896
1233.8337
5407.7764
3754.1028
762.469
18.483416
2319.523
0.0
1326.7328
48.441177
3718.4424
2520.4363
12.363737
5494.8613
1482.5544
6.950089
1847.2618
446.4029
4024.9749
3360.0059
0.0
1091.8473
622.7075
2507.336
3835.471
100.23515
2983.8987
3507.5913
5299.753
1392.491
2496.0674
1028.0388
5302.051
5074.646
4070.4658
5488.4746
80.381584
50.330418
908.96313
0.0
1068.6538
1850.5653
2808.6506
166.48508
2302.9543
455.15604
3711.857
2.78943
187.34775
4121.313
172.74701
1006.5116
5496.742
1766.1863
3486.424
102.13124
3630.4
1579.1704
0.0
2435.1606
0.0
54.677094
1035.8411
1265.1809
4044.5786
0.0
4262.927
29.504128
3200.3696
5502.2715
2177.1038
5492.3413
1834.5588
5492.0215
5491.276
172.8881
5484.476
1923.676
3.4046328
433.12735
25.306217
112.56984
2383.9426
911.25507
5493.6313
1512.8894
2676.9033
4778.1636
3335.9146
5043.7725
3806.383
3578.5874
4204.0596
2300.296
3970.9866
1749.6533
2665.0508
3194.1484
5093.873
0.0
170.6276
88.93142
1065.3369
5493.414
923.4789
0.0
4182.001
4860.588
2646.6528
4656.0347
4562.1426
0.0
5497.0938
118.152435
0.0
820.3616
1174.6112
0.0
31.394463
1948.623
4470.0117
1641.9702
2744.0256
5017.191
0.0
5492.836
959.01074
5358.5156
3817.7249
3680.2173
2250.9365
3986.5718
0.0
1997.3784
5011.492
2289.1138
5472.843
0.0
0.0
100.7761
5493.588
0.0
3198.105
5041.876
3851.8965
5494.971
5251.0557
236.54248
5480.1387
134.7061
5254.978
55.052006
0.0
5152.537
28.412176
3656.2156
5421.965
4034.0623
1765.3591
0.0
1771.3887
4237.039
2104.396
1423.8287
5363.4253
11.686485
477.13177
201.19441
1008.4303
0.0
26.547018
5477.3076
3878.8604
1303.9553
648.5479
2628.2925
4194.6216
2885.0461
4860.799
2289.2905
2661.6323
3577.936
2310.3154
116.5104
906.19507
5325.7656
25.87883
0.0
4137.698
2739.1104
954.45166
2872.454
11.681566
4911.851
4130.8003
75.40299
1369.7986
4290.115
5481.4756
3154.7832
108.38654
5168.556
3024.7683
4873.6216
2046.5815
28.356361
0.0
1988.8674
5495.9956
2998.7598
4818.4517
3710.9922
892.6812
5404.559
5493.991
4145.235
5486.0156
0.0
35.301743
5498.79
3754.5388
3925.6738
0.0
3293.254
3574.7424
4575.5137
2286.8452
77.43291
335.88013
2501.913
5176.5586
0.0
3698.4077
3541.3706
57.067265
3911.0781
4640.207
3376.142
6.056673
483.82425
2530.6492
218.10355
4490.8433
2696.6992
0.0
1747.2689
114.98612
2271.2415
5483.897
4491.8115
4077.1494
5494.9023
2498.2295
875.77734
686.28864
162.45088
3420.6414
4392.2686
0.0
47.807205
4112.9277
987.82825
2397.1157
3304.7173
2209.102
2071.8213
4227.0913
5499.624
5350.825
2167.7896
3521.3237
0.0
2539.9988
2682.492
2931.952
2659.1382
22.627174
0.0
1166.2046
882.1446
5498.451
1213.9642
5054.1807
191.77213
3345.8228
5495.0205
4244.033
1334.5127
390.6438
2753.8438
193.77225
2674.748
2777.4329
5352.4893
5489.77
1561.1606
43.28216
1262.4192
0.0
2202.2393
2676.3066
25.663282
1707.9381
42.275288
0.0
41.628532
1515.1974
986.0453
2251.534
0.0
4009.706
1738.8647
5498.7637
2105.994
4448.1167
387.68396
3071.6567
5459.142
2887.9023
2088.538
5488.346
5491.017
1059.1436
357.57013
3610.7493
1616.0193
4534.3965
4144.4565
5085.3506
3130.3647
5487.06
3719.1143
3265.5576
36.59817
3797.6218
4985.6416
58.544384
113.01572
4782.4395
4022.3682
5487.4316
3669.4531
2733.4023
329.68524
1690.9662
5489.6504
2120.7397
5488.281
5497.079
57.490677
49.178604
1622.8235
1237.9294
5.7160797
1794.1497
3634.977
0.0
5492.0977
3302.0571
2622.665
2606.1736
5487.1675
46.690655
4520.9443
2336.7207
5495.8125
2729.0017
20.664867
1414.4159
5456.5356
4465.7812
4802.73
909.37555
848.83344
226.95847
5469.827
274.801
31.76314
5484.2925
5495.4927
2932.2935
3374.3545
2188.5532
3767.101
4951.3335
162.67021
4647.8145
4331.3496
2926.5242
1635.9518
3207.6438
3680.3564
5493.949
2676.1362
2342.7122
4283.227
1844.1002
1.2015151
1830.3447
4241.2817
123.15077
2865.4595
108.0557
2429.1328
1329.8889
1559.9763
1703.7019
2716.411
1502.3594
329.73376
0.0
2955.9326
294.97556
74.81441
5489.71
190.05931
97.30386
3564.436
2070.9832
2249.306
3639.8037
3176.69
3861.2737
134.69888
1143.0363
3456.6724
3249.5356
5494.2026
703.1854
1547.2988
0.0
40.769466
3117.1172
5495.167
4220.8896
5389.5356
5494.88
2951.3496
678.1433
4342.6597
852.2898
5497.0
3335.496
3585.7405
1264.2142
221.11383
5494.994
5490.5073
5488.464
149.6574
46.67488
0.0
4815.4766
26.06298
1206.7205
3812.1523
5495.854
2765.8928
4152.6313
2270.068
135.68181
2425.6802
2240.4844
1552.3529
54.132668
5493.678
68.97953
0.0
5476.9155
3231.1704
5367.462
58.788925
0.0
2811.5317
4563.0303
4368.1006
2646.4275
5493.654
5493.899
2786.749
3513.8823
5483.1626
5490.1553
3234.4565
2471.9192
5496.124
4318.365
0.0
0.0
1527.0369
3474.3413
2517.7373
3926.1187
3469.5186
3602.337
5245.23
5265.337
4011.9595
2964.4304
1783.8235
2212.6924
5490.8135
4375.729
3300.4941
4222.8267
2.8148844
2740.7183
3704.8274
5483.714
2267.9758
333.21207
1425.3557
3939.039
4690.2
4215.685
3437.7075
5485.8486
2393.0828
4763.9155
2458.1628
5102.636
5492.4746
5311.741
0.0
117.84315
0.0
304.76767
2897.5522
3296.938
1499.8943
3878.0117
5488.535
1162.6951
5477.371
151.74487
4593.039
121.81528
725.21704
2937.823
0.0
5488.468
2857.624
4425.724
2804.6646
0.0
4552.9995
0.0
1464.9187
3656.3408
