6183.2427
848.1797
4834.7607
0.0
918.5144
2752.3892
5592.3735
179.38937
0.0
3880.1194
2583.8628
10622.53
342.6997
2240.4824
999.5497
942.6179
13213.85
1366.6621
7563.449
432.68335
10343.442
8262.433
0.0
9508.659
906.44653
1084.0581
12.365856
5841.363
3669.9429
669.155
1273.4829
669.8055
640.33923
272.02426
10218.013
9565.671
101.95277
276.20044
0.0
6889.6445
10768.554
2158.3179
800.28796
298.69717
375.79767
49.729874
8141.1777
5649.0557
6505.7246
6829.885
677.13104
1055.8093
2531.993
1772.2817
814.9651
2404.2847
10562.785
6635.3306
5250.002
9285.0205
1177.4312
7637.4053
2242.9258
2437.7593
10139.3125
2553.833
846.4059
15147.816
5689.4653
824.8261
6345.176
700.99445
0.0
250.68503
0.0
11644.83
0.0
4627.008
742.07446
6274.7915
3727.8716
0.0
135.12718
11042.102
2519.26
3194.8848
0.0
0.0
7947.2627
0.0
809.4562
4279.0103
9766.889
1135.879
9792.943
562.1536
1070.134
3715.115
12509.883
0.0
5577.7036
0.0
2007.721
839.1448
6567.4785
834.1937
14247.189
23046.695
5740.6606
7183.7236
9109.232
228.04578
3784.5957
596.5327
982.0172
20303.701
7023.6973
304.39648
9251.02
0.0
5266.055
271.7012
104.55929
191.4114
1676.4089
3891.451
2797.2842
7608.687
0.0
979.58203
443.76715
0.0
258.073
8093.798
6117.0996
8769.182
715.8634
6541.047
3391.122
1932.4298
3389.4224
1504.6565
15442.674
2236.3677
1038.4067
6786.583
89.49117
16448.984
23057.062
0.0
5716.959
6505.688
396.40063
5418.412
22987.81
0.0
5359.9814
561.565
6973.2
23031.434
10622.754
8211.087
11374.367
0.0
5575.6924
7015.5396
22917.213
531.42334
360.8539
8356.254
4930.9688
675.838
1948.0287
22027.764
15667.264
561.14557
895.5675
1754.8889
121.069214
15940.254
3399.9456
2494.6816
3078.5007
304.96964
9710.807
11738.393
157.59338
170.50037
6508.4053
2451.886
0.0
0.0
927.70605
7785.451
4884.635
468.90796
817.61694
991.4728
792.33215
9170.879
11494.691
4948.3496
321.17352
0.0
7141.3154
1138.7717
0.0
4493.622
401.40143
8472.583
3313.079
594.36694
10533.586
0.0
0.0
16151.631
12154.916
9944.127
7410.7715
339.29214
14346.064
0.0
8165.7183
3603.5264
12107.8
1604.6597
0.0
0.0
356.03516
5744.319
15369.901
2377.4688
6502.868
9533.716
2586.7964
6314.698
2999.4856
0.0
0.0
179.17972
7949.4307
23034.264
10580.555
0.0
876.7506
7693.0625
1864.2667
267.03156
10756.931
0.0
7591.4385
6615.953
4329.7256
930.8645
441.62106
6595.753
0.0
8433.27
10763.873
205.18433
6693.264
13428.919
0.0
7875.5293
6206.4473
1775.2913
350.02148
502.82172
9152.752
2912.2104
16080.814
9471.357
3810.373
577.5591
10510.621
17000.26
105.244965
11425.3955
4683.816
12461.677
5548.212
102.53912
0.0
8043.4194
1163.1002
4717.6855
3888.525
0.0
6030.021
0.0
0.0
580.5481
4070.0342
12842.971
3372.0266
735.6513
0.0
3429.8276
2658.1196
6205.346
2368.9263
223.49231
11116.252
2463.183
12473.726
2759.7173
3838.0469
306.0714
4119.874
4974.374
289.53522
1622.4304
10685.908
669.6299
389.50238
5015.1377
16978.371
22993.791
0.0
7585.504
4600.786
824.11743
12707.21
5616.758
3341.2485
96.00322
4024.855
0.0
4444.528
424.82635
0.0
3911.0815
17707.283
0.0
200.0994
423.99628
8402.185
2047.7722
2137.12
510.685
178.4595
8236.653
9094.871
4540.092
8880.132
9018.825
364.9083
4342.7646
1919.4453
732.6825
0.0
403.96558
650.9449
0.0
0.0
10344.741
10533.266
76.43365
104.75929
605.9823
20503.773
900.4829
356.85266
5201.5195
6764.8657
5743.8867
5596.9224
119.33266
5112.1724
3164.2478
5914.786
8405.551
10659.197
0.0
4015.1123
6275.043
1275.7948
14382.028
875.2157
22003.684
12996.872
0.0
2276.1018
5991.6016
9701.532
7674.021
8323.119
5920.0103
2635.4446
543.0156
3352.4521
1225.939
5309.883
227.17398
142.23398
3158.4475
5111.912
147.63434
3194.5554
0.0
0.0
4312.701
6394.0156
6286.286
12953.346
79.77272
885.83746
834.49536
15546.565
1034.7876
8332.354
19296.105
5172.702
0.0
6897.9814
960.7067
627.5703
4403.582
343.70776
209.24709
0.0
0.0
12075.875
0.0
14232.602
9795.072
2131.0654
2467.3752
0.0
4206.0146
11990.393
1109.4026
0.0
134.46465
4718.882
0.0
13782.699
0.0
6730.6167
5413.666
10245.802
371.61697
169.08424
9961.353
291.41388
680.64923
972.56
0.0
180.32317
3068.4104
9261.669
11412.097
6573.9565
6555.8193
1649.9587
648.4905
840.672
1215.9152
779.73914
0.0
550.3823
7168.8984
593.40735
1324.7172
466.5631
127.65637
815.0491
675.99194
7386.9385
11310.124
7542.39
9766.043
22179.564
5709.9414
154.5279
3366.4224
642.2126
2842.036
0.0
888.86383
824.61383
811.53876
1532.8738
6178.4736
4969.7256
6224.6763
336.22296
0.0
4224.7007
804.55786
4032.8997
408.6878
3273.8577
1990.1868
1023.24744
11830.819
0.0
272.43488
283.51648
16218.434
1303.5427
788.4123
10934.419
11631.114
0.0
802.13324
10654.637
170.72787
725.9524
396.73648
575.16766
763.60913
186.89413
10321.717
7011.691
347.13864
2713.872
0.0
2437.4026
8226.781
0.0
97.76936
2052.8977
0.0
5831.6543
2860.852
10108.611
7762.4316
15818.957
1032.765
89.5297
4420.1396
423.0705
5938.9785
388.79388
4423.284
0.0
0.0
153.94302
4149.0117
5291.0957
113.0314
395.44095
13475.961
9506.507
877.21643
22987.611
14121.654
444.23633
5361.157
389.69064
7224.9717
0.0
23055.85
689.5672
6071.485
729.9965
200.6529
2279.7686
6848.371
0.0
6577.6826
16572.58
101.056465
18144.07
1598.3322
0.0
3576.396
0.0
4567.1963
302.41312
321.2686
803.9507
11471.424
5138.7627
16113.203
4662.525
1416.4233
275.29962
4328.6943
1451.3882
438.75684
13480.35
6175.6763
351.976
4645.4917
6030.7153
17706.902
305.84222
142.39737
13871.631
211.95236
0.0
7466.875
392.20764
13059.906
501.538
4759.277
8411.375
5190.956
0.0
23037.793
175.48718
7111.961
7458.7754
275.27765
1139.2913
3249.399
1197.0063
525.9835
0.0
18093.725
780.9868
0.0
5320.824
0.0
3602.3203
6956.0986
546.1929
129.14648
13046.796
7218.9067
9354.536
7230.1924
15883.006
1036.3281
272.09323
926.5794
13418.227
234.69003
772.897
1050.4417
10801.065
0.0
2071.7036
879.7932
64.05379
0.0
4414.1006
350.72723
3276.4463
121.56336
4842.587
620.7747
258.04602
601.8315
4262.7627
3894.3591
7417.341
67.42194
0.0
113.63312
0.0
837.4852
11434.73
438.72687
792.4148
15726.131
3146.7373
712.74225
9410.826
6441.4023
224.27017
0.0
7339.888
12226.807
167.8586
20418.373
11393.544
204.97127
2386.8606
0.0
7616.4824
0.0
1373.1173
4963.257
197.0538
246.23523
657.79626
4522.484
7693.367
16630.105
106.69201
11895.306
8769.71
7309.4307
18711.842
0.0
2832.1047
534.2681
1295.1616
13063.935
5498.168
9553.655
511.25565
132.63034
4409.8525
19428.492
0.0
269.7786
969.6599
431.75058
0.0
296.1844
0.0
389.34732
6213.6445
23036.357
2296.2173
4447.92
1037.1519
7495.9873
23042.65
6352.2217
3032.126
0.0
3234.5103
12223.061
2762.249
186.9636
336.2897
5685.5947
1504.0859
642.5679
1850.2603
6055.8555
0.0
5045.2964
10380.843
7715.298
9148.012
12845.781
0.0
778.9867
9670.668
299.04764
907.53107
116.401886
0.0
2839.626
23055.227
523.9798
22578.695
174.3493
781.979
154.01526
8069.003
6159.462
2774.6172
7655.552
1458.4196
7684.0986
3102.6147
7656.0386
120.53252
229.65732
2123.5781
10113.558
4163.0
4996.055
8026.618
8032.3574
1745.0187
1917.5803
2156.8582
811.36914
9452.22
0.0
7992.332
947.1575
3624.0784
0.0
7795.5522
0.0
4376.4067
0.0
10721.357
2529.4631
16474.143
10446.263
630.2749
185.98546
9320.113
611.7169
23059.55
2623.2424
349.1909
351.9906
3722.417
4852.9536
900.156
605.9646
10464.033
10838.849
0.0
5972.2607
6331.008
758.19794
8281.419
293.25967
9238.721
2316.6472
135.2336
82.22494
23065.434
126.31351
14145.158
981.3331
0.0
464.86566
2845.661
0.0
377.339
415.8844
9202.185
0.0
2876.6272
13947.762
5813.5566
1766.1063
8360.163
1746.2407
23048.469
0.0
4785.411
0.0
4507.033
6102.6035
10031.973
2207.8042
6617.845
126.12955
626.4248
3421.9111
2612.8926
849.6035
4120.992
234.82874
146.74348
727.3514
5388.384
7281.211
0.0
4207.5215
1774.9106
7207.8867
1795.3354
196.48843
6715.078
0.0
11410.411
8585.834
253.5116
798.71594
1741.472
3107.07
0.0
16056.447
2035.1646
8312.723
173.39336
2463.3994
2428.491
3256.2905
0.0
0.0
0.0
6301.501
7955.672
0.0
4115.5117
2257.052
41.71488
9847.157
0.0
2177.431
0.0
15188.922
3601.9941
387.31097
998.67993
0.0
397.77716
115.14345
8382.4795
10738.7
6472.169
10955.199
1107.9733
23047.934
9699.549
6000.3086
0.0
0.0
8777.926
454.1542
284.61368
11389.471
0.0
303.1663
0.0
23056.91
11705.601
1618.8348
5846.8945
2986.3218
675.0303
9260.387
621.9917
11295.249
0.0
0.0
4738.7637
7383.9385
657.4581
11193.97
4997.024
3616.669
857.90015
8933.207
5841.336
0.0
0.0
9573.842
8077.2837
9947.774
12194.219
15885.157
5848.8022
10836.812
15780.3
0.0
406.4998
7257.798
23029.098
646.5421
10629.443
11466.757
1264.6747
1743.2853
3347.4634
4615.2344
2835.4512
150.4846
100.59155
19991.676
245.61227
140.17213
5075.201
13625.738
1173.6836
7182.699
10268.859
0.0
5545.0864
4487.882
3390.4102
7111.6963
950.77234
2681.1296
438.73712
287.11877
3078.2917
1152.1036
1486.5706
0.0
0.0
6432.7764
985.0897
1303.6658
128.19421
729.3543
2660.7021
23045.885
4326.8467
3431.3079
12510.9375
7820.401
7137.305
55.078392
5069.7607
0.0
2139.1445
3662.287
0.0
5780.7764
349.11768
11542.494
8872.85
3255.37
906.0445
392.88623
5484.752
260.96442
6957.291
596.06165
447.3181
582.91626
111.036125
95.1872
0.0
613.5085
302.0036
217.49141
6290.624
36.32486
10121.5205
0.0
0.0
4950.1006
2315.5525
3600.79
17967.602
2515.536
0.0
6465.814
5394.874
643.07263
16171.84
7369.228
7240.1406
472.12524
6142.452
0.0
5722.927
5443.27
681.32117
23057.754
0.0
2734.2578
1042.8312
363.60822
7863.1064
127.23959
6553.633
0.0
1342.9867
227.87595
211.89334
432.91248
13988.303
934.15186
175.02509
0.0
2795.3606
16884.367
425.24872
2734.2375
21448.191
0.0
17529.42
4773.8765
40.886482
8467.421
194.88585
538.03674
13185.478
14903.067
0.0
0.0
5558.117
7732.5117
0.0
17535.37
2772.5044
6399.408
7867.258
5726.0957
5021.5703
4908.711
4320.6025
15261.629
1169.7227
13058.545
0.0
0.0
23061.848
997.7156
743.74963
7674.357
0.0
2215.378
6574.6772
6964.571
2019.9918
0.0
1731.5537
2062.9226
0.0
6440.6553
367.62958
6126.359
914.3032
0.0
177.50177
1047.9707
959.31494
3792.6772
148.7408
12600.896
14320.409
19418.613
6459.028
230.21973
645.25574
7086.65
2204.9875
12129.693
6227.3936
9740.388
5236.8643
11901.176
5243.6143
0.0
14796.726
0.0
256.75845
528.30054
8320.578
265.01965
493.75378
9382.838
1622.7765
3130.3342
198.997
7702.29
1536.0598
364.38004
515.5953
803.9125
663.35065
0.0
8230.42
3017.0615
7278.1143
432.766
3367.5977
14715.714
23059.38
0.0
168.92824
8172.7246
218.77374
495.02484
5168.689
829.2135
2793.6875
317.22964
7925.9814
0.0
1131.272
177.89207
2993.423
2998.4268
6969.951
9140.574
8288.091
2998.003
106.15067
0.0
15689.178
706.046
156.944
0.0
7916.802
0.0
6163.763
5475.7188
2330.3164
7985.671
1194.5632
23040.344
0.0
1355.2678
10237.164
3225.0737
2114.6284
0.0
365.61456
111.27556
11287.9375
163.89722
8017.16
151.47214
821.2124
1922.9606
5139.629
2310.8035
2771.7896
0.0
340.67435
146.87984
1491.911
340.73245
140.7466
6197.742
3937.4878
338.42786
442.32028
774.3944
9165.441
23025.799
9194.484
826.989
445.19934
0.0
11100.524
698.2091
10072.019
23046.533
0.0
672.30334
0.0
0.0
6588.492
241.88832
630.4812
23043.867
188.7648
9648.324
0.0
4174.373
403.65765
7762.471
1163.2986
329.60205
214.51706
6996.9536
8650.057
453.20355
784.0829
973.526
1259.8856
1969.7437
2308.4175
489.5382
6501.217
10410.459
485.1394
4781.53
702.39014
0.0
8230.303
11647.971
1292.3933
18283.9
6118.3296
8069.5586
758.87756
1186.9456
1119.6335
178.34557
305.81598
0.0
675.4387
0.0
177.72942
186.87032
7361.6245
110.13358
128.66406
285.42242
9643.596
0.0
135.04033
3966.0176
879.9398
23054.342
139.42944
20102.77
673.34894
1515.3096
14385.772
23046.842
835.0885
880.7583
4946.7803
9860.4375
1192.1964
862.3129
1955.5488
716.18384
1299.6135
2966.4448
859.7997
11007.383
6060.658
8952.264
12380.186
1101.272
9831.596
367.80905
0.0
568.7677
2411.4233
0.0
326.34808
1799.2716
22985.893
4952.8213
7771.0967
1126.2207
3474.5186
5507.0933
8520.396
10489.9795
5667.241
79.93799
0.0
5210.908
0.0
5894.341
18529.355
2875.6868
1814.1301
681.36804
7736.4834
2200.5225
6135.8984
4751.261
297.6419
10899.344
3850.296
5487.2583
9594.151
519.5405
598.1642
1361.7461
12219.45
12357.816
10553.281
3198.1868
347.65665
390.21313
0.0
3507.4932
0.0
625.7034
7749.1904
4083.0518
5446.3896
6305.961
5250.742
3321.9238
884.3408
561.7861
713.4868
261.1529
9188.509
1897.5762
8741.7705
6025.2344
5380.0127
104.5629
11692.055
1128.5527
973.93713
5599.295
10445.303
10674.994
7434.0073
6121.9663
244.04341
338.94644
7108.714
3843.7495
280.75085
8983.68
232.23958
0.0
606.6139
12654.334
885.8174
1164.4226
5405.4463
1218.4193
3899.1135
6121.9185
1827.3542
3744.4578
5493.215
15724.182
205.79147
934.9737
379.4965
177.62256
731.97675
5726.2515
1341.4689
4840.0737
8298.529
8031.326
3546.631
1984.1299
4567.0938
14423.628
0.0
13083.293
416.7168
23034.785
633.5935
0.0
177.7716
420.91638
10760.181
6052.855
7050.1577
0.0
788.5602
3164.435
68.03963
4558.707
1876.7256
539.3441
470.59967
1211.4568
265.74173
2006.1738
0.0
6659.655
2965.1177
8536.587
258.4069
14954.035
822.255
3511.22
153.46545
5666.128
1394.3445
813.1311
6311.49
23058.457
7292.2285
0.0
9580.888
214.85185
2728.4678
15375.39
13144.316
1940.1599
280.8586
7062.5205
3565.1357
803.339
50.911674
3001.692
2991.5269
14234.207
0.0
7103.831
6516.3066
5280.744
1592.3918
11281.759
8784.947
11444.613
0.0
0.0
6412.273
309.17258
1081.4967
612.74536
455.3053
12320.312
1198.3953
0.0
446.66818
6359.925
728.7242
922.657
6445.508
423.24603
14765.013
6981.922
682.24036
16450.238
18435.78
4979.6436
3793.1765
20514.223
1009.0992
0.0
23055.58
1259.1821
7751.3174
9770.449
839.6254
544.70197
4053.3865
1160.4795
19100.303
7778.601
0.0
16131.352
10354.142
5858.48
12124.411
3895.8728
962.1831
18725.107
5625.7725
116.75952
0.0
15523.396
2934.46
14747.098
8378.828
3795.577
1104.0035
111.55608
12402.396
3690.978
9652.758
351.75504
511.27158
4632.795
400.67792
328.48795
94.632065
366.38788
1030.098
4479.122
1167.8671
3310.024
546.757
0.0
2950.4907
522.85156
158.9211
0.0
100.83282
8088.304
64.18292
3497.6763
598.45996
5510.725
1093.6393
2343.9246
0.0
7194.468
12419.114
10259.779
8100.7197
5103.267
1266.6979
8909.334
1294.86
1774.3329
23042.408
3077.416
11363.209
556.18445
547.5102
386.80054
3055.764
5421.513
111.39016
536.49194
195.06512
14024.468
0.0
6596.4355
674.7534
202.84416
1096.3796
3839.429
15146.455
1798.053
560.48553
15281.623
11516.375
297.26215
4377.621
606.93274
2897.22
0.0
7406.5693
241.43765
1019.1116
493.05182
7387.7227
6982.0884
8101.2363
5656.688
0.0
6010.1914
0.0
0.0
108.89209
670.2494
5140.083
23059.252
165.75461
8868.8545
0.0
3070.9683
686.76196
13065.836
12567.807
288.34766
1528.9749
7327.84
4128.8115
7707.225
5499.093
2310.6265
170.03882
18661.045
23053.973
190.16841
235.03241
7048.83
388.2444
3057.2864
1875.313
6223.595
0.0
0.0
467.82837
9095.493
10346.419
1258.0896
20503.887
566.4435
13479.66
82.62014
395.54547
5704.3945
12793.861
3929.5195
276.7539
529.12573
0.0
0.0
12076.787
0.0
350.26257
1065.1401
548.1139
3981.6475
556.5888
3406.4482
3856.7788
401.44867
0.0
115.242615
8027.5903
2144.144
3880.317
9205.553
1789.8931
695.56146
15050.4795
1075.7206
0.0
6852.685
2180.0881
325.19186
1879.6497
13144.68
3836.5935
3338.8062
258.6469
1007.4241
2742.7925
439.14117
551.0248
9291.412
3920.6145
558.16406
547.18097
35.21053
745.98584
366.12836
12529.504
9321.881
811.1423
118.94425
9672.845
0.0
98.30019
2539.8994
15603.494
11155.358
451.38376
141.14253
237.50452
136.57358
4763.009
671.91656
9917.483
3211.08
5735.073
776.63586
249.4968
11089.042
0.0
16267.757
16874.826
1086.481
6321.8086
2764.3813
2346.772
485.02365
10264.001
4996.0933
852.4276
202.3505
2950.8152
574.40295
1980.3464
437.15335
11716.898
866.85156
0.0
22316.158
951.9276
528.15784
6001.789
3836.704
741.1937
130.5993
5649.6313
14074.518
409.04492
6024.5366
0.0
3512.1045
21484.928
5701.325
14043.8125
846.0979
5961.372
0.0
666.17084
0.0
9433.906
914.697
12290.29
135.28416
817.7803
181.7986
0.0
642.307
2790.937
15552.091
0.0
127.23817
1279.5388
6852.539
569.8104
3136.9111
23039.41
371.39142
881.1238
0.0
97.40403
597.51654
0.0
9394.481
0.0
0.0
18167.41
1156.7426
23049.326
10137.3
371.20483
1535.2861
2127.3245
8868.407
412.02307
0.0
535.4529
6205.1387
4302.399
20408.578
493.2987
4981.074
5854.0625
2336.009
15436.174
10236.254
2807.2947
52.613243
4598.5205
1661.2029
11324.699
1111.26
102.76968
1139.3079
2855.0173
3592.2212
813.45593
0.0
1579.0764
4818.4434
9288.175
2559.9238
20140.762
613.80176
8632.92
14289.083
0.0
711.63196
3816.1377
867.7928
3725.122
8365.42
276.64398
0.0
11090.863
14713.467
386.30612
5355.4673
0.0
670.1383
0.0
6971.158
10947.796
727.2936
317.3764
162.85489
7166.1084
410.1292
7937.5625
0.0
7088.6934
5402.353
1321.7272
173.49121
0.0
5974.672
0.0
166.15323
370.2815
6353.3125
9593.006
449.09985
3743.755
2837.517
0.0
100.88055
183.42773
850.0248
6828.126
3767.0063
23064.625
957.1345
194.83331
3684.3618
175.15543
859.7828
223.48927
5494.35
5900.67
3936.228
187.55002
9536.064
6173.68
0.0
17142.594
5745.216
103.045944
616.42285
854.41956
3757.6797
0.0
6634.121
6496.9805
49.8212
0.0
0.0
1321.5092
4458.5493
22885.271
211.90054
14449.365
283.99313
9513.136
1262.456
16719.482
150.2997
276.293
3439.108
15550.698
4289.647
4574.032
172.35954
5618.5303
6645.6973
128.67603
0.0
5085.829
707.1863
969.1256
3938.65
135.74089
290.55835
18095.5
503.3752
727.66064
272.64148
574.5011
152.90547
6946.3413
325.1024
6463.284
9381.788
12825.197
7298.4043
152.4198
0.0
1194.0925
11257.878
9924.061
205.38046
9140.847
376.44977
4913.421
874.093
197.86244
6051.396
2014.2212
2549.4634
1366.4979
7843.5723
23054.043
0.0
21193.59
3164.0962
0.0
438.99594
14063.434
15439.023
0.0
4483.058
564.0631
9661.059
176.70206
12228.967
5659.353
7317.7114
3917.0308
499.99023
0.0
23052.916
3321.7651
376.00323
0.0
497.85333
0.0
5148.3955
3977.7227
0.0
679.5957
1599.933
6926.5024
7089.417
11941.212
533.84863
404.7533
6274.4766
0.0
637.40106
5197.397
0.0
7481.3057
0.0
12610.599
11835.858
230.47655
5218.913
5193.8447
23040.945
10412.268
691.9758
0.0
1041.2401
8178.721
7513.4146
7476.5127
3979.3457
8336.857
0.0
7423.078
13476.82
0.0
618.322
2526.7263
1762.1409
10480.007
17739.105
23035.156
179.54233
793.9601
0.0
378.02005
2401.4312
451.42032
1650.3059
2210.773
4452.9297
0.0
488.90872
1093.885
217.89662
12974.613
646.5564
372.0011
5739.3706
1148.3383
895.641
90.87111
3921.2651
4671.461
13305.195
0.0
10601.891
7301.1953
3268.2393
335.75714
1910.5947
3107.5198
6651.0654
14083.082
0.0
7295.41
153.11612
136.3759
3703.4202
0.0
21134.037
897.5189
1782.6688
16424.791
170.58711
691.7683
9829.176
3355.2834
417.08618
11359.096
323.62723
166.7951
193.4757
11714.125
0.0
0.0
507.55896
0.0
3385.4434
4954.0273
652.41785
3341.9517
9296.752
0.0
329.7133
13013.207
259.50873
10740.759
18153.967
0.0
6224.969
4078.1833
8280.896
3706.7908
12174.85
1806.2925
680.97766
91.61034
408.241
1974.3127
7845.21
1863.094
242.55559
317.7403
2857.9465
14434.106
936.20435
10674.792
1595.161
1708.752
662.48474
10744.685
0.0
3887.7063
6062.8906
0.0
2642.5837
6508.0566
19261.99
0.0
7152.259
65.46904
6299.878
3688.7305
1463.7772
3733.96
918.3533
1265.9292
5033.757
7896.874
720.8251
8371.252
8117.4307
272.93878
155.40266
3115.2546
1781.2139
326.9417
1834.5394
729.2938
8781.704
11155.256
1435.263
1432.9559
7607.73
4157.4575
4866.454
936.2007
23031.588
2752.1611
207.17667
1150.2334
6877.963
10390.281
881.64465
12426.739
3456.715
354.35626
0.0
5778.7417
9966.537
0.0
5898.073
4951.3076
14562.271
491.38043
11750.865
19295.494
614.5538
519.37805
760.51514
4601.9385
3631.7302
668.9581
0.0
179.96753
273.04163
413.99316
510.78622
814.67896
8069.5713
5858.63
10655.746
11430.426
210.19012
5830.126
468.4709
3848.4182
1125.5127
332.114
7081.681
10910.046
8890.992
20730.129
16649.684
0.0
5870.466
4321.427
4568.926
9949.962
5853.8994
945.31055
2425.6946
7539.118
0.0
12675.369
11737.816
280.88687
6315.528
5070.4443
2246.0762
736.48987
11150.878
14419.527
8043.5874
191.70367
420.97314
821.0816
616.5374
303.44073
575.05237
3156.2847
3864.0015
19407.637
5310.4126
762.761
830.5642
21915.064
18573.738
521.96265
8006.3467
6227.51
665.042
0.0
16910.371
0.0
11645.133
0.0
14348.024
172.88234
360.859
191.97202
6320.745
2135.1018
13188.752
0.0
0.0
2983.0327
5378.83
4739.668
0.0
5235.3364
5277.0874
63.218575
0.0
12895.496
592.78705
2772.0227
232.20218
317.50766
16713.453
12694.645
192.18913
11381.585
0.0
1761.5588
10121.719
229.23923
2011.52
4199.3877
684.4135
6679.589
414.17566
3920.6228
13852.39
0.0
327.67505
2247.9482
1426.2002
4655.815
3847.2246
4247.406
14438.457
8673.143
9524.312
7017.645
0.0
1306.7808
8449.186
0.0
1638.737
2961.207
4235.6533
232.15973
6158.7783
1972.9534
23041.293
8597.676
10751.092
6216.0503
8908.669
5671.071
161.64111
2860.2002
451.37256
1571.3169
588.3837
6716.631
6987.421
15616.898
3257.243
2900.272
647.1053
7124.2246
797.9419
0.0
1028.8087
2504.92
1624.3176
18306.746
112.14953
101.63476
1258.7222
2991.5234
9513.207
18851.78
0.0
0.0
641.1125
0.0
541.3577
10032.836
12812.091
508.33856
7342.2437
580.2817
657.4034
4302.666
7647.706
13544.801
201.81995
15097.135
1480.1401
6407.743
9108.948
0.0
3932.171
10591.114
12835.144
2261.3428
0.0
5741.463
5780.6914
209.78241
18472.346
6990.451
4312.326
2550.5684
5821.438
7583.2686
36.22928
320.11383
517.0893
383.53546
6971.9995
23056.256
819.59845
11289.45
6426.699
258.08517
4180.083
2727.3643
242.23117
166.77573
0.0
386.28943
3070.5298
10262.818
262.36517
1069.1234
4837.3584
6529.8164
46.425697
8199.862
0.0
150.96489
727.4033
0.0
23019.953
5851.0615
23023.18
3047.2786
8857.345
23058.414
2038.1895
1536.8083
711.66547
100.692795
235.9794
6375.37
3074.87
8395.849
355.14685
9116.713
23037.656
0.0
40.794666
0.0
4396.735
3116.1113
9388.534
4857.334
148.42462
455.54034
11996.348
2851.733
0.0
0.0
3917.8645
3461.566
2609.6309
7327.1396
6038.8936
3973.9243
154.42969
14205.41
169.587
9461.98
2095.6877
277.9997
9614.049
820.4701
3606.9448
6584.287
316.7069
8061.6104
8176.1924
3200.0627
325.85358
12852.705
0.0
1488.2753
227.02316
912.22406
500.63837
4624.846
23063.293
2320.4631
6523.0054
1237.3247
116.82539
414.06616
12678.229
15390.593
6272.0854
4047.5752
3889.6323
202.12024
3682.3672
806.5807
2899.6921
5770.37
5636.392
0.0
23055.082
2972.1973
124.58086
0.0
5244.5645
7265.8174
11392.47
456.41122
531.70776
10151.88
0.0
5204.0376
12181.792
11663.316
7139.3213
1002.93506
0.0
8594.283
362.21326
6275.3037
162.66731
0.0
4922.134
5306.4033
12605.837
4515.295
8052.554
13910.393
473.34857
23017.008
6579.8506
7260.3086
7507.163
641.31396
12555.102
124.09263
343.26163
0.0
0.0
5548.5522
514.0172
5260.568
286.00427
4039.2603
4074.5908
6781.169
6130.9263
0.0
161.30664
888.35895
3924.2695
3417.1982
1729.6042
3138.5874
23046.611
9841.152
0.0
165.86626
625.34564
16724.758
1611.7446
1709.1746
137.5604
6618.1816
0.0
4544.7227
1926.3577
99.98
19627.016
387.6807
7768.6934
797.584
2153.0103
19247.164
5566.524
7070.1704
2368.4836
307.3316
165.28278
360.24496
216.09274
0.0
0.0
572.44257
1040.3538
2550.648
5625.117
11173.182
253.53291
158.278
928.9075
479.8933
0.0
14612.604
455.6688
14272.621
10940.629
10015.413
717.07526
1577.7788
4450.616
0.0
1236.24
9993.448
5277.038
162.8493
770.28937
798.7748
505.2364
4619.884
0.0
409.9192
10249.125
12493.363
269.60895
11114.889
443.57758
708.19073
2541.9043
8078.7036
5277.5586
490.57806
497.4557
3777.2969
138.80518
2517.731
7951.437
11418.164
7321.836
2613.223
6969.292
25.945534
798.5957
2070.3428
1200.31
6287.5146
0.0
0.0
0.0
14222.463
2178.166
893.71936
60.1674
10443.966
737.951
757.38654
10174.288
8866.669
5461.5176
4420.589
524.01746
23034.87
305.7484
630.17487
350.59482
417.09454
504.55612
11924.497
6585.3516
867.1097
1031.9458
12432.713
23037.172
3532.0896
4149.047
1067.9669
3709.9463
9129.575
3327.7063
1254.1083
6437.8096
1006.96313
772.5887
0.0
4014.9478
4199.005
920.7545
1179.9216
10630.658
169.37502
775.14795
13805.484
2898.8357
0.0
215.53732
0.0
0.0
7380.627
5733.468
6853.211
13353.602
441.8299
362.23804
158.04962
481.34198
1838.6478
5220.747
10580.49
118.964264
289.21353
1361.9076
16418.04
7188.2188
23051.402
8436.936
185.87915
0.0
0.0
156.66339
457.12845
23063.586
896.2864
23022.62
0.0
9113.426
1772.01
640.191
12990.639
4538.949
13560.012
348.90182
7531.223
23048.836
6282.973
8964.498
5054.651
4649.7134
2549.9758
116.39325
306.275
0.0
790.42456
2286.4592
4333.8745
460.67877
340.66385
3343.1172
7893.3047
6998.762
5651.2676
16868.766
3550.973
2674.218
377.1895
1721.7231
11019.858
4273.0244
0.0
0.0
520.99176
265.32352
1355.3289
6282.7686
6126.47
476.1364
556.4967
9139.358
1572.0566
12903.57
3382.636
4235.437
1988.2517
433.12012
973.4569
4131.6733
0.0
3047.8542
6392.5254
7042.3125
17765.012
819.22345
23030.938
2726.859
23028.271
0.0
7628.535
5649.91
1929.6033
472.9156
4846.12
4684.897
158.37796
270.10895
0.0
4010.8428
7182.3496
15566.176
150.39885
198.11996
3870.0166
460.50598
5812.5796
17154.893
5935.095
356.641
189.91394
509.24817
1313.0701
310.7484
927.85254
5999.8706
1846.5254
807.3889
6485.162
2977.9639
0.0
443.15964
0.0
999.9404
480.9013
481.67188
1210.2578
0.0
14802.779
2283.2815
0.0
5084.8525
14410.234
4222.3604
22827.352
3799.4883
0.0
11458.57
4067.1777
1214.5582
0.0
11492.384
0.0
467.98602
1460.8218
1031.8201
91.0753
6193.9985
3006.5813
6453.3965
4763.7407
4359.663
5232.7124
725.8645
336.17615
342.11
501.27966
0.0
0.0
4001.9185
6725.081
0.0
0.0
0.0
179.87094
115.496666
10792.267
8056.8096
6479.5073
11158.664
206.40007
6883.54
22698.879
301.38977
3992.8604
230.92105
0.0
6247.081
0.0
11113.945
45.10962
0.0
165.8093
619.56256
3767.6843
17171.043
893.5166
13559.363
13009.459
0.0
2481.8691
312.139
0.0
711.10455
0.0
1722.4838
580.8487
6714.1836
400.6966
1225.1191
9056.462
6102.181
3034.2517
1464.1909
0.0
84.08504
1220.4388
6690.7554
23051.045
0.0
15761.777
2440.528
19182.514
4270.4653
5264.8115
1531.0874
15486.492
1688.583
2394.5537
0.0
3368.2568
1908.407
0.0
246.46753
10424.693
10170.35
2446.0063
0.0
7248.5146
0.0
556.2064
9433.876
7539.434
0.0
196.8068
5858.4087
4786.93
847.33124
5787.719
2392.7651
1235.789
255.52957
9074.6045
668.61816
3200.0815
5864.287
5888.426
555.6691
5016.707
556.3668
2964.2139
147.94623
7208.086
15886.006
4549.89
0.0
4529.5845
9752.584
112.773026
13623.746
287.3914
0.0
76.26217
4673.4834
3370.1792
103.48128
860.0211
721.2689
0.0
0.0
405.59488
0.0
909.30334
453.9823
928.0581
351.15164
2369.4893
331.65
5188.4404
23050.752
2856.937
743.4202
3052.506
5662.2075
615.3645
1729.0725
10341.182
2948.909
5403.2715
10770.232
0.0
4346.8
556.9685
9595.885
4587.4443
372.272
402.9734
11978.125
4466.4727
71.90245
9640.551
1131.8387
2977.9534
10263.51
411.66437
0.0
4147.4146
5427.232
2808.8604
22019.516
18206.572
5759.7017
2384.8464
3987.646
330.9826
8855.489
4898.611
17385.922
0.0
0.0
0.0
723.01544
7345.5806
836.3474
0.0
2293.3494
0.0
404.78314
12732.07
787.2914
6003.1377
167.10132
686.49554
7290.6436
11196.239
9768.909
2709.6182
147.80934
2429.8242
358.5233
10662.864
4785.104
347.84927
651.11035
4728.266
16195.777
256.14832
0.0
2044.6938
11276.789
1050.9559
3232.0266
0.0
7915.755
0.0
9491.235
3302.197
23049.232
718.3064
6228.818
2951.4077
6180.6304
134.61758
3915.0728
318.43286
5375.937
1943.4719
3409.0293
2321.2358
176.30127
2890.8271
1242.6573
0.0
5794.3184
849.3885
478.89233
0.0
15235.129
0.0
9738.014
518.907
13963.239
108.84747
0.0
0.0
1196.219
10286.221
391.70108
1091.5123
23039.97
856.7665
2266.586
4650.4785
0.0
12023.652
0.0
1563.7556
0.0
18734.707
499.68884
860.11035
7471.883
0.0
2943.4907
575.7571
250.86127
11911.648
257.84634
13919.121
697.4038
22500.158
15383.059
8503.331
7978.4854
319.36148
11623.917
8013.999
334.15125
4312.4497
0.0
0.0
0.0
0.0
7913.9087
779.2655
2281.5493
9140.492
525.3375
12769.686
10257.277
7261.0215
4200.8774
6894.2646
598.9801
22392.773
6714.577
22973.324
12178.335
12484.19
16632.549
23033.062
281.10117
299.55444
343.3224
7663.0576
1683.25
4710.5034
206.07307
1904.8347
4319.818
4956.37
5059.8433
5526.2534
11322.613
313.82654
1440.8297
723.6112
9819.639
3025.4417
813.03076
3325.6953
0.0
14684.984
3818.8616
469.20288
3491.3584
7131.5376
633.6344
617.27673
4417.0737
7305.043
9036.75
862.54663
8555.498
0.0
125.96121
6776.881
9207.441
600.42505
664.63696
19534.434
2437.3218
0.0
0.0
14413.469
9641.595
1954.4585
2236.6443
0.0
297.5846
2137.5498
141.47253
9470.497
8543.028
9126.744
7637.3066
5901.8477
0.0
5437.589
10383.653
5766.6123
8041.3457
5441.681
10370.59
3037.4417
10587.838
648.5946
0.0
14171.965
2527.444
9545.996
219.92278
85.19576
8433.575
1936.1763
186.73456
3283.7236
4053.708
445.7644
15932.277
5395.7695
190.72614
6074.3774
6034.9614
23061.512
23030.453
761.34985
765.47766
4759.843
15004.336
300.0454
5786.644
19327.012
1241.1122
10555.188
2392.7705
6742.3965
1145.9921
0.0
0.0
0.0
162.70892
12819.136
0.0
855.06726
0.0
2345.5867
2694.0654
9004.814
801.6472
4140.497
2318.0715
453.30823
7997.6484
23029.252
3308.5608
14149.766
16129.385
6321.9277
177.87936
4520.066
4578.292
0.0
11427.318
372.64526
8552.752
351.9137
0.0
798.70715
4928.755
0.0
7959.447
0.0
15485.82
17849.232
415.56787
0.0
425.35495
857.19305
0.0
354.25565
3778.1406
561.5994
7744.0195
0.0
272.73447
0.0
250.29858
21847.994
648.3709
3034.6543
511.47272
7058.491
5662.1045
620.41876
0.0
231.6873
10770.73
546.87225
0.0
7481.074
165.45947
90.61336
152.71764
9354.632
11170.602
8770.868
6602.909
6389.994
961.70776
4951.5464
19577.898
6217.276
0.0
18870.5
10332.269
148.35898
8837.099
889.2206
0.0
3687.099
4656.086
0.0
10504.121
1153.8799
17324.006
5494.8647
7881.7515
5740.3125
5601.379
2508.4067
0.0
0.0
12200.67
523.83844
1808.7136
6127.4766
9536.939
11266.116
3310.4485
0.0
4812.667
0.0
9493.85
1211.0442
8841.442
5004.252
295.88953
178.6363
5027.2773
132.871
6968.3506
5296.061
0.0
14066.864
167.62524
1310.0468
0.0
1288.5947
0.0
1472.9692
0.0
3795.5408
0.0
11601.218
0.0
0.0
210.97745
20236.018
5624.3965
2205.3506
2519.996
7789.301
0.0
22990.254
122.002945
2687.8306
4737.3433
2788.56
9936.894
15392.145
1845.2228
7478.353
0.0
409.355
7626.8535
488.3419
6047.202
2931.7114
1336.3666
10468.357
6444.9434
155.97383
9026.186
7193.1123
6119.959
885.14136
6670.743
610.4291
6662.361
2420.5303
0.0
0.0
621.39935
3532.7913
3976.644
7992.832
3784.873
0.0
614.88745
16029.548
624.4788
3707.8042
5958.7954
826.1875
793.47473
0.0
13724.268
10359.3545
6166.2266
9086.731
0.0
9865.065
0.0
11206.613
7586.4395
3151.531
0.0
7091.6895
617.98413
7448.7744
7201.632
8046.974
0.0
3440.0183
1477.3821
11944.385
1786.8282
10373.107
371.06375
1132.9872
15918.579
274.85382
131.33112
5576.585
10188.905
10005.746
7015.74
273.69693
7995.9624
156.03398
9072.231
9255.63
1202.0386
3483.0542
4757.464
16825.148
180.53894
0.0
2969.101
139.1294
4640.471
3095.3345
277.1525
13591.568
13210.289
10850.521
643.70355
9313.775
353.4945
642.4608
544.8655
9428.606
19043.297
0.0
5456.5835
0.0
0.0
13117.796
239.13298
2959.1274
0.0
0.0
641.8084
7530.254
3037.788
112.72141
22026.66
354.7069
757.4667
771.7833
10989.689
427.11423
1411.3595
0.0
254.01877
4891.0254
352.40115
582.67035
1589.2839
7352.9766
2901.3074
10342.568
5139.2285
6676.6006
8037.175
7872.213
6774.998
9643.418
0.0
1489.8776
276.66733
7430.279
153.00626
0.0
0.0
23018.229
5054.3296
523.4565
13393.765
1870.1414
1094.3937
13256.701
5911.138
0.0
248.42911
6617.924
109.770615
0.0
636.9586
0.0
1162.3552
0.0
489.7017
12757.146
854.4519
561.86536
5575.3965
102.28596
5283.4585
182.18434
219.41359
222.19434
0.0
7964.7334
0.0
278.3081
10483.156
1098.774
10214.396
845.9033
8710.835
18294.516
0.0
4676.731
0.0
12512.435
13723.604
742.6409
40.45982
0.0
0.0
214.1983
2879.855
293.03464
1451.1359
130.9143
773.8828
43.582664
0.0
6706.5938
197.61792
6595.816
10734.455
6117.142
79.848946
23051.703
3950.9614
3660.58
16801.39
7965.26
3170.428
2771.895
7017.8145
2998.0776
5360.6885
1911.0382
0.0
939.94116
19393.156
0.0
7008.4814
6527.4053
391.94388
159.34692
181.58693
3309.0054
10652.239
517.69543
996.07214
1445.4773
7357.183
9453.818
915.3085
2454.19
2148.1426
0.0
0.0
384.30017
383.236
0.0
4393.14
495.7063
0.0
1092.1711
988.50464
17192.898
3453.7249
121.28014
956.2036
6639.782
0.0
7420.6846
18466.225
10822.518
159.71896
6302.007
5618.9136
7193.954
298.06845
3251.4927
0.0
5313.6196
154.53592
0.0
0.0
0.0
2540.0264
7643.995
6721.9697
3287.7427
200.70148
112.21936
8021.614
3761.009
685.8777
836.58093
3869.2761
533.2528
7193.7666
873.205
22825.695
1681.168
4263.108
6238.484
510.8168
125.67073
0.0
307.58188
265.89984
1484.4609
4069.8643
0.0
21270.98
863.59094
350.42932
5040.4
8104.878
14894.656
4017.601
8915.562
3823.2334
3039.5925
868.24664
4222.7554
22192.773
10796.666
645.0679
8887.382
10065.608
367.88538
1059.4622
167.4603
2397.4478
3535.933
18496.93
6065.618
8665.307
0.0
0.0
676.7554
115.28317
136.42343
12066.18
197.87207
0.0
0.0
320.0018
415.66272
2439.902
441.64334
47.514526
1118.1719
0.0
1897.1261
0.0
393.28613
0.0
557.50464
6133.0117
6196.1685
614.34955
10874.19
84.94626
5316.088
3023.8018
2396.0645
5548.117
6782.2944
5035.3135
2332.8706
18936.086
0.0
1885.6056
18888.445
9608.572
18029.668
10015.209
4593.3604
651.55383
5245.0537
12400.6875
97.14556
0.0
0.0
159.36772
12344.593
139.19371
2597.8533
22524.816
4510.5283
462.40076
12405.861
1318.9862
9733.566
11049.143
8452.377
938.92554
817.3965
6368.0283
680.92737
6114.164
3671.6746
1064.5541
3900.503
3999.0889
19498.041
291.3877
661.91956
20227.846
0.0
4366.6577
203.84135
1595.8242
123.9467
317.8593
0.0
869.1804
570.3259
552.2704
4018.5615
23045.365
11980.723
23050.547
67.55393
17609.115
4965.147
168.56255
8430.318
13671.244
14231.961
2074.6973
0.0
98.591995
448.47192
20230.72
1643.2836
15371.934
47.031155
21459.186
113.38723
2742.872
2403.3684
196.18494
5023.779
0.0
400.32767
342.74634
15855.35
0.0
3531.7964
2371.0713
15607.486
8187.2236
1392.4546
3924.3735
9385.612
368.63858
8820.658
3253.725
0.0
8094.926
356.3158
6402.619
7813.984
271.6762
10200.162
4242.836
787.4512
4019.6477
1605.1285
576.6029
5161.401
798.84656
0.0
0.0
9991.65
11118.482
6319.072
1211.3016
3801.3303
83.39129
4049.6833
12087.471
240.02505
2395.7993
4597.4653
48.512196
461.29486
2527.138
6519.0312
6024.381
1178.1663
0.0
4971.869
0.0
23072.596
4397.8965
173.63408
7108.617
618.0425
4341.26
10080.053
16157.818
851.14417
304.7179
4104.155
3777.2134
7122.275
417.3973
73.223404
0.0
5967.2544
7029.6807
8313.596
245.96503
7902.378
87.06566
1545.263
10583.865
441.0274
3759.0337
135.1228
18577.025
55.554947
18767.031
2493.719
944.49414
2601.037
386.99017
3325.0027
0.0
5449.713
1620.4253
2487.3838
0.0
4005.0654
744.2172
23018.787
4534.6045
5531.0356
352.25522
73.4512
642.7693
10638.72
1770.3116
3613.898
9387.791
1893.4684
298.3649
418.3605
8973.054
2112.9197
2879.8752
1438.0669
5732.522
8708.295
1995.8259
139.12012
6637.794
18907.848
201.97061
3604.7534
5107.1064
475.86325
211.237
3675.175
4369.697
1698.5798
23059.82
111.153595
163.39789
350.53278
4277.851
3515.9275
143.55067
0.0
11547.406
13498.663
3366.644
0.0
9887.984
14456.702
6311.0996
1705.9856
10689.931
218.04033
582.14795
165.78954
694.3626
14951.124
85.85374
7583.548
5060.8423
9683.661
1063.0846
380.38782
7181.258
2308.4927
7424.5947
579.6989
331.51218
0.0
4790.388
7889.752
7728.503
0.0
0.0
0.0
20089.883
22229.488
6188.954
416.53568
962.748
178.39838
0.0
5190.3633
0.0
0.0
316.47693
0.0
1583.3156
9313.948
483.7167
4569.1953
2861.7627
873.26575
4567.174
487.4461
2437.46
3034.7776
2776.2007
791.37115
612.1064
5549.453
1540.2769
1474.2501
0.0
3085.4302
1688.8707
7864.5854
16242.044
3614.8662
1930.0371
754.26416
953.22705
312.91296
5243.385
112.901596
8545.136
378.72192
5527.7236
15019.41
20663.006
2111.3428
13673.43
2649.294
12633.622
0.0
18662.29
0.0
1126.4475
14026.822
13475.905
4986.8027
360.81665
15476.158
3447.3235
2466.9006
8921.539
0.0
4143.076
2712.2751
7319.5083
11712.121
6379.8125
3496.6157
2459.0095
11822.08
1133.8308
88.30317
10110.056
9168.105
100.478966
7954.4976
659.91565
0.0
0.0
336.10284
1362.458
5723.818
308.1101
8140.0845
0.0
5835.8193
10820.184
376.96085
2589.15
15003.939
1557.305
5950.001
119.43962
860.4876
23080.371
134.91989
12651.553
9303.902
1150.9966
11035.877
0.0
5891.843
84.145874
314.42908
178.8326
544.3266
5419.369
6279.794
5156.792
546.92267
0.0
441.87518
5811.4023
0.0
14387.234
99.06703
1528.9827
7146.1167
978.8647
221.3092
5548.2666
516.0292
4741.9375
1559.4802
782.698
12111.625
503.4416
14765.937
118.280624
6519.533
2482.4995
7167.5737
2346.128
5476.761
3758.7725
23071.557
348.81277
0.0
15199.062
172.70897
12734.781
6609.7656
6619.331
0.0
6329.599
253.2807
1898.9995
845.94946
4085.5952
58.719635
0.0
975.91187
2720.2942
9042.901
701.98376
9931.81
0.0
392.1706
6044.964
2124.9297
1054.6292
1886.6274
0.0
0.0
4994.5986
0.0
313.3537
7750.754
10592.568
0.0
303.24054
0.0
320.23486
11589.11
3339.5151
1193.8259
11205.112
5950.1997
0.0
5839.762
860.25867
7400.917
140.39267
10986.841
651.79175
7455.9126
4812.0366
4925.998
0.0
3863.241
12817.517
14298.388
0.0
4474.938
15714.07
15518.879
3040.7039
13264.983
0.0
0.0
12149.989
23031.076
0.0
153.53032
6992.8467
15400.564
2444.0881
208.61789
6522.249
523.3755
17679.918
16620.988
4237.714
11345.726
653.2986
929.97766
237.1613
0.0
675.7896
15838.402
720.0464
3586.164
0.0
139.79327
0.0
506.3548
511.72858
2456.3345
5828.51
0.0
2727.8206
7142.467
9173.645
11274.666
9990.857
2126.5767
0.0
73.78593
5188.752
212.96301
749.69
1847.5896
551.89825
671.1132
270.2036
0.0
23047.459
4275.769
1174.7404
4508.4697
7377.3193
9378.097
0.0
13779.884
5843.927
657.80286
556.50995
5050.8267
2731.9233
7149.383
287.0037
122.58292
7160.0728
21696.0
2353.8928
16235.03
20804.854
10270.163
956.9244
0.0
478.05887
0.0
842.1135
5965.3594
4001.5657
305.37827
9735.104
3336.3828
615.9238
0.0
0.0
16597.21
21011.246
0.0
10478.715
149.28464
309.60825
517.31384
281.69827
3046.2664
83.6123
6718.5586
0.0
0.0
0.0
1115.5088
6570.365
194.50716
4715.613
336.7833
2766.7534
536.2421
0.0
115.48308
797.93896
567.7843
7288.488
3430.6885
1017.46954
438.82776
7215.787
10553.463
0.0
0.0
165.56622
0.0
1187.451
0.0
1847.5234
1460.8958
0.0
0.0
152.36423
532.2612
4464.551
1449.3132
1550.092
713.06024
5530.924
468.91962
967.589
618.04333
0.0
66.5883
7021.7607
5571.407
1505.9651
5331.73
6840.65
9911.509
902.31934
493.19754
2642.3635
8956.669
632.60675
212.80914
560.24695
17070.535
3505.5076
561.36053
6081.755
585.86316
4394.3247
232.09424
7606.137
8443.124
5134.598
177.97281
196.9136
446.9333
288.35956
778.3327
1602.747
769.29895
1159.3578
6680.2607
0.0
23016.605
5811.8003
10200.682
443.06845
147.1192
2906.9712
566.46326
872.35565
6416.5986
799.9899
148.63086
5221.128
15635.715
6783.5137
0.0
992.6874
0.0
7572.3394
183.42671
0.0
11439.646
1108.6732
196.66368
182.04018
9760.195
173.6617
7488.8994
8292.098
0.0
6306.2065
325.42276
994.27325
0.0
354.9138
5003.2275
2044.3398
12687.691
252.0459
8230.802
466.8263
5750.598
14434.342
824.5643
5318.5093
4820.164
5928.075
4006.0916
23050.02
2019.9172
399.1214
816.08704
1063.1439
7469.01
23059.77
1359.5674
4957.495
7910.1016
456.67667
1757.214
5285.291
1520.9337
9887.844
6122.716
56.054214
4197.419
6627.1035
2886.9639
951.63086
318.69086
456.42902
480.13745
23064.457
858.5167
8324.552
6107.6187
0.0
187.27925
5300.9946
0.0
2935.4355
0.0
568.61145
3612.891
276.68533
266.7352
5462.5933
833.5908
367.76685
9387.746
746.3554
7786.8965
343.94943
0.0
1272.4038
92.41858
494.06274
3946.02
6365.2793
0.0
9071.398
6274.9175
1325.1526
285.249
325.9469
4655.4478
9952.759
0.0
1857.2534
1356.6484
1710.0742
9526.582
0.0
2355.2666
533.0183
0.0
99.94088
3528.232
0.0
101.39446
4510.495
7260.666
11232.757
11083.963
10512.96
0.0
583.7478
779.02783
1419.1763
7292.387
1512.8933
0.0
0.0
202.54309
6882.684
114.072754
848.2271
2027.0425
170.89217
19636.621
6028.835
23040.049
744.1061
19436.4
5079.773
3126.3218
0.0
454.27545
324.47162
1960.1814
12741.07
928.5349
1954.4763
1047.3193
358.28928
1771.4254
13044.756
7640.3223
1422.6566
14095.779
3733.0132
8661.81
166.85948
4135.608
0.0
430.91794
1629.7313
11291.464
8957.236
0.0
7106.4824
893.792
23041.916
311.18854
855.88385
141.1706
17114.693
0.0
6074.622
5315.6147
10093.116
5900.8525
2682.2852
638.8504
0.0
5652.168
0.0
377.8334
400.96143
3895.6367
1220.7628
9890.732
3498.213
23030.586
16942.42
8480.941
3661.2903
4507.662
706.3847
11477.498
1441.9082
10127.486
18501.938
117.90337
3508.3794
691.92365
2172.1165
0.0
5650.6724
0.0
2324.768
267.771
2384.5684
15650.642
475.60733
0.0
188.01627
5367.7734
9542.527
6762.0415
7576.506
2672.047
8941.01
0.0
13859.713
791.05994
3860.8762
230.52808
0.0
490.45715
5142.2925
1455.6042
201.41403
1152.6294
0.0
210.64145
8593.662
3007.2766
243.79276
2343.8506
0.0
11694.647
0.0
1931.4666
5705.261
1953.1321
956.6846
5646.472
3499.7344
1163.0591
7770.5137
4867.04
16391.684
387.91486
8356.012
8435.228
6163.9717
137.291
1774.6423
402.8457
9386.594
151.47339
0.0
0.0
23041.893
11372.499
7241.972
1364.972
10664.658
1096.671
5379.0356
580.9297
2859.724
79.81
139.46288
13274.423
2506.9753
12757.359
300.2418
2316.5413
4760.7026
588.7433
7560.0537
121.23603
0.0
556.828
5117.6016
1092.1729
5911.091
83.77815
23043.375
23019.062
2788.7163
2780.518
23046.873
8475.81
12217.954
9367.85
14581.094
79.99091
23042.926
0.0
416.77713
0.0
670.1481
2742.6948
5133.3794
0.0
10566.807
12848.951
9298.388
0.0
4392.8647
199.0992
3053.3015
0.0
11236.765
1602.6731
2042.1332
7911.349
681.6037
9956.011
190.35962
8486.027
0.0
2016.6211
646.21686
7662.8296
15686.723
1554.155
0.0
23082.793
0.0
11870.342
14375.023
12071.433
139.04315
570.5177
0.0
755.4551
775.9793
835.2781
13982.971
495.6197
0.0
4598.7954
8117.6143
12477.142
9194.063
11335.493
8366.047
432.63904
0.0
3025.2053
168.3142
9246.405
23015.863
0.0
540.3143
136.76791
1588.2905
484.2113
23070.766
0.0
1170.293
266.79718
230.75513
195.13321
2022.72
93.54054
7037.08
7815.9976
11777.047
0.0
11962.867
383.3286
1623.6099
2212.3625
12775.008
57.058125
152.51904
457.40536
1959.2766
2606.233
18112.695
21916.695
0.0
9034.661
15713.256
762.13367
7601.343
0.0
0.0
9142.889
0.0
0.0
0.0
2471.3198
2339.142
4491.798
483.46686
2343.9243
12446.928
12317.857
357.24286
13292.779
158.27417
23031.957
1900.0403
123.713936
508.53278
9742.876
7165.4834
7000.283
0.0
214.58466
0.0
0.0
0.0
0.0
2568.4512
4708.1963
2097.8184
3412.9321
6724.756
575.9529
6730.1094
4017.2178
235.69312
387.3292
13256.218
15619.382
55.581665
5960.2734
18860.543
320.4665
795.213
5614.5547
8094.5493
4918.4873
0.0
842.1303
5614.346
118.315506
23055.414
306.19604
204.5173
10088.969
8004.6035
0.0
11446.939
139.88496
109.21982
0.0
857.9496
298.34372
5307.373
284.26288
157.0904
0.0
4979.662
7710.792
14290.113
4625.7793
3130.1597
11633.356
13443.949
577.0725
9793.5
141.36183
3480.7854
195.06924
166.30464
908.5283
4018.0088
450.9084
23036.457
4622.9736
1030.8972
4845.0073
19134.543
75.83529
2909.2603
2997.615
7702.589
0.0
7043.7656
285.88342
0.0
567.1572
5315.8867
554.3856
540.49243
764.6454
20133.72
461.0305
9029.021
123.78688
0.0
5242.014
5853.6416
18322.64
11585.199
1109.0535
19475.375
6897.8467
105.61278
647.5708
2845.2495
5872.899
2856.693
11385.964
0.0
3140.1216
263.9596
15669.612
0.0
11483.751
585.36774
2322.7976
23052.152
2585.9055
6365.2324
8963.016
0.0
763.4373
8028.8447
0.0
3820.5134
5075.2373
3962.5913
5013.1284
9566.773
9818.232
8680.487
8606.271
613.89343
311.13004
0.0
0.0
89.84421
10527.661
5623.0273
15455.146
2985.5476
7903.059
127.387695
5748.537
349.5968
99.32901
72.24303
0.0
11014.008
645.48663
382.47238
0.0
0.0
4077.9985
3858.0193
187.47421
23020.29
993.3773
6737.1543
3345.542
248.11621
0.0
562.655
4050.8623
511.35834
125.96307
4807.6997
10491.645
1054.053
6811.441
1111.888
6240.4004
7002.7695
2626.546
542.977
6037.5176
4920.5923
5119.405
567.18384
4508.497
4046.0889
0.0
4519.5283
351.75955
103.59535
6726.673
0.0
8234.72
9302.852
213.41467
3676.4265
645.25275
5964.457
2661.5835
6521.835
4216.7124
0.0
4198.575
7247.6953
896.9774
1353.0908
9463.394
2036.3661
2730.4268
10894.331
15435.881
7123.164
23053.682
975.63
6859.9414
18052.672
181.70886
4574.491
11359.543
0.0
11005.896
517.8811
0.0
286.1198
10308.262
18689.564
23069.268
5515.6553
2436.2566
5948.2007
8028.3247
727.12744
5790.632
355.8551
5490.15
2589.8687
3305.71
4775.504
1048.4255
2701.8318
1109.4673
927.6731
9576.596
2319.9478
300.12384
547.7064
127.9668
0.0
7423.913
5881.3203
402.4252
2840.1523
9983.222
263.98254
125.094025
0.0
789.8501
793.7091
11724.76
355.19846
18111.885
703.699
0.0
324.84985
168.90524
8748.174
6520.25
15980.305
2787.7344
262.67667
1025.6484
4908.1465
3043.1038
145.04892
1111.572
0.0
22710.96
176.22176
644.5178
359.92157
4852.165
21952.941
21804.652
370.02158
2665.4338
13503.58
1367.5907
734.4241
10705.295
0.0
2751.8503
977.4
93.338394
984.78564
126.47464
5165.9995
400.88354
3713.7104
0.0
7206.1123
8992.5205
3514.252
253.53598
6600.2812
10446.294
2800.9873
321.65964
59.01786
0.0
140.4524
0.0
1146.008
10537.419
9348.739
145.96657
16523.861
762.01654
1220.3271
167.4873
176.97873
1064.9585
1378.3975
5839.5586
1708.6443
3670.6108
889.10846
6787.1025
420.93652
6942.581
206.46986
4958.8247
859.3374
3935.295
17120.15
15575.447
13633.592
5069.8755
1061.4718
1179.7177
159.40599
3035.1624
1745.7594
2968.4453
0.0
0.0
1994.987
3975.4517
7510.828
6156.4087
766.6068
6355.6494
6963.1636
12522.113
7059.5454
4221.3955
6727.7637
144.31796
20394.248
0.0
20417.691
123.531364
0.0
994.3447
0.0
1340.2875
655.3719
2378.3838
5371.9834
66.916916
2405.5422
205.94562
5436.49
1311.2267
855.42993
7352.556
0.0
10557.947
14618.041
4949.2476
10303.865
212.37654
4949.803
4917.664
885.72125
6136.382
3593.2363
3981.8132
128.09277
780.60913
0.0
10528.785
8106.1787
831.37976
739.29865
353.8031
8613.283
0.0
3389.2915
116.66623
1575.5953
0.0
0.0
1263.3589
13057.289
0.0
311.54135
321.94067
192.32199
11123.26
185.74109
458.6228
4568.4697
6715.8325
15180.105
4271.9253
13854.352
0.0
4534.223
2741.4148
386.06946
2269.0122
3285.223
0.0
0.0
6535.7334
15111.628
10622.548
6819.7783
282.3856
8165.1978
0.0
3841.547
317.8545
1162.4817
7842.6543
661.14185
668.23083
23034.838
7722.3057
864.03705
23033.41
0.0
923.4259
9706.608
0.0
1461.2456
8473.703
425.9331
9788.906
912.5105
7559.7153
0.0
14298.799
0.0
931.00226
4298.558
238.83348
0.0
3924.9106
0.0
2766.0798
0.0
8889.528
296.4342
13103.561
21188.613
4681.3423
1628.2225
9911.988
19334.508
14637.486
156.37683
319.3931
8568.387
125.928314
359.9858
120.18915
10056.658
2309.6133
123.07042
4867.786
0.0
522.3915
870.04016
8735.2705
0.0
23034.352
5371.7437
139.60233
541.2868
7757.6846
6520.9023
232.03175
305.03314
1981.541
3915.6255
3265.2705
297.4035
18104.34
4848.0557
299.2437
9928.789
0.0
4573.878
2854.5576
319.14444
6764.5645
0.0
14556.516
7565.9043
0.0
537.3379
16486.092
0.0
8862.038
613.1065
7360.1704
0.0
368.39743
23038.963
0.0
17143.111
6413.712
474.83472
6282.9907
412.06918
21955.195
420.7602
249.23404
5377.8013
1544.8406
3531.9663
10059.949
2905.6667
5353.5195
822.489
804.1926
5058.3086
4722.408
616.6454
212.94724
0.0
6918.6235
3616.4194
0.0
7921.6562
0.0
13986.957
1009.62
7378.6567
1266.3938
1488.9044
3370.406
315.011
5996.9575
1333.5347
12903.505
191.52881
6808.5186
0.0
18531.36
569.6615
10793.84
88.56556
15296.571
0.0
149.1889
175.66588
1715.8811
5644.0347
0.0
232.79675
5662.8843
157.23523
5508.5317
17833.492
167.72424
5316.8096
6274.863
1684.9663
8251.582
1056.1498
12905.611
0.0
13454.619
6344.4824
1515.0026
458.59863
10670.132
4431.6885
0.0
81.00625
722.06616
736.17737
0.0
15549.89
11252.428
2263.3076
6931.0435
843.0871
0.0
5424.606
363.84033
6111.6167
251.01494
246.8585
401.94617
11837.621
303.63275
1303.8595
13936.182
12562.223
430.23773
538.55164
4590.12
212.75134
5016.288
114.09715
0.0
22622.402
3232.2046
0.0
706.7895
3207.1165
920.47754
504.057
2556.6665
0.0
932.84674
374.8631
1733.8169
476.3845
4652.296
611.5614
1238.0897
14317.215
0.0
1654.6772
379.14035
887.43494
1384.7068
7270.825
6728.934
326.6875
4841.937
0.0
151.83966
12797.49
0.0
0.0
192.04343
1666.5966
10010.266
352.6842
17472.55
685.5533
661.73413
3308.9724
16466.238
897.6494
149.78568
5657.8022
12609.193
23050.455
10161.645
0.0
472.23676
0.0
2548.588
8510.257
5394.16
0.0
2354.4727
1869.0487
7576.364
2034.7373
0.0
5547.6816
0.0
11905.099
528.00684
2605.5115
0.0
11425.465
536.5692
359.582
52.16208
5276.7905
23000.182
7669.6025
165.90427
9023.848
944.1013
3623.2397
452.4259
7104.745
274.74454
719.7462
379.16565
954.3412
8437.156
166.66736
736.73987
90.85772
5558.6104
5862.2803
706.9313
1430.9136
5242.7656
3879.7522
2665.271
1902.9915
2279.2905
22109.99
316.28873
9726.447
653.24316
3202.187
0.0
0.0
23041.748
587.7721
0.0
5019.8013
8130.4746
569.2258
23060.867
10662.631
1396.8514
0.0
536.9866
8569.512
6141.966
323.28802
157.18854
7898.7773
0.0
7115.448
3271.9194
5319.957
10958.977
0.0
10069.65
652.68475
0.0
14567.471
19018.896
1505.1991
5364.468
7756.118
0.0
601.97864
6780.3403
231.81091
0.0
146.7196
2850.601
196.11533
4548.0117
3120.9475
0.0
13014.915
62.62604
9073.5625
10947.615
0.0
241.01616
0.0
3303.211
0.0
334.50848
6605.334
7374.2124
0.0
154.48936
109.21495
266.02194
496.556
862.4591
738.0263
0.0
1803.4243
715.4925
11090.0625
155.61095
5817.584
10961.453
17576.902
0.0
0.0
6810.0557
0.0
4413.0127
477.73022
6781.935
11898.833
12055.958
6955.301
17369.594
764.12305
4640.798
9865.088
1032.5906
2782.2236
0.0
283.643
0.0
0.0
5862.0107
12366.255
23054.23
209.52515
0.0
23028.137
537.79565
0.0
9555.336
142.57773
430.1784
0.0
6140.5625
328.71573
6648.568
186.53665
366.52676
11155.945
18043.697
1115.225
738.266
3354.5085
419.13617
0.0
877.2017
13313.3955
134.8441
12577.234
4512.865
213.36646
5525.5386
0.0
154.57314
950.3165
0.0
562.8794
611.9597
54.396927
1374.4644
10950.396
775.963
82.159256
3356.171
1033.1167
7120.2427
6735.842
247.07013
321.35797
6090.172
13930.162
7470.832
5851.902
7704.999
1027.2332
20299.48
11664.218
12493.59
7814.3135
23062.309
5850.793
2525.0798
1098.1775
1005.2063
1075.0483
0.0
69.88985
175.23679
781.96045
14848.393
0.0
753.68134
725.04376
1258.3245
6685.832
6044.5366
0.0
4963.539
476.2534
8184.867
559.47217
4235.3887
403.46027
122.6716
6766.3877
4247.832
13144.557
160.65544
0.0
466.83084
2388.5396
9689.072
1904.9739
393.38068
11514.699
23018.863
680.9198
0.0
5886.128
2108.0972
1942.1385
8959.212
0.0
0.0
9123.891
3306.767
737.1863
354.6751
3630.6487
3024.464
538.8162
2707.7012
126.01616
786.26764
13987.504
2762.0647
502.79318
13228.129
794.6257
121.9906
165.01883
818.574
8081.7236
887.6135
68.49657
0.0
0.0
593.3934
23048.229
825.55615
11112.825
0.0
2461.4065
72.36933
585.0096
299.58768
812.5392
559.8072
5552.0566
12401.863
0.0
276.53006
453.52753
143.11948
2112.7192
19084.398
16194.73
547.19946
830.67773
0.0
118.971664
2452.9023
6072.842
781.8833
6960.9746
4380.384
262.94827
11854.134
359.31046
714.41797
3316.9624
710.53906
2510.6426
12573.918
5564.956
361.15985
0.0
3676.5098
7587.4785
536.91534
57.704643
362.5053
93.718445
222.02078
0.0
2750.413
6545.5083
314.80658
15863.356
17028.924
2603.0205
683.60565
7382.962
8081.7983
0.0
1254.0967
11244.21
650.9065
468.726
5845.164
165.77211
1255.9102
2802.025
3522.2178
4875.3228
85.87976
109.3312
736.04724
7055.0576
430.7436
310.3516
3501.462
1404.1724
994.1831
5197.3574
704.9523
2299.2903
879.20605
11500.6
5749.589
16270.169
5887.4326
4950.4443
576.3849
806.5464
23012.984
442.1172
11365.342
6594.1377
1331.187
10786.378
391.36386
4035.8286
17788.803
0.0
8583.318
2593.2346
477.93158
762.9639
549.164
0.0
0.0
626.60913
0.0
258.94043
124.68201
0.0
9659.374
0.0
362.15247
2818.9358
910.58765
0.0
256.4013
7980.546
9045.154
1240.5779
12049.942
82.32454
666.10675
784.1249
101.99627
0.0
13238.367
3833.2095
9259.014
0.0
3780.5264
4681.355
5044.582
4352.43
110.84967
15215.494
1002.2472
89.296364
17265.676
236.04424
1028.1478
9243.6875
5109.5215
15670.344
6420.5625
12496.338
7029.5273
2926.2832
728.9327
460.98328
13030.849
116.33415
501.25616
0.0
3179.6768
6750.6514
0.0
5951.3457
374.87003
655.9146
0.0
6376.5674
6708.7354
12563.0625
2440.4502
0.0
12565.49
0.0
796.1913
196.91708
593.25104
11040.149
7704.298
5297.601
17894.58
207.29485
0.0
0.0
2771.3008
572.1336
265.56406
23045.46
7008.399
391.89575
506.2672
10910.955
16935.441
14511.679
13861.609
19576.824
1681.2771
11781.158
332.76752
4311.811
7843.8433
6205.925
468.2481
909.3766
9934.031
220.58246
2171.7166
6276.3276
9695.807
7373.2695
4522.235
130.09808
19255.115
697.7303
8246.947
11372.178
691.75574
553.01013
17361.424
147.6902
7026.8853
23035.523
4279.711
0.0
0.0
119.09172
790.627
1585.4564
647.178
0.0
0.0
8322.286
3114.1245
155.59906
2873.0483
11771.625
527.45776
6392.802
8637.947
17651.615
3311.5688
149.81595
7343.001
0.0
22555.293
219.1193
308.3068
6751.7246
12053.439
5391.2803
1146.0165
2581.4512
210.15536
0.0
763.3119
107.655075
23051.531
23038.72
15358.682
0.0
23041.836
270.41992
89.840195
9522.631
9491.931
2710.7827
1697.9951
2807.2188
109.773834
6553.815
840.1382
10527.292
167.7896
18984.69
6093.467
4014.4583
176.20554
274.35114
2447.2427
329.68704
6059.069
5909.609
6036.8433
332.647
64.42353
7598.32
10621.165
737.55536
0.0
0.0
11382.04
1275.1741
579.2935
0.0
0.0
1334.7515
10850.592
6168.6025
1108.2268
9928.857
0.0
1347.6091
465.3213
8879.973
23056.57
4908.1846
361.78348
126.95433
4264.6436
143.50067
272.98083
215.00821
14103.322
5135.3525
168.65878
429.46698
4249.118
863.7199
604.49927
378.5484
279.08264
7385.2173
157.01169
11155.557
0.0
13908.848
2945.7456
4669.5024
305.37463
757.4121
0.0
2226.0076
2610.2278
872.03284
1512.3923
6923.774
5347.4746
397.50867
0.0
1089.2258
0.0
6621.478
0.0
11244.3545
9406.368
0.0
86.688286
13516.963
23021.535
77.72287
0.0
1152.3977
4877.979
19183.316
96.086365
9661.825
984.13745
18611.604
0.0
0.0
5666.777
218.99088
22387.06
0.0
750.45044
4225.547
0.0
982.4569
13985.682
7802.0654
348.48065
3747.3887
0.0
79.635895
474.50726
3015.383
16353.541
7002.941
3961.9993
0.0
8446.3955
702.1212
11435.426
3283.0635
5421.957
2048.8123
350.1428
0.0
0.0
8313.013
8923.243
2527.5183
268.94128
13539.928
7386.7295
858.9269
15975.24
0.0
117.90707
734.2997
3130.7598
2528.4072
6027.22
11230.859
16457.137
7761.1978
627.2848
906.8789
4574.345
12624.262
224.86462
20502.95
1226.1212
10257.422
2978.6938
6347.968
17030.11
2556.546
6409.445
696.0669
7752.6445
3332.7368
4319.3213
3868.7446
689.7424
604.0104
23035.52
18431.027
917.2434
0.0
1478.4373
10257.814
121.221405
12282.769
2494.7349
271.28174
10441.992
629.8329
377.69183
1784.4727
73.343185
7164.4873
834.4892
218.38995
5268.2705
6813.9795
344.34177
13142.771
6334.6196
13876.306
489.56842
21343.941
6603.6255
704.82855
0.0
8215.785
332.5479
0.0
4450.315
18159.219
4504.511
0.0
1355.5681
4663.2363
536.52
2148.8625
21099.78
1021.1019
6827.1865
208.9494
0.0
0.0
316.66
9148.6
1317.3456
4433.255
594.2376
1720.9266
150.37906
2210.6384
5320.689
6202.986
614.74225
3002.5469
367.23328
11036.701
188.41849
9774.293
2082.0513
1160.929
339.26672
0.0
7845.8975
220.31952
4261.677
5617.997
4457.635
7351.7646
8517.289
177.01419
6900.602
867.4115
2762.1384
0.0
7051.802
287.05914
3266.4233
0.0
0.0
449.66394
127.231674
0.0
6278.946
323.08563
3655.88
3774.94
13934.004
8567.578
669.7647
8634.696
743.7434
2082.3545
5390.1475
4672.4346
744.23987
897.22205
0.0
9990.939
204.4126
1567.2802
10556.392
2166.2334
23027.445
7802.51
296.61957
0.0
8351.578
626.7461
239.96118
5403.538
335.0746
890.4214
20824.82
12770.377
3873.1565
0.0
4047.29
698.3102
0.0
0.0
0.0
460.8296
8133.37
567.0467
0.0
10625.963
1557.3062
5906.205
899.7683
13480.565
0.0
8739.056
6078.55
134.12256
888.9192
0.0
1710.2859
414.82043
9669.281
3193.5894
717.2073
781.27844
8034.033
0.0
0.0
172.92897
0.0
3812.857
6858.388
462.75836
8251.215
1273.647
227.03111
4766.5366
18225.207
3767.383
501.91345
8989.28
1674.5986
840.9586
868.4227
7505.6094
0.0
8870.839
0.0
8743.097
0.0
346.90582
7133.815
7139.33
1107.1028
3486.2834
601.6591
629.0256
1022.2467
0.0
10136.309
1077.5612
6449.08
0.0
4135.8135
7945.839
170.49649
218.94841
6966.948
199.43701
164.35934
6185.1084
0.0
0.0
15.242262
455.7177
12448.122
1418.4673
355.0265
23029.725
3226.019
894.909
1244.0045
588.37085
160.63246
0.0
490.7191
460.91495
7150.0454
106.45973
0.0
7475.544
7777.711
552.9002
0.0
0.0
554.06726
7104.713
3434.656
11773.475
0.0
0.0
23064.385
412.5061
2547.901
9279.758
581.7229
980.70105
846.55273
224.45435
3270.3386
9240.825
0.0
4996.6426
22220.846
6931.3623
5479.979
0.0
6695.7676
9068.232
661.93713
3321.6348
2482.384
11072.593
0.0
197.34659
10473.093
4087.4731
0.0
359.71765
2140.489
5045.7153
3772.8164
16456.988
677.8959
7254.0293
599.8696
8486.037
4479.007
3138.8413
7124.3926
911.2509
17095.734
4254.5786
0.0
4789.3135
119.52191
721.07556
1513.1176
4883.541
4194.7056
544.23724
0.0
173.8988
10375.521
6236.8564
10278.746
15256.641
6951.6616
4568.15
0.0
7197.4224
23039.652
16885.08
5987.5903
2074.822
0.0
529.3053
3222.461
0.0
4738.9517
19777.893
105.961876
88.94671
580.90967
405.99933
97.97516
5242.759
6054.752
0.0
910.21735
6857.3047
2684.1597
148.67131
7773.6113
0.0
8972.908
4181.556
398.53845
513.94324
8863.382
7633.367
151.99573
17606.834
145.52838
0.0
7772.794
0.0
263.28412
0.0
4541.076
132.43309
12709.447
18731.785
4567.9873
400.18314
8206.029
5511.8887
266.7033
10228.98
538.3218
21238.12
0.0
3557.7007
511.59668
354.25443
127.000885
0.0
6104.088
737.23865
7735.8926
4069.5342
2450.941
6012.99
5716.455
9793.498
397.62665
208.8045
179.85428
86.98079
3418.3203
9043.689
1184.4165
23018.395
10152.628
4608.802
22878.3
161.79657
14476.915
0.0
11418.439
159.76788
3574.9531
14120.045
361.69714
5022.2163
703.0432
0.0
23028.066
0.0
170.6361
1492.8047
2139.4016
1814.3254
339.59714
97.08986
2349.1074
105.8329
11869.053
3499.1616
549.65643
15948.991
8365.097
15000.581
0.0
3662.0503
99.45491
0.0
5496.6606
11159.488
5112.0127
16560.691
21555.387
8940.7705
1044.8417
10837.216
9420.234
37.90588
1397.2069
279.38568
306.5497
671.8297
6689.8115
22120.254
931.8507
142.6482
2216.359
1732.3855
237.07072
1873.4016
950.0108
23035.133
12159.604
4277.3574
5708.2666
4354.0127
2057.3481
5323.2676
6931.336
8879.213
647.2577
4277.212
2125.2236
6431.8457
2609.4338
2766.3518
450.1999
17300.576
7484.8193
0.0
23034.78
4096.884
2099.8735
343.25247
0.0
0.0
10352.957
23054.36
7740.006
0.0
403.85687
759.8986
5247.09
548.2653
0.0
4582.394
7982.533
8394.396
615.51373
7107.9033
104.155136
9724.049
19462.092
822.0545
15587.148
6040.338
3740.3193
417.98615
9727.775
3803.9736
8967.496
13300.368
225.92413
306.28137
330.4646
0.0
6469.203
509.8164
1829.1399
13036.922
492.29773
13296.508
553.046
9073.803
0.0
0.0
1038.3081
335.06946
18569.383
7585.1426
15700.3955
2072.6663
2092.5532
403.8991
5783.994
1449.139
1100.8129
884.42456
23053.012
1576.0566
0.0
2568.6313
122.57501
538.1963
4388.3477
879.8418
686.4019
1752.511
2364.702
3627.3374
3687.5454
0.0
12190.021
155.79347
23028.578
8789.836
677.2974
0.0
244.3484
551.5846
187.95816
10927.557
20389.309
11319.51
146.91278
154.02615
4969.5513
5343.216
1803.5945
9932.296
12139.834
8019.2363
8047.8843
5864.524
7850.4844
6612.4404
5048.709
345.16357
219.50812
5606.3066
9537.458
2680.3018
9744.986
890.61633
13882.514
892.51697
9638.637
0.0
463.10498
12020.605
0.0
220.36295
566.3305
0.0
2717.576
5979.455
2090.8315
0.0
7665.5596
236.45909
2631.5117
242.60052
12725.637
1461.4723
8882.607
5296.576
5537.4756
303.8708
2178.9248
0.0
1686.9243
123.83102
372.38306
0.0
935.0105
15476.551
0.0
10357.586
9830.711
6661.9062
2046.1069
4099.208
4076.649
3664.5557
1000.6846
7310.6787
3436.346
965.7726
1680.3245
3408.9001
13947.049
678.4192
715.6937
17971.166
5713.2764
10352.244
6107.7354
4686.1353
0.0
2874.186
2768.333
5933.33
23054.607
0.0
2815.5269
11525.785
4153.8276
366.38046
179.15445
522.22406
7611.1787
2046.4208
403.90723
532.09875
1271.7139
970.0574
9089.359
9987.027
8884.599
6783.3237
9278.164
18013.902
0.0
0.0
808.3723
11103.895
11514.765
2578.152
218.38391
0.0
17833.121
125.68236
2864.507
