3591.884
1070.8479
2832.871
0.0
1287.955
1930.3466
3213.3306
119.61388
0.0
2261.0574
1790.4784
12807.334
316.93655
1726.678
1204.1047
1104.1119
19505.648
1406.5986
5024.834
427.64514
12154.57
6731.547
0.0
9916.674
1095.6387
1258.7166
41.020866
3311.2446
2256.025
791.4634
1364.9911
808.7116
831.82635
234.08401
11788.132
10042.4375
76.778206
222.28525
0.0
4125.1763
13187.66
1751.9152
1047.7252
232.98013
410.21857
0.0
6509.8755
3286.3975
3789.6753
4033.2346
772.2142
1213.1682
1790.0964
1634.1138
969.4403
1780.8855
12674.856
4017.213
3211.4534
9452.637
1319.571
5449.5234
1674.5686
1757.5586
11609.561
1772.3489
934.69977
24494.84
2830.403
883.7897
3788.0518
777.72705
0.0
187.5265
0.0
15464.727
0.0
2732.1584
866.8171
3672.4387
2256.0483
0.0
111.556145
13913.84
1853.575
2117.6958
0.0
0.0
5993.164
0.0
832.4173
2602.5857
10619.262
1257.5797
10760.248
656.6961
1230.801
2382.8694
17701.098
0.0
3222.0022
0.0
1663.443
1066.6299
4097.3525
977.0913
22202.379
56386.594
4243.866
4303.134
8924.002
195.12814
2042.3789
691.8301
1112.6692
37804.535
4296.231
233.33923
9306.295
0.0
2999.7812
284.86942
126.54156
145.03311
7129.564
2327.5393
1931.5171
5108.312
0.0
1174.3557
516.68713
0.0
227.20142
6489.6606
3536.8525
8200.737
833.5952
3816.7378
2184.8206
1547.074
2195.4644
1457.34
25283.1
1685.3231
1235.3195
3967.87
83.935936
27877.16
73998.54
0.0
3193.659
3751.8013
461.6198
3099.3108
44938.53
0.0
2978.2356
631.3769
4138.983
55280.61
12819.308
6751.521
14821.07
0.0
3229.8396
4161.1426
44537.37
1038.225
364.01938
7143.6074
2735.7854
829.06555
1609.9327
42250.316
25858.625
665.9707
1164.3423
1566.3071
75.51809
26582.088
2023.8899
1843.1006
2074.58
266.48245
10496.771
15707.273
91.40018
107.96741
3914.181
1710.28
0.0
0.0
1091.2913
5674.924
2839.293
457.75894
1003.8602
1107.0178
937.3098
9134.607
15081.189
3236.5464
362.02838
0.0
4465.772
1288.1296
0.0
2715.9644
412.47556
7301.977
2095.0173
887.66785
12595.891
0.0
0.0
27087.543
16770.076
11088.638
4592.6895
310.0038
22438.934
3021.683
6529.327
2200.9348
16668.598
1392.9655
0.0
0.0
376.9177
3237.274
25072.855
1792.2979
4024.726
10030.6875
1799.001
3768.2734
4316.695
0.0
0.0
142.10196
5999.2373
51337.15
12717.129
0.0
921.32983
5612.4126
1633.3123
245.21394
13143.304
5653.118
9979.547
3868.4976
2582.874
1119.363
464.01862
3994.6157
0.0
7308.9277
13207.3545
130.77838
4039.8335
20071.27
0.0
6044.29
3502.0317
1543.9248
317.99042
582.7217
9012.373
1944.9541
26910.457
9907.646
2357.6958
667.9919
12503.95
29310.096
75.675255
14901.553
2767.0737
17572.66
3062.767
78.50686
0.0
6272.1035
1276.1775
2629.26
2311.727
0.0
3382.2378
0.0
0.0
634.8753
2426.0415
18566.121
2128.9485
918.02185
0.0
2080.7307
2084.7937
3399.793
1787.2668
174.6886
14075.77
1814.7643
17593.111
1898.6967
2297.6694
266.15677
2481.3875
2987.331
255.52057
1464.7188
12955.844
773.74365
384.50208
2917.5715
29230.834
45091.473
0.0
5242.199
2714.1624
850.91626
18236.756
3091.4927
2123.3083
76.59057
2403.7375
0.0
2670.0427
441.36093
0.0
2484.929
31115.098
0.0
143.57898
440.06116
7133.1836
1594.7122
1728.984
588.5265
149.40253
6741.044
8917.721
2662.0046
8331.518
8808.741
345.22382
2592.0762
1580.0745
898.31885
1263.6089
433.34665
775.4446
0.0
0.0
12132.57
12656.906
61.39214
66.99398
664.74725
38317.07
1053.7576
366.22925
2936.6396
4154.6313
3247.7173
3810.9868
90.22487
2989.854
1775.3372
3493.227
7179.724
12902.823
787.8385
2342.418
3774.793
1334.3096
22532.264
1020.3367
42179.203
18969.803
0.0
1696.4377
3452.4683
10402.3125
5366.98
7034.0
3425.754
1900.8362
603.1373
2092.2837
1365.8899
2997.124
160.82387
108.03804
2049.0627
2910.357
115.89223
2049.395
0.0
0.0
2520.6084
3692.2417
3612.2085
18824.469
73.03723
1036.958
1010.1975
25539.773
1295.8157
6999.696
35200.6
2978.1943
0.0
4244.7725
1142.57
737.4115
2520.6104
324.8724
201.9824
0.0
0.0
16541.309
0.0
22135.998
10714.428
1702.6755
1791.3173
0.0
2449.093
16314.674
1119.2812
0.0
116.543686
2851.029
0.0
20969.816
0.0
3886.5273
3095.561
11887.481
411.03235
125.58792
11093.144
241.6661
801.21783
1154.7041
0.0
149.43365
2036.7715
9311.202
14855.604
3859.9983
3854.5098
1528.5697
809.98315
983.9677
1330.653
899.079
0.0
577.2396
4248.226
664.0089
1268.8257
489.82843
111.99333
910.8451
752.09314
4630.692
14582.76
5357.339
10597.785
42651.527
3443.742
112.199814
2130.3955
824.6443
1924.043
0.0
1196.3784
1056.5786
945.10474
1448.1995
3571.2947
2923.868
3692.2502
296.8379
0.0
2532.8838
951.05615
2405.768
419.85153
2304.6694
1720.3744
1210.1017
15967.428
0.0
282.16104
253.54337
27261.785
1278.1375
917.09326
13603.621
15432.15
0.0
1161.7048
12894.773
130.39862
814.9299
412.0464
709.4737
934.5517
132.90303
12021.051
4238.88
324.1335
1968.4385
0.0
1756.6068
6664.26
0.0
89.717354
1687.8513
0.0
3510.6033
1978.831
11502.952
5513.284
26245.598
1163.3557
82.08712
2684.897
411.2844
3438.3494
388.82465
2613.221
0.0
0.0
119.21516
2613.5361
3099.33
100.48135
426.2548
20181.71
10007.816
1065.226
45279.25
21872.855
469.1057
3182.0654
348.80304
4345.3125
0.0
74217.55
772.6563
3554.933
888.2552
226.8694
1752.4878
4233.698
64.11328
3919.8613
28162.137
84.14026
32243.29
1473.8262
0.0
2271.2192
0.0
2757.289
271.34027
275.1039
1001.5034
15027.209
3029.5615
26987.674
2672.4858
1361.2964
229.50018
2621.8691
1433.5082
501.19736
20191.596
4222.553
304.2059
2757.335
3503.0278
31115.504
317.76437
138.70528
21209.293
160.41016
0.0
5040.6226
376.15872
19107.234
524.6735
2745.812
7221.575
3028.2896
0.0
53399.69
127.92609
4521.956
4948.096
241.73608
1274.2103
2096.901
1350.4053
610.5626
0.0
32102.266
959.8435
0.0
3049.371
0.0
2291.8787
5203.6387
579.9626
110.98282
19064.543
4431.0654
9596.877
4415.983
26406.111
1218.5985
228.0929
1017.9783
20046.488
240.28586
942.11584
1335.0487
13339.225
4984.681
1664.3202
1074.0808
0.0
0.0
2619.1118
357.01294
2165.949
100.0441
3015.1604
733.8031
239.36267
680.3154
2533.4795
2426.525
4812.4307
123.499985
0.0
145.6806
0.0
1083.811
14914.858
442.90662
932.56006
26003.213
2004.9563
542.08795
9751.023
3833.495
169.84207
0.0
4871.4575
16962.021
143.70578
38112.414
14801.156
170.28214
1790.5378
0.0
5296.446
0.0
1410.1357
2946.3403
146.46056
175.91173
832.76904
2702.3206
5499.6216
28341.23
90.084625
16106.244
8178.966
4672.1055
33690.945
0.0
1846.1301
584.71484
1357.8059
19159.514
3203.142
10101.73
595.3285
125.15464
2513.0183
35566.242
0.0
267.59808
1121.5701
462.17346
0.0
249.25388
0.0
508.59985
3492.462
55173.996
1678.2676
2588.7808
1200.1416
4931.9453
55275.492
3693.1592
1847.5847
0.0
2087.5002
16972.768
1916.2483
160.3847
378.4817
3231.2046
1388.2792
726.74976
1602.7649
3491.8176
0.0
2930.1877
12184.065
5593.3257
9008.207
18569.469
0.0
940.1467
10406.81
270.2588
957.75244
89.0924
0.0
1875.968
61542.81
496.7593
43701.188
113.98996
958.3827
116.31511
6338.6396
3624.8613
1906.3213
5523.3984
1438.9938
5505.586
2147.119
5442.629
115.17179
204.71292
1617.5038
11526.59
2575.5757
2995.507
6232.538
6421.2686
1509.7164
1611.6808
1661.4822
976.1339
9820.889
0.0
6131.533
1199.3783
2215.746
0.0
5841.794
0.0
2627.1216
0.0
13084.625
1767.6656
27925.184
12412.003
744.1138
147.8224
9494.975
741.09875
74266.73
1889.6735
328.16458
354.18784
2382.017
2806.763
1069.8763
699.2644
12396.8125
13353.692
0.0
3328.7915
3800.1704
897.9053
6985.0
237.12657
9345.882
1665.9114
111.89297
69.52378
74418.48
109.45636
21892.82
1180.3191
0.0
507.01804
1920.4685
0.0
390.08282
429.3327
9124.512
0.0
1944.1611
21400.445
3142.8586
1563.9622
7121.712
1568.9321
54967.44
0.0
2706.9578
0.0
2701.5884
3649.3623
11311.301
1732.707
3816.2412
107.360214
708.23773
2128.0032
2081.5488
1032.4229
2633.3867
293.4353
125.33053
842.31836
2973.0396
4715.3086
0.0
2591.5508
1568.7832
4573.7705
1577.8461
198.17776
3851.3955
0.0
14892.148
7631.3315
121.817825
991.9841
1396.1732
1929.429
0.0
26850.43
1678.385
6988.395
139.58206
1832.0889
1732.1705
2126.6665
0.0
0.0
0.0
3696.981
6096.8013
0.0
2402.4934
1758.6887
0.0
10818.905
0.0
1725.6909
0.0
24610.547
2264.4077
378.47443
1213.3806
0.0
444.01697
109.24342
7184.9106
13098.809
3913.9526
13693.816
1276.4497
74308.11
10454.426
3354.233
0.0
0.0
8131.7295
474.77237
262.92328
14784.682
0.0
251.25642
0.0
72899.86
15605.076
1546.4061
3476.2266
1987.7632
776.5064
9268.713
689.81116
14545.854
0.0
0.0
2743.0715
4658.206
833.8646
14282.148
3006.4243
2261.4717
1024.24
8520.34
3643.564
0.0
0.0
10152.362
6462.4033
11024.481
16869.117
26424.666
3401.6094
13379.361
26121.316
0.0
446.03137
4559.451
57510.367
740.4904
12795.588
14967.441
1274.2544
1577.2529
2158.5454
2645.603
1966.5369
118.73813
81.14794
37006.477
187.35579
157.6754
3114.2305
20533.678
1313.6855
4471.8047
11965.902
478.90668
3066.4463
2627.0093
2184.649
4043.9858
1169.6812
1980.5027
470.1778
249.30087
2048.1929
1181.6472
1453.9213
0.0
0.0
3638.6226
1198.1667
1419.692
101.34375
746.1512
1887.354
74293.25
2498.3875
2200.1206
17717.86
5748.409
4446.0474
0.0
2910.8135
0.0
1644.3456
2380.9985
0.0
3419.0217
327.48355
15244.729
8460.096
2112.831
1060.0304
388.00763
3147.8767
282.0654
4157.5566
732.50916
479.56238
649.14
96.18896
77.61855
0.0
737.5249
298.873
162.58302
3769.8784
0.0
11502.516
0.0
0.0
2821.135
1687.918
2155.0764
31775.254
1808.1924
0.0
3895.619
3149.2383
683.62354
27124.664
4717.149
4541.6655
525.146
3580.315
0.0
3292.308
3146.0537
684.46063
74379.69
0.0
1865.4958
1231.3757
350.58615
5857.617
102.307205
3746.1748
0.0
1367.551
185.56601
158.35721
452.52466
21488.914
1131.8068
132.24199
0.0
1830.6428
28979.328
519.1802
1870.4443
40748.457
0.0
30661.91
2733.9658
0.0
7337.658
136.03568
626.0072
19419.596
23884.727
0.0
0.0
3294.6523
5598.7827
0.0
30649.73
1873.0359
3725.4592
5686.4976
3534.014
2977.3513
2891.1357
2329.2847
24794.406
1530.2937
19086.607
0.0
0.0
74388.34
1241.1875
904.52515
5378.817
0.0
1698.5798
3904.8013
4190.044
1606.613
0.0
1562.8567
1719.7941
0.0
3709.022
342.30508
3534.602
1050.896
0.0
134.96211
1218.1295
1159.435
2325.0854
132.60725
17948.531
22344.11
35532.055
3824.117
179.53514
742.3284
4431.2515
1705.9229
16756.115
3546.1536
10601.757
3025.394
16161.883
2885.8352
0.0
23598.314
0.0
304.94794
489.1809
6871.5776
257.16623
546.76685
9661.842
1571.8628
2001.2407
182.46811
5508.7363
1588.998
375.5269
539.34644
961.6442
783.5844
0.0
6747.3364
2039.1748
4637.8335
430.27087
2166.1975
23395.455
74380.78
0.0
153.44315
6491.9595
187.84418
575.3842
2975.57
996.1238
1981.3247
288.0937
6047.419
0.0
1287.6506
105.85066
1934.8527
2043.8142
4273.177
9051.9375
6850.166
2034.0466
83.16345
0.0
25907.982
1029.8286
105.76158
0.0
5897.0444
0.0
3308.1245
3396.433
1784.4159
6190.1343
1239.4912
73292.75
0.0
1416.7494
11839.624
1952.876
2923.3965
0.0
355.86655
91.54773
14542.757
121.90436
6207.849
123.587814
979.5316
1602.2759
2873.0479
1719.9698
1800.6208
0.0
344.0296
127.03337
1389.8125
371.44815
115.46388
3693.539
2395.2266
302.04266
473.99396
1248.3408
9096.639
74321.78
9234.539
1002.9837
508.8609
0.0
14031.346
796.9342
11454.234
74325.52
0.0
724.43445
0.0
0.0
3826.7566
192.37305
699.8286
69840.625
149.0466
10278.072
0.0
2594.383
376.7126
5644.9404
1331.346
395.29974
222.43105
4032.4043
7766.7827
459.74332
921.6769
1168.6996
1391.5742
1557.3525
1642.2297
483.27448
3805.755
12315.706
598.36566
2647.6309
808.2444
0.0
6738.295
15445.699
1307.6849
32587.98
3562.142
6442.7593
860.4034
1320.0883
1274.6857
199.00569
256.41956
0.0
707.6343
0.0
150.29797
167.11139
4644.0967
80.95852
115.06675
224.96072
10296.949
0.0
296.3005
2315.3362
1135.818
74371.336
106.06803
37284.46
745.99817
1450.7689
22542.805
63761.39
1001.94543
939.32996
2868.7314
10949.443
1466.1028
1071.0532
1631.2438
855.5987
1377.1298
1951.2156
1067.909
13812.633
3358.0942
8588.668
17345.857
1437.4673
10821.757
459.16214
0.0
637.1969
1730.3813
0.0
331.7226
1547.9447
58970.56
2877.0312
5543.7993
1272.5796
2103.8928
3241.62
7496.3057
12441.371
3368.15
58.808884
0.0
3134.994
0.0
3795.374
33272.246
1974.7754
1730.2037
783.6181
5492.861
1710.5377
3548.042
2681.1104
225.77191
13490.856
2266.4844
3247.23
10168.847
568.5712
647.32947
1376.8923
16943.924
17281.664
12665.512
2071.9282
355.7006
413.4945
0.0
2297.5884
0.0
745.3403
5566.687
2530.4355
3395.0603
3535.3857
3169.6953
1913.398
1055.2303
675.8992
787.646
223.82181
9135.182
1532.178
7957.346
3704.0703
3065.9539
80.14938
15584.334
1322.6245
1157.8154
3246.692
12368.925
12981.237
4934.93
3528.4338
222.31714
304.25153
4371.493
2273.1257
249.22726
8636.061
185.68378
0.0
537.37415
18078.463
1051.543
1303.4856
3149.7314
1813.029
2490.2556
3375.848
1608.185
2316.9578
3182.5635
26007.89
153.40607
1105.4425
362.3863
139.70082
878.8642
3335.8635
1339.2511
2931.753
6846.2285
6243.076
2265.295
1624.1826
2464.505
22654.75
0.0
19165.328
401.35117
52749.734
736.1399
0.0
133.68607
504.82437
13149.189
3511.3428
4235.529
0.0
976.6054
2085.0017
140.84247
2815.2708
1571.5767
612.876
519.10187
1302.9724
258.9956
1620.0056
0.0
4061.2068
2027.5479
7567.5557
233.34586
24036.213
992.12024
2176.802
115.8216
3246.2139
1545.3232
975.94055
3586.5342
73676.6
4474.6045
0.0
10172.774
184.09177
1890.2203
25106.709
19323.623
1615.9797
267.01608
4190.207
2244.4653
1072.1327
0.0
2094.107
1882.2976
22145.838
0.0
4167.9707
4090.8484
3182.495
1406.8611
14520.292
8058.004
14991.529
0.0
0.0
3913.1301
349.95325
1210.6228
721.8314
532.3853
17198.031
1288.106
0.0
470.63977
3808.1843
934.6819
1184.9142
3801.875
431.22906
23501.586
4043.7522
747.0509
27864.906
32988.3
2875.633
2027.2052
38335.992
1153.6766
0.0
74348.7
1301.0938
5827.372
10609.955
1132.2087
599.4907
2503.239
1338.1627
34725.633
5678.4917
0.0
27056.338
12103.138
3414.6907
16697.398
2417.982
1171.2318
33711.934
3291.9954
196.35086
0.0
25496.957
1951.0574
23479.582
7079.665
2207.0273
1275.6539
102.25638
17387.258
2114.0957
10340.151
297.52463
617.6721
2738.106
388.81458
296.1259
42.966614
369.49167
1256.4456
2658.279
1288.6404
2080.6946
570.6089
6547.244
1911.9822
555.37946
127.85492
0.0
73.22365
6384.6567
0.0
2238.4307
658.41895
3302.3008
1245.2958
1774.7721
0.0
4397.102
17470.705
11883.15
6436.5386
3039.3804
1330.0374
8343.064
1421.0375
2542.42
54912.68
1911.5682
14707.892
590.81665
702.6461
407.2309
2210.8875
3240.4526
93.11547
664.6504
201.59251
21626.922
5826.6367
3789.7537
782.3462
149.11084
1278.1823
2396.8694
24507.635
1513.5634
625.10236
24854.074
15138.762
259.69733
2553.5527
688.6111
1845.948
0.0
4833.5635
214.77457
1275.4036
521.4383
4465.7007
4004.4895
6456.158
3352.5793
0.0
3585.3188
0.0
0.0
88.250435
748.988
3049.6416
73773.34
129.62907
8252.898
0.0
2119.9502
793.6293
19106.393
17870.969
309.4621
1424.2126
4751.133
2191.6816
5583.417
2811.4888
1734.7255
118.54137
33562.49
74313.625
140.85231
186.18799
4012.6323
361.55255
1962.4558
1611.6509
3664.0278
0.0
0.0
503.00708
8961.197
12066.519
1376.9231
38323.523
629.78107
20205.371
84.98534
406.22333
3815.8638
18451.074
2388.9854
425.22974
611.7125
0.0
0.0
16572.877
0.0
295.60895
1294.1287
644.7925
2487.8508
843.19604
2175.7705
2211.0596
389.91714
0.0
103.17308
6331.408
1698.4415
2409.8364
9123.586
1568.5034
843.0858
24244.143
1346.333
0.0
4118.1025
1665.3032
280.79318
1603.8677
19318.67
2363.3442
2234.0625
215.07297
1200.9974
1877.6587
459.66284
599.9924
9443.322
2439.5151
633.0455
584.6588
0.0
885.50085
311.17398
17730.215
9493.068
704.5386
97.11019
10369.385
0.0
78.64595
1801.6843
25681.64
14192.151
586.92554
109.736664
191.03505
125.412766
2846.8496
947.2531
10963.393
2056.0854
3066.5308
948.93567
201.89835
14026.724
0.0
27391.281
28953.564
1253.0557
3725.4011
1832.197
1744.8784
597.4617
11916.5625
2479.2188
1014.9831
171.7432
1932.4116
674.1663
1642.023
424.14166
15667.351
1010.75366
0.0
43001.77
991.47974
591.2417
3589.4849
2471.2993
876.56494
124.56186
3329.9136
21706.023
411.62653
3397.516
0.0
2284.5889
40871.33
3331.2622
21675.793
977.9651
3375.0588
0.0
763.19116
0.0
9778.793
1103.2793
17131.584
121.77789
961.0027
133.76979
0.0
727.60815
1866.994
25537.816
0.0
99.27217
1359.4532
3864.7297
670.74036
2102.5786
54454.65
390.60376
1047.6716
0.0
79.041084
667.0232
0.0
9746.1875
0.0
0.0
32308.229
1323.3442
74367.625
11660.786
325.9028
1483.8273
1643.3071
8278.301
416.2378
0.0
574.90717
3591.6116
2539.6614
38114.535
594.1131
2813.451
3321.9336
1744.4062
25285.402
11770.717
1986.7246
0.0
2716.52
1439.2496
14632.955
1242.3052
95.20253
1301.4275
1953.4646
2251.7356
1040.8378
0.0
1556.9315
2847.1523
9401.347
1865.1451
37410.133
692.343
7700.3994
22311.72
0.0
854.984
2404.991
1047.5441
2210.8362
7013.7515
226.55148
0.0
14031.389
23386.621
492.0318
3024.22
0.0
706.02454
0.0
4417.838
13653.695
822.51105
308.8333
122.54584
4351.001
444.4515
5898.372
0.0
4316.3716
3231.2632
1408.1826
135.30054
0.0
3500.4966
0.0
119.49992
377.97318
3609.9644
10173.799
479.37518
2283.4834
1899.4176
0.0
81.4822
123.684906
977.04285
4225.9487
2341.048
74320.484
1164.8685
138.58788
2162.0566
134.42693
996.8186
169.18744
2733.405
3509.6118
2258.273
171.09502
10047.66
3588.7769
0.0
29705.621
3452.0693
91.434425
729.599
1055.9573
2319.3208
0.0
3999.7632
3802.988
0.0
0.0
0.0
1439.1726
2673.721
44454.414
200.26389
22700.854
292.20886
9981.637
1350.8989
28551.889
111.862335
280.22845
2260.0796
25563.322
2684.2197
2723.6416
143.85866
3203.5356
3848.511
90.810005
0.0
2849.3093
863.2302
1150.5892
2381.1602
103.67324
279.79504
32111.393
530.7653
870.806
202.62839
666.9783
156.04517
3954.4512
305.4008
3747.3909
9645.588
18485.27
4694.606
128.98117
0.0
1301.8412
14446.387
10979.653
125.154236
9002.553
330.39148
2898.9956
1115.8173
139.20627
3113.95
1716.9185
1821.6107
1467.644
5868.8384
74328.086
0.0
40098.93
1981.4031
0.0
480.68207
21718.967
25251.05
0.0
2557.4739
714.71924
10427.706
135.31485
16971.613
3186.9385
4867.739
2410.5247
565.4506
0.0
74350.266
1958.8892
356.1032
0.0
624.0381
0.0
3042.2256
2389.7593
0.0
851.4929
1487.8328
4197.746
4418.375
16187.076
562.7358
442.2313
3606.454
0.0
779.8613
3009.9404
0.0
4858.956
0.0
17960.203
15978.258
159.73787
3705.8425
3038.8254
58267.445
12279.914
806.5475
0.0
1125.77
6584.6855
5072.382
4871.49
2405.3008
7121.757
0.0
4980.2783
20207.127
1221.7448
678.99927
1908.9309
1637.2241
12509.049
31210.824
54253.117
116.20061
1028.8508
0.0
379.61182
1776.7749
513.6826
1533.9087
1700.4768
8521.033
0.0
508.98596
1326.9464
200.1369
18907.473
744.39954
417.60846
3146.282
1275.581
1155.4568
76.8508
2331.788
2724.4202
19779.271
0.0
12760.829
4754.5938
2082.184
307.64087
1582.5632
2011.3474
3970.523
21757.082
0.0
4548.99
122.10463
166.89867
2248.249
0.0
39928.266
1171.5369
1618.5413
27772.781
247.09378
765.75476
10866.82
2152.5703
409.8556
14715.197
337.14355
134.62495
184.45917
15593.989
0.0
0.0
537.9618
0.0
2186.439
2840.5474
756.871
2188.05
9436.923
0.0
305.97192
18970.387
185.57611
13072.845
32255.182
0.0
3614.204
2493.3584
6853.545
2338.0017
16877.334
1525.2834
816.4602
73.615585
514.45996
1600.9489
5792.5625
1553.1007
219.65723
278.37085
1968.933
22645.043
1118.7623
12968.752
1510.6226
1549.2534
855.6621
13109.916
0.0
2299.895
3580.2224
0.0
1743.3562
3949.3179
35134.35
0.0
4632.3003
0.0
3628.1768
2273.9878
1435.0271
2288.7388
1133.7891
1300.3169
2970.76
5959.694
847.3692
7144.6104
6367.64
229.4051
116.1398
2026.1399
1533.4849
335.86752
1613.7046
835.248
8060.0107
14144.336
1415.2391
1350.3047
5064.3994
2428.788
2917.596
1120.6536
53000.305
1915.7526
146.842
1275.0714
4241.767
12218.098
1028.7605
17456.768
2162.7896
328.85397
0.0
3349.2644
11093.895
1803.3809
3362.7031
2824.1826
22981.512
539.56976
15740.023
35230.176
835.58453
730.0674
975.16925
2816.2732
2296.5493
797.4463
0.0
135.54807
219.70049
409.6582
552.119
1000.9661
6333.8857
3547.5283
12911.445
14913.609
144.80563
3275.2905
498.29596
2358.1777
1281.07
319.86658
4287.1797
13530.475
8307.076
38938.023
28394.568
0.0
3180.0525
2555.732
2754.433
11142.008
3627.7246
1211.7671
1751.3601
5022.6777
0.0
18113.238
15688.65
355.73462
3607.3765
3036.473
1593.52
824.5283
14185.514
22601.648
6183.1206
157.85355
477.7208
988.28186
747.6541
263.1004
601.36597
2117.5178
2298.9395
35509.81
3030.2053
807.229
1039.196
41964.46
33335.543
537.80756
6205.2847
3747.0627
700.78894
0.0
29052.781
0.0
15481.279
0.0
22475.723
93.060196
349.1331
142.3288
3912.5962
1676.4004
19425.123
0.0
0.0
1965.9368
3095.3962
2809.3574
0.0
2987.9194
3223.2256
0.0
0.0
18700.213
669.2083
1798.249
227.41167
323.6275
28538.85
18123.113
131.04298
14761.506
0.0
1526.8708
11568.496
160.22522
1590.0686
2485.3506
1092.0505
3865.3662
403.14087
2455.3733
21123.82
0.0
462.951
1754.5066
1380.0913
2746.9075
2348.4336
2459.3984
22684.752
7849.956
9994.612
4153.042
2061.611
1362.0894
7180.129
0.0
1487.2762
2035.2588
2500.3796
167.35571
3619.7417
1557.514
52945.758
7625.499
13135.594
3679.9421
8392.135
3681.2048
180.73634
1961.7097
511.5414
1474.6606
695.1578
3991.1394
4021.8376
25719.684
2170.7476
2015.042
765.60657
4601.278
916.0856
0.0
1221.8843
1861.7815
1542.4966
32654.443
86.640015
70.25105
1371.4172
2026.3591
9999.392
34074.688
0.0
0.0
618.396
0.0
632.2156
11327.746
18455.777
575.9612
4792.967
689.88403
1173.7024
2367.5073
5358.492
20381.545
154.55807
24392.205
1484.8396
3789.7388
8923.351
0.0
2402.7598
12737.883
18498.33
1788.9452
0.0
3389.354
3359.4854
138.3233
33097.75
4342.7944
2602.7896
1758.7188
3286.525
5219.2715
0.0
271.502
538.2419
410.67596
4309.2275
74365.22
949.5482
14565.947
3786.5913
296.2962
2437.6018
2058.3457
194.18382
110.31397
0.0
411.22388
2033.5883
11900.499
257.35974
1283.7499
2860.2288
3778.2144
0.0
6660.0796
0.0
107.1393
828.67944
0.0
47447.9
3386.898
59011.04
1925.4517
8387.406
63513.46
1614.3418
1447.7555
804.115
67.45305
193.28796
3716.039
2049.1155
7166.2725
337.27496
8980.061
52953.617
0.0
0.0
0.0
2728.5498
2049.0483
9689.692
2846.2935
114.19497
478.81827
16369.807
1938.3962
0.0
0.0
2411.559
2233.074
1877.0685
4575.3984
3386.6543
2378.6013
126.52011
22072.822
109.72963
9856.11
1740.7065
233.29333
10168.994
1102.5818
2300.448
3915.1462
262.69025
6517.7363
6657.957
2108.9685
296.63788
18606.336
0.0
1437.8461
122.956024
1123.3707
587.9688
2701.5542
74365.32
1764.8346
3830.0083
1316.3224
88.980736
443.69998
18106.768
25112.564
3261.8486
2445.1047
2360.2412
119.17874
2329.7217
901.96783
1997.7778
3330.4514
3279.3828
0.0
71799.2
1955.0135
115.8936
0.0
3027.3926
4389.4507
14810.922
497.20764
631.7092
11568.297
0.0
3000.185
16874.672
15546.488
4375.635
1278.0808
0.0
7633.376
319.51315
3725.0137
114.201065
0.0
2796.6528
3033.932
17934.979
2817.544
6425.6616
21314.418
538.2253
54330.5
3967.9941
4508.3115
5119.1543
757.89124
17832.855
90.25241
321.2004
0.0
0.0
3206.2983
573.72644
3173.574
276.6644
2455.9556
2481.8694
3974.3022
3599.9126
0.0
149.15659
967.3994
2557.018
2216.8438
1506.0438
2157.852
70106.41
10799.773
0.0
127.47325
636.89056
28557.135
1426.6252
1519.8794
120.21283
4080.1304
0.0
2745.3171
1631.7932
73.26738
36057.668
364.20654
5768.515
869.37915
1705.0496
35104.273
3361.3816
4170.6865
3416.043
252.8005
123.46105
407.62537
160.60078
0.0
0.0
629.5883
1101.6824
1800.6273
3377.312
14263.432
223.89656
123.865295
1111.1691
567.1113
0.0
23111.852
378.357
22242.738
13669.164
11255.935
805.4999
1474.5029
2713.304
0.0
1358.5571
11238.569
3077.302
134.84195
974.75934
1137.5607
569.35345
2535.484
0.0
411.73358
11910.5
17647.262
253.5898
14135.27
424.06134
791.5699
1804.938
6441.9004
3014.7563
563.3486
579.02515
2422.284
99.05729
1879.7284
6107.1685
14919.047
4769.0933
1914.3422
4353.9893
0.0
944.67224
1722.8389
1268.2141
3826.0044
0.0
0.0
0.0
22129.871
1699.4851
1177.5231
0.0
12360.959
856.0846
833.1561
11690.828
8346.69
3245.245
2646.8652
597.901
48237.33
278.4974
708.7504
324.78308
465.05518
532.6793
16143.555
3877.0708
1219.5579
1185.71
17468.656
52657.39
2212.5273
2514.9395
1211.3474
2328.1482
9000.271
2146.517
1370.5083
3571.8008
1203.1538
909.9329
0.0
2566.4868
2505.0361
1164.7056
1399.3567
12838.503
189.34818
902.6533
21042.377
1904.6555
0.0
154.01776
0.0
0.0
4936.5312
3265.785
4094.7524
19872.936
491.41962
353.49768
126.23506
495.56033
1571.0073
2837.6926
12750.631
118.75192
239.16412
1371.3961
27778.562
4521.907
74373.81
7199.0522
129.77057
0.0
0.0
122.21521
470.40103
74399.625
1073.9531
48572.65
0.0
8949.589
1589.5554
741.8271
18914.232
2714.812
20453.84
367.2337
5038.879
61753.74
3614.9785
8541.926
2929.9937
2774.4587
1640.1074
96.853455
271.55142
0.0
957.3083
1709.5636
2564.8855
473.4599
312.74048
2110.6626
5990.503
4227.9204
3306.7886
28961.688
2199.9219
1903.5527
410.61896
1507.1292
13864.83
2582.4175
0.0
0.0
645.6216
204.98886
1467.6558
8447.166
3616.04
502.41882
599.4054
8952.961
1465.3894
18696.621
2043.387
2440.7556
1598.6345
536.9491
1120.7261
2501.6362
0.0
1954.02
3816.471
4483.881
31258.617
1010.3783
52605.953
1931.4523
47027.42
0.0
5423.942
3379.2935
1623.0491
534.91595
2806.6748
2788.5098
116.94681
222.29646
0.0
2362.896
4597.2153
25561.07
124.87314
122.29997
2437.7969
472.73828
3177.3489
29704.469
3332.6123
352.598
172.47406
627.33044
1386.0345
268.1609
1134.6416
3414.001
1654.8638
994.8312
3932.5015
1993.3837
0.0
459.21448
0.0
1186.7235
552.5264
504.6951
1449.9353
0.0
23620.318
1753.9291
0.0
2957.2593
22537.723
2461.5696
44350.758
2358.9053
0.0
14981.001
2496.3254
1338.0878
0.0
15030.186
0.0
549.4552
1433.3145
1205.2528
81.010925
3817.6855
1692.9131
3993.4292
2867.4668
2668.517
3151.0884
843.89453
333.94742
335.8027
525.3902
0.0
0.0
2402.0059
3920.838
0.0
0.0
0.0
127.85419
90.65213
13283.315
6396.658
3818.7651
14230.755
164.54156
4379.188
44076.133
246.24081
2386.7512
185.54669
0.0
3716.3438
0.0
14079.326
0.0
0.0
121.52985
709.70386
2256.524
29750.072
1111.9086
20400.846
18971.02
0.0
1712.5232
290.82162
0.0
809.141
0.0
1489.5262
706.67957
4110.3364
329.0551
1401.3136
8946.459
3497.3945
2089.3413
1439.6729
0.0
73.33117
1314.565
3927.337
67257.59
0.0
26092.246
1817.0829
34931.16
2627.407
3161.543
1363.129
25397.66
2009.9834
1930.1376
0.0
2208.8486
1669.0442
0.0
194.40396
12325.383
11647.681
1756.3947
0.0
4565.9053
0.0
591.02795
9827.728
5001.3223
0.0
155.61533
3476.5557
2879.94
1152.355
3386.712
1459.6501
1324.8247
200.59685
8802.083
803.22705
2100.3496
3565.9282
3400.08
594.67444
2906.942
532.5231
2145.1995
126.58736
4521.5103
26401.164
2694.86
0.0
2702.2842
10585.693
108.67453
20560.334
219.86624
0.0
72.30649
2763.7815
2110.2551
92.8436
1016.4035
847.07666
0.0
0.0
448.88666
0.0
1075.6337
472.63153
1032.4708
422.32355
1749.2712
329.43018
2915.0796
71477.7
1977.6199
852.4687
2009.1697
3135.3833
712.4933
1557.7612
12106.399
2054.816
3196.7507
13266.306
0.0
2552.409
610.38873
10236.043
2653.9622
361.88934
394.13342
16300.974
2691.651
64.33502
10287.815
1269.6423
2021.5585
11893.139
444.5528
0.0
2515.2197
3202.9749
1927.4641
42230.773
32399.465
3293.6902
1815.9797
2342.9326
302.10712
8351.893
2885.1553
30295.188
0.0
0.0
0.0
745.2173
4427.2275
981.50464
0.0
1718.079
0.0
416.48822
18235.918
1019.50964
3459.9016
151.22844
840.38696
4959.181
14308.076
10677.619
1854.4487
94.94836
1805.482
370.84216
12909.631
3015.4304
346.27496
726.87354
2788.0393
27227.799
195.70111
0.0
1469.0693
14504.982
1249.9456
2089.388
0.0
6072.8423
0.0
9978.734
2068.1194
72336.2
737.28735
3688.2983
2028.7067
3530.0747
100.09379
2415.4414
285.49146
3043.9844
1647.8413
2269.426
1688.6207
113.19566
1833.7737
1305.1572
0.0
3246.001
1180.1376
508.25812
0.0
24722.79
0.0
10588.354
565.73065
21407.045
101.224655
0.0
0.0
1372.6794
11914.5625
451.40906
1311.6362
50000.6
1079.5599
1670.3302
2687.7085
0.0
16413.914
0.0
1494.5427
0.0
33793.906
509.94086
1043.6727
4953.6787
0.0
2098.964
647.5233
237.53821
16147.059
204.0333
21313.365
827.13574
43490.832
25124.477
7311.75
6029.885
266.7613
15410.381
6098.0596
392.93585
2651.0054
0.0
0.0
0.0
0.0
5859.965
859.2103
1708.2352
8973.774
429.68967
18353.248
11860.684
4557.832
2530.1997
4136.507
633.36664
43213.184
3785.4604
45070.625
16840.984
17688.168
28337.877
59282.25
241.17209
234.27771
359.73068
5313.1875
1470.8368
2817.2456
173.20093
1474.4324
2665.478
2828.1255
2936.3467
3245.585
14604.506
285.59943
1450.1772
783.46265
10816.77
2066.2354
925.1498
2346.0305
0.0
23289.957
2340.291
512.284
2023.7191
4332.836
681.3697
789.8821
2671.088
4692.754
8701.994
1105.4702
7489.6016
0.0
124.23134
4169.7354
9305.915
659.1765
786.76385
35831.812
1776.9752
0.0
0.0
22581.01
10345.391
1641.4268
1630.3308
0.0
295.66177
1685.2534
120.73735
9885.215
7578.763
8953.129
5372.551
3359.3457
0.0
3455.5774
12289.965
3328.7302
6241.7656
3154.1704
12171.533
2107.988
12712.082
728.58704
0.0
21999.31
3030.3853
10091.569
166.53917
51.09103
7295.9536
1569.469
138.09528
2213.6572
2411.9036
387.84912
26524.121
3058.268
227.8225
3749.8193
3273.8438
74376.57
50237.11
983.25977
959.5187
2779.7896
24156.479
251.51534
3300.5068
35293.383
1323.7487
12604.902
1801.2712
4074.6172
1218.4409
0.0
0.0
0.0
131.89975
18497.883
0.0
1079.5582
0.0
1863.5779
1885.0619
8674.112
962.14136
2504.6753
1780.1384
453.02112
6327.3003
55146.977
2156.8662
21942.379
27041.656
3511.222
151.68646
2592.9714
2667.8833
0.0
14880.577
340.3759
7487.4307
314.16748
0.0
1025.4069
2882.917
0.0
6100.3203
0.0
25376.941
31476.783
409.43097
0.0
417.81555
1045.8627
0.0
365.30786
2443.1794
698.03467
5531.138
2117.207
312.72327
0.0
195.64221
41781.96
747.8661
2067.2314
536.66614
4398.5083
3297.3047
723.01404
0.0
199.9274
13173.643
575.47705
0.0
5016.4854
136.50789
85.74286
148.22296
9566.476
14292.063
8041.1304
3961.7568
3756.546
1175.303
3002.5225
35960.63
3652.919
0.0
34132.0
12032.246
206.54915
8210.909
1056.6605
40.803394
2076.227
2141.6497
0.0
12523.088
1513.0188
30101.602
3331.2705
5901.8203
3464.8674
3160.3396
1868.779
0.0
0.0
16888.098
577.5317
1656.2069
3270.572
10076.221
14453.406
2114.5427
0.0
2831.4648
0.0
10006.242
1327.3948
8214.334
2935.837
204.41116
145.35239
2988.2163
106.60922
4337.3384
3093.8406
0.0
21678.543
112.46187
1400.8464
0.0
1335.2856
0.0
1513.1696
0.0
2298.19
0.0
15319.232
0.0
0.0
186.465
37636.523
3295.6436
1639.7781
1773.1572
5596.3364
0.0
74160.16
106.48523
1915.8911
2681.0176
1868.9017
11048.538
25137.871
1601.7701
4891.573
0.0
415.53665
5433.611
491.06677
3266.3228
2016.66
1843.2205
12458.189
3840.0781
116.09354
8708.492
4325.0146
3143.0837
1041.1271
3763.183
672.4183
3928.3936
1803.5886
0.0
0.0
743.57385
2285.5913
2391.8687
6279.214
2102.892
0.0
778.14185
26805.594
691.917
2480.8184
3460.316
1047.0664
938.5669
0.0
20832.525
12135.521
3597.476
8911.669
0.0
10830.693
0.0
14313.281
5116.711
2111.8875
0.0
4411.9585
676.05664
4666.1396
4495.411
6306.4746
0.0
2182.457
1412.239
16248.26
1625.562
12215.234
381.10638
1409.8167
26533.98
203.38654
118.492096
3151.4453
11756.027
11285.754
4352.5903
346.22058
6255.8696
118.51361
8805.578
9273.737
1310.1256
2098.1726
2756.6152
28840.191
138.54391
0.0
2006.0677
124.21103
2910.539
1941.4551
237.86745
20479.158
19485.666
13431.016
822.74756
9431.025
349.4732
755.2544
623.0183
9807.879
34572.168
0.0
3195.3057
0.0
0.0
19271.098
152.76772
1973.1736
2412.8276
0.0
760.0574
5165.3174
2020.0403
107.52341
42240.1
309.35498
889.39355
890.63257
13782.66
469.8709
1421.6194
0.0
190.91527
2852.5168
312.17465
680.91345
1458.36
4395.8447
1970.1636
12116.878
2945.1592
3835.371
6223.538
5825.3223
3953.4111
10303.37
2392.0837
1486.9745
248.4736
4898.689
151.09315
0.0
0.0
46715.117
3051.976
571.52356
19978.393
1586.1697
1107.367
19604.973
3526.6187
0.0
193.56647
3617.8289
97.0887
0.0
698.0194
0.0
1336.3457
0.0
511.5608
18342.418
1009.9927
627.8305
3153.7014
95.81369
2917.5886
172.76671
170.02794
179.32646
0.0
6105.593
0.0
271.6054
12498.303
1288.6698
11749.863
923.7492
7909.7173
32639.156
0.0
2752.4785
0.0
17714.85
20828.25
826.7729
0.0
0.0
0.0
158.08583
1907.4069
271.20715
1441.937
105.5287
932.14355
0.0
0.0
3938.7036
139.20764
4013.2202
13137.525
3404.709
68.097534
74381.02
2465.7725
2233.1006
28765.21
6053.786
1912.2502
1866.3135
4276.58
2045.6891
3132.209
1582.3031
0.0
1165.5469
35479.9
0.0
4294.09
3839.7698
391.4476
84.57393
173.90057
2140.4607
12916.706
536.6074
1142.2325
1263.846
4524.943
9891.201
1081.2295
3511.0151
1661.0865
0.0
0.0
416.54794
361.87213
0.0
2476.3142
525.8942
972.8672
1269.0238
1380.9014
29785.69
2165.62
104.4776
1165.1932
3713.6453
0.0
4802.285
33111.45
13427.945
129.67154
3749.1914
3272.5552
4477.7305
277.4234
2083.2463
0.0
3015.9822
125.388214
0.0
0.0
0.0
1894.2727
5433.4443
3742.0815
2132.3066
139.05281
95.118
6193.163
2378.3196
912.25354
1154.1149
2434.5352
601.545
4443.5977
1037.1562
44297.184
1661.3152
2558.6987
3819.9314
589.4442
98.653854
0.0
391.64917
226.7928
1447.6024
2441.542
0.0
40308.516
1105.6055
347.03876
2893.0664
6296.0977
23838.875
2440.0244
8497.816
2362.7942
1952.2422
1071.8159
2601.1555
42688.066
13241.077
703.2577
8399.111
11350.424
328.25864
1250.0789
137.98302
1849.2166
2056.8699
33142.0
3478.296
7778.835
0.0
0.0
812.859
92.431885
98.34929
16520.578
156.25272
0.0
0.0
276.2716
396.3335
1629.8604
441.78748
0.0
1301.3556
0.0
1541.683
0.0
448.47974
0.0
545.9376
3563.2695
3722.8867
693.82965
13436.67
82.89802
3076.268
2003.3842
1822.2378
3092.656
4082.714
3108.3064
1723.6992
34270.086
0.0
1586.6975
34138.312
10162.737
31940.02
11296.709
2699.8232
811.64685
3187.3713
17403.098
76.37356
0.0
0.0
131.5456
17221.76
139.95862
1800.0159
43535.234
2580.6619
606.3844
17422.555
1354.3026
10594.981
13897.623
7300.154
1093.2632
1101.062
3740.0708
834.71094
3694.9653
2228.7144
1209.8217
2261.9277
2376.3552
35725.566
238.73596
759.3157
37608.08
0.0
2724.9224
142.4254
1288.7571
91.63776
337.45215
0.0
1098.9094
637.44324
641.43665
2412.2605
57991.945
16307.197
74344.72
0.0
30854.703
2931.7107
137.31966
7265.4473
20691.656
22156.484
1728.0068
0.0
84.27956
452.3299
37636.78
1462.6066
25086.973
0.0
40802.074
95.16684
1930.4034
1899.3052
134.8424
2856.0728
0.0
403.6054
370.7099
26325.42
0.0
2255.1775
1690.7917
25691.76
6537.984
1241.6095
2090.6309
9687.507
364.497
8183.7114
2074.0166
0.0
6475.34
320.20963
3724.189
5958.635
213.24805
11738.894
2545.4927
911.56396
2503.397
1484.2184
753.3599
2997.421
1043.8408
0.0
0.0
11146.658
14062.52
3855.5635
1315.448
2278.6165
83.73584
2376.0417
16579.629
219.59016
1831.7751
2612.1755
0.0
544.427
1628.0101
3902.7935
3333.193
1322.6143
0.0
3021.939
0.0
74400.945
2538.4956
133.58249
4192.5674
776.7318
2422.4482
11385.715
27094.943
948.65454
254.97195
2369.0593
2378.7026
4325.5693
420.96506
0.0
0.0
3264.5723
4518.326
6849.492
135.51965
5850.743
76.51495
1515.814
12729.282
484.77902
2340.219
102.839584
33337.332
0.0
33870.773
1806.6631
1140.2568
1818.2457
437.59964
2197.7534
0.0
3260.7544
1523.037
1773.7471
0.0
2439.1262
892.71436
48170.715
2726.4663
3375.9756
382.2788
81.1805
818.8838
12816.501
1503.2654
2293.8433
9634.523
1642.5256
256.16418
425.49097
8649.328
1648.3354
1892.3794
1450.4655
3270.3086
7916.2827
1576.8472
115.44352
4102.99
34215.64
143.63225
2191.553
2922.8892
512.34656
152.09814
2297.859
2673.5796
1533.0929
67176.92
88.85385
111.42019
319.91928
2605.7415
2220.041
111.792206
0.0
15201.903
20226.93
2190.0408
0.0
10955.31
22697.137
2910.9106
1502.5256
13048.953
165.5486
657.80365
110.4113
820.9812
23987.088
71.61409
5231.912
2738.0164
10393.503
1286.4438
368.42734
4336.808
1677.9761
4804.1187
569.23004
307.59943
0.0
2782.6587
5895.784
5715.846
0.0
0.0
13802.771
37274.516
42766.91
3566.6328
445.05743
1091.7794
151.22964
0.0
2150.48
0.0
0.0
251.01033
0.0
1560.5203
9508.051
420.30615
2774.0051
2037.5701
1038.0897
2513.2654
537.99316
1735.6865
1881.627
1938.5837
931.91956
726.6951
3553.1567
1506.0887
1435.6663
0.0
2021.0891
1852.9902
5901.6675
27372.666
2237.4517
1646.5206
848.96277
1086.7297
291.99637
3191.1128
90.70949
7495.7153
372.9942
3290.645
24183.299
38727.82
1641.9268
20678.342
1897.0757
18000.816
0.0
33561.203
0.0
1247.6428
21614.139
20183.707
2660.2202
390.61804
25353.094
2260.8228
3291.5747
8401.379
0.0
2505.381
1874.4115
4659.959
15632.082
3752.891
2254.105
1781.4113
15944.638
1273.1191
57.466904
11454.914
9121.756
89.52969
6158.807
774.8628
0.0
0.0
335.3752
1363.2185
3333.8452
271.57373
6524.5996
0.0
3299.7449
13329.545
356.8962
1965.0184
24129.902
1420.3801
3657.083
100.31865
1130.1278
74437.11
118.1517
18035.97
9423.664
1292.8229
13888.4375
0.0
3182.8125
65.250565
285.24097
124.2348
608.88226
3242.8599
3725.9915
3003.9353
565.8249
0.0
425.81763
3364.7266
0.0
22543.965
85.282196
1483.6206
4271.7065
1194.8685
167.47383
3291.0996
571.5571
2780.6265
1448.5732
943.0216
16642.2
539.97845
23557.484
106.445435
5335.0728
1714.0869
4477.9414
1755.7507
3286.6152
2336.42
74371.26
320.0908
0.0
24639.947
135.44516
18266.434
3875.9446
4083.7007
0.0
3565.4539
230.77982
1580.9287
1012.89734
2482.635
0.0
0.0
1167.4592
1822.6881
8848.641
882.682
11086.885
0.0
468.73718
3204.442
1626.3746
1214.3379
1575.2504
0.0
0.0
2864.975
0.0
332.65784
5659.9736
12746.135
0.0
278.1734
0.0
320.15448
15262.264
4479.1533
1356.6406
14355.343
3405.707
0.0
3474.5469
1008.4894
4918.565
115.83744
13752.7705
736.5187
4969.5366
2708.8953
2908.9495
0.0
2374.1636
18510.738
22335.84
0.0
2660.5254
25967.244
25465.7
1990.26
19652.648
0.0
0.0
16776.09
49320.344
0.0
117.52318
4238.5156
25159.098
1678.2697
176.45789
3911.2317
533.45703
31046.668
28325.352
2612.101
14647.453
791.6939
1247.8353
198.03299
0.0
819.9972
26292.918
782.6061
2234.6318
0.0
114.33414
0.0
606.6903
567.54047
1784.4474
3236.544
0.0
1814.2998
4218.0303
9099.084
14532.699
11157.799
1627.2037
0.0
72.4406
3070.2236
166.02042
763.71985
1544.0668
644.6142
759.016
270.57758
0.0
74369.79
2529.011
1330.0903
2502.4907
4864.221
9700.0625
0.0
20994.512
3306.894
798.9159
649.2517
2841.019
1934.6958
4256.709
278.33246
108.2332
4281.717
41411.758
1773.2648
27309.215
39095.883
11974.397
1109.2979
0.0
508.06152
0.0
1036.2556
3412.344
2382.357
298.9685
10521.176
2135.2065
735.5259
0.0
0.0
28287.846
39632.848
0.0
12519.0
100.22156
319.25766
556.4997
239.30508
2015.0317
86.3513
3774.566
0.0
0.0
0.0
1212.2073
3834.9805
160.40002
2678.617
369.0193
1954.8295
555.26495
0.0
88.44191
987.11145
635.0638
4490.633
2064.896
1214.1545
394.80835
4497.792
12664.207
0.0
0.0
117.82173
0.0
1287.9749
0.0
1417.2936
1528.6395
0.0
0.0
108.6709
600.4586
2631.4922
1446.8041
1394.3567
861.6483
3206.7017
529.10333
1115.4653
654.59674
0.0
0.0
4410.7876
3187.142
1455.4023
3130.1177
4205.2803
10976.034
1078.8779
545.5399
1793.8612
8484.853
714.85016
150.13635
670.98956
29475.66
2310.7932
646.9536
3523.6118
692.01215
2663.8677
202.41943
5105.349
7326.6006
2987.8262
136.38374
171.43658
480.726
233.46771
977.0026
2135.724
853.21094
1401.0801
3835.8564
0.0
47623.977
3381.0613
11721.858
448.26483
116.20769
1957.4476
548.5943
1055.9805
3825.314
932.77045
128.3003
2981.624
25769.078
3809.458
0.0
1164.7577
0.0
4978.901
148.84546
417.7849
14918.4
1274.1599
139.86722
191.16006
10609.471
161.08548
4972.2026
6865.6157
0.0
3802.1553
313.0843
1203.5344
0.0
314.61298
2796.298
1656.2202
18173.035
191.78165
6664.529
616.3445
3264.4614
22682.086
1129.0125
3448.7844
2808.4543
3491.0732
2409.0059
66099.97
1687.8584
396.25836
945.3295
1256.9136
4996.8403
74294.72
1311.9558
2904.5576
5929.884
399.6573
1528.5251
3101.3042
1455.4008
10893.955
3784.6704
0.0
2497.4705
3595.4358
1986.6877
1139.2078
318.24683
509.4264
563.26324
74301.14
1026.4934
7063.184
3553.1812
0.0
234.601
3100.8325
0.0
1989.625
0.0
666.37646
2044.1346
293.51385
241.45673
3076.062
991.24817
330.53223
9578.845
948.2456
5550.3384
324.60358
0.0
1370.2286
55.882114
565.0758
2387.451
3743.4617
0.0
8894.896
3776.2798
1281.0577
234.1066
319.26492
2782.0864
11134.677
0.0
1643.5359
1407.246
1507.4702
10068.211
0.0
1780.5944
601.6609
0.0
91.37402
2223.2903
0.0
93.78052
2656.7202
4434.1885
14372.852
14000.856
12565.578
0.0
691.3137
1187.0864
1372.9558
4607.31
1463.2185
0.0
0.0
147.07178
4127.4287
94.2752
1024.5879
1656.5911
143.0545
36084.383
3409.7637
54985.47
874.5956
35566.145
3239.7654
1984.265
0.0
535.62305
265.56042
1631.7059
18296.297
1055.5697
1612.4895
1173.0405
320.48444
1571.5361
19061.482
5272.464
1406.7444
21765.166
2347.8809
7881.093
106.486206
2458.2048
1327.2283
504.31522
1505.8403
14550.787
8547.36
0.0
4356.5723
1104.0197
59198.305
249.27933
1124.9858
97.0744
29617.562
0.0
3524.5583
3201.0723
11506.087
3468.0466
1823.635
699.73987
0.0
3267.1309
0.0
386.19043
428.58734
2399.775
1358.0657
10925.07
2199.2334
47384.676
29147.938
7337.7036
2306.9434
2623.1519
721.7301
15005.75
1431.0231
11525.649
33185.51
107.034874
1963.684
1036.4393
1687.3611
0.0
6271.4795
0.0
1724.7776
206.70685
1705.4409
25810.262
483.8855
0.0
147.49673
3085.8525
10055.773
3896.1353
5293.9614
1892.9828
8648.418
0.0
21171.367
970.3891
2401.2783
218.57503
0.0
624.8182
2562.5044
1436.6362
183.53914
1263.2397
0.0
146.26785
7625.7285
2017.9402
169.19147
1849.7805
0.0
15599.305
0.0
1388.227
3332.3838
1537.4146
1129.8728
3382.1816
2245.4094
1295.9226
5627.1357
2874.8972
27724.63
320.7835
7129.2944
7268.6875
3765.455
100.26429
1233.6276
382.56097
9682.746
137.61975
0.0
0.0
52244.43
14736.328
4477.8174
1439.568
12911.67
1243.1215
3200.2322
660.57275
1952.5486
89.90575
119.691826
19668.875
1772.9774
18344.555
278.0113
1739.4246
3186.4214
632.30414
5146.7466
95.60234
0.0
681.8353
3011.859
1257.4762
3547.058
54.19507
60086.402
50049.125
1921.2792
1856.4462
74353.94
7305.5684
16956.172
9596.983
23044.66
70.61296
52460.535
0.0
418.94876
0.0
696.60736
1917.648
2899.0137
0.0
12623.794
18506.139
9409.596
0.0
2568.3374
133.44118
2065.749
0.0
14408.654
1525.2804
1656.5919
5939.0933
795.8351
11072.164
177.55217
7415.602
0.0
1643.2052
762.3627
5513.0664
25925.016
1424.8645
0.0
74449.53
0.0
16045.744
22520.719
16567.56
109.72916
629.0316
0.0
865.4691
892.437
979.3415
21488.064
659.6072
0.0
2824.5454
6484.4814
17632.785
9155.594
14676.59
7004.3643
405.68335
0.0
2034.5167
106.691605
9229.368
46393.777
0.0
595.179
109.91636
1501.7688
595.18646
74411.97
0.0
1371.7158
256.044
167.21306
138.19087
1685.2827
64.54609
4247.0977
5700.9565
15774.088
0.0
16277.135
404.6621
1459.3367
1684.7991
18365.75
0.0
105.61647
467.88806
1599.0857
1827.1105
32152.074
41973.2
0.0
8792.473
25995.592
887.8894
5206.4336
0.0
0.0
9038.78
0.0
0.0
0.0
1682.4375
1762.5874
2719.3086
488.24243
1814.1033
17504.59
17199.453
353.1839
19724.49
139.62143
57591.875
1591.3066
81.12881
508.12082
13045.954
4286.81
4128.53
0.0
162.13359
0.0
0.0
0.0
0.0
1852.1348
2754.185
1587.0005
2210.1147
3945.3306
601.45404
3793.3145
2357.7378
253.03787
449.38788
19646.178
25754.396
0.0
3466.1465
34094.64
284.14862
940.5664
3272.0154
6271.1777
2911.2249
0.0
997.58276
3224.367
94.89995
74341.23
296.10284
157.17326
11466.983
6062.953
0.0
14947.248
117.20776
89.955215
0.0
670.41705
391.28088
3021.1953
260.7657
114.04365
0.0
2954.6292
5313.218
22269.236
2720.405
2075.0042
15436.719
20090.137
628.7753
10651.052
128.46616
2195.4387
123.259415
100.66092
1193.6691
2433.2136
513.77625
54003.47
2682.2556
1196.3551
2894.9001
34809.598
0.0
1990.23
1956.5312
5245.375
0.0
4404.5864
259.69492
0.0
589.0087
3088.6345
896.1959
617.8229
900.4033
37385.242
496.94446
8772.02
91.4648
0.0
3017.957
3516.2793
32687.328
15271.305
1260.7709
35677.78
4084.7217
80.517334
736.0634
1908.657
3356.558
1872.7915
14767.531
0.0
2060.182
218.55106
25860.2
0.0
15075.793
682.891
1743.4836
64605.055
1781.0364
3859.6426
8488.808
0.0
920.86584
6414.575
0.0
2386.622
3165.0093
2431.3735
2994.212
10139.984
10802.49
7988.0264
7606.9844
731.4773
312.47806
0.0
362.14026
76.855255
12588.205
3164.4907
25300.926
1936.1683
5875.4595
94.22606
3318.451
345.39822
91.453156
51.505116
0.0
13830.946
744.8238
391.41974
0.0
0.0
2369.5708
2397.6003
147.02725
47732.07
1182.9202
4075.739
2119.4648
189.63377
0.0
620.25244
2335.5632
665.9541
123.83705
2973.9932
12541.117
1251.6656
4096.6235
1273.5188
3751.0237
3985.664
2044.805
597.3661
3491.5425
2896.647
2963.4458
630.0032
2836.9658
2434.1326
0.0
2646.6077
319.35458
104.40878
3881.853
0.0
6785.254
9363.901
161.15852
2262.1655
848.3755
3431.8027
1871.3757
3828.4844
2515.8174
0.0
2448.2197
4483.574
974.3721
1345.599
9862.592
1629.4069
1865.8469
13565.049
25245.684
4384.532
72168.12
1128.3616
4204.759
32013.52
134.23509
2553.4985
14663.504
0.0
13795.078
574.14215
0.0
228.8338
12080.0625
33664.83
74419.336
3320.1006
1787.4856
3485.7437
6460.4175
847.61816
3401.4263
335.51273
3251.8484
1826.6963
2116.3577
2754.6345
1248.0262
1870.852
1277.3213
1077.0079
10082.892
1790.5759
230.14783
634.14624
94.086136
0.0
4747.55
3285.677
395.102
1877.6052
11170.214
202.13976
127.4837
0.0
940.70496
953.2981
15657.367
360.97223
32159.645
845.4504
0.0
339.39526
147.2529
8033.032
3908.7314
26640.314
1818.6775
190.58636
1195.7252
2820.7932
1998.235
111.98308
1265.3925
0.0
43994.094
141.75084
791.1072
352.6267
2826.089
42082.742
41684.68
382.6325
1920.7374
20255.438
1372.492
991.8207
12999.92
0.0
1903.1311
1159.3198
91.97156
1150.4624
108.09924
2986.9785
386.44202
2333.56
0.0
4351.4727
8700.956
2189.5027
200.83597
4118.6553
12395.569
1764.0984
346.98535
0.0
0.0
120.823494
0.0
1275.4297
12603.001
9495.427
209.70364
28040.645
899.63367
1295.9938
123.98819
117.20749
1199.038
1416.9894
3091.2288
1543.4028
2276.354
1133.6282
4021.9985
511.1303
4167.501
150.10036
2965.627
1084.2788
2396.2324
29595.523
25603.543
20580.6
2862.5762
1413.9976
1327.6865
111.82739
2067.6223
1515.9037
1982.7532
0.0
0.0
2718.3767
2415.1523
5080.9995
3467.6946
923.704
3591.6807
4233.505
17746.246
4203.3022
2355.7192
3769.4194
148.58548
38057.918
0.0
38099.695
103.24957
0.0
1189.7198
0.0
1362.0183
737.30383
1807.6304
3177.2134
0.0
1794.7385
161.04668
2929.1375
1393.3635
1131.3031
4861.3477
0.0
12702.826
23120.104
2972.1533
12032.349
180.95193
2983.6057
2802.5393
1033.978
3609.166
2350.5007
2351.184
107.62261
932.42377
0.0
12557.525
6378.3525
1051.5898
939.59503
366.89728
7617.034
0.0
2120.6553
110.69469
1455.5862
0.0
0.0
1407.2601
19093.99
0.0
404.39685
295.60916
122.41205
14126.084
137.61191
462.12335
2486.7048
3895.5066
24567.758
2536.5347
21163.2
0.0
2702.7004
1778.4658
395.90173
1596.5862
2098.3633
0.0
0.0
3821.6753
24444.098
12798.811
3953.22
355.332
6698.588
0.0
2240.3186
265.8143
1282.3235
5684.7886
783.1308
777.06384
50949.75
5617.308
1035.2446
68022.69
0.0
1214.9224
10409.367
0.0
2326.2007
7211.4785
417.55975
10735.349
1150.3436
4916.964
0.0
22276.05
0.0
1094.2627
2387.93
208.49776
0.0
2347.973
0.0
1921.7091
0.0
8439.701
239.92003
19240.635
40098.797
2701.0698
1486.6206
10981.732
35310.484
23227.729
222.0968
276.55746
7575.373
93.74217
414.22116
127.29518
11347.062
1709.394
117.92985
2856.6252
2961.5847
640.8462
1065.6763
8005.291
0.0
57744.96
3242.8154
98.82353
546.67847
5565.6714
3786.5984
173.44559
294.8584
1643.3179
2385.084
2074.9873
283.12885
32128.574
2705.1392
317.8395
11046.842
0.0
2740.6794
2004.6416
297.6823
3954.8696
0.0
22969.758
5340.456
0.0
559.03156
27962.947
0.0
8363.899
698.60034
4578.428
0.0
346.67908
60619.742
0.0
29659.4
3560.8022
467.90344
3589.5693
381.3012
42064.312
484.42065
184.35023
3100.2283
1441.4338
2159.2
11350.037
1991.9573
3157.3496
948.91425
927.6432
2911.7979
2649.977
685.89526
149.19592
0.0
3996.108
2333.682
0.0
5957.1406
0.0
21530.434
1194.9783
4698.9473
1864.5962
1420.2555
2159.498
349.89615
3402.0903
1485.8501
18714.166
152.59511
4113.3467
3583.498
33235.58
618.81433
13293.707
62.658585
24924.53
0.0
125.94791
120.73854
1544.2681
3293.521
0.0
214.1304
3110.3354
133.44586
3104.7827
31438.91
138.14488
3144.458
3864.5955
1506.2988
6708.966
1171.3484
18733.072
3482.0457
20120.88
3603.667
1431.1622
475.37234
13022.791
2619.7693
0.0
63.55221
817.74304
877.69385
0.0
25546.768
14469.093
1739.0735
4148.089
1168.3357
0.0
3227.7793
342.9764
3574.7163
260.4148
165.63467
446.6562
15946.045
280.62234
1448.0916
21373.814
17837.736
437.90814
577.1049
2715.1772
159.33025
2833.9316
92.0688
0.0
43799.617
2002.8027
0.0
802.4671
2080.9802
983.5912
704.73956
1788.9657
0.0
1078.4165
374.3885
1548.5256
526.29443
2831.1025
691.21606
1270.5189
22377.594
0.0
1537.2395
350.09348
1070.9287
1380.2732
4568.8213
4164.127
298.39188
2918.8228
0.0
122.35611
18444.682
0.0
0.0
139.72107
1520.0919
11235.082
301.53125
30513.975
784.9822
732.8014
1966.2156
27952.98
1134.2955
119.27451
3431.8296
17956.691
68964.336
11688.201
0.0
474.8413
0.0
1831.8184
7427.2207
3291.8887
0.0
1696.8318
1667.234
5087.5996
1770.805
0.0
3340.0295
0.0
16101.031
576.23804
1838.4813
0.0
14909.039
868.07416
362.44174
0.0
3160.3289
46913.863
5183.662
136.37677
8683.772
1166.9545
2252.7717
495.8069
4135.4014
202.97655
798.95184
400.2359
1206.4739
7199.2256
118.30289
775.9208
74.47041
3156.7078
3489.955
819.2441
1373.3723
2941.5498
2362.1597
1915.1902
1549.4016
1766.6743
42459.496
340.2676
10468.519
811.68384
2163.881
0.0
0.0
55922.14
646.5238
0.0
2913.724
6509.2173
607.91174
74374.81
13009.15
1505.541
0.0
561.48865
7514.55
3726.77
314.70627
111.66934
5954.36
0.0
4432.7466
2103.4458
2896.8293
13739.953
0.0
11421.305
706.919
0.0
23032.23
34500.375
2071.5596
3292.831
5516.273
0.0
658.23755
4185.0796
229.64975
0.0
97.505066
1851.1931
139.32391
2833.0312
2008.6387
0.0
18975.008
0.0
8916.676
13677.148
0.0
186.3403
0.0
2200.1333
0.0
324.91943
3955.9966
4772.217
0.0
142.4334
98.53192
257.09778
602.94165
1115.5905
904.89417
0.0
1653.5852
851.631
14024.16
115.81296
3278.562
13676.781
30804.584
0.0
5362.664
3891.6987
0.0
2604.978
449.9511
4074.6577
16099.178
16488.295
4342.832
30213.406
925.61865
2757.3977
10924.5625
1278.378
1827.4888
4189.262
238.88019
0.0
0.0
3397.6572
17285.926
74347.67
186.9871
0.0
50749.11
595.5482
0.0
10026.409
94.697784
438.93414
0.0
3475.3838
243.19418
4045.9678
133.03943
400.63947
14236.614
31998.19
1288.955
914.2783
2168.7827
463.92886
0.0
1044.4126
19777.037
101.035095
17851.162
2643.8013
181.51428
3551.8774
0.0
118.65776
1096.3425
0.0
639.71533
683.53766
0.0
1416.2073
13695.959
969.85803
76.56205
2054.395
1252.821
4419.6978
4164.829
202.7504
407.36414
3504.0684
21392.938
4852.4307
3252.47
5468.885
1242.6757
37833.88
15486.883
17624.268
5743.5996
74395.82
3461.7524
1804.4456
1419.5613
1173.9573
1251.2333
0.0
0.0
139.07883
901.15045
23727.299
63.996643
850.9497
844.0955
1284.7402
3872.4272
3603.7046
0.0
2811.1794
548.42004
6669.9062
636.0271
2592.69
380.48242
97.59541
4179.0166
2601.8706
19320.676
116.976006
0.0
489.85605
1758.6492
10515.66
1415.4717
412.5576
15084.121
46071.277
785.37634
3702.4165
3571.8174
1705.6086
1508.592
8514.692
0.0
0.0
8994.042
1919.8899
877.96155
317.7853
2275.6729
1764.6104
587.4155
1954.9436
99.32541
944.751
21490.0
1853.6713
562.4786
19544.588
917.44086
125.15314
135.50642
975.70325
6367.065
1110.7811
0.0
0.0
0.0
548.5581
74319.28
996.2842
14103.326
0.0
1807.1917
64.19032
657.8428
263.50238
942.5172
603.67615
3229.901
17403.84
0.0
344.7944
463.74637
106.19188
1618.4565
34677.895
27204.05
618.5944
1064.2562
0.0
95.66897
1779.5298
3448.6086
816.48236
4242.076
2559.7249
252.34839
15972.025
358.48492
841.21466
2096.6797
828.6611
1673.5681
17836.91
3240.229
343.8734
0.0
2304.4514
5353.9336
578.77954
0.0
328.00604
82.75469
214.51874
0.0
1864.0242
3558.1604
267.82925
26330.41
29394.664
1892.789
855.61487
4535.5493
6316.05
0.0
1398.1659
14398.467
783.41345
489.95184
3432.8413
174.97513
1169.9441
1898.2559
2182.3008
2742.6602
81.69625
113.793
910.188
4313.4043
118.58337
377.82883
2214.383
1419.147
1143.9935
3055.213
784.7766
1875.9581
1015.96265
15044.939
3247.7947
27432.568
3387.4846
3031.0828
646.89087
1339.5758
48454.758
478.70178
14719.32
3845.9941
1484.1091
13226.632
392.12305
2395.853
31318.191
0.0
7572.0425
1692.1045
435.5398
884.1553
611.8047
0.0
0.0
713.79865
0.0
185.6068
105.940994
0.0
10391.931
0.0
322.95334
2050.1018
1011.80164
0.0
219.3482
6023.567
8711.025
2876.8687
16509.268
89.488754
750.2804
915.5646
78.91617
0.0
19533.586
2321.8923
9347.329
0.0
2380.9607
2761.9275
2966.4521
2519.413
85.812775
24690.617
1187.8875
60.507877
29982.322
157.35776
1335.264
9217.51
2937.6423
25884.723
3993.5623
17684.596
3983.481
1852.9727
771.7474
474.83698
19080.484
102.58856
657.68695
0.0
2013.7433
4125.24
0.0
3626.1594
681.8592
776.7947
0.0
3763.8306
4067.121
17829.047
1745.2056
0.0
17816.734
0.0
930.6497
157.33284
664.1494
13896.4
5397.6445
3102.6116
31630.26
144.865
0.0
0.0
1945.9901
686.14233
215.6931
63610.95
4243.466
490.37317
491.55762
13621.407
29141.133
22856.385
21205.697
35936.89
1463.1827
15806.444
293.39337
2501.147
5977.627
3758.6235
443.33405
1076.018
11000.576
213.14035
3131.3335
3643.6655
10480.516
5030.5894
2728.6838
91.65759
35121.516
830.0486
6721.964
14753.581
723.0827
709.8014
30221.865
96.73634
3987.3762
60970.742
2614.6675
0.0
0.0
107.13714
933.7445
1483.781
760.25714
0.0
0.0
7012.6836
2014.3887
116.23466
1971.4553
15766.605
571.3755
3871.2158
7714.7764
30956.758
2200.02
138.03268
4945.1543
0.0
43606.887
173.70862
259.10266
3874.8076
16508.03
3166.925
1278.3518
1841.9062
198.41951
0.0
898.6642
88.74855
72685.805
50906.125
25037.434
0.0
54531.867
238.96255
75.6682
10045.98
9934.612
1923.5244
1570.8306
1676.9023
97.53629
3768.6711
1046.2322
12610.328
129.39967
34412.91
3588.3271
2496.8213
272.07355
217.16727
1734.6509
429.55524
3558.6199
3281.9985
3409.749
306.52087
0.0
5432.6694
12826.533
832.7728
0.0
0.0
14756.6045
1320.9609
660.5102
0.0
0.0
1378.0854
13421.537
3626.973
1360.7203
11056.435
0.0
1389.3188
563.229
8317.06
74355.89
3094.5964
379.92377
106.60367
2603.8728
98.32073
233.73947
163.23279
21793.78
2969.8774
126.162445
427.601
2563.8057
1072.389
649.8132
390.39615
233.62958
4773.602
109.15169
14170.957
0.0
21294.797
1880.9105
2701.6206
285.2723
826.36523
0.0
1724.1746
1798.9868
1110.2057
1998.5747
4042.6992
3147.4355
382.73218
0.0
1276.3855
0.0
3925.986
0.0
14422.453
9677.949
0.0
72.99974
20326.352
51448.312
48.563644
0.0
1158.6415
2845.6565
34948.918
72.69888
10282.47
1202.123
33451.23
0.0
0.0
3138.2358
166.59108
43191.73
0.0
901.99927
2453.0488
0.0
1145.7743
21530.605
5649.753
367.0278
2299.8794
0.0
55.579475
475.7877
1946.4653
27608.621
4315.1694
2132.039
0.0
7229.0723
831.8168
14917.344
4200.451
3141.354
1666.553
329.539
0.0
0.0
7071.6006
8517.078
1749.4468
269.90714
20333.914
4880.6846
1118.1713
26639.578
0.0
99.44383
809.08057
2034.4883
1843.3517
3519.398
14393.184
27884.695
5680.6924
749.5109
1167.6732
2705.6948
17990.094
166.36688
38318.297
1330.3381
11915.0205
1940.9565
3764.4985
29383.885
1735.4265
3750.0776
843.3137
5627.9844
2127.8735
2594.787
2423.0552
801.55164
681.5594
51149.414
32989.883
1171.9888
0.0
1472.2878
11911.784
116.655594
17086.006
1821.6655
392.1684
12364.594
645.3928
441.74002
1572.2445
87.42706
4566.8916
1003.5232
225.64804
2929.997
4152.914
476.74115
19339.5
3781.9338
21238.078
532.5058
40491.258
4080.4866
890.6475
0.0
6685.7407
340.35873
0.0
2653.5996
32285.254
2631.7402
0.0
1435.1862
2755.5747
549.0478
1684.9832
39850.32
1203.3582
4097.176
183.75407
0.0
0.0
260.8529
8998.077
1799.3953
2716.6587
672.4265
1517.4922
108.7885
1724.3712
3049.2734
3514.041
716.80774
1906.2734
370.60425
13914.617
129.0994
10707.921
1625.0153
1288.8308
301.4277
0.0
5843.539
148.66902
2494.8062
3264.1213
2708.6458
4724.713
7518.2695
169.2056
4291.2104
1079.092
1887.3184
0.0
4074.5356
358.26956
2097.9487
0.0
0.0
421.3203
103.10192
0.0
3706.647
300.8717
2137.4824
2347.9841
21372.092
7479.8164
768.9651
7706.3066
928.1589
1740.8894
3172.4812
2970.2476
844.3115
1072.7012
0.0
11180.385
128.7718
1456.6858
12717.497
1660.394
50473.01
5808.965
216.20068
0.0
7003.9077
701.1239
236.8128
3200.9683
305.82007
1082.4655
39156.5
18352.004
2408.1333
0.0
2460.5156
821.8706
0.0
0.0
0.0
493.02594
6626.261
643.4479
0.0
12834.211
1560.5247
3407.793
1311.7583
20210.771
0.0
7913.959
3286.5642
103.29396
1141.1415
0.0
1536.4991
514.7443
10407.245
2023.9319
835.9098
934.3954
6381.004
818.8085
0.0
119.48934
0.0
2313.2803
3794.916
510.46066
6847.9585
1345.6465
201.34021
5126.2334
32453.738
2353.6086
514.5232
8621.521
1508.682
1015.9885
1043.613
4785.4307
0.0
8383.525
0.0
8025.8223
0.0
394.64905
4241.1123
4242.797
1321.0562
2302.2275
756.297
676.342
1264.1107
0.0
11609.044
1228.954
3926.7197
0.0
2463.6885
5875.3154
123.13681
164.43741
4194.238
170.77087
121.16784
3767.6858
0.0
0.0
0.0
404.9154
17474.852
1433.2872
342.23914
49566.016
2045.3313
1128.3597
1311.3003
676.9103
110.672
0.0
523.69556
480.4292
4535.042
94.17097
0.0
5234.389
5558.616
582.02014
0.0
0.0
630.1832
4198.59
2073.1729
15792.512
0.0
0.0
74415.91
430.9757
1812.4471
9418.824
643.8189
1202.5103
997.1985
241.66084
2086.062
9244.456
0.0
2965.915
44613.996
4257.996
3275.939
0.0
3823.5317
8854.564
805.20996
2160.527
1775.2831
13949.451
0.0
153.95393
12460.172
2448.017
0.0
395.8502
1631.4486
3045.091
2298.0625
27912.725
831.7164
4452.0566
668.0993
7460.659
2614.8765
2121.5684
4511.9155
1123.3717
29554.484
2506.6992
0.0
2836.055
99.220856
833.77234
1335.8586
2763.4634
2489.0437
540.3947
0.0
121.70828
12261.044
3578.5518
11989.434
24800.23
4003.9272
2848.6453
0.0
4322.5605
53917.016
28989.09
3597.4927
1686.2524
0.0
579.8549
2098.479
0.0
2824.0176
36447.9
103.49136
46.774017
637.8094
425.09067
69.38893
2976.2407
3653.2998
0.0
1102.8342
4203.757
1851.2681
105.56425
5504.647
0.0
8570.733
2471.2842
430.68616
581.47095
8316.194
5097.3037
110.483795
30846.57
125.01424
0.0
5620.4976
0.0
255.91995
8457.614
2744.5647
95.49797
18209.852
33745.44
2729.205
428.20734
6616.815
2993.2087
269.7859
11806.559
588.9737
40229.184
0.0
2319.1968
548.8777
338.3194
116.90454
0.0
3547.713
977.49585
5444.1123
2464.7134
1632.5214
3542.4265
3312.4336
10742.254
372.14438
158.86069
148.68329
97.920555
2192.416
8803.951
1325.5403
46875.85
11557.45
2778.1538
44822.734
123.325714
22813.637
0.0
14853.227
133.16663
2294.1392
21865.688
400.41376
2918.728
740.1196
0.0
49336.082
0.0
121.61664
1456.1484
3096.1538
1610.8164
368.80957
68.910034
1785.3279
105.0956
16022.859
2280.8408
657.1115
26574.64
7025.2695
24134.068
0.0
2277.7446
80.080536
0.0
3134.0408
14260.812
3186.8745
28138.64
41007.957
8558.883
1450.9408
13338.506
9700.116
0.0
1348.7317
218.62067
324.9722
786.65375
3989.8052
42489.438
1093.8911
97.85213
1715.9553
1506.8104
164.95007
1560.5011
1112.2373
62492.05
16806.436
2582.6357
3349.4292
2543.954
1729.616
3063.504
3954.1814
8381.0625
724.2338
2357.6865
1745.617
3916.588
1942.7366
1910.2325
441.50476
30059.363
5186.14
0.0
62586.727
2562.8892
1666.6935
356.12823
0.0
0.0
12170.209
74340.01
5599.3857
0.0
388.65735
994.9785
3135.2395
729.7925
2633.193
2778.4438
6029.7856
7282.3257
708.3032
4341.7686
103.292595
10502.069
35640.652
1031.3656
25654.055
3608.2683
2329.0088
427.79895
10586.29
2337.916
8689.751
19755.756
185.64883
252.27753
289.3562
0.0
3904.2476
561.63715
1580.0154
19037.613
556.927
19729.424
633.1866
8869.126
0.0
0.0
1216.3145
367.59045
33360.64
5186.799
25927.074
1656.5759
1656.4757
343.38953
3342.0322
1427.135
1353.6074
1088.1125
62636.203
1419.3186
0.0
1871.2299
98.9691
648.82214
2648.9597
1006.20874
1028.7225
1564.6482
1777.7852
2327.6206
2268.051
0.0
16851.207
140.66379
48394.406
8223.275
850.145
0.0
189.63928
626.2583
147.04028
13635.193
38071.992
14600.973
104.25267
150.24704
2924.0125
3237.807
1553.4146
11114.749
16752.355
6282.5684
6183.3525
3318.0972
5657.269
3908.4219
2916.2766
314.59833
159.8656
3371.2087
10012.359
1905.3223
10536.867
1092.9146
21235.91
1032.5096
10277.516
0.0
459.68097
16402.545
0.0
150.67703
631.084
0.0
1864.9329
3493.4702
1679.8197
0.0
5309.63
173.46658
1871.7708
220.58762
18252.543
1449.7428
8382.425
3107.4944
3291.2622
275.8565
1719.9327
0.0
1521.2192
90.54671
376.22733
0.0
1151.6675
25343.43
0.0
12150.914
10890.122
3973.8809
1628.8167
2433.6697
2540.9136
2269.0737
1166.024
4729.129
2115.9424
1203.888
1493.4346
2165.0322
21435.648
702.00964
861.8824
31803.234
3174.1113
12205.054
3417.7656
2670.415
0.0
2098.3384
1832.9653
3553.958
74370.27
0.0
1907.2247
15123.613
2560.159
420.1612
122.64884
589.5086
5333.7217
1640.1558
388.823
586.2301
1752.0435
1052.9885
8850.305
11161.994
8362.419
3810.3784
9420.521
31895.559
0.0
0.0
960.22485
14101.777
15149.056
1651.976
168.2796
0.0
31425.965
112.412476
1879.1077
