24.29767
24.292158
24.284702
8.304442
24.310825
24.29261
24.33168
24.085125
10.76816
24.310421
24.352705
24.377996
24.174944
24.336546
24.313728
24.278214
24.36878
24.349957
24.337658
24.285484
24.36472
24.341991
0.0
24.349903
24.265892
24.176682
13.023296
24.351631
24.28457
21.787819
24.33677
24.329523
24.312227
23.899258
24.315197
24.40035
13.509572
24.179958
0.0
24.363125
24.36164
24.353619
24.279684
24.110674
24.229992
4.6634827
24.377169
24.332327
24.330086
24.316153
24.26376
24.315943
24.312643
24.318165
24.265293
24.272596
24.343525
24.305391
24.329388
24.345024
24.233788
24.313025
24.29297
24.28275
24.344063
24.33548
24.258062
24.373316
24.320566
24.288284
24.306744
24.26117
8.974609
24.239727
0.0
24.368252
0.0
24.322815
24.24466
24.373428
24.314932
0.0
20.66528
24.37575
24.319117
24.32312
0.0
4.186854
24.313473
0.0
24.198608
24.285755
24.386585
24.306036
24.349985
24.235626
24.304462
24.312408
24.351242
0.0
24.318928
0.0
24.304163
24.278507
24.293005
23.986513
24.368877
24.474277
14.937143
24.129925
24.38552
24.162619
24.286398
24.266548
24.26942
24.374067
24.345057
24.09097
24.344467
0.0
24.25906
24.148672
21.11082
24.122902
0.0
24.294472
24.30733
23.89201
13.049015
24.296448
24.298813
0.17175773
24.223295
24.289122
24.375917
24.298561
24.331652
24.343521
24.335981
24.326206
24.293995
24.325312
24.385704
24.285517
24.316006
24.316607
17.286673
24.367739
24.459963
4.3247466
24.295643
24.322313
20.126732
24.32906
24.404196
0.0
24.303846
24.29762
24.30083
24.39197
24.352884
24.342962
24.241253
0.0
24.343552
24.372318
24.441666
24.207134
24.164154
24.36019
24.331139
24.254482
24.344933
24.365368
24.351744
24.270252
24.260086
24.302086
19.701754
24.404343
24.334581
24.321012
23.535982
24.184586
24.340155
24.399242
23.893253
23.65774
24.362753
24.30011
4.6628532
0.0
24.285002
24.362206
24.357975
24.234201
24.277412
24.302816
24.256876
24.309202
24.405617
24.187351
24.136013
0.42573267
24.301481
24.265575
0.0
24.33437
24.18954
24.361828
24.327564
0.0
24.346844
0.0
0.0
24.412655
24.375734
24.30381
24.338238
24.234158
24.367529
0.0
24.364798
24.271498
24.317728
24.318377
0.0
0.0
24.250797
24.312374
24.354477
24.30946
24.364544
24.33181
24.329046
24.351368
0.0
0.0
0.0
23.892906
24.3414
24.448288
24.2869
12.52692
24.27034
24.370665
24.339146
24.234596
24.351479
0.0
0.0
24.369076
24.290846
24.313063
24.223392
24.39644
0.0
24.362951
24.343311
24.028233
24.250574
24.351706
1.3141414
24.37598
24.294798
24.326017
24.242188
24.298454
24.3399
24.245905
24.400843
24.22029
24.353237
24.314346
24.347635
24.416977
17.526562
24.431084
24.266989
24.33209
24.30733
18.005262
12.486171
24.38001
24.295307
24.311413
24.32599
0.0
24.347332
0.0
0.0
24.258831
24.269424
21.175604
24.347034
24.27953
0.0
24.30038
24.292517
24.32306
24.32544
24.12195
24.360443
24.323994
24.310074
24.318031
24.317884
24.242981
24.206158
24.320978
24.216322
24.377415
24.375046
24.231804
24.276264
24.33143
24.384565
24.394022
13.617029
24.311735
24.332027
24.22661
24.380121
24.34715
24.321209
14.867659
24.339092
0.0
24.299221
24.273577
0.0
24.270641
24.422483
0.0
24.097467
24.254707
24.077744
24.293018
24.289421
24.257332
24.053696
24.384499
24.335842
24.353062
24.310226
24.387482
24.227081
24.36954
24.29611
24.266212
0.0
24.225945
24.285683
0.0
0.0
24.30789
24.330639
12.465278
13.34818
24.24371
24.373005
24.272987
24.241415
24.387817
24.31491
24.314291
24.345644
15.931465
24.31816
24.368969
24.352667
24.353565
24.320276
0.0
24.29568
24.36738
24.291815
24.35745
24.330944
24.403908
24.402328
0.0
24.293602
24.319351
24.358849
24.361616
24.394156
24.366077
24.227695
24.258251
24.333881
24.32941
24.34661
24.121658
21.101753
24.348675
24.25034
22.681767
24.350235
0.0
0.0
24.31779
24.307474
24.384684
24.366096
15.4914665
24.231493
24.158945
24.389494
24.20243
24.315111
24.382217
24.332502
0.0
24.350298
24.348036
24.269539
24.30939
24.234589
24.169203
0.0
12.105844
24.360735
7.418989
24.369043
24.344326
24.284039
24.332047
14.065493
24.1405
24.130535
24.266506
3.3229198
21.440788
24.332588
9.261732
24.42136
0.0
24.352491
24.338984
24.344948
24.172798
24.060656
24.398333
24.185349
24.264847
24.322512
0.0
24.065777
24.352104
24.380457
24.362644
24.335781
24.329578
24.337421
24.271383
24.297527
24.31995
24.295786
2.4810395
24.285233
24.357466
24.239342
24.154287
24.230408
19.654812
24.24143
24.300255
24.32486
24.374071
24.378489
24.375532
24.40243
24.244654
19.236893
24.27904
24.268393
24.299137
0.0
24.27567
24.28604
24.252167
24.351366
24.388912
24.269802
24.317425
24.196178
0.0
24.326881
24.331749
24.299438
24.242086
24.2514
24.306309
24.306622
24.347137
0.0
24.206612
24.212507
24.398758
24.26146
24.33223
24.38126
24.34937
0.0
24.229513
24.35637
24.032368
24.298134
24.226616
24.233332
24.283226
24.056593
24.398312
24.338882
24.253967
24.291405
0.0
24.282057
24.340876
0.0
19.782375
24.317272
0.0
24.312544
24.33797
24.30611
24.351648
24.39669
24.315075
17.014528
24.34108
24.226963
24.298794
24.149448
24.295824
0.0
0.0
24.002035
24.287283
24.317268
19.764416
24.269192
24.384163
24.368567
24.312931
24.42383
24.360943
24.260277
24.376118
24.237598
24.371447
0.0
24.45441
24.305622
24.328794
24.267258
24.098835
24.33817
24.363642
8.278315
24.31835
24.419767
19.181957
24.404703
24.322254
0.0
24.31857
11.984128
24.33608
24.2613
24.186108
24.254011
24.385504
24.004726
24.399088
24.344204
24.309198
24.20539
24.35902
24.074385
24.277603
24.358839
17.300224
24.21086
24.306347
24.314354
24.30181
24.179127
23.796627
24.353067
24.020794
0.0
24.282757
24.253885
24.33347
24.214705
24.362766
24.273937
24.331306
2.3486798
24.4287
24.002825
24.329138
24.260777
24.256697
24.221573
24.305042
24.330475
24.300556
8.548561
24.398678
24.299393
0.0
24.349648
12.489544
24.290417
14.324314
24.257076
17.645811
24.401302
24.356441
24.370804
24.359137
24.279064
24.325115
24.209751
24.253687
24.380764
24.166458
24.293926
24.185099
24.338995
0.0
24.220882
24.233704
11.605969
0.0
24.333714
24.224913
24.289541
20.537502
24.297676
24.28016
23.97491
24.236767
24.319168
24.344164
24.391062
11.669884
12.893366
21.067257
12.015535
24.285852
24.321789
24.295095
24.292042
24.365211
24.343344
24.04035
24.37667
24.346117
24.177532
4.7398033
24.360458
24.337847
24.068928
24.381676
24.402788
24.118837
24.248838
0.0
24.329433
0.0
24.273617
23.908894
24.113918
24.150286
24.305218
24.367653
24.29723
24.441727
17.583832
24.359863
23.885897
24.339144
24.3835
0.0
24.333714
24.282627
24.238712
24.316584
24.306217
24.36892
24.248688
22.392393
24.142841
24.281082
0.0
24.236467
24.331625
24.131405
0.0
24.067394
0.0
24.236801
24.362017
24.426752
24.279167
24.337688
24.265224
24.303747
24.440647
24.362892
24.294748
0.07014855
24.259731
24.359953
24.240572
21.133179
24.208288
24.365604
24.34495
24.224127
24.311914
24.310974
0.0
24.353563
24.354904
24.18241
24.329573
24.383036
0.0
24.29476
24.354767
24.20595
24.307875
16.19203
9.832353
24.249811
24.485706
24.293293
24.422483
23.753036
24.286434
23.996225
24.348167
24.369045
24.308367
24.361559
24.3104
24.338585
24.278894
24.33439
20.786945
24.15897
24.25865
24.354525
24.279888
24.33029
24.268661
24.345901
24.322678
24.28947
24.2249
24.260689
24.371527
0.0
24.37487
24.307613
24.296661
0.0
24.33928
0.0
24.327398
0.0
24.34047
24.356937
24.379154
24.393696
24.242855
24.125496
24.279427
24.234442
24.473886
24.305786
24.20387
24.189224
24.338652
24.31581
24.29769
24.306107
24.34361
24.216007
6.832709
24.371576
24.381285
24.293562
24.367582
24.239006
24.323975
24.310898
22.15158
12.865723
24.396612
19.492975
24.353468
24.34004
0.0
24.305458
24.215343
0.0
24.2638
24.268108
24.331474
2.8003187
24.292826
24.389814
24.293009
24.060642
24.340143
24.267979
24.484707
7.5846906
24.332563
0.0
24.355324
24.35433
24.335468
24.257732
24.290565
20.646141
24.311998
24.292854
24.265436
24.190998
24.32751
24.143526
19.551771
24.25857
24.298153
24.358953
11.842881
22.37199
24.364674
24.325407
24.300903
24.05289
24.26706
0.0
24.348665
24.387861
23.153614
24.303059
24.254137
24.218185
0.0
24.27251
24.357716
24.348583
24.110695
24.299938
24.279234
24.321104
2.3705056
3.1759481
0.0
24.335098
24.386162
5.707033
24.336353
24.047346
6.772216
24.385605
0.0
24.330307
0.0
24.370827
24.338242
24.273119
24.23163
0.0
24.291868
18.039104
24.345165
24.345043
24.307568
24.37939
24.275204
24.419588
24.371782
24.332766
0.0
1.4557338
24.351345
24.252478
24.251446
24.357195
0.17173064
24.295986
0.0
24.464546
24.402967
24.290852
24.31086
24.317806
24.301321
24.269379
24.22264
24.368437
0.0
0.4468683
24.33373
24.27864
24.247623
24.372343
24.362923
23.987944
24.274315
24.295948
18.097862
0.0
10.934215
24.325699
24.331295
24.41872
24.321598
24.389322
24.3549
24.40133
24.451733
5.3008537
24.153507
24.38073
24.375977
24.222183
24.325834
24.318966
24.338827
24.324219
24.280697
24.325645
24.360985
16.773754
16.601372
24.412731
24.22195
23.961502
23.83795
24.367805
24.288998
24.296844
24.367233
0.0
24.299448
24.310211
24.276365
24.323433
24.272688
24.316422
24.31057
24.16116
24.302126
24.32554
24.289463
3.2923703
0.0
24.340858
24.2625
24.328857
22.295895
24.23833
24.227512
24.404957
24.31513
24.323524
24.354103
24.344269
24.360859
10.825302
24.333153
4.1295733
24.354973
24.319622
0.0
24.320206
24.265919
24.357542
24.360323
24.333496
24.274168
24.262884
24.345509
24.039017
23.566402
24.233675
24.236675
24.346075
19.596851
14.239855
0.0
24.342247
24.21494
24.213015
24.311152
5.943755
24.307175
0.0
0.9474325
24.325466
24.316925
24.29787
24.428604
24.306456
0.0
24.32123
24.258331
24.292078
24.389612
24.361666
24.356203
24.239933
24.34197
0.0
24.32777
24.348358
24.25674
24.442057
0.0
24.314098
24.328894
24.204939
24.35297
20.309738
24.379158
3.5336194
24.312735
24.085611
24.154377
24.185133
24.295427
24.272472
23.879482
1.9741282
24.28032
24.417414
24.218613
24.371323
24.48038
0.0
24.390114
24.288559
4.1152964
24.345055
24.131578
24.303402
24.382586
24.390245
0.0
0.0
24.342905
24.399406
0.0
24.427402
24.285305
24.32393
24.282604
24.322252
24.36229
24.326012
24.302542
24.422583
0.0
24.368484
11.942226
0.0
24.41402
24.266672
24.260231
24.388048
5.651253
24.294468
24.27919
24.306194
24.308449
0.0
24.249832
24.315235
0.0
24.325111
24.220198
24.308207
24.027643
0.0
23.578318
24.335552
24.339333
24.327368
23.756817
24.385176
24.410515
24.375162
24.314331
24.148336
24.229477
24.298183
24.326618
24.290024
24.32328
24.36201
24.356777
24.333939
24.334671
0.0
24.36177
0.0
24.15256
24.273302
24.318531
24.195301
24.231062
24.377514
24.230198
24.31673
24.109955
24.343857
20.802078
24.25272
24.313175
24.307705
24.263882
0.0
24.3167
24.331875
24.156965
24.225708
24.277225
24.410042
24.440424
1.5018699
23.68514
24.229248
24.139982
24.226717
24.378336
24.298586
24.323938
24.228535
24.396358
9.563901
24.22252
22.360369
24.30503
24.2992
24.348133
24.35314
23.964037
24.355362
17.69329
7.0170565
24.366476
24.240736
23.94601
0.0
24.269163
0.0
24.29671
24.371307
24.312668
24.319702
24.297253
24.38853
0.0
24.306465
24.358875
24.323595
0.0
0.0
24.214691
19.437496
24.401014
23.345556
24.373705
23.95553
24.275398
24.267693
24.339312
24.275955
24.297115
2.7515256
24.268576
23.70193
24.241444
24.225346
23.813961
24.37193
24.354614
24.242016
24.225372
0.0
24.354462
24.247189
24.365013
24.255898
24.232046
0.0
24.339254
24.241764
24.358456
24.408136
0.0
24.28498
0.7045235
2.2594175
24.179344
24.143152
24.267666
24.413303
24.094784
24.347815
0.0
24.36308
24.225334
24.375032
24.305473
23.315466
24.15656
24.316257
24.349005
24.220379
24.22329
24.283447
24.31654
24.239443
24.357235
24.274458
24.3583
24.309204
24.275948
24.27243
24.257736
0.0
24.3219
24.355251
24.315746
24.42072
24.325958
24.3163
24.281809
24.300442
24.248753
24.036417
24.250717
0.0
24.195871
2.6635408
24.07717
24.179798
24.365751
18.986996
20.466
24.19997
24.38892
0.0
0.0
24.322289
24.317211
24.396452
22.75639
24.44286
24.278822
24.278942
24.38286
24.423124
24.287487
24.287642
24.345327
24.411757
24.317902
24.327774
24.32035
24.287315
24.27219
24.348446
24.288162
24.366257
24.357336
24.34545
24.40237
24.296938
24.366098
24.184277
3.982231
24.056236
24.296179
0.0
24.232464
24.265247
24.194141
24.31378
24.339664
24.303272
24.279615
24.309687
24.360527
24.349184
24.309446
13.196302
0.0
24.341278
4.9932685
19.899298
24.338495
24.304846
24.321367
24.289272
24.336681
24.334503
24.315285
24.269054
24.187714
24.362423
24.3109
24.306688
24.333
24.29116
23.13334
24.280993
24.380888
24.32624
24.36249
24.346544
24.156404
24.23408
0.0
24.323475
0.0
24.214684
24.37529
24.304117
24.259678
24.333761
24.354862
24.296238
24.284328
24.231947
24.281124
24.13516
24.372015
24.283913
24.343618
24.3567
24.296885
18.141163
24.385517
24.315912
24.31693
24.390099
24.365686
24.376524
24.348656
24.29412
24.211058
24.239609
24.328045
24.330091
24.230373
24.389755
24.16668
10.92909
24.214819
24.358389
24.347572
24.159575
24.333765
0.0
24.260666
24.361586
24.353348
24.331347
24.334965
24.387642
24.19326
24.301727
24.279823
24.068937
24.338062
24.33603
24.280052
24.358093
24.267857
24.343124
24.253527
24.319277
24.305296
24.391535
0.0
24.312946
24.26645
24.408915
24.27864
0.0
23.921242
24.26779
24.35232
24.382042
24.350708
0.0
24.25362
24.298143
0.0
24.309347
24.326328
24.286793
24.23745
24.32289
24.188341
24.297333
0.0
24.336922
24.346882
24.396805
24.181189
24.357845
24.265268
24.3059
20.88012
24.377884
24.321167
24.30259
24.345406
24.469788
24.369349
9.025934
24.309708
24.134428
24.30463
24.385567
24.33618
24.287785
24.22636
24.29178
24.267128
24.303583
5.9874763
24.257269
24.315212
24.383781
0.0
24.335264
24.286331
24.307396
24.311188
24.352955
24.386684
24.353745
5.9342313
0.0
24.314375
24.252485
24.313543
24.260946
24.228397
24.352335
24.32163
6.3591895
24.235373
24.333485
24.291292
9.50841
24.338095
24.254196
24.393541
24.307972
24.287512
24.42086
24.404238
24.333103
24.240694
24.465944
24.221262
2.2295694
24.43766
24.326649
24.318678
24.33114
24.208916
24.245834
24.283592
24.326271
24.360327
24.335781
0.0
24.424072
24.377872
24.35323
24.379854
24.327179
24.284271
24.402733
24.344751
16.425468
2.1024718
24.388338
24.319683
24.417236
24.324574
24.31029
24.323465
21.751385
24.402931
24.359772
24.321917
24.16192
24.249784
24.28766
24.215654
24.196945
18.737438
24.228703
24.299587
24.346207
24.259161
24.329788
24.308632
0.0
24.287218
24.285648
23.890783
0.0
14.184174
24.358023
11.980181
24.303532
24.280653
24.371588
24.32346
24.302954
0.0
24.312252
24.40319
24.33998
24.299217
24.347921
24.308186
24.346207
24.250011
0.0
24.43162
24.30422
24.379467
24.190878
24.276716
24.260492
24.28028
24.326143
18.88791
24.212076
24.16473
24.385784
0.0
24.375256
24.326847
24.056595
24.324305
24.253044
24.357553
24.328522
24.270983
24.392124
24.33537
24.230087
24.331919
24.27344
24.234623
0.0
24.32727
24.189323
24.29917
24.269447
24.28735
24.277197
24.327168
24.337288
0.0
24.34552
0.0
8.782502
14.42399
24.269037
24.293036
24.462582
23.971764
24.316553
3.8037477
24.265594
24.188812
24.385452
24.396233
24.19054
24.283165
24.344479
24.267723
24.213293
24.246962
24.296793
24.021917
24.386017
24.447063
24.156849
24.156193
24.333218
24.25176
24.285116
24.292923
24.249205
8.744397
0.0
24.304802
24.342396
24.332966
24.226183
24.441639
23.149582
24.400562
15.579264
24.203735
17.170761
24.341457
24.326658
24.172924
24.271992
0.0
0.0
24.363056
0.0
24.230381
24.29635
24.276505
24.309969
24.262455
24.258371
24.297476
24.19961
10.420677
19.365942
24.375803
24.32553
24.398024
24.343826
24.256165
24.296005
24.36391
24.261353
0.0
24.333479
24.304035
24.195934
24.289604
24.390335
24.308495
24.362894
24.20103
24.294573
24.330269
24.292137
24.100246
24.31621
24.337751
23.684029
24.263771
5.3286915
24.3231
23.962103
24.385271
24.378923
24.15264
17.90572
24.320309
0.0
19.991348
24.359938
24.343962
24.28021
24.152878
23.89656
24.105968
21.687973
24.327385
24.270618
24.337385
24.327667
24.336006
24.244389
23.735605
24.342684
0.0
24.458126
24.412086
24.310154
24.33527
24.305763
24.254362
23.95953
24.37626
24.243315
24.268341
24.08011
24.375256
24.252022
24.335594
24.252665
24.366396
24.295805
0.0
24.472229
24.270805
24.28333
24.343575
24.261276
24.221516
21.41689
24.35306
24.343864
24.293594
24.350754
0.0
24.350346
21.7914
24.352402
24.349688
24.293173
24.299894
12.57518
24.320187
0.0
24.333868
24.270596
24.33437
23.291372
24.241817
24.04952
0.0
24.250755
24.299397
24.381252
0.0
20.655428
24.314482
24.308464
24.304316
24.361456
24.43174
24.248207
24.243778
0.0
13.598622
24.259308
5.4923368
24.363983
7.122985
0.0
24.39329
24.294521
24.391403
24.361855
24.088638
24.295023
24.358286
24.15873
24.2594
0.0
24.266872
24.356506
24.27853
24.334911
9.397719
24.348698
24.378271
24.306114
24.340118
24.33566
24.31151
5.977954
24.35698
24.330887
24.322018
24.307627
21.307066
24.310795
24.309387
24.316368
24.20676
0.0
22.617779
24.325706
24.382717
24.295542
24.413467
24.148304
24.394558
24.323833
4.0584545
24.223593
24.327442
24.236767
24.369255
24.376936
23.9971
0.0
24.395592
24.36735
24.307585
24.351234
0.0
24.300014
0.0
24.33308
24.378574
24.293848
24.25249
24.035938
24.31395
24.227055
24.251274
0.0
24.340343
24.33613
24.274736
23.009674
0.0
24.222763
2.4092531
21.64865
24.195261
24.312992
24.378548
24.273767
24.25247
24.273338
1.9204816
13.1015415
24.066078
24.25449
24.316391
24.161781
24.49324
24.30804
24.106577
24.3488
24.059826
24.340996
24.191162
24.28077
24.347317
24.223099
23.964624
24.382439
24.373774
0.0
24.341063
24.263243
18.215645
24.224323
24.233414
24.312809
0.0
24.245369
24.353386
6.9022894
0.0
0.035636567
21.473007
24.357527
24.434574
24.144165
24.391375
24.192421
24.34439
24.298529
24.391045
23.137926
24.16607
24.307795
24.387615
24.258663
24.337889
23.961157
24.29659
24.383198
22.002592
0.0
24.341486
24.262175
24.268621
24.302958
20.291222
24.17772
24.255909
24.226023
24.308424
24.239985
24.302193
23.82256
24.336126
24.190126
24.322449
24.364452
24.392456
24.386248
23.952496
0.0
24.29347
24.401882
24.381788
24.150908
24.353676
24.203745
24.341093
24.27618
24.155712
24.353113
24.29694
24.354542
24.307793
24.328161
24.43118
11.264252
24.426453
24.325039
7.7257376
24.275343
24.442411
24.42194
5.0089455
24.312645
24.252234
24.312424
22.431963
24.389593
24.307133
24.333199
24.284569
24.239609
0.0
24.428398
24.316393
24.109295
10.912118
24.25344
0.0
24.304157
24.339392
1.9062941
24.254559
24.345093
24.333567
24.314083
24.35857
24.309612
24.184528
24.355083
0.0
24.262218
24.333397
0.90207314
24.374504
1.6977232
24.337166
24.382603
24.139805
15.318265
24.295235
24.406769
24.29612
24.308922
0.0
24.267422
24.298903
24.308937
24.352598
24.285557
24.347961
4.8108025
24.302141
24.351313
0.0
24.276613
24.204132
24.318
24.343582
24.382645
24.416298
24.06914
24.282503
0.0
3.6697106
24.272366
24.229872
24.262299
24.344849
0.0
0.0
24.263458
24.278572
24.179436
24.29837
24.225096
24.267235
24.3382
24.293081
24.290619
17.410597
24.12904
24.278385
24.3446
0.0
24.38429
24.35367
24.337322
24.245409
24.323498
24.266949
24.339417
24.407532
3.7180605
24.319628
20.026814
23.646166
24.25259
0.0
24.371368
24.297518
23.389978
24.3916
23.919739
24.31105
24.372309
23.891655
24.21673
24.346567
24.271336
24.032106
24.088497
24.397724
0.0
0.0
24.278734
0.0
24.346804
24.36148
24.237617
24.310278
24.314354
6.9822607
24.239216
24.332266
24.179031
24.340065
24.437098
0.0
24.304544
24.262482
24.139841
24.346142
23.758442
24.25134
24.27395
16.27196
24.244427
24.294
24.341536
24.286892
24.157219
24.260254
24.321814
24.406631
24.28562
24.336416
24.233145
24.294722
24.268448
24.398796
0.0
24.18776
24.317839
0.0
24.221375
24.329285
24.399622
0.0
24.329378
10.139572
24.355827
24.29124
24.310915
24.285582
24.28701
24.260656
24.337126
24.378712
23.855686
24.305756
24.36728
24.223244
23.962826
24.358765
24.232794
24.193977
24.340378
24.292925
24.345253
24.376303
24.278563
24.312986
24.180588
24.207434
24.353832
24.2612
24.404245
24.29944
24.108736
24.243713
24.393969
24.315971
24.284325
24.3457
24.325436
24.256031
9.581549
24.342505
24.338371
0.0
24.338312
24.30859
24.377516
24.290936
24.364511
24.35514
24.259804
24.227682
24.2815
24.267048
24.31143
24.248508
13.593323
24.034552
24.233107
24.243279
24.273464
24.332394
24.376484
24.314833
24.376862
24.384672
24.10782
24.352985
24.277721
24.342892
24.289053
24.265419
24.344795
24.358116
24.351389
24.376625
24.340582
0.0
24.356882
24.312376
24.335506
24.345758
24.250484
24.314178
24.311481
24.360998
0.0
24.320574
24.409292
24.101791
24.357244
24.348911
24.318287
24.322784
24.329752
24.424583
24.307367
23.993006
24.11578
24.251442
24.284534
24.19883
24.30794
24.288582
24.291561
24.407724
24.317747
24.274343
24.286592
24.453108
24.42463
24.252918
24.325869
24.32957
24.310108
0.0
24.383915
0.0
24.350628
0.0
24.382265
17.482182
24.263025
24.135553
24.35679
24.325943
24.41027
0.0
0.0
24.358551
24.331173
24.26264
0.0
24.321026
24.364536
9.948531
1.3049593
24.353958
24.272455
24.275541
24.20456
24.224697
24.377506
24.397911
24.084055
24.36248
0.0
24.320707
24.379288
24.166178
24.32744
24.301311
24.294975
24.3213
24.314941
24.35674
24.39259
0.0
24.232267
24.306728
24.310652
24.323448
24.337368
24.311966
24.408716
24.36081
24.325405
24.282845
0.0
24.31704
24.290749
10.0041685
24.246181
24.37904
24.31163
24.151627
24.358032
24.30625
24.44073
24.340988
24.32697
24.267342
24.354635
24.273956
24.01053
24.228518
23.960289
24.277641
24.31329
24.341957
24.369997
24.419289
24.283041
24.323063
24.275862
24.373749
24.294615
0.0
24.31658
24.291561
24.308838
24.489681
17.69147
17.695564
24.293587
24.279404
24.385965
24.382505
0.0
0.0
24.273579
4.437309
24.287235
24.322779
24.383913
24.21253
24.344763
24.283785
24.1745
24.310928
24.12944
24.379608
24.14449
24.38263
24.335812
24.371801
24.36771
7.839141
24.295979
24.372038
24.417252
24.29335
0.0
24.304037
24.300312
24.14475
24.3886
24.320408
24.341974
24.338408
24.329247
24.361567
5.090346
24.212112
24.237274
24.258442
24.366228
24.455324
24.275913
24.119898
24.270493
24.150635
24.34448
24.192017
24.16823
24.030622
3.951414
24.206661
24.347141
24.350237
24.190117
24.285322
24.30759
24.330345
7.7301335
24.353607
0.0
23.818783
24.326424
13.345398
24.401468
24.295269
24.345371
24.336477
24.19271
24.492496
24.332335
24.297194
24.279379
17.422165
24.20375
24.367752
24.322327
24.306957
24.243301
24.364372
24.423355
0.0
0.0
0.0
24.37527
24.326551
24.34714
24.328165
23.90478
24.248287
24.37516
24.300985
0.0
3.3359418
24.283566
24.261797
24.314495
24.340271
24.361233
24.33285
23.714474
24.383152
23.994305
24.28733
24.316826
24.23145
24.361185
24.257854
24.310194
24.342794
24.232645
24.362139
24.361177
24.347805
24.268015
24.366951
1.6509374
24.299088
24.15294
24.255365
24.31725
24.336586
24.438663
24.299833
24.34294
24.267471
16.108578
24.263697
24.37379
24.37759
23.998264
24.194733
24.346336
24.147415
24.348207
24.285267
24.349707
24.40834
23.328201
0.0
24.462376
24.300802
23.851444
1.5301498
24.331686
24.372835
24.326643
24.232416
24.299805
24.320065
0.7344414
24.277464
24.369133
24.319397
24.377466
24.300856
13.439781
24.401403
24.202845
24.340702
23.943058
0.0
24.346222
24.354439
24.359936
24.299284
24.403015
24.311546
24.28183
24.354494
24.320198
24.377562
24.343119
24.298124
24.380562
20.92636
24.252022
0.0
0.0
24.252663
24.281008
24.32454
24.258938
24.293955
24.244343
24.345104
24.31221
0.0
23.827742
24.310577
21.058521
24.259027
24.321064
24.172981
24.441322
24.326826
0.0
23.989246
24.093468
24.388103
24.269985
24.14273
23.989594
24.322334
3.6230564
24.313246
24.346523
16.396765
24.430704
24.251001
24.34395
24.277975
24.28534
24.332123
24.345741
24.285112
0.0
24.063707
19.923136
24.224918
24.142769
5.8199453
0.55420923
24.28001
24.222021
24.321049
24.290531
24.32993
24.20239
23.780294
24.321575
24.272514
0.0
24.348133
24.205074
24.346912
24.395798
24.424156
24.256073
24.286438
24.280594
11.491807
24.308954
24.353573
24.279766
24.04837
24.266397
24.292593
24.279177
24.297068
0.0
24.275555
24.323296
24.300385
24.217274
24.323025
24.187435
24.271723
24.342445
24.326706
24.37732
24.220713
24.232927
24.318886
23.618273
24.27617
24.35394
24.340656
24.334087
24.354498
24.319105
3.348383
24.294712
24.277359
24.023373
24.355455
0.0
0.0
0.0
24.427109
24.310213
24.21236
7.958062
24.350224
24.303165
24.276367
24.338871
24.369595
24.324688
24.27
24.30464
24.435463
24.226742
24.264479
24.216745
24.285835
24.266588
24.39872
24.356201
24.22676
24.259804
24.347477
24.427048
24.27995
24.32586
24.335958
24.25046
24.374931
24.22997
24.298895
24.326519
24.289745
24.27477
0.0
24.297672
24.252644
24.321892
22.922886
24.382391
0.0
24.295187
24.376509
24.306961
0.72720724
24.127396
0.0
0.0
24.332222
24.37711
24.307276
24.408842
24.25483
24.290276
23.204374
24.267427
24.348518
24.321093
24.4003
20.914528
24.231983
24.240896
24.357983
24.379854
24.368717
24.322338
24.06561
10.527475
0.0
23.50361
24.313808
24.43758
24.273333
24.40681
0.0
24.314281
24.330633
24.317772
24.410898
24.359533
24.356243
24.143442
24.350513
24.440464
24.349855
24.394598
24.354614
24.374437
24.327868
18.185009
24.156519
3.499927
24.183361
24.254604
24.345623
24.251747
24.27296
24.322607
24.391872
24.3636
24.255972
24.384546
24.355747
24.270252
24.22787
24.313704
24.259258
24.316416
1.685506
2.9062595
24.28418
24.1194
24.279196
0.0
24.327736
24.269348
24.260015
24.34187
24.312614
24.340979
24.356087
24.34082
24.279736
24.222807
24.309242
24.261559
0.0
24.317833
24.244493
24.31392
24.398579
24.281029
24.412853
24.304844
24.455322
0.0
24.374676
24.290184
24.31814
24.282478
24.283607
24.28632
18.80363
24.178267
0.0
24.254786
24.334229
24.373127
23.823175
24.106182
24.346193
24.25315
24.340616
24.313864
24.316336
24.219723
24.085438
24.20847
24.309452
24.214304
24.186802
24.369526
24.285221
24.272205
24.367584
24.310003
1.8617868
24.218494
0.0
24.236752
24.286045
24.28763
23.900803
8.784839
24.430592
24.312744
0.0
24.30192
1.6177723
24.323458
24.409836
24.27677
5.783278
24.379852
24.30727
24.214678
0.0
24.392658
0.0
24.271769
24.291466
24.271925
17.274406
24.345617
24.246172
24.335114
24.325039
24.322565
24.31479
24.253437
24.190205
24.241951
24.300291
7.1907015
0.0
24.348442
24.375916
0.0
0.0
9.028912
24.10284
18.61155
24.37906
24.388905
24.370373
24.348501
24.064741
24.33421
24.406883
24.239891
24.256714
24.140657
5.5229187
24.328218
0.0
24.36644
7.584791
7.0601363
24.04451
24.32529
24.313057
24.361694
24.314133
24.38604
24.409803
0.0
24.327976
24.24052
0.0
15.431857
0.0
24.270048
24.28511
24.320402
24.244621
24.346872
24.341684
24.30932
24.273115
24.296679
12.098656
15.68938
24.280052
24.355106
24.436977
0.0
24.365196
24.31503
24.321688
24.358042
24.311127
24.279356
24.30486
11.267553
21.61814
3.5392833
24.306864
24.341919
5.7323627
24.160566
24.361816
24.168766
24.302258
0.0
24.33665
1.312335
24.219799
24.308544
24.362633
7.475034
24.12466
24.337563
24.334755
24.327236
24.33814
24.253239
24.327906
24.23207
24.116562
24.28599
24.332153
24.32352
24.356382
24.27462
24.34925
24.24507
24.28872
23.923323
24.283096
23.925703
24.34726
0.0
24.316963
24.314857
16.747746
24.40025
24.216864
0.38294834
12.955704
24.33012
24.314983
15.572073
24.181187
24.310099
0.0
0.0
24.150547
0.0
24.236727
24.177694
24.29847
24.211388
24.315388
24.290245
24.375904
24.44207
24.279602
24.30966
24.332628
24.27151
24.251183
24.307539
24.351189
24.282227
24.305489
23.577057
0.0
24.320757
24.250175
24.337498
24.304558
24.228369
24.24841
24.24163
24.301107
12.669998
24.343124
24.28075
24.282738
24.37484
24.246916
6.623307
24.25157
24.324167
24.22396
24.433956
24.412062
24.324436
24.267242
24.321829
24.254833
24.31047
24.284447
24.347664
0.0
6.785408
0.0
24.225155
24.40527
24.262968
0.0
24.282537
2.6475255
24.185242
24.335926
24.322525
24.332443
24.064186
24.090065
24.216858
24.365595
24.278564
24.231003
22.863647
24.254045
24.23377
24.388872
24.311527
24.207602
24.221045
24.32368
24.378006
24.210709
0.0
24.360147
24.354223
24.266315
24.312483
0.0
24.265005
0.0
24.35107
24.263031
24.439117
24.331017
24.344902
24.314371
24.291142
22.29922
24.277075
24.15767
24.308773
24.2666
24.345776
24.342888
23.636118
24.301884
24.302725
0.0
24.390896
24.277912
24.188078
0.0
24.442741
0.0
24.345135
24.19815
24.36851
19.57265
0.0
0.0
24.329462
24.353611
24.251186
24.28589
24.465199
24.330288
24.304417
24.289738
0.0
24.32947
0.0
23.842281
0.0
24.381018
24.263878
24.230902
24.289906
0.0
24.064445
24.298265
24.211515
24.375633
24.172897
24.415012
24.298397
24.391197
24.37092
24.348248
24.283226
24.176474
24.374825
24.377441
24.19287
24.307842
0.0
8.432604
13.611795
3.0811274
24.307201
24.280125
24.177263
24.30279
24.080763
24.270395
24.311739
24.356264
24.342056
24.228443
24.299438
24.383238
24.383087
24.442972
24.34038
24.3474
24.384659
24.386133
24.22153
24.201889
24.250542
24.145855
24.278816
24.3612
24.16256
24.289112
24.23338
24.231695
24.315535
24.348614
24.344707
24.206184
24.341948
24.272635
24.331594
24.281204
24.326231
24.338634
0.0
24.393253
24.291203
24.242535
24.337193
24.395119
24.23759
24.266571
23.782383
24.084782
24.324295
24.303743
24.367785
0.0
21.58538
24.33147
24.325577
24.246342
24.306437
24.46742
24.312967
0.0
3.1385524
24.365116
24.33068
24.294237
24.342604
0.0
24.206448
24.345863
23.617373
24.26085
24.390472
24.30208
24.374796
24.156702
13.032289
24.33903
24.3388
24.316761
20.887634
24.336664
24.419777
24.303558
24.37069
24.276043
0.0
24.403183
2.1870136
24.394035
24.193117
12.838652
24.368559
24.292093
24.112345
24.3098
24.245213
24.201096
24.290218
24.366665
0.0
24.307762
24.25717
24.465967
24.415382
24.29123
24.291107
24.332924
24.371588
24.244171
24.271908
24.402002
24.257067
24.389591
24.337278
24.315079
24.244625
0.0
0.0
0.0
24.087154
24.337006
0.0
24.323212
0.0
24.34927
24.293137
24.320288
24.292572
24.365883
24.342505
24.269842
24.353304
24.396944
24.321112
24.397943
24.353643
24.39286
24.085773
24.352057
24.263084
2.093826
24.33336
24.233303
24.379932
24.237055
0.0
24.226284
24.354837
5.9450746
24.321728
0.0
24.38895
24.413887
23.747791
0.0
24.28204
24.270226
6.0766373
24.221119
24.250343
24.277208
24.271585
0.0
24.171463
0.0
24.19565
24.392271
24.272154
24.255566
24.265156
24.314413
24.32843
24.299633
0.0
24.165335
24.337511
24.294687
1.261305
24.279354
24.117313
16.175877
23.963976
24.37836
24.36274
24.372816
22.638512
24.195766
24.257946
24.345581
24.370195
24.31796
0.0
24.421642
24.32826
7.4355593
24.357609
24.29
9.671747
24.244396
23.948505
0.0
24.35379
0.0
24.289633
24.326365
24.308697
24.3246
24.311665
24.325214
0.0
0.0
24.360542
24.28228
24.281908
24.342522
24.402054
24.406992
24.323439
0.0
24.353535
6.366802
24.355259
24.300245
24.313679
24.313211
24.154488
24.116703
24.339508
22.223503
24.319466
24.331303
9.09586
24.31379
24.005512
24.337912
11.602233
24.31546
1.8667798
21.517189
0.0
24.269417
1.693921
24.121193
0.0
0.0
24.21931
24.376835
24.335789
24.316576
24.297222
24.336308
10.875815
24.165516
19.327137
24.3275
24.326857
24.267416
24.343105
24.234224
24.320292
24.32863
0.0
24.232176
24.291624
24.290071
24.284035
24.302391
9.668575
24.42668
24.317017
23.267027
24.268602
24.337528
24.334211
24.301296
24.281567
24.229124
24.365337
24.35115
1.3296685
10.658713
24.04875
24.276016
24.364391
24.35989
24.325317
0.0
24.300863
24.3679
24.290167
24.310532
24.360231
24.281979
24.314869
0.045905277
24.370972
24.36503
24.339066
24.296047
3.6574726
24.316616
0.0
24.289587
24.351837
24.304825
0.0
24.296545
24.249496
24.277203
24.318707
24.368097
3.4535966
24.324263
24.312714
24.393053
24.29059
24.406685
24.280003
24.247097
24.38024
24.034761
22.576612
24.322151
24.364796
24.267937
24.257488
24.153688
24.313532
23.884764
24.356867
24.308168
24.312994
24.352688
24.3251
24.402494
24.07687
5.0440683
24.320417
19.166838
24.341637
24.32815
24.236187
24.399948
24.44143
24.39192
24.233746
24.311989
24.245235
24.262756
24.2963
24.33327
24.392042
0.0
24.33557
2.7229977
8.109563
24.383675
22.868113
24.345066
0.0
0.0
24.201866
24.293142
24.34039
21.500751
24.463837
24.274446
24.293785
24.341095
24.383652
24.239765
24.3452
0.0
24.171116
24.283363
24.216656
24.278727
24.271492
24.344654
24.3298
24.414364
24.34333
24.335602
24.353619
24.34617
24.340889
24.315
0.0
24.26577
24.22369
24.335943
24.058834
0.0
0.0
24.414991
24.317177
24.304708
24.32547
24.309402
24.272392
24.373104
24.18317
0.0
24.16475
24.306353
17.468363
0.0
24.339737
0.0
24.21485
4.1870627
24.249832
24.42836
24.282124
24.272533
24.308105
19.416164
24.35963
24.167788
24.15762
24.102308
0.0
24.416039
0.0
24.209793
24.368168
24.007853
24.296532
24.286703
24.331303
24.362286
0.33383742
24.207037
0.0
24.401619
24.355564
24.257204
4.569953
1.78754
0.0
24.15583
24.31776
24.247261
24.331411
20.43646
24.254751
6.362295
0.0
24.249
24.208626
24.296003
24.393661
24.324928
14.120424
24.363535
24.306992
24.330772
24.373926
24.274158
24.314259
24.363716
24.323774
24.310444
24.352245
24.333256
13.846519
24.331696
24.423683
0.0
24.34547
24.360794
24.24239
23.919582
24.106535
24.335249
24.35548
24.247463
24.220568
24.308895
24.34884
24.333393
24.274792
0.0
24.322144
0.0
11.13962
24.283209
24.259293
0.5610525
24.32633
24.23839
0.0
24.26004
24.24104
24.355356
24.293688
17.965494
24.262756
24.335918
0.0
24.352285
24.384003
24.360357
24.004135
24.328701
24.34543
24.334003
24.230625
24.326462
0.0
24.262108
23.855354
0.0
0.0
14.395683
24.246265
24.010878
24.38288
24.304667
24.15969
18.521126
24.34993
24.36065
24.283316
24.26534
24.34708
24.298561
24.359055
24.324234
24.460743
24.275988
24.36783
21.820423
24.250576
23.91268
0.0
24.174023
24.081835
24.306496
24.316036
5.9438686
24.351377
24.309969
24.213036
24.310043
24.335287
24.369997
24.340765
24.391897
24.323952
24.272505
24.215088
24.282179
24.42747
24.386566
24.207747
24.348774
24.345276
24.189312
24.317228
23.702763
24.3175
24.34415
24.402405
24.358883
24.381958
0.0
0.0
24.211243
17.224335
23.813107
24.433245
24.161
0.0
3.889266
21.170252
24.27347
24.271206
24.286238
6.0234833
23.535307
0.0
24.294905
0.0
24.275078
0.0
24.291277
24.328259
24.341373
24.314219
24.34686
15.450529
24.336302
24.318075
24.219173
24.353378
24.347275
24.296284
24.31908
24.41991
10.726482
24.283894
24.396719
24.366669
24.298101
24.081211
24.324837
24.305038
24.290123
24.349901
18.064867
5.5784454
8.964766
23.856804
24.349295
23.671741
24.305126
24.43819
24.28735
24.216614
24.406979
24.308212
24.357666
24.350163
24.239422
24.24801
24.245255
24.340858
24.271545
24.327183
24.30744
24.3592
24.345436
24.238201
24.44546
24.227776
24.287546
24.388863
5.6363697
24.26313
24.129055
24.326912
21.243027
24.249733
0.0
24.28795
24.237625
24.265425
24.333818
24.442924
24.3588
24.425192
11.731933
24.373953
24.238665
23.816757
24.353336
24.325996
24.379032
24.357258
7.2644114
17.501423
24.255676
24.407356
24.311981
24.28333
11.238538
24.3877
22.138254
24.291801
24.30811
24.16565
24.332926
0.0
24.212318
24.161154
24.412064
0.0
22.75946
24.29944
24.397116
24.363039
24.312544
24.30547
24.380503
24.288343
24.330673
24.285221
0.0
24.392418
24.197468
24.38062
24.327408
24.16841
24.348034
24.309904
24.322847
24.308178
24.237812
24.309586
24.295204
24.256607
2.4087
0.0
24.393545
24.37572
24.294607
24.272339
24.36118
15.404339
24.36079
24.4027
24.22627
24.327106
24.306566
9.079302
24.295929
24.287514
24.337715
24.353184
24.30972
0.0
24.308681
0.0
24.501852
24.29655
24.108875
24.32537
24.262163
24.36051
24.309402
24.392174
24.268833
24.19876
24.31137
24.339916
24.311829
24.299377
9.486335
0.0
24.30035
24.352531
24.317696
24.097845
24.358164
13.769533
24.266033
24.313774
24.274809
24.325768
23.245312
24.371342
6.9637585
24.297699
24.328632
24.309904
24.25323
24.251423
24.334385
0.0
24.240074
24.332045
24.277382
0.0
24.32006
24.282063
24.38667
24.351873
24.311474
24.246693
11.918823
24.286568
24.374985
24.330736
24.309519
24.39852
24.275845
24.26983
24.277943
24.411087
24.31562
24.314976
24.274578
24.325666
24.35755
24.312206
23.057598
24.3744
24.453276
23.329628
24.276299
24.34006
24.252201
24.241936
24.280647
24.345127
24.267363
24.47659
18.286089
23.953909
24.227373
24.350273
24.361858
23.639572
9.005487
24.305716
24.386843
24.331959
0.0
24.345955
24.390541
24.24435
24.31763
24.274801
24.16795
24.252455
22.211727
24.308352
24.3736
15.099796
24.356583
24.377079
24.370462
24.279583
24.267721
24.353315
24.266256
24.315872
24.24764
24.20978
0.0
24.335934
24.377012
24.346413
0.0
0.0
0.0
24.461834
24.41555
24.361706
24.285542
24.24265
24.127234
0.0
24.26148
0.0
0.0
24.242596
0.0
24.313477
24.29732
24.256474
24.35085
24.272383
24.322868
24.294086
24.164852
24.286713
24.349783
24.31095
24.323177
24.121513
24.36297
24.243803
24.336693
0.0
24.305695
24.212782
24.182707
24.392143
24.330153
24.34148
24.301853
24.293903
24.182293
24.35455
16.484848
24.392334
24.23801
24.338108
24.42528
24.436945
24.328661
24.326876
24.31372
24.391727
0.0
24.39475
0.0
24.283041
24.349861
24.371881
24.324347
24.197525
24.391663
24.300156
0.6817926
24.327873
13.303115
24.315102
24.374186
24.249998
24.373594
24.346828
24.031898
24.327566
24.380917
24.276243
12.833665
24.358166
24.354778
18.268547
24.338898
24.283276
4.3688745
5.1948676
24.228762
24.31982
24.352816
24.221493
24.331738
0.0
24.362896
24.364216
24.245945
24.319553
24.35996
24.31342
24.323599
23.099995
24.226114
24.487503
19.387863
24.394531
24.37777
24.267826
24.281233
0.0
24.23268
14.480897
24.229914
24.044777
24.223667
24.350412
24.33634
24.338375
24.33084
0.0
24.256088
24.34366
5.9223585
24.40512
20.881144
24.23273
24.334803
24.279877
24.11951
24.306675
24.257223
24.316565
24.316853
24.189547
24.206848
24.198517
24.37512
21.134016
9.395275
24.360168
24.360088
24.289341
24.322784
24.331787
24.50252
24.216719
0.0
24.363981
24.008945
24.340582
24.34065
24.369118
3.8550763
24.324062
24.21452
24.318863
24.318659
24.287838
10.22476
0.0
24.251345
24.312347
14.668006
24.128262
24.348082
0.0
24.24141
24.3144
24.331944
24.258057
24.330688
2.596261
0.0
24.30629
0.0
24.228373
24.295105
24.39821
0.0
24.124636
0.0
24.233477
24.323046
0.0
24.315454
24.378712
24.294588
0.0
24.366013
24.291357
24.35675
21.13371
24.320189
24.270466
24.246714
24.365652
24.33486
0.0
24.301514
24.352488
24.396091
0.0
23.321417
24.397024
24.354797
24.30675
24.366144
5.7424564
0.0
24.364807
24.42131
0.0
24.033432
24.336664
24.16624
24.309162
24.18462
24.350834
24.270233
24.396452
24.389278
24.334146
24.371916
24.316462
24.252722
24.17094
3.778757
24.295141
24.371931
24.260271
24.29919
0.0
20.547977
2.418382
24.230284
24.260372
24.269358
24.344604
0.0
24.329153
24.311954
24.353394
24.338287
24.395878
24.248621
0.0
14.401356
24.258404
24.129326
24.29562
24.279123
24.22602
24.303772
24.112822
2.1425915
24.345695
24.265518
24.202883
24.34501
24.331654
24.382614
0.0
24.344795
24.352453
24.26106
24.264668
24.31227
24.328339
24.343197
24.213587
17.943165
24.35522
24.446999
24.314674
24.404243
24.411379
23.62234
24.304428
0.0
24.28318
8.819457
24.246727
24.279171
24.310783
24.220587
24.363005
24.322664
24.036808
0.0
0.0
24.112022
24.377102
0.0
24.294163
23.664135
24.278728
24.303404
24.216303
24.332987
16.514378
24.34233
13.837073
9.784166
0.0
24.30746
24.30262
24.145905
24.180538
24.210028
24.276163
24.360445
2.1284075
15.595713
24.25201
24.25651
24.273712
24.314217
24.290855
24.2732
24.319479
24.34676
0.7233222
4.9238925
23.865517
0.0
24.291208
0.0
24.232237
24.275114
15.0141945
0.0
23.744795
24.223808
24.334236
24.282158
24.35044
24.30849
24.3389
23.804644
24.29788
24.246056
0.0
8.817444
24.33595
24.315966
24.279528
24.347643
24.2875
24.335361
24.28962
24.32411
24.306183
24.340977
24.230686
24.109932
15.29167
24.38494
24.19347
24.23082
24.314468
24.2437
24.319353
24.137161
24.34402
24.360096
24.250776
23.727247
23.710445
24.287819
24.212757
24.296217
3.622322
24.215984
24.259321
24.335323
11.839725
24.38243
24.327435
24.35418
24.227892
20.13361
24.355299
24.25875
24.307695
24.354815
24.246288
24.048317
24.357256
24.327084
24.35211
0.0
24.279613
1.0988653
24.35718
24.14394
0.0
24.336071
24.332045
24.120049
24.087236
24.345366
23.91931
24.358395
24.351927
0.0
24.34256
24.289364
24.277424
0.0
24.124763
24.327553
23.578114
24.347507
24.166315
24.387402
24.21062
24.207829
24.369787
24.271383
24.34598
24.309874
24.270119
24.29314
24.444859
24.353388
24.259476
24.306763
24.303913
24.359465
24.460754
24.336557
24.26754
24.376722
24.191704
24.308802
24.342003
24.314358
24.355837
23.83366
11.145743
24.328815
24.372185
24.183226
24.334433
24.2248
24.209951
24.316187
24.473318
24.283882
24.30801
24.288591
0.0
24.191511
24.299677
0.0
24.37673
0.0
24.304855
24.360647
24.219543
24.1753
24.330368
24.218355
24.15411
24.3544
24.304752
23.728361
24.244171
0.0
24.303864
16.560669
24.288588
24.318752
24.321838
0.0
24.315086
24.344654
24.20642
24.0732
24.283531
24.370155
24.36114
0.0
24.288248
24.304533
24.31393
24.29546
0.0
24.273077
24.245892
0.0
19.40639
24.280504
0.0
20.04319
24.285398
24.339193
24.34066
24.359476
24.40524
0.0
24.221058
24.288506
24.238712
24.337284
24.292337
3.6375785
0.0
24.164442
24.353357
18.392838
24.330204
24.317997
24.11429
24.411303
24.295317
24.425415
24.185972
24.474995
24.272865
24.314692
0.0
24.210255
24.19519
24.33306
24.351257
24.240396
24.300226
24.269001
24.238255
24.304138
24.363926
24.29445
24.332394
24.408123
24.295359
24.30821
19.4473
24.326836
0.0
24.203346
24.325672
24.359535
24.36383
0.0
24.36942
24.2732
24.43172
24.163618
24.27436
22.003174
24.31853
0.0
24.349909
24.294792
24.32534
24.333717
24.291454
24.21035
3.0326207
24.316038
0.0
24.255661
24.260012
24.345306
24.308249
24.395943
24.293863
24.47173
24.428314
24.32799
24.263306
24.381897
24.276356
24.228018
24.193768
24.414927
24.424938
20.376663
24.338657
23.869007
24.258713
0.0
0.0
0.0
24.300056
24.198719
24.300037
24.38337
24.236895
0.0
24.085396
24.250177
24.333054
24.2916
24.303734
24.32012
24.220943
0.0
24.325138
24.31638
24.331217
24.084238
0.0
24.19993
24.301813
23.81846
24.140158
24.27076
0.0
24.148333
24.308475
24.29131
24.115515
24.338114
0.0
24.39411
4.666971
24.34312
24.273232
24.306171
24.353298
24.162346
24.32929
24.328182
24.297234
24.333574
24.383646
24.114243
24.33968
24.311298
24.349693
23.71688
24.298542
24.237698
24.38001
23.833
0.0
0.0
24.467607
24.334518
24.377048
24.301418
24.406984
24.28792
24.295485
24.261995
24.30317
14.228729
21.400677
24.351078
24.324387
24.385021
23.992767
24.304697
22.418484
24.252539
24.323933
22.803972
0.0
24.295712
24.355383
24.271002
24.394428
15.324991
24.423111
24.370913
24.322605
24.31742
24.398445
24.326187
24.349895
24.350937
24.362305
10.715732
24.454985
3.1630154
24.191214
6.678996
24.322657
23.543102
24.360691
1.3402634
24.361301
0.64429855
24.33598
0.0
24.341362
23.389954
24.283354
1.2523123
24.359516
24.298195
24.261477
24.315704
24.29051
24.32724
24.062355
24.409458
11.7119055
24.27771
24.27924
24.34383
24.372305
24.308918
2.0208616
24.50074
4.9668665
24.353085
24.410782
24.306885
23.184662
24.28827
0.0
24.33212
24.281006
23.99044
24.420197
24.16956
0.0
22.382101
24.33743
24.201916
24.31934
24.32169
24.35078
24.226803
4.325557
24.29249
24.10333
24.348269
24.409447
0.0
24.269634
19.80666
24.285994
24.265276
24.46487
7.3357077
24.351707
24.223358
24.161598
24.104858
24.258907
12.305958
24.321928
24.35636
24.317356
0.0
24.397232
24.229929
24.28153
24.296799
24.369091
11.347391
23.97002
24.281094
24.311176
24.307726
24.369612
24.425802
11.904474
24.336502
24.381077
24.296455
24.309696
0.0
2.1623142
24.439934
8.467024
0.0
0.0
24.292559
24.300732
24.05254
24.143408
24.267757
24.377449
24.400793
24.247139
24.415821
24.054102
24.3944
24.264837
19.090641
24.266962
0.0
24.312292
24.33178
0.0025351364
24.086334
0.0
0.0
0.0
9.9245205
24.29208
24.298918
24.339014
24.273457
24.337349
24.325459
24.319515
24.344574
24.17094
24.27133
24.400986
24.150331
11.939286
24.31286
24.422699
24.13986
20.358765
24.35216
24.252176
24.32202
0.0
24.260597
24.316357
15.22422
24.449467
24.209944
24.005112
22.744148
24.36865
7.685173
24.337864
22.253895
14.495574
0.0
24.192528
24.204784
24.312298
24.181097
23.907799
8.310729
24.363634
24.365776
24.369505
24.31574
24.146143
24.42026
24.39783
24.256573
24.38662
22.617205
24.308865
24.11364
23.840332
24.242636
24.303295
24.262363
24.423193
24.32558
24.302217
24.336006
24.397158
12.241749
24.304482
24.30121
24.255857
10.339687
24.345722
24.155817
0.0
24.262032
24.260666
24.119328
24.302269
24.257023
24.442495
24.284952
24.361454
22.430298
0.0
24.293222
24.335186
24.456863
24.294687
24.280258
24.404816
24.393318
18.326908
24.265945
24.312317
24.359943
24.311384
24.210697
3.2009084
24.340088
24.200117
24.303892
0.0
24.362963
23.164978
24.355295
24.44675
24.302153
24.304327
24.328876
14.118904
24.31393
24.346313
0.0
24.324448
24.364319
24.323221
24.329844
24.34502
24.41239
24.353703
24.386864
24.230042
24.19916
0.0
0.0
14.294039
24.374218
24.325869
24.399973
24.290333
24.28915
19.527163
24.31025
24.209255
15.460169
12.560394
0.0
24.410057
24.238733
24.206009
13.018086
1.4780369
24.3146
24.357067
24.12038
24.426052
24.271788
24.362844
24.260891
24.165913
0.0
24.3247
24.35988
24.182522
22.95565
24.333054
24.368015
24.293564
24.322554
24.29076
24.09962
24.302263
24.320316
24.245575
24.333015
24.23212
24.36839
24.2706
21.505737
24.35734
0.0
24.36729
24.236603
17.148886
24.298618
0.0
24.370195
24.362387
24.01414
24.302774
24.260998
24.289146
24.313578
24.29935
24.294498
0.0
24.287186
24.33931
24.30504
24.364887
24.332739
24.308165
24.313892
24.372326
24.358128
24.340565
24.445185
24.303726
24.345697
24.397667
24.08274
24.352478
24.394108
3.6473703
24.288286
24.317606
0.0
24.249184
24.334206
24.422005
24.448082
24.31163
24.316404
24.361547
24.337109
24.299969
24.308636
24.273499
24.266851
24.35541
24.327623
24.317596
24.328407
24.2515
24.308384
24.279291
24.338848
24.327507
24.257395
24.241606
17.360727
0.0
24.346197
24.337112
24.292482
24.331455
24.379526
23.833954
23.825228
0.0
21.449432
24.277714
24.393002
24.215773
24.416563
16.323336
0.0
24.229153
23.891134
24.373505
24.297064
24.368685
24.297495
24.17291
24.274042
24.366495
24.313461
23.301453
24.248634
0.0
24.39889
24.114943
24.27696
24.254116
24.33001
24.366589
24.4199
24.228569
24.286873
24.369663
24.266542
24.272772
24.401745
2.5703871
24.32133
24.330482
16.967937
24.274277
21.782068
24.348969
24.266647
24.299696
5.954412
24.299932
24.343378
24.368532
24.16988
24.343546
24.243198
24.317413
24.214956
9.785082
0.0
23.376076
0.0
24.316032
24.307741
24.265606
23.692844
24.37492
24.293242
24.293947
24.023087
24.046661
24.324387
24.284492
24.308954
24.297205
24.280363
24.287403
24.296885
24.23264
24.306746
24.105001
24.31609
24.298944
24.320597
24.401487
24.35302
24.44751
24.337196
3.048309
24.32512
23.948818
23.607382
24.271576
24.27319
12.454841
10.099535
0.0
24.297157
24.328157
24.315792
24.253387
24.326088
24.33633
24.339745
24.386942
24.321743
24.366219
23.771755
24.392994
0.0
24.383757
19.600384
0.0
24.027998
0.0
24.176369
24.274124
24.266083
24.309782
9.979194
24.114323
24.09689
24.310034
24.338634
24.249008
24.349869
7.5487776
24.35151
24.415188
24.329071
24.355556
23.80469
24.307575
24.322681
24.336294
24.345612
24.296633
24.35191
20.825575
24.33974
10.741094
24.3696
24.346516
24.29675
24.308224
24.23699
24.355993
0.0
24.344555
18.601135
24.282127
0.0
0.0
24.288132
24.42081
0.0
24.162634
24.21872
24.057594
24.401909
23.906904
24.277147
24.268705
24.315474
24.41121
24.304783
24.367226
6.5873566
24.291582
24.318117
24.272202
24.302639
24.278316
0.0
0.0
24.314114
24.352547
24.281439
24.35032
24.221659
24.312767
0.0
24.342457
24.198664
24.315487
24.313957
24.195576
24.246193
24.426142
24.390482
24.323734
24.360504
0.0
24.222069
24.343573
0.0
0.0
24.332657
24.236399
24.363142
16.029367
24.26102
4.5083923
24.426914
0.0
24.324615
24.326447
24.186602
0.0
24.340979
0.74767745
24.322578
0.0
24.3375
24.199501
24.12968
18.69853
24.360935
24.32027
24.363314
24.39404
24.441732
24.07719
24.268373
24.322212
19.191353
24.187363
23.3916
24.280327
24.352879
17.82845
24.315918
0.0
24.274035
24.279657
24.341532
3.5023005
24.402277
24.309423
21.979559
24.273472
24.311481
24.35579
24.18365
24.232328
24.31485
24.27642
24.306055
24.257963
24.418682
24.288605
24.218863
24.252052
0.0
24.334068
24.28053
24.228634
24.332718
5.9575
24.37373
24.302616
0.0
24.273598
24.40052
7.3216352
24.339235
24.247332
24.348915
13.4842
24.277187
24.403246
0.0
24.371546
24.375053
24.232107
24.271444
24.273153
24.457062
24.2322
24.202879
24.308046
24.309702
24.293217
24.335388
24.38126
24.310518
24.278109
24.288715
24.331724
24.345068
24.284096
24.035212
0.0
24.293081
24.320206
0.0
24.312235
8.340729
24.371712
24.286366
24.316227
0.0
24.34139
24.365347
24.197206
24.340939
24.297375
24.388033
24.076283
24.384235
0.0
24.453873
24.291039
24.390465
13.125777
24.334986
11.803126
23.970072
24.019337
24.352142
24.351694
0.0
24.18897
24.315716
24.07456
24.332712
24.379837
24.072546
24.320065
24.280958
24.25909
24.358784
24.31527
24.358698
0.0
24.399824
24.36667
24.31306
24.103117
24.341887
24.371155
4.645573
14.66802
24.28674
24.283312
7.7934017
24.435116
24.301363
24.34807
24.32079
0.0
0.0
24.34858
24.239023
24.193941
24.147177
24.142529
24.161077
24.320946
24.2447
24.33501
24.322018
24.339039
24.26508
24.276716
24.33336
24.098484
23.975643
18.329971
3.1539013
24.43615
24.246912
7.3879814
24.318802
24.321638
24.303078
24.221855
24.325064
0.0
24.28916
24.22456
24.338371
24.237638
24.3473
24.279478
24.327618
24.38335
0.0
24.278717
24.248758
24.271112
24.317604
24.30379
24.371931
24.196331
24.354137
0.0
23.993309
24.401531
3.3588207
0.0
24.155903
24.320276
24.339705
24.19809
24.37581
24.33337
24.275745
24.327717
24.37466
24.270956
20.592714
24.363356
24.29096
24.43215
24.358242
0.0
24.248077
0.0
24.324734
24.30341
24.29014
0.0
24.278698
24.309381
24.326092
20.41409
5.3659515
24.367603
0.0
24.373747
23.94719
24.293625
0.0
24.376316
24.202559
24.286228
6.162243
23.870996
24.338142
24.284163
24.139854
24.350056
24.28054
24.313993
24.17466
24.377619
24.159332
24.317856
24.262688
24.265514
24.32779
23.943338
24.264473
14.1051235
24.31218
24.307043
24.272058
24.373354
24.34048
24.279104
24.321075
24.324694
24.343815
24.429996
24.19117
24.34692
24.310106
24.321388
0.0
1.4515238
24.43547
24.269894
0.0
24.323652
24.263918
24.265533
24.44952
24.313522
24.250866
0.0
24.199715
24.389118
23.97253
24.232666
20.844698
24.340206
0.0
24.295076
24.355133
24.343258
24.368298
0.0
24.371048
24.303661
0.0
24.365341
24.391232
0.04938809
24.357315
24.381567
12.629226
24.237917
24.340303
24.168228
0.0
21.82496
24.280584
24.160583
24.325214
24.253815
0.0
24.32249
7.683338
24.286694
24.341896
0.0
24.129105
0.0
24.24983
1.7153996
24.005924
24.361977
24.351038
2.186795
23.905334
18.865643
24.16516
24.206026
24.265646
24.261356
0.0
24.275738
24.261505
24.32497
23.969812
24.412016
24.350994
24.292442
0.0
0.0
24.334774
3.0188072
24.335632
24.29446
24.408575
24.384289
24.44673
24.337025
24.402304
24.27383
24.35333
24.330145
24.28022
24.312237
0.0
24.246693
0.0
0.0
24.3593
24.439293
24.447445
24.035755
8.980198
24.39816
24.27191
0.8262807
24.319237
20.838478
24.31031
2.0340698
24.000858
24.130503
24.359177
24.043158
24.25209
24.37704
24.388075
24.284428
24.28828
24.247673
24.266602
14.287866
24.32807
24.362984
21.52356
24.418053
24.334377
24.1195
24.368921
0.0
22.907417
24.313152
7.3629427
24.303486
24.158224
10.148017
24.278328
24.3507
24.272774
13.887438
24.33574
24.230167
24.154434
24.315388
24.16288
24.236086
24.017807
24.382235
24.288715
24.30814
24.38013
24.315395
20.869583
24.404606
24.383919
24.3791
24.40564
24.34336
24.301449
18.705044
24.387033
24.330162
0.0
10.179759
24.088861
24.28281
24.380806
13.800985
24.31595
24.280407
24.115276
24.360569
24.06285
6.1757717
24.357687
24.24592
24.29742
24.235863
24.325932
23.918983
19.385727
24.29709
24.352173
24.3955
22.460602
0.0
24.274456
24.338741
24.33954
24.291103
24.216103
24.375242
24.414406
24.290041
0.0
24.374737
24.371859
24.29063
24.310486
14.230923
0.0
23.248005
24.306152
24.286938
24.146194
24.328419
24.361723
24.26141
23.916336
23.345846
24.234003
24.368671
24.284058
24.2537
24.388184
24.326649
22.923958
24.002254
24.324461
24.374857
24.259834
10.477458
0.0
6.395383
24.247242
24.417137
24.27826
24.367693
10.458625
24.224571
12.539192
24.065256
24.260931
24.288973
24.28208
24.3057
24.279827
0.0
24.08799
24.279095
23.293612
24.339415
24.400747
24.42179
24.314936
24.306225
0.0
22.151978
24.279186
24.290028
24.250576
24.37624
24.32581
24.139606
24.334366
24.231804
24.259785
24.31172
24.270594
24.307621
24.271545
24.361132
24.250338
0.0
24.27132
24.313221
24.263615
9.598341
24.240088
13.220081
24.081472
0.0
24.367893
24.369291
24.226171
24.41085
24.323763
24.289314
24.254547
24.359837
24.352253
3.647274
24.228043
24.398361
24.264349
23.672344
24.370378
15.698024
24.271189
24.302113
24.294434
24.284073
16.579424
21.983742
24.244957
24.316175
23.967041
24.162693
24.283504
24.21454
24.215366
24.31601
24.243605
24.290714
24.293736
24.339064
24.331219
24.420485
24.329514
24.227236
24.266298
24.194517
24.373201
24.259043
24.392021
24.384192
24.262741
24.310833
24.287422
24.352127
24.440678
0.0
24.34756
24.328156
24.27451
24.320715
24.28234
0.0
7.4344254
24.22612
4.735839
24.192753
20.675611
0.0
24.405088
12.093914
24.252817
24.274216
24.287949
3.1056247
24.162235
24.362913
24.334743
0.0
24.368021
14.670465
24.266617
24.318012
18.553019
0.0
0.0
24.29631
24.350307
2.2587914
24.348572
24.309069
24.35014
24.259922
18.231163
24.389791
24.318707
11.503757
24.343567
24.155453
24.270712
24.385693
24.314817
24.383904
24.330326
24.348146
24.347885
24.313793
17.65278
24.238873
24.310959
21.834335
24.276937
0.0
24.31963
24.330982
0.0
24.341534
24.192425
24.306192
7.084918
24.346426
24.269104
24.310976
24.2832
0.0
24.416025
5.0188293
24.297985
24.129314
23.818829
24.371683
24.361813
24.281593
24.3374
24.13451
0.0
0.0
24.317486
24.18288
24.183075
24.443903
24.358906
24.3017
24.248524
24.306656
24.398708
24.357635
24.366215
24.43761
24.293495
24.363409
24.185047
24.322645
24.34146
24.32965
24.22656
24.287071
24.315903
24.124966
0.0
24.332191
24.373869
24.330353
24.32117
21.493366
24.3644
24.271536
24.338137
24.316124
24.294788
0.0
24.381046
23.927158
24.322165
24.409472
24.375118
0.0
0.0
20.961414
24.323986
24.29148
24.288994
0.0
0.0
24.369358
24.323967
23.878202
24.345192
24.20337
24.214668
24.34832
24.389446
24.40466
24.284634
23.90027
24.300575
0.57592034
24.442862
24.119967
24.21563
24.395664
24.350185
24.31599
24.295092
24.292599
24.180504
10.749035
24.294212
15.652915
24.44548
24.453144
24.385002
0.0
24.441505
24.26282
14.782234
24.360203
24.336882
24.306082
24.272938
24.32029
18.66932
24.320904
24.301216
24.33462
24.066933
24.394184
24.28718
24.315817
23.898067
24.202778
24.341711
24.176908
24.33417
24.253633
24.285612
24.21041
9.607296
24.376366
24.361183
24.282084
0.0
0.0
24.327286
24.281422
24.269327
0.0
6.1348743
24.323828
24.358263
24.309689
24.264921
24.340546
8.8753395
24.259056
24.229988
24.362751
24.4379
24.343506
16.746088
22.13145
24.32588
23.897408
24.2407
24.11221
24.348345
24.320122
24.115234
24.255692
24.25549
24.358967
24.25222
24.239147
24.200577
24.375423
22.899767
24.2972
3.2950473
24.350136
24.34386
24.284424
24.242935
24.279314
0.0
24.297215
24.310665
24.308136
6.1318855
24.314907
24.329453
24.18282
0.0
24.200228
0.0
24.17337
0.0
24.346804
24.346046
2.9274378
12.470421
24.37621
24.358402
14.916993
0.0
24.246948
24.276009
24.395672
12.67741
24.330492
24.286839
24.403748
0.0
0.0
24.331215
24.183071
24.402973
0.39184156
24.194284
24.27347
0.0
24.30703
24.320017
24.364517
24.186924
24.312038
4.958628
13.497
24.258308
24.300455
24.422192
24.334972
24.19827
0.0
24.361599
24.293095
24.402712
0.0
24.350836
24.29075
24.207794
0.0
13.097526
24.376026
24.364084
24.286816
24.161747
24.372433
24.33979
24.283627
24.39567
0.0
20.796257
24.256792
24.303831
24.316671
24.312618
24.350447
24.366383
24.10505
24.227638
24.3054
24.299192
24.391361
24.173212
24.442236
24.299631
24.328047
24.288357
24.32731
24.340353
24.333843
24.335075
24.074196
24.375824
24.358433
24.328354
24.325188
24.287315
24.273144
24.430573
24.423061
24.302265
0.0
24.260078
24.359394
17.588404
24.39572
24.38239
24.213224
24.370728
24.282272
24.224915
24.257414
15.673739
24.319164
24.335827
24.11523
24.357954
23.883968
24.141403
24.372185
24.350458
24.352198
24.248842
24.42104
24.278864
24.279251
2.3793535
24.347488
24.25728
0.0
24.289213
24.095333
24.274931
0.0
24.138176
24.342922
24.23253
24.1862
22.8589
24.281216
24.376408
24.031794
0.0
0.0
24.189613
24.33662
7.551545
24.344584
24.30616
24.338535
23.610218
24.284016
24.341923
24.35518
24.26702
24.327795
24.21207
24.39821
24.096292
24.327915
24.3334
24.282501
24.208569
6.385124
24.343527
21.963606
24.305285
24.322104
24.292576
24.370356
24.300316
24.048218
24.337292
24.295082
24.345419
0.0
24.33343
24.194622
24.324553
4.143082
3.1952481
24.226055
17.91458
0.0
24.293587
24.223759
24.228783
24.147673
24.393272
24.099148
24.25407
24.372135
24.322721
22.919754
24.321545
24.32838
24.289665
24.180805
0.0
24.275982
24.165955
24.299007
24.387012
24.325481
24.414114
24.361507
24.239079
0.0
24.324781
24.24595
24.200342
24.321064
24.219933
24.31316
24.412233
24.378359
24.268131
0.0
24.32455
24.311401
0.0
0.0
12.762783
24.276188
24.342428
24.311043
0.0
24.37757
24.307903
24.332855
24.34945
24.356035
0.0
24.299715
24.354727
22.643375
24.294159
0.0
24.356491
24.250359
24.365921
24.379435
24.301525
24.305824
24.34961
0.0
0.0
24.122475
2.0572417
24.26464
24.31187
24.218805
24.324232
24.347935
24.18263
0.0
24.328922
24.336922
24.228031
24.290565
24.260485
24.276941
24.345245
24.336178
0.0
24.363422
2.7061355
24.374767
1.0713689
24.235203
24.358234
24.299778
24.307415
24.330122
6.375784
24.269224
24.274498
0.0
24.358475
24.243233
24.266907
7.7506876
24.287296
24.309044
24.007658
24.131952
24.273426
23.699348
23.972897
24.3833
0.0
11.847475
0.0
24.2677
24.410345
24.203804
24.227327
24.427914
24.410267
24.277668
24.33671
24.269932
24.014034
0.0
24.25879
24.29906
24.264193
16.74683
0.0
24.320805
24.3559
24.287102
5.570054
13.7081
24.283728
24.325726
24.345116
24.34401
3.8524818
0.0
24.422335
24.268276
24.344353
24.338306
23.928318
24.285255
24.323647
24.116486
24.312128
24.313736
3.149175
24.365473
21.084208
24.367365
24.331081
0.0
24.333696
23.476383
24.254307
24.296328
24.335827
24.301403
10.445483
23.86184
24.348522
24.161337
0.0
24.166355
24.320812
24.253471
24.266254
24.396536
24.232876
24.311989
24.27512
24.368406
24.34067
24.194008
24.34232
24.313564
24.351183
24.350697
0.0
20.557362
15.145481
24.270096
24.284428
24.249928
24.325363
24.292496
0.0
21.791105
24.349503
24.366016
24.35439
24.381878
24.271885
24.365427
2.1307669
24.38348
24.444523
24.342396
24.33351
24.317455
5.340583
24.306778
24.323683
3.4146328
24.355862
24.447483
22.012117
16.311047
24.296337
24.237307
18.581226
24.367657
24.333364
0.0
24.268955
24.350574
24.26905
22.380957
24.337637
5.645509
24.378248
24.255453
24.208286
24.293362
24.33473
24.314825
23.654095
24.482708
22.792051
0.8277951
24.365995
0.0
24.22469
0.0
24.326668
22.736988
24.378624
24.406797
24.314701
24.244156
24.348648
24.26384
24.148144
24.397259
24.17485
24.441006
0.0
24.300365
24.212147
24.252962
20.188969
0.0
24.333858
24.311455
24.311113
24.365402
24.291792
24.291603
24.348743
24.361252
24.281384
24.15473
23.896244
17.276121
24.33564
24.35173
24.317932
24.42544
24.338293
24.364038
24.442665
23.758924
24.30995
0.0
24.424067
24.010448
24.267574
24.39685
24.300385
24.3297
24.280273
7.523931
24.437614
0.0
24.034931
24.028843
0.0
24.33392
24.183083
16.009499
24.295977
20.265577
24.356533
24.320152
24.236153
24.355452
24.325184
24.372131
0.0
24.320606
16.150288
0.0
24.29484
24.267714
24.301336
24.227264
24.474886
24.33451
16.106817
24.320595
24.341124
5.52678
24.1785
24.276875
24.199787
24.27786
24.331287
24.388882
24.261328
23.46877
24.22894
24.334808
24.181082
24.282894
24.291157
24.398949
24.37238
24.340141
24.2995
24.35836
24.368925
24.284721
24.333029
24.310736
24.273035
24.30662
24.263365
24.311344
24.300846
24.322653
24.262848
24.420607
24.311062
0.0
24.3777
24.288567
24.315308
24.208628
0.0
0.0
24.37497
24.430813
24.33971
0.0
24.241894
24.287949
24.290113
24.27798
0.0
24.354856
24.392904
24.316528
24.310165
24.25652
19.579296
24.300783
24.44659
24.276386
24.387842
24.29827
24.199476
24.273457
24.228025
24.324276
24.329287
24.303501
24.041664
24.193336
24.220333
0.7030687
24.345976
24.30888
24.170631
24.30922
22.962318
24.32306
24.240534
24.367718
0.0
0.0
24.321531
24.207087
24.427147
24.346035
24.305998
24.316347
24.299042
24.25225
24.329079
24.304674
24.27454
24.305195
24.455692
24.302195
0.0
24.238798
21.657919
24.276064
24.314854
24.264545
24.16058
24.271599
24.281824
24.360981
24.305195
0.0
24.343199
24.069017
24.418602
24.310066
24.252436
7.993886
24.234682
24.246298
23.33881
24.347225
24.356642
24.369102
23.00804
23.944176
24.323633
24.22573
24.261353
24.2677
24.373081
24.381014
24.348461
24.350792
24.340902
24.331003
24.290848
24.231651
24.152296
24.335201
24.341032
24.332308
24.365345
24.293802
24.31328
24.2784
24.350943
14.126154
24.21568
24.337135
0.0
22.608492
24.290705
5.9672623
24.309063
24.303457
24.30803
12.546711
24.333157
24.14561
24.329136
24.153582
24.380056
24.296244
24.358072
24.343922
24.295135
24.23272
24.255003
9.022545
24.281235
20.110838
24.152618
0.0
24.362772
24.371033
0.0
24.36306
24.393726
24.322004
24.346764
24.367825
24.301098
24.354288
24.339533
24.365757
24.34281
24.277544
24.342514
24.287384
24.391098
24.271664
24.245272
24.34811
24.343506
24.325
24.351473
24.364672
0.0
24.330801
24.280745
24.340946
24.424297
0.0
24.3242
24.288864
24.362648
24.14508
23.615202
24.137613
24.356184
24.304148
24.188915
24.238834
0.0
23.959734
24.353579
24.3365
24.364933
24.345703
24.33617
24.403852
0.0
0.0
24.24275
24.32514
24.396978
24.283028
24.098682
0.0
24.404793
20.60045
24.318285
