827.08203
804.5713
826.8938
0.0
814.9673
826.50336
827.9895
168.41913
0.0
826.98303
827.5736
828.9226
345.9995
827.00793
823.76355
800.0053
828.8146
825.9519
828.4002
430.91077
829.0262
828.3772
0.0
828.53357
802.18945
813.6793
24.773369
828.2853
826.7273
698.1128
825.4569
748.52075
768.9595
256.88623
828.02246
829.2633
12.326677
277.7592
0.0
828.40564
828.8688
827.00525
790.2759
390.39114
430.45343
1.4789319
828.8108
827.8573
827.7888
827.68726
732.5628
812.6758
826.6383
825.5436
779.83484
826.2422
828.75525
827.63245
827.99805
828.72986
822.2081
827.92896
825.98987
825.9684
828.3655
826.9788
805.16986
829.1987
827.8475
794.40753
827.69836
695.17
0.0
240.81409
0.0
828.98047
0.0
827.6969
741.4547
828.5872
827.18585
0.0
46.27957
828.8987
826.7002
827.7698
0.0
0.0
828.11804
0.0
743.7989
826.86633
829.0836
822.6926
828.64124
670.2517
818.23145
827.1312
828.51776
0.0
827.6919
0.0
825.4917
805.7679
827.43414
780.86285
829.2157
830.473
667.76306
825.0719
828.78467
250.45818
826.9855
578.64734
813.8811
829.2733
828.14264
340.13666
828.456
0.0
826.978
417.43872
48.39322
170.36546
0.0
827.2218
826.70624
820.7958
0.0
820.86426
584.6836
0.0
280.37427
827.65063
828.745
827.8749
706.27454
828.0856
827.49866
826.7373
826.8914
825.9665
828.9719
826.10187
821.1713
828.0569
4.375951
829.2239
830.84357
0.0
827.3373
828.0156
425.97784
828.2604
829.93176
0.0
827.5675
649.08746
827.59375
829.61584
828.716
828.61316
827.01404
0.0
827.9449
828.9691
830.57275
754.145
386.56534
828.5891
827.8628
739.9137
826.69885
829.13477
828.7141
666.26746
820.55804
826.03973
31.136486
829.84576
827.40906
826.8081
814.0727
314.13593
828.3965
829.71826
104.93278
88.563705
828.52795
826.2582
0.0
0.0
813.5469
828.75824
828.21075
560.75934
791.91003
816.8999
778.3544
828.1555
829.5729
825.89453
384.25385
0.0
827.7792
822.3947
0.0
827.87445
393.69092
828.46216
827.28735
42.298534
828.36365
0.0
0.0
829.80865
829.18787
827.71796
828.1393
299.9869
829.0066
0.0
828.62805
826.38165
828.3436
825.8536
0.0
0.0
421.71472
827.5138
828.7589
826.41785
828.40063
828.27527
826.7964
828.6658
0.0
0.0
0.0
101.49899
828.33875
830.6191
827.48425
0.0
774.52716
828.83624
826.2854
427.54193
828.62463
0.0
13.513057
828.73145
827.2672
819.18414
387.37363
829.00574
0.0
828.73596
828.39703
168.83229
826.954
828.45544
0.0
828.9944
827.7294
826.0602
371.55118
611.68604
828.50543
825.8477
829.4687
826.41113
827.90564
602.0298
828.5604
829.89294
20.230392
829.9022
826.793
828.4127
827.447
14.583464
0.0
829.03015
819.9041
827.69714
827.7583
0.0
828.3545
0.0
0.0
584.0417
826.6471
774.6345
827.8322
788.95105
0.0
827.1493
826.29987
827.7313
826.8191
204.53857
828.9226
827.24365
828.2313
827.2508
827.6058
265.18982
825.67126
827.75854
308.50732
826.41174
829.1364
735.5631
505.1463
828.0818
829.58844
829.6741
0.0
827.71313
827.3817
754.7617
829.3966
828.1605
827.15753
4.0873885
827.43866
0.0
827.02637
421.89297
0.0
826.4888
830.1803
0.0
119.57468
420.37744
823.908
826.18646
825.6378
656.2663
186.36594
828.94446
828.4559
828.38916
828.1177
829.5792
382.29596
828.2313
826.0892
769.2728
0.0
479.26886
773.58374
0.0
0.0
827.64734
828.5367
0.0
10.837221
609.9376
828.8999
808.0719
378.84406
828.7828
827.77185
827.7805
828.07837
12.23059
827.8168
827.79364
828.53625
828.6709
828.01794
0.0
826.912
828.4745
822.2854
828.7539
806.0692
829.5985
829.56964
0.0
826.04736
827.96533
828.7398
828.5775
829.29285
828.0974
825.1847
633.3406
827.47473
825.80286
828.169
230.22153
54.90941
827.77
826.3977
72.77975
827.6819
0.0
0.0
827.6001
827.38904
828.6211
828.8937
0.0
798.8848
800.1457
829.3888
818.55115
828.4037
829.0593
827.90845
0.0
828.5707
807.02264
693.7984
827.54254
297.78625
211.62988
0.0
0.0
828.9294
0.0
829.1847
828.5499
826.24634
826.9741
0.0
824.12585
824.93823
820.6886
0.0
50.127743
827.6974
0.0
829.7932
0.0
828.3967
827.9244
828.3497
475.93726
123.98414
829.1051
301.9015
698.82153
814.3221
0.0
159.56894
827.80396
828.9705
828.781
828.2985
827.95416
825.9276
718.6145
784.49664
824.2016
765.44055
0.0
550.3305
828.9474
572.6511
822.2419
547.4648
36.555702
793.1808
688.9305
827.8815
828.7599
828.87415
829.099
829.55743
826.82007
45.421658
826.4702
751.537
826.8637
0.0
817.20074
802.6925
786.51373
824.86816
829.22485
826.8602
827.96765
342.77863
0.0
827.1301
769.50165
827.2656
459.75967
826.3042
825.9435
821.4905
828.85004
0.0
292.48044
297.04752
829.6687
819.18567
781.9689
829.37756
828.91235
0.0
814.3401
828.8655
122.893005
746.0617
503.38098
717.88416
768.7556
149.63835
829.0797
828.3803
327.20667
826.4504
0.0
826.35657
828.36725
0.0
35.33226
826.72485
0.0
827.9661
827.4079
827.92676
828.64233
829.3887
808.34705
11.590475
828.1317
467.83865
827.72815
452.7799
826.8474
0.0
0.0
109.900345
826.9421
827.84143
35.1648
424.9646
829.38293
829.02893
802.8918
829.97723
828.7327
510.81885
828.80347
437.35626
828.66724
0.0
830.71497
696.44885
827.9993
784.2932
210.03574
827.2004
828.6046
0.0
827.9659
829.732
21.711895
829.6525
826.1034
0.0
827.54913
0.0
827.8391
280.8828
419.4225
802.7667
829.03546
822.5371
829.1965
828.1531
825.4103
222.71977
828.1782
821.5853
526.6997
829.23486
708.1584
411.49072
827.4094
827.8362
827.8081
398.99423
111.32742
828.7932
120.714134
0.0
827.6777
456.5255
828.53076
454.7947
827.92126
827.54193
827.9075
0.0
830.2152
113.50729
827.89655
827.25574
234.39392
822.3833
827.3168
825.5675
637.2384
0.0
829.5396
782.7815
0.0
828.1577
0.0
827.1461
658.01666
634.18085
22.398933
829.64197
828.56537
829.1062
828.4112
827.42944
824.04126
296.14447
814.3152
829.0804
288.36453
768.14844
821.8558
828.46014
0.0
824.9984
799.95605
0.0
0.0
827.7003
473.5031
827.24243
51.48884
827.51624
701.2642
285.486
604.5064
827.5862
827.6841
829.08484
0.27991366
0.0
96.056305
0.0
803.4471
828.3177
408.68457
787.0995
828.947
827.7085
651.95496
828.9131
828.36176
232.96179
0.0
828.40875
828.4939
133.24193
829.553
829.42456
209.6449
825.53625
0.0
828.0532
0.0
825.08496
820.90454
153.27731
187.826
756.5959
828.3968
827.5738
830.2356
21.249367
828.9396
820.6743
828.44275
829.0615
0.0
827.13806
502.4515
822.9297
827.90497
827.5565
829.09894
633.7251
61.077377
824.4807
827.63947
0.0
338.85187
815.9024
568.6988
0.0
456.2018
0.0
566.9885
828.35034
829.98474
826.0071
827.7363
820.7549
828.0154
830.3335
828.5692
826.4497
0.0
825.6198
828.8776
826.0025
180.13577
444.43353
828.3764
825.996
689.1953
825.98267
827.84515
0.0
828.3506
828.78546
825.7743
828.5597
829.18005
0.0
778.9779
828.46204
331.143
812.42883
15.687746
0.0
825.5334
830.6699
656.91956
829.8833
111.974205
807.77795
119.85762
828.40186
828.3031
827.1127
828.7801
824.6117
828.52484
826.79285
828.44226
49.59526
268.39157
826.06824
828.67346
827.108
827.9984
827.35
828.46094
826.11725
825.5368
825.27795
769.4774
829.0441
0.0
828.547
823.3508
826.76154
0.0
828.4585
0.0
827.86896
0.0
828.848
827.4987
829.1763
829.10736
722.7227
178.02742
827.4516
686.83844
830.7683
826.976
366.20544
430.51614
827.7949
827.47217
806.0289
648.01416
828.62537
826.6265
0.0
828.45233
828.51
758.1492
828.8047
237.17792
827.96094
826.9142
60.263096
0.0
830.4983
36.572174
828.73083
817.9832
0.0
534.4199
825.5925
0.0
403.80975
431.6947
827.8578
0.0
826.60077
828.9198
827.376
821.50525
828.5849
824.9392
830.69653
0.0
827.8102
0.0
828.1581
828.3443
828.3868
825.9791
827.6022
55.08235
624.3418
827.21136
826.2386
790.10706
827.72296
332.31818
48.783012
764.1136
827.2731
828.50214
0.0
794.4689
826.864
828.0967
825.7853
224.10593
827.1245
0.0
828.76434
829.049
171.96826
787.55774
824.70807
825.69073
0.0
827.1953
826.88794
828.4739
146.97855
826.5177
826.2778
827.2594
0.0
0.0
0.0
828.3687
829.14404
0.0
827.57214
822.0619
0.0
829.18536
0.0
826.8122
0.0
829.0298
827.4668
402.70816
819.00574
0.0
424.66885
21.671953
828.3347
828.6195
827.9202
829.1937
821.02356
829.864
828.8772
827.9939
0.0
0.0
828.3889
449.5571
310.4315
828.9518
0.0
354.46008
0.0
830.65845
829.34033
825.35486
827.95654
827.2969
675.6471
827.23694
661.06537
829.22424
0.0
0.0
827.8343
827.3053
745.6204
828.9347
828.3545
821.9415
776.9835
827.7544
721.4978
0.0
0.0
828.17773
828.16797
829.7013
828.3369
829.3453
828.2645
829.2466
830.3489
0.0
576.7813
829.13135
829.46814
672.8283
828.30536
828.34033
824.8063
825.9802
826.9667
827.69434
827.6719
23.50027
9.827068
829.75867
219.32199
229.49281
819.56665
828.9968
822.0935
827.71985
828.91797
0.0
827.17926
827.6428
826.74036
828.02673
819.38934
826.9487
451.38272
325.46875
827.02966
825.46356
824.79126
0.0
0.0
828.24304
820.006
826.0197
65.31649
754.5073
825.532
829.63214
827.4839
827.4447
828.55505
828.19257
828.2835
0.0
828.00476
0.0
827.4481
827.0828
0.0
827.95764
316.87946
828.9807
828.7325
827.51227
803.82837
350.5477
827.9924
400.6019
815.30994
742.55005
476.50458
646.8752
29.596441
0.0
0.0
696.278
316.02655
242.58942
827.69434
0.0
827.7689
0.0
0.0
827.68
826.7273
826.9995
829.9415
826.7958
0.0
827.9839
826.6434
711.81165
829.1615
828.74426
828.5471
576.8148
828.49
0.0
827.76794
827.953
718.31055
830.6839
0.0
826.947
824.1741
317.02942
828.6118
48.51629
828.78625
0.0
824.4008
253.27533
151.32004
435.27106
827.6183
805.6037
100.365845
0.0
826.5265
829.7969
542.77435
827.90967
830.77637
0.0
829.2681
827.17676
0.0
828.49634
190.98837
623.96735
829.1737
829.4525
0.0
0.0
827.83997
829.202
0.0
829.7848
826.36285
828.0243
827.2998
827.88293
828.34155
827.7833
826.9061
829.8552
104.29712
829.18225
0.0
0.0
830.59106
823.6034
768.9048
828.67444
0.0
826.31946
827.3666
827.8122
826.2394
0.0
825.45654
826.3921
0.0
828.06824
457.07092
827.82776
810.1782
0.0
104.91475
822.8499
819.30286
827.69995
103.14129
828.8546
829.69867
829.20056
827.93555
236.09427
692.19824
827.7178
826.3377
827.36035
827.98206
828.9507
828.2693
828.3163
827.6672
0.0
828.9972
0.0
407.80612
616.18604
828.1248
301.78006
568.62274
828.52313
824.69617
827.2013
227.61368
828.536
766.7385
465.16144
558.92847
783.68896
737.44464
0.0
828.0918
827.36816
825.05505
435.90094
826.71265
829.6749
830.61694
0.0
165.34465
826.4977
234.61238
625.69495
828.34314
784.3709
826.76807
325.2974
829.40234
0.0
819.34174
70.844666
827.07947
826.6913
828.1908
828.8595
821.99426
827.6631
14.468945
0.0
829.3944
783.15704
117.831696
0.0
826.9508
0.0
827.4541
828.49915
826.43066
828.1248
823.81805
829.53455
0.0
824.63275
828.74146
827.4951
315.68808
0.0
361.82733
27.720028
829.8002
89.320145
829.13916
119.11067
783.91504
825.8087
827.9152
826.23694
826.5749
0.0
460.38306
172.64673
824.2915
497.6568
78.12756
828.75995
827.96246
353.8895
460.6292
0.0
828.61456
827.75916
828.81476
791.3354
624.307
0.0
828.3502
726.2165
828.89417
829.95935
0.0
709.54425
0.0
0.0
825.7218
237.31064
587.6406
829.8624
130.10487
828.5882
0.0
828.1261
455.52994
828.7345
821.09595
485.92587
240.56339
828.0424
828.6482
529.61414
790.27185
818.9269
825.15015
825.20557
826.94604
561.6003
828.6508
828.1487
630.1607
826.79517
733.0494
0.0
827.961
828.9847
823.4442
829.67145
827.9694
827.959
755.6674
824.0206
820.93274
231.24747
322.37485
0.0
725.6489
0.0
177.71484
211.86404
828.61743
25.252415
44.57888
223.63293
828.9883
0.0
66.20853
827.4551
817.7752
830.367
64.79915
830.1742
657.9645
824.26636
829.30164
830.3623
792.41724
800.76624
828.0061
829.5208
823.7019
810.9916
826.5255
757.2005
823.0037
827.47003
813.4155
828.7755
828.4851
828.455
829.5602
820.9451
828.9715
582.2466
0.0
606.9518
826.17395
0.0
328.2353
825.5207
826.0856
827.6565
828.40356
821.0481
826.521
827.5209
828.6504
828.5038
827.50745
0.0
0.0
828.35486
0.0
752.6988
828.82886
826.64404
826.452
728.2431
828.6109
826.735
828.0178
826.8966
334.05176
828.8263
827.1188
827.71497
828.2483
571.8148
609.8136
824.542
829.1002
828.4774
828.68787
827.6372
434.65482
504.00305
0.0
827.0835
0.0
693.21985
828.78796
827.12976
826.82007
828.2515
828.2876
826.51074
789.93463
685.8336
742.7626
233.33682
828.99146
825.90344
828.4816
828.49304
827.4277
25.06136
829.4453
821.2302
818.67017
828.84186
828.809
829.0776
828.4885
827.296
212.76062
331.96066
827.7203
827.47144
248.64107
828.93036
264.88995
0.0
662.59033
829.2772
812.1006
820.32477
828.2425
0.0
826.3429
828.61725
826.7251
827.4414
827.86835
829.1918
193.53885
807.078
282.85767
178.80057
770.09454
828.19324
823.66394
828.29895
827.41394
828.3053
826.3596
826.73157
827.46765
829.5091
0.0
827.8884
337.78107
829.67957
671.0488
0.0
118.51495
553.6062
828.70416
828.6205
828.4178
0.0
800.1666
826.9366
100.863525
827.3395
826.78156
637.39594
548.07477
823.5811
301.4162
826.75183
0.0
828.0237
827.6056
829.2503
302.78616
828.5405
785.9408
827.2165
59.2087
828.7533
823.9989
806.924
828.38776
831.03955
828.41455
0.0
828.0533
237.3237
827.0442
829.57355
828.6532
825.51984
277.80417
827.6385
826.57166
804.9509
0.0
826.2628
827.2666
829.63635
0.0
828.1959
827.55457
827.8081
825.4826
828.59875
829.0175
828.766
0.0
0.0
827.8472
424.20758
821.8638
708.9164
637.39484
828.5923
821.9695
0.0
455.82153
827.7522
771.7079
572.83887
828.01135
408.40408
829.8093
828.06396
665.2555
829.84106
829.4885
828.0991
826.3103
830.7844
817.46155
0.0
830.6944
823.5402
827.74854
828.31995
802.2305
606.2538
826.93585
823.7634
829.087
828.2262
0.0
829.88
828.85205
828.0639
829.21045
827.6068
819.1344
829.6299
828.23706
23.055962
0.0
829.3119
827.1083
829.76465
828.24567
826.3824
816.42126
53.41657
829.3876
826.9407
828.22595
485.9092
645.5979
827.0564
332.65186
359.4664
22.800009
436.06793
819.9761
828.00653
818.3102
827.5055
624.86395
0.0
826.63214
614.0368
138.95538
0.0
10.029999
828.4315
0.0
827.0618
578.1954
828.53467
809.8131
826.3922
0.0
827.9001
829.4834
828.4446
827.81866
827.8744
824.9457
828.45056
825.0419
0.0
830.1797
826.5932
829.1637
629.0104
712.6586
384.02203
826.6267
827.88513
23.355373
703.37476
238.04399
829.2467
0.0
828.64197
659.5825
201.46082
822.3164
826.5353
828.8352
826.44775
640.0388
829.4496
828.73816
350.76477
827.73016
636.5267
825.4772
0.0
828.0975
267.18094
823.6959
485.68304
827.1935
827.4918
828.07574
828.2401
0.0
828.36414
0.0
0.0
4.8063774
728.5626
827.3457
830.76483
137.95453
827.8106
0.0
826.25653
710.4073
829.0653
829.34045
365.94232
825.1247
828.24756
825.98047
826.0912
826.833
826.6897
133.68764
829.27515
830.5641
177.44414
287.55762
828.27075
430.87738
826.52094
825.9916
827.07983
0.0
0.0
452.66144
828.4885
828.5823
823.12976
830.1258
624.27185
829.6335
0.0
399.91516
706.24646
828.61584
827.48596
463.98657
632.4133
0.0
0.0
829.1498
0.0
400.5893
822.4717
647.47314
827.4255
742.8157
825.92554
826.8122
346.77695
0.0
39.38538
828.8379
826.2158
828.594
828.6759
823.95776
763.0952
829.27203
815.4802
0.0
828.2501
826.6686
369.78506
826.10815
829.6426
827.23834
828.08
254.12051
813.01245
826.9767
444.6186
642.45435
828.1683
827.54047
673.1723
607.0321
0.0
758.1198
387.08682
829.20465
828.91595
730.99084
15.15925
828.066
0.0
29.440493
827.40295
828.75854
827.2091
613.2581
95.441986
217.99632
64.406456
827.5505
776.08386
828.705
827.85925
828.1044
748.6195
203.93542
828.7131
0.0
830.38196
829.7283
821.4935
828.05707
826.5857
825.456
614.7792
828.902
826.4078
805.3954
185.73915
828.04785
674.45447
826.7357
470.4739
828.65857
807.22266
0.0
830.65894
813.1704
515.65643
828.0422
826.7853
766.736
102.33464
828.4358
828.5277
442.4937
828.33276
0.0
828.0832
784.9638
828.5304
828.61554
778.9974
827.5604
0.0
714.30365
0.0
828.55255
812.0906
828.72424
78.69536
780.3828
177.73378
0.0
697.07404
826.6242
829.00793
0.0
42.87433
825.7589
827.6111
684.50183
827.9852
830.20886
424.0167
803.5941
0.0
0.0
656.25635
0.0
828.7946
0.0
0.0
829.3533
822.5102
829.9543
828.6814
429.72498
825.95703
827.1295
825.3141
382.17764
0.0
549.3344
828.3821
826.7461
828.6356
526.80304
828.03577
828.8997
826.852
828.81006
828.1974
826.707
0.0
827.8716
826.3833
828.3334
823.7455
44.82544
824.1915
827.12036
827.41736
765.37335
0.0
797.406
827.8874
828.9769
826.0928
829.6934
592.47864
829.1815
828.35834
0.0
769.153
827.5599
793.7245
827.9313
828.83765
383.55066
0.0
829.52423
829.12915
541.3145
828.12665
0.0
739.56934
0.0
828.3258
829.3273
687.1613
362.96533
156.98708
828.25775
491.0047
826.8338
0.0
828.3209
828.40405
825.2613
127.30879
0.0
826.2561
0.0
65.95246
401.14935
828.03076
829.2477
436.63873
826.3044
826.61584
0.0
0.18086827
156.3966
784.33936
827.983
825.0387
831.12695
815.0499
155.47829
827.5123
132.85997
790.3805
247.53497
827.37177
828.48016
825.97516
199.74854
829.5437
828.9058
0.0
828.79315
826.8677
18.395565
721.2118
802.9098
827.2883
0.0
826.6747
828.3961
0.0
0.0
0.0
777.76514
828.2983
830.1636
247.18474
829.48413
349.80032
828.5577
824.0111
829.725
81.95611
310.56564
827.3218
829.51764
826.57776
827.4547
180.55225
827.5043
828.8884
58.187954
0.0
828.0056
756.6777
814.1947
827.4918
42.103664
408.76712
826.8946
623.56024
756.2118
225.16563
667.1486
121.09448
828.383
319.31433
828.0133
828.7661
829.3873
829.0058
139.16013
0.0
823.4226
829.53687
829.30835
180.29225
828.8287
446.69397
828.2361
814.6289
189.9137
828.2776
825.3328
827.61926
824.6057
828.2161
830.4607
0.0
829.6677
827.305
0.0
612.3154
830.3244
829.9873
0.0
827.5416
716.10864
828.22375
80.786385
829.3335
827.71655
828.31946
826.69556
570.01434
0.0
830.594
827.16626
334.59518
0.0
667.74207
0.0
827.4957
827.8956
0.0
752.31244
826.3655
828.286
828.0886
828.80396
576.3882
571.70764
828.42224
0.0
738.6629
827.9121
0.0
828.6717
0.0
828.5298
828.9849
174.46188
674.54443
827.1243
830.0863
828.0455
742.9168
0.0
821.7575
827.79724
827.55615
828.4492
826.7307
828.6682
0.0
827.63086
828.72705
0.0
654.9386
825.24976
826.26245
828.58014
829.24023
829.9304
164.11104
801.77936
0.0
317.51212
825.85114
543.5585
824.64417
826.8192
0.0
0.0
457.95258
821.2332
250.52843
827.77856
731.11304
440.45816
828.2552
821.0109
809.01794
21.622513
824.1185
826.98236
828.47656
0.0
829.00116
828.2107
827.3
380.68945
826.6479
826.38574
828.4678
829.5353
0.0
827.9729
48.071457
106.15617
826.39813
0.0
829.00244
821.61975
810.61115
829.5241
348.58923
695.859
829.11206
820.1637
409.68585
828.4401
410.19427
151.08727
203.82678
829.1748
0.0
0.0
519.80145
0.0
827.75256
828.03723
692.9272
826.9929
827.74506
0.0
274.11203
828.15564
236.24744
828.278
829.911
0.0
828.2334
826.38965
825.10815
827.921
818.5358
825.23755
736.909
13.759989
590.8489
826.45734
828.5835
825.66113
317.5473
302.12595
827.42114
829.6574
817.71985
828.3013
824.8763
826.22314
745.75073
829.48303
0.0
825.2733
827.71484
0.0
825.1879
828.2267
829.29785
0.0
827.97107
0.0
828.3706
826.86426
825.92053
827.15906
809.33484
822.55273
828.14124
828.8541
705.05664
827.734
828.69653
248.99341
111.14285
827.7289
825.0182
323.78256
826.71387
755.919
828.8735
829.02954
825.4641
825.24475
825.77496
825.4768
827.8424
798.5901
829.655
826.7676
158.7514
817.0565
829.15576
828.2119
788.42053
828.6406
827.51276
341.25452
0.0
828.0266
828.8124
0.0
828.0238
827.458
828.99255
571.1415
828.99194
828.82056
744.32794
754.4036
785.9275
826.9004
827.31165
730.23615
0.0
114.50525
283.37738
400.5114
531.7384
788.0967
828.7514
828.11285
828.96155
828.9829
134.72266
828.205
459.4809
827.5122
823.109
361.15894
828.6
828.81616
828.55176
829.0308
828.62427
0.0
828.49
827.64685
827.7781
828.73987
826.5971
812.2754
826.896
828.74524
0.0
828.1432
829.5436
382.13965
828.41797
828.31506
826.56195
753.822
828.4519
830.0729
827.9032
194.47478
491.8734
779.20264
738.9021
237.01262
677.37537
826.9757
826.9527
829.58044
827.6677
750.9005
792.78015
830.41504
830.04675
603.3165
828.17413
828.2225
705.8996
0.0
829.1776
0.0
828.8864
0.0
829.6022
33.081257
426.4417
156.15263
828.60986
826.4686
829.5971
0.0
0.0
827.72253
827.97546
826.5958
0.0
827.91327
828.35486
0.0
0.0
828.7279
690.2401
826.237
278.92108
367.04126
828.9597
829.4497
171.90361
829.36084
0.0
826.1826
828.983
142.05884
826.1765
827.3283
797.8174
827.79504
384.53314
828.45154
829.26227
0.0
506.88403
826.85254
825.53284
827.73987
827.6157
827.479
829.7239
828.6846
828.30383
827.28174
0.0
824.97217
827.162
0.0
824.5536
827.99316
827.3567
161.35547
828.6578
826.04333
830.52734
828.1276
828.1762
826.90094
828.84766
827.0841
200.70218
825.7262
549.13135
824.56506
647.7011
828.15295
828.9648
829.79126
826.931
826.90454
708.8033
828.76404
778.9103
0.0
824.1011
826.51117
826.405
830.954
31.121674
8.970759
824.1684
826.8799
829.126
829.21
0.0
0.0
711.03894
0.0
574.72546
828.1421
829.26184
643.1307
828.41675
649.0968
802.35785
827.1459
824.985
828.9858
159.67838
829.4663
826.0599
828.5876
829.13513
0.0
826.97034
829.02734
829.6929
826.5425
0.0
827.8909
827.4783
214.12878
829.5668
828.4059
828.1344
827.3341
827.6791
828.3955
0.0
235.12323
599.12964
420.68726
828.86804
830.8954
794.1001
825.1769
827.1722
401.516
828.2124
825.1379
252.11069
150.77922
0.0
439.55746
827.7238
828.6875
376.1746
822.2068
827.6922
828.13513
0.0
828.276
0.0
102.10579
736.8796
0.0
829.4685
827.5925
828.7922
827.5231
825.8187
831.14185
826.93506
824.6865
744.67725
6.695451
200.67911
828.5045
827.2604
828.06506
382.79712
829.1201
830.14966
0.0
30.763935
0.0
828.5149
827.7534
828.55884
827.94836
137.9339
611.83765
829.1234
826.522
0.0
0.0
827.103
826.3998
826.6271
828.18896
828.66125
827.8346
113.17029
829.37463
105.598175
827.8033
826.5271
232.55768
828.55194
809.95264
827.2894
828.39166
321.73737
828.4397
828.6671
827.5675
370.61447
829.06024
0.0
823.8789
223.17184
813.31445
603.88306
827.8604
830.6443
826.4086
828.2542
823.78577
1.0263996
502.11908
829.16907
829.13586
822.26013
825.4535
827.9492
211.88306
827.57764
769.143
827.76965
828.905
811.02454
0.0
830.9021
826.95465
129.78146
0.0
828.2197
828.7196
828.14703
508.9886
635.7465
828.25037
0.0
827.28784
829.1437
828.1975
828.62244
824.4521
0.0
829.2781
465.85437
828.2123
97.81297
0.0
828.0143
828.3291
828.99786
827.1958
829.8397
827.8828
536.9153
828.734
827.5508
828.9117
828.1665
723.33795
829.2995
43.054718
380.85254
0.0
0.0
826.78125
578.1117
827.46423
304.11435
827.2356
826.1439
828.42737
827.7965
0.0
116.57062
809.31494
771.7872
826.4855
826.9645
825.04596
830.17175
828.3667
0.0
117.44497
708.6537
829.20953
824.4562
823.23315
179.48274
828.0724
0.0
827.54755
826.6829
2.3122215
829.85486
388.8606
828.338
772.829
825.78516
828.568
828.01587
827.71704
100.72197
345.82977
53.73527
430.47687
162.3231
0.0
0.0
524.39246
812.0112
827.1459
827.24677
828.2302
303.63193
113.3304
806.94135
658.6498
0.0
828.68787
560.79706
828.7042
829.32886
829.5265
659.2285
825.7364
826.6316
0.0
825.1754
828.74945
827.11633
126.03685
794.7909
792.9925
536.6577
827.53076
0.0
398.59113
828.1604
828.0193
299.1738
827.9492
586.5913
737.83923
827.4247
828.2026
828.81006
589.9487
661.52124
827.5159
124.73909
826.307
828.72986
828.8624
828.119
827.36084
828.1285
0.49401832
727.64825
825.8156
817.8316
828.4884
0.0
0.0
0.0
829.709
826.671
820.74506
0.0
828.70276
763.67
761.98047
828.2598
829.0148
827.81323
826.68756
613.7817
830.02814
350.42212
656.40875
314.59045
489.95706
514.12585
829.4636
828.7771
810.6561
821.7028
828.93835
830.0773
826.58093
827.63495
822.56946
826.0508
828.95483
825.80914
824.2841
827.9844
815.08655
788.66974
0.0
827.1015
826.3172
807.7234
801.96747
829.0941
128.05736
761.3086
829.1415
826.99207
0.0
218.16437
0.0
0.0
828.3688
828.56476
827.4635
829.4866
557.5758
337.08432
80.8616
613.636
826.99365
827.54596
829.4768
61.466743
260.63644
824.21533
828.9403
828.895
830.03625
828.2904
127.11583
0.0
0.0
91.00747
508.03577
830.7672
797.5152
829.98206
0.0
828.0991
826.6033
597.28
829.61395
828.0534
829.1383
482.63617
828.4807
830.24725
828.3474
828.9705
828.3313
828.51855
827.01855
18.434502
303.57867
0.0
772.0356
825.89087
827.88684
529.42377
414.0788
827.14197
829.2428
828.5139
827.00726
829.11865
828.0507
825.9801
546.8802
825.5889
827.2351
827.6683
0.0
0.0
660.7294
242.85284
824.7709
40.61713
828.08496
598.17236
665.0351
828.2931
825.812
828.5431
828.0713
827.5332
825.0586
599.29553
817.5981
826.65784
0.0
826.7688
826.51697
827.9134
829.50635
802.8644
829.91235
827.0056
830.1755
0.0
828.6064
827.1851
826.2948
547.71643
827.2765
827.09045
37.36935
201.84036
0.0
826.0963
828.0686
829.1775
102.14616
173.8614
827.83105
464.61664
828.4911
827.995
827.58545
408.96762
297.57983
613.29205
825.35675
338.62656
797.28235
828.25085
825.8551
785.98065
828.7086
827.2766
0.0
465.98145
0.0
817.13306
599.91064
481.86688
815.2369
0.0
830.07385
826.7987
0.0
827.4409
440.52716
827.4392
829.95197
826.8231
0.0
829.063
827.15674
821.66907
0.0
829.39374
0.0
572.9337
825.1456
812.7167
12.618244
828.28467
826.15857
828.1564
827.4758
827.62415
827.87036
768.25183
420.24182
395.7288
468.9809
0.0
0.0
827.83374
828.67737
0.0
0.0
0.0
175.81
19.228724
829.1963
829.18085
828.5879
828.64636
206.9342
828.1522
829.66724
262.93213
826.8242
174.78378
0.0
828.0696
0.0
829.0949
0.0
0.0
106.606255
636.70667
827.23413
829.06195
817.4712
829.2754
829.71783
0.0
827.30255
274.64062
0.0
647.3944
0.0
824.7025
692.72723
827.7885
485.0689
825.90234
828.6648
827.6001
826.3578
825.4265
0.0
13.114767
823.3833
828.40576
830.5128
0.0
828.93066
827.0139
827.9469
828.0798
827.5591
824.9907
827.922
604.4558
781.1293
0.0
826.9556
826.7326
0.0
320.54108
828.63525
825.6946
826.5193
0.0
828.2722
0.0
647.00494
828.1072
828.6365
0.0
148.25427
828.0022
827.7322
813.36426
827.99585
825.4264
825.6234
190.23444
824.579
727.7239
827.2749
828.1592
828.41235
573.1571
828.3823
635.5021
826.70013
226.51836
827.83167
821.38086
828.3325
0.0
827.8588
828.18555
11.385053
829.5619
220.11131
0.0
0.0
827.59485
827.68823
0.0
791.63715
764.5313
0.0
0.0
549.9444
0.0
812.8556
477.21158
808.6963
508.70477
826.58795
344.11096
828.2363
830.57025
826.20496
768.0225
827.36505
827.17456
678.9248
825.8325
828.51
826.80396
827.5201
815.6808
0.0
827.57263
640.7728
828.52405
827.5122
375.02652
379.80505
826.88934
827.48413
0.0
828.5973
817.8433
826.43896
829.2783
537.24176
0.0
826.8063
827.8267
825.8169
830.1185
829.6054
828.0316
826.3543
827.5562
324.65918
827.9535
827.449
828.6361
0.0
0.0
0.0
738.83826
829.17926
794.2349
0.0
826.0473
0.0
485.70114
828.3736
795.7649
828.05383
155.67328
777.4564
826.4287
829.039
827.6658
825.63086
72.92857
825.17365
428.1636
829.065
827.54407
514.501
709.6072
827.7301
828.9524
251.14273
0.0
827.05054
828.5393
820.97437
827.0281
0.0
827.2362
0.0
828.432
826.1625
830.4407
741.9724
827.9857
827.25006
827.584
63.535866
826.55
343.95612
827.7278
825.2269
827.5416
827.3034
103.06914
826.89075
824.4048
0.0
828.97125
809.3799
579.70825
0.0
830.16595
0.0
828.37866
506.05396
828.9093
33.591602
0.0
0.0
824.84204
828.97534
533.7936
824.2517
830.72327
807.60876
826.29755
827.2245
0.0
828.3472
0.0
817.4537
0.0
829.3263
555.6624
802.68
827.4387
0.0
822.4925
644.9108
255.76906
829.4407
184.14357
829.5827
722.5941
829.6118
828.8607
828.2927
827.27
396.131
829.089
828.7898
569.88635
827.667
0.0
0.0
0.0
0.0
827.931
777.3806
823.9557
827.832
544.6019
827.6727
827.7837
828.52075
827.9249
826.4435
623.1052
829.2036
828.83954
830.33234
828.5648
828.5808
829.39136
829.29626
314.017
345.11996
501.64148
825.33545
825.3956
828.2794
220.1428
825.91003
826.05096
826.059
827.9132
828.1216
828.35846
490.6717
826.1526
764.05334
828.60974
826.3396
772.45276
827.7741
0.0
829.33435
826.8739
495.6637
827.5969
829.2429
703.33234
738.3768
818.48035
824.37823
828.50433
803.3253
828.50525
0.0
66.360886
828.3481
828.2744
584.36206
711.297
830.4439
826.93286
0.0
0.0
829.0521
828.2335
826.0852
827.08
0.0
355.68823
826.6173
92.614365
827.3213
829.183
828.1459
828.6089
825.0526
0.0
827.9703
828.29297
827.6609
769.4916
828.08716
829.5591
827.2978
829.2506
661.952
0.0
829.33856
449.73846
829.38135
255.1843
6.2239323
828.9423
825.5773
160.79477
827.13464
826.2969
544.75433
827.7989
828.4606
0.0
827.87573
827.12195
831.00757
829.5967
802.55994
802.83545
827.7634
829.2971
262.70148
827.0244
829.66125
822.22534
829.1941
827.3429
828.3458
820.18994
0.0
0.0
0.0
172.68716
828.90063
0.0
818.1027
0.0
827.3429
826.62805
828.1869
782.7041
828.3303
827.39246
491.6292
828.5776
829.18506
827.6656
829.4524
828.7318
828.82837
175.85255
827.90967
826.5968
0.0
828.60626
365.90912
828.90515
349.17377
0.0
791.30505
827.98425
0.0
828.1493
0.0
829.31134
830.02905
467.28516
0.0
401.44336
790.0415
0.0
422.73767
826.6212
684.6286
827.4867
0.0
458.5047
0.0
186.63116
829.3082
720.775
825.92773
474.139
827.90967
827.7588
651.2029
0.0
249.75462
828.78955
612.6422
0.0
827.4999
218.43387
1.6528448
141.20847
828.74524
828.822
829.0122
799.187
825.2205
807.5995
828.3463
828.7511
827.8103
0.0
830.1697
828.6147
161.77628
828.5233
799.4384
0.0
826.0269
812.7552
0.0
828.9888
50.780605
827.5187
827.6254
828.18005
827.85034
827.9634
826.97864
0.0
0.0
829.0209
515.9347
825.41797
828.30945
829.1162
829.52405
827.64966
0.0
828.42346
0.0
828.7117
821.7766
827.8295
827.35034
336.3213
201.44424
827.901
67.98929
827.7992
828.06067
0.0
828.0453
129.30225
824.9424
0.0
824.3053
0.0
778.1846
0.0
826.7098
0.0
825.17365
0.0
0.0
254.02496
829.1921
828.2053
826.68494
826.3103
828.26434
0.0
825.92676
28.673246
827.50354
828.1044
825.6266
828.36084
826.82837
826.2023
828.0785
0.0
456.8971
827.577
494.81238
827.12134
827.042
577.0109
829.9105
827.8418
81.80174
827.0297
828.17847
828.39685
798.04553
827.4122
695.1489
828.58
827.86664
0.0
0.0
720.8854
826.6703
828.4441
828.6128
827.5632
0.0
712.2802
828.97815
639.97766
827.25415
828.44104
795.4868
757.9181
0.0
829.21466
828.8887
828.17163
827.8645
0.0
828.1157
0.0
827.498
828.63855
827.3046
0.0
827.8186
634.9389
827.3231
827.9154
828.74603
0.0
827.4547
825.4503
829.3867
822.6998
829.69116
427.30804
824.4442
829.4305
306.21854
66.30652
828.1583
829.02094
827.5523
826.90906
478.59558
827.8953
156.1188
828.63794
827.78143
822.0016
827.70056
827.969
829.48096
141.6296
0.0
827.33185
33.40463
828.1377
826.94556
294.2415
829.5434
830.3479
829.3728
738.4712
827.9557
327.596
698.54944
633.54767
828.29614
829.41406
0.0
828.21704
0.0
0.0
829.415
191.81128
827.56287
0.0
0.0
728.8922
827.55725
827.4521
53.318985
830.4022
291.79468
749.9038
772.96594
829.3063
560.6869
825.53033
0.0
193.70505
827.161
369.20425
702.17004
824.5757
828.7446
827.4525
829.69226
828.0098
827.9613
828.80194
828.33466
828.464
828.07275
0.0
824.8081
293.36227
828.16614
158.91875
0.0
0.0
829.7229
827.8709
622.04785
828.1577
826.3159
815.8185
829.13904
825.3921
0.0
298.56635
827.6626
18.223755
0.0
721.85925
0.0
822.58105
0.0
518.44666
829.7815
790.9827
637.68396
827.75037
41.395298
828.51953
229.97484
209.06795
177.22345
0.0
829.32263
0.0
338.85635
829.14417
817.44617
827.4768
796.7656
828.1925
828.7866
0.0
825.55426
0.0
829.6253
828.80994
749.9653
0.8194535
0.0
0.0
162.70784
826.9758
305.388
825.7892
40.926224
756.2986
0.0
0.0
826.7788
210.58951
827.64154
829.36475
827.91797
0.0
829.84186
827.21277
827.6533
829.23676
827.19464
827.21094
827.8209
828.27594
827.2679
828.2706
826.19214
0.0
816.524
829.98846
0.0
828.1079
828.6316
393.29474
132.55237
204.4286
827.6727
828.8187
524.2453
816.70074
825.0448
828.4673
828.4835
805.03613
0.0
826.536
0.0
0.0
414.06146
431.8098
0.0
827.7729
493.44855
0.0
822.0074
823.44
828.482
826.9844
18.487032
811.5404
827.905
0.0
828.4551
829.3179
828.63635
134.25644
828.15955
828.2523
828.20044
257.8216
827.09753
0.0
826.4385
103.152084
0.0
0.0
0.0
825.44104
822.65186
828.67395
827.0015
148.18428
33.032745
828.65955
828.28174
763.4612
811.40656
827.9808
555.8795
828.42395
809.47125
830.67267
825.5421
828.03827
784.948
622.3202
98.56827
0.0
499.8954
387.10596
824.59247
827.28906
0.0
828.84265
822.0844
312.7198
827.46216
827.9862
829.0431
827.6722
828.9294
827.74585
826.28906
801.3292
826.89484
830.07056
829.2345
704.7855
828.6603
828.82495
408.2782
819.65466
102.13031
827.06226
827.8955
829.4425
828.4011
828.81116
0.0
0.0
741.9536
14.625086
95.381546
830.1051
191.4209
0.0
0.0
419.81702
397.22162
826.0696
505.94412
0.0
809.4679
0.0
825.6221
0.0
555.5239
0.0
650.36096
828.1384
827.99457
653.6588
828.54407
0.832324
828.0291
827.0454
824.82214
828.292
828.048
827.1994
827.24554
829.9592
0.0
825.5331
829.5167
828.88745
827.7988
824.4197
827.7812
718.2712
827.1334
828.70465
27.00101
0.0
0.0
120.32301
828.6824
120.654
826.83276
830.1107
827.0708
653.807
829.49115
823.98
828.7932
828.6649
826.82434
818.8749
808.1344
828.4061
754.64197
828.1582
827.32776
815.8193
827.5112
826.22534
830.2466
301.83588
726.4158
829.35645
0.0
826.65295
140.65244
825.999
49.019653
397.18167
0.0
805.47156
703.4574
621.14026
827.76227
830.48645
829.0495
830.1428
0.0
829.29614
826.52515
100.62364
828.78613
828.37537
829.30054
827.4116
0.0
16.023308
439.72302
829.77905
826.636
827.61194
0.0
829.5614
55.803955
826.7648
826.41187
140.45567
827.98157
0.0
442.7587
501.13028
829.8485
0.0
800.69824
826.8322
829.6876
828.7814
824.1365
826.85986
829.2136
345.54434
827.9983
826.7101
0.0
829.2135
376.84552
828.48267
828.23987
241.46686
828.55347
827.6798
753.56396
827.35254
824.423
728.9198
827.4461
789.4682
0.0
0.0
829.08563
829.34796
827.813
821.3585
827.78357
9.541251
828.1233
829.7014
286.03702
827.0732
827.44806
0.0
604.34576
826.3651
828.24866
828.001
824.27075
0.0
827.5647
0.0
831.6107
827.1328
147.85394
828.0205
738.22345
827.9203
827.90283
829.20746
792.70483
271.54306
827.3231
827.60144
827.7499
440.01505
4.19067
0.0
827.0757
828.4236
828.29626
245.9725
828.59576
0.0
825.12195
827.9269
506.5916
827.4509
76.90137
828.99036
0.0
827.9896
827.1366
816.3229
825.8626
506.99268
827.3501
0.0
826.46014
825.9143
826.0702
0.0
827.69073
754.12134
829.4736
828.3335
827.4181
418.64145
0.0
742.6894
828.8213
825.9391
827.2535
829.1975
826.0758
263.91895
465.3333
829.66125
826.59045
827.3039
824.84174
827.81555
828.5537
825.973
74.88062
829.11237
830.1791
100.41098
826.62366
828.1465
400.48837
169.43257
826.7209
827.8512
824.78284
830.955
24.884483
164.34059
308.94357
828.1267
828.2147
92.45767
0.0
827.77704
829.36505
827.8633
0.0
828.47217
829.3291
826.5536
825.84326
827.56177
190.24985
697.8647
66.13482
747.9319
828.9316
0.0
828.82275
828.2948
828.8552
822.45557
378.72766
828.52783
825.8887
828.0362
662.0331
394.76288
0.0
828.21204
828.7697
828.0402
0.0
0.0
0.0
830.3956
829.86816
828.69244
420.66125
799.7506
185.533
0.0
826.7534
0.0
0.0
306.58777
0.0
824.12195
827.90344
587.2072
828.147
825.9203
806.75165
827.41846
500.37756
826.8018
826.9862
827.25543
778.43195
711.93646
828.23926
824.7977
826.07404
0.0
827.22205
825.05273
825.83954
829.65356
827.4018
826.5073
759.85376
818.7399
296.90186
828.33594
4.7194705
829.14
471.28278
828.0055
829.73425
829.9899
826.8434
828.28455
827.3147
829.4474
0.0
829.5687
0.0
818.47845
828.5393
829.37067
827.6134
452.75916
829.3187
827.28845
424.14703
828.24854
0.0
827.5418
827.48096
826.8587
829.0166
828.15906
822.5659
826.99634
828.84106
817.0105
14.98621
828.7257
828.38153
14.850322
828.5802
733.5808
0.0
0.0
356.67902
824.3916
828.52203
327.8714
828.3048
0.0
828.28534
828.943
344.38818
826.75085
828.6975
825.7438
827.74603
98.17779
794.48
831.67456
34.32724
829.2394
828.9822
817.93604
827.3122
0.0
826.4614
0.0
299.5316
152.98375
593.30566
828.24927
828.35645
827.9979
657.20337
0.0
499.31277
828.1416
0.0
829.62366
38.7469
824.2779
828.18823
821.7668
164.87616
827.3634
613.8517
827.77136
826.01917
772.0003
826.0178
491.7221
829.2247
49.790695
573.36597
827.5856
828.41656
826.5309
827.6919
827.8507
831.62976
262.99457
0.0
828.9762
126.83888
828.4999
828.22375
828.50555
0.0
828.1417
270.78876
826.1824
800.11926
826.7782
0.0
0.0
810.2882
826.90796
663.40234
760.45276
828.38794
0.0
541.5112
827.84204
826.9469
819.35114
826.47327
0.0
0.0
827.5725
0.0
348.8614
827.88806
829.2992
0.0
265.38562
0.0
372.9647
828.36597
147.68555
824.7083
829.37085
827.74054
0.0
828.66785
798.10266
828.46844
58.495567
828.23303
674.89233
826.9745
828.33484
827.6683
0.0
827.23584
828.45276
829.6499
0.0
810.73895
829.4573
828.50696
827.0202
828.86707
0.0
0.0
828.7732
829.68774
0.0
129.14313
828.0989
825.66486
826.63745
210.85825
828.58167
602.5594
829.6506
829.72095
827.595
828.745
730.7908
807.07794
230.66615
0.0
734.85864
829.09033
746.0012
827.1189
0.0
50.692978
0.0
634.2191
652.2877
826.0137
828.4324
0.0
826.8114
828.04767
828.529
828.76624
829.3301
825.7566
0.0
0.0
826.5504
192.44589
751.49524
825.1747
655.8746
674.6714
386.1971
0.0
829.80896
826.8761
821.1699
828.032
828.2578
829.5825
0.0
828.5772
828.30066
728.45654
655.0954
827.721
827.02966
828.3937
351.72867
23.824429
828.3612
830.1475
826.7255
829.4073
829.3105
816.25903
819.48486
0.0
487.68707
0.0
804.0204
827.0598
827.30835
380.4937
828.46826
827.5002
704.2488
0.0
0.0
824.64185
829.2041
0.0
828.0286
87.910706
412.02756
597.1008
254.16556
827.25854
10.158476
828.35266
0.0
0.0
0.0
819.6487
827.853
151.9233
825.22107
406.05652
825.84424
543.6941
0.0
9.268405
772.26825
594.1448
827.76953
827.1993
816.6709
526.3038
827.7731
829.06226
0.0
0.0
99.05641
0.0
823.6822
0.0
815.8667
825.12195
0.0
0.0
103.791855
656.58093
827.8313
823.89026
826.1117
755.25903
827.8834
513.9877
807.82227
708.3826
0.0
1.3966392
828.0824
827.8191
825.1492
828.4177
827.3584
828.258
810.3003
573.14386
826.88745
828.65674
600.7406
224.2438
605.5058
829.3136
825.47644
667.10834
827.7519
670.016
827.68896
241.82849
828.581
828.5781
826.6927
102.53253
240.35913
479.10272
258.16492
794.7508
474.2678
765.821
822.6666
827.9575
0.0
829.26483
828.00354
828.6201
508.3278
52.02434
827.3528
677.95105
808.4308
828.5309
798.363
133.5257
828.161
828.4413
828.2748
0.0
813.791
0.0
828.7585
183.41644
0.0
828.35266
821.2617
203.47133
227.13
828.2876
138.17516
828.4169
828.8897
0.0
828.0917
329.3165
821.4116
0.0
432.14117
827.53973
814.2814
828.7538
275.21628
829.0008
651.3346
826.0887
829.13525
816.0868
828.2058
827.57745
827.0522
827.2477
830.4646
826.7775
370.41074
802.1792
818.2516
828.5354
830.73254
825.75134
827.1167
829.07574
555.62317
825.812
828.0819
826.05176
828.6249
819.4595
0.0
827.28894
828.604
825.0388
816.5913
368.85107
516.427
629.0193
831.0946
792.50146
828.1598
827.53986
0.0
351.8386
827.6151
0.0
827.8235
0.0
651.7474
827.8203
360.4411
346.45877
827.91754
772.4886
495.3794
828.8497
779.90924
818.3097
354.02887
0.0
824.0867
5.7027917
597.37744
827.7096
828.0065
0.0
827.92694
828.5345
822.8639
319.9877
361.7658
828.4886
828.49634
0.0
825.94714
824.2819
825.67065
827.5326
0.0
826.03033
626.053
0.0
21.7087
826.66406
0.0
45.20422
827.11694
828.1803
828.3941
828.80835
829.6387
0.0
652.09814
786.2469
824.46246
828.27905
825.7373
0.0
0.0
248.61273
828.46277
17.673206
799.46936
826.17236
176.84657
829.4558
827.3515
829.9177
756.1389
830.89355
826.61206
826.9686
0.0
564.8259
340.62152
826.4446
828.82654
804.57043
825.6854
819.76306
326.912
826.30554
828.73315
827.5555
825.81445
829.58264
826.8168
828.0338
46.07992
827.4927
0.0
498.08688
825.7699
828.9684
828.9617
0.0
829.05835
792.19696
829.9617
369.84076
806.47516
64.52269
828.30286
0.0
828.14685
827.26855
828.18555
828.353
826.77734
679.6573
0.0
827.4519
0.0
392.9779
492.4519
827.6725
823.0647
829.21484
826.8015
830.6517
829.91364
828.1459
826.65967
828.52673
748.57684
826.87415
821.89844
829.59546
830.1349
41.39663
827.37476
795.851
825.62805
0.0
261.23633
0.0
826.2096
229.72202
826.78174
829.4028
582.6195
0.0
162.75935
826.55383
828.03955
827.4551
827.49536
827.1832
826.7754
0.0
828.49646
784.33704
827.47656
259.75848
0.0
640.6283
827.86633
817.6204
258.58694
821.3984
0.0
157.435
828.14404
826.8822
252.60806
826.82043
0.0
829.4028
0.0
826.6412
827.1465
826.6201
821.59674
825.12506
827.7554
822.08105
827.8197
827.8341
829.255
483.8158
828.6381
827.75037
828.5762
107.84601
817.12274
419.10614
828.90393
115.03284
0.0
0.0
830.4625
828.4664
828.794
825.3556
829.56256
821.2016
827.44617
569.80164
826.6982
0.0
52.67373
828.62256
827.00964
829.3972
336.49133
825.3274
795.3572
641.1818
828.09143
65.693954
0.0
641.3069
828.272
822.8567
829.1046
0.70673746
830.1068
829.2241
827.24207
826.6703
829.7004
828.0569
828.85706
828.61145
829.09436
0.0
830.3929
0.0
380.24304
0.0
712.3662
813.9896
828.3477
0.0
829.02563
423.71368
828.5127
0.0
827.7102
101.18548
826.6179
0.0
828.6592
825.7991
825.27
828.0365
727.39044
828.25525
197.43857
829.3519
0.0
826.2604
685.0683
828.63654
829.036
824.6083
0.0
832.15283
0.0
828.98157
829.9102
827.82654
75.82812
624.8879
0.0
738.04803
759.38495
780.5188
829.5029
679.6751
0.0
794.6865
828.4605
826.2638
828.12366
828.266
828.62726
513.03516
0.0
827.01526
117.1407
828.4678
830.0925
0.0
638.3227
41.27823
825.1278
616.9184
831.3408
0.0
823.4621
309.56174
157.72083
177.12837
826.0835
0.28212276
828.04767
828.3667
828.0586
0.0
829.4901
452.76978
823.7053
826.02045
829.5034
0.0
98.05667
438.61197
825.47174
826.9085
828.9371
829.85486
0.0
828.2699
829.18445
757.257
827.779
0.0
0.0
829.9763
0.0
0.0
0.0
826.4636
826.6144
823.04126
618.3116
826.4412
828.82385
829.4826
368.13443
829.6698
205.73837
829.4756
825.526
38.087807
578.4426
43.171318
827.8186
828.15497
0.0
225.95734
0.0
0.0
0.0
0.0
826.5708
827.3376
826.587
826.7084
828.15753
559.0808
828.09814
827.6444
300.05038
474.74777
829.70776
825.45557
0.0
827.8827
829.6859
339.65
729.3657
828.28217
826.86487
827.8497
0.0
788.5338
827.9194
0.0
830.7072
377.159
177.8603
801.34454
828.82196
0.0
828.87354
65.261536
11.651358
0.0
725.0261
477.60547
827.51294
312.0597
98.19423
0.0
828.4118
828.86597
829.0383
827.7939
824.3738
829.833
829.7896
558.4753
829.20624
76.731575
827.155
194.4964
163.75198
811.3112
827.2545
545.93274
830.11707
827.7247
822.61664
827.906
829.5206
5.0280776
826.4221
827.0099
826.8202
0.0
828.417
406.6658
0.0
531.2298
826.7357
743.1896
627.2461
770.7296
829.8241
487.22382
828.9327
57.242126
0.0
827.5416
828.0657
830.3755
827.7407
822.09894
829.6317
829.3992
23.525421
692.36285
827.06384
828.60846
826.66785
826.26074
0.0
827.91846
254.78952
828.01013
0.0
828.7906
644.8052
827.47424
830.41046
826.74255
827.7698
828.248
0.0
758.31525
828.1817
0.0
827.38806
828.1187
827.5792
827.97687
828.3792
829.3258
828.5984
829.15015
742.79755
374.97678
0.0
0.0
0.0
828.9341
827.8464
829.84467
826.5863
827.6662
38.879623
827.76855
419.84448
0.0
0.0
0.0
829.35114
651.3551
528.7095
0.0
0.0
827.09717
827.9559
134.59811
830.3425
822.3458
828.52844
826.4343
196.31863
0.0
544.0404
828.0826
688.9
71.251015
827.6826
829.0791
819.3646
827.67725
821.7827
824.45166
827.84766
826.7876
602.57556
828.20264
825.9922
828.5709
586.35376
779.52124
828.3346
0.0
828.2611
295.7803
12.427343
827.76404
0.0
828.91956
828.64496
217.06317
826.829
736.0778
827.2769
826.8667
828.0519
827.35657
0.0
826.79767
828.2836
812.7412
825.7059
828.26776
826.6632
827.31305
828.8346
829.0978
828.31903
830.74585
807.64795
828.26794
829.40576
139.88611
828.03125
829.6492
0.0
827.5551
513.7932
0.0
217.95341
828.63684
829.94836
831.2925
827.433
826.9983
828.5777
828.4112
727.9223
827.6709
321.19592
827.1052
827.0925
827.49536
827.75836
821.01086
826.24347
817.9286
799.61646
828.3513
826.73804
257.96103
582.4314
24.889988
0.0
828.5594
828.2735
458.30212
827.23975
829.09283
184.21994
99.73807
0.0
739.1168
796.1746
829.556
406.98242
829.80396
664.548
0.0
403.72998
129.90045
828.7038
827.56354
828.91046
826.35547
212.57814
818.32996
828.1516
827.01794
87.019516
821.8956
0.0
829.52795
145.29788
699.7493
388.97632
827.913
829.23566
830.2118
446.2229
826.5321
828.76636
824.81305
787.3992
829.65735
0.0
826.5259
817.34924
9.655197
807.4033
57.079826
827.8397
499.7843
827.1604
0.0
827.329
828.47656
828.20166
280.14343
828.15704
827.0541
826.6323
423.4606
0.0
0.0
84.86638
0.0
815.6697
828.0482
827.27576
203.05753
828.98364
750.6011
821.2525
113.25588
141.5244
819.95026
825.1598
827.729
825.91766
826.73206
801.9929
827.4232
584.2813
827.8378
120.07472
827.82837
808.89484
827.1127
829.64136
828.8441
830.0568
828.32715
463.7862
824.32434
118.622986
815.41016
825.6292
826.3806
0.0
0.0
396.90524
827.1089
828.3718
827.9292
768.6159
827.9995
828.2457
828.95306
829.10803
827.7123
828.5683
111.18853
829.26013
0.0
829.4786
36.561226
0.0
807.9675
0.0
822.59
726.11285
825.8922
827.8089
0.0
823.147
260.05557
827.8605
826.176
809.29834
828.75977
0.0
828.5049
829.64417
827.7677
828.66943
240.48773
827.645
827.8059
794.5676
828.17725
826.824
828.00885
48.298676
780.26025
0.0
828.9026
828.50714
794.99036
780.2731
399.7104
828.49493
0.0
827.5497
35.162056
825.37244
0.0
0.0
824.16125
829.6845
0.0
486.5865
334.19897
239.1374
829.21606
110.72348
422.1243
825.9866
827.943
829.44855
827.2118
828.9346
0.0
827.21106
826.95276
437.4283
826.0244
826.7332
0.0
0.0
827.8579
828.9541
827.7527
828.5779
393.26294
828.08575
0.0
827.7197
350.07272
822.4571
827.7977
718.7594
726.6678
830.1402
829.2206
797.6216
828.8048
0.0
799.63763
828.1981
0.0
0.0
828.55255
434.8188
829.0323
683.42316
826.6585
0.0
829.9702
0.0
816.0414
827.82104
265.23065
0.0
827.9629
0.0
827.3231
0.0
828.321
351.40857
825.11487
732.2755
828.333
824.0216
829.0967
829.1344
830.15454
197.1117
315.37372
827.92847
33.8386
511.25885
101.4774
827.6305
827.41345
29.922085
827.63934
0.0
664.9595
817.3407
828.58167
0.0
829.4878
827.0943
58.133144
546.21906
827.97644
828.5235
222.52083
376.7048
826.688
826.7075
826.74744
338.8884
829.75836
827.2731
352.211
827.001
0.0
827.806
826.2163
342.97656
828.14636
0.0
829.0505
827.76526
0.0
638.0591
829.5561
0.0
828.4677
714.50037
828.34937
0.0
318.5281
829.4939
0.0
829.32935
828.4799
513.0715
827.075
444.78662
830.33167
520.94006
210.24673
827.65247
825.19446
827.0305
828.19617
828.2031
827.6563
772.3723
776.0548
828.1024
828.2251
709.57904
122.055984
0.0
827.47906
827.2534
0.0
827.8113
0.0
829.0666
816.547
827.80316
0.0
825.4537
827.9909
414.45514
828.1723
825.0906
829.09937
142.42358
828.63855
0.0
830.3856
642.6488
829.55066
7.0015507
828.7417
0.0
133.06604
172.08148
826.2648
828.45996
0.0
225.6986
827.72437
137.82379
827.9238
829.0607
116.965576
827.7292
827.44836
824.92255
828.6164
824.3305
828.6588
0.0
829.58307
828.3655
825.1859
578.3357
828.82526
828.2481
0.0
0.0
721.79285
758.02454
0.0
829.9916
827.92395
827.3596
828.0856
45.515354
0.0
828.2689
396.1123
825.71674
253.26889
246.04333
494.18958
828.0097
292.84073
826.152
828.2893
828.676
491.85876
658.3624
828.09705
142.20047
822.09204
19.116741
0.0
830.1639
826.1343
0.0
756.1975
827.22314
815.6488
669.04944
826.95374
0.0
811.6411
480.25037
826.44336
589.4684
828.02185
655.08215
825.61395
829.38684
0.0
825.39703
373.52588
793.9393
824.22217
827.9789
828.68665
307.70764
828.1586
0.0
111.721016
829.38104
0.0
0.0
181.32925
825.8512
828.5427
367.50745
829.1958
702.242
667.1472
827.44904
829.5287
813.1794
50.65911
828.1991
827.8291
830.306
829.0873
0.0
417.32202
0.0
827.2466
827.7795
827.09216
0.0
825.9967
825.8688
827.99146
760.4113
0.0
828.411
0.0
829.1458
556.0294
826.4015
0.0
829.3096
733.381
444.9195
0.0
819.95166
828.56
827.47675
211.19182
828.61505
816.74554
827.5567
530.65845
828.9702
280.74792
731.61316
401.99084
818.6516
828.2336
152.31076
736.5207
0.0
827.8672
827.8276
767.3593
824.3033
827.928
826.70044
827.12085
825.67725
827.1537
829.93555
414.6831
828.43915
736.7746
827.3391
0.0
0.0
830.2596
612.84924
0.0
827.4772
827.3519
704.3682
831.17786
827.8978
823.94824
0.0
661.03613
829.11487
822.04395
343.91656
56.35727
828.6049
0.0
827.5831
827.67456
828.3376
829.084
0.0
829.0514
724.46124
0.0
828.8386
829.26135
413.27563
828.4221
829.04834
0.0
647.0019
828.165
248.94063
0.0
58.426956
826.5636
155.3092
827.8895
826.08386
0.0
828.00354
1.7535368
827.59607
828.4
0.0
171.10968
0.0
825.95593
0.0
329.04645
828.8956
828.5077
0.0
130.62308
21.299837
309.83972
617.1227
811.50964
771.19574
0.0
826.397
719.8419
828.1106
120.0271
829.40295
828.3181
827.9144
0.0
0.0
827.99255
0.0
827.56
493.85944
829.3053
829.2461
830.2029
828.1871
829.49365
777.83496
828.1854
828.32166
818.29736
826.9732
0.0
220.56601
0.0
0.0
828.30176
829.9496
830.652
296.74234
0.0
829.97144
656.114
0.0
827.85565
52.298767
421.73187
0.0
822.8801
466.06345
828.1412
165.05176
457.02682
829.0571
829.5338
821.1155
781.015
826.02234
500.31036
0.0
797.67993
828.8331
58.066933
829.78253
827.72217
184.00449
828.21747
0.0
75.22231
815.0441
0.0
660.4984
729.62964
0.5339057
823.94
828.5104
802.5616
0.0
827.4496
822.7117
825.4011
827.84814
273.40186
490.4494
822.6384
829.47565
827.21826
827.6637
829.0803
821.9112
769.24023
829.64526
829.0934
828.8319
830.4684
828.22766
826.4995
730.601
818.8076
821.15027
0.0
0.0
160.96173
774.1032
829.0383
0.0
767.81085
739.5462
820.4906
828.74524
823.7166
0.0
828.58594
515.9557
827.34534
562.6108
827.6048
509.79413
37.59025
827.5755
828.0137
829.32495
73.883804
0.0
502.47226
827.144
828.68933
825.84424
518.0543
829.06177
829.92566
736.6616
0.0
828.5818
826.8937
825.60583
827.83936
0.0
0.0
809.69446
826.7866
742.0526
459.75067
827.4927
827.8146
646.24304
820.2253
89.22584
766.4426
828.97754
826.6868
470.26978
829.3128
763.491
111.96918
140.54805
783.1196
828.87
805.45337
0.0
0.0
0.0
711.00055
830.02136
789.8214
828.89124
0.0
825.3468
0.0
720.3085
321.69864
785.2988
619.97766
827.7578
827.50745
0.0
355.42554
549.38403
89.4296
827.2106
829.5476
829.9999
611.5642
810.36975
0.0
55.78162
825.80444
827.33887
767.74005
829.1064
827.7779
355.66104
828.5212
369.06696
746.2716
826.9459
756.01807
826.19073
827.2026
828.256
305.00125
0.0
826.42676
827.9547
635.58374
0.0
317.51782
0.0
247.79019
0.0
827.87524
828.8334
228.83994
829.3249
828.1132
826.5222
751.61774
828.65076
828.6062
0.0
824.1532
829.4889
723.9822
586.8158
828.61804
119.85788
823.5188
827.00183
826.9994
827.2811
16.538109
74.056046
775.5459
827.9281
479.34253
442.45874
826.7339
799.45264
812.5416
827.9203
742.9149
825.3071
794.6974
828.54486
827.9324
829.89636
828.0164
826.50073
617.54456
816.3502
828.92725
449.6577
829.325
828.8694
824.31335
827.86414
434.30786
827.77515
830.2085
0.0
828.45197
826.82275
573.6166
767.9083
519.95074
0.0
0.0
692.7165
0.0
296.49744
42.28268
0.0
829.5003
0.0
422.39246
826.39343
806.48083
0.0
261.68277
828.8707
828.29266
0.0
829.0632
0.0
708.93823
773.67456
23.479187
0.0
409.19788
827.14734
828.40295
0.0
827.7593
827.8424
828.10803
826.4915
21.697329
829.2567
820.7904
0.0
828.40466
297.5504
817.7794
829.07886
827.708
829.29517
828.11005
828.87646
828.4976
827.56506
680.98315
508.41962
827.91736
51.10987
695.3463
0.0
827.124
828.2545
0.0
828.1854
649.1756
692.5058
0.0
828.2709
827.2783
828.35596
826.36957
0.0
829.76746
0.0
778.64636
234.23392
664.2483
829.17834
828.6399
827.35156
828.29175
172.24634
0.0
0.0
827.2018
694.08875
188.80594
830.09644
828.54297
577.765
627.2197
827.9774
829.6103
829.07806
828.87695
830.24304
825.5144
829.12256
274.92133
827.76306
828.24854
827.95215
545.8618
802.0276
828.07605
284.40442
167.74028
828.02905
828.9999
828.2905
827.9097
59.086647
829.1659
729.8499
828.278
828.338
727.3182
390.1653
829.24963
136.13742
827.6929
829.513
828.2329
0.0
0.0
46.21948
788.63806
825.42444
720.7141
0.0
0.0
828.6006
827.41766
98.715805
827.48315
826.3125
547.2136
828.48706
828.8865
829.7769
826.7621
115.8049
827.454
0.0
829.905
224.48608
297.67706
829.21826
828.35986
827.48663
822.209
826.48956
223.70285
0.0
760.85254
0.0
830.3893
830.68823
829.27356
0.0
830.5491
313.70404
0.0
828.6315
828.16034
826.5216
825.9346
826.7113
23.41348
827.8294
808.8505
828.6753
161.13777
829.4744
827.2228
827.7286
193.37096
220.18463
827.4776
520.2592
827.8992
826.77795
827.23804
362.72852
0.0
828.8352
828.8157
737.8393
0.0
0.0
828.25586
823.7728
662.68494
0.0
0.0
823.4429
828.87537
827.615
823.3992
828.65344
0.0
824.13074
655.485
828.73303
830.6166
827.8815
418.45303
66.90842
828.04095
130.90466
235.51904
135.3568
828.3966
827.7268
195.58258
458.7351
826.67395
815.8834
609.59534
491.23404
351.12634
828.48596
82.42734
827.9212
0.0
828.80566
827.4154
827.5769
288.70294
777.396
0.0
826.0813
826.79364
814.58325
516.591
827.69165
828.1116
517.11505
0.0
818.1293
0.0
825.5005
0.0
828.75574
828.2943
0.0
0.0
829.14557
828.7988
0.0
0.0
819.2388
827.4332
829.444
4.991455
828.4367
820.7096
829.5044
0.0
0.0
827.9023
210.85489
829.6817
0.0
749.47375
826.9309
0.0
818.86633
827.7942
828.6039
498.46643
827.4106
0.0
0.0
529.89465
826.8901
829.68884
827.92865
825.98206
0.0
828.4096
721.1334
829.66406
197.4121
828.2529
825.8362
346.5617
0.0
0.0
829.02466
828.84674
826.47656
363.34924
829.0341
828.0236
799.1373
829.18555
0.0
39.65385
748.17957
826.9691
826.7368
827.94696
828.6388
828.9293
824.29285
712.41833
807.99884
827.3554
829.25415
160.91664
830.0281
822.2047
828.2371
826.67444
827.91235
828.92926
827.3248
828.3385
757.68097
828.5774
827.9623
827.5702
827.62006
740.40466
648.6949
830.1682
830.0863
820.1218
0.0
824.24133
829.08203
20.113382
829.56165
827.67773
468.7885
828.8084
684.14764
506.41553
825.2706
0.0
828.1228
799.3724
259.6259
828.0696
820.9933
557.78625
829.16235
828.476
828.8384
520.3706
830.05707
826.9053
773.5116
0.0
828.49756
358.94037
0.0
827.1277
824.1549
826.7352
0.0
822.532
828.1201
650.73834
824.5518
803.32043
821.87585
828.58374
299.56833
0.0
0.0
340.7544
828.4508
540.8582
827.6725
665.9751
826.0015
94.93486
826.4938
828.2593
828.3721
697.76636
826.921
363.3299
829.6677
201.5346
828.1221
826.7821
819.79614
407.76093
0.0
828.1211
154.23648
827.419
827.57043
827.15344
828.54083
827.6634
283.8587
828.45764
810.1596
827.4949
0.0
828.17145
380.72983
827.65796
0.0
0.0
628.3314
22.967648
0.0
827.3302
367.6272
825.9309
824.2878
829.41046
824.3633
721.40704
829.00745
760.3401
803.0665
827.89404
827.6823
748.10834
794.8508
0.0
827.4885
164.09106
825.6233
829.4294
827.0297
829.76666
828.6919
321.35178
0.0
827.85535
672.82715
276.4888
827.68066
386.7115
794.28107
829.646
828.8843
826.7965
0.0
827.46814
708.3646
0.0
0.0
0.0
455.44806
828.53455
624.7755
0.0
829.2312
825.5769
828.1926
822.7835
828.6714
0.0
827.7855
828.2666
67.618225
808.64874
0.0
826.6564
538.21484
829.0648
827.88947
762.1764
804.0299
828.47784
0.0
0.0
119.75289
0.0
827.0564
827.90814
577.92505
828.21936
824.5027
252.0343
311.24158
828.465
827.5893
535.2556
827.67004
825.3444
798.88727
805.2993
828.0718
0.0
829.0304
0.0
828.7865
0.0
425.52747
828.4206
828.09814
824.3517
827.5386
511.32114
620.00305
806.1246
0.0
828.70435
822.76135
826.9834
0.0
826.6222
827.73584
139.0387
152.7798
827.15204
206.74213
110.99011
828.89014
0.0
0.0
0.0
521.1244
829.3043
823.7141
370.73804
830.1367
828.66315
814.68896
823.9593
672.33374
110.913284
0.0
498.9737
458.68256
826.7625
15.0401535
0.0
828.2151
828.35767
636.2557
0.0
0.0
687.15326
827.9918
827.92896
828.6083
0.0
0.0
831.0597
352.3234
827.3037
828.4198
580.54785
809.6456
793.7645
299.3543
827.4435
827.731
0.0
828.5231
772.9948
828.74475
828.1941
0.0
827.92065
813.5287
729.47943
826.84644
826.9769
827.64514
0.0
168.09747
828.7348
825.0038
0.0
453.31238
826.5143
826.3155
826.74567
829.52985
719.67194
827.8726
619.2246
829.0508
828.0278
825.1737
828.6615
818.8914
828.61633
828.08374
0.0
763.7635
0.3068217
708.8261
824.58856
826.7386
827.7521
633.8268
0.0
74.81301
828.93915
828.6929
828.79535
829.2822
827.24084
828.4055
0.0
828.7876
830.3599
828.5884
827.9001
826.69214
0.0
586.5818
826.98083
0.0
828.37134
830.244
92.39049
9.512016
631.01624
453.4848
15.318966
828.59894
827.9934
0.0
819.322
828.3439
826.3155
63.083313
828.2859
0.0
829.05835
826.6023
482.77945
590.297
828.47217
827.6804
105.654495
830.9528
75.7811
0.0
828.7428
0.0
303.05286
0.0
827.5041
65.05563
829.02637
829.97815
827.83563
450.00565
828.3119
826.49744
363.49945
829.28796
611.8027
830.03094
0.0
826.9998
598.2443
351.06897
39.957855
0.0
827.9835
787.8697
827.6644
828.0232
825.7667
827.2289
827.9752
828.90784
465.03052
165.97668
195.46146
16.77362
827.4809
828.7584
823.9204
829.8142
828.6299
828.2055
830.1753
116.51697
828.1488
0.0
829.8275
162.40642
826.2745
829.527
413.9922
828.1555
729.9311
0.0
830.31213
0.0
121.88869
821.1082
218.37091
826.7949
421.5005
5.4051876
826.5648
40.9161
828.7465
827.07983
682.176
828.9271
828.0161
828.76074
0.0
827.3341
2.0297194
0.0
827.4365
827.05554
827.3945
826.567
830.8778
828.3904
686.0551
828.2344
828.47144
0.0
816.8994
305.25275
391.4314
727.25305
828.3152
829.3563
806.2698
87.64411
825.5898
826.814
229.06583
825.83057
807.11584
829.2798
828.9965
827.9198
827.6019
828.15247
827.4099
827.4034
828.30054
827.96826
633.83606
827.2649
825.38763
828.05035
826.8163
827.1876
444.224
830.0554
828.0132
0.0
829.4386
827.14404
826.379
402.07794
0.0
0.0
828.7831
830.51953
828.6319
0.0
360.34824
802.3481
827.3701
713.49756
0.0
827.7866
829.30505
828.1443
643.891
826.985
35.823105
827.9535
830.3476
802.02344
829.5112
827.715
825.43994
431.98193
826.55725
827.4364
828.1594
828.1308
203.85022
342.16556
301.81302
0.0
828.3632
551.79065
823.6467
828.1093
561.78284
828.4049
647.35364
828.7374
0.0
0.0
821.45416
424.10443
830.11365
828.5174
827.9049
826.3059
826.4763
455.89578
828.09985
824.79004
819.3127
812.3043
830.6951
826.03674
0.0
825.9296
55.12455
667.01404
827.5546
811.7528
808.494
825.09436
826.18896
828.0203
827.24805
0.0
828.4582
186.54742
830.3251
827.8307
725.941
0.0
260.2158
614.9135
205.15308
828.5508
828.70386
828.92395
80.637085
142.44852
827.52264
826.0443
824.9512
827.3533
828.92377
828.9968
828.0608
828.3933
828.09216
828.3026
827.5679
362.93567
156.56393
828.2881
828.6454
827.0716
828.3884
809.5338
828.2221
794.2475
828.75226
0.0
482.138
828.7035
0.0
95.21064
651.162
0.0
827.2788
827.7448
826.6575
0.0
828.5753
190.90962
827.2867
253.93648
829.1633
825.1892
829.0168
828.22577
827.18286
374.89227
825.6345
0.0
825.08765
40.81536
434.62292
0.0
808.84454
828.93787
0.0
829.19543
829.10547
827.82263
826.91174
828.19763
827.1481
827.68774
816.4922
828.7359
827.74854
819.50604
827.0768
826.8457
829.57733
735.5366
746.9736
828.68225
828.1087
828.27966
828.3468
828.46277
0.0
826.98914
826.11316
828.3797
830.55066
0.0
827.4884
827.6562
827.96515
436.73038
97.68103
608.7228
828.7938
826.64185
503.43567
642.28253
371.90063
810.6451
828.6128
828.32605
828.9442
828.3655
828.4811
829.6505
0.0
0.0
773.91907
828.3071
829.41504
826.635
175.26598
0.0
829.52325
40.70593
827.02905
