13089.945
0.0
7732.6484
1581.0842
5221.3125
7393.41
14.042559
2947.8208
1090.9714
0.0
1104.8164
0.0
0.0
5614.4062
0.0
0.0
0.0
0.0
0.0
0.0
0.0
16882.848
5010.7754
2830.2373
10196.04
10721.129
135.00262
34.86968
0.0
831.7395
12253.163
8707.004
0.0
0.0
1175.9431
0.0
0.0
4493.5645
163.65234
0.0
0.0
3583.467
2838.124
0.0
34.028416
0.0
74.70584
42.50777
1920.4639
0.0
4921.8154
178.21356
94.66836
4450.7456
4095.6392
3718.628
14286.003
2339.8318
0.0
50.524315
4379.726
0.0
6427.1064
0.0
7435.2295
22.628187
0.0
10231.262
0.387831
6077.6406
5584.924
16859.861
7441.0938
4098.1055
1021.2894
348.25928
5822.152
2087.0938
1963.1193
16881.605
8080.63
16889.62
3040.5674
0.0
2638.2297
79.93729
0.0
12031.372
16880.361
8.842373
8415.522
13472.115
8882.202
35.036354
0.0
0.0
2536.2275
3619.209
52.415165
891.0217
1436.604
1692.769
7596.552
513.47156
3847.652
15161.834
10236.578
0.0
0.0
284.19675
0.0
16891.652
0.0
15968.67
9099.385
0.0
8933.793
7231.1206
12360.528
0.0
6910.2324
863.8506
144.37314
0.0
0.0
16883.434
1004.97076
2264.7122
101.24938
1217.3152
3318.8438
0.0
0.0
0.0
16886.81
55.219917
0.0
1807.5071
58.422234
4180.4443
0.0
0.0
2163.5713
16382.455
6181.463
0.0
44.976036
3946.9585
4132.7026
0.0
0.0
4601.8555
1497.5531
9018.539
4221.676
4097.4775
0.0
2276.0088
7097.998
2001.6865
66.666794
11919.542
0.0
8221.324
0.0
3732.7627
16883.027
648.61084
1663.5883
0.0
6646.004
3919.9207
7541.615
0.0
4175.016
10821.775
47.267067
0.0
0.0
7203.874
1156.794
0.0
0.0
9104.273
0.0
63.37574
10316.431
19.035444
11176.392
2789.261
6726.4336
533.00146
6253.145
1093.2504
2198.1794
29.087532
3623.8503
1293.8151
13751.684
6000.253
6807.5117
0.0
1371.0776
15.111924
5888.4614
108.3683
3859.4536
0.0
0.0
530.4196
92.12019
7523.8535
16881.285
2.0573597
0.0
4246.1196
0.0
0.0
0.0
3862.9385
0.0
3835.7515
0.0
13104.992
8622.861
0.0
0.0
0.0
6787.4736
0.0
3217.681
1885.8523
6226.698
5046.564
0.0
0.0
5939.019
0.0
1208.2964
0.0
16814.297
5315.1035
37.062813
0.0
9494.928
0.0
0.0
548.965
5741.538
3087.4277
6642.0527
0.0
0.0
6067.809
0.0
42.488056
31.992844
16885.252
0.0
2531.7048
0.0
2533.982
1779.6057
0.0
0.0
6926.051
2286.4338
194.12662
9376.625
4065.927
6090.5796
84.62486
4677.8037
36.844494
1023.58307
2583.1597
6114.541
2448.8965
0.0
8005.4873
0.0
0.0
1932.1514
4450.206
4558.337
4933.7725
0.0
0.0
45.92517
0.0
64.941986
4369.9937
13677.646
9.254062
16363.615
4772.401
0.0
4536.878
3009.1458
0.0
0.0
4290.176
67.43994
1795.4634
6578.3613
0.0
3019.7576
152.58061
0.0
15120.359
0.0
0.0
137.95053
4505.4385
3754.602
0.0
15481.169
0.0
1272.6128
10699.212
0.0
5216.0176
15679.018
11938.715
58.252857
87.47507
8902.675
10932.01
10008.208
11534.043
0.0
0.0
0.0
4478.79
6013.722
4084.4104
0.0
0.0
0.0
4932.9443
1765.624
2381.0962
0.0
1839.2543
0.0
16473.674
2721.1064
68.92067
5159.871
26.549055
8572.609
38.383705
0.0
0.0
16049.639
5115.756
3513.8657
3712.517
307.9208
0.0
0.0
5478.3
52.6689
52.667202
5035.263
24.521141
0.0
7140.651
452.71396
0.0
14023.791
8610.252
25.671284
16900.594
1.3422704
0.0
2398.0542
5106.1157
2786.2983
11937.165
337.18365
1113.1982
30.885138
16891.465
0.0
5962.951
493.39594
657.9466
7555.2275
4159.1577
2.8292382
4860.344
1324.1821
0.0
3551.08
7062.322
4348.007
5883.329
2652.4697
5203.921
0.0
5705.0273
0.0
0.0
4786.339
9550.033
64.60989
2476.3994
1972.8953
12742.824
7539.322
60.252403
2913.9807
7735.5156
3920.3508
4449.1147
54.424873
16.23456
0.0
2018.5115
2381.3484
3505.372
0.0
5.0839367
0.0
41.594833
5765.817
0.0
0.0
16901.863
0.0
0.0
1206.9802
2547.4707
0.0
1468.1172
1158.1251
1527.4813
4941.0605
6197.535
10184.763
9379.424
48.46236
591.3989
2836.9414
9814.521
0.0
0.0
0.0
3583.3916
9275.672
6480.252
0.0
5020.052
5425.1377
0.0
6183.1514
5627.615
0.0
3369.9048
4095.1914
5256.749
10905.302
4986.1455
9034.521
0.0
322.45657
0.0
0.0
6660.1445
0.0
25.415398
34.495544
27.831814
0.0
0.0
5272.8022
7275.495
3306.8599
0.0
0.065339565
3856.707
2658.6511
3575.9424
0.0
69.72983
0.0
7157.8677
0.0
72.71365
2838.19
3274.2634
1315.3564
6514.66
0.0
0.0
4283.181
20.966991
7516.175
0.0
64.784065
0.0
3254.1978
7631.677
20.261463
523.6865
2814.6455
0.0
0.0
1249.6575
2482.401
4951.6914
11193.244
10849.69
0.0
16882.885
4226.567
3891.273
9555.177
35.1268
1261.5453
0.0
873.4729
2296.9197
437.1652
8837.773
3733.8
4559.395
0.0
6986.916
13819.506
8466.096
6967.836
7909.54
99.01281
5359.8555
530.3248
16897.287
3949.7466
16892.678
0.0
392.93454
5638.3716
5831.108
0.0
574.8777
0.0
4401.116
382.2116
13636.311
28.46884
48.941803
12725.906
122.4355
20.836618
5221.5967
0.0
4061.5332
0.0
7774.006
0.0
8450.945
2322.7676
1897.4996
7950.7607
6742.925
1526.4434
0.0
12347.191
34.811962
845.6085
9582.053
4246.542
0.0
0.0
0.0
1996.8013
0.0
2382.4802
602.65894
11869.109
55.542328
0.0
3893.9282
2637.9277
0.0
29.459593
0.0
2383.292
4843.7354
1934.7118
2974.846
5793.245
12.660086
108.326004
0.0
2587.6182
5969.077
0.0
31.382347
0.0
42.014812
0.0
57.48925
3399.3376
8493.303
16875.432
1164.8777
2550.726
466.38586
4129.7754
6194.1055
1.1313798
4164.3687
1905.9338
2776.6475
10481.709
1067.5519
0.0
0.0
2924.7861
0.0
0.0
0.0
4309.162
1656.2767
5760.285
11437.668
3644.2603
0.0
1096.9446
73.51783
2837.84
0.0
0.0
6887.6934
13063.91
662.50726
2592.6528
2217.0781
2698.7617
0.0
5672.1343
5748.123
93.01892
4606.3906
4703.556
0.0
0.0
69.571365
2886.644
6785.1924
2967.8254
52.072464
0.0
0.0
0.0
4344.665
3808.6953
24.049644
358.1646
2857.2078
10796.154
0.0
6942.373
9768.197
0.0
0.0
0.0
3237.299
1324.2759
0.0
43.349957
24.301775
8723.788
5469.499
0.0
2021.2734
0.0
0.0
0.0
5479.076
5081.573
1144.4889
16904.125
0.0
0.0
5903.8916
1157.8826
4107.7783
0.0
3852.0508
86.199615
1812.1279
0.0
4398.0527
0.0
8872.534
0.2580142
5902.1387
0.0
810.3343
0.0
7520.4463
3920.1426
9354.609
8255.171
529.82556
6285.501
1667.2346
4847.747
0.0
4498.8623
0.0
8748.613
1634.9362
14022.111
0.0
3242.3286
0.0
121.59557
1852.6853
4261.018
855.0663
3787.1763
8638.363
0.0
4280.494
0.0
6.8390007
3767.2861
5379.325
0.0
0.0
33.469482
15.102664
7008.667
0.0
9961.653
4309.9775
0.0
0.0
16880.793
10433.162
3863.6968
7045.2783
0.0
13.078472
4531.3584
0.0
707.15466
3680.3296
53.979763
717.8811
1403.1431
1783.6315
2805.967
0.0
0.0
5330.2896
20.692554
0.0
10670.924
0.0
5685.814
7724.036
16891.691
7819.7607
0.0
3813.6628
8592.723
7250.6523
0.0
0.0
217.00214
14411.367
0.0
1794.1799
16897.086
3726.951
34.37186
1902.0889
5341.246
8543.477
0.0
2165.589
3380.6812
0.0
1340.6329
0.0
0.0
4257.1924
0.0
5513.4624
0.0
5792.271
0.0
5341.2314
893.8914
733.5987
0.0
4742.6875
151.90794
560.0104
3731.3516
64.52356
27.435955
2857.6763
16901.225
1730.782
93.10011
0.0
1526.899
0.0
0.0
0.0
1510.852
5667.35
2896.6958
6474.2964
0.0
16870.559
0.0
0.0
8342.497
858.17194
979.2713
8499.523
0.0
6709.9424
0.0
8576.49
6230.119
0.0
0.0
5659.532
0.0
37.75204
0.0
3725.7917
0.0
1842.4868
580.2212
0.0
0.0
23.738474
0.0
0.0
1300.6765
14838.582
0.0
5732.714
8379.131
6728.2446
2862.2424
0.0
7077.382
5794.6543
10053.611
2153.8013
6588.9917
0.0
0.0
16899.352
0.0
3155.0198
38.226994
4377.545
0.0
1762.6787
6258.9478
0.0
1656.4104
2486.084
3822.394
6022.998
1352.1135
0.0
68.968216
5319.0474
0.029746056
52.641586
324.3767
29.339912
0.0
0.0
12789.498
9.0678425
2893.3206
6835.8164
8474.1
0.0
901.1582
0.0
197.87556
18.16348
4706.898
0.0
86.98449
0.0
0.0
7978.24
1652.9847
0.0
349.74994
3024.1895
2642.745
2496.1633
7688.4023
7755.657
15624.328
1933.8969
5338.6953
4650.6816
6577.869
0.0
0.0
5996.318
3972.1567
9640.3545
0.0
0.0
8038.1963
4625.0195
8362.904
1854.3524
6959.4873
0.0
1989.3247
0.0
922.3817
6216.4463
4454.7236
1734.8706
2706.3665
98.750725
4768.3975
0.0
0.0
0.0
1108.6776
1864.3914
1205.2827
4868.2905
41.71675
4888.011
5796.5586
16464.494
19.75593
0.0
3735.3896
1703.2161
3746.1575
9783.527
2030.2898
1264.97
0.0
5043.509
9641.557
4546.4067
0.0
7609.2295
14175.695
0.0
1654.5059
0.0
1730.4626
3108.8325
4912.1484
4350.182
3210.8967
84.35304
7497.615
2830.0986
4681.5625
0.0
0.0
495.6567
9171.65
8160.9756
5557.7295
42.091976
7337.7495
3160.7654
38.563168
4541.661
0.0
0.0
0.0
0.0
0.0
8102.592
16887.87
7238.925
5266.8467
6057.22
29.002117
16871.926
4798.1514
9897.349
8518.176
5519.4683
2475.9753
11661.672
0.0
0.0
6.62321
2994.53
38.185585
5108.4473
0.0
9037.4
50.702126
5661.419
919.4697
14633.546
0.0
6531.9634
5230.903
11.311111
64.74948
0.0
7065.4893
3013.4956
3723.5393
76.50523
0.0
2735.503
2314.5825
0.0
9368.982
117.639046
915.65704
10150.354
2717.112
71.116165
12134.603
1893.4268
5070.0195
1167.5717
4288.8354
11324.16
6068.959
0.0
0.0
5767.518
9806.595
39.401405
0.0
0.0
0.0
3046.0662
0.0
9139.219
7319.8
3114.8362
30.414234
3019.5896
8919.834
0.0
0.0
0.0
3103.2007
45.04421
0.0
0.0
2089.668
14140.457
881.5044
6046.1006
4379.586
36.61564
4967.5156
5967.568
0.0
14886.508
3885.5662
958.0759
1874.9836
5284.5225
4485.9463
1705.853
28.335112
10654.281
6172.4653
0.0
4855.1177
1398.4851
2301.8916
0.0
6436.905
5968.1484
6.264207
2205.351
1817.4014
706.9686
35.97196
6344.9365
1.7801706
7901.037
2982.7317
0.0
0.0
982.5878
0.0
3065.2158
0.0
36.94123
7599.161
0.0
6038.041
0.0
166.0707
0.0
1867.4846
0.0
0.0
7015.6616
7953.574
4849.741
4908.2036
0.0
2141.5923
51.685104
44.078682
1812.0183
13354.99
6383.4062
0.0
8199.874
4540.9463
5141.172
0.0
0.0
10309.314
16870.594
5253.5977
10.558891
0.0
3876.4128
3883.9575
0.0
2331.8174
0.0
2283.505
8848.334
0.0
16901.082
0.6996374
5317.1694
0.0
5583.8804
73.07981
0.0
1311.5974
0.0
0.0
0.0
4000.3276
335.604
7237.409
5039.3154
7316.3345
0.0
213.32114
7263.67
2255.5522
0.0
18.99558
5999.825
0.0
8664.223
5428.827
2162.9043
27.146032
7577.3633
0.0
6241.434
40.012352
3468.0474
0.0
5864.395
1227.4424
4779.102
8196.079
5481.3857
0.0
73.88078
1446.3793
11867.929
0.0
9429.041
4438.614
0.0
2760.5203
879.4948
1408.7554
0.0
47.472996
1116.6201
3934.918
0.0
3671.7832
1054.5287
4753.939
0.0
2569.4658
0.0
4754.156
2499.189
342.02887
0.0
60.46367
9031.041
11427.458
16880.086
86.78286
1151.7144
404.33505
9861.785
6301.6963
0.0
229.83022
0.0
2489.1514
51.333794
3322.5068
6072.069
0.0
7211.206
3090.1345
2197.1714
0.0
4149.975
0.0
10226.025
0.0
2663.7422
6893.8535
1382.5586
0.0
2751.5847
53.336403
1372.9036
0.0
38.52136
3892.9146
3316.7485
16889.816
1669.4355
11548.789
28.687664
1829.5245
8313.505
3606.8184
7858.6123
0.0
1326.3918
0.0
0.0
4823.7095
5951.2715
516.761
28.38229
644.73987
0.0
3177.1218
14394.562
4391.344
0.0
75.29025
5311.5586
0.0
9668.984
2515.622
0.0
4868.146
76.346634
8843.213
16906.2
2762.8718
5899.082
8133.156
0.0
87.267395
5711.675
8762.881
0.0
10761.294
0.0
0.0
2672.1548
49.312233
0.0
6188.3584
0.0
733.66876
0.0
468.3474
0.0
0.0
0.0
0.0
0.0
2.3326304
0.0
0.0
0.0
7408.1904
3468.6133
743.9824
8316.503
28.142704
4007.6895
0.0
13517.45
0.0
0.0
15381.555
14396.904
681.6466
3469.8538
0.0
0.0
6872.0913
6416.6826
0.0
90.597176
0.0
753.1885
1920.7892
3533.184
4949.1797
2578.1118
31.167889
56.560516
0.0
66.76209
0.0
0.0
15.839684
71.84288
16885.93
0.0
1939.9504
5345.9365
5353.3867
2243.3257
0.0
7839.5586
8691.723
0.0
0.0
5551.789
4267.084
1985.5089
3801.0942
0.0
38.25092
4322.1777
0.0
0.0
0.0
8852.265
7657.9033
73.13354
2815.2043
3231.6292
7205.382
61.362602
3259.6692
15665.792
53.297867
2025.8058
5228.9233
4811.241
6246.246
31.133095
2984.1594
5220.677
361.5802
0.0
5673.6304
1051.6743
7576.701
0.0
65.953255
645.40967
1345.5789
5717.4033
8640.548
0.0
0.0
15555.264
41.683716
4740.5444
8396.742
3716.1494
4527.493
0.0
66.682236
10488.944
4583.665
690.0409
5797.914
1145.6744
0.0
0.0
0.0
7613.8906
44.409756
64.65935
5017.707
7876.8506
2965.1238
17.323332
2366.2568
29.40686
7821.1494
2104.8499
1561.7783
7419.0425
7560.418
10855.301
53.763546
0.0
11.001948
7879.504
67.192764
28.870304
3052.962
6248.7715
0.0
4073.105
81.66451
2467.2573
0.0
0.0
7535.171
8856.119
13471.08
0.0
406.7183
8195.122
0.0
1301.5532
16888.207
2039.3481
0.0
7886.176
5969.5513
38.226128
8.125865
0.0
14000.314
7497.9336
7397.881
0.0
0.0
115.84015
0.0
1203.1484
36.061905
77.6402
171.94868
1111.2025
0.0
5117.8574
816.0176
16861.512
1337.6986
1761.5938
8342.629
38.369762
6960.8447
8775.452
320.22186
0.0
1056.5372
6093.0186
96.39024
51.420208
7067.1587
15127.526
7348.7544
4397.7134
7714.6084
0.0
38.109245
8044.286
1729.3462
7388.4883
0.0
0.0
0.0
0.0
0.0
2691.85
5290.851
0.0
3250.4028
3457.0488
0.0
6574.1025
1825.7458
8125.05
5619.797
16901.416
0.0
65.49762
2177.2883
63.23799
3737.1196
879.0216
66.410934
0.0
204.06526
12893.541
0.0
8353.887
0.0
1261.9797
2558.236
805.15424
0.0
11.75355
26.576618
0.0
13.513245
3165.347
439.5465
6097.584
5359.516
6655.1475
2934.3047
0.0
6135.9316
58.012512
0.0
4408.5293
4631.7783
0.0
1427.7887
9832.66
0.0
38.114895
2891.0002
0.0
50.240097
456.8881
11298.05
0.0
11894.3125
1313.5731
1257.9819
4925.9346
10822.954
1730.343
0.0
0.0
5538.5156
0.0
7643.0947
3623.922
16875.078
2982.239
8166.589
2385.9119
28.930294
26.693417
8431.707
3860.6885
1876.2598
0.0
0.0
1025.7805
1671.0723
0.0
0.0
12542.748
0.0
0.0
0.0
2.4940796
4821.888
1870.2997
61.475563
36.086212
958.2517
16901.883
1897.1621
0.0
1263.6558
1570.9113
9419.417
5425.3857
33.110565
2508.6401
6114.8276
5819.9746
4449.535
5055.7886
11.221154
19.390455
2288.933
0.0
104.2659
0.0
44.935974
0.0
2187.3508
5660.021
2733.8745
1407.6077
0.0
3955.1824
43.987556
916.0884
9918.275
11622.514
1710.5209
13777.902
0.0
7313.2905
2693.713
1613.3462
0.0
0.0
69.92485
3795.5571
0.0
1740.2217
2159.3892
6174.9146
4154.5483
5226.4824
13391.228
4175.5674
3767.8213
1992.4624
653.5059
0.0
3750.4736
5341.831
0.0
4807.932
7039.061
0.0
7037.5107
6023.973
8164.1943
43.466343
38.09498
0.0
1547.5145
7245.6807
0.0
14571.695
5813.521
0.0
16901.602
5666.1416
16887.367
0.0
122.61315
144.63821
3141.0613
0.0
0.0
0.0
4.2121096
0.0
0.0
15776.94
2678.308
7727.4883
2833.5872
0.0
6683.7373
11166.862
16882.904
7060.532
6465.0825
6351.2646
4307.148
2197.272
8426.77
0.0
1497.8779
5746.9565
11582.06
4500.0967
547.95764
3833.0037
0.0
7413.4346
0.0
6829.3867
16882.309
6847.4
0.0
5179.6963
47.781956
1196.7593
243.29395
3964.1306
6493.595
0.0
71.59285
4502.8555
35.619606
5622.025
394.23746
0.0
13177.263
32.799152
0.0
79.67482
1.6985998
645.7963
138.9072
3628.196
4834.5376
0.0
0.0
8560.307
0.0
3235.4312
6847.713
47.44687
0.0
4322.5244
1017.1832
69.5789
311.34473
9152.564
10494.179
0.0
5244.378
0.0
0.0
0.0
10312.773
1583.5387
748.9961
0.0
1895.222
0.0
0.0
28.222467
6858.9277
14770.364
6447.6226
0.0
1294.4479
0.0
0.0
4050.5254
0.0
0.0
10165.713
702.9044
4353.4297
0.0
74.53383
1263.6366
0.0
2890.384
91.17131
118.32399
0.0
3944.9407
0.0
0.0
3340.6763
0.0
0.0
0.0
0.0
4395.9717
5219.8867
44.97912
6488.525
4750.4683
0.0
8831.231
2260.092
13048.093
3606.997
2991.5059
5719.0703
12.681395
932.21643
0.0
774.4679
9142.12
103.65892
2170.7695
56.835606
92.27986
0.0
5157.2944
1295.106
13620.703
0.0
3654.8862
15372.576
1268.5122
64.670074
0.0
56.998795
8379.229
11803.043
0.0
4410.1143
473.59143
0.0
0.0
0.0
3851.1162
4726.4453
491.69873
1.4849391
11684.144
2458.8828
1926.9667
434.0803
4472.7656
4246.0513
4301.537
2567.4143
1618.8654
1704.4053
0.0
92.40296
0.0
4350.9297
4318.5464
4875.7725
0.0
0.0
72.15648
84.75508
14624.348
0.0
59.499977
2004.375
3364.106
0.0
0.0
0.0
8847.066
4707.968
2985.3257
0.0
0.0
0.0
3772.8286
8096.586
2106.7253
7743.298
94.82045
14090.902
0.0
5508.079
0.0
0.0
10639.579
4170.2144
1836.0828
4909.1953
65.51898
3628.8325
103.3607
4471.852
0.0
6743.555
2623.6018
0.0
0.0
4309.7275
4333.106
0.0
3632.53
12000.032
28.932068
253.3565
138.38261
0.0
1348.9281
3846.3215
92.479996
7925.1055
475.45975
2100.126
47.53326
5486.35
5977.9614
0.0
5569.3164
0.0
3651.1045
7519.025
0.0
74.8298
6545.8447
2879.406
1602.75
109.49489
14256.541
16886.57
3559.9502
0.0
1684.9908
15012.224
2831.914
2365.6064
5745.9966
0.0
0.0
564.08704
808.8062
16884.797
5711.555
0.0
29.200642
580.62885
2394.194
8735.329
8183.2397
0.0
16898.93
7527.9375
85.62076
0.0
42.448723
462.34323
11895.307
11225.445
1022.039
1974.4513
14970.947
0.0
1664.1343
0.0
0.0
0.0
0.0
1899.7617
14483.054
2706.0312
3015.5146
0.0
0.0
6850.9
97.64694
6259.368
13448.565
2838.4487
0.0
7192.41
2753.4663
1548.8505
9134.545
6234.045
3203.5852
5935.383
63.60028
0.0
7576.6074
10656.387
16874.293
1956.7826
0.0
12274.352
0.0
0.0
6561.1294
0.0
1530.459
14741.576
8420.573
0.0
17.201757
2150.2124
111.61331
0.0
25.17124
12044.958
16874.715
16885.799
2517.3267
2610.6726
9740.277
0.0
7816.132
0.29776394
2995.2695
0.0
0.0
3301.8455
7334.1846
0.0
2471.9626
5822.9795
1368.2227
52.64875
1591.975
9893.689
8280.463
3450.5647
0.0
11782.858
2217.1157
10568.914
6698.254
18.849262
0.0
45.062325
8565.48
9347.663
10154.863
12276.117
34.940365
49.413673
22.814703
3282.09
3094.0652
9285.023
8174.641
11149.023
11620.832
2177.3418
6865.299
3505.1084
7905.4287
3683.4082
3549.9229
2027.2747
16880.158
1712.8357
5057.7617
0.0
1024.5703
0.0
0.0
9474.927
4494.25
0.0
80.713844
8001.1797
3037.9978
3084.212
0.0
0.0
3183.5251
4011.3228
24.780811
6885.2275
3240.1843
4289.945
0.0
4301.2466
2289.681
8439.37
9954.156
74.85058
0.0
3941.0283
5543.983
0.0
0.0
0.0
0.0
16897.465
0.0
0.0
10063.557
3887.6626
97.14528
3330.5698
16887.434
10903.329
25.250809
0.0
16888.207
3174.7974
9951.946
808.97
5897.022
4568.79
0.0
6143.1836
3962.9473
0.0
766.4214
2537.0422
0.0
1930.9612
6424.12
2349.9087
0.0
4240.814
0.0
5276.241
0.0
0.0
0.0
41.86821
10617.566
0.0
38.925842
4471.6416
6578.6123
0.0
0.0
0.0
0.0
3708.9875
0.0
13255.863
0.0
0.0
0.0
2603.5435
2625.8198
13505.844
5714.0234
6017.5537
2673.5757
3035.149
8119.472
3762.7356
3120.5664
10732.469
1158.2747
0.0
2503.594
5352.965
0.0
11.781131
5256.3413
15543.271
16890.414
6557.7207
7523.5537
3667.353
0.0
11528.773
0.0
12581.473
6687.0674
442.5132
0.0
7225.16
4638.4814
1252.5165
0.0
3912.2266
0.0
10732.086
2499.8215
75.83363
0.0
4226.501
3533.954
7533.885
0.0
0.0
0.0
0.0
23.41741
8378.184
13.847043
0.0
0.0
5051.0825
5523.722
2742.149
7337.4927
5454.242
5704.968
4653.7764
0.0
4003.8625
295.20663
0.8586148
1865.8472
15769.251
1570.059
0.0
3110.1128
344.85233
8036.9795
2392.834
4757.571
0.0
8058.6543
0.0
13986.23
1277.6658
16888.395
0.0
8448.391
255.74597
3581.0747
0.0
12268.763
475.3028
0.0
2550.0952
0.0
22.480488
1398.0927
6535.9365
0.0
1756.2805
0.0
0.0
0.0
0.0
251.38235
0.0
616.81506
5463.0444
1581.4181
7301.7896
0.0
334.6839
187.37802
2041.2133
9848.123
0.0
0.0
0.0
4924.574
7247.542
1201.2756
8216.746
24.684246
8054.521
1339.3123
0.0
0.0
0.0
14166.4795
7606.574
3507.912
0.0
0.0
8342.98
5984.243
3388.1226
3614.5085
0.0
5541.5776
40.050545
0.0
0.0
715.66284
4255.644
0.0
1836.8726
1821.8997
9641.717
0.0
9148.293
0.0
1523.0349
5529.496
14104.672
7066.5444
3401.4624
0.0
17.918863
0.0
182.19536
0.0
6580.5703
7580.8213
0.0
3426.045
404.49146
0.0
5623.61
15503.654
32.890247
3281.0662
8988.024
782.83496
92.02012
1044.5524
515.2673
5250.286
0.0
10.028115
0.0
5739.213
13310.783
33.63575
0.0
5409.853
16896.371
0.0
0.0
7381.398
43.339664
1761.5098
0.0
4298.9175
4308.5645
0.0
667.2627
2571.5137
0.0
21.250744
1969.2437
0.0
0.0
2454.9556
606.3961
388.79492
57.870956
2.7752128
0.0
629.6111
14736.387
14733.607
2367.6582
7814.4517
4310.3735
130.6706
8212.293
9182.681
10753.456
0.0
8374.092
4635.2017
13.15405
156.11418
8870.886
0.0
3710.5325
3426.942
3940.0679
0.0
3493.2373
19.529467
7840.545
0.0
4972.8003
1078.2056
6029.4834
3485.2192
0.0
2336.561
0.0
7691.224
3346.391
10925.905
7341.822
8594.762
0.0
0.0
2701.837
961.41284
9696.486
29.774277
8327.48
0.0
0.0
0.0
12895.566
0.0
0.0
0.0
3881.8875
0.0
35.425556
2312.2773
0.0
9225.239
0.0
30.807262
3781.8018
4123.323
13691.545
3891.9111
7286.348
0.0
6292.495
2430.246
5048.2803
5727.002
9709.117
117.32377
7256.633
72.38044
68.144516
2901.0054
13846.068
0.0
5884.465
11060.385
5239.2314
33.60671
2227.7495
21.675919
387.042
0.0
1421.5005
9222.419
16862.803
4282.675
23.760483
12045.471
1414.7396
0.0
131.89966
1176.7285
9213.391
4490.877
0.0
0.0
0.0
0.0
2021.9031
0.0
7889.33
7089.008
6247.9307
9378.965
0.0
0.0
7020.201
9516.894
0.0
0.0
20.14212
1765.1028
0.0
0.0
16867.305
453.4721
10549.137
5411.193
0.0
464.1706
27.537676
0.0
47.03913
2965.9822
4024.4456
6748.015
1793.0422
79.411194
3811.4382
16885.111
6070.4385
3543.4648
0.0
0.0
8782.709
6063.8457
6.7065754
10486.846
6388.9473
15058.012
0.0
46.124557
433.52545
6965.6313
0.14564754
5788.327
8907.228
3456.286
16896.156
2931.282
2321.328
9881.124
15.877172
5758.7925
8809.684
0.0
3953.3892
14170.004
11674.66
3600.5103
7333.786
2145.5107
7093.5146
4146.417
9755.483
7903.9355
2434.8728
8442.684
121.54102
2537.9294
160.84805
11944.88
0.0
1607.8754
4790.217
3896.5818
0.0
2410.3242
0.0
974.5049
24.625088
0.0
1843.949
0.0
14511.33
27.551262
3505.437
88.95393
1818.0432
0.0
7339.2275
8531.076
59.966057
9000.058
5307.628
86.01904
4.01355
6391.6978
1352.7554
2050.9673
48.15219
453.1269
12867.088
8518.717
0.0
7069.0713
5025.9272
5204.785
2112.8477
0.0
184.65656
6044.31
0.0
0.0
2287.6804
0.0
43.966915
983.2158
0.0
7207.9463
6423.386
0.0
6082.3916
3664.9558
4250.262
0.0
1679.8389
0.0
7346.4277
4130.596
4285.1914
0.0
0.0
0.0
0.0
1699.7686
0.0
0.0
2081.229
0.0
0.0
0.0
35.58212
5719.901
3357.4463
5166.553
9431.132
4104.038
1860.2241
0.0
11515.8125
10872.303
37.11559
9370.163
1093.0873
160.78806
16883.387
2050.4526
0.0
5400.7207
0.0
1135.6409
6299.517
0.0
2795.3406
8223.91
0.0
5106.352
88.33066
0.0
3266.176
3002.4556
0.0
4143.4463
25.69393
0.0
0.0
9632.934
0.0
5.325852
3180.4387
4880.841
7946.247
130.37082
0.0
1450.4805
8622.864
0.0
0.0
4016.417
2490.328
6865.3237
2996.833
36.77349
6437.4453
0.0
661.7766
13051.379
1194.0325
0.0
2234.49
0.0
5412.391
5187.443
32.872116
0.0
3454.4316
11427.096
0.0
3522.8066
0.0
3504.6865
2514.4915
4821.578
0.0
0.0
19.777473
2170.0261
43.51294
0.0
3097.5312
1497.5669
0.0
4509.664
2112.8438
5029.4014
2624.77
0.0
5735.207
11820.315
55.741882
0.0
7.456455
16892.248
2320.1714
0.0
5094.6562
989.2031
35.08628
0.0
3.5023453
72.4772
3183.8948
15516.563
2695.8994
0.0
0.0
2671.5588
0.0
3418.214
7345.034
2738.141
467.38983
5207.621
0.0
47.877563
10547.523
8042.3066
907.443
0.0
2666.1938
16865.967
4112.745
0.0
0.0
0.0
6113.299
32.42463
2958.2292
0.0
0.0
2523.252
0.0
0.0
9360.732
1155.6115
5281.7104
30.854782
16893.107
0.0
0.0
0.0
0.0
24.422413
63.719147
0.0
5348.0938
7895.186
1211.5447
5279.9473
16872.697
0.0
0.0
0.0
16884.04
3357.9834
6671.5547
0.0
3124.0933
16890.756
0.0
7030.5366
0.0
0.0
6107.876
30.366192
1693.0708
2237.231
0.0
0.0
983.32996
3729.506
5479.8906
1529.2991
634.64465
32.47711
0.0
1990.8643
0.0
4374.5215
6446.359
1737.5762
0.0
6143.715
8876.481
5296.4404
4487.8096
14126.092
1586.0298
0.0
1480.362
12272.703
0.0
0.0
0.0
697.8628
0.0
2116.389
0.0
0.0
16908.225
10.304167
8112.073
9105.42
1978.4255
28.577341
0.0
0.0
2924.5566
46.327263
0.0
0.0
55.205505
1068.1991
0.0
0.0
1509.9829
4520.8506
5155.9424
7285.38
0.0
1087.0928
0.0
0.0
65.16513
1031.8094
16896.13
36.855858
1268.1794
3428.5864
0.0
5652.1084
26.060757
4758.0527
0.0
252.30109
7235.6475
5355.665
3785.2454
66.91585
451.12225
1327.5342
6823.918
43.37872
9904.767
4688.577
3098.8157
56.44667
0.0
0.0
441.2876
35.544807
2648.5945
0.0
0.0
133.48218
0.0
4020.5752
2028.9817
0.0
50.799644
16887.6
2773.4446
0.0
4665.406
0.0
1.0976855
0.0
2180.2688
16304.182
8437.077
0.0
555.4001
4228.043
0.0
0.0
0.0
0.0
16883.969
0.0
6331.7847
1155.7124
8584.32
5363.9775
116.24075
4179.762
1666.3242
2988.6711
47.237946
0.0
0.0
2932.0552
14650.289
5737.4146
370.97473
5822.768
13594.56
4297.7656
3244.4348
0.0
121.27814
0.0
4235.567
74.564926
0.0
2638.2432
56.009666
1072.4767
4971.7485
0.0
6090.4927
0.0
4588.2666
0.0
35.256214
16864.36
40.199635
16886.594
0.0
16890.426
11131.825
4413.721
3958.1743
3256.4631
13136.947
11810.859
2561.3965
0.0
3178.3442
3796.1118
0.0
3032.3984
1105.5334
5230.0947
0.0
4363.0137
0.0
4635.246
944.4033
3512.4683
2156.6616
25.450794
8336.586
5290.702
10477.23
1524.853
2497.1592
0.0
0.0
0.0
9433.879
0.0
11.106961
5669.5767
0.0
3516.6938
33.74931
0.0
3748.956
3257.678
4247.5986
2245.0464
4803.366
3437.6426
4213.3525
0.0
0.0
0.0
993.81146
0.0
65.80866
10165.059
0.0
6586.701
0.0
0.0
4707.591
0.0
239.3866
45.851295
0.0
0.0
6117.5923
10812.753
1914.5164
79.10149
0.0
1528.138
0.0
11693.021
5788.126
0.0
6216.2227
26.392181
0.0
0.0
0.0
2913.9204
16874.422
0.0
6520.5786
0.0
7592.5107
7185.374
1602.0957
3253.0664
0.0
7202.0225
3622.6348
2974.2915
571.41345
0.0
6466.0444
16898.553
5176.9756
1475.8014
10118.889
11.094291
26.21837
42.253937
2370.1914
6092.313
0.0
8045.202
130.78674
49.34577
10917.394
8481.301
2948.1992
9211.287
0.32572234
6378.5366
8333.909
52.83937
8095.542
1446.126
0.0
3751.8955
3451.5679
8244.49
8104.921
9447.59
2766.1853
4684.6396
3149.8303
45.83295
29.431763
3957.7222
0.0
50.63748
66.10425
5244.201
0.0
3937.997
0.0
6453.7437
10018.635
6443.9604
255.32317
827.4453
0.0
16883.754
0.0
2559.6636
0.0
2745.6274
3564.6223
2296.6228
14207.705
0.0
0.0
1068.066
31.646572
5934.949
44.782124
12102.363
1006.197
9973.085
27.09131
0.0
31.20971
12633.572
2125.8877
2684.8022
15076.619
0.0
7548.9185
36.449543
2238.6523
1095.5399
0.0
7141.7705
0.0
7127.4663
0.0
2013.762
0.0
2774.4321
4431.2075
6105.6577
0.0
38.212433
7103.874
4130.1514
20.175943
3391.9417
43.96934
0.0
7452.225
8958.761
1736.4989
0.0
2973.8816
0.0
3384.0525
7510.297
3925.7922
3782.525
86.7472
45.532112
9375.417
0.0
4929.21
5719.9233
2646.4863
5403.56
4387.4517
47.42468
11295.738
16869.258
1922.3274
27.116325
6330.455
1079.8896
3731.2598
3740.0688
0.0
5496.741
3098.8438
647.8823
1252.1218
0.0
5501.9106
3490.8594
0.0
7184.3926
8748.523
9994.73
0.0
8481.332
5853.22
16894.355
16796.318
0.0
3523.8062
4312.6865
3566.4175
1901.6935
62.384148
2020.7394
3575.6016
0.0
3044.1538
8087.758
0.7572472
11964.306
4475.381
1442.5853
8863.827
6769.9434
7450.574
4405.578
0.14521027
24.005138
90.198044
6768.5557
4389.3975
2929.4595
732.2616
1859.8347
1858.6907
4239.7314
5836.8047
16353.66
0.0
3933.6836
6616.7744
6425.276
0.0
0.0
77.40751
1393.7778
3493.4976
0.0
5003.1436
92.16496
5730.512
9614.902
8984.179
2083.794
1085.6486
2992.836
1400.5088
0.0
16900.662
0.0
46.536587
0.0
0.0
112.98804
4920.6543
0.0
135.99463
3893.3687
13797.255
2553.2803
0.0
0.0
1800.545
0.0
24.908365
0.0
16890.645
5489.5435
3024.5596
5343.913
6081.1855
12197.529
6043.7837
80.45112
6545.4536
1492.6085
5724.6562
9187.6875
0.0
6316.5923
0.0
75.17808
16820.531
23.197842
15.966424
76.322525
32.314896
2356.4402
911.68665
1558.7789
8449.287
5602.4194
2672.1045
89.07055
0.0
0.0
0.0
0.0
16893.096
0.0
5301.4707
0.0
2325.415
5556.9004
1886.7241
0.0
46.771973
2159.861
2271.1528
1975.2339
98.0537
6756.723
0.0
0.0
3651.8916
8254.629
144.10414
2435.744
0.0
3931.4524
4138.166
0.0
62.434814
0.0
3357.1592
59.793015
0.0
639.3233
2334.3796
2435.7346
0.0
14987.578
0.0
0.0
0.0
4673.784
76.593445
28.216951
7305.0166
28.633064
4839.39
0.0
12560.085
4764.467
6674.734
16871.475
5700.6074
1.5193304
93.626015
100.285736
2513.418
0.0
0.0
6274.169
0.0
4514.9575
0.0
1874.2925
0.0
7316.247
0.0
0.0
0.0
2520.2085
0.0
4394.198
0.0
1135.6887
137.40848
34.744503
12002.53
34.761833
1132.966
4768.0986
9338.1875
4354.1797
27.580269
214.57788
2978.425
13457.709
79.77341
1416.0186
4432.8374
5074.036
0.0
0.0
2132.9644
9158.092
14510.87
0.0
7825.0176
13073.924
5566.202
3837.6577
3791.0352
3568.6262
7286.048
0.0
0.0
93.10809
4443.248
0.0
4200.0625
0.0
3955.981
3327.0737
342.65018
7417.8545
3243.7817
7172.6045
136.1215
9070.461
8385.504
0.0
2028.947
2379.6133
0.0
2756.8977
7642.347
1485.7117
4544.368
0.0
7547.9136
5096.2964
2013.4711
8689.051
5749.33
7641.376
10402.674
2262.0288
4417.692
0.0
0.0
11690.696
16877.223
16879.14
0.0
5355.171
4547.997
1672.8138
0.0
22.655922
844.83984
0.0
5543.6533
1961.5344
3.6242747
3702.3215
16869.262
16267.436
3658.145
0.0
86.934265
2403.7144
0.0
0.0
2825.294
1927.7589
4341.169
5766.545
413.2088
0.0
876.4669
3239.8618
0.0
5601.034
2256.6985
3898.205
0.0
1791.8032
2999.4744
0.0
0.0
24.558502
2516.7742
113.38638
3164.8767
3208.453
2309.6057
7223.032
3.5357454
1350.6196
6710.99
0.0
0.0
5122.7793
0.0
14429.01
1154.2566
4294.1455
0.0
63.379673
3328.3203
4347.8584
0.0
16881.2
29.743088
8847.206
7024.5684
7.435137
2117.8008
0.0
6321.548
4695.1562
8917.129
9033.248
495.67523
146.15689
68.0614
0.0
758.7549
16908.963
3931.9893
7476.61
8071.8105
8653.871
79.44656
43.041145
87.224434
2734.3506
0.0
2684.824
4991.425
0.0
5711.312
0.0
0.0
4397.9365
0.0
11082.905
2150.6775
1478.1036
1863.8629
967.7471
0.0
0.0
1252.7992
0.0
3077.7424
4638.961
12651.51
10909.418
1463.2139
4317.6704
1697.7681
1987.917
0.0
0.0
413.3802
1238.9102
2390.3752
13990.292
4394.927
8009.455
8213.907
3265.567
2826.058
4419.661
1723.4604
946.24054
0.0
13076.991
0.0
4182.9897
10113.152
7937.211
1449.3035
0.0
0.0
0.0
3529.87
38.49546
733.3981
31.773455
5244.9736
46.145878
0.0
108.69133
4409.2817
42.48217
1256.6459
3156.072
0.0
544.96436
10250.89
29.031763
0.0
0.0
266.9939
22.010912
3872.895
0.0
18.40726
3412.2568
0.0
0.0
0.0
12487.553
0.0
4271.2866
0.0
4181.7373
3667.561
0.0
2232.0757
3716.177
0.0
0.0
0.0
3190.125
0.0
0.0
0.0
6342.2534
6408.8604
7130.5186
0.0
0.0
1873.0588
0.0
3106.8374
39.291855
2010.9658
0.0
7276.987
9555.196
9835.404
4296.913
55.1751
0.0
14599.235
3164.897
1450.5513
281.8449
35.358227
16851.703
0.0
8688.38
7568.0273
14481.871
0.0
8794.372
0.0
0.0
3826.753
11480.464
5852.6475
0.0
3955.5156
1788.3899
5514.7344
0.0
8.463961
179.52115
16888.281
29.274813
4727.6133
4436.734
0.0
73.07285
2011.825
0.0
4386.292
10869.202
3301.7393
460.1634
1116.5781
0.0
8124.7656
45.68032
0.0
7140.934
7293.545
82.56795
9342.792
13898.641
0.0
1702.4124
6783.199
4851.3096
9800.509
2039.1526
0.0
0.0
0.0
8862.936
13837.718
3140.5679
16296.645
8954.3125
558.53864
0.0
12216.351
3028.8413
3533.3618
95.35791
4653.7334
0.0
796.6406
22.11901
6183.259
4418.333
5659.331
16874.16
2177.443
3607.6758
3246.704
3903.4824
0.0
0.0
0.0
5550.0405
5236.475
10522.825
0.0
7877.4287
4799.8633
5072.546
5.021022
0.0
0.0
16883.77
2198.2231
0.0
6275.7314
0.0
13275.504
5843.4297
2457.8423
6936.006
25.412237
22.633755
11736.143
0.0
10615.979
16888.725
0.0
16822.945
1177.2054
0.0
16827.285
1448.8566
16897.857
5570.045
0.0
7626.059
0.0
12724.992
1929.4464
0.49194884
0.0
7071.549
32.49902
33.932907
3819.1409
3258.6436
5356.316
0.0
1263.7649
50.54378
0.0
16883.236
0.0
16.943247
0.0
3346.497
77.29531
0.0
2463.4883
1933.7039
2807.7173
6014.0757
5430.911
8145.204
9517.053
0.0
0.0
5545.7144
3432.0564
0.38401982
5608.0464
0.0
23.870564
0.0
1892.0367
2342.2112
0.0
3086.4348
6255.7646
16868.22
98.6254
1022.78076
946.31683
1318.7378
6258.199
3241.6948
809.1257
0.0
2232.4626
7778.2197
6475.8125
2263.3262
2178.3618
2411.7478
0.0
0.0
3538.4893
4495.437
16894.396
0.0
0.0
1005.5594
76.29465
5554.7534
2268.6692
2386.2915
0.0
0.0
16889.633
856.322
16375.898
4289.6387
6057.871
11891.404
266.88562
36.95362
2487.4363
33.644356
4369.847
1015.1633
8777.262
3559.5957
16902.334
8717.051
4814.887
5734.7773
0.0
7032.448
3628.871
0.0
0.0
32.38169
3113.9578
4753.6357
958.95435
87.613144
57.395744
3698.853
7670.0806
6852.0566
3413.7466
0.0
2649.6433
671.1027
9598.447
0.0
3626.1753
8684.207
0.0
3182.8196
2447.0095
7666.1475
6956.7686
26.889212
9.3221035
0.0
2560.9634
0.0
90.28504
0.0
7086.713
10621.514
10727.357
3731.6348
4403.4062
0.0
0.0
114.94307
10330.912
5534.6567
5502.4062
5203.5034
3746.6724
6004.6973
4681.9604
16885.494
1301.4596
5844.353
32.59449
5653.372
1846.321
129.7811
1736.7349
34.90741
96.84226
7134.483
4361.5015
5315.3213
2604.1116
0.0
4322.386
2812.6233
0.0
4611.826
1682.0356
3942.511
128.70691
0.6451767
3569.7075
4125.8076
8299.33
3883.4536
8311.614
0.0
1655.6763
0.0
8807.848
12969.029
0.514379
7617.5747
111.354324
5996.6187
14709.334
7749.0327
0.0
0.0
0.0
78.60768
0.0
0.0
6042.8994
0.0
0.0
41.88358
0.0
2930.6487
0.0
390.07025
70.26904
0.0
10772.944
34.23378
16895.45
2970.4033
0.0
0.0
26.972446
1283.2369
0.0
9264.835
2344.4338
0.0
2922.916
26.27496
8376.888
247.92154
1450.3854
0.0
1800.1364
16024.84
1800.304
1279.8027
61.680984
4976.53
3528.2075
19.999928
0.0
3356.4375
1412.3286
0.0
0.0
1562.7827
0.0
12706.164
11456.276
3908.1602
143.86526
0.0
1220.0564
0.0
6.144182
282.89917
0.0
7089.7886
31.062393
0.0
2153.5222
0.0
14145.835
16615.824
0.0
2376.9783
0.0
13526.508
1507.0569
0.0
26.981722
67.836914
2928.2817
5481.2344
14088.331
0.0
0.0
4198.324
59.317787
1054.207
0.0
6689.1475
15359.61
124.44249
666.8858
0.0
0.0
1536.4916
0.0
0.0
230.73047
7667.0117
523.8074
12048.268
8679.26
1758.1909
71.70491
11622.387
80.6955
0.0
3880.5767
3342.4722
67.48765
1197.944
3906.794
4676.623
556.651
4723.586
2839.516
2400.9905
16895.482
1727.7759
4744.47
82.236435
9887.684
5689.9775
3004.105
31.99591
77.36736
8522.227
64.2252
0.0
574.0024
0.0
6200.8213
12445.082
0.0
26.375565
4228.3315
79.17129
0.0
59.32378
8775.628
384.5634
0.0
0.0
2294.5164
1271.1785
5106.9014
5700.9663
2314.451
4171.1997
7982.674
0.0
2782.7405
0.0
0.0
0.0
8117.532
0.0
32.0136
3410.6714
35.45493
3456.433
5726.2256
311.94067
5562.984
16883.008
0.0
2420.734
0.0
31.815544
29.605545
29.311275
992.9186
28.368345
4904.2554
3967.4663
0.24237168
0.0
1110.5319
0.0
1803.4944
32.473152
0.0
0.0
0.0
10818.324
5493.995
4367.5073
85.943726
2422.984
2525.188
0.0
8765.995
3325.2078
8.787542
2162.471
0.0
0.0
5175.437
72.48915
5226.913
29.57218
0.0
16550.053
102.78366
25.499828
0.0
1190.117
28.204437
46.773876
0.0
4386.0293
270.1565
821.00867
622.54553
4375.04
0.0
1946.5459
5789.5957
2933.287
14637.757
9990.82
12687.514
12513.72
0.0
4612.1367
0.0
6839.531
0.0
0.0
0.0
0.0
0.0
1787.573
5097.7417
0.0
10465.635
3262.7832
1373.0138
0.0
12178.1045
0.0
53.184288
0.0
4871.4546
0.0
0.0
1153.8733
230.19315
7230.972
0.0
510.5646
4169.999
2067.2568
0.0
0.0
5055.2173
1712.8337
2488.8315
0.0
3930.876
7799.399
4449.6006
0.0
302.6192
10518.57
0.0
88.853836
0.0
5956.079
2714.8625
0.0
0.0
4460.4136
4140.954
35.35183
43.93628
5672.715
406.23434
16873.066
0.0
0.0
0.0
6976.0176
2351.5464
541.4381
2967.2976
0.0
0.0
0.0
2907.8892
0.0
16876.473
0.0
1335.8198
2545.3809
5494.0757
4981.7705
628.89825
0.0
61.852814
4266.6987
0.0
3831.4692
30.109074
29.227953
0.0
0.0
930.49585
24.904701
0.0
3215.101
3301.6726
2401.5273
31.39886
1937.9565
1285.782
0.0
0.0
0.0
3987.9668
0.0
12584.179
4900.855
25.76609
0.0
0.0
672.0749
46.92517
313.00293
2645.91
2666.338
0.0
7548.6772
3348.5715
0.0
0.0
5226.8325
8223.275
0.0
6555.575
28.863604
13.215634
3390.523
9215.693
4787.4526
0.0
3965.4395
0.0
14299.104
0.0
3413.2754
0.0
5174.6714
3876.7036
6099.464
0.0
112.8876
3543.5178
0.0
0.0
1829.0994
2191.045
556.2925
3250.6736
0.0
108.585945
8627.915
1586.669
12502.66
8091.792
6740.2754
0.0
62.279842
2505.2932
2659.641
4431.3003
76.74948
3371.8457
12003.439
1976.843
4259.9126
7710.523
118.5901
0.0
0.0
0.0
0.0
15666.038
0.0
5858.562
7851.4424
1997.3491
8136.4355
16.10919
1399.9506
5263.483
528.66284
2016.8596
414.39548
5762.793
5395.447
7220.177
61.75035
3128.831
8718.1
0.0
2429.7026
40.862732
1271.657
3910.9385
0.0
708.22473
4763.0757
10617.989
5011.106
0.0
1584.842
0.0
0.0
90.4216
8929.779
0.0
4774.0176
0.0
848.7442
4004.5005
9871.311
2315.6328
3146.2998
0.0
0.0
1301.943
1037.3162
0.0
81.105675
0.0
0.0
3405.5828
68.10185
42.793137
1666.2605
124.530266
0.0
5451.5312
41.2136
4936.721
0.0
0.0
6087.2905
7868.6367
0.0
0.0
4836.7295
4852.8843
3129.2278
6949.742
3280.6387
7217.449
20.956013
118.486084
13440.602
0.0
0.0
4643.6963
5563.5713
3316.591
3650.336
0.0
0.0
0.0
0.0
6487.3457
8122.377
0.0
3536.2007
981.9226
16887.602
28.856274
1.9616916
1967.509
3820.0615
0.0
63.115173
36.652245
4483.265
963.3314
77.95123
4339.729
5523.206
0.0
0.0
0.0
59.773552
80.79921
4317.87
51.527313
7957.2363
5295.9585
7900.56
1762.4319
28.182966
16.822832
0.0
1299.876
16300.498
3843.984
1370.3165
0.0
0.0
823.1033
0.0
3556.356
0.0
3491.215
7579.5244
14201.539
0.0
6125.1763
5109.009
1437.345
7553.1377
1583.1761
10712.351
236.39932
0.0
6890.0703
0.0
0.0
3209.8638
3418.2722
112.36926
9132.318
8273.015
2797.2566
78.001236
0.0
67.93535
3391.8618
0.0
2327.415
2900.656
0.0
5348.9717
8469.609
3472.4229
66.537445
3003.9385
274.00735
6087.9937
9446.822
0.0
5425.3145
0.0
3392.0469
0.0
4058.4434
12050.528
8648.76
0.0
10200.557
49.786285
5385.6475
0.0
27.45157
0.0
5348.674
0.0
1800.4927
852.9236
0.0
162.047
0.0
4652.963
0.0
0.0
5528.961
0.0
0.0
1610.5043
0.0
0.0
12124.508
16862.861
13361.566
16889.582
0.0
1357.5012
35.551342
5867.1836
8478.591
19.929087
64.210434
0.0
0.0
3339.818
209.22733
3871.824
402.6587
6764.6885
3604.5356
44.93521
5478.1587
16878.83
3441.212
6984.199
33.544132
4799.8125
1381.8079
0.0
0.0
0.0
0.0
6655.4062
127.13926
0.0
4744.006
599.73004
2172.7754
4671.919
16871.225
562.12854
4314.1753
2167.5496
78.20403
68.41349
4959.1416
0.0
55.990738
0.0
58.133038
16878.523
0.0
1919.7405
597.2811
15165.49
0.0
6429.1807
7499.8413
4824.2197
14.900823
5197.421
714.0901
58.33529
3838.0679
0.0
2098.2454
1880.0383
0.0
14.17201
16898.268
0.0
2858.3145
0.0
0.0
0.0
2305.602
9671.651
21.455753
542.1343
40.026382
8139.853
0.0
0.0
0.0
5742.5713
1427.8883
3000.8167
0.0
9712.612
9688.193
4364.9595
1033.3135
8853.102
2059.5154
7720.0454
3846.788
0.0
9685.016
9974.322
0.0
6707.648
0.0
6059.687
253.52368
0.0
8403.824
62.418877
1097.1846
6560.1885
0.0
0.0
23.951757
16899.832
372.5144
0.0
58.35366
0.0
7881.8354
0.0
30.24716
12996.009
56.900322
24.511383
55.21392
2975.8499
0.0
4792.5615
13.936898
0.0
165.02621
0.0
5078.3623
184.9017
0.0
37.960052
2403.7717
2814.7517
0.0
4837.678
0.0
1792.289
2635.462
0.0
3598.8757
0.0
48.93252
5959.326
0.0
4908.758
0.0
1906.8336
6678.8013
803.4574
2238.7642
6662.5176
0.0
2685.2817
11090.255
31.00741
1339.771
0.0
3576.9294
0.0
5901.7295
0.0
0.0
0.0
32.914825
49.086323
0.0
25.218918
0.0
6027.9863
3851.612
0.0
0.0
4496.0605
0.0
3838.6543
1083.4541
7092.153
0.0
0.0
67.68303
5146.0728
16882.51
4111.8447
25.529875
3379.3457
38.803535
2907.8105
0.0
6870.7114
1258.4158
0.0
0.0
2841.2126
5489.3286
0.0
2187.2437
4954.9043
8802.8125
102.22767
0.0
67.46356
9509.158
0.0
1873.3508
5.6678104
51.849552
0.0
5308.236
8400.105
0.0
16030.213
7719.744
5459.817
797.4387
0.0
7107.377
111.56969
0.0
0.0
7145.1113
29.743773
7335.398
16893.68
84.07269
10026.149
0.0
6282.2656
0.0
5789.579
0.0
0.0
0.0
0.0
0.0
10162.783
5209.4644
7706.91
8818.768
0.0
117.44618
0.0
37.034523
1440.9214
8.52063
12597.504
0.0
2273.5134
0.0
4429.7993
0.0
4511.8374
0.0
2866.313
13102.221
0.0
102.96616
2064.5156
0.0
47.11178
5303.21
0.0
0.0
5360.0645
0.0
9637.244
4694.5996
8517.742
6371.4746
12492.223
1350.0795
64.329445
6541.094
0.0
1127.5829
4953.6167
720.69977
6969.935
39.19343
0.0
0.0
63.48645
1202.1212
46.010365
5457.02
10777.605
16898.113
2285.598
0.0
9670.856
1577.0612
557.67303
6039.4404
5554.747
7558.5596
14122.34
0.0
0.0
8877.148
0.0
4625.5
105.968414
6678.718
12461.605
2208.7278
5729.243
0.0
0.0
0.0
23.603153
3438.6116
8524.38
0.0
6282.5767
0.0
16865.531
0.0
0.0
37.616413
3024.1072
0.0
2135.8298
0.0
0.0
7283.448
1741.4854
0.0
0.0
4434.8896
6088.252
556.6786
1720.1934
28.741505
0.0
0.0
10950.928
7060.133
41.507767
10876.332
1857.9016
49.208427
4511.996
86.390686
1448.8794
0.14608374
6079.0464
2338.1182
3520.5103
7984.994
2386.7163
42.404373
0.0
5609.309
154.98232
0.0
33.05321
0.0
48.102036
7102.9473
47.691208
1133.4614
74.52933
2727.8308
7233.2744
42.316143
5170.3677
4546.094
5257.791
15593.732
3807.0386
1631.1611
0.0
16882.566
473.15192
0.0
0.0
0.0
6.415101
1403.6593
0.0
1994.8123
3105.488
12.907646
186.41489
28.22414
9917.115
5197.13
0.0
4587.2886
10002.939
1107.5752
13480.366
8389.749
33.51203
2811.1765
7450.0
0.0
5198.25
10914.519
7635.1035
1410.6268
3482.2778
10317.69
22.386658
51.8937
0.0
0.0
0.0
0.0
1867.8059
1803.8367
2047.2275
0.10179946
0.0
5722.4478
16758.434
172.77481
2058.0454
0.0
1042.7408
0.0
14672.828
3872.3389
4848.787
6790.026
0.0
4335.6797
1891.8687
2450.839
5591.047
0.0
0.0
3217.998
3955.7053
108.339325
0.0
7764.438
0.0
7153.039
9489.059
1984.9607
2976.9858
6586.4873
5756.0244
0.0
7100.375
19.40755
2020.2805
0.0
2238.8594
0.0
0.0
0.0
3.606975
0.0
8555.865
83.83678
3719.7812
0.0
1712.5444
9767.158
42.418736
0.0
5811.671
1100.4712
16884.223
7867.6646
15043.346
5658.8037
1261.9905
23.402184
7825.5264
0.0
0.0
12324.344
14.386891
3194.373
0.0
9929.271
5723.8877
6859.3516
5782.157
16873.547
0.0
2865.8057
7694.4023
10028.064
12344.57
0.0
3830.3687
0.0
0.0
4471.782
8686.571
0.0
2349.4077
5971.496
15148.963
9175.42
4697.044
4779.918
0.0
6217.383
12267.416
3757.52
0.0
6193.9565
5354.1772
1615.1721
4747.0684
4323.1113
6323.5576
3297.7134
0.0
1440.861
0.0
0.0
585.07135
4067.7205
3008.9797
0.0
2445.7686
0.0
16881.41
2315.1865
4606.5566
2884.3223
0.0
16888.232
15091.401
1540.045
4793.424
15688.049
8005.166
2361.2405
5053.601
0.0
4516.0137
1339.4203
0.0
2995.2622
6292.428
16885.512
5963.428
5950.124
893.36194
4556.953
6866.216
0.0
52.813007
20.33114
5529.3755
1846.6702
61.542557
7377.1953
45.058846
9430.34
5435.379
11077.957
0.0
10252.842
3193.067
1656.2662
0.0
1323.8401
6935.784
2763.1343
1559.8184
0.0
5425.1875
787.30054
6084.0825
36.721226
3729.2275
0.0
1912.8329
2514.4421
0.0
9773.185
0.0
10490.768
0.0
541.555
4042.5073
0.0
958.98425
0.0
1131.5585
2110.5068
0.0
6593.0396
11274.723
2793.8555
6189.105
0.0
0.0
7588.7744
4285.7446
8733.332
3532.8574
16908.758
4741.376
13883.268
0.0
0.0
8567.447
4914.3037
9319.726
0.0
7581.9463
0.0
62.996956
5629.936
6862.2666
0.0
1292.875
4818.9897
1284.05
7608.331
556.20496
2696.4282
0.0
67.3008
37.64566
0.0
3104.7397
1041.957
46.851902
0.0
6271.9243
10771.349
4356.873
4777.588
593.76355
1710.581
2985.3591
0.0
6483.665
47.02503
0.0
7678.162
0.0
12212.253
1169.9124
2647.4526
55.074833
9486.343
10498.806
0.0
4806.2305
0.0
3277.4932
2400.1025
0.0
265.95593
16878.855
5280.2925
2414.508
1015.5331
0.0
9877.861
5314.97
12758.595
2016.2599
62.627003
16899.371
0.0
1002.95013
0.0
8883.652
2635.8804
3104.4426
10221.436
0.0
0.0
101.8952
837.62823
9279.472
0.0
4562.3105
3603.5205
1914.7739
5832.9766
0.0
2579.3508
67.68205
194.79303
4622.364
0.0
0.0
0.0
0.0
16879.443
38.19326
0.0
13.976521
95.00782
6671.535
0.0
11566.965
1788.3296
2636.685
745.40753
6612.7197
0.0
9831.532
9568.689
5347.916
6691.3096
6895.1553
0.0
16890.63
8656.038
81.37408
764.1664
5694.735
4816.5747
0.0
19.8315
1037.5725
10815.292
5548.509
0.0
0.0
72.321594
25.97526
4534.759
14482.902
0.0
11993.922
12016.857
16614.447
0.0
2176.5305
9244.691
1296.382
93.68259
0.0
10936.386
3614.5728
1526.4954
6.873514
5178.0923
2679.1777
11828.862
6287.752
61.043686
9898.901
7460.1875
1113.5176
96.19392
3902.2656
120.508965
2209.439
0.0
0.0
5515.6323
14014.773
4145.251
206.39821
7.327885
1688.7662
0.0
33.353928
6887.214
14777.068
16844.709
0.0
9130.614
3380.1206
699.32556
5527.336
0.0
30.066174
16897.547
0.0
91.40172
3596.3418
0.0
230.82236
8091.7397
540.6989
0.0
4196.8574
0.0
636.36145
1020.2057
0.0
5394.861
41.277687
6279.2026
0.0
0.0
12923.633
72.37417
0.0
4828.551
0.0
50.615105
2517.7666
13134.9
16904.969
1785.7499
7915.3467
0.0
1403.7372
1838.8984
6945.4863
0.0
6927.319
0.0
3974.2007
0.0
23.42931
12062.401
9156.773
3241.3293
3170.035
15458.775
11322.104
0.0
0.0
16424.582
9831.898
3882.8684
3800.6245
2785.7195
0.0
231.08585
2066.0815
1640.7582
0.0
5.859059
24.562153
0.0
3024.835
5995.3945
0.0
5374.156
0.0
0.0
0.0
8955.63
73.32085
4393.392
9071.936
12545.166
1190.1895
1393.3987
53.398476
88.08034
6185.928
0.0
46.417545
10126.324
14169.96
0.0
64.93805
4533.534
4215.2036
8397.592
12749.299
0.0
10479.695
12694.525
5683.1274
0.0
0.0
3.5899744
0.0
2694.067
6266.9365
0.0
4804.047
17.71421
3732.1558
0.0
3732.6682
772.90985
2688.507
883.4231
0.0
0.0
4021.5718
5577.989
0.0
8389.609
16874.959
16881.883
16903.637
16893.033
0.0
31.311611
0.0
4646.159
0.0
14942.071
9806.221
2.4403367
59.48429
0.0
64.779106
1147.9258
0.0
0.0
1216.9253
5502.744
11718.574
94.25801
0.0
1974.1724
0.0
0.0
16873.473
2110.7913
127.76204
1248.6566
0.0
11483.029
5444.051
11899.959
7508.8047
70.511375
1582.9293
2589.819
11229.197
0.0
0.0
923.08936
1208.8485
1235.1246
16896.164
4975.7197
2677.7568
0.0
0.0
9006.331
15332.828
62.953316
0.0
12446.525
83.63836
0.0
10605.277
526.9998
6983.075
0.0
1990.9358
0.0
3650.371
1522.6643
10594.493
0.0
5584.0864
1211.4377
3339.0205
0.0
0.0
5370.2764
0.0
0.0
4947.746
0.0
16847.873
158.1059
602.4581
73.5405
4652.8164
917.9925
11084.535
0.0
4384.986
2221.6978
41.292645
4137.0586
2784.4946
3563.2017
3163.4248
0.0
9929.86
0.0
2452.6687
47.37982
4844.553
0.0
7965.6226
3357.624
0.0
48.636333
3860.4958
16882.498
6291.259
0.0
4135.218
0.0
7371.8706
3836.5525
38.113983
15602.984
12807.523
0.0
9930.571
0.0
0.0
77.039246
5498.5923
13494.574
3654.9795
5992.214
0.0
1255.5433
2292.2944
0.0
5223.3765
64.820694
3934.4668
4993.252
3872.9204
16853.266
3778.5845
0.0
4964.987
31.105003
0.0
9567.2705
16888.762
0.0
52.662292
8641.911
89.3918
9142.545
424.95862
6471.51
0.0
0.0
7877.758
12276.146
11080.304
0.0
1707.4861
0.0
6520.903
6271.302
1898.7256
12713.665
8999.083
2316.044
16763.69
0.0
30.393333
7911.325
9975.996
0.0
636.03485
6.1034966
539.8204
766.18964
0.0
0.0
2689.3315
6459.241
103.26437
2951.254
2774.837
10807.752
0.0
1958.8605
3611.0083
0.0
0.0
0.0
3448.6592
0.0
0.0
95.803055
19.164661
8163.4136
1315.0525
3336.936
0.0
3053.1094
1843.6725
7330.6924
6982.495
12546.411
3357.1616
0.0
0.0
0.0
1921.8618
2155.7205
186.19968
4731.8643
16.07892
7120.9404
0.0
16890.79
3759.947
6450.7007
0.0
5283.8438
3718.333
0.0
0.0
172.33612
0.0
2451.6748
4405.9478
16863.07
4543.879
3979.3203
6198.0493
5357.2827
4114.811
140.7656
32.099873
96.893265
8796.451
31.284828
2314.9004
16884.45
9398.83
1602.7549
0.0
346.9825
0.0
6497.536
0.0
512.4507
1378.7571
0.0
24.641424
0.0
1669.1047
6993.9473
0.0
10618.282
0.0
0.0
0.0
3437.0225
16904.252
1037.5154
3802.3635
7150.1855
0.0
758.67676
0.0
0.0
481.02448
16870.523
10143.785
0.0
8465.734
0.0
3003.3992
4965.1587
4580.546
4640.0312
0.0
3437.4355
17.964031
0.0
8695.363
2621.6362
4506.234
7571.826
4.437656
0.0
500.03198
3032.0166
9538.763
5068.4697
2303.6887
7636.6387
186.89209
5881.0786
1292.3992
0.0
0.0
4301.004
58.349224
5401.7637
2789.4377
16888.188
1928.3623
2676.6948
0.0
1623.7112
5673.1777
9403.288
624.7814
377.08298
0.0
16840.18
0.0
14151.461
2014.5697
3535.4883
50.972153
4520.3945
6211.2124
7868.4746
6409.097
8431.281
2891.3276
1523.4331
642.4291
36.159737
0.0
2486.884
16099.765
0.0
2643.1875
2.8394935
0.0
0.0
25.350286
1703.6611
4127.8936
9060.93
3378.058
71.0887
0.0
0.0
3021.736
16877.75
0.0
0.0
5678.7827
0.0
4613.1655
3581.1538
43.044888
12555.982
5212.2705
0.0
8554.738
0.0
1716.6174
10891.738
2904.9038
3608.8826
0.0
0.0
0.0
1692.148
0.0
0.0
0.0
0.0
4635.0957
0.0
7034.044
0.0
10496.681
90.48175
19.78455
0.0
0.0
1818.99
0.0
4354.291
6329.135
11047.139
9020.156
2867.0662
4395.1953
1823.3545
3715.7524
16887.668
0.0
0.0
10.094556
5955.784
0.0
857.987
0.0
36.19196
0.0
2787.7766
395.68524
71.924095
62.751728
3817.6565
0.0
3341.2832
1130.6992
2820.9563
0.0
2149.175
7026.714
4144.9155
5107.537
339.7173
5.439483
5530.0576
0.0
11192.956
0.0
0.0
0.0
0.0
1144.8181
0.0
13633.771
7359.602
0.0
6002.582
0.0
35.762325
349.1576
3939.8657
3656.8015
15014.426
0.0
5591.0674
3726.0051
0.0
5702.7285
0.0
1902.0537
3733.6218
0.0
50.349426
0.0
0.0
4303.411
10857.378
0.0
64.76565
0.0
16886.41
6013.025
7096.9697
86.490265
7278.745
6222.9795
0.0
3058.1035
9331.279
0.0
2.7505682
12310.121
6500.962
0.0
0.0
13208.38
3726.0366
705.6096
204.66583
9157.862
3344.7534
250.92099
216.14044
0.0
25.768452
11650.977
7025.3184
37.19145
0.0
11174.796
84.22843
4785.9795
4958.1675
2536.9836
48.7819
1279.4698
7716.3164
0.0
2507.645
2.0688758
0.0
2904.8047
2677.0742
1687.1721
10669.34
4406.727
6289.6885
11640.849
3012.5938
0.0
13110.793
4365.6104
3783.1677
0.0
13950.893
532.364
0.0
0.0
11891.533
11871.123
5882.3306
4528.9277
0.0
16358.798
552.0786
7070.4287
330.85315
0.0
9057.83
11899.476
617.38696
442.25568
8275.737
1597.0732
1389.9174
6942.8193
51.15091
13758.9375
10055.158
13304.967
10760.799
8184.246
63.018135
1773.9769
5355.8745
0.0
871.2333
0.0
10148.946
0.0
4502.6484
0.0
63.227768
57.27619
5275.9346
73.045494
1802.5549
46.507225
0.0
16891.584
0.0
0.0
3680.4663
3183.2012
0.0
5273.3936
0.0
3791.018
0.0
16899.363
6339.675
5804.5303
3584.4966
25.65574
454.07056
6816.718
1722.6765
703.643
2161.1948
0.0
6590.3438
4044.4854
8348.197
0.0
3485.1877
7012.692
16062.49
144.07988
0.0
0.0
2033.6902
4582.7446
1103.3093
0.0
0.0
1591.9971
5678.745
13830.693
3193.3943
15.386148
9422.798
2169.2026
6042.8545
0.0
0.0
6442.49
10948.465
2494.5532
3381.9658
106.64304
0.0
0.0
27.771177
0.0
22.12996
10239.301
4393.8965
0.0
8387.879
8517.502
4176.3633
29.081608
2299.7886
4620.9917
2353.5022
0.0
0.0
3426.6702
0.0
7439.328
0.0
0.0
910.7999
0.0
6851.2266
2514.1914
3361.285
1168.7463
4454.115
5763.6904
7691.3296
0.0
11092.654
16829.555
0.0
0.0
7545.2266
610.4187
1723.1206
0.0
1449.5564
13679.502
1948.4578
0.0
0.0
3381.8188
7132.774
2968.1057
5356.903
4588.674
58.048546
0.0
0.0
53.946358
4.8829684
4900.419
0.0
4187.334
0.0
0.0
63.685505
1270.6595
8806.159
52.48453
1.0288581
2343.4756
0.0
0.0
0.0
799.8265
37.46502
4591.4844
5653.1113
3692.789
0.0
8716.742
2935.543
0.0
0.0
856.14514
1687.1389
604.9766
0.0
89.863884
0.0
2537.4937
1555.408
16880.426
4545.3354
4351.223
1343.3899
2417.9277
271.2245
3062.521
3563.958
0.0
5036.835
2881.5889
2161.907
25.64572
0.0
11901.475
0.0
11178.908
6274.8
5904.351
11159.283
66.37198
11685.292
7271.4077
2260.0278
0.0
6967.5615
1411.3374
1937.6805
2200.372
16896.648
828.44495
6184.0454
1523.758
0.0
0.0
2992.3223
11628.066
2417.0203
0.0
349.83612
5199.1035
40.060448
9567.924
0.0
240.98148
5912.4526
8074.6675
6700.929
375.65616
1884.8877
3661.83
0.0
4510.874
7414.87
6009.8057
0.0
4160.552
2314.623
2455.6897
4845.7275
0.0
0.0
46.04925
13.645189
4990.314
5086.741
4832.9355
48.488346
3884.7617
5277.8936
6608.3623
984.165
0.0
2857.42
0.0
0.0
3161.495
1935.0933
0.0
1290.8228
573.1465
2356.26
6115.209
5082.8975
1668.4932
12457.898
2505.4668
6623.0664
3818.4587
56.717525
16884.81
9535.902
1625.8541
2057.8127
233.2392
1764.7217
5313.442
45.935875
2109.36
4388.081
2564.0898
18.64262
480.38696
3475.2297
752.6322
1652.2305
76.02034
3250.814
1417.1421
0.0
897.9391
0.0
4584.211
3642.858
151.35551
1284.555
2245.8188
0.0
7466.3765
0.0
31.360756
86.2956
0.0
3774.198
0.0
764.52924
8732.729
3223.4038
4.4621816
0.0
7.7891836
0.0
10155.834
6920.4785
4174.8096
0.0
5102.8506
919.0015
16879.158
50.86498
0.0
0.0
0.0
0.0
39.606403
14939.609
48.563183
0.0
34.50371
0.0
6019.2803
0.0
10393.563
16884.207
482.24298
3909.1045
10949.214
0.0
32.579056
2107.8828
0.0
5432.941
7858.1187
0.0
9010.013
0.0
817.66785
0.0
13145.465
3373.055
1477.5684
0.0
1846.1921
8899.55
1257.6194
0.0
0.0
287.1933
0.0
5207.814
12198.583
2416.6687
5090.9697
488.1612
7262.4688
5451.4707
100.24658
19.88149
1513.413
0.0
84.45808
10924.792
5047.7866
1633.8877
9160.981
1809.5232
16873.59
3930.1123
3533.3994
8410.851
9908.275
5093.8438
2470.1892
16872.412
7403.523
1624.1666
25.908222
27.851658
6024.823
4621.1504
18.056372
0.0
2306.3604
1617.0836
0.0
16894.58
3821.046
5607.157
0.0
3002.415
4066.3574
3291.7495
16897.61
31.13454
8623.036
0.0
0.0
5962.484
34.517654
4178.6284
531.74615
999.83093
0.0
93.22313
0.0
5171.341
9161.938
27.55149
238.33952
3732.31
0.0
2897.9187
2929.4146
6792.6533
10556.991
16042.361
262.57025
3000.6206
6804.0854
14218.723
9096.645
0.0
0.0
881.0325
1095.9939
1582.6791
3495.3945
0.0
0.0
16887.508
1.6593426
6044.0654
11232.784
8392.912
19.041138
13195.184
0.0
0.0
100.46367
0.0
4873.385
3322.9277
2.9555864
9511.582
6777.1265
3942.7725
57.947983
0.0
0.0
21.117764
1617.138
10467.926
14721.155
0.0
39.872
5550.599
4550.2275
3027.3057
4049.688
209.05112
3207.9932
5636.4907
82.13464
0.0
1253.6355
130.8696
6339.1187
0.0
4457.2915
48.074036
0.0
8005.7627
0.0
821.46216
1071.1451
8537.123
0.0
46.13401
0.0
0.0
4673.9756
8358.61
9689.621
15412.932
16884.05
77.72739
4903.4565
16901.201
0.0
13787.02
3558.7188
34.781277
8836.008
0.0
85.77275
0.0
230.8024
0.0
2396.792
5645.355
0.0
737.5775
3889.1677
374.4017
9807.319
76.61048
0.0
5009.9717
8943.463
63.021126
36.364414
3338.1475
0.0
16902.916
12988.333
39.748737
42.6743
2859.305
0.0
6497.5176
4847.317
0.0
611.03174
0.0
7815.635
5946.687
3450.0435
3696.393
0.0
0.0
0.0
7133.686
44.3841
18.752748
0.0
3208.963
173.87329
10823.787
5296.679
7087.908
1631.6776
0.0
9393.461
365.48694
4305.9087
0.0
0.0
921.364
0.0
0.0
5972.8516
9777.5205
0.0
69.35857
2939.614
0.0
0.0
95.127815
2296.9175
0.0
0.0
2989.1733
0.0
46.938717
5808.253
8768.839
16140.163
9065.5
73.21355
0.0
0.0
0.0
0.0
2378.529
7661.96
1896.4879
0.0
16898.355
0.0
0.0
9282.142
0.0
1555.9438
5330.872
8140.9956
0.0
247.8323
67.95497
4053.2266
922.1931
4094.733
0.0
0.0
16889.266
7858.9033
12961.592
0.0
89.90985
0.0
0.0
3905.8564
880.47797
1476.5564
0.0
336.7849
9661.437
0.0
3517.951
4337.3994
669.34247
5684.0547
0.0
952.2843
42.670082
2610.395
4763.676
6038.2446
0.0
2188.197
2079.56
7423.664
48.767174
7859.6377
4184.3433
4334.9023
0.0
4704.081
0.0
27.248549
0.0
963.6002
16885.5
3202.6514
0.0
7807.171
163.97243
2825.5574
1611.0638
7995.535
0.0
0.0
38.81389
0.0
0.0
2408.015
0.0
1323.9521
9483.311
14756.761
0.0
7627.402
4514.6445
0.0
30.963543
0.0
1951.4814
0.0
81.68683
0.0
0.0
3510.0273
7067.8643
0.0
4741.2354
1887.7394
681.12854
16884.076
105.452805
9260.038
0.0
11237.107
6595.338
0.0
0.0
4916.14
1087.0186
45.39854
0.0
0.0
8717.875
4390.8022
3125.4192
0.0
0.0
0.0
2258.8967
0.0
4642.233
13875.842
8647.216
0.0
5022.242
1481.1819
1522.3774
2772.2915
0.0
5919.492
1838.9504
8634.764
1586.7678
10233.812
274.91263
0.0
0.0
4148.867
0.0
7831.424
0.0
2836.4893
0.0
1666.717
8406.586
5592.1025
8551.675
2982.3828
2447.5684
3676.125
3161.0657
2910.2769
2111.0078
16867.035
1864.9525
1799.4695
3897.5322
7110.882
623.6357
5728.628
0.0
3559.9988
6361.2896
28.760944
0.0
0.0
0.0
1872.0854
1147.6439
90.32481
3157.3125
7666.3843
7.879753
0.0
0.0
0.0
59.82473
0.0
1731.7495
355.1294
76.03728
9319.186
0.0
1207.887
88.88623
4932.057
0.0
0.0
1181.2593
12232.491
4286.467
5514.5405
2127.8076
4372.2056
7339.26
5395.531
6254.8667
783.07153
80.54935
5680.1064
73.456665
9389.126
11743.507
0.0
27.951443
10532.896
26.864128
0.0
2625.5515
9998.406
465.84082
0.0
4066.2534
1917.3892
16889.145
51.699097
1484.3169
24.55523
4976.9023
2046.8076
0.0
12225.449
3023.716
0.0
5062.443
4213.6978
5406.5654
10032.982
16067.996
