9115.743
743.6062
4778.1836
3172.784
2961.5908
5576.784
1064.846
2844.513
0.0
0.0
2934.8286
0.0
0.0
6936.003
440.51453
0.0
250.72847
473.0889
0.0
549.37024
0.0
47501.906
11237.039
1975.1519
10102.543
13386.568
1633.9165
388.7379
0.0
3322.3118
11906.532
9357.488
820.2017
0.0
1585.797
0.0
0.0
3887.3125
1090.954
537.39
420.59766
3896.3887
2235.2559
985.84436
0.0
0.0
1276.8689
966.42773
3620.5054
1330.6362
2866.3875
1974.2324
1865.8135
3831.0586
6772.7144
2619.6826
21235.895
2939.4185
0.0
872.789
4662.204
0.0
5408.8364
0.0
8073.3267
0.0
2154.272
6874.6914
86.8159
3812.1772
2589.7378
39414.14
4964.35
4112.282
1408.511
1173.4095
4692.602
1343.0132
2698.2166
64976.164
10687.447
38913.574
4086.8691
59.47054
2258.2046
2033.2783
383.45486
17022.506
75588.734
30.487415
1729.7395
20297.586
8166.794
823.20483
0.0
1477.6467
1110.9895
4094.8142
1458.8945
2729.5825
16720.914
1458.7905
4808.6934
0.0
4237.2705
23238.367
8711.978
300.30017
1431.7483
728.36896
0.0
36823.906
355.0036
14670.871
9687.16
0.0
2873.8652
7872.677
15254.328
0.0
4705.0605
2051.5903
1460.9819
0.0
0.0
27550.336
284.47055
2662.4263
192.67738
1640.8262
3418.8818
102.66675
0.0
239.42589
56561.89
694.0616
961.25134
1635.2655
344.51007
2256.3687
0.0
721.5458
1524.309
21755.727
5137.876
0.0
1596.8352
1810.7798
3029.7153
0.0
0.0
5768.6055
811.408
4588.262
3852.7314
3359.1333
0.0
2721.724
7562.338
1776.1465
1481.8766
6746.214
0.0
7103.95
0.0
3161.7239
31810.152
1902.3126
2811.5205
2503.4448
3050.6313
4145.589
9904.321
0.0
4376.967
6973.1836
985.0303
0.0
1061.6162
3958.009
1558.9717
0.0
16.975859
2714.816
0.0
743.74524
10572.424
1288.1956
10116.316
2103.59
2964.4568
2357.21
5472.2695
1560.1106
1881.4353
821.8872
3371.1528
933.21497
45020.523
3729.1357
7463.1934
301.09705
2040.8171
0.0
3572.2583
1632.284
2906.7559
684.4209
637.595
1370.78
1773.4235
5993.9277
41412.07
485.11932
0.0
3096.3433
0.0
1645.3613
0.0
4457.261
522.0579
2917.2798
1111.7766
18366.174
9977.86
107.57437
0.0
108.38491
3858.337
0.0
3314.851
1456.918
4832.655
9597.1045
0.0
0.0
5528.3037
202.40427
1602.2932
69.987595
29265.488
3207.455
1305.9071
0.0
4510.494
0.0
0.0
973.1443
4359.6606
1967.6241
6641.1753
810.56226
0.0
3624.0925
1386.9518
387.54108
0.0
46300.266
0.0
1486.5493
457.29266
1678.9722
1303.3767
88.78956
0.0
2519.6357
2331.6997
2321.374
7408.388
3683.7954
4173.9775
457.29636
3305.6729
818.85266
1043.9493
2698.7788
5940.2744
3547.169
299.87036
8633.76
0.0
0.0
1609.145
4054.925
3078.2207
1381.7896
0.0
1659.5286
564.4077
0.0
533.8586
4225.138
14265.967
227.04926
18266.914
3995.9043
594.31055
88.25033
2720.3242
1472.5906
0.0
5059.643
1938.8535
1763.0212
5885.383
219.55124
1885.9141
922.77954
0.0
35443.047
0.0
319.1696
1599.4382
4024.5435
4626.0254
0.0
23659.98
0.0
1821.2306
12478.24
679.8761
2937.4426
21460.809
9588.991
2492.6697
960.3439
10076.083
7314.081
4426.2686
5753.0293
1056.0992
0.0
0.0
3961.46
4769.547
3788.0615
0.0
1492.6201
319.46777
1903.3068
2239.1091
1214.4512
0.0
2442.9048
0.0
31418.84
2918.5366
1947.1633
2470.8728
575.9993
10626.163
767.47974
0.0
0.0
19916.86
4451.4893
3762.3232
4150.7676
1378.407
0.0
0.0
3185.5347
871.631
1653.9795
2788.074
0.0
0.0
5237.8853
594.4713
706.6793
21100.725
7818.698
1321.4476
82241.56
290.86792
1459.987
660.6806
1178.5562
2842.5723
16900.17
2337.0286
750.287
349.27777
27164.016
160.58844
1864.5469
1307.1405
467.73114
6895.311
3938.7942
216.17233
0.0
1357.1589
1479.4587
2993.1934
6120.189
3630.745
6710.047
3553.5996
3480.628
740.209
3357.0996
0.0
0.0
2893.5703
9720.672
1057.5452
2761.912
3637.9204
12789.917
13976.701
1131.0089
1422.4487
5817.8545
3787.5566
3999.114
1106.5742
0.0
113.11483
2466.6277
2999.0093
2449.0479
0.0
999.531
190.73454
1577.0916
4749.2266
3073.5383
0.0
65995.27
0.0
11365.778
1434.8468
2168.2139
1048.5399
2657.7207
1698.3739
3032.77
4067.219
2316.4656
6955.6514
8040.2476
554.14746
2950.2512
2017.0537
6982.0825
331.25027
8313.277
490.73624
1842.2562
6165.698
3685.6177
399.7848
1307.1132
4239.8276
211.83832
4970.624
4646.6855
0.0
1813.7166
2248.1309
4658.938
13436.889
4789.653
4157.1045
0.0
1702.5621
1571.1567
653.8966
3693.448
0.0
1219.243
956.4634
299.2041
24.020174
148.77768
3857.3247
7677.1807
4209.8726
0.0
1712.8594
2342.3894
2396.3523
4267.8896
0.0
944.18787
0.0
4919.5054
0.0
648.662
2552.8914
2939.3306
2243.4883
4438.577
474.28656
0.0
2806.998
388.96942
7941.3975
1362.4867
964.10046
629.634
1929.3503
2838.869
665.30396
991.4825
2814.626
226.91617
228.74153
935.99664
3001.2014
3349.7485
10587.103
11278.829
0.0
33414.8
3761.3394
4621.748
6015.587
265.6136
513.8094
4.3882484
1469.619
1573.0952
2475.963
2404.41
4193.3066
1960.0757
740.5565
7196.9053
14474.414
7949.422
2513.3848
5568.469
2326.6748
2953.2317
1008.0368
94728.44
4154.418
79500.29
0.0
1488.6155
5734.6934
3198.1296
661.55176
1126.7656
0.0
2801.7388
1348.5278
10155.008
629.84515
424.76062
21194.75
2041.1969
220.21762
3209.4321
218.98672
4631.6655
0.0
1964.9065
110.40936
8065.475
2032.1064
2389.9565
8295.246
8040.2334
1922.1599
750.9719
7536.3613
1215.7318
1298.3986
3139.0464
4218.593
0.0
0.0
0.0
3380.9673
153.38097
1497.1272
1513.1359
15687.397
890.14594
0.0
2493.856
3289.5557
0.0
745.95044
13086.342
2062.7842
3375.1929
1526.6377
2340.2288
4518.971
422.11172
1506.549
0.0
1848.2839
3258.6094
594.03845
538.80725
0.0
1714.6606
0.0
1836.6917
2471.0913
13195.625
33003.48
2106.4644
432.97968
2032.867
4623.1753
5200.408
1321.1941
3269.9624
2196.0422
3807.5903
22822.633
2444.385
886.67725
0.0
3641.553
0.0
643.2665
0.0
3883.3064
1429.1375
3762.1963
17703.297
3929.021
0.0
1146.01
1347.1538
1979.7498
0.0
1091.2234
4950.9375
15094.156
1126.4995
2249.3867
1177.3383
1025.7659
67.672554
6760.3594
1314.0394
817.484
2666.8247
2628.65
652.2332
0.0
1812.7592
993.6633
3377.6804
0.0
1856.4175
0.0
1200.7415
0.0
2559.4067
2406.1055
187.77174
595.80835
1893.5952
7661.3438
0.0
6016.7476
4243.988
0.0
304.64197
253.07487
3489.1404
2533.2993
0.0
213.29054
0.0
19725.412
2829.3342
0.0
2931.228
0.0
1007.1565
1528.5026
4644.1934
4876.105
1702.4373
181201.19
570.9674
0.0
5686.6646
2575.166
2705.5908
0.0
4451.918
214.50075
1266.5875
407.8118
12843.226
0.0
12775.553
329.0125
801.4343
0.0
1609.7249
0.0
2747.4517
4681.5527
5177.9404
7130.676
1627.957
3024.8574
2004.0198
4453.5312
49.800705
6047.4473
0.0
8606.646
1542.8225
36819.062
0.0
3451.9866
950.4604
1725.9065
2278.5515
2964.908
1646.122
1380.4629
6168.0654
251.10011
4334.9277
0.0
434.99072
4278.724
3194.2363
0.0
0.0
658.48596
865.329
7929.0225
14.592136
4873.4424
3766.3433
24.839798
0.0
25996.637
9157.163
3164.0684
3137.2864
0.0
149.65077
1405.6807
0.0
1043.9897
3394.3955
1725.9155
2022.6187
1084.0396
3868.6577
4101.7285
7475.2207
1214.1821
2877.6514
423.85855
0.0
13695.219
91.02965
5372.9746
4791.945
42026.13
4954.3867
1236.9141
0.0
3144.7058
6215.7407
1870.3794
1248.0964
1840.9803
22634.492
356.23264
2850.974
48318.246
3793.167
1068.7493
3667.9224
3082.6582
9556.957
0.0
1755.5579
4387.082
660.7617
2858.2468
0.0
0.0
2428.9414
841.9894
3669.6592
0.0
3981.7505
256.5807
4849.58
824.89044
1073.3308
0.0
3308.6626
1064.1687
3110.0112
2436.6174
1833.676
1354.7007
4163.839
65216.746
1610.9579
1760.1609
499.67398
1427.3456
19.06388
0.0
0.0
2943.1675
5367.437
1080.1649
5143.2886
95284.56
61052.11
39.194946
0.0
8810.66
3696.6924
0.0
3254.2812
492.23096
5652.599
1664.6643
3415.0938
4913.3115
0.0
3993.979
652.53784
179.17427
62.315464
0.0
4024.2134
0.0
2872.0305
1128.8843
486.9728
48.718174
1003.4432
319.77704
0.0
258.99384
35319.387
0.0
5412.8037
4696.2134
5483.3057
4200.415
0.0
1780.214
3935.9512
10839.803
3339.0215
3198.063
1983.0505
0.0
201761.28
0.0
1988.2322
1127.2378
1971.8207
0.0
1313.9297
3068.8706
0.0
2628.8984
2458.823
4604.95
3737.4265
502.54752
91.59491
1303.4978
4403.186
729.3369
1480.5234
729.8412
1094.7385
0.0
0.0
14922.817
965.1247
3683.6685
7350.679
5328.4155
12.749914
1993.9663
36.200706
0.0
1416.6868
2646.8164
0.0
1136.7933
0.0
0.0
10282.117
2347.9219
259.1023
1551.8401
1052.6932
2132.0215
1463.2559
5081.565
9109.434
33594.203
853.0637
3905.732
2101.4888
4152.6123
447.8274
0.0
3331.038
2213.7097
4488.419
0.0
0.0
7364.5283
4319.3643
5626.828
2096.234
4538.904
0.0
304.0219
245.53943
427.23004
3348.6658
2971.9539
915.0104
2879.7202
604.90796
2676.7969
0.0
0.0
0.0
866.1743
1881.3523
5166.9736
4127.7397
1289.9152
4306.867
3333.786
14308.193
17.633934
281.5674
1434.4258
2241.6255
2553.8218
10047.837
3718.8992
3023.8113
544.7576
1462.1158
4500.6504
4287.5947
351.2231
3273.235
15587.588
16.189632
3297.0762
0.0
1489.7234
1327.294
2931.3845
3300.8887
2231.14
591.5915
7607.936
2450.1907
5404.3984
0.0
286.0864
1220.591
17076.758
6308.882
11146.364
1495.9819
2986.4385
1806.3448
0.0
4200.428
567.62646
0.0
0.0
817.26025
230.41365
6056.2754
65931.34
4110.7666
2371.7275
3635.1328
1099.9014
26938.828
2318.433
8449.666
11931.103
3287.8462
2395.0945
11514.575
187.28258
0.0
0.0
1744.979
763.8541
1961.1987
0.0
2815.5059
1063.4923
5236.587
0.0
16162.621
1783.0513
4013.7407
3869.7356
0.0
962.5577
0.0
1610.2012
3375.0796
6619.6904
1645.5073
0.0
3601.6606
1681.4419
20.869873
7576.84
1109.2064
3551.827
8779.561
2698.34
2288.1267
14609.245
2079.4316
3952.4229
2097.5698
2980.563
13196.714
5019.172
426.77805
0.0
5868.0
6778.2803
2403.735
104.63719
0.0
119.992615
2499.5945
18.246433
8598.015
4241.9966
3221.9253
750.8644
2884.7302
10899.233
51.844868
1238.8711
0.0
3058.856
385.72498
0.0
0.0
1373.7041
15239.55
511.76968
6524.1133
4397.885
662.4802
5183.8022
3503.0654
21398.5
19865.498
3735.0752
1316.841
2956.5242
2297.5654
1504.5171
3105.993
875.1682
17115.242
4355.2344
0.0
3541.8455
1699.7949
3572.9453
49.046673
1958.8176
5672.3794
387.08234
460.01868
1782.5718
913.21075
874.14246
1846.6357
22.983707
7645.3555
1916.399
345.78754
116.06996
1255.0549
561.73914
2243.866
8139.666
1201.1002
6910.093
173.32504
5315.3203
2044.3798
1344.2251
837.7239
1650.3501
786.21344
1098.1738
8185.039
5777.368
4268.231
4202.042
0.0
2992.8167
1895.2715
684.2456
1515.8474
13196.176
4416.462
603.68146
4824.898
3950.1008
5643.098
0.0
0.0
12966.444
26922.867
2714.126
705.0104
0.0
4829.4844
4764.461
9724.472
3457.6636
0.0
1579.5557
5175.8667
0.0
181009.34
85.989105
3524.829
2424.0134
1691.8214
415.28418
269.40262
1310.8478
0.0
0.0
348.64713
3548.2866
2209.414
6147.2266
2044.0934
6932.9717
0.0
1414.0935
3666.088
3013.0654
0.0
169.38527
8003.1885
49.741375
8405.93
2720.198
1712.012
1217.0902
8119.699
664.8032
3070.2075
369.398
4711.6973
0.0
2142.8909
2298.6948
4227.7783
3221.1816
4448.5127
0.0
0.0
2181.137
13543.237
68.83448
7839.5264
1679.7686
0.0
2021.1282
1218.4957
1662.0549
657.2317
666.9399
1597.0771
4408.6475
1245.4688
3144.291
2261.8516
4516.759
0.0
3446.874
0.0
2000.1271
3222.3342
1756.1345
80.489494
1673.4592
5727.1836
14382.971
27019.867
847.7634
1248.6265
1960.4508
7357.745
7796.291
0.0
1742.3796
1961.43
2193.8809
1920.6575
1915.4922
5236.883
219.35129
2578.8848
4091.0923
707.46326
0.0
3543.8567
0.0
13963.95
0.0
1500.9849
6020.058
3025.8303
145.15732
1658.2324
771.45056
1520.1704
13195.996
578.60046
2991.0247
1941.8865
49013.703
3234.9478
9477.303
850.13007
2788.8142
9464.957
3760.737
6935.6113
653.079
1965.0994
0.0
0.0
2783.5813
6203.5264
548.7721
1455.459
0.0
192.03769
2627.904
24571.746
3810.6006
69.47503
369.68713
4927.235
0.0
8174.0605
518.29236
0.0
3491.0422
0.0
5919.286
92645.51
3457.5234
4125.31
5286.8433
195.88481
2117.7705
4866.421
7425.537
0.0
11527.035
0.0
26.142225
2668.1665
1496.175
444.2721
4163.719
0.0
1824.6096
0.0
2086.4775
347.22974
0.0
71.30827
436.578
0.0
957.7551
526.45874
156.05534
1823.0688
7433.25
4398.9106
1813.5013
6709.5757
1210.6283
4612.038
0.0
18108.547
0.0
123.94808
44939.543
16364.479
1351.991
4486.3955
24.08826
442.99243
6918.419
5216.693
0.0
559.15784
0.0
1609.6807
1137.4581
1057.8611
3848.1816
3550.5107
626.9717
969.2627
2605.7747
1637.612
0.0
0.0
0.0
776.5499
53622.11
0.0
7349.9736
6009.981
5562.386
1174.6864
0.0
4027.1787
7181.221
8.659388
0.0
1964.9216
3662.4324
3176.143
2184.3281
0.0
1140.3745
2057.1162
0.0
0.0
0.0
12238.23
6744.0205
1093.3853
3204.3794
8781.348
8424.461
1543.1597
2324.0312
2934.0425
323.32233
1804.2937
2988.1802
6593.8145
5944.774
1354.3921
3192.0447
4708.78
866.2931
1093.504
1047.0392
1369.8899
6020.682
0.0
1674.0822
1360.0559
950.6979
4345.956
3868.3003
0.0
0.0
30547.168
346.8938
2135.4863
6013.834
2776.2842
1905.7922
203.66232
676.1577
9540.514
3379.1587
2345.8945
3662.5857
2587.968
30.274162
337.23492
0.0
8513.5625
882.6416
2030.4775
3282.983
4824.6367
1748.4409
59.32107
2482.4614
0.0
10711.7295
1825.3267
1327.0735
6780.7036
7070.883
5283.672
664.8473
577.03204
0.0
4061.4763
876.57666
1286.3352
3141.2693
3655.8164
1289.5977
4222.0664
1071.1147
1101.279
0.0
0.0
7462.535
19698.646
28214.27
382.21725
1911.0415
4368.541
236.85986
1957.9646
43856.477
2911.435
0.0
9080.679
3687.004
711.68396
80.48116
208.8679
22997.047
3574.7524
1697.2429
3077.5747
0.0
1163.872
125.723015
1992.6145
1346.094
448.18146
588.6389
1544.2715
782627.94
3742.9155
1083.8124
25930.578
1107.9209
2071.8496
6784.376
1112.7931
6868.086
11497.385
232.01685
4406.7114
413.03918
2991.9248
1354.0808
1370.3405
8480.822
13402.018
6162.5713
3369.049
7141.381
0.0
1216.8347
6804.8545
2397.3833
6686.6143
1213.7856
187.1716
0.0
21.350056
0.0
3669.2822
3507.683
0.0
3925.4492
3687.3774
0.0
5974.795
2303.9612
6411.1797
2074.0088
324344.12
0.0
569.33685
3496.6382
1176.801
1185.7075
0.0
476.42584
0.0
2043.3193
16256.331
0.0
9490.845
0.0
1038.1542
1315.3424
608.46484
7865.669
0.0
538.9064
0.0
1037.6014
1442.8074
606.33234
6211.3027
8838.102
7174.67
3660.9038
0.0
6369.6113
1923.3198
0.0
324.16577
2201.035
9392.83
1846.0507
5425.6133
612.2238
0.0
7012.1914
1015.72955
1799.9312
918.2103
6989.473
3566.102
11458.103
1317.0837
1487.1812
4714.2246
8870.315
1270.3513
0.0
0.0
5651.0474
15.144796
4882.443
1194.6897
46593.29
2790.4553
5331.2534
2059.1602
422.68146
1558.5383
10007.687
2103.354
1701.9591
13634.057
0.0
1496.0964
842.7356
108.981766
33.72161
13494.828
988.0924
0.0
1092.6431
522.4026
3421.7476
1284.3427
1285.9242
391.9892
588.0356
107922.16
3223.2197
0.0
1602.4067
0.0
6490.752
3955.538
747.7875
2215.6558
5484.916
4662.1104
1686.2122
4662.11
1199.1101
1162.779
1165.0808
0.0
1835.4795
0.0
0.0
0.0
1532.2694
4062.817
3312.5552
2453.949
250.99084
3937.6074
231.45529
2208.8877
13999.816
14483.147
1592.0564
17634.969
238.77145
6411.8013
4362.9863
2190.0762
2099.6763
5771.053
512.9409
2642.4243
189.61964
2473.616
1411.9061
3795.961
2237.3857
3303.771
10422.859
4517.4893
3616.9998
3858.251
1799.394
0.0
3217.8022
5353.531
0.0
0.0
5552.5977
1445.2183
8263.053
5591.676
7107.3647
1903.009
738.57324
12.190506
1769.8203
5634.644
1901.7991
20040.443
5215.1597
54.22292
104579.28
3738.3489
54435.24
0.0
379.76648
1523.0796
5208.309
0.0
5.2621384
0.0
0.0
1455.0681
0.0
17617.85
2420.655
2367.9954
1350.0032
0.0
2756.2568
9869.655
51410.9
5978.5347
5707.1113
3058.048
2516.6685
1217.8279
22179.445
503.06647
2384.4097
5233.167
31954.473
4350.3906
1957.5109
3275.5522
682.6765
6466.4365
0.0
4015.2786
33272.4
5247.01
881.2422
4630.2217
1497.2217
2051.188
1480.5802
4194.8716
3998.4355
1048.4363
1295.1631
2979.37
926.4035
2754.3276
1452.393
0.0
15870.607
1901.9065
1923.9648
1094.9849
1145.4192
1679.7627
461.41806
2563.5662
3463.2551
0.0
584.56934
5118.004
444.3438
3623.3386
2872.3745
1509.9546
0.0
5174.2334
2866.3071
2019.469
1979.5096
8159.952
2763.123
1799.205
4144.8193
687.3517
33.598263
0.0
108080.375
1485.7961
623.10425
0.0
3429.445
0.0
25445.094
936.1363
3673.6035
14810.914
4828.311
397.61743
1674.2511
0.0
0.0
1948.522
0.0
0.0
8959.024
1500.0098
3088.2778
0.0
308.17484
1641.7079
79.47517
3724.379
1089.4221
814.52185
230.6055
2451.8472
37.283745
0.0
4086.5933
2317.0884
339.8935
0.0
0.0
2911.4644
3222.3901
371.37518
3652.8252
4029.903
304.2655
8821.999
2581.3335
6791.258
1227.7842
3637.2188
4611.873
132.81978
1740.5619
275.12152
1285.8041
6709.2817
967.27637
2642.4912
378.7528
1773.3909
0.0
4099.5967
2609.482
19222.756
368.08963
3970.7046
21587.145
1442.3972
1047.9541
400.8885
2030.8915
8428.978
13143.191
223.28119
4894.694
2243.628
0.0
0.0
451.85385
0.0
3809.98
1938.073
43.119595
8348.427
3682.9082
1389.3839
596.39276
2392.2195
2688.9424
2586.5024
2824.4558
3450.0005
2081.3145
0.0
1581.1908
1485.7827
3831.0857
2708.3105
2222.432
0.0
0.0
743.651
145.24222
19558.91
0.0
21.166298
2722.6895
3121.4868
0.0
0.0
1320.3866
15535.582
2483.7886
2021.6133
0.0
851.12634
0.0
3652.457
5900.5015
569.2845
8408.74
1556.1716
19078.006
4822.16
4730.161
800.4469
339.11334
8676.716
5025.7314
2716.2642
4357.098
849.9209
2834.7256
1903.1954
2143.3435
0.0
5105.0503
2364.7107
316.88065
0.0
2387.8499
2718.6777
0.0
3126.3313
23099.918
459.53436
1874.6538
0.0
669.1665
2908.3596
1732.0413
1701.6542
6535.746
1603.3188
3440.7822
2050.611
5894.9043
6584.0747
0.0
3134.1726
991.2495
4481.8423
4823.1626
0.0
787.9053
6755.2646
3387.605
1478.2059
1321.9785
13422.549
31224.803
2831.3125
252.23218
2183.3574
19427.361
3125.6025
1052.732
5570.218
3209.2812
13.975144
2267.1855
2163.5215
49284.438
4186.3955
0.0
713.9385
1133.3865
1248.342
7786.833
6943.2563
942.4956
164062.08
2261.0576
1463.3826
149.74965
575.42145
2666.4082
7760.5938
6731.3003
1661.2917
2957.7651
16995.412
9512.899
4184.211
1009.99915
0.0
2929.2644
586.6754
2779.5972
16604.81
1840.6802
3362.1768
62.112236
737.97253
6060.176
1920.3943
1749.6306
19073.412
3022.4812
0.0
9486.403
1090.0634
2306.9707
3439.5469
4289.663
2789.6223
4627.247
374.3843
6620.621
4557.6714
14522.914
16903.896
3078.9993
1101.9429
11121.215
741.6201
0.0
3585.587
0.0
1038.5134
10844.455
10295.885
0.0
1088.4088
1495.4949
390.09045
593.9479
415.282
15273.365
36848.773
41779.508
1313.5503
1422.0562
2548.3408
0.0
5006.2993
73.646996
2531.0562
0.0
0.0
3565.8357
7107.0103
10613.486
3596.109
4630.379
2527.4814
1030.1829
1853.5857
5511.4277
6374.0806
2738.127
135.78996
10201.174
2362.2546
5979.616
5524.6924
0.0
1082.7556
758.2926
4638.0513
11923.596
10897.104
10120.002
0.0
929.361
1330.7853
2988.1304
902.5871
5273.8823
5337.3
3978.8198
8751.196
0.0
3599.5747
3597.9233
5598.065
1850.605
3113.2583
2088.9253
26722.178
1750.7478
4584.0483
53.369778
870.5282
0.0
1270.235
2371.1328
1787.603
3222.1406
1485.2861
7273.564
2301.121
4172.4824
654.0451
1295.9193
6208.366
3282.0796
863.53094
7609.491
3713.2808
4032.64
298.89813
4803.2817
3094.9717
3992.1807
7929.086
2050.824
153.26015
2832.4365
4176.912
1521.3317
720.63873
211.46997
0.0
103678.67
0.0
0.0
3289.8271
1443.9548
2094.7886
3909.0825
69321.84
10222.037
361.00598
1034.071
31104.008
3886.394
11196.044
349.53232
4496.425
2478.422
0.0
5056.924
2917.8525
0.0
1719.359
3265.0156
9853.991
2056.0986
5417.17
568.40204
334.477
1429.91
212.81398
5306.6597
0.0
155.25717
801.4452
1376.2883
8666.326
0.0
389.4638
3585.729
4556.201
0.0
0.0
0.0
1089.3605
2269.8433
0.0
36585.63
219.44084
4619.3594
0.0
3438.288
2861.623
12157.738
4815.452
1467.5183
2275.0542
4258.9297
4220.1895
2509.3435
3681.9631
13593.8125
2105.4714
0.0
1272.8735
2905.8245
202.21025
77.58681
3990.511
22886.805
26509.604
3399.9087
4973.075
2885.1296
124.45852
12539.273
0.0
15184.919
8127.665
1897.8877
0.0
5687.067
525.91077
1355.1763
8366.608
2077.9836
665.81964
11003.648
3524.711
1259.5219
956.4896
4057.9692
2824.708
2859.3013
176.97116
0.0
1923.4783
0.0
1024.4601
9636.397
349.90607
0.0
0.0
2269.0667
3058.3218
132.0217
5180.598
3197.668
2490.6587
2145.3745
0.0
4046.8242
1708.3616
155.86485
1436.4181
21209.871
3130.4514
888.04236
1696.585
1044.64
5975.757
1712.1488
940.5005
359.60382
6811.245
0.0
21139.365
1737.0339
36278.375
0.0
6427.3086
1364.9475
4538.9697
0.0
12751.911
1385.5497
107.46393
1752.4879
30.220682
564.418
1348.4144
4240.0767
347.66864
1971.4048
0.0
645.7344
0.0
0.0
1256.1183
86.716644
2582.4106
4144.1973
815.8428
7046.366
0.0
2086.9849
2109.2847
1544.9482
7935.3345
1330.0963
0.0
157.52632
1805.5024
3239.9702
1958.6548
7776.7217
1762.1111
8428.233
2251.5708
596.7097
921.8788
240.89957
29080.092
5689.3
3154.1057
58.09692
288.33063
6462.7534
5810.909
1519.714
1956.7595
620.843
3351.239
550.6671
0.0
0.0
812.1114
2726.9834
58.97615
2533.8213
1344.8445
9610.945
0.0
6719.252
937.11365
3964.9185
4074.8552
18366.299
7211.2734
2116.7334
0.0
1044.8906
126.271194
1505.9858
537.42865
7879.0894
4930.868
1681.6675
3540.2302
348.23013
0.0
4425.703
25209.176
1160.5095
3194.3416
10185.071
1827.427
874.34033
2756.9187
2183.0754
5556.6226
659.79926
0.0
0.0
3239.977
20428.45
435.5389
0.0
2420.1746
59480.97
50.976315
803.1688
1846.6779
341.39227
2879.8262
333.88297
2276.2751
2328.5671
1244.8214
2459.6667
1676.5569
0.0
574.09357
454.65744
0.0
0.0
2284.2056
1098.1731
1340.4828
994.06177
355.66418
215.84656
1856.2842
17255.443
34576.062
2940.5283
10766.532
4231.323
887.3352
3536.2034
7737.4463
11808.35
72.27643
7536.1846
4663.9536
0.0
2000.0559
7707.1494
4873.375
3076.13
1322.0293
2145.8252
59.477028
1946.8882
575.5219
8531.117
646.6861
3126.691
2882.4846
3520.6748
3006.3447
1177.7957
2126.8535
0.0
8011.665
2927.202
11142.416
7426.5864
6199.9004
0.0
767.278
2166.92
2202.5981
14834.549
1131.0615
9998.368
0.0
113.11809
0.0
18742.604
0.0
0.0
0.0
4025.7124
348.76282
1028.2058
2970.8086
0.0
12013.355
41.43733
1142.9785
3429.194
4178.392
17793.29
4486.31
4012.4683
0.0
6228.24
3120.525
2502.3708
4234.2944
22131.068
568.4382
6126.385
1021.48926
503.09116
3435.2944
12368.266
0.0
6061.0737
7291.21
2169.7708
311.07608
1877.9282
661.6859
1673.3743
23552.621
1200.1855
5129.285
29649.21
4334.601
1698.6173
11572.571
1501.9673
32.756493
721.7281
0.0
5340.7417
3870.1196
5492.207
375.9546
1899.5475
9.740051
1802.886
0.0
4575.943
4978.855
5650.9814
6437.576
565.6659
0.0
5543.078
12160.197
0.0
0.0
803.01306
3616.901
183.05899
0.0
29977.717
568.5404
14891.025
6147.8125
1955.3397
1820.2012
502.41083
0.0
1434.6763
2325.3948
3246.124
5650.147
497.40845
731.8273
3119.0479
27914.938
3325.9507
3029.4937
323.2011
1110.424
3989.71
3016.1187
1080.2512
10592.227
5241.855
14739.668
0.0
642.9964
2707.0547
5656.019
383.45532
5991.6055
10058.467
4030.0115
1272733.6
111.819725
2106.0386
9971.618
247.78168
5756.44
6114.5757
0.0
2639.1719
17176.928
9072.389
4569.717
3901.9644
1493.3663
2918.5857
4655.883
9801.136
6601.0264
1955.591
5474.662
1021.5244
1605.9792
469.6836
21284.455
152.8588
3118.7446
1179.0298
3021.5044
361.2727
1421.6748
237.11829
1132.5494
51.232414
0.0
2975.6992
0.0
35691.36
673.82886
4210.006
323.71756
1873.2517
0.0
8422.592
3786.8584
1690.7449
7228.2544
4640.865
2280.1375
187.5759
4572.366
3923.6992
635.2073
198.73639
2249.996
9028.15
9396.895
1360.7173
4169.9805
2699.6475
4773.692
3220.5469
0.0
1288.9471
4144.1562
68.80575
67.87275
2138.784
832.105
391.11853
81.87418
0.0
3998.7673
4392.01
1402.8623
4379.698
3945.5938
2054.523
0.0
2054.5723
0.0
1500.9197
1003.67706
3920.1272
30.695534
105.162575
0.0
426.2739
2666.0032
1536.9067
0.0
9736.047
420.5838
317.42038
216.83113
1300.5474
3903.0283
6621.706
3871.2239
9372.998
1679.9495
2531.7122
0.0
10590.686
13170.137
1232.9324
5186.8228
1905.3796
3963.686
32441.29
2990.3098
0.0
6415.367
36.898045
1377.888
2135.3645
0.0
1118.8508
8068.3755
0.0
3264.9915
1259.0923
0.0
0.0
1321.408
172.77106
3890.5159
642.85364
0.0
0.0
16422.348
929.3989
174.34354
2486.3516
2594.5637
3457.4246
0.0
920.8815
4380.4214
1918.1005
0.0
273.58316
3780.2373
3281.7424
7517.9355
3961.982
1352.2506
5101.747
0.0
1340.4119
19893.87
1819.9465
0.0
4147.1514
0.0
4084.9321
4954.4375
1955.1768
0.0
2951.779
9569.291
554.6957
3401.706
60.76278
2224.4456
2009.9309
3472.151
0.0
0.0
0.0
3453.357
1122.2568
40.64717
2671.7385
1831.3511
0.0
5676.0586
1383.8406
3299.7202
2269.4746
0.0
5139.076
12976.878
816.2684
110.870605
130.6718
58416.402
0.0
304.1632
4512.124
1519.4868
881.4812
6285.238
421.3307
543.34717
3337.8486
28435.932
3563.211
105.25799
236.72308
2737.0146
2669.3757
2501.4688
6078.5605
1179.7488
5508.6113
4771.7764
0.0
1413.1302
17432.664
7721.913
1027.7822
193.6541
3700.1362
23122.844
4317.9243
0.0
1.1288605
0.0
5666.829
738.2203
4752.98
815.9004
165.68832
1444.1869
0.0
1683.7758
6942.6636
1827.1843
5882.7603
691.1013
57336.918
442.6237
962.9363
15830.451
1822.8833
1103.2805
1173.6652
0.0
4070.789
3920.0806
1854.1565
6148.0723
23526.94
0.0
0.0
0.0
43364.82
1704.2314
7535.28
0.0
2463.5842
61583.33
0.0
2138.294
0.0
136.66042
2649.73
1530.8124
1505.4863
0.0
0.0
121.20343
1501.2849
4350.615
5060.189
601.52466
1870.6632
1246.9392
0.0
629.7582
1893.5435
1529.1344
2285.1382
2068.6455
0.0
4625.0244
7125.1816
2874.688
4978.238
27121.457
1048.783
0.0
3204.3289
10567.024
100.19823
2945.9453
0.0
2198.506
1111.909
2068.0862
0.0
410.6811
122789.33
129.66821
3897.826
9284.462
1517.8735
1087.6245
3421.4644
30.22995
1902.6294
1341.435
115.50249
250.58752
153.47443
668.29584
42.52056
0.0
1659.7976
2664.2017
3265.6748
5816.421
0.0
1179.832
0.0
0.0
1192.1917
1238.5516
60263.27
620.215
2143.7969
4194.549
0.0
3458.29
63.637123
3785.6934
0.0
2174.8462
6497.0664
5097.5264
3077.9707
761.82556
1610.5298
1371.8862
3545.595
1540.6803
3811.5615
5417.697
3315.5752
165.39334
0.0
289.2248
691.40717
0.0
4561.6245
912.6134
154.24757
0.0
769.1687
2432.1514
2310.0337
0.0
1352.1909
49113.625
2509.638
0.0
2317.4138
93.43292
141.56021
0.0
1042.8153
21226.34
7555.898
70.288284
2281.072
2890.9893
123.47744
828.103
0.0
411.28238
73622.77
0.0
6976.307
2333.4065
4039.2415
2892.143
2059.5833
4165.1157
2294.6113
4168.9277
1454.8074
1041.906
0.0
3923.3594
17823.918
5377.8965
798.2774
4569.566
13861.256
4182.642
2629.9854
0.0
596.20996
234.19366
4130.3877
1158.8752
0.5895691
4110.2793
2259.9473
3029.6646
3514.9785
0.0
4901.211
321.1833
1215.1721
0.0
787.0216
51793.42
723.5243
38364.617
5867.123
45106.66
20078.488
2186.3022
2573.9692
3282.0442
18006.848
16568.297
2324.101
0.0
2652.8547
2109.9326
1706.7083
4139.167
2273.824
2566.2166
93.77727
2036.2534
0.0
3894.1392
664.34454
3851.3264
3632.2783
193.33868
5394.609
6193.627
16159.342
1179.2175
2851.4531
746.08167
815.18585
0.0
11134.489
0.0
183.44092
3567.8062
93.29518
1998.0494
927.88684
0.0
3123.9155
4090.664
4133.417
2701.8008
1092.2852
1024.428
3943.164
0.0
315.47375
518.9458
1374.8885
2523.1042
993.72437
9028.693
1426.3662
5785.684
19313.264
0.0
3526.895
341.16873
1711.7131
0.0
0.0
0.0
2935.159
12279.866
1379.4722
1422.3622
73.465576
1506.4336
0.0
14544.289
3046.4858
0.0
5855.359
344.81488
0.0
2807.4678
176.73274
2967.5107
26235.031
573.17065
5176.84
0.0
4122.713
4187.0474
1815.8997
3354.8623
0.0
3645.6775
3445.9868
3941.7168
2204.784
1011.0012
4429.1724
40510.938
4438.834
1961.8374
11922.703
1134.2236
2023.1376
1417.155
2617.2703
2825.7507
0.0
2765.9414
5417.3413
216.59875
10386.463
6517.5254
2682.4058
2007.0857
0.0
4309.464
8764.837
1666.1198
6670.4067
1617.6056
68.40582
4431.9067
2292.2195
4322.097
6335.497
4632.8477
2993.4458
3241.8145
2218.141
1415.5935
493.8202
3960.6772
386.2718
837.2009
1859.1884
2679.9055
261.24933
3796.8296
585.548
4127.8394
10975.236
3439.1086
2297.2236
1038.7346
0.0
34258.133
0.0
3164.572
0.0
2815.0793
2983.8203
3738.1914
23042.773
317.02948
166.99289
1428.9244
1489.1619
4789.6704
1314.8396
14263.862
2031.5491
7811.662
794.79236
0.0
1225.5709
21369.262
1293.4077
3467.2876
17567.69
0.0
5932.1807
1218.84
3063.5457
860.14404
0.0
8550.609
0.0
5645.4824
5522.051
1146.5544
213.69804
2763.959
4920.355
12894.227
0.0
1631.9711
6457.9834
3631.9714
410.62292
2574.7515
234.10974
20.51056
7656.661
5727.9414
3468.0347
0.0
1248.9371
0.0
1740.9987
6911.3506
1942.9824
3279.3252
0.0
1241.7903
7441.353
0.0
2886.713
4627.194
1994.1466
3239.7227
0.0
228.89297
5246.132
40524.934
2522.95
0.0
2937.9558
1089.2443
3831.4136
2387.9668
0.0
2572.5972
3410.2515
2582.4624
366.74783
0.0
3005.1665
3105.465
228.27072
5652.508
6002.957
8852.683
219.1322
11960.149
2889.8188
44295.383
95067.19
0.0
995.154
5040.21
2830.8516
1628.2615
1109.1915
731.2409
2869.381
0.0
3871.5718
4746.8286
165.7269
14045.045
1917.3492
2686.6345
6910.242
4333.828
8122.461
3955.9976
58.811974
851.4971
1268.0386
3144.1287
2474.9856
1792.2747
2354.747
1134.7754
2263.804
4183.0737
4025.4768
20350.29
0.0
2368.017
6670.6797
5837.2383
216.47258
1392.9481
1410.2527
1985.6099
1946.2905
0.0
2385.837
1583.652
4239.202
6782.883
6648.3613
1557.5297
1151.1318
1590.1208
2139.1326
22.564713
270085.6
2087.796
1018.9
1975.5286
1575.8134
1638.112
5648.3833
1632.4927
1193.1335
4153.8696
14105.783
1020.7029
0.0
0.0
2495.5835
1180.668
391.66278
0.0
97377.03
576.3114
2175.3606
4321.193
3734.0835
13559.945
2230.6152
993.80176
5187.27
1535.544
6329.3667
4945.4614
0.0
7495.979
0.0
0.0
35995.36
1273.4813
1028.7795
2162.12
681.3625
1126.4371
898.8541
3650.5586
6006.701
4243.46
2154.4744
2086.0825
160.01125
0.0
34.235126
96.37134
43858.0
151.67117
2090.0752
0.0
1912.9264
4847.534
2070.125
0.0
1885.1665
1185.6102
3187.2466
1484.8967
2104.5264
7000.2725
0.0
29.213673
2895.1099
4915.974
859.8407
2700.524
0.0
3227.1987
4496.034
51.332848
1781.4778
2237.5686
1818.6621
1163.8489
1092.892
1442.3313
3162.0215
1831.9299
931.6631
25826.305
93.820694
0.0
0.63780785
2971.6577
927.0603
622.0121
15543.113
932.4695
4542.511
0.0
11127.824
4143.3145
2839.683
16248.455
5877.6436
681.37494
2688.6414
1237.1377
2065.4895
0.0
32.363644
2955.4043
0.0
2903.4917
2490.2754
2301.6343
0.0
5922.5176
11154.57
0.0
0.0
1300.0358
810.1506
3515.6025
409.10153
1177.078
2362.954
1304.6528
18362.418
0.0
686.28955
4559.7812
7697.462
1876.6777
114.86139
1749.8108
1705.539
12921.198
2058.1108
1727.3584
5032.4263
2186.492
0.0
985.66144
1720.9921
4309.4854
16022.459
1311.5969
5044.407
11962.873
6957.7754
3429.0808
4536.9155
2959.1084
5269.586
0.0
0.0
1912.74
4143.1357
0.0
4700.328
0.0
2383.6182
2969.5408
1372.9471
2174.9688
3365.8599
7100.827
1147.9124
9006.584
12302.531
26.486248
1424.4381
1323.8955
0.0
3466.291
6605.9014
1317.8743
2490.2598
865.40656
4839.6245
2025.8857
1866.5933
9407.396
3941.3503
4543.6543
4044.9104
2658.5752
4760.3164
162.88298
185.52722
12919.369
22582.266
42190.125
0.0
3316.0908
4696.4365
2975.6113
0.0
1222.7472
2057.5264
0.0
2493.6094
652.1292
0.0
4357.673
12409.941
13699.898
2284.7095
245.83737
1531.5945
732.1905
0.0
1204.9802
2783.5474
2871.4858
2494.7498
4236.4976
603.2431
0.0
2145.835
2428.5515
0.0
3676.12
2150.889
3452.4995
50.380215
2783.1404
1168.3477
0.0
1069.937
1066.425
1590.7229
1976.6842
4154.12
1454.6667
1433.2878
4942.6016
306.80228
2977.8696
6593.783
1850.5631
0.0
2835.356
411.33844
11988.994
1777.1565
2155.5818
359.92017
1290.954
4163.948
1597.5872
0.0
43662.668
0.0
8365.238
3057.0498
150.85385
1282.8228
8.187866
4510.4775
4006.3584
6946.7134
8607.94
1797.8276
2912.8354
0.0
0.0
1147.8662
139186.56
2905.107
2262.6284
6946.615
5212.55
871.1561
1351.5835
1334.8063
2571.4253
0.0
1697.4958
2485.7341
0.0
5793.1714
0.0
0.0
3716.0027
0.0
15834.316
2597.2683
2520.2983
517.20337
2557.9722
0.0
115.20421
1090.7393
0.0
4120.326
3328.3972
14823.322
9954.038
1814.3401
2495.377
1920.6802
3586.044
0.0
0.0
1669.499
911.6515
2587.52
14511.873
2840.1775
7168.4375
7259.2417
4521.9756
2575.6208
1625.9021
3276.2632
2690.8416
2638.5688
17305.387
0.0
1902.3364
13296.734
6542.597
993.1454
0.0
0.0
0.0
3350.266
551.8986
2044.8506
685.67957
3497.226
818.72485
168.35425
330.54376
4711.7637
1210.9854
3522.9194
2338.832
0.0
1339.2993
11556.379
518.88055
80.68718
0.0
365.24927
572.9093
5029.2563
262.92572
16.980484
3736.269
0.0
0.0
0.0
11822.991
944.9374
3818.2356
0.0
3558.642
1260.1318
0.0
1578.945
1471.7537
55335.85
0.0
218.38934
2350.4294
0.0
0.0
0.0
6088.017
6812.599
3970.6594
0.0
0.0
4820.746
0.0
3034.9517
1394.79
2528.753
55.97177
0.0
5449.221
6075.802
2542.2393
290.7396
810.64874
14072.32
4013.1082
2050.5603
984.4857
867.59265
105808.234
0.0
6342.3213
4814.0986
15255.699
78.73302
7131.1016
903.24316
142.96631
2298.658
9579.267
4506.029
748.3655
4044.9912
461.94788
3831.98
42.843014
680.5498
13.130966
16871.55
2047.9277
6209.279
3285.2925
0.0
1837.2467
4041.4888
0.0
4284.322
11352.738
4373.1113
912.1388
2746.898
397.18906
9388.768
1934.2737
0.0
1753.5054
5651.93
2296.504
9062.859
19443.488
0.0
1718.033
2952.1729
4614.796
7168.053
1578.0127
0.0
0.0
0.0
6271.1196
23074.35
3951.4216
41602.26
8673.089
1936.0308
1292.4312
9134.365
2185.1667
4081.4653
1114.3606
3697.445
0.0
208.11795
1935.8716
6414.8066
4120.674
3479.8208
31350.324
1956.0546
2711.8894
5258.2563
4264.3936
5.2734413
0.0
823.92334
2939.3315
6301.251
8600.168
817.6929
5527.243
2396.263
4107.0654
508.57477
0.0
163.52792
50967.797
2576.5474
594.38806
3138.0212
587.3957
19550.166
4972.8574
1772.6648
7539.335
466.38013
1287.0807
6514.342
0.0
12266.999
43447.03
37.973286
16532.97
2672.3103
0.0
29220.14
1200.1443
62766.33
5128.9224
0.0
7396.4717
0.0
18464.09
1715.7797
1259.4927
0.0
145.54485
838.75305
880.1319
2921.3057
4107.742
4899.8516
0.0
1609.3939
1581.6783
38.738235
38240.414
0.0
575.61786
532.95166
2827.272
1832.2126
0.0
3332.7974
2787.6611
2436.9282
6242.03
2723.2627
4935.6865
4306.295
188.04868
190.4365
2840.2014
2374.7976
220.07205
4062.4531
397.6635
611.28613
0.0
4153.961
2220.1711
0.0
2126.92
4816.346
22038.148
625.799
1916.3127
1659.4084
2636.1094
4871.0796
1933.0725
1080.7666
384.75357
1824.9954
3388.8716
2866.2646
382.6971
1276.7465
2747.3562
590.3952
0.0
3042.7427
4510.679
56214.625
27.439556
1473.3518
1533.0715
1339.4138
7146.925
2260.1104
3181.3052
955.22754
0.0
37468.85
1533.4501
23896.125
3373.811
4948.5264
13770.651
841.75525
840.8828
3118.3228
246.07674
3159.962
1965.0549
10377.598
4761.553
234212.78
4043.1958
4571.2617
5040.0
646.9982
6760.54
2477.0288
134.41364
0.0
928.80414
2903.7227
5421.639
1522.8828
1245.7588
812.9464
2346.442
7288.7363
4352.593
1655.7775
0.0
2897.1846
1115.1488
6774.289
0.0
2365.7026
6775.613
18.013401
2467.2715
3447.0024
9146.291
5946.2734
801.70264
433.06097
0.0
0.0
0.0
49.588036
2212.5886
4022.0747
10656.063
14054.545
2819.3125
3079.0137
367.91418
0.0
203.60054
4329.021
3067.7534
2481.7974
4692.2026
2342.6738
4658.807
2425.9434
34017.38
307.23715
3828.491
62.66201
5118.194
2895.0198
13.188533
1175.3032
1779.71
0.0
6944.794
2130.8638
4516.092
2831.767
133.74184
4559.567
3377.2417
488.96146
2763.0415
1691.1022
2674.6807
307.96286
891.4198
4252.4946
2835.6367
6812.8076
4093.106
8444.643
863.77893
1550.3331
0.0
6961.4893
14778.777
0.0
7594.9004
799.2634
3632.2788
24627.27
6979.374
0.0
0.0
0.0
1055.9702
447.10535
160.88864
4530.968
0.0
503.38452
2088.996
0.0
4000.9893
936.74524
1613.6436
488.38342
0.0
12797.393
0.0
119303.75
2670.9248
100.93312
0.0
390.00064
2377.197
240.41406
11029.467
2788.2148
0.0
2757.813
1343.5085
3477.5647
985.54004
662.8894
0.0
2444.481
18287.85
2944.087
858.9413
1375.7671
2139.285
2110.4434
0.0
875.5463
2946.7053
0.0
0.0
0.0
1929.1918
0.0
11469.086
9897.564
4092.708
1194.3491
0.0
1495.3379
0.0
0.0
241.2742
897.0742
7777.426
1403.6301
0.0
2106.8413
0.0
15633.365
17203.695
0.0
2674.344
0.0
14068.263
0.0
0.0
185.68196
2064.0583
2546.8875
4782.1
16810.354
0.0
0.0
2384.8188
1081.202
2430.0586
1221.18
3919.9287
24793.5
1664.4199
2328.191
0.0
0.0
1046.113
1184.0266
0.0
1830.8602
3880.265
1862.5786
7869.338
6805.0337
3931.273
592.4205
16833.469
0.0
0.0
4672.4604
4227.5103
859.33484
1147.1294
1786.7759
2209.592
1775.9293
2688.2368
3919.539
3441.041
46440.598
1503.8398
3364.9333
2148.5867
12686.705
4745.004
2564.3213
193.36337
1402.4001
9450.498
726.56396
632.29736
671.55176
628.56494
7169.9053
13514.938
644.0973
1550.2882
2429.9526
343.0723
0.0
227.3997
0.0
1041.8452
116.207275
86.74706
1948.1985
2655.1528
1897.5818
4797.91
3215.0454
4483.4634
8043.546
872.5361
2878.1277
3100.004
0.0
0.0
5637.2627
2270.4067
1239.5298
1533.8727
1611.5273
3768.2378
4833.306
737.67334
3449.0723
32676.05
23.30013
1223.6605
173.60797
1215.625
0.0
1155.2981
2088.224
1703.6567
2315.7576
2582.055
227.22797
1069.5106
891.1221
0.0
2025.1926
211.18297
0.0
406.8587
1463.9924
4752.522
3690.5972
2999.908
886.6897
2875.7769
3234.46
309.5998
7652.294
3107.8547
445.6637
2251.692
0.0
933.5122
3064.271
1496.6458
3217.483
350.77618
0.0
26371.973
332.0155
688.9136
0.0
1546.576
93.47995
1782.6787
0.0
5325.2334
3096.0005
979.4561
1468.573
2432.25
0.0
2886.4111
3467.228
3592.8208
14902.923
7742.508
18817.537
16552.582
214.83719
1969.8411
0.0
5779.6504
0.0
0.0
0.0
0.0
813.2118
2465.603
3294.651
7.375929
11564.23
5034.5303
1929.2803
150.31342
14270.089
1354.6934
992.7844
360.60052
2521.7258
0.0
0.0
2144.3047
1129.6254
7365.636
230.22476
2348.211
3143.7366
3042.3745
0.0
1272.5945
4910.509
1868.7673
4113.552
728.9305
2502.9487
5478.041
2191.6003
184.36609
534.50934
15893.068
0.0
1392.8164
0.0
8252.257
3064.013
446.7641
0.0
2948.7444
4508.6885
411.64816
1083.3638
6236.073
1577.6736
31517.318
0.0
0.0
49.48365
3479.308
1261.3955
1442.2529
1876.8125
0.0
1022.84546
12.042908
3883.7466
0.0
25256.29
1037.0259
1604.9463
2094.2886
2716.1064
2252.143
1232.7302
0.0
1422.4805
4310.723
0.0
4309.456
1075.5896
1247.3184
0.0
1191.8887
2350.2288
591.29395
0.0
3610.515
2817.1284
1991.9546
1202.1582
2441.0269
3208.0483
10.803175
0.0
0.0
2986.1978
0.0
12790.165
2657.9917
993.6444
282.50052
0.0
1088.3945
1790.7653
1773.0115
2165.5562
2291.8616
10.676743
5492.4194
2612.4297
0.0
23.934542
5710.214
8385.571
0.0
5996.2363
1457.6365
1273.4744
4270.186
7009.366
5641.603
6.05402
2364.304
0.0
4666.001
0.0
1591.9727
59.295265
4020.8516
4247.7324
3521.4097
0.0
843.16895
1728.5778
0.0
0.0
2217.021
2755.5276
514.1303
3709.665
2.3947792
1660.1638
8639.894
2014.7605
9525.017
7621.0547
6286.042
0.0
0.0
154.12413
2151.488
2460.2773
466.70337
5763.6016
9742.616
2949.2666
4406.9834
5115.7344
1011.5001
1364.4895
2981.6294
18311.52
0.0
27357.564
297.00006
6255.9346
5048.1465
2115.1543
7459.576
1115.554
1543.7607
2638.4045
493.87396
1959.025
984.5172
4871.451
3842.8342
5169.328
1652.6558
4265.313
11765.463
0.0
3777.7476
1554.0392
2142.7065
2003.3907
1416.0118
1051.2856
3249.7993
9627.25
4521.7407
0.0
834.53796
216.36243
469535.7
1627.4333
4027.8403
240.17435
1667.5308
0.0
859.79486
3736.5127
7941.8135
2033.3018
8442.0625
0.0
0.0
2624.3733
1345.273
0.0
656.5628
1681.282
18.831795
3042.6084
1336.0105
494.8103
1045.209
764.7973
370.81662
2068.4854
795.30414
1387.1982
142.51733
0.0
9918.043
2504.861
0.0
16.272484
2931.7168
3610.977
2788.4058
6345.7217
2094.3718
7826.5137
0.0
791.3158
12597.746
145.00043
0.0
2498.5686
3606.8608
4068.9187
4400.1743
0.0
2243.2227
0.0
1538.9965
4926.0776
9635.166
76.46691
3223.7192
861.4055
69305.266
1396.4993
640.3803
965.4572
3766.2788
0.0
1223.3168
1894.1888
1478.3734
1380.7839
1261.0894
1948.2144
3437.0574
3303.9302
550.5095
80.724846
1072.1069
2066.3047
2542.7085
994.37805
7949.008
4272.213
3753.6357
1725.3456
96.486084
298.8463
0.0
1723.1155
20818.137
3617.5903
1892.5557
0.0
14076.088
910.98236
0.0
3315.706
866.6191
3753.6323
7081.8945
18096.582
209.93346
3629.5886
5813.3706
1620.1428
5510.724
1697.9009
5466.409
1080.97
1298.7135
5094.689
0.0
830.92645
3362.8613
3208.273
0.0
2870.3726
7380.997
2722.8281
1378.4901
212.71278
1492.0093
2787.9937
0.0
1436.5254
2233.9868
94.23129
3752.3315
4250.0645
3515.795
478.70712
1619.7732
1446.7881
2041.6156
4402.374
0.0
3291.8745
380.25385
3521.1929
0.0
3889.0298
6816.2153
3074.093
0.0
3932.935
1765.3616
4122.1465
2944.7305
753.0414
0.0
1336.8904
915.2807
3695.4707
0.0
0.0
1461.0078
568.3971
2802.177
0.0
2071.2554
3159.8179
0.0
3002.2407
1909.2996
81.055664
85.065674
16423.375
20646.398
14699.963
49968.523
279.8009
2170.9502
473.31116
4050.3853
5178.0396
125.032234
1723.6787
0.0
335.47327
3232.5757
1324.4653
2445.145
2525.434
5723.115
3777.9878
1568.9379
3530.0881
34664.87
4022.1904
4381.179
391.9593
2531.5977
2219.6877
1075.5103
125.15591
0.0
1746.6746
1939.4076
1979.2578
0.0
5625.9316
1819.6732
1353.6489
2067.5833
26973.395
1400.4114
3417.6367
2797.2344
792.20483
2559.0798
4274.0254
0.0
982.42847
0.0
1743.7441
56085.336
0.0
1080.0609
1617.0156
21789.32
0.0
3147.0762
2231.4639
1984.0648
767.0663
1672.7786
1827.5227
1507.4292
2969.9355
36.570908
3637.794
661.78394
0.0
533.4646
115893.45
0.0
1903.626
0.0
1396.1931
0.0
1408.013
8719.463
691.5076
440.09296
1477.8386
5184.6045
0.0
1139.0845
578.6312
4748.386
1963.126
2812.5125
0.0
10160.073
10126.088
5114.7324
1549.9418
10833.285
1429.5278
5858.1035
4383.376
0.0
6431.997
7913.669
17.768282
3826.9424
0.0
3376.4978
1180.5272
2245.5012
3955.606
800.364
2004.3209
6297.997
4.2068634
0.0
869.16425
97564.73
2188.1113
0.0
49.71013
0.0
7562.294
0.0
1982.0381
15335.483
921.0929
1367.6694
1284.3555
3602.004
0.0
3521.178
783.93274
0.0
1023.66534
0.0
3099.3877
1174.5621
0.0
1642.345
1727.4352
2175.632
0.0
2086.7856
0.0
924.7086
977.94617
345.02878
3335.5803
4515.046
586.1106
3337.8975
0.0
4478.003
0.0
2600.9307
5454.9775
882.9611
3219.1152
3984.0493
257.0166
1489.8002
20969.69
1030.9586
1326.0266
0.0
3695.5344
0.0
3438.2632
0.0
0.0
9.972794
1402.0005
1365.0004
0.0
281.61142
0.0
7035.751
0.0
2379.8691
0.0
3081.0283
0.0
4525.292
2510.657
7946.8413
239.57448
84.279236
1291.6964
2236.6318
32200.086
3281.032
1385.3403
3978.1667
609.00415
3295.4648
1023.8745
6915.276
796.5801
0.0
0.0
2836.8271
3965.1436
0.0
1602.6951
2583.6223
10247.74
45.21994
0.0
713.15845
8543.33
0.0
1252.2646
835.1924
991.11743
2299.5337
2426.0308
6656.741
0.0
18371.336
9893.756
3430.1326
0.0
0.0
5854.5547
1895.3184
80.86301
0.0
6653.7695
1077.4851
5703.5254
67655.24
1980.4414
9766.053
3502.2197
4559.655
0.0
6882.756
1106.4446
0.0
0.0
71.280685
29.075825
4226.9424
2708.3667
8712.237
6705.662
0.0
0.0
0.0
1574.7117
2192.1572
633.19196
16091.885
760.4542
3645.5518
0.0
4063.4155
0.0
3069.35
0.0
1995.731
22917.271
244.85725
1364.9727
2179.94
0.0
881.07007
3186.5066
772.9451
0.0
1160.1401
44.29715
11835.944
2292.6172
7599.8394
6083.4575
16222.533
1321.4805
1214.8329
6152.635
562.63586
2108.0625
5700.5713
679.3618
0.0
1759.236
0.0
0.0
1296.8876
1745.4829
1300.339
4671.2783
7611.7646
52711.223
1416.1506
247.17975
8825.501
1638.217
858.5902
5964.249
2317.9565
6156.798
21141.223
205.17947
254.41164
6436.722
276.68777
3237.738
502.03076
4763.495
23059.146
1845.709
3327.7856
0.0
2782.5774
0.0
844.33417
3123.4844
4038.8462
0.0
4129.435
0.0
43201.957
45.534893
195.88959
79.950424
994.45996
0.0
1965.8918
0.0
0.0
6852.0127
1050.1709
0.0
43.9021
4780.1064
4443.6104
2328.4746
1115.5511
932.88727
205.6646
1235.3953
7332.941
5930.9326
880.5282
7234.133
1268.0005
1352.124
3347.1904
863.7898
1280.0149
0.0
4450.699
300.99304
3625.7969
1384.2594
2013.0555
0.0
0.0
5844.2983
1905.2383
306.80328
1006.187
0.0
486.1105
6129.6943
1061.7454
1706.6614
1361.0474
3430.814
6810.8623
410.06696
1482.8834
2924.4558
2885.2578
7796.4395
2609.2288
1544.8008
0.0
56006.14
1950.2175
14.870724
138.71622
75.64268
0.0
2461.8467
0.0
2213.9658
68.21018
834.8081
1360.4618
0.0
16019.453
1937.6171
3921.1663
0.0
11100.174
0.0
10732.289
7338.2295
697.9606
2955.493
7451.0625
0.0
5345.4365
2169.63
11016.331
1313.1416
3845.1587
11020.07
956.9804
1323.8232
0.0
0.0
0.0
1085.5552
2306.014
2924.4595
1814.1921
6.8289413
428.85437
5112.195
21237.809
1037.7502
1283.2695
0.0
2639.887
0.0
21497.465
3601.8484
3116.8809
6184.831
0.0
3801.2417
2962.871
716.3568
5352.192
0.0
0.0
3157.726
1735.2002
1338.2698
0.0
3695.3555
0.0
2756.3206
11668.258
1897.4779
1952.3279
5590.719
5004.4453
1413.2705
5980.1406
79.78872
2074.991
0.0
650.564
240.21556
0.0
0.0
774.04785
1017.15485
5338.8486
706.6607
4037.0266
1.2210922
1075.0486
8444.743
1420.364
0.0
5324.366
2326.573
19553.748
4971.6426
29215.61
5748.211
2483.7573
1553.8154
4371.0176
0.0
0.0
11959.691
0.0
2382.561
2678.942
7379.6787
5618.352
6242.21
5452.4023
26285.049
0.0
4041.194
7125.0293
9975.0205
10781.258
395.98956
3569.0708
554.87494
1154.8978
4869.544
7921.7773
0.0
2961.4504
6421.4443
19994.617
4455.7705
4800.4336
4065.2969
208.4685
3351.843
12502.748
4011.0024
159.6434
6644.3237
6227.243
2784.2837
3009.0935
3764.8818
4623.288
4949.3286
0.0
1756.2646
196.9948
851.42773
2098.2095
2839.668
3244.9824
0.0
2014.0754
0.0
37221.17
1524.6255
2259.5586
4120.144
0.0
130170.29
17140.223
2689.8467
4939.0767
26484.844
4339.77
2656.1045
5362.8486
0.0
2071.1997
1697.439
0.0
3326.1409
5236.915
54399.22
3005.8394
6053.842
1816.2441
2869.177
4705.599
0.0
642.4669
1181.5303
3826.1165
2578.2212
88.91249
7354.0435
485.7264
9274.085
2641.645
9681.901
944.89355
5789.0117
1850.7098
2147.8423
185.01569
1932.2883
4978.9443
3094.7605
3851.7021
0.0
3536.2183
1113.5446
2711.7085
467.2443
4347.1973
0.0
1411.2548
1118.1401
0.0
4387.871
16116.621
10289.746
658.7229
707.2267
3739.905
0.0
1256.01
47.122414
4413.779
2662.186
0.0
12550.005
14858.287
3410.7507
3749.0757
141.36041
0.0
8876.9
4839.7866
8358.434
3447.0857
223197.3
3308.9714
16802.736
0.0
1250.0945
6858.4414
3302.4973
6291.115
0.0
1897.8334
0.0
2154.569
3793.7778
8731.95
0.0
1212.7114
4175.26
1374.848
5333.164
1938.886
3649.504
199.76204
121.274475
1892.272
333.7681
2406.8118
1929.0676
1681.4044
612.3145
5047.2393
8300.286
1639.4048
3227.4614
758.7352
1587.1665
1284.6816
408.31805
5698.0513
903.59143
0.0
4669.4014
537.1336
12009.77
1879.0347
2905.1367
918.0896
6576.5986
7257.871
205.99344
2944.7522
84.82377
3121.1826
1370.2026
0.0
1881.2249
32963.832
5064.3022
1765.3613
3591.1675
50.073837
5947.677
11202.217
17854.693
2276.7402
168.2409
76819.05
122.62306
2439.0867
0.0
7985.7466
2367.9097
2286.977
7092.6064
5535.146
372.21326
1948.5627
1897.0276
6501.672
119.08876
2215.3547
2196.9026
2786.8633
5456.6978
158.92618
2214.88
856.9077
921.2798
4451.35
0.0
298.57233
88.103645
0.0
32909.836
314.04877
186.66855
0.0
2221.5217
7358.842
0.0
13763.043
1381.3401
2047.3264
1649.659
743.21155
0.0
10810.625
3785.5312
2384.063
1349.3234
5897.8584
2368.4338
57290.61
5682.51
746.1223
758.34607
3216.5923
2951.2341
0.0
1096.5771
9362.764
9328.223
3318.5303
0.0
766.7422
1545.6713
345.74133
3077.5254
38605.906
4366.2705
11910.339
9250.901
32386.352
0.0
2139.3652
6043.163
3496.4707
2386.2996
624.2623
17126.477
2470.3228
1260.3392
0.0
4388.713
2520.5386
5020.291
2969.324
1202.119
17081.715
4524.3237
2079.324
1438.8625
4597.6245
1965.3301
769.7407
62.946358
254.65424
2774.4683
11301.359
2241.826
1215.7122
143.96542
1472.1761
0.0
461.19586
2735.9756
24349.078
28624.283
1088.108
10063.013
2685.5815
2287.6948
4536.7227
330.26202
118.490295
43349.234
0.0
391.6902
2695.0537
0.0
1182.0269
6613.5625
1103.7382
0.0
3417.9827
45.3664
2066.2754
1666.6118
0.0
2957.8154
630.32996
5946.0815
0.0
0.0
15705.451
2224.1587
0.0
3244.7039
158.20575
2424.6924
2390.1255
24503.65
152625.4
2005.2917
9321.633
2300.5337
2008.0208
2110.5696
3962.5947
0.0
3736.502
0.0
3414.376
23002.422
0.0
17276.652
5524.132
1402.4094
3494.4023
12868.566
9158.874
0.0
0.0
127220.99
6646.638
2100.4724
3034.6265
2565.0989
0.0
1179.5598
1851.4539
837.4866
0.0
241.00659
1413.2081
1717.8535
3142.9348
4861.416
0.0
5447.385
2679.8125
1347.8644
160.17757
5773.508
979.53394
5173.26
8584.548
16605.615
1538.554
945.6803
1074.5974
1465.5068
6328.346
0.0
277.98712
9228.143
25678.828
0.0
435.10748
1480.5326
3824.9321
8074.084
40630.676
0.0
10511.77
21857.973
6457.084
0.0
0.0
753.062
1253.1516
747.8875
4654.861
435.22693
2573.71
527.4225
3584.7305
1331.1213
4545.3193
79.21145
1264.9706
1483.2638
0.0
1073.2623
2628.43
2401.7334
1125.009
6385.4453
23330.785
54972.44
76829.98
34680.758
0.0
0.0
0.0
2213.6538
708.13855
23476.473
8452.296
751.0285
781.8745
1130.6558
1667.9724
2321.4768
0.0
0.0
1705.3739
3769.7864
9256.898
772.1307
21.318657
2626.6055
0.0
32.788216
27107.268
3411.4697
0.0
1813.9497
0.0
9827.247
4238.672
10904.337
7140.0938
1664.9464
4182.2065
2837.55
11520.413
0.0
16.808332
5426.218
1451.3481
1573.6008
91608.85
2535.3381
3033.498
0.0
1134.5819
7226.594
22021.328
1958.5186
0.0
14910.363
1461.6962
912.59656
12843.021
3014.2893
9821.49
485.43036
2220.5703
3689.3125
2208.7705
2376.691
11032.684
55.910744
4357.2812
2163.1667
4381.507
0.0
1959.4332
4942.1855
0.0
189.8384
3147.5615
421.18262
29076.201
1796.1003
1285.441
644.7429
5113.953
1216.837
9075.38
0.9996376
3067.4136
2075.0427
1521.2322
3616.3057
2355.309
3777.0815
2669.0312
165.76839
8991.594
889.43134
2796.962
1053.4802
2914.6199
103.10742
9232.667
2875.7114
0.0
417.19574
4339.0635
26600.309
4777.468
105.51954
4371.782
90.11763
4695.168
4831.0693
1269.6678
16401.812
14771.894
43.024742
8194.694
1126.0516
0.0
1601.0276
5651.403
16383.747
1372.8806
3631.163
125.88606
1028.4968
2194.8613
1725.1003
2967.42
0.0
3928.356
5177.4062
2051.1855
18469.627
3985.756
0.0
5297.3467
1173.5929
0.0
5763.7812
67248.48
1032.1495
832.52124
4795.474
1604.7533
9961.77
1578.4646
3971.4224
156.10895
0.0
6021.079
11429.398
14513.922
0.0
1974.5098
0.0
5844.4795
2607.7668
3003.1865
17565.203
0.0
1860.9606
24101.648
64.01863
619.1793
7853.2046
4892.967
1317.335
841.22815
84.2902
2563.042
2143.19
367.083
0.0
1945.398
3167.5957
432.06183
2283.4104
2798.1755
12695.978
0.0
1217.9546
3436.954
374.47278
192.43976
62.758263
1977.0725
0.0
4545.4346
1082.3236
90.95041
7941.45
1520.0747
1345.4736
0.0
3886.1738
1660.3557
6314.095
3654.9082
12638.484
2276.9893
0.0
0.0
0.0
1485.3787
1663.812
1681.6438
2049.6929
198.13214
4805.0596
0.0
88977.97
2134.816
7397.0723
0.0
2151.946
3500.979
0.0
18.215086
1933.7576
0.0
3966.046
4054.5225
27524.844
2733.3027
3383.9238
5251.3853
5106.5107
3703.4758
0.0
1293.1545
1014.88293
6154.523
1688.0536
3076.1455
36737.258
4501.2266
1649.3069
0.0
3018.7
0.0
3102.5723
519.29675
2642.1956
3262.4575
0.0
1050.8494
0.0
2045.7166
6540.1777
87.3107
8298.121
0.0
38.436222
1034.7312
3082.2656
316699.6
2121.874
4314.793
6254.909
804.4534
1035.3264
0.0
338.08365
2195.2632
18072.611
10703.739
1033.9639
6571.569
0.0
2627.296
3386.709
1307.5879
1806.5955
0.0
2989.7598
431.66965
31.32856
6069.158
1262.506
2620.8887
4332.7207
344.71808
117.090195
2067.517
3422.5332
7280.827
6633.124
3118.1729
6858.969
1047.2257
0.0
1129.0027
0.0
0.0
4313.3306
993.9885
1122.9227
3944.0835
31830.947
1266.2595
3583.6582
0.0
2642.329
3414.3857
6951.8374
1014.97974
1393.4907
0.0
17746.602
207.67763
17372.42
2341.5874
989.8115
1137.3984
3048.55
4268.259
4489.3164
2735.018
7944.8413
3520.6177
1228.168
1039.1621
396.45566
0.0
4265.41
17370.225
1599.342
3178.558
180.2347
1349.3057
0.0
1303.2542
1803.7214
3527.4648
7505.2188
3545.003
856.5098
0.0
0.0
3413.8394
28500.7
0.0
0.0
4592.6274
0.0
3696.4
4647.0312
1549.8588
10823.09
2268.2056
0.0
8841.985
0.0
2052.2378
11518.486
1696.2626
1683.9938
0.0
0.0
954.6946
1419.4392
2072.7295
0.0
682.3258
203.74075
4447.685
915.9111
4487.2
81.71398
4428.73
1493.709
269.08508
0.0
453.495
2219.6008
3751.274
1922.1454
4248.0903
13515.031
8350.8125
1277.2397
762.801
600.7886
1937.683
91527.016
0.0
0.0
1034.0547
4103.2637
245.54262
1820.3081
114.91838
1017.5647
25.85464
5263.377
0.0
145.92975
1688.9858
2112.7434
92.85572
3464.853
1877.6162
1922.1912
282.2311
1624.5919
5222.1035
2935.594
3279.2383
858.73065
1386.4797
5755.594
699.96497
10352.656
212.555
222.07147
0.0
822.6129
2191.522
660.81775
13257.047
5108.867
0.0
2753.5889
48.40143
483.38824
980.17737
3851.4192
2129.433
31507.883
489.75952
2523.9683
1777.3309
0.0
3747.4556
7.349682
1861.5774
3102.0251
0.0
0.0
48.561016
0.0
4012.7603
13150.321
249.32202
1216.8884
84.521324
24074.309
6172.9736
4922.2656
1600.3254
4126.0903
3843.044
951.3849
3441.5142
7067.1587
0.0
621.6235
14988.18
1062.635
1237.1279
0.0
18076.182
3799.855
1563.7139
1238.9862
9298.439
1934.8726
1028.5867
471.29926
0.0
612.44006
18662.719
4054.5352
819.4311
4266.695
8054.297
805.3966
1256.4824
1616.2234
3110.4446
1415.56
1789.7656
6263.2188
0.0
1595.7297
216.95514
54.505447
2525.5007
2437.1316
3086.6182
12796.846
2909.755
3995.5874
13186.845
2420.5479
2502.2542
12782.456
3062.421
2130.695
1480.1451
26013.645
640.7226
19760.03
2229.345
12718.869
13338.694
881.11694
3176.4072
0.0
22001.172
413.1748
5194.711
3136.7695
0.0
6705.126
7635.871
1181.0737
1453.8489
3539.9602
2606.0486
1929.7124
3704.2412
1027.3506
28499.877
11848.524
19397.336
3424.0981
3856.4714
1249.0623
1112.9297
2115.092
37.705254
437.64783
0.0
5981.8945
0.0
5428.7373
212.37454
913.29333
871.57874
1066.1578
770.4186
1830.0516
545.5331
0.0
59810.164
0.0
0.0
4055.6987
3222.6436
0.0
2736.7598
0.0
2601.3435
784.7792
109412.38
6419.48
6798.2295
2069.5327
992.1013
1133.9839
7289.712
2313.3784
900.4469
3640.8384
0.0
4642.1245
942.33875
1565.121
66.75171
2789.3252
3472.2734
23541.822
2170.8203
0.0
384.30103
2685.0056
2363.2512
2720.4795
0.0
0.0
3110.1636
1306.3364
16338.926
3226.9912
524.46106
10662.603
3229.1914
5621.4717
23404.195
3145.102
5934.37
7901.079
1671.4192
2513.2666
1803.8727
0.0
3142.7566
919.50867
101.02874
826.09644
10195.383
3602.8408
808.5221
10650.244
6319.4805
2414.8325
1331.5067
3438.9102
4764.4478
1709.7294
872.8922
0.0
3165.81
0.0
8700.699
0.0
0.0
1613.2273
321.4238
6854.184
2129.2515
2388.408
1973.106
3218.8625
4091.877
7414.624
0.0
7611.538
302121.78
1369.0906
0.0
9389.79
754.91754
1524.6556
1454.137
1868.3892
18454.24
3092.009
0.0
0.0
4888.5117
5168.185
4257.6274
7291.4883
1546.6282
631.6291
531.3064
0.0
0.0
464.10785
2044.5737
3969.3672
4563.4443
2232.7231
0.0
2008.9988
2903.6775
7714.545
1861.273
381.48492
2171.7998
0.0
108.67384
0.0
1294.3555
1120.5608
3452.3276
4729.768
1651.673
0.0
21793.65
2286.542
0.0
0.0
4077.8926
1079.2642
1862.2046
211.37411
794.8636
273.04587
679.9315
1719.7415
26529.898
2646.0298
47.93995
1826.9216
2894.1553
1063.4762
2538.0393
8799.1045
27.644201
4533.163
1695.8538
1230.2314
1783.4274
22.657822
14833.521
192.33878
13806.679
6151.2837
3700.5085
2941.8599
1658.0215
29632.766
3897.3223
2557.5398
498.2652
5748.5215
1666.083
1265.676
3724.0059
121951.78
702.0322
5748.949
1014.11975
0.0
0.0
2789.1494
13303.16
1590.1895
3638.6763
1265.4292
2688.2837
1150.0005
8269.104
0.0
859.14215
5870.0244
3733.9194
5954.9385
904.5924
2123.4478
3296.545
0.0
2614.0298
1138.1744
2985.2412
0.0
3097.9858
2842.4814
2665.854
5404.373
0.0
0.0
900.95544
0.0
4316.274
4656.2485
3744.763
1779.7786
4068.9414
4295.175
7479.868
1392.77
0.0
2061.0754
0.0
985.2832
2453.959
2498.0483
0.0
0.0
3022.1377
1431.4927
4745.205
2932.674
1664.9656
15784.577
2069.4697
7007.964
2691.2134
336.47772
25182.252
5082.0215
2303.5015
3035.5693
1751.7161
1681.8444
2227.083
314.67798
419.61703
1660.8792
3872.2368
1276.9148
718.926
3166.919
2166.1628
1928.0444
1090.2223
1784.4786
1478.3806
588.7694
2084.2886
427.9466
3152.15
4579.0776
1323.9194
1421.4558
3871.7593
0.0
7221.9307
0.0
169.7174
2056.7263
0.0
3668.063
0.0
760.2623
532.5541
1511.6743
19.399883
30.864885
571.2871
822.94946
11547.837
5988.332
1874.397
0.0
3076.8726
1061.3606
29735.186
854.0526
0.0
0.0
0.0
393.25336
366.74976
12509.661
585.4867
0.0
1209.6849
0.0
6172.1665
338.48438
8909.727
45538.59
1007.6555
2483.3245
8504.423
320.48093
1356.8027
3431.8325
644.84595
3091.5405
3931.5103
0.0
4705.816
0.0
1763.065
26.166273
21779.762
2014.5695
3410.7063
89.824745
3463.873
4763.741
2799.4248
919.91406
12.664001
824.9981
0.0
4772.8267
12610.85
2560.6729
4858.051
1111.2817
5319.167
2766.8247
787.6698
1236.7896
1290.78
0.0
1098.3391
14546.047
2367.5337
2553.2712
6200.0845
3300.3008
36812.844
2493.6638
2467.3708
1375.3817
8509.301
5538.146
3359.7695
22751.02
6368.0083
3189.4077
272.1468
750.48083
3710.3064
1679.6638
402.9383
3866.2036
3158.138
1927.8645
326.7461
80814.7
2160.6765
5389.542
68.03552
4222.1357
5009.0864
3610.6328
58810.875
1625.7336
16431.273
0.0
0.0
3390.8076
1763.2125
2620.5242
2246.8748
1733.9344
0.0
2397.4097
199.8555
2520.6387
5296.918
39.543808
1370.7666
3691.131
425.81366
1047.2777
1854.6116
4453.6973
9963.794
53031.086
2659.9277
3811.1406
5575.833
17372.5
7427.162
0.0
0.0
1187.5977
1778.0509
2707.776
2522.1782
0.0
0.0
33187.773
95.69541
5310.012
15196.0
337.43607
1273.9001
24354.426
0.0
0.0
1352.5859
0.0
2284.9814
1815.0859
1674.3853
8630.694
4430.133
1041.9646
64.49515
0.0
0.0
882.47784
2379.4158
11453.027
29256.69
0.0
0.0
3795.3374
1159.454
2667.862
2920.308
2162.538
971.63525
3643.42
1507.6089
1372.6305
1183.3152
0.0
5289.3936
0.0
1830.2405
1353.5573
52.205612
5655.242
0.0
1321.535
1072.0939
5913.8955
0.0
1018.62537
0.0
628.5358
5094.014
4355.093
7693.8115
21720.957
33223.902
1597.6172
4829.921
229129.9
0.0
14481.983
4460.249
1097.6436
10764.249
0.0
1566.1079
0.0
750.7471
1460.8523
1235.9097
4631.529
0.0
1632.0912
4024.0312
1111.7909
13985.558
1195.2361
566.13574
2779.3958
7353.5107
1601.5901
307.82532
3803.4536
0.0
104472.64
16368.721
358.9314
673.8507
2255.1875
1158.0758
3333.5874
5055.0
499.05075
1603.5876
888.56885
5074.5073
5686.009
1955.2853
1146.7899
151.70999
0.0
0.0
6624.5264
729.1765
320.51788
0.0
2593.8076
1506.8849
14281.766
5128.5234
3047.6748
791.16876
0.0
10965.0205
2498.0176
3741.2588
5003.4365
1002.51483
2531.4114
752.77124
9.09568
5213.4307
12558.583
0.0
1170.371
2384.0613
0.0
1454.8611
732.2075
1659.7407
0.0
0.0
3751.9087
74.99444
1666.4126
7585.677
8117.0825
28263.568
4297.3164
971.6885
404.34894
0.0
0.0
3.4395323
2774.2207
5909.7676
2838.5808
13400.009
63646.63
93.617645
605.0904
5324.885
0.0
1919.1353
4921.706
5656.3296
41.15982
2154.4302
1724.0261
1071.1938
1731.5444
2537.6187
279.8707
0.0
26162.021
3165.2476
18646.846
0.0
2273.3813
1052.6168
0.0
4102.796
2170.1375
2045.5225
2409.7551
2426.9016
10523.859
0.0
4289.018
2501.1309
778.42633
4856.1475
29.3942
959.61145
1284.2247
3696.838
3865.9956
3404.123
57.820175
2239.2983
1379.3679
6814.907
1400.9559
7875.6846
1579.805
4026.771
0.0
2284.8083
657.2566
1291.4863
0.0
2260.2715
41314.344
4053.7646
433.12488
2511.6787
0.0
2316.2688
895.75885
8387.586
572.14655
1296.737
1265.6056
392.20966
0.0
2108.9026
0.0
879.31024
10733.836
21873.838
0.0
3542.749
2865.4722
180.85895
584.99255
0.0
2000.7283
0.0
898.5613
2731.6096
428.7674
2617.5757
5737.9873
267.89307
4864.5474
3645.2402
36.19415
44277.96
666.6169
6962.8945
4061.8982
20411.771
3081.7925
0.0
0.0
1930.6677
2507.2217
1227.858
0.0
0.0
6606.214
3924.9626
2660.022
195.428
229.95491
124.7211
4025.935
0.0
4556.506
26656.64
11566.529
100.834076
3012.252
1927.5977
1865.0461
1902.8379
519.15533
3341.6562
2215.0488
7245.1084
1792.7656
11138.17
238.41306
0.0
0.0
6901.2676
63.659462
6196.9473
0.0
1527.1298
17.326971
2721.6924
5641.0693
4641.2188
2107.2268
2163.4001
3953.4292
2341.5957
4495.8345
2011.1814
1370.9352
25506.05
1379.3127
2958.3901
3924.1611
2949.6829
1794.3716
4275.9053
0.0
3461.314
4483.177
0.0
0.0
0.0
814.11505
1670.9822
1669.4105
569.3169
2866.7063
4951.088
273.61804
269.7957
272.2047
3047.6387
0.0
0.0
1423.5503
2443.7764
1658.32
9170.363
0.0
1252.6588
1911.777
3006.2869
864.2398
149.2139
0.0
13853.889
2161.0952
6064.579
2990.5186
2098.979
4283.6904
2276.8872
4482.7344
0.0
1292.4609
899.7113
2011.3357
17072.738
11679.006
0.0
644.62756
12368.307
632.29956
825.5982
2839.2256
12685.559
2182.2588
0.0
2554.252
3339.1396
31083.93
2280.664
1075.9131
820.9066
5334.22
2382.8196
0.0
12694.295
2837.2244
0.0
9933.4795
4013.994
10213.085
9170.776
12338.52
