12668.251
0.0
4782.8467
1144.8856
2351.055
4257.618
0.0
1773.8022
0.0
0.0
978.0741
0.0
194.33382
2912.0803
0.0
0.0
0.0
200.64885
212.70273
0.0
0.0
36242.67
2640.0146
1595.1709
6610.4736
9141.48
681.84106
0.0
0.0
802.36414
11040.117
5765.8506
0.0
36.61652
603.8788
0.0
0.0
2550.0947
0.0
198.22498
0.0
1941.3547
1652.3308
0.0
0.0
164.82446
0.0
0.0
1395.8401
220.4614
2385.5156
857.7509
0.0
2793.3335
2574.5635
1773.436
9830.388
1338.0774
0.0
318.17206
2013.8654
47.838573
4170.373
0.0
5274.127
511.64673
0.0
7956.7617
70.28395
3161.9238
3036.1191
17768.146
4787.529
2033.4863
0.0
0.0
2971.5984
1677.3832
1185.1094
22856.033
4895.134
34236.242
1601.949
54.37047
1503.3772
0.0
226.42029
10702.787
50002.17
1.4471948
4955.582
13584.629
6276.509
0.0
0.0
509.17126
1313.1469
1948.6143
586.0122
0.0
0.0
1269.2468
5254.606
1081.3385
2070.5474
15059.303
8376.636
0.0
779.46094
0.0
0.0
30858.992
73.022705
16984.846
6424.18
63.17409
5486.323
4779.5024
11109.226
0.0
4099.5234
1374.2743
0.0
0.0
0.0
22391.826
1062.5155
1010.306
0.0
1413.6895
1897.7722
117.39842
195.72412
0.0
24394.818
0.0
0.0
1072.5367
0.0
2625.0498
0.0
0.0
1059.994
18608.297
3849.7776
0.0
274.20996
2309.3164
2284.7163
0.0
0.0
2504.28
790.5436
6737.6147
2328.4438
2373.6624
0.0
1563.5906
3955.6162
1005.0004
0.0
7097.0415
0.0
5378.164
25.533163
1834.7021
23901.055
0.0
1412.5315
1784.2585
3753.2715
2186.7014
4703.616
144.65503
2210.21
7030.531
0.0
0.0
327.40485
4119.1006
1097.5032
80.21452
43.69472
6015.1426
0.0
0.0
4582.2183
345.007
10289.71
1538.523
4087.8745
1113.928
4262.7876
977.2075
1470.6155
0.0
1984.587
1168.917
10308.241
3900.9668
3878.7825
44.131996
920.42175
232.06973
3472.5615
679.84827
1873.8215
160.02173
78.45979
1847.7043
0.0
4511.59
29795.062
41.401356
0.0
2583.261
0.0
2943.0715
116.96053
2154.7854
95.99009
2463.0605
145.50986
12586.059
5219.259
75.856476
0.0
0.0
3991.0142
0.0
1890.073
1211.8568
3910.6968
2726.8892
3.4054642
39.55668
3014.9062
0.0
1211.2142
0.0
21660.773
2803.0303
191.30493
0.0
6244.8438
0.0
140.17966
0.0
3112.6003
1536.3605
3977.2312
0.0
0.0
3389.012
1086.2933
0.0
140.7108
30318.75
0.0
1659.5493
27.887636
1582.2963
1219.7015
326.6496
0.0
3539.6191
1556.315
0.0
6730.6377
2117.437
3500.5566
357.26544
2732.8833
430.33215
0.0
1612.3765
3319.5876
1637.3699
36.215405
4651.4775
0.0
0.0
1175.1028
2401.422
2442.7832
2529.1624
0.0
0.0
0.0
48.969322
436.49255
2083.8975
13364.887
29.880312
18371.584
2448.0781
0.0
2522.1248
1619.142
2614.857
0.0
2209.7568
743.0679
1275.5061
4234.536
173.55617
1720.1733
800.74036
0.0
14480.638
49.1988
7.410389
583.11694
2533.3364
2076.9155
0.0
16008.546
51.843773
1170.3999
7789.092
228.73724
2992.996
14595.988
10084.378
428.4914
0.0
4844.271
9117.779
6690.29
10315.584
889.24884
0.0
119.08687
2314.7705
3253.1553
2177.8809
0.0
0.0
482.34503
2623.7173
1260.2795
1313.7318
0.0
1231.37
0.0
20577.807
1776.7642
776.7064
2510.1792
0.0
5922.633
0.0
0.0
69.916046
18324.398
2864.026
1557.7881
2074.5176
0.0
0.0
0.0
2884.2468
0.0
0.0
3079.7354
243.56134
0.0
3528.541
0.0
309.59357
14634.739
5443.218
0.0
53924.8
0.0
3074.1665
1571.7623
2388.3267
1872.7654
8946.263
791.7124
1071.2268
0.0
25781.01
106.52086
3042.8674
0.0
0.0
4654.2314
2387.9128
122.71076
2070.0044
1432.3972
1238.4893
1779.2175
3683.2224
2186.7886
3703.6072
1619.5797
2739.5479
0.0
3103.1477
0.0
0.0
2632.5713
7070.159
0.0
1480.6354
1271.231
11796.872
3813.4019
793.60474
1807.065
4794.726
2149.528
2386.172
0.0
0.0
0.0
1065.8184
1558.5254
2033.5762
0.0
261.0906
147.90216
0.0
3380.4492
1473.4192
0.0
53003.53
3.7718878
5544.351
1025.3224
1406.6299
0.0
948.6869
876.8195
1538.4833
2595.249
3685.3762
6632.91
5074.3936
0.0
0.0
1545.6404
7647.218
199.93594
0.0
0.0
1666.7832
6513.5547
3588.2153
0.0
2751.573
2609.4443
0.0
3633.79
3138.3274
197.0943
2083.9404
2324.0251
2410.9421
8196.924
2523.8413
6065.5283
0.0
0.0
230.927
540.31885
4356.3384
0.0
0.0
0.0
0.0
0.0
89.13712
2849.6528
4655.3633
1738.4849
0.0
0.0
1914.45
1452.7186
1841.3209
0.0
0.0
127.57478
3935.081
91.806625
0.0
1475.4246
1975.7257
1013.86914
3432.8262
228.09952
222.3848
2702.331
68.53121
4786.9233
431.80237
26.84897
72.590096
1642.7067
4442.8965
0.0
883.7229
3056.1492
0.0
0.0
1070.2535
1515.1482
2505.3862
10142.026
8115.3916
0.0
30420.254
2195.0747
2239.5935
7083.2676
209.43004
1391.1188
127.44404
0.0
1502.2013
0.0
5423.0913
1873.2638
2613.4727
269.12473
4216.5176
13424.15
5611.6807
4076.5886
4699.2456
0.0
3274.4907
0.0
58108.004
1959.5347
56944.21
0.0
671.1853
3320.2524
3527.58
231.75055
0.0
0.0
2331.5784
0.0
13787.156
64.58097
0.0
11479.242
786.96375
0.0
2523.3486
276.9434
2382.0625
0.0
5063.232
0.0
5434.866
1513.5186
1046.4204
5264.883
4032.0598
1033.395
0.0
9626.905
0.0
881.67303
6506.5493
2719.2588
0.0
0.0
0.0
1503.8054
233.3354
1504.3561
0.0
10586.735
0.0
165.18756
2146.311
1523.0183
0.0
0.0
6243.9844
1352.872
2340.2617
1211.5801
1887.9788
3282.4893
0.0
0.0
107.88571
1414.0488
3705.1045
0.0
161.26743
435.88672
0.0
0.0
426.85934
1501.7256
5823.9995
29781.256
595.2142
1591.5782
701.03906
1896.0806
3606.9668
0.0
2020.2621
1588.6571
1523.9065
6666.4385
961.0248
0.0
0.0
1844.5208
54.20386
0.0
0.0
2315.2842
1179.3728
3518.979
8320.962
2337.889
0.0
857.73926
0.0
1563.5995
0.0
1330.5742
4044.2935
12686.028
1112.1749
1756.4918
1432.8953
1797.9069
21.47361
3241.913
3276.0479
764.68616
2400.7456
2754.7827
256.14664
0.0
0.0
1878.8218
4086.8613
1609.9794
0.0
118.75568
196.37788
92.56805
2195.1438
2302.6313
442.29614
869.18115
1959.2964
8523.934
0.0
4288.723
7027.7466
32.483498
185.99501
224.24625
1868.1049
1094.5076
90.581924
0.0
0.0
4319.8984
2619.9597
0.0
1415.0857
0.0
113.426796
553.94
2821.497
2853.01
0.0
237754.33
63.37681
27.583294
3617.5762
1299.8386
2024.4314
0.0
1809.2661
84.51314
1229.877
0.0
2088.9236
0.0
6014.292
0.0
2829.541
0.0
0.0
64.870186
4158.3003
2273.141
6306.761
5173.8135
0.0
3719.011
1399.1527
2672.1846
0.0
2535.3674
0.0
6002.0835
1310.4366
15313.898
0.0
1741.0029
0.0
831.31226
1453.0367
2563.3354
0.0
2390.4773
5554.744
56.69861
2103.8572
7.557475
0.0
1928.6019
3056.3945
0.0
0.0
0.0
266.24426
4632.9463
79.69931
7476.8047
2127.784
140.08116
0.0
21897.086
7558.5664
2129.8638
3995.394
0.0
162.63855
2335.7231
208.60336
955.39264
2503.791
437.44775
1068.9982
1209.0327
1315.6375
1722.0375
5514.2583
0.0
2735.6838
209.3566
0.0
8743.89
0.0
2713.532
4943.2246
27288.898
4696.428
1593.8022
1970.5073
5451.2324
4378.492
2633.602
0.0
0.0
16168.694
93.69031
1011.43835
33253.88
1856.3906
0.0
1215.5554
2872.023
5747.299
0.0
1494.7919
2049.2173
0.0
1206.5061
0.0
180.58742
2239.936
222.39938
2967.3213
0.0
2993.957
14.414444
2894.5256
624.74036
0.0
19.234392
2775.5051
0.0
703.33325
2165.7974
0.0
0.0
1677.6384
69413.97
1257.5898
0.0
0.0
1045.44
0.0
0.0
218.72902
1107.5522
3571.9443
1886.4829
3725.1992
57737.93
46374.414
49.10584
0.0
5632.2896
1955.7699
1164.3386
4960.654
83.32173
4270.569
0.0
6528.6885
3559.1033
0.0
2228.5283
3409.9255
235.52408
95.498215
0.0
2124.9214
0.0
1368.0658
0.0
104.62935
23.822247
377.5405
33.83266
0.0
1380.2251
11665.636
0.0
3074.7222
5306.0913
4349.8574
1626.9159
28.561193
3948.6772
2769.3374
7855.577
1445.3451
4384.466
769.2797
0.0
196451.17
0.0
1710.7073
85.82176
2220.2212
0.0
1177.7815
3532.1497
0.0
1158.622
1407.8954
1985.7556
3757.8662
1165.0128
0.0
430.79718
3050.6843
0.0
0.0
0.0
476.13074
82.14097
0.0
12096.443
371.8802
1213.7446
3782.1074
5694.9316
28.708076
1166.7766
113.539314
894.1732
0.0
2653.225
6.9435964
349.36658
0.0
114.97128
5029.903
1187.9847
0.0
0.0
1749.7764
1676.956
1392.1667
4246.4604
4188.0454
17132.922
0.0
3100.4478
2808.2476
3109.984
57.524002
0.0
3726.7158
2248.5972
6847.3066
0.0
6.5192046
5117.2085
2349.3674
3827.4639
1236.9792
4250.0938
0.0
1050.0688
0.0
1040.6671
3455.4893
2173.9353
1119.217
1629.6669
0.0
2415.4883
0.0
0.0
0.0
1071.9177
1197.3856
2441.1445
2570.243
0.0
2590.804
3407.121
19326.29
0.0
187.04327
2184.5566
1157.102
2120.496
7288.4966
1389.3888
0.0
0.0
2480.1528
5861.7427
2154.845
139.72923
4327.829
13933.203
0.0
1138.5221
0.0
1070.0767
1566.5848
2755.185
2366.2527
1601.2688
0.0
4759.412
1479.7708
2617.299
17.559309
263.03537
802.33966
5460.1123
6054.558
1160.252
200.71161
4606.0337
1614.5156
0.0
2686.3223
0.0
59.22659
0.0
789.7227
124.86693
5096.4775
28391.547
4663.519
3026.8613
3486.2046
0.0
19303.23
2767.4556
7933.0166
5845.9014
2782.5874
1399.222
10000.087
974.79956
92.500626
223.80472
1651.0085
0.0
2587.44
0.0
6607.882
0.0
2924.1055
547.7903
15336.8125
2863.3962
3322.2754
3005.7446
91.85959
355.2322
52.505867
4196.2744
1439.0139
4078.7085
0.0
0.0
1646.578
1471.1421
0.0
6884.1523
653.08636
0.0
7898.1216
1337.1599
0.0
11230.601
1207.3723
2906.0479
927.9856
2921.8408
10093.773
3456.792
0.0
0.0
2274.739
7551.5938
526.83563
56.254543
0.0
75.93532
1778.6426
0.0
6922.9043
4622.4287
1585.4039
337.72354
1980.603
5946.2656
18.280434
0.0
0.0
1626.8655
0.0
0.0
0.0
1009.4246
14471.051
1332.7332
3559.1157
2582.3875
0.0
3104.9453
3341.0586
22933.355
15689.756
2505.9004
0.0
1244.3895
2704.505
2393.9736
1233.6885
0.0
8606.444
3664.7383
0.0
2425.3677
1201.7744
1200.4976
0.0
3455.646
3654.4688
571.7176
1391.1287
1304.4144
854.8543
0.0
3188.7607
66.51755
4554.015
1694.5037
200.59134
426.4726
0.0
0.0
1694.4081
3918.0078
416.50778
4655.017
17.338575
3116.547
2937.676
779.6837
37.62513
1305.729
136.93607
0.0
4125.062
4565.5005
2368.1597
2278.9583
0.0
1476.4149
0.0
187.99358
1254.763
13819.579
3887.231
0.0
5471.2183
2722.9438
2600.891
0.0
0.0
8032.5586
25842.396
2757.7515
0.0
27.498634
2103.281
1956.0197
3651.9138
1383.0703
0.0
1144.159
6671.957
13.08772
66545.984
0.0
2599.6514
0.0
2463.6824
360.2309
0.0
1022.575
0.0
0.0
0.0
2170.4639
720.32434
3899.2393
3086.4702
4711.955
0.0
0.0
4613.0483
1222.6123
36.098343
244.46149
3579.782
113.015854
6426.868
2901.1782
1147.7838
0.0
5141.659
0.0
3540.62
0.0
1626.3862
0.0
3406.0513
0.0
2641.0942
5085.1523
3176.2837
0.0
39.47138
1051.2827
11128.112
0.0
6827.3477
2345.2012
0.0
1911.4761
898.81335
1205.8335
0.0
0.0
1106.7529
2301.9536
110.29845
2180.3662
962.1708
2708.679
33.04314
1621.8253
57.761955
2936.2642
1379.4213
0.0
242.07727
0.0
6005.916
8615.804
23824.672
0.0
996.9138
0.0
7209.537
4160.878
0.0
707.81885
1543.6259
1552.6067
625.89056
1770.187
3327.743
126.53536
4345.9775
1692.6658
1387.6694
0.0
2530.8152
81.49841
8016.0684
0.0
1856.039
3628.7314
1148.833
0.0
1506.3337
0.0
0.0
7118.0215
0.0
1877.8958
1619.8853
35274.523
1080.0557
8747.676
0.0
1484.1721
5248.1475
2010.9924
5294.615
2185.3267
1174.2091
0.0
0.0
3052.693
3428.5337
0.0
0.0
848.32935
0.0
1686.7607
15569.629
2269.13
195.84628
0.0
3092.1516
0.0
6840.5107
1473.1396
177.19067
2848.415
0.0
5999.714
51244.664
1892.2703
3505.143
5197.7188
98.27551
0.0
3063.4443
6192.8433
0.0
7983.532
0.0
0.0
1607.9316
0.0
0.0
3574.7358
70.40193
907.8275
0.0
0.0
17.586538
0.0
0.0
0.0
0.0
86.68663
140.71002
0.0
0.0
4236.584
1525.2742
856.41504
4785.224
0.0
2476.561
0.0
13933.82
99.89169
73.794876
15692.907
14318.863
0.0
1981.2054
0.0
0.0
3900.4814
3065.1643
0.0
645.77875
13.54903
0.0
1454.4429
1808.543
2357.0122
1674.4175
247.19402
0.0
1422.0879
0.0
0.0
0.0
0.0
0.0
21873.72
39.954903
5260.0884
2746.3306
3186.8804
1368.3323
0.0
4837.144
5950.132
163.99811
15.44536
3171.928
2181.1729
1518.0636
1887.4131
0.0
0.0
2245.8667
0.0
0.0
0.0
5337.1694
5212.801
0.0
1625.5642
1438.9463
4982.07
301.7904
1773.8572
5864.792
285.49423
1285.7399
3106.2239
2862.082
3811.1304
0.0
1832.5114
2719.901
746.4852
25.909292
3036.6553
1140.2909
2891.783
0.0
0.0
0.0
1199.9606
3416.6333
5564.327
0.0
0.0
14494.643
0.0
2042.3208
4897.516
2288.8372
2240.5469
0.0
0.0
8911.713
2785.711
928.3456
2870.1492
1246.8485
109.15902
0.0
68.17254
4688.982
0.0
720.5465
2570.9216
4563.1064
1733.188
21.657465
1253.609
215.61768
5541.5894
1421.2178
1067.8077
5068.2344
5294.7583
7907.4062
0.0
0.0
287.97736
5162.8857
0.0
0.0
1709.9498
3404.342
0.0
2060.71
742.6472
1556.6371
0.0
0.0
4413.8896
6171.5283
11939.851
202.21118
0.0
5423.9727
0.0
1068.5856
44229.14
1335.9952
0.0
5648.2637
3016.8086
0.0
189.30289
23.75586
14935.826
4353.3154
4449.8247
1916.8467
0.0
714.06476
0.0
1175.0585
0.0
0.0
0.0
965.0688
79552.37
2481.9436
897.2018
19821.953
1148.4744
1397.1924
5515.306
0.0
4521.8677
5857.3916
0.0
2008.6414
0.0
4015.2368
0.0
0.0
4349.1123
16794.363
4557.625
2564.1978
4753.389
86.16893
0.0
4377.65
1323.6125
5007.6763
1079.4633
0.0
0.0
218.33391
0.0
1682.994
3006.6995
0.0
1591.5167
1946.0352
0.0
2978.6975
1099.7091
5036.3643
2707.834
185771.36
136.58847
0.0
1415.8308
0.0
2351.0652
1194.3906
0.0
101.16237
555.039
12571.417
0.0
6121.6675
0.0
1389.198
1500.7161
714.1118
3835.8271
236.2804
0.0
0.0
0.0
1611.6938
0.0
3564.5996
2326.9563
3633.368
1825.9788
0.0
3313.3418
0.0
0.0
1779.178
2810.8284
4125.5127
1287.5616
7654.8145
0.0
529.8228
1350.9136
817.6269
0.0
925.26953
8634.724
2788.77
9221.008
911.23914
953.80884
2373.343
9298.444
1090.9514
0.0
0.0
3206.4941
0.0
4789.8496
2474.0098
33049.21
1743.959
4777.492
1380.8867
353.23047
0.0
4324.921
1868.1743
1183.1355
8286.373
0.0
0.0
992.9363
110.97377
0.0
11421.494
0.0
0.0
0.0
256.1433
2911.276
1154.3331
99.51141
328.4911
0.0
79347.43
1226.2054
0.0
943.5906
713.6395
6916.87
3243.077
202.10922
1335.7389
4015.412
3273.5654
2344.7256
2699.933
326.0412
0.0
1349.7219
0.0
788.34064
238.85266
0.0
0.0
1063.3921
2946.2114
1746.5059
1020.5991
0.0
2235.0652
360.45963
798.3415
6693.884
10321.87
1276.9673
13784.189
0.0
4482.3154
2733.4731
1290.7313
713.88293
3748.9268
0.0
2372.7
13.696167
1055.6526
1201.4902
3235.022
2417.9585
2857.5974
7877.754
2339.3958
2167.4214
1407.8025
0.0
0.0
1783.451
2958.6177
0.0
2764.2883
3949.4077
422.86755
4818.4404
3275.286
5159.9165
0.0
0.0
0.0
1075.6919
3931.5781
0.0
16368.394
3050.396
17.929598
73182.94
3181.1245
31455.76
0.0
469.5745
744.3265
1908.1589
0.0
4.5152564
0.0
147.18738
388.1128
0.0
18941.908
1623.3
4405.3965
1876.0901
0.0
3083.6
8961.319
24857.23
4086.5796
3768.4849
3944.7725
2169.9292
1404.5908
5400.854
0.0
1058.361
2865.1191
6134.09
2291.1992
930.40564
2147.8328
0.0
5206.7983
0.0
4505.0605
25171.363
4304.671
0.0
2534.3892
0.0
982.2195
654.7937
2672.0671
3230.4912
279.6729
0.0
2540.5542
0.0
2840.7832
0.0
44.829033
13538.846
0.0
519.0934
667.66064
0.0
865.7074
929.3638
2084.8743
2803.646
0.0
0.0
5752.4595
0.0
1716.5876
4103.1646
0.0
4.6297703
2529.096
1034.0146
0.0
657.2374
6745.8506
7832.0537
0.0
2840.588
453.52557
0.0
0.0
64165.41
1121.1035
0.0
0.0
1421.554
0.0
9181.417
146.61726
3402.4878
9665.352
3643.2935
582.9297
1152.0785
0.0
0.0
2233.5647
0.0
22.804611
7469.4976
1099.0939
2497.1184
0.0
0.0
1234.9421
0.0
1295.2368
556.1
0.0
214.75049
1935.7449
0.0
0.0
1774.9055
851.26135
604.3102
0.0
159.40608
2159.841
2703.2566
0.0
3788.2507
2905.5361
152.34647
6082.908
1410.8627
9674.809
1656.7719
1564.5918
2717.3262
134.91495
1087.2336
0.0
928.78357
3973.6567
0.0
1257.9993
465.77173
0.0
0.0
2617.0522
1151.7078
12585.583
213.4733
1916.2528
17486.164
1178.0945
0.0
8.80047
319.59476
5486.366
9872.542
0.0
2653.0063
0.0
0.0
0.0
0.0
2095.9019
2112.112
0.0
13.902941
9726.548
1514.7417
1294.1089
0.0
2680.1943
2715.3145
2438.3574
1503.9479
1331.8301
1509.9053
0.0
0.0
455.68958
2100.2493
2627.228
2721.9202
110.11951
6.0611486
0.0
486.05057
16790.537
66.203865
188.8781
1108.8295
1919.127
0.0
0.0
218.76215
5338.783
2729.5593
1572.4773
55.53395
45.557404
0.0
2111.9617
5080.3433
1659.0931
4553.1094
763.7467
12076.291
4639.884
3032.945
0.0
0.0
8289.604
2209.8718
1153.0657
2651.3308
278.31442
2239.9453
0.0
2197.4285
0.0
4212.6475
1537.8328
127.50383
67.03531
2388.2612
2327.7334
0.0
2126.152
10120.126
0.0
870.9125
1020.84625
224.12662
1121.7549
2006.8523
0.0
5515.7734
827.71106
1654.3523
0.0
2841.0508
3717.7427
0.0
2835.0967
0.0
1675.8315
4550.2075
0.0
312.06528
3864.0403
1523.585
965.2312
498.51996
15647.595
31365.777
2067.058
8.8191395
1111.106
17699.809
1697.3474
1493.1292
3095.7534
1431.8602
0.0
908.75476
985.5438
26045.943
3439.396
0.0
247.01688
924.6306
1409.2812
5782.2334
5151.265
1075.5442
108299.695
4776.549
0.0
0.0
0.0
0.0
10819.711
7050.9854
1013.4129
1213.7197
14358.0625
6193.5635
2119.411
172.2428
0.0
1853.0033
0.0
1176.2217
14839.68
1356.4617
1782.4812
0.0
265.954
3857.524
0.0
3178.5122
14079.924
1334.048
0.0
4420.4375
1614.8643
1105.7217
6629.0244
2989.2954
2108.5837
3636.7617
190.72208
4378.8584
4135.668
8692.62
22018.97
1205.2604
0.0
10633.711
145.19778
0.0
3086.0095
0.0
1184.2593
10729.244
5211.5684
0.0
363.0871
1210.2374
0.0
50.489838
259.47687
10659.649
24496.861
30903.504
1533.2456
1498.6885
7291.3306
0.0
4321.9497
0.0
1664.1096
0.0
153.36142
1753.8976
4127.5933
9580.501
1477.7437
3253.5864
819.0978
720.7532
1071.1323
7018.3096
5600.293
2089.6733
30.402308
9913.749
1437.5922
7826.2324
4311.456
2.8981166
0.0
929.7676
5544.719
6639.988
6332.0996
10605.965
265.11432
0.0
569.6294
1743.9019
1768.4697
7121.879
5526.5264
7333.8
9873.085
1188.2587
3640.7017
2080.47
4809.42
1984.4421
1877.683
1283.3469
24066.807
1204.4784
2857.239
121.1465
917.62976
362.05292
439.23834
6466.843
2406.12
0.0
0.0
5140.5166
1780.6875
1698.7532
245.58603
1219.0076
1410.1755
2375.102
0.0
3733.417
2075.5908
1959.9279
0.0
2283.8733
1477.6631
4798.774
7188.464
0.0
0.0
2450.4644
3089.8667
383.33685
106.33454
36.069202
174.4525
61615.594
230.81488
0.0
6249.5967
1714.4141
0.0
1499.4799
41274.97
8779.933
0.0
0.0
28776.023
1673.6632
7538.4766
818.84863
2767.6072
2416.792
0.0
3571.6284
2374.3286
0.0
979.31396
1361.2842
7967.3867
1187.8495
3193.2522
1512.9401
7.0782633
1816.2251
91.27262
2997.735
33.155735
41.019417
0.0
0.0
7863.6377
18.350105
0.0
2587.7705
3785.5483
144.7862
0.0
0.0
0.0
2296.3113
7.859296
9477.928
67.11057
3989.0552
6.6007643
1841.227
1710.7832
12967.428
2775.7432
3162.997
1349.9576
1542.7439
4602.709
2251.7925
1974.7004
8176.711
1166.4517
0.0
1436.4475
3318.5176
0.0
21.370659
2655.2969
20227.598
25268.68
3830.3003
4840.09
2004.7452
148.01648
9613.582
0.0
12387.777
3461.4578
801.0167
0.0
4662.253
2404.0522
1277.0225
6332.8115
2079.5015
0.0
6819.01
1229.9165
0.0
0.0
1998.9412
1849.9932
4466.184
83.94164
23.86575
1603.9331
129.36906
0.0
5704.8145
0.0
0.0
0.0
3103.461
3076.8962
1382.2007
4500.814
3059.4385
3321.5103
2787.0198
0.0
2145.9568
0.0
97.61926
1200.6812
16863.717
1215.4844
0.0
1524.5037
0.0
4886.8613
1401.0413
2393.7012
0.0
5240.746
0.0
13632.883
634.71
33424.055
0.0
5114.396
0.0
1611.8341
0.0
11111.233
835.6925
174.5369
1525.1526
72.87404
449.0741
980.8164
3355.522
59.885574
1249.0265
0.0
1257.2714
0.0
0.0
928.6675
0.8787632
0.0
2608.2075
1224.4824
4169.948
0.0
698.0773
0.0
1337.5256
7134.535
0.0
0.0
0.0
2750.9707
4303.1245
1159.6138
5567.9575
0.0
4875.3027
1034.6877
247.29767
0.0
67.25756
14993.831
5242.821
1830.4336
23.222454
18.626558
5893.392
3214.7808
2163.9912
1970.3613
0.0
2879.3743
0.0
563.4945
0.0
1062.8289
2102.2646
0.0
1301.5209
1269.5537
7505.572
58.822075
6059.788
0.0
1111.2163
3423.005
14823.508
4247.831
1571.7278
25.396935
242.41339
72.615875
0.0
127.11164
3615.0125
4673.375
1542.8817
2044.3585
0.0
62.710106
3128.5088
16968.848
0.0
1980.1769
5883.7495
0.0
0.0
867.8491
715.6459
3221.2915
286.06958
0.0
74.332054
3538.8354
13627.02
0.0
61.866066
3188.9082
36066.66
54.088745
274.41278
4138.8555
432.961
1266.8667
160.31438
2057.0645
1927.0725
0.0
0.0
1786.0406
0.0
0.0
1037.6785
0.0
0.0
1264.727
668.35596
0.0
0.0
0.0
182.23805
686.2799
14963.908
13834.087
1572.6088
3063.0828
2570.243
0.0
4950.7764
7377.2124
8642.986
0.0
5843.629
2656.2766
0.0
0.0
5939.8936
3999.348
1907.6106
1871.0522
1930.24
0.0
1751.0902
313.7417
4895.8184
342.72745
2482.4705
963.641
3370.1184
2127.6143
1206.2085
1326.0078
0.0
4431.5693
1599.491
8790.295
4343.916
5839.165
85.46237
225.87694
1836.2727
1033.4802
6650.165
0.0
5501.182
0.0
8.553452
0.0
12042.387
0.0
0.0
0.0
2103.8943
86.96425
425.5645
1490.5132
0.0
6607.937
247.21637
0.0
2062.3716
2147.3354
14637.712
1992.3685
3931.6929
0.0
3482.543
1484.5651
3289.628
3197.4585
7240.3066
0.0
4145.6675
0.0
0.0
1661.3481
9933.256
0.0
3502.4304
8416.895
2840.0508
0.0
1288.0571
0.0
0.0
24682.496
1358.0192
6353.849
22587.502
2213.8545
0.0
9299.807
1094.3746
0.0
520.9606
0.0
6479.4463
2464.0107
3995.3372
52.962303
1314.8632
124.42689
1331.2166
0.0
4723.544
4231.8594
3640.7773
6750.892
69.56679
28.102522
3754.8867
6996.6772
87.402405
0.0
460.7807
949.38477
0.0
121.67671
21736.04
530.7481
8228.777
2639.517
1282.0095
0.0
0.0
0.0
0.0
1703.3055
2145.5483
3942.3423
1413.024
0.0
1933.0469
22279.941
3315.4937
1994.5493
277.87155
0.0
5291.2515
3677.1694
292.66037
7895.212
3634.8787
15939.783
0.0
0.0
795.10925
4204.976
280.33075
3278.9648
4998.497
2182.3103
403353.44
1540.2737
1477.488
6937.916
7.046258
3145.3154
6422.498
0.0
2060.0034
15599.298
9726.094
2142.9375
3967.2964
1449.132
4313.281
2018.1846
7392.8926
4931.2793
1564.1973
5856.0117
672.51685
1616.0408
0.0
10557.981
23.05373
1120.3806
2161.2788
2151.3516
238.72327
1522.6885
207.84935
1006.53955
104.6719
0.0
1153.2496
0.0
16270.592
0.0
2265.6494
56.161922
1363.3394
20.605404
3812.9624
6522.9883
426.50928
6734.2676
2686.1108
0.0
0.0
3862.8682
1263.1672
1128.2611
396.61246
0.0
12026.6875
5791.188
52.82833
4163.9424
2669.5332
2784.3774
1625.6166
0.0
650.50665
3585.2324
182.24118
0.0
1348.4965
126.07457
0.0
1241.1836
0.0
4716.3286
3513.0698
0.0
3616.497
1978.7012
2130.8918
0.0
1270.3572
0.0
4176.6836
1321.7036
2416.4731
62.236202
402.0022
0.0
235.63004
1397.0012
230.38403
0.0
430.9688
0.0
0.0
194.47495
0.0
3086.809
1214.6257
2808.9421
7039.5967
1781.7737
1250.9462
2.744749
9413.603
8103.3936
0.0
7224.881
1027.8958
1361.6877
31657.596
1438.6213
0.0
2751.8765
166.85876
1102.4136
3566.2139
0.0
1586.9865
5539.3154
37.609875
2740.993
0.0
0.0
1924.9926
2028.656
127.210785
2125.5146
0.0
0.0
0.0
6720.6963
340.80328
0.0
1762.1921
2564.4536
4997.206
657.6741
228.23032
1210.0996
6176.948
0.0
0.0
2276.511
1550.1382
4340.951
1991.2714
0.0
4055.8052
0.0
0.0
10919.309
1133.0508
0.0
1360.51
0.0
3395.646
2882.2417
0.0
58.682247
2177.679
10198.367
268.5794
1913.3827
601.42346
1822.1039
1414.4542
2547.203
0.0
71.51623
11.189163
1449.5896
0.0
0.0
2004.6521
1206.7191
0.0
2499.8489
1426.0686
2552.2415
1450.823
0.0
3062.6003
9281.818
0.0
0.0
0.0
39415.34
1646.6884
0.0
2631.875
0.0
0.0
5454.993
0.0
661.95056
1897.1245
17993.293
1823.4805
173.47147
0.0
1719.9575
1704.5815
1883.4181
4235.0293
1467.958
962.1776
3110.7417
60.180286
0.0
9274.073
5508.3906
1063.105
0.0
1583.5824
20578.049
1947.0541
0.0
0.0
161.63284
3199.087
0.0
1697.7131
67.87911
0.0
1519.4175
91.87714
0.0
6576.8457
1135.5151
2789.9634
0.0
43434.465
0.0
372.75937
0.0
2344.593
0.0
0.0
0.0
3255.4824
5034.9688
1031.949
2786.772
18668.37
0.0
218.8757
0.0
33855.254
1854.9719
3718.7598
89.57605
1682.7698
49739.812
0.0
4237.3257
0.0
53.103207
3734.0156
0.0
1207.6335
0.0
0.0
68.47934
0.0
2076.606
2692.7332
1467.8368
587.1432
263.81165
0.0
1082.2483
2703.306
2158.3032
3243.106
1140.7754
17.04612
3415.5994
6054.3267
3001.1194
2225.0806
12271.51
1121.446
0.0
1247.1504
11482.15
0.0
1638.3137
0.0
0.0
0.0
1566.5944
0.0
203.58496
71847.31
0.0
4722.979
6284.3193
1362.5854
601.94354
3901.254
133.01454
1765.4575
0.0
366.23364
172.97482
467.91928
864.24207
0.0
8.595663
1085.0865
2606.0513
2690.8997
3920.8477
0.0
773.159
0.0
0.0
0.0
0.0
44440.453
510.11664
1390.3767
2127.109
108.793335
2977.0474
0.0
2779.5876
38.961884
0.0
4247.668
2891.5886
2119.5142
0.0
0.0
1250.509
4530.065
855.0283
7596.985
3405.8477
2023.3701
200.86818
0.0
0.0
812.4591
440.6737
1398.7715
0.0
0.0
584.2876
82.962875
2517.9163
1499.242
0.0
0.0
37266.645
1439.291
0.0
2451.0203
191.1557
94.4031
0.0
1343.3375
17313.133
5606.018
0.0
889.8783
2731.0989
151.04518
0.0
0.0
4.018162
54869.797
0.0
3379.8394
1161.5497
5518.1914
2525.607
0.0
2587.47
1106.0957
1654.1084
0.0
332.3597
0.0
2083.7183
16361.809
3163.086
49.774925
3294.5664
14155.917
2435.6445
1703.678
0.0
701.89246
0.0
2220.1626
592.15076
0.0
1619.8142
0.0
1044.2932
2794.8962
0.0
3289.7734
16.777885
2127.5896
0.0
358.05472
20267.049
0.0
27129.43
4230.0195
35883.098
9056.019
2664.4946
1725.4431
1562.4248
13320.636
11270.074
1640.9192
0.0
1813.3181
2049.6013
555.6228
1629.1421
1062.7355
2920.5645
0.0
2320.877
0.0
2450.512
898.5156
2120.851
1509.6271
112.597916
5159.1562
3290.8083
8545.405
1191.6311
1355.4838
0.0
254.542
0.0
6064.515
71.02806
61.431908
2739.6377
0.0
1767.5017
238.9094
0.0
1862.197
1769.9631
2113.4333
1245.5801
2726.7812
1821.1406
2109.6035
8.08968
119.31073
0.0
1170.379
1713.021
350.39832
7787.4287
239.95195
4338.913
13730.359
0.0
2441.612
208.58891
0.0
0.0
0.0
0.0
3164.9922
8962.383
1370.4868
0.0
0.0
955.16364
0.0
10565.95
3302.5396
0.0
3173.1865
0.0
0.0
1112.8745
0.0
1871.8938
20228.072
156.14989
3917.838
0.0
4421.3433
4048.8867
1307.8916
1497.203
146.87589
4058.2576
1907.2913
3740.6987
777.9954
0.0
3760.562
34823.418
2691.2195
1106.0111
7731.7383
0.0
315.61142
0.0
1593.3063
3196.4014
23.431059
5967.4565
734.8574
0.0
9562.505
5958.2686
1862.5515
6239.342
0.0
4033.4944
5722.94
0.0
5189.518
1116.865
78.926186
1789.9054
2161.3037
5968.171
5269.1367
7134.3867
1649.4392
2607.881
1711.1125
0.0
258.2673
2236.0469
51.716045
570.16516
0.0
3267.249
65.009766
1721.263
135.96303
3185.9202
6984.374
3922.8062
0.0
1169.846
0.0
30074.625
0.0
1822.6787
109.529785
1592.9465
2189.174
1292.3931
14961.284
0.0
0.0
0.0
0.0
3270.4404
734.0773
11985.26
0.0
7974.2573
0.0
118.213715
0.0
9962.839
1383.7278
1825.8711
16380.381
0.0
3299.0513
0.0
1292.849
905.735
0.0
4390.2163
81.86301
4677.5386
0.0
1319.4233
151.8302
1600.2434
2184.6091
7919.3516
0.0
0.0
3925.0217
2329.5413
0.0
2104.0938
0.0
181.93
4769.4253
6243.1514
1304.9536
0.0
2087.677
0.0
1411.3055
4949.4863
2242.1987
1860.1838
11.164594
0.0
6592.9077
0.0
2508.0818
3194.746
1623.029
2829.7246
2179.1848
0.0
7279.843
19702.09
1176.245
0.0
3623.9434
0.0
1834.8977
2031.4861
0.0
3301.145
1528.2701
913.4365
1063.9362
0.0
2684.3484
2199.648
0.0
4299.807
6019.022
7738.848
0.0
5296.4126
3173.1953
36336.188
60168.227
0.0
2022.7727
2184.699
2068.058
1183.6442
0.0
1450.4492
2162.6284
0.0
1596.4824
5421.92
0.0
10964.328
2358.0652
0.0
6148.052
3424.3926
4424.643
2848.345
270.18274
0.0
0.0
4352.777
2320.2002
1667.6171
933.8926
1610.175
1407.9683
2662.5815
3298.352
18520.797
0.0
1930.609
3932.9438
3835.3696
0.0
2277.7808
634.17444
983.1139
1924.1003
0.0
2892.6992
0.0
3319.6453
6194.3667
6369.6426
1499.5957
0.0
1452.8464
1081.5862
3.6100883
170864.25
731.0279
0.0
2418.1436
313.18164
623.63135
2576.1428
0.0
946.3076
1955.6194
13434.712
1555.9547
0.0
0.0
1314.3955
0.0
0.0
0.0
74017.25
2902.5396
1899.601
2802.2815
4057.2031
10881.105
4045.8008
142.12498
3832.8574
1233.0875
3211.2263
6761.1147
44.866745
3606.734
0.0
0.0
17983.29
0.0
0.0
0.0
0.0
1319.5566
945.6271
1061.9445
5543.039
2626.6104
1554.2208
0.0
0.0
0.0
201.03458
30.589645
33888.38
0.0
3001.6733
0.0
1479.2642
3292.8237
1321.1113
0.0
0.0
1325.1804
1364.4875
1129.1604
0.0
3743.6758
0.0
0.0
1853.1301
5927.833
638.2955
1612.2938
0.0
2357.312
2275.0085
138.29604
656.41125
0.0
1429.4491
0.0
0.0
0.0
1420.9742
1446.19
326.1533
16512.545
74.66087
0.0
0.0
2545.6726
0.0
0.0
3555.3132
24.015514
2805.1335
50.43658
12048.984
2568.5864
4186.1577
19879.854
3158.0889
190.11078
0.0
0.0
1598.5795
0.0
35.631996
3424.456
185.47815
2101.3557
2232.043
1508.1125
177.77798
4636.308
7768.2773
0.0
0.0
1604.8112
285.70697
2101.0337
212.53094
1090.6036
0.0
242.811
11287.128
7.849502
847.5812
2686.9102
7079.287
2244.229
388.95215
720.827
1654.2036
14485.131
0.0
1176.8585
2178.2227
2873.8823
0.0
0.0
1174.0894
6925.601
13021.723
0.0
3618.8496
11296.402
2783.7495
2318.583
2172.4214
2139.5796
4450.0757
0.0
0.0
0.0
2555.267
0.0
2032.1442
0.0
2040.054
1989.602
720.1479
4949.27
1473.5211
3835.0044
785.6924
6120.0767
5621.379
24.511932
1041.309
1562.2344
0.0
1737.2078
5310.296
1162.7708
2431.0298
0.0
5047.321
2447.9795
1180.7119
5848.687
3136.7917
5115.454
6779.667
1159.7311
2326.7021
0.0
0.0
9801.918
22573.418
21140.297
0.0
3024.3706
2626.2478
1156.5488
67.70135
150.31319
1424.5415
0.0
2679.337
1077.3098
463.79565
1816.8757
17243.426
18695.012
2145.5256
39.940105
0.0
1499.1576
429.2802
205.28215
1746.7277
1400.9883
1893.0862
3211.2383
755.7714
0.0
0.0
1897.5903
0.0
3228.5352
1457.1514
1798.4924
0.0
959.67035
1654.853
99.70852
263.64078
0.0
1637.533
500.96948
1639.0901
1715.3549
1358.7479
3798.5264
0.0
1073.2151
4277.416
764.9584
0.0
2556.9663
85.356384
14852.467
1090.288
2454.3599
0.0
0.0
1885.7024
2088.9646
0.0
26739.955
179.38177
6019.733
3813.483
106.43355
1412.0366
110.756996
3111.4028
2597.4243
5967.2812
6485.276
480.54443
846.1778
0.0
0.0
0.0
83846.36
2317.543
5348.517
4992.8896
5875.7476
0.0
0.0
281.0852
1814.7751
0.0
1631.9783
2612.9775
0.0
2758.334
0.0
0.0
2533.9365
20.53783
8711.607
1440.9113
1026.8574
871.499
1957.2721
0.0
90.86221
0.0
0.0
1696.8401
2365.6233
11887.105
8471.012
1166.5945
1991.2605
1099.2517
1411.9109
44.294247
0.0
981.85205
873.1544
1554.2568
14248.047
2647.3252
4546.1377
5448.067
1836.2443
1687.7119
2352.3853
1386.1747
846.167
2360.267
11317.422
0.0
2188.6592
8355.8
4945.825
1176.6204
168.2698
0.0
31.716534
2172.4785
372.81836
0.0
0.0
2854.1284
0.0
106.28439
0.0
2356.2517
0.0
1123.626
1407.4949
0.0
0.0
7922.395
438.2093
0.0
0.0
0.0
0.0
1526.8749
0.0
0.0
2019.3872
72.52385
82.334236
0.0
11484.333
142.32553
2391.5864
0.0
2131.1206
2316.976
0.0
1421.6523
1758.3062
44043.832
0.0
0.0
1760.73
0.0
123.16525
0.0
3762.141
3129.5889
4502.2295
0.0
0.0
3272.9053
0.0
1819.9336
0.0
1259.221
0.0
5265.8394
7278.6133
7110.497
2530.691
45.09271
53.31911
15451.645
1641.3087
1258.7642
0.0
0.0
67099.8
0.0
5019.793
4714.026
14729.414
0.0
6065.759
0.0
0.0
1932.5718
9457.18
2992.38
267.5562
2141.918
1479.1001
2888.2324
0.0
0.0
302.5447
28507.188
0.0
2689.3137
2044.2078
0.0
0.0
1494.7319
0.0
2182.8406
8695.301
2059.5176
0.0
1165.9077
0.0
5183.825
0.0
0.0
4152.914
4487.507
0.0
6875.097
12716.501
0.0
1413.6757
4327.253
2401.2866
6398.3916
1273.4468
0.0
25.359257
19.940506
6342.2397
15224.196
1752.3157
11359.184
5922.1445
718.9656
0.0
12197.16
1860.1497
1833.1934
0.0
2365.8918
0.0
960.9337
455.6863
3816.1367
2490.3135
2998.182
25927.941
1602.0121
1939.6804
2026.4899
2122.9932
60.0972
0.0
0.0
3127.5898
3172.5605
8621.844
0.0
5387.4785
2952.8235
2776.1707
252.12984
0.0
61.138702
38024.844
1000.8762
131.86235
3685.8994
183.01581
23958.48
3004.6245
1545.3911
4469.638
0.0
0.0
8805.619
1037.122
8688.359
33192.766
83.4976
16939.105
763.929
0.0
23329.836
1165.5256
46497.22
3185.0098
0.0
4566.205
0.0
12748.848
1411.4495
0.0
97.31198
3682.9055
0.0
0.0
2142.814
1757.3164
3043.753
74.98705
1008.17053
589.27856
0.0
27966.848
0.0
180.64053
0.0
1817.855
0.0
0.0
1510.1743
1335.4668
1541.2139
3330.5935
3074.227
4938.1323
7024.341
30.208714
154.6508
2994.2583
1999.8303
90.56151
3216.5498
311.75076
0.0
0.0
1457.9401
1423.1528
0.0
1746.2927
3741.5146
21552.754
545.4016
1009.27673
0.0
1095.3662
3476.4888
2191.6353
751.76654
46.16128
1548.404
4189.411
3756.8086
1382.7949
1364.8989
1380.0692
0.0
0.0
2018.0747
2349.436
36048.027
32.93696
0.0
830.4686
0.0
3185.294
1477.8718
1369.4332
0.0
2.112728
35118.22
0.0
19846.992
2204.4053
3221.7915
10135.034
0.0
0.0
1544.3173
0.0
2200.7327
0.0
4417.802
2197.754
142125.3
5875.3833
2646.7446
2983.356
183.9791
3662.2583
2143.4968
49.18706
0.0
0.0
1328.6023
2822.6729
0.0
687.1693
681.4896
2279.5615
4610.471
4471.758
2254.8062
0.0
1528.5602
0.0
7431.4795
0.0
2074.971
5677.411
0.0
2060.099
1398.6458
4534.058
3961.3928
0.0
0.0
0.0
1175.6993
0.0
323.97238
1553.0344
4123.8154
8698.6
8536.332
2296.573
2587.6218
101.330864
76.17159
0.0
7925.6523
2670.9905
3171.2607
2739.2712
1690.7896
3442.5034
2569.5312
28932.941
1182.9833
3490.849
62.766125
2815.9324
1163.4755
326.72977
1212.4597
0.0
0.0
3880.04
2225.7114
2913.9111
1493.1616
0.0
2106.0125
1570.19
0.0
2637.2004
1017.5874
2525.627
0.0
84.87603
1758.0529
2252.8718
5099.8613
2103.0383
4697.3076
70.81015
1200.0498
0.0
6247.952
11427.381
0.0
4821.267
516.82227
3735.836
17744.154
5091.297
0.0
0.0
0.0
0.0
215.64626
0.0
3286.9263
48.64547
241.7804
0.0
0.0
1545.6597
279.97375
0.0
0.0
0.0
8335.711
669.73694
79885.46
1612.9722
42.61624
35.340473
314.24982
1200.8842
20.19932
6527.652
1612.7339
54.84695
1656.8917
0.0
5424.161
0.0
1420.3022
0.0
1237.8142
18888.812
1209.8716
1304.0287
0.0
2569.481
2074.459
326.743
90.35574
1978.5132
1196.665
0.0
17.748114
1092.6377
0.0
10786.494
9326.212
2206.739
599.42706
0.0
901.6903
65.131096
0.0
0.0
116.764114
4064.6943
0.0
0.0
1537.2937
112.43753
14008.784
19945.068
0.0
1736.6426
0.0
14060.059
0.0
12.915518
117.007935
0.0
1571.3418
3006.8596
13979.85
0.0
0.0
2538.6392
0.0
0.0
253.10974
4144.112
15681.887
569.2939
0.0
63.238625
0.0
1247.712
108.6875
0.0
0.0
4970.115
577.6668
10227.631
5552.151
1148.9156
313.77896
9453.994
0.0
0.0
2428.0437
1528.1176
0.0
1243.0112
2135.8325
2747.9766
0.0
1911.3032
1679.395
1430.709
37025.45
1561.6951
2499.183
0.0
7123.2246
2678.6877
1665.1382
0.0
598.5156
5612.5483
294.23224
468.6303
0.0
88.90532
4307.7427
10905.745
0.0
0.0
1981.9738
0.0
0.0
560.6383
6181.0083
0.0
0.0
0.0
1472.3539
1154.7256
2935.8496
3550.0283
1372.6102
2278.2446
5191.2275
0.0
1780.2085
2511.7002
0.0
0.0
5211.944
1635.1926
0.0
2099.878
299.5495
1915.2855
3211.9849
840.1615
3239.4502
28638.799
0.0
1426.6196
13.636642
0.0
0.0
0.0
823.1569
0.0
2886.4507
1809.0193
60.644966
0.0
1211.3716
0.0
1408.0957
592.34814
252.0578
84.66289
0.0
7792.601
3009.7192
2305.9792
0.0
1723.7805
1584.204
183.5723
5939.828
2148.3247
127.19824
1138.801
0.0
0.0
2598.4346
0.0
2706.3887
146.7254
0.0
19129.873
721.51135
0.0
40.4894
889.6315
0.0
0.0
0.0
2241.3591
0.0
935.78284
0.0
2263.479
100.32523
1222.4575
3215.545
1581.8046
16024.402
7167.594
12480.182
11548.697
0.0
2539.273
20.073355
3559.1865
76.718666
11.175489
0.0
0.0
205.90048
1181.355
2575.6213
37.35708
8247.593
1233.4238
863.2457
0.0
10947.582
0.0
254.63992
0.0
2720.0571
0.0
0.0
1106.938
0.0
4563.724
87.7068
0.0
2316.0068
1445.5303
0.0
408.09967
2946.5156
997.88965
1323.609
185.05
1885.3999
5137.2715
2597.164
0.0
613.28845
8103.3447
0.0
0.0
0.0
3497.079
1520.566
77.1886
0.0
2530.0762
1970.4761
140.46802
833.34406
3155.9614
0.0
24073.105
0.0
0.0
0.0
4019.3667
1538.5796
697.7212
1680.4062
0.0
0.0
33.921078
1780.5134
0.0
22525.467
0.0
1097.3942
1488.7936
3033.672
2576.9795
974.4357
0.0
0.0
1753.7952
0.0
2014.6487
0.0
0.0
0.0
0.0
878.9806
329.94763
0.0
1811.2961
1703.176
1521.7847
0.0
1103.6482
1175.2604
0.0
0.0
0.0
2147.8525
0.0
11096.727
2950.2988
283.32037
0.0
0.0
0.0
0.0
778.5017
1378.02
1514.6799
82.748604
4604.8433
1826.1865
241.91086
0.0
2572.5234
5606.64
0.0
3388.3638
0.0
253.43239
1668.8604
6364.141
2577.2432
62.9377
2370.055
0.0
13033.578
0.0
2109.9463
16.647276
1988.4213
2424.198
3862.7107
0.0
0.0
1574.9563
0.0
0.0
1256.1622
1359.0759
0.0
1810.5432
36.115257
659.1696
5766.456
1112.2463
12388.49
5402.2563
3369.7905
0.0
0.0
1035.0945
1392.6423
2336.472
0.0
4201.2593
11468.759
1326.8749
2354.8901
4458.642
0.0
0.0
3059.4268
11742.359
0.0
19117.984
215.4546
2990.4458
4520.119
1378.935
5032.1396
0.0
1142.4583
2828.0916
0.0
1298.2223
0.0
3290.4731
3188.564
4012.0579
0.0
1919.6646
5395.6953
110.07333
1242.1023
0.0
2219.7837
1815.1882
0.0
989.9409
3015.3708
8369.559
2838.8428
0.0
1216.5564
0.0
0.0
792.556
6338.682
0.0
2561.9165
0.0
893.72705
2495.395
8895.1455
1349.0063
1396.739
0.0
0.0
1062.2137
1047.4785
0.0
0.0
276.77512
0.0
1928.8918
0.0
0.0
951.7651
410.3882
169.47589
3129.3682
0.0
2078.6287
0.0
0.0
3328.1108
5427.4478
0.0
0.0
2890.122
2677.0217
1643.1936
3409.5198
1837.1708
4545.3135
105.03899
743.1744
13167.024
47.912537
0.0
2225.31
3422.312
1496.5739
2042.4727
0.0
174.33923
0.0
0.0
3605.4934
5317.5845
0.0
1794.1714
1068.6655
48136.715
0.0
30.923891
1405.7734
2098.7668
98.836426
445.14917
0.0
2674.5388
0.0
0.0
2019.7921
3067.2642
3089.532
0.0
133.84152
261.9113
0.0
1371.6082
0.0
4780.2188
2978.581
4839.685
1320.1249
368.29178
0.0
0.0
1449.9463
17983.559
2239.6218
1222.009
0.0
11450.629
0.0
37.903164
2198.8154
246.69792
1664.4246
4667.4365
14743.007
0.0
3600.5793
2852.0908
1026.7832
4282.17
1191.124
8974.656
0.0
0.0
2836.9504
0.0
464.5493
1747.2809
2053.9236
1239.4065
6084.927
4656.778
1704.9158
512.7991
0.0
597.06213
2037.2114
0.0
1371.0591
1819.2483
79.19087
3249.395
5903.251
2124.1006
308.01138
1626.345
222.93071
3403.0266
6793.3564
0.0
2821.5386
191.15833
1968.2554
0.0
2177.3606
9825.676
5221.6367
0.0
7727.548
0.0
2676.0767
1301.74
418.6534
0.0
3691.498
0.0
1884.4233
0.0
0.0
0.0
0.0
2379.795
0.0
477.24554
3413.7336
111.75091
1894.4164
1339.742
75.64303
171.51262
11270.247
20910.719
12306.223
40787.184
171.02235
1116.2675
0.0
3435.9375
5655.6636
406.7425
691.54517
156.65213
486.76337
1721.9238
0.0
2108.445
0.0
3975.5642
1715.9606
0.0
3251.0532
31827.324
1753.7668
4595.903
229.18752
2806.8025
1241.8228
0.0
0.0
0.0
115.94413
2589.92
679.24744
0.0
2620.9226
0.0
1225.4952
2465.2673
20028.152
1288.18
2394.212
1404.3284
0.0
0.0
2874.8481
0.0
0.0
0.0
0.0
22981.133
0.0
1388.7559
883.99945
15826.287
31.374535
3957.7266
4928.349
2234.9624
0.0
2971.837
815.3975
767.3679
2610.5396
8.337278
1566.1464
1366.4651
14.085552
438.16412
74277.57
0.0
1620.2214
0.0
0.0
66.27406
1321.7092
6969.955
224.24791
0.0
0.0
6121.4575
0.0
572.572
0.0
3307.8604
1245.1265
1860.9961
0.0
7126.535
7036.4575
2592.6416
0.0
5780.6978
1325.2245
4892.4565
1741.27
0.0
7854.238
8214.316
71.88407
3721.7393
30.074272
3515.7407
0.0
1922.8987
5178.438
0.0
952.2565
4359.12
107.71392
0.0
0.0
74070.68
0.0
43.014503
0.0
0.0
4438.433
0.0
647.49115
12113.293
417.6786
0.0
0.0
1615.8732
16.004934
2656.7983
0.0
186.9023
1146.0775
0.0
2567.1816
406.7507
0.0
0.0
1636.6006
1327.371
110.58157
2507.0935
0.0
1248.4827
1643.4886
0.0
2460.4329
2376.1665
0.0
3889.9456
254.27045
2055.8813
0.0
1221.7979
3937.752
0.0
1630.8354
4259.1245
0.0
1819.1848
7500.037
0.0
1380.3575
0.0
2013.3269
0.0
3658.2769
0.0
15.563548
0.0
0.0
0.0
0.0
121.38284
0.0
2958.755
1241.2451
1520.0602
0.0
1797.3048
0.0
1921.9614
991.0481
3801.416
0.0
94.28531
0.0
2397.6619
21974.82
2396.9243
0.0
1727.1069
0.0
1462.985
177.53094
4021.6487
0.0
0.0
0.0
1961.1753
2654.683
0.0
1420.6887
2298.4126
6509.6875
523.69244
396.47437
0.0
6945.958
0.0
1183.2522
0.0
217.73572
1473.8811
3280.442
4897.902
15.874998
13947.83
4598.917
3166.0056
0.0
0.0
3755.6724
0.0
133.20128
86.27417
4219.9253
0.0
4684.9536
51995.79
1122.1332
7729.1333
310.51248
3823.38
0.0
3284.0654
245.2698
0.0
0.0
0.0
0.0
7628.4688
3142.7769
4757.5034
5629.82
0.0
0.0
191.95477
539.6296
1196.2562
219.8762
12132.813
0.0
1382.5879
117.78189
1910.7034
0.0
2385.7644
0.0
1915.906
13669.381
78.96446
410.10504
1231.7831
82.14858
0.0
2584.5952
0.0
0.0
3093.5347
0.0
7027.293
2557.184
5778.039
3313.9377
12045.219
705.5043
0.0
4096.8364
614.2694
1107.3527
3093.5903
0.0
3417.5142
447.19617
103.328674
0.0
566.6793
725.6741
389.9914
2818.501
8288.902
44935.96
1391.8451
0.0
6774.5464
1250.8351
0.0
3544.4106
2776.6277
4345.252
15430.744
37.66314
0.0
6256.57
87.36537
4549.453
0.0
3649.4492
12186.878
1348.7849
3172.0015
0.0
3264.995
112.56528
498.5008
3479.8738
5543.977
0.0
4131.0303
0.0
18594.018
89.197075
900.4607
393.69333
1813.9718
0.0
1205.2561
0.0
15.009112
4510.1113
1184.0326
0.0
59.810284
2594.3335
3904.533
0.0
1222.1968
123.07384
152.10483
0.0
8790.104
3839.7046
0.0
8326.914
1232.3738
0.0
2372.1592
0.0
1126.258
0.0
3466.6042
1434.758
1754.5782
4795.7437
1041.861
0.0
0.0
3253.5151
786.76245
0.0
0.0
37.644215
0.0
4768.1226
0.0
963.26013
551.1731
1542.2211
3899.9106
0.0
2627.3318
2201.868
3107.582
15677.346
1650.0261
1287.1099
1278.4574
33424.53
709.58813
347.9944
0.0
0.0
186.66907
1020.91394
404.06445
1314.0624
816.06995
181.82454
841.074
0.0
7341.628
2600.038
2770.7432
2445.6704
5468.239
0.0
12842.869
5257.8833
0.0
1277.314
4400.283
0.0
2681.2952
7814.0005
3795.383
1036.848
2128.863
8225.8125
0.0
0.0
84.25061
0.0
0.0
0.0
1363.6752
1410.5659
1615.531
0.0
0.0
3240.1655
20486.68
429.95477
1199.4591
0.0
1358.8132
0.0
16411.424
2171.366
2342.2163
3974.8687
0.0
2443.4045
1138.0258
1463.2576
3221.2449
0.0
55.961136
1872.0806
2293.4116
0.0
0.0
4591.2744
0.0
3984.2358
7293.1855
1366.4038
1408.3357
3905.2188
3226.6223
0.0
4047.0518
0.0
894.86304
41.726635
1507.047
0.0
0.0
79.92058
0.0
0.0
5875.4873
236.0271
2139.5103
10.529698
1315.4148
6486.1567
0.0
0.0
3520.506
933.63513
19932.984
5343.104
15788.785
3449.1626
1097.6399
408.18915
4734.331
0.0
0.0
10634.644
44.14518
1899.1782
1522.8281
7489.953
3402.8853
4150.9043
3360.8337
22801.814
252.62717
1587.3517
5055.3857
7456.579
11708.315
389.0668
1985.2247
99.60304
0.0
2185.5144
5457.899
0.0
1274.6292
3659.9346
13775.211
6605.8213
2498.0972
2532.4568
0.0
3463.8481
10895.093
2428.2625
0.0
3170.0684
3150.628
1002.71387
2918.4944
2291.295
3293.8853
2055.3545
106.5221
1064.566
328.97238
0.0
0.0
2095.545
1412.8927
0.0
1540.5239
84.80925
24583.656
1491.592
2749.7644
1560.196
0.0
61925.64
14475.082
1338.5294
2961.412
18582.855
5335.307
1404.1796
2811.1887
112.82556
2382.8176
1046.8733
0.0
1494.4548
3000.275
46681.664
3656.546
3517.8071
792.954
1911.0981
4155.369
0.0
0.0
305.5364
3244.308
1280.6957
138.50137
4308.31
198.07755
6825.8286
3047.8262
9331.294
29.18092
7772.4863
1630.1853
973.35486
430.2995
1505.7284
4378.1196
1567.699
1293.1819
0.0
3112.5088
0.0
3242.7053
345.4152
1992.6603
0.0
1454.8807
1797.6106
0.0
7352.629
14357.369
7711.6284
0.0
0.0
2008.2488
0.0
1253.7568
183.8303
2155.161
1311.9629
0.0
2740.5288
9679.814
1766.7948
3817.8374
151.73943
0.0
4681.948
2416.1582
5774.8203
1884.2429
143604.83
2480.8809
14738.08
0.0
0.0
6077.6436
2944.012
6319.9326
0.0
4936.39
0.0
0.0
2881.2642
4047.5144
0.0
1114.2405
2319.6475
1026.3898
4528.0303
0.0
1504.1929
8.103834
487.28226
599.3058
0.0
1464.5758
742.1669
0.0
0.0
3539.7747
7306.1455
1612.0946
2959.4153
0.0
1176.6318
1745.1403
241.28452
3668.4028
320.57422
0.0
5201.931
0.0
10541.638
1129.7156
1650.332
728.34894
7024.2637
6998.6865
0.0
2868.0833
1.4064665
1879.3245
1469.0691
0.0
0.0
25254.102
2848.2266
1597.1226
0.0
0.0
7244.5894
1814.1327
11624.36
1403.2822
0.0
47735.824
63.590454
0.0
0.0
6328.551
1324.0485
1899.9238
7680.047
4365.3096
0.0
384.54343
0.0
7023.4067
228.25336
2509.162
1720.9816
1035.0366
3314.2349
0.0
1424.2073
0.0
0.0
2591.4805
0.0
645.1793
0.0
0.0
28292.66
0.0
0.0
168.25739
0.0
4183.3306
0.0
10056.963
1346.5541
1792.8557
949.3605
3510.4854
0.0
7142.542
5992.756
2708.7222
3711.752
4725.5327
2700.9932
46396.7
5769.949
290.54996
0.0
3077.869
2997.0737
45.52823
312.70667
0.0
8299.102
3364.606
0.0
142.2987
0.0
0.0
2347.4946
11651.615
4610.597
10903.136
10119.332
20547.977
0.0
1401.1388
6453.8857
1047.7375
0.0
0.0
9148.896
2244.0325
1482.4856
57.49106
2682.995
1426.6318
10477.625
3672.7139
404.49084
6786.7847
4961.729
1081.1403
0.0
1988.9724
820.6876
1160.5833
90.36054
0.0
3140.832
14136.816
2417.6775
429.44305
0.0
1449.9235
0.0
0.0
3809.8125
14537.756
20689.824
0.0
5331.6133
1721.5065
943.4686
3158.184
38.297325
73.80066
41923.1
0.0
0.0
2214.1904
0.0
0.0
5100.2827
552.1771
50.361618
1956.7921
159.2235
0.0
1110.0167
0.0
3271.0298
0.0
3360.7898
110.33443
0.0
12451.286
0.0
119.32372
2745.662
38.048347
0.0
1576.4349
12124.2705
95263.05
1254.6361
5295.0376
1793.2891
1297.0178
1176.1284
4337.5723
0.0
4132.8384
47.97534
1878.2579
13491.431
71.58377
12142.086
6332.3896
1807.0542
1978.4774
16953.469
8849.555
0.0
0.0
282105.8
6689.9385
2014.8177
2165.1985
1654.6414
0.0
0.0
1269.4492
0.0
0.0
114.11684
476.8489
2345.4478
1927.135
3231.0186
0.0
2759.9146
1267.0258
0.0
0.0
6222.74
0.0
2399.6958
5709.884
11305.086
0.0
1307.0105
0.0
0.0
3410.0854
0.0
0.0
7107.2637
13487.206
0.0
0.0
2630.8555
2194.2246
5617.665
8888.413
0.0
8443.54
12569.729
3276.8794
0.0
0.0
166.85815
0.0
1599.1309
3130.2324
348.1168
3040.188
129.06631
1924.3357
240.09225
2045.9493
798.0221
1564.1985
0.0
0.0
224.37317
2181.3828
2825.6357
172.35553
5802.9272
21522.57
30527.242
57808.164
34637.164
133.65369
157.99936
0.0
2651.2307
236.50037
15943.003
7372.3496
452.0423
0.0
223.90039
0.0
1044.3904
0.0
0.0
970.63513
3186.186
10203.049
0.0
91.37123
1277.5436
0.0
35.60132
20349.934
1298.1453
66.90928
1092.5409
108.95006
8967.523
2560.8796
10271.174
4639.8516
536.39526
2611.4568
2643.0015
9622.024
0.0
36.98956
848.98505
846.4031
1140.1594
64655.77
2697.8987
1752.7903
0.0
24.729212
6041.0215
15761.484
0.0
0.0
11522.244
0.0
0.0
8691.738
651.24615
4219.1553
0.0
1171.4216
2940.8315
1865.6583
1244.6926
8779.945
131.05937
2971.1226
797.25287
1726.2708
0.0
2634.8552
2740.7148
0.0
29.37926
2670.602
153.1613
22719.135
0.0
0.0
0.0
2700.146
902.7755
9077.555
0.0
2337.2292
1435.5742
705.07983
2142.0132
1620.0044
2027.8009
1621.8154
193.58835
6980.834
0.0
1622.0898
0.0
2774.6748
0.0
5624.4653
1988.9385
0.0
644.50977
1932.011
25474.59
3806.791
29.348816
2464.7349
329.40146
4834.535
2008.542
0.0
16807.64
9864.29
0.0
6899.3936
302.47568
61.599026
0.0
2766.8787
12087.189
2294.5857
3835.3818
2.543911
1108.3386
1280.8915
311.35455
2485.3384
0.0
2478.17
2396.1636
1940.7634
19499.773
2171.2769
0.0
2371.9834
0.0
0.0
6771.7417
32109.871
0.0
0.0
5553.907
180.83212
6775.8926
733.8988
3813.786
0.0
0.0
4629.4478
10690.799
9648.616
0.0
1136.5369
0.0
3748.026
3884.441
1606.8638
12049.819
6814.9644
1692.2175
20132.445
96.42538
0.0
5331.0996
7542.955
0.0
0.0
0.0
748.1123
0.0
0.0
0.0
1086.5056
3898.3232
724.3232
1558.0121
1843.3328
9293.411
0.0
1265.7654
2175.0317
151.83168
169.74698
118.98242
1957.3342
0.0
0.0
197.96664
0.0
5110.58
1249.2056
1532.2535
0.0
1742.4507
1308.3296
4651.275
3911.5862
11530.1875
1584.3884
0.0
0.0
0.0
1225.388
1256.9114
0.0
2333.9463
57.111004
3692.5205
0.0
266488.8
2265.9678
3393.1807
0.0
2583.3352
2193.937
15.932495
0.0
0.0
0.0
1372.2736
2137.2673
23544.836
2282.237
2318.281
3540.023
3083.1733
2668.8145
0.0
0.0
458.84247
5352.7856
0.0
1370.7202
27199.543
5887.9526
1380.4336
113.32923
474.13696
0.0
3228.0308
0.0
844.5051
1273.2659
0.0
502.2379
0.0
1510.5629
4331.2085
39.518425
8011.252
0.0
50.468468
220.44193
1661.7402
221462.78
1063.9746
1807.0513
3762.5535
234.79828
948.8573
0.0
126.04764
0.0
21184.191
6960.3867
271.7279
4574.538
0.0
1524.4467
2951.528
2234.1934
2380.0625
0.0
1907.2437
341.7066
38.626827
5746.686
1457.7192
2308.8064
4569.28
0.0
0.0
0.0
1989.3472
7154.9316
3163.143
1370.0403
4510.0273
0.0
2547.286
1109.2296
0.0
201.14575
2642.105
588.8777
3524.0444
1576.4417
29315.248
1081.5962
1486.6274
0.0
1300.4214
3383.1997
5981.827
820.1323
0.0
0.0
19698.885
0.0
13855.289
1438.6133
2177.0325
0.0
2478.0137
3231.9927
5051.866
70.074066
4882.2295
1642.449
1102.3998
0.0
342.9964
0.0
1418.0999
15467.307
863.0851
1406.782
37.809853
0.0
0.0
0.0
1291.8624
2342.521
3268.0332
1781.2478
0.0
0.0
76.16014
1829.466
23518.662
0.0
17.333893
2884.945
76.86491
2772.3125
1864.5908
0.0
11510.755
2770.7393
0.0
5242.074
0.0
976.73
8863.31
1444.7759
2274.7715
0.0
0.0
0.0
1365.9508
0.0
0.0
0.0
0.0
2524.9133
428.04346
4971.6665
31.075323
7354.1895
415.11945
284.1338
0.0
94.40405
1198.9745
4471.5215
2490.5842
3089.4026
8327.498
5142.043
1566.6208
2258.446
1247.1694
2186.908
49409.98
165.01736
0.0
168.53752
3446.5073
0.0
1094.6976
29.512316
0.0
0.0
1656.7642
0.0
399.32898
0.0
1853.1907
0.0
1933.6621
1162.5868
1661.325
160.69687
1367.428
4634.9224
2507.2036
2715.3662
0.0
128.09781
2824.0286
119.92672
8366.168
16.13766
327.98703
0.0
0.0
1212.75
0.0
12615.6045
4627.8076
0.0
3871.4248
0.0
276.51083
0.0
2133.975
1935.9263
14906.138
0.0
3215.5596
2068.8145
0.0
2935.0361
0.0
856.65063
2073.4397
0.0
0.0
62.16683
40.166237
2312.4946
7955.077
0.0
0.0
0.0
20342.432
3479.9624
4482.4985
0.0
4186.943
3917.4395
188.16911
1907.5496
7156.242
0.0
0.0
9261.869
3209.586
289.82974
10.877246
13446.131
2492.586
0.0
909.2055
6168.4497
1734.6727
0.0
83.75685
0.0
0.0
9099.731
4112.0522
601.1747
2485.7896
8755.205
708.75995
1929.3022
2504.7085
1424.6548
294.07104
1030.3818
4459.826
82.919716
1550.5765
168.93959
0.0
1704.9731
1770.6125
1199.1738
7838.5215
2720.7913
3677.8877
8009.836
1700.3678
3078.3271
12476.035
2735.6646
2151.0654
433.59296
13745.963
0.0
17414.871
2951.4204
11078.611
10050.695
2998.1409
2120.1094
0.0
19765.527
1027.3582
4215.2866
864.396
0.0
6952.276
10467.994
0.0
0.0
5267.058
791.1006
0.0
4394.1665
0.0
10979.326
7104.1943
14089.996
7722.043
5622.8887
600.5016
1316.6292
2987.8618
0.0
0.0
0.0
6758.2896
25.503443
2339.8462
79.67958
0.0
0.0
3236.5518
0.0
1462.1023
269.08072
0.0
43892.934
0.0
0.0
2106.1626
2021.0872
0.0
3117.7253
0.0
2152.8677
271.95355
92485.91
3381.645
3313.161
2036.3922
0.0
0.0
3963.7246
1400.3333
1015.93396
1375.3625
0.0
4040.3228
2202.4165
5178.3965
34.522423
1828.9138
4053.7637
17659.188
729.2438
0.0
0.0
1540.5126
2403.5103
824.7047
25.227077
0.0
1128.2948
2792.8088
14545.746
2084.3567
0.0
5809.0464
1150.2067
3011.0671
19128.7
1502.1655
3684.902
9212.552
1401.9836
1901.0305
492.2438
0.0
1349.8282
321.7029
0.0
0.0
7583.6455
2244.3467
276.19824
6039.5576
6285.8403
1961.294
514.157
1573.5999
2189.67
1605.7046
0.0
109.9931
2055.67
0.0
4114.134
0.0
11.654892
904.549
0.0
3726.642
1508.3728
1720.8987
1005.3738
2043.1781
3369.3628
2554.9497
0.0
7304.487
351886.28
0.0
0.0
4019.4922
0.0
1220.1923
0.0
1663.4274
14875.304
1346.2253
42.118713
0.0
1665.6302
3894.9338
1577.8444
2936.1726
2036.1227
173.42964
0.0
0.0
0.0
0.0
2753.4297
3310.4849
2436.3071
2711.383
0.0
1133.5607
703.80554
5507.099
0.0
265.61053
1324.072
0.0
7.149126
0.0
977.61975
0.0
2328.532
2832.9695
2461.5935
0.0
3455.791
1568.0115
0.0
112.53119
1024.6976
1319.188
0.0
0.0
0.0
0.0
1394.22
1061.3135
22554.834
2773.528
2966.4863
1087.9261
1463.6367
0.0
1513.3705
1759.163
2.1323633
2935.955
1674.0703
1475.0314
0.0
0.0
9622.574
32.116055
7863.839
3942.4521
3750.3608
8280.837
0.0
8587.347
4780.2207
1417.8967
152.32817
4523.4824
1206.7831
917.85974
1354.7676
65448.195
1419.237
3664.6353
847.704
0.0
5.0115633
1761.4246
10320.508
1505.6691
2416.7651
705.5952
2697.0667
489.60846
6271.096
0.0
878.49274
3438.7405
5313.994
3960.6729
0.0
1205.9336
2180.028
0.0
2416.0974
4250.565
3339.0312
1.9572421
2206.478
1237.7367
1383.5024
2771.6382
0.0
0.0
0.0
0.0
2504.8682
2972.9
2530.629
0.0
2042.0024
3041.8367
3413.7627
1048.0287
67.88806
1630.9968
0.0
203.23766
1458.3662
1169.75
157.02448
0.0
842.4721
1454.4802
3318.644
3059.5361
1214.02
11343.982
1620.8389
4377.6846
1988.455
89.35817
25797.82
7967.26
1323.4099
1415.8197
0.0
1128.5297
2818.316
745.1488
1376.9012
2228.4705
1442.2579
0.0
1004.9024
1802.1414
887.20276
1468.8344
0.0
1654.2891
1111.5618
0.0
967.56323
461.354
2753.7644
1972.6731
0.0
1102.8152
1223.8794
10.458451
4749.9326
0.0
0.0
0.0
32.719337
2511.1147
0.0
847.34424
6112.5884
1858.1946
0.0
71.27611
0.0
0.0
7389.5674
3775.3232
1972.1516
0.0
3006.7893
1145.4778
24930.742
159.51457
2.7015781
0.0
439.3249
0.0
435.06317
17071.875
0.0
0.0
0.0
0.0
3465.3647
236.79004
7791.865
27460.445
798.1304
2199.443
9346.487
180.58159
0.0
1263.9116
0.0
2900.3289
5755.799
0.0
6254.772
0.0
0.0
0.0
11909.234
2029.3579
1093.9053
17.781713
1274.5332
6016.531
0.0
0.0
0.0
1160.9257
0.0
2768.5742
10910.491
1542.3755
2421.2007
1092.5918
4523.7793
2918.1943
554.7565
170.88493
1266.1104
27.969088
0.0
9295.598
1966.46
1215.971
6740.6187
1103.4094
16745.346
2026.1326
1920.9364
5969.1694
8158.2534
2589.2231
1604.3243
19293.428
4341.839
1150.4087
196.61342
305.70306
3646.5488
2662.053
0.0
2807.1277
2396.0676
1383.3291
309.7848
60617.61
2382.9358
3004.701
70.61955
1761.7532
2384.3628
2154.494
49768.016
0.0
4635.1865
0.0
0.0
2398.2534
0.0
1955.7517
0.0
1191.1492
0.0
0.0
148.9043
3034.1763
6157.2627
396.7049
0.0
2217.3936
237.00787
1458.9991
1743.5116
4175.433
8512.484
13514.473
0.0
1764.4836
4441.0576
14206.92
5473.4307
0.0
0.0
0.0
1120.4963
1114.7507
1729.4287
0.0
0.0
27545.465
113.90537
3536.3625
9442.229
5965.4014
335.79114
13785.83
15.694567
0.0
0.0
0.0
2774.4397
1951.2393
0.0
7224.45
3956.4282
1933.2189
0.0
0.0
91.460915
415.1203
0.0
8198.387
16315.449
0.0
0.0
3039.3481
2163.697
1826.2166
2258.0413
0.0
1664.0664
3287.8235
0.0
667.0928
1042.9928
606.4767
3475.706
0.0
2221.733
564.8035
0.0
5402.6064
117.94629
1086.4805
0.0
5372.4004
0.0
352.75107
0.0
295.65503
2379.8794
4744.356
6218.9414
16622.666
28854.816
578.70874
2658.1238
133743.3
0.0
13595.275
1744.7532
0.0
6101.333
0.0
325.71564
0.0
0.0
794.118
1550.9075
3220.3252
0.0
884.4386
2293.2026
901.4153
7485.205
0.0
0.0
2720.5981
5078.4277
711.58276
0.0
1732.9585
57.760582
61208.773
13442.112
482.19513
0.0
1998.7708
347.31903
4262.6772
2353.6736
0.0
1226.8718
0.0
5238.192
3254.192
2134.3933
1888.9849
0.0
0.0
0.0
4637.0825
0.0
191.00488
0.0
1845.9595
834.0988
8400.198
2763.3464
3644.062
973.96075
0.0
7332.46
0.0
2431.2173
3550.392
448.91925
845.93994
62.25484
0.0
3570.602
7640.51
0.0
0.0
1591.3182
0.0
0.0
0.0
1274.0571
0.0
0.0
1790.5251
0.0
0.0
3168.962
5504.0366
20415.32
7278.103
0.0
54.216965
0.0
0.0
271.25745
1505.808
4731.8364
946.0869
0.0
50025.453
171.58026
78.96531
6341.369
372.26877
1438.9587
2751.7322
5521.387
0.0
932.89624
0.0
2499.5142
995.0731
2144.6753
0.0
0.0
27641.492
4848.676
13180.148
56.62777
668.5222
0.0
0.0
2353.4883
992.1306
1242.6671
1156.8776
0.0
6626.7305
0.0
1986.9519
2689.87
0.0
3336.7188
31.281734
1004.141
0.0
1484.2568
2539.5278
3558.5544
87.87261
1463.5376
1270.6975
4449.8525
0.0
4816.929
2175.4084
2041.7147
0.0
2711.2124
0.0
0.0
0.0
835.9204
22830.13
1874.0729
71.12881
4881.91
1296.8088
1555.9325
1248.4857
5169.4785
148.97295
385.99057
475.24554
110.58855
41.686874
1570.1221
0.0
1131.0378
6367.9
15053.309
0.0
4853.2803
2517.812
65.97111
387.24335
0.0
1469.2368
0.0
626.3062
1458.5983
31.32531
1969.5414
4203.9907
160.57343
2614.602
1088.1957
924.5605
40169.74
701.02527
7017.9014
4091.58
8686.157
3540.2446
0.0
0.0
2417.5225
857.9302
431.0528
0.0
0.0
5800.7163
2450.1768
1957.0573
0.0
226.98409
238.86497
1347.9747
0.0
2883.3193
8587.383
5460.7197
0.0
2377.9011
918.553
1104.222
1490.7828
59.75599
3748.6013
1369.3698
6148.75
1254.6495
7282.248
1110.5594
0.0
0.0
2600.6074
0.0
5482.991
63.139915
1791.1516
192.27582
1105.0713
5334.2783
3083.4592
5297.629
1603.2048
1400.8622
2431.428
2061.5427
1485.7292
1485.0432
22065.17
1416.6465
1328.3768
1519.529
4479.6694
0.0
2878.1833
0.0
2119.3755
3334.4412
0.0
0.0
0.0
118.46003
1307.1738
923.30493
489.0177
1877.5654
4912.9326
0.0
8.077472
51.83344
3126.1592
0.0
0.0
1238.4735
0.0
0.0
7085.5586
0.0
916.4734
726.2733
3021.3638
179.39857
0.0
0.0
11965.637
2398.06
2826.631
1476.0381
2307.8252
4706.9097
2816.524
3582.4114
0.0
774.7012
2907.0168
554.6883
7229.55
10400.861
8.045259
0.0
8213.551
0.0
0.0
1587.7952
7050.2344
1094.9427
0.0
2274.5874
1422.688
28658.594
0.0
1087.6748
160.39178
2723.727
1452.6133
0.0
10470.082
1351.8146
0.0
2789.3376
2120.6633
2179.3354
7788.6875
16845.807
