12543.744
0.0
7412.836
1517.2029
5005.534
7087.408
12.283408
2825.5671
1041.4993
0.0
1056.847
0.0
0.0
5382.998
0.0
0.0
0.0
0.0
0.0
0.0
0.0
16178.291
4803.5054
2715.8093
9774.951
10274.044
130.65831
33.947468
0.0
797.50134
11740.24
8348.262
0.0
0.0
1128.7842
0.0
0.0
4312.1953
158.41606
0.0
0.0
3436.954
2722.1357
0.0
27.025856
0.0
73.53541
39.27928
1841.5881
0.0
4717.346
170.4418
87.51803
4267.6523
3925.8997
3562.3604
13689.482
2242.6409
0.0
42.593895
4198.328
0.0
6162.5645
0.0
7129.838
18.301453
0.0
9805.073
0.0
5826.128
5354.8594
16155.816
7134.3354
3928.2534
976.62006
335.9494
5581.7783
1998.982
1881.7615
16174.145
7746.3896
16182.412
2912.582
0.0
2531.6584
77.42865
0.0
11530.887
16176.838
5.6135316
8066.713
12911.006
8514.273
33.4289
0.0
0.0
2427.8916
3472.4055
48.675545
854.5945
1376.4558
1621.7966
7282.516
495.39923
3689.8032
14528.21
9808.94
0.0
0.0
273.15036
0.0
16184.549
0.0
15300.047
8720.586
0.0
8565.178
6932.722
11842.9375
0.0
6623.589
828.452
136.51637
0.0
0.0
16176.8
962.9122
2170.012
95.318565
1166.1902
3181.4028
0.0
0.0
0.0
16178.164
55.24933
0.0
1733.8766
55.56642
4006.858
0.0
0.0
2072.5537
15701.029
5928.1523
0.0
36.230858
3786.2263
3963.1868
0.0
0.0
4411.8545
1433.0654
8647.808
4045.1494
3931.5413
0.0
2180.825
6808.596
1919.915
62.234367
11421.942
0.0
7881.241
0.0
3578.8105
16173.041
624.01184
1594.0083
0.0
6369.5415
3755.48
7233.8193
0.0
4000.3071
10370.01
38.603333
0.0
0.0
6907.367
1109.0604
0.0
0.0
8729.303
0.0
61.84869
9888.56
15.5833025
10714.267
2675.518
6447.044
513.5554
5996.2437
1048.8186
2107.0383
29.052263
3474.63
1238.3408
13180.404
5752.097
6527.704
0.0
1313.4636
7.782998
5643.5044
106.6984
3699.6812
0.0
0.0
505.0891
87.21039
7216.4175
16171.604
0.0
0.0
4072.4004
0.0
0.0
0.0
3700.8174
0.0
3672.8901
0.0
12560.064
8269.65
0.0
0.0
0.0
6506.4785
0.0
3084.363
1808.6128
5969.9106
4838.3013
0.0
0.0
5695.89
0.0
1160.4922
0.0
16108.69
5096.1904
32.692448
0.0
9097.761
0.0
0.0
524.2749
5506.461
2958.7205
6367.286
0.0
0.0
5819.137
0.0
41.764008
31.789352
16177.895
0.0
2426.56
0.0
2427.0605
1710.4375
0.0
0.0
6639.069
2189.906
185.64378
8987.302
3897.8672
5841.6807
78.298775
4485.152
37.223503
981.39795
2476.5435
5861.5293
2348.9773
0.0
7673.6865
0.0
0.0
1856.3721
4266.984
4368.027
4729.5625
0.0
0.0
40.84904
0.0
65.84795
4188.2246
13108.125
8.303555
15680.064
4576.2954
0.0
4353.023
2884.726
0.0
0.0
4114.2383
66.27852
1719.4758
6307.6987
0.0
2893.0784
146.45276
0.0
14487.891
0.0
0.0
133.00319
4320.532
3596.0015
0.0
14829.494
0.0
1221.435
10251.577
0.0
4997.2686
15022.748
11443.252
54.25737
84.467896
8534.622
10475.814
9593.025
11052.8545
0.0
0.0
0.0
4298.069
5768.4043
3914.1033
0.0
0.0
0.0
4731.495
1692.0657
2283.6338
0.0
1763.2806
0.0
15784.387
2608.449
63.418365
4947.766
24.402248
8218.503
35.1556
0.0
0.0
15380.021
4905.2695
3370.3782
3556.2832
294.3037
0.0
0.0
5254.3037
50.606606
48.956474
4825.558
26.045387
0.0
6843.9355
434.3197
0.0
13437.924
8252.72
28.120808
16191.452
0.0
0.0
2296.8208
4895.0703
2672.9402
11440.145
324.81357
1066.6069
26.027264
16185.701
0.0
5717.963
475.58984
629.863
7242.489
3986.1914
1.7913089
4661.983
1271.5869
0.0
3404.9736
6771.416
4169.25
5644.4727
2542.0667
4988.416
0.0
5467.932
0.0
0.0
4593.1543
9153.898
61.450928
2373.1526
1891.7872
12211.765
7223.457
59.413486
2791.317
7414.8438
3758.3516
4266.3193
47.631927
7.88709
0.0
1933.4995
2278.8555
3359.3481
0.0
2.814002
0.0
38.71702
5530.767
0.0
0.0
16195.725
0.0
0.0
1154.9009
2441.5793
0.0
1406.774
1111.7949
1464.5388
4740.587
5940.6865
9760.592
8990.897
43.90666
566.3376
2719.9658
9407.074
0.0
0.0
0.0
3433.621
8889.107
6213.9194
0.0
4815.069
5200.546
0.0
5928.962
5395.895
0.0
3230.421
3925.4849
5041.7466
10448.256
4781.566
8660.733
0.0
311.41632
0.0
0.0
6384.619
0.0
29.369633
34.406475
17.329815
0.0
0.0
5056.8096
6975.207
3168.674
0.0
0.0
3700.814
2549.1545
3428.7175
0.0
66.65094
0.0
6863.428
0.0
65.897255
2719.021
3136.9463
1261.6368
6243.824
0.0
0.0
4109.041
18.820232
7205.5996
0.0
55.292343
0.0
3118.1372
7317.0444
18.64608
504.42557
2704.3777
0.0
0.0
1198.3525
2380.312
4748.7515
10728.641
10397.932
0.0
16177.361
4053.4817
3730.0247
9157.85
29.653568
1210.8629
0.0
838.5891
2204.0864
423.51944
8471.458
3580.2769
4372.1235
0.0
6701.0107
13244.607
8114.915
6682.1753
7582.1567
95.145195
5142.3096
507.40515
16192.764
3784.947
16186.062
0.0
373.6047
5406.207
5589.281
0.0
549.62585
0.0
4218.582
364.71042
13070.233
23.252838
49.335945
12195.965
117.79259
16.2632
5007.3545
0.0
3897.8574
0.0
7452.6973
0.0
8101.4243
2225.0613
1818.0918
7622.8633
6462.5234
1461.3507
0.0
11830.493
31.567444
809.3567
9183.405
4070.3555
0.0
0.0
0.0
1915.2188
0.0
2283.979
576.6272
11375.6045
52.563232
0.0
3731.8438
2529.1455
0.0
27.94973
0.0
2283.5457
4648.0654
1855.6455
2852.1685
5554.6953
12.85738
101.42807
0.0
2479.305
5723.4297
0.0
28.370419
0.0
38.074577
0.0
52.88279
3253.2646
8142.46
16168.629
1115.0713
2444.4697
449.83807
3956.9636
5939.12
0.0
3991.1482
1825.4579
2660.4336
10045.207
1023.8207
0.0
0.0
2805.604
0.0
0.0
0.0
4131.05
1590.2836
5522.519
10961.55
3490.1406
0.0
1052.5822
70.56159
2717.913
0.0
0.0
6606.035
12520.288
633.6189
2485.1252
2126.2827
2584.2534
0.0
5442.4995
5512.8794
89.197
4417.269
4509.304
0.0
0.0
66.82105
2766.9863
6505.045
2843.517
51.62677
0.0
0.0
0.0
4167.0747
3649.773
24.837688
343.312
2740.9302
10346.662
0.0
6657.3916
9362.568
0.0
0.0
0.0
3101.2896
1270.2468
0.0
40.713448
23.824623
8365.18
5246.646
0.0
1939.6799
0.0
0.0
0.0
5253.479
4873.8335
1097.9338
16195.301
0.0
0.0
5660.3594
1108.2336
3935.2363
0.0
3691.7874
79.8948
1736.458
0.0
4216.7656
0.0
8505.953
0.0
5660.441
0.0
774.33923
0.0
7210.6606
3755.9297
8965.794
7910.099
509.2066
6027.573
1601.2963
4646.6147
0.0
4314.5093
0.0
8388.373
1567.2136
13436.984
0.0
3107.581
0.0
118.78015
1775.9257
4090.3608
818.83875
3631.1445
8280.324
0.0
4104.368
0.0
6.2978716
3610.8152
5158.214
0.0
0.0
32.0898
12.642782
6718.6943
0.0
9547.053
4132.316
0.0
0.0
16174.012
10000.943
3702.8528
6751.9873
0.0
8.486935
4343.982
0.0
678.9649
3526.376
54.812782
688.03345
1347.0215
1708.736
2689.1248
0.0
0.0
5109.4355
13.245031
0.0
10226.393
0.0
5450.675
7406.263
16180.652
7496.5576
0.0
3656.894
8239.188
6949.0796
0.0
0.0
208.3143
13812.612
0.0
1719.6282
16187.34
3575.8499
28.845104
1822.4761
5117.9087
8191.1006
0.0
2079.4883
3243.4126
0.0
1286.1675
0.0
0.0
4081.409
0.0
5287.4634
0.0
5553.7017
0.0
5122.081
858.4127
705.90454
0.0
4546.6787
147.07623
535.48236
3575.272
60.20826
27.624233
2738.1545
16192.563
1654.9926
93.78078
0.0
1462.974
0.0
0.0
0.0
1448.5161
5433.583
2778.3032
6207.947
0.0
16166.725
0.0
0.0
7997.8735
820.70496
938.3894
8149.247
0.0
6433.9414
0.0
8221.312
5972.323
0.0
0.0
5427.553
0.0
28.828814
0.0
3570.6006
0.0
1765.7444
558.8228
0.0
0.0
18.043919
0.0
0.0
1247.3008
14215.865
0.0
5497.5127
8034.4385
6449.7188
2742.0093
0.0
6786.728
5557.4595
9635.861
2063.3662
6317.9087
0.0
0.0
16189.705
0.0
3024.0178
33.59002
4198.9487
0.0
1688.3137
6001.6357
0.0
1589.4539
2381.7139
3664.148
5772.627
1295.8088
0.0
66.61023
5099.95
0.0
48.476032
309.32935
26.066647
0.0
0.0
12254.506
3.2450018
2772.6143
6556.5454
8122.945
0.0
864.3865
0.0
192.558
18.788368
4514.3286
0.0
81.010155
0.0
0.0
7649.756
1583.7538
0.0
335.3496
2898.617
2532.985
2391.5571
7373.874
7436.498
14970.038
1852.6072
5122.1357
4459.659
6305.8076
0.0
0.0
5748.2344
3807.7134
9239.346
0.0
0.0
7708.6206
4436.8237
8016.4717
1775.7184
6671.1816
0.0
1905.001
0.0
887.07104
5962.455
4273.1016
1662.7078
2595.2659
96.4425
4572.548
0.0
0.0
0.0
1064.491
1786.7665
1161.2502
4667.5244
42.35921
4685.779
5557.743
15776.158
20.270576
3.4699686
3581.4495
1634.8306
3589.8652
9375.97
1948.8757
1212.3169
0.0
4836.2925
9242.046
4359.0
0.0
7294.8813
13587.068
0.0
1581.6729
0.0
1659.8639
2980.4077
4711.47
4171.4727
3076.4097
80.21401
7188.5117
2712.5461
4485.754
0.0
0.0
473.25397
8791.783
7822.646
5328.253
38.90442
7035.672
3026.2754
33.784832
4352.2466
0.0
0.0
0.0
0.0
0.0
7772.683
16184.925
6940.773
5051.8286
5805.3984
27.14959
16165.893
4602.175
9486.793
8167.1143
5294.478
2373.5098
11175.257
0.0
0.0
6.4163666
2869.6074
35.288086
4899.0635
0.0
8664.073
49.252117
5426.1567
881.04285
14022.0
0.0
6260.847
5014.593
8.464096
58.31905
0.0
6775.4517
2885.8972
3577.2988
75.418045
0.0
2623.3318
2218.3728
0.0
8979.934
115.091644
878.64136
9726.478
2602.5234
69.55832
11629.922
1816.7075
4860.765
1116.4231
4111.069
10853.261
5822.2407
0.0
0.0
5533.257
9401.398
34.18726
0.0
0.0
0.0
2918.8376
0.0
8765.034
7018.106
2983.291
30.094738
2894.6501
8552.941
0.0
0.0
0.0
2972.437
44.297985
0.0
0.0
2002.0072
13552.588
849.01697
5800.083
4201.968
32.86142
4761.943
5724.357
0.0
14261.738
3726.102
919.3095
1797.0989
5067.5156
4301.72
1634.9746
32.27757
10208.996
5916.4277
0.0
4655.1387
1338.9801
2207.615
0.0
6170.67
5723.8213
9.909924
2118.3218
1742.2397
676.28394
33.75968
6081.9053
0.0
7577.087
2859.2327
0.0
0.0
940.5133
0.0
2938.5608
0.0
34.618107
7285.955
0.0
5789.439
0.0
157.01546
0.0
1789.2878
0.0
0.0
6725.708
7625.666
4649.7554
4708.795
0.0
2051.0999
52.536987
41.184864
1737.4161
12799.699
6118.432
0.0
7859.6826
4354.9897
4929.536
0.0
0.0
9880.254
16166.484
5037.1885
8.540741
0.0
3716.1404
3723.8901
0.0
2237.4363
0.0
2185.4229
8481.004
0.0
16194.417
0.0
5101.4727
0.0
5354.0244
68.290695
0.0
1257.6527
0.0
0.0
0.0
3835.3784
324.15173
6940.8267
4831.6143
7012.133
0.0
205.78513
6963.084
2159.4434
0.0
13.530834
5751.048
0.0
8306.887
5205.1074
2073.7937
25.55303
7262.4717
0.0
5983.666
33.578495
3320.3594
0.0
5622.032
1177.5499
4583.788
7858.199
5254.0244
0.0
67.888084
1386.0953
11373.923
0.0
9037.346
4254.7925
0.0
2644.704
841.09674
1352.8081
0.0
44.889328
1068.1893
3771.7476
0.0
3518.796
1009.8925
4557.7705
0.0
2462.606
0.0
4559.5435
2395.19
329.86218
0.0
57.19628
8656.401
10951.307
16175.418
83.9794
1103.8665
388.19025
9454.072
6042.548
0.0
219.00642
0.0
2388.2336
50.422615
3184.8167
5823.323
0.0
6913.5825
2961.1306
2107.4783
0.0
3975.7703
0.0
9799.596
0.0
2553.7314
6608.454
1327.5137
0.0
2641.1284
48.14052
1315.161
0.0
35.6227
3731.2698
3177.3872
16183.27
1596.6882
11069.329
28.715197
1756.6431
7967.882
3455.9502
7535.483
0.0
1274.7234
0.0
0.0
4625.0723
5707.143
496.20892
24.970102
621.01636
0.0
3046.441
13793.374
4209.12
0.0
66.61799
5097.234
0.0
9268.379
2411.0999
0.0
4664.918
72.563896
8478.344
16194.617
2646.3496
5656.7573
7796.7637
0.0
87.3203
5476.404
8403.474
0.0
10311.324
0.0
0.0
2559.3252
47.52544
0.0
5933.416
0.0
704.0198
0.0
446.79984
0.0
0.0
0.0
0.0
0.0
0.0
0.0
0.0
0.0
7106.1323
3325.5107
713.26434
7973.874
23.360582
3839.869
0.0
12953.762
0.0
0.0
14738.219
13795.378
652.22986
3323.9258
0.0
0.0
6586.424
6154.7495
0.0
85.6113
0.0
724.39417
1843.0508
3386.1018
4742.7324
2473.1567
29.330862
53.82219
0.0
60.173637
0.0
0.0
14.198878
67.10639
16178.41
0.0
1858.0984
5125.2686
5134.0996
2151.9387
0.0
7513.2705
8330.691
0.0
0.0
5323.546
4088.5103
1903.5151
3644.7964
0.0
35.98369
4144.4727
0.0
0.0
0.0
8486.951
7341.8613
69.006195
2696.5496
3097.6733
6910.9395
57.976463
3124.3677
15009.878
46.701454
1942.3314
5015.475
4613.5107
5986.2954
29.243273
2859.4482
5005.3125
347.8567
0.0
5439.8403
1008.4935
7263.3564
0.0
61.73285
618.42175
1287.7919
5483.8027
8286.343
0.0
0.0
14901.639
35.964287
4547.589
8047.908
3562.041
4341.5205
0.0
66.36348
10050.936
4397.003
661.0483
5559.299
1096.6941
0.0
0.0
0.0
7296.2334
43.473625
65.15313
4812.7144
7551.511
2842.3164
9.211645
2265.958
24.99983
7499.29
2017.7454
1496.5023
7110.2227
7249.063
10401.293
51.05575
0.0
9.618051
7555.746
64.187546
28.016857
2923.5269
5987.553
0.0
3903.4949
80.63963
2368.1147
0.0
0.0
7224.742
8489.828
12912.953
0.0
390.93335
7857.749
0.0
1245.9597
16178.342
1957.5134
0.0
7559.452
5723.5923
34.781387
5.998584
0.0
13415.182
7190.3013
7090.6133
0.0
0.0
111.46801
0.0
1151.7576
34.05782
73.07149
162.45412
1061.8695
0.0
4906.4175
781.3215
16156.784
1281.0914
1688.6432
7997.0527
41.021946
6671.6504
8410.913
308.73727
0.0
1011.6881
5840.7427
94.216415
48.36103
6776.1274
14493.264
7049.453
4216.7827
7392.1846
0.0
38.735073
7713.21
1657.5803
7084.591
0.0
0.0
0.0
0.0
0.0
2582.6992
5073.5786
0.0
3112.9863
3312.1929
0.0
6301.2134
1750.2622
7787.8584
5385.752
16196.106
0.0
61.46855
2087.6406
59.22214
3582.684
844.4358
63.278145
0.0
196.31433
12355.27
0.0
8011.6465
0.0
1209.4178
2452.1785
772.7416
0.0
7.8054495
24.13224
0.0
13.044245
3034.684
423.0867
5846.3467
5138.9507
6377.4673
2815.586
0.0
5885.127
54.30344
0.0
4227.5635
4442.0186
0.0
1367.5723
9426.864
0.0
32.723034
2771.708
0.0
50.38766
440.53052
10825.187
0.0
11397.727
1257.2437
1205.4161
4724.094
10369.683
1659.094
0.0
0.0
5311.2993
0.0
7326.6064
3472.8008
16170.994
2856.2798
7828.39
2288.9102
29.886639
22.697718
8081.8413
3698.686
1799.947
0.0
0.0
981.89404
1600.5911
0.0
0.0
12021.369
0.0
0.0
0.0
0.0
4625.886
1792.8674
53.10671
32.732864
916.9163
16196.561
1818.6381
0.0
1213.1332
1503.1865
9029.885
5199.675
30.729916
2403.0205
5865.4136
5580.624
4265.634
4847.292
11.926918
18.125935
2195.952
0.0
101.418755
0.0
44.11906
0.0
2096.4119
5426.2314
2622.5417
1351.7444
0.0
3790.5781
44.27812
877.5575
9505.084
11137.611
1638.4421
13201.582
0.0
7010.1025
2587.4814
1547.5127
0.0
0.0
67.0213
3635.709
0.0
1667.1445
2068.8696
5917.5527
3981.203
5007.107
12832.921
4001.268
3611.2246
1909.3275
624.6444
0.0
3593.231
5123.6553
0.0
4610.9766
6753.7285
0.0
6746.915
5778.454
7829.2905
41.670403
37.15519
0.0
1482.2345
6946.4736
0.0
13963.961
5575.677
0.0
16195.6875
5434.9727
16179.591
0.0
120.66977
139.34595
3011.4453
0.0
0.0
0.0
4.455878
0.0
0.0
15115.094
2565.651
7411.3345
2715.625
0.0
6407.7554
10701.182
16175.859
6769.255
6200.2275
6087.54
4127.463
2106.0688
8079.1714
0.0
1436.3579
5508.7915
11098.921
4314.0107
523.7629
3674.3208
0.0
7107.26
0.0
6545.4175
16174.328
6561.807
0.0
4965.585
44.656647
1149.1736
235.87091
3797.6003
6225.867
0.0
69.53103
4317.1226
34.80165
5389.4385
377.85596
0.0
12629.434
31.960358
0.0
75.70694
2.969685
617.1085
135.38513
3477.5195
4636.65
0.0
0.0
8203.255
0.0
3102.9426
6563.0728
45.80769
0.0
4147.416
978.5398
67.68125
298.09393
8774.571
10056.624
0.0
5029.332
0.0
0.0
0.0
9881.079
1518.4293
719.9905
0.0
1817.5813
0.0
0.0
23.757717
6576.485
14151.402
6181.26
0.0
1239.8594
0.0
0.0
3881.1458
0.0
0.0
9745.21
674.50146
4172.0312
0.0
68.97761
1212.0083
0.0
2770.528
86.31407
111.56871
0.0
3783.9763
0.0
0.0
3201.4536
0.0
0.0
0.0
0.0
4215.9453
5004.991
43.081722
6218.16
4555.6216
0.0
8462.961
2168.3987
12503.978
3456.5942
2867.52
5485.174
4.7730436
893.8652
0.0
744.89655
8763.892
101.41152
2082.0278
51.035095
90.99716
0.0
4947.7856
1241.6865
13051.799
0.0
3504.5103
14729.279
1215.6005
62.48484
0.0
54.305466
8033.0117
11310.199
0.0
4226.383
455.2998
0.0
0.0
0.0
3694.317
4532.363
468.5998
0.0
11199.829
2357.452
1851.6188
417.2838
4289.2734
4071.6802
4125.5874
2461.7188
1552.895
1630.266
0.0
93.72131
0.0
4173.926
4138.499
4673.1523
0.0
0.0
67.71351
80.59121
14015.443
0.0
51.831608
1922.9995
3224.6577
0.0
0.0
0.0
8483.731
4514.1875
2860.4927
0.0
0.0
0.0
3616.03
7759.3965
2019.0168
7421.5547
93.11911
13503.982
0.0
5283.6616
0.0
0.0
10198.433
3997.4668
1758.0349
4707.1235
53.251324
3477.2983
93.28997
4290.0747
0.0
6464.0635
2514.8765
0.0
0.0
4132.1416
4156.1694
0.0
3480.0747
11501.652
25.143463
241.07413
133.71938
0.0
1296.0629
3687.254
88.767075
7598.1465
456.18134
2011.9496
48.281097
5262.345
5733.3647
0.0
5339.272
0.0
3500.7983
7212.4062
0.0
67.42206
6276.6333
2758.8347
1535.7512
106.14177
13658.379
16180.224
3412.7336
0.0
1615.8916
14385.672
2714.387
2269.0918
5507.5786
0.0
0.0
542.40967
772.24817
16175.775
5478.361
0.0
22.432379
556.53705
2295.8809
8373.656
7843.6396
0.0
16192.167
7219.589
79.6823
0.0
38.34549
445.80237
11399.061
10757.117
979.83777
1894.0206
14346.09
0.0
1599.8282
0.0
0.0
0.0
0.0
1822.2307
13880.563
2592.654
2889.2717
0.0
0.0
6569.232
93.16411
6003.7773
12886.503
2722.6367
0.0
6895.846
2636.0022
1484.6157
8755.035
5977.2993
3068.914
5689.0835
59.61207
0.0
7262.826
10209.449
16170.137
1874.7517
0.0
11761.69
0.0
0.0
6292.158
0.0
1468.6714
14126.43
8075.236
0.0
15.936893
2059.3508
110.158844
0.0
21.53929
11542.639
16171.059
16179.797
2414.274
2502.7495
9335.098
0.0
7493.4307
0.0
2868.4053
0.0
0.0
3163.585
7029.66
0.0
2370.2957
5585.6763
1311.2888
47.94565
1528.8826
9483.137
7938.5127
3307.809
0.0
11294.479
2124.5488
10126.197
6420.8965
21.718204
0.0
46.048687
8209.67
8963.769
9733.294
11765.856
30.321106
49.322678
19.77351
3146.149
2965.4883
8897.739
7838.157
10683.346
11141.721
2086.0908
6582.6396
3360.9197
7580.7153
3532.9292
3401.0244
1943.8777
16174.904
1640.1443
4851.3945
0.0
980.90137
0.0
0.0
9080.586
4309.1606
0.0
77.13852
7666.9424
2911.1787
2956.98
0.0
0.0
3051.958
3845.8184
24.683979
6602.924
3105.952
4112.8135
0.0
4125.107
2198.1938
8091.8047
9540.107
70.531
0.0
3778.8623
5316.668
0.0
0.0
0.0
0.0
16192.988
0.0
0.0
9647.448
3725.164
93.4486
3193.2126
16180.1
10448.189
23.301163
0.0
16181.162
3041.663
9539.722
778.2849
5657.265
4383.056
0.0
5890.5454
3796.791
0.0
738.0947
2430.8306
0.0
1850.7576
6157.585
2252.986
0.0
4063.4023
0.0
5059.8975
0.0
0.0
0.0
38.678318
10174.32
0.0
34.818123
4286.3965
6309.3994
0.0
0.0
0.0
0.0
3553.4648
0.0
12702.381
0.0
0.0
0.0
2495.2358
2516.4045
12942.49
5478.5996
5771.633
2561.243
2911.0913
7781.873
3604.9434
2992.029
10286.979
1109.5386
0.0
2399.5493
5128.995
0.0
4.5362077
5041.038
14894.356
16182.154
6289.9917
7211.2017
3515.2876
0.0
11047.768
0.0
12057.949
6408.6914
422.57843
0.0
6928.79
4447.023
1199.4498
0.0
3751.8022
0.0
10287.271
2393.3706
74.10818
0.0
4053.75
3387.0947
7222.706
0.0
0.0
0.0
0.0
26.002481
8031.7236
6.0392594
0.0
0.0
4844.016
5294.862
2627.7183
7031.202
5232.084
5469.834
4462.843
0.0
3835.7114
284.70663
0.0
1788.3928
15110.854
1504.595
0.0
2982.0498
332.9069
7705.824
2294.4543
4563.949
0.0
7723.0977
0.0
13408.271
1223.2568
16180.521
0.0
8098.0547
244.32318
3431.3179
0.0
11758.52
455.3805
0.0
2442.7095
0.0
23.864685
1338.0117
6266.8467
0.0
1689.1074
0.0
0.0
0.0
0.0
240.13551
0.0
593.06067
5237.921
1516.2505
6998.4287
0.0
322.50296
179.49176
1957.97
9438.635
0.0
0.0
0.0
4723.085
6944.9004
1151.2792
7876.741
29.167854
7726.038
1281.9243
0.0
0.0
0.0
13577.616
7292.459
3362.5107
0.0
0.0
7997.825
5737.3975
3247.8008
3464.8164
0.0
5315.3555
40.646797
0.0
0.0
685.31323
4082.5928
0.0
1763.0507
1745.854
9243.761
0.0
8770.898
0.0
1459.7068
5299.0576
13517.051
6774.242
3260.7131
0.0
15.251238
0.0
172.30118
0.0
6309.285
7269.755
0.0
3281.647
387.90317
0.0
5390.5312
14857.109
30.835773
3146.3262
8615.635
749.4249
88.80543
1004.324
492.66486
5038.4062
0.0
7.5965014
0.0
5502.9966
12755.826
30.54915
0.0
5188.76
16191.807
0.0
0.0
7078.5527
42.12507
1688.7328
0.0
4120.6396
4129.124
0.0
639.66095
2466.6462
0.0
19.659056
1885.7743
0.0
0.0
2354.57
581.8194
372.7884
55.919796
0.0
0.0
604.24817
14122.16
14117.01
2271.735
7491.792
4132.1895
129.30888
7875.0273
8803.351
10305.139
0.0
8027.7144
4441.836
8.01689
149.9044
8499.795
0.0
3553.5278
3286.4155
3776.982
0.0
3346.3706
12.119961
7518.791
0.0
4767.083
1034.9987
5784.064
3339.5728
0.0
2239.2117
0.0
7376.62
3205.4788
10468.111
7037.4487
8238.977
0.0
0.0
2586.6777
922.443
9293.45
27.306046
7983.046
0.0
0.0
0.0
12356.75
0.0
0.0
0.0
3721.5088
0.0
36.66223
2216.383
0.0
8840.93
0.0
27.790665
3625.1
3953.75
13121.928
3732.4067
6982.793
0.0
6035.124
2332.5654
4840.1377
5492.5283
9305.873
115.95784
6956.7466
68.38562
65.01
2781.8276
13270.865
0.0
5644.0684
10601.999
5023.117
31.487915
2134.2285
18.165611
373.54187
0.0
1360.6602
8839.346
16157.468
4106.277
24.281086
11543.23
1356.1445
0.0
128.90643
1124.4988
8830.007
4307.8936
0.0
0.0
0.0
0.0
1937.5787
0.0
7566.3647
6795.4395
5989.0005
8991.315
0.0
0.0
6728.3345
9123.08
0.0
0.0
21.45442
1692.0789
0.0
0.0
16160.801
434.90695
10109.116
5190.595
0.0
444.48727
24.845669
0.0
46.227142
2843.6118
3859.2354
6469.674
1721.2495
75.9463
3649.8652
16177.959
5820.1387
3400.0393
0.0
0.0
8421.072
5816.288
11.9361315
10051.881
6122.538
14429.559
0.0
44.284363
417.34113
6677.9004
0.0
5549.3696
8537.1875
3310.1343
16188.217
2809.4355
2225.391
9469.732
7.5572963
5522.065
8444.246
0.0
3790.64
13579.718
11189.06
3448.8032
7032.243
2055.4507
6800.3467
3975.2705
9349.942
7576.6616
2331.9663
8092.6543
119.31499
2434.8394
155.04341
11445.033
0.0
1541.2612
4593.211
3737.3015
0.0
2311.9497
0.0
930.44916
20.101063
0.0
1765.7598
0.0
13906.754
27.41085
3356.9575
80.85952
1742.999
0.0
7033.2974
8177.162
55.437126
8625.001
5087.4136
83.52002
0.0
6127.7793
1297.3955
1964.6842
37.30301
436.2626
12329.203
8168.4053
0.0
6777.1216
4817.71
4990.06
2022.2461
0.0
179.09134
5795.992
0.0
0.0
2191.9702
0.0
39.58629
943.87897
0.0
6909.2437
6159.598
0.0
5830.7603
3511.026
4073.7397
0.0
1610.1042
0.0
7042.743
3958.3843
4109.354
0.0
0.0
0.0
0.0
1627.2606
0.0
0.0
1994.588
0.0
0.0
0.0
35.084435
5486.4863
3215.6382
4955.8174
9040.859
3934.0288
1782.8843
0.0
11037.32
10418.009
36.680794
8981.135
1048.801
148.74603
16175.258
1965.681
0.0
5175.4487
0.0
1088.0106
6040.1895
0.0
2679.4795
7884.497
0.0
4896.6533
83.058235
0.0
3130.743
2876.9768
0.0
3971.1438
23.395493
0.0
0.0
9232.51
0.0
3.483286
3046.6467
4680.3604
7619.505
123.871475
0.0
1388.4408
8266.829
0.0
0.0
3848.2925
2387.0872
6583.631
2871.377
35.54557
6172.963
0.0
634.33704
12507.349
1144.8928
0.0
2141.4255
0.0
5192.014
4974.1143
29.969158
0.0
3313.5247
10950.445
0.0
3373.7808
0.0
3360.3994
2410.9312
4622.2524
0.0
0.0
15.062637
2076.2373
42.55155
0.0
2967.1099
1433.2212
0.0
4326.0864
2025.5662
4822.4565
2515.497
0.0
5498.6133
11327.891
52.210014
0.0
11.446258
16186.447
2222.9902
0.0
4882.4346
948.09717
34.744576
0.0
0.0
69.38437
3052.9868
14865.09
2585.8174
0.0
0.0
2559.8687
0.0
3277.0142
7040.8457
2621.5715
446.13226
4990.209
0.0
47.364998
10110.139
7708.1055
869.3353
0.0
2556.1387
16161.241
3943.051
0.0
0.0
0.0
5858.9272
30.915443
2837.013
0.0
0.0
2419.5977
0.0
0.0
8972.959
1111.8994
5064.8296
26.931797
16184.796
0.0
0.0
0.0
0.0
25.743315
60.70247
0.0
5128.7485
7566.4277
1162.7559
5064.435
16164.965
0.0
0.0
0.0
16178.789
3220.628
6393.954
0.0
2992.3748
16184.465
0.0
6740.3735
0.0
0.0
5856.62
31.196117
1624.7219
2143.6355
0.0
0.0
943.7747
3577.9167
5255.296
1464.4133
609.89526
29.606438
0.0
1907.6145
0.0
4193.3774
6179.694
1667.9823
0.0
5892.4746
8508.024
5080.2344
4304.0117
13537.229
1521.6223
0.0
1419.0056
11763.217
0.0
0.0
0.0
668.5174
0.0
2029.3616
0.0
0.0
16200.244
3.3107574
7778.3374
8728.673
1895.1228
23.544098
0.0
0.0
2799.5151
44.90669
0.0
0.0
50.926582
1024.9197
0.0
0.0
1444.3987
4335.013
4942.4707
6983.3916
0.0
1042.5914
0.0
0.0
62.97799
987.29724
16189.352
34.479256
1216.041
3287.349
0.0
5418.6533
27.43769
4561.445
0.0
240.77902
6939.7783
5136.659
3627.5781
62.48197
433.05307
1274.3658
6543.6436
43.81349
9495.678
4498.4634
2968.3892
53.676666
0.0
0.0
421.09637
32.61993
2536.5781
0.0
0.0
123.66865
0.0
3854.126
1944.982
0.0
49.943996
16179.967
2659.6477
0.0
4477.0356
0.92650104
0.0
0.0
2093.2415
15622.874
8092.0312
0.0
530.9155
4053.5144
0.0
0.0
0.0
0.0
16176.432
0.0
6072.421
1106.4326
8228.992
5141.9604
113.714584
4006.833
1602.2834
2865.5322
45.217335
0.0
0.0
2811.0732
14038.693
5503.58
357.58615
5583.906
13029.681
4118.3647
3109.901
0.0
116.06795
0.0
4060.6035
75.38654
0.0
2529.5886
55.716656
1026.374
4766.4766
0.0
5841.136
0.0
4398.629
0.0
33.038147
16162.426
38.845844
16179.937
0.0
16184.137
10667.154
4230.5728
3790.288
3119.5693
12590.275
11320.342
2453.407
0.0
3043.608
3639.6992
0.0
2902.7786
1061.6753
5013.1787
0.0
4187.0796
0.0
4443.259
905.85095
3364.455
2066.3264
20.835392
7992.6143
5071.883
10038.8545
1460.2065
2394.392
0.0
0.0
0.0
9041.795
0.0
3.8175318
5439.987
0.0
3370.1333
35.036335
0.0
3591.183
3118.1785
4073.1924
2152.9592
4606.727
3290.8154
4040.9426
0.0
0.0
0.0
954.24866
0.0
63.812996
9741.726
0.0
6317.415
0.0
0.0
4516.866
0.0
229.83633
47.97331
0.0
0.0
5866.5234
10363.39
1836.4194
76.072266
0.0
1463.083
0.0
11204.723
5550.997
0.0
5959.688
22.822527
0.0
0.0
0.0
2791.2024
16167.881
0.0
6251.6187
0.0
7279.358
6889.805
1534.6622
3119.2534
0.0
6905.49
3473.288
2859.4536
547.70715
0.0
6200.9463
16193.965
4964.979
1414.1505
9700.56
4.972446
22.19259
40.97528
2270.4663
5839.191
0.0
7711.96
126.477745
41.849613
10462.12
8132.2783
2824.4077
8828.422
0.0
6118.3726
7989.123
52.027122
7759.07
1384.7699
0.0
3594.0625
3308.3213
7905.7266
7771.873
9051.434
2653.023
4494.367
3015.4575
44.84217
30.245998
3795.9185
0.0
47.648674
65.77825
5029.517
0.0
3771.8677
0.0
6186.7725
9602.76
6177.5864
245.56917
794.9442
0.0
16174.912
0.0
2453.6128
0.0
2633.096
3418.5962
2198.334
13617.235
0.0
0.0
1025.7683
30.219826
5689.0303
45.873013
11599.323
963.2302
9561.592
27.532984
0.0
24.947548
12106.689
2035.1967
2573.1575
14445.463
0.0
7239.6284
32.62567
2145.9297
1052.572
0.0
6845.579
0.0
6833.926
0.0
1931.1066
0.0
2657.7776
4248.5537
5846.742
0.0
35.858932
6811.294
3959.5361
17.02114
3253.1157
43.405083
0.0
7144.092
8588.426
1665.7532
0.0
2850.3508
0.0
3244.2456
7200.5576
3761.3638
3625.796
80.84456
41.80458
8986.366
0.0
4728.8477
5485.3643
2534.3774
5181.9385
4207.5513
44.631233
10825.784
16162.564
1840.9753
26.65243
6070.6724
1036.2102
3578.3843
3585.0132
0.0
5269.7812
2969.8652
621.6632
1201.7354
0.0
5277.2734
3347.7021
0.0
6888.7617
8389.511
9582.385
0.0
8130.7104
5612.7876
16186.015
16096.551
0.0
3374.8823
4133.419
3417.489
1825.7428
57.354897
1937.1143
3427.8823
0.0
2917.1106
7752.5283
0.0
11465.953
4291.1133
1380.5815
8495.97
6492.247
7143.5376
4224.4062
0.0
20.075298
86.389084
6492.3804
4208.167
2810.4248
703.2606
1782.386
1781.2006
4066.05
5595.0884
15669.9795
0.0
3769.547
6343.0747
6162.2627
0.0
0.0
72.5384
1334.861
3347.3032
0.0
4797.5366
86.514694
5499.008
9215.858
8612.275
2001.2488
1039.4768
2869.666
1340.1609
0.0
16193.0
0.0
43.749718
0.0
0.0
109.063446
4719.7207
0.0
126.533005
3731.46
13221.827
2446.4973
0.0
0.0
1725.626
0.0
23.298164
0.0
16187.892
5265.966
2896.1345
5119.336
5832.104
11690.852
5796.466
78.65108
6272.852
1432.3811
5486.804
8808.9795
0.0
6057.4873
0.0
67.27985
16116.623
22.603968
11.135242
76.58092
31.604929
2259.8867
872.96655
1494.6018
8101.445
5370.1655
2564.5547
87.45349
0.0
0.0
0.0
0.0
16188.5205
0.0
5082.806
0.0
2227.3328
5327.0986
1808.7291
0.0
45.27762
2072.655
2176.1226
1893.7218
94.55684
6477.968
0.0
0.0
3503.4956
7914.709
137.0055
2335.1406
0.0
3769.9321
3967.1123
0.0
64.93058
0.0
3213.5737
56.824783
0.0
613.46716
2236.8608
2338.5527
0.0
14362.836
0.0
0.0
0.0
4482.6523
75.88855
25.234367
7002.9854
26.59265
4639.375
0.0
12036.996
4567.764
6400.0586
16168.072
5466.951
0.0
89.8679
93.95037
2411.421
0.0
0.0
6013.5557
0.0
4329.8774
0.0
1795.9497
0.0
7011.1597
0.0
0.0
0.0
2414.8643
0.0
4216.4546
0.0
1087.3247
134.11662
31.744959
11501.124
23.223667
1087.9868
4570.251
8951.799
4175.015
30.331812
207.09035
2857.0798
12898.771
77.03261
1357.7125
4249.3022
4867.304
0.0
0.0
2043.4863
8776.586
13906.004
0.0
7503.5977
12527.018
5336.9727
3677.269
3634.527
3419.2302
6982.0107
0.0
0.0
89.84673
4262.0283
0.0
4026.2622
0.0
3791.3198
3189.1074
328.6322
7110.9277
3109.4219
6875.6055
132.06168
8692.288
8040.8027
0.0
1942.0795
2279.3408
0.0
2642.8228
7329.5
1424.3167
4357.459
0.0
7236.9995
4888.18
1929.3923
8331.38
5509.8125
7327.4746
9970.033
2169.9282
4233.042
0.0
0.0
11204.701
16168.756
16174.583
0.0
5134.9185
4361.939
1603.7437
0.0
20.117605
808.3916
0.0
5317.36
1878.3635
2.0266511
3549.022
16164.498
15587.006
3504.4458
0.0
82.49685
2304.5547
0.0
0.0
2709.0073
1850.3477
4161.3257
5529.2637
392.94666
0.0
840.70807
3103.7446
0.0
5370.713
2163.1865
3734.0125
0.0
1716.5322
2873.9624
0.0
0.0
25.645483
2410.2612
113.53772
3036.1194
3076.6467
2216.266
6925.8228
0.0
1295.0778
6434.662
0.0
0.0
4912.497
0.0
13827.063
1105.9858
4116.314
0.0
58.306316
3187.8127
4168.4395
0.0
16173.283
28.052238
8478.977
6734.6655
1.6510463
2028.8315
0.0
6058.3994
4502.6855
8546.844
8660.988
475.29883
139.34123
62.89103
0.0
728.5359
16199.299
3767.7512
7165.9414
7740.5625
8299.625
76.90076
35.415737
82.375946
2622.1572
0.0
2576.0933
4784.028
0.0
5480.5996
0.0
0.0
4216.213
0.0
10619.445
2059.6846
1416.3826
1787.116
925.8882
0.0
0.0
1201.5403
0.0
2948.7554
4448.2817
12123.147
10456.877
1403.8333
4139.002
1627.2799
1901.6782
0.0
0.0
394.85486
1188.3546
2291.9685
13409.956
4215.008
7678.4844
7875.8965
3131.6897
2710.6226
4240.443
1651.9702
908.5663
0.0
12530.678
0.0
4011.2405
9692.286
7605.8794
1388.6008
0.0
0.0
0.0
3382.5771
33.39263
701.8313
28.827011
5028.234
39.157997
0.0
107.21297
4228.3335
43.232494
1204.4542
3021.4592
0.0
523.88617
9826.382
26.174957
0.0
0.0
257.80597
20.278
3711.4204
0.0
13.274748
3268.937
0.0
0.0
0.0
11966.3125
0.0
4094.0051
0.0
4009.7373
3515.2666
0.0
2140.046
3561.0383
0.0
0.0
0.0
3058.7126
0.0
0.0
0.0
6083.211
6143.4497
6834.0586
0.0
0.0
1793.714
0.0
2978.68
39.321476
1927.6597
0.0
6977.904
9161.463
9426.945
4118.856
48.802177
0.0
13990.95
3035.22
1390.5558
271.4497
33.54998
16148.784
0.0
8328.686
7257.8364
13876.637
0.0
8431.865
0.0
0.0
3665.849
11002.232
5612.2573
0.0
3793.8345
1713.3933
5287.453
0.0
6.6686053
170.52386
16181.272
27.62118
4530.1953
4254.924
0.0
70.38368
1927.0588
0.0
4203.978
10418.3545
3166.8804
442.4118
1070.2263
0.0
7792.5073
43.578075
0.0
6846.2803
6995.378
80.99003
8956.6045
13319.633
0.0
1631.2297
6501.973
4653.124
9393.034
1955.8645
0.0
0.0
0.0
8495.412
13256.291
3013.0845
15618.398
8584.725
532.852
0.0
11705.703
2900.8745
3383.7349
92.656815
4460.7993
0.0
765.98694
23.596851
5928.0225
4236.9185
5424.722
16168.109
2087.108
3459.171
3111.9817
3740.1172
0.0
0.0
0.0
5325.6304
5019.423
10083.597
0.0
7553.286
4603.795
4864.971
3.144483
0.0
0.0
16183.603
2104.5457
0.0
6016.2617
0.0
12721.705
5601.828
2355.9875
6651.2227
23.788363
28.651894
11247.109
0.0
10173.098
16180.293
0.0
16119.286
1130.783
0.0
16123.033
1389.0955
16189.731
5343.293
0.0
7311.411
0.0
12193.936
1849.7324
1.772219
0.0
6777.3867
29.272942
30.913237
3664.167
3124.1094
5135.4463
0.0
1210.525
44.703247
0.0
16178.127
0.0
15.167402
0.0
3203.372
73.80552
0.0
2361.9988
1855.0232
2693.3376
5765.3604
5206.5146
7808.911
9124.079
0.0
0.0
5315.838
3289.5293
0.0
5375.6333
0.0
24.427229
0.0
1812.3801
2244.1252
0.0
2958.5369
6001.046
16167.627
94.26355
982.0316
907.74603
1262.204
6000.1104
3107.7927
775.1746
0.0
2140.867
7457.186
6211.5107
2169.2666
2089.493
2312.4773
0.0
0.0
3392.042
4309.0615
16184.426
0.0
0.0
963.402
74.98051
5327.563
2177.5708
2285.636
0.0
0.0
16184.715
822.44763
15691.652
4115.7554
5810.295
11391.523
257.92667
34.040886
2385.1138
29.825771
4191.5425
975.6892
8414.467
3413.0122
16195.393
8357.15
4615.59
5499.186
0.0
6741.4663
3478.1655
0.0
0.0
30.036472
2984.3394
4561.651
917.786
83.05
56.29626
3545.698
7352.8467
6570.7666
3270.4858
0.0
2540.3943
642.15826
9201.492
0.0
3476.3784
8326.628
0.0
3050.9316
2344.3196
7350.7305
6669.033
24.503477
6.617209
0.0
2459.0942
0.0
82.76031
0.0
6795.9434
10177.928
10280.223
3573.951
4221.617
0.0
0.0
110.327896
9900.424
5306.3364
5274.4297
4990.536
3590.1975
5758.043
4488.9106
16176.274
1249.0078
5604.793
31.838688
5422.2627
1770.4768
128.4335
1664.2545
36.543854
93.16584
6840.0615
4182.832
5098.212
2498.2158
0.0
4144.615
2695.54
0.0
4420.79
1615.0637
3778.9587
121.52293
0.7957407
3422.209
3953.6855
7955.8516
3724.3147
7971.003
1.6956387
1584.9745
0.0
8443.375
12431.113
1.0581573
7304.1475
104.48163
5751.076
14096.533
7429.0557
0.0
0.0
0.0
78.03147
0.0
0.0
5796.189
0.0
0.0
38.086853
0.0
2808.5164
0.0
374.094
64.77158
0.0
10327.616
28.994167
16189.607
2845.5645
0.0
0.0
21.780125
1228.2628
0.0
8881.086
2246.8052
0.0
2798.8228
25.150688
8031.407
237.78717
1390.0342
0.0
1724.0037
15356.238
1726.3062
1225.0747
60.921585
4771.1235
3380.4644
17.30577
0.0
3217.099
1356.9968
0.0
0.0
1498.9901
0.0
12175.738
10981.736
3743.8457
136.6979
0.0
1171.5259
0.0
0.0
269.85342
0.0
6796.836
27.3149
0.0
2063.37
0.0
13558.575
15921.359
0.0
2279.067
0.0
12962.402
1443.3623
0.0
17.215618
66.16026
2804.8403
5255.583
13504.129
0.0
0.0
4023.6162
55.43517
1011.5027
0.0
6415.1387
14713.986
118.78317
639.11523
0.0
0.0
1474.2354
0.0
0.0
224.01666
7350.419
505.5517
11544.036
8322.155
1685.9082
69.15373
11137.275
76.98122
0.0
3718.477
3201.127
63.782745
1150.2971
3744.0576
4483.6494
534.0899
4530.0254
2723.6074
2300.9753
16189.325
1656.9955
4548.1895
79.6116
9477.01
5453.617
2878.1533
31.629932
71.82324
8173.346
58.150635
0.0
551.5943
0.0
5942.159
11926.354
0.0
24.61702
4048.5637
76.37432
0.0
55.447853
8412.011
370.7611
0.0
0.0
2199.3552
1217.4543
4894.4966
5467.0303
2218.941
3997.4287
7652.236
0.0
2668.7964
0.0
0.0
0.0
7783.8945
0.0
28.494522
3268.1965
31.742798
3315.492
5488.338
296.15332
5333.0225
16179.271
0.0
2318.4287
0.0
27.392006
21.340296
26.957558
951.0368
27.865295
4703.646
3801.588
0.0
0.0
1066.0564
0.0
1726.4819
33.14869
0.0
0.0
0.0
10367.745
5269.7764
4187.426
80.65723
2321.59
2419.4478
0.0
8406.239
3184.5977
7.6657467
2077.5713
0.0
0.0
4961.3867
69.85168
5012.4316
23.639044
0.0
15859.514
98.44304
18.648579
0.0
1141.0468
26.66679
41.755806
0.0
4205.9097
260.70142
786.22064
597.57587
4196.118
0.0
1866.0737
5551.111
2809.4797
14025.766
9575.139
12157.488
11992.262
0.0
4421.374
0.0
6556.2793
0.0
0.0
0.0
0.0
0.0
1712.4171
4889.689
0.0
10028.532
3127.6619
1317.4713
0.0
11669.332
0.0
47.919056
0.0
4669.496
0.0
0.0
1109.1031
221.76378
6930.996
0.0
489.5652
4001.1704
1983.4858
0.0
0.0
4846.0894
1638.74
2385.5024
0.0
3766.793
7478.827
4264.996
0.0
291.35895
10081.41
0.0
86.36482
0.0
5709.5054
2601.8662
0.0
0.0
4276.0107
3968.1602
27.012815
40.241814
5440.249
391.24426
16168.549
0.0
0.0
0.0
6689.956
2252.3142
519.9479
2841.2605
0.0
0.0
0.0
2787.483
0.0
16171.007
0.0
1281.8787
2438.9734
5268.736
4775.7373
604.2054
0.0
60.117382
4089.7773
0.0
3670.4988
27.314186
28.12482
0.0
0.0
892.70715
24.972288
0.0
3081.4478
3163.0447
2299.1812
25.488571
1859.199
1231.3618
0.0
0.0
0.0
3821.6182
0.0
12058.522
4698.768
22.91451
0.0
0.0
645.76324
43.639088
299.32648
2537.2712
2556.3108
0.0
7236.1387
3208.4446
0.0
0.0
5009.951
7884.5864
0.0
6287.617
28.969198
12.6017065
3249.0752
8835.764
4590.247
0.0
3797.311
0.0
13703.769
0.0
3267.0317
0.0
4959.6885
3715.7427
5847.634
0.0
107.565
3396.392
0.0
0.0
1751.6536
2100.2935
536.98193
3116.29
0.0
102.233025
8271.228
1522.074
11980.29
7757.3633
6460.0234
0.0
57.204605
2402.5708
2548.0352
4249.6055
73.48779
3235.4492
11500.395
1892.6106
4085.7925
7389.841
112.720726
0.0
0.0
0.0
0.0
15009.765
0.0
5616.569
7529.3447
1913.9723
7801.011
17.21994
1342.2878
5047.242
507.4037
1933.1816
398.8577
5530.0825
5171.0503
6922.283
60.21379
3000.058
8357.743
0.0
2330.352
40.125595
1225.459
3746.0369
0.0
679.4894
4564.851
10175.752
4804.667
0.0
1516.2578
0.0
0.0
86.31186
8561.265
0.0
4579.333
0.0
811.3268
3838.9048
9464.343
2221.833
3014.4116
0.0
0.0
1246.1536
995.9404
0.0
79.47066
0.0
0.0
3263.778
63.311226
42.65229
1596.1249
118.60863
0.0
5229.744
42.09737
4733.246
0.0
0.0
5836.9717
7544.41
0.0
0.0
4635.625
4654.3584
3000.8296
6662.7
3143.059
6920.009
16.486359
112.799255
12880.23
0.0
0.0
4452.9414
5338.012
3181.5437
3497.0664
0.0
0.0
0.0
0.0
6218.2573
7785.872
0.0
3390.132
943.5532
16181.822
30.376177
0.25386465
1888.7288
3660.3354
0.0
61.58535
35.08183
4296.582
927.18085
73.52445
4162.543
5295.0527
0.0
0.0
0.0
53.95849
76.109505
4141.997
48.336033
7627.614
5078.5137
7576.064
1691.5836
24.842476
12.684076
0.0
1248.155
15618.262
3685.5857
1309.6691
0.0
0.0
791.1847
0.0
3408.59
0.0
3343.7124
7264.675
13608.936
0.0
5874.192
4899.215
1378.5518
7242.8096
1516.5425
10264.568
230.18414
0.0
6607.257
0.0
0.0
3075.8452
3276.3171
111.29237
8753.484
7930.6064
2682.105
71.64903
0.0
61.901714
3250.0776
0.0
2230.349
2785.293
0.0
5129.691
8119.617
3329.3809
59.25116
2877.4072
261.0235
5835.907
9052.477
0.0
5203.2217
0.0
3248.192
0.0
3890.2937
11550.658
8290.412
0.0
9776.774
44.29132
5165.324
0.0
24.808552
0.0
5130.7954
0.0
1729.7324
819.0612
0.0
156.54362
0.0
4464.8896
0.0
0.0
5301.3096
0.0
0.0
1544.957
0.0
0.0
11619.005
16157.15
12804.977
16180.096
0.0
1301.0818
33.144077
5627.567
8127.684
19.500353
60.282898
0.0
0.0
3201.3555
199.99683
3710.3455
385.57727
6486.343
3453.6804
43.48638
5255.12
16174.252
3296.4768
6696.7974
33.119102
4602.348
1327.0952
0.0
0.0
0.0
0.0
6380.099
121.78194
0.0
4550.3857
577.53827
2081.6655
4482.9854
16165.436
536.93866
4136.0283
2077.122
78.6568
65.3393
4755.9336
0.0
53.26261
0.0
56.161194
16173.627
0.0
1838.6289
569.751
14529.473
0.0
6163.6206
7191.106
4623.7144
9.757393
4982.384
685.52185
56.1277
3677.076
0.0
2010.0115
1802.2932
0.0
9.010261
16189.08
0.0
2741.3538
0.0
0.0
0.0
2209.707
9271.228
23.072556
521.1129
34.65655
7806.646
0.0
0.0
0.0
5507.608
1367.5884
2876.9712
0.0
9309.884
9284.127
4183.2734
990.2012
8485.907
1975.5778
7405.332
3689.833
0.0
9281.147
9558.573
0.0
6429.1504
0.0
5806.928
243.48314
0.0
8056.783
60.213066
1053.6842
6288.381
0.0
0.0
21.200623
16193.099
360.01804
0.0
52.92458
0.0
7556.4263
0.0
27.427849
12454.512
52.693863
20.806576
54.521812
2852.0227
0.0
4595.8857
13.515944
0.0
158.77771
0.0
4867.5776
177.77588
0.0
36.33559
2302.6846
2698.0283
0.0
4637.999
0.0
1715.3765
2525.9365
0.0
3449.579
0.0
44.75685
5710.5576
0.0
4706.911
0.0
1828.4548
6404.7456
769.98987
2147.0986
6387.118
0.0
2572.462
10627.497
31.442854
1283.6465
0.0
3429.0637
0.0
5656.1147
0.0
0.0
0.0
28.641476
46.80641
0.0
20.99523
0.0
5777.1226
3693.366
0.0
0.0
4311.9253
0.0
3677.33
1039.6091
6799.421
0.0
0.0
67.14641
4935.1953
16176.336
3945.325
22.21012
3240.2134
34.02652
2783.8628
0.0
6588.329
1207.1786
0.0
0.0
2725.7837
5262.1035
0.0
2097.6694
4750.6826
8438.962
94.93134
0.0
60.716972
9110.848
0.0
1794.4244
0.38023686
47.48189
0.0
5091.3926
8051.584
0.0
15362.367
7402.6885
5233.6826
762.7831
0.0
6814.257
111.57224
0.0
0.0
6848.869
28.466698
7032.7393
16187.892
79.79184
9612.578
0.0
6022.4077
0.0
5554.6875
0.0
0.0
0.0
0.0
0.0
9743.417
4998.2305
7388.01
8455.156
0.0
115.681244
0.0
37.86157
1380.3008
5.4065447
12072.074
0.0
2180.1926
0.0
4245.5635
0.0
4327.8516
0.0
2746.6646
12554.218
0.0
97.13263
1979.9922
0.0
42.620815
5086.21
0.0
0.0
5137.54
0.0
9239.165
4501.0283
8164.7896
6109.7637
11971.31
1295.4778
60.244667
6269.8086
0.0
1079.6655
4748.9707
689.0243
6684.551
40.25589
0.0
0.0
59.910973
1149.5924
43.137947
5235.639
10328.865
16190.836
2192.6592
0.0
9272.491
1512.0414
536.00366
5790.4814
5326.0317
7244.8135
13533.387
0.0
0.0
8512.253
0.0
4435.8975
100.23056
6406.1865
11941.37
2113.5188
5494.3125
0.0
0.0
0.0
27.890745
3298.9304
8173.3047
0.0
6023.5293
0.0
16159.201
0.0
0.0
34.212585
2900.785
0.0
2047.0293
0.0
0.0
6981.603
1670.0637
0.0
0.0
4249.607
5837.7363
532.99207
1649.7773
26.411446
0.0
0.0
10492.673
6769.5264
39.292667
10423.81
1781.0156
45.25877
4326.283
84.29389
1390.8683
0.0
5828.6797
2240.9504
3374.2231
7652.5356
2285.9326
39.922375
0.0
5381.659
151.22855
0.0
32.756012
0.0
44.359524
6808.9014
47.40922
1085.8517
71.34829
2613.3013
6936.577
38.556366
4955.176
4359.5347
5044.902
14939.545
3648.539
1563.8903
0.0
16178.901
454.7657
0.0
0.0
0.0
3.4153113
1344.8947
0.0
1911.3916
2972.1562
6.291095
182.6071
24.02025
9506.886
4983.2383
0.0
4399.5747
9586.972
1061.322
12917.625
8045.072
32.870415
2697.7012
7144.962
0.0
4985.7627
10461.681
7318.4917
1353.8236
3339.5913
9887.457
21.2272
49.227543
0.0
0.0
0.0
0.0
1793.7877
1728.5536
1964.6556
0.0
0.0
5485.5327
16056.047
162.23521
1973.2302
0.0
997.501
0.0
14059.044
3711.1682
4649.673
6509.11
0.0
4158.6284
1813.2844
2349.5002
5364.0454
0.0
0.0
3087.586
3790.2466
105.34033
0.0
7443.9434
0.0
6857.161
9094.94
1905.2631
2853.9133
6315.7446
5520.2188
0.0
6804.979
17.959929
1937.8552
0.0
2144.9487
0.0
0.0
0.0
6.081976
0.0
8203.071
76.85947
3565.3713
0.0
1646.0492
9361.117
43.10389
0.0
5574.3066
1054.8169
16179.941
7541.7817
14413.928
5425.6143
1205.7179
19.471254
7502.1973
0.0
0.0
11808.818
9.273057
3060.3057
0.0
9514.148
5486.0347
6574.9834
5545.839
16165.979
0.0
2745.8557
7378.0127
9609.825
11829.85
0.0
3673.445
0.0
0.0
4287.5396
8328.899
0.0
2251.2817
5724.301
14513.09
8793.379
4503.3774
4585.029
0.0
5960.143
11757.056
3600.8938
0.0
5936.2217
5133.8203
1548.0929
4549.912
4146.611
6064.649
3161.2861
0.0
1381.0713
0.0
0.0
558.73694
3901.478
2883.0557
0.0
2343.607
0.0
16174.313
2219.8135
4419.128
2765.7017
0.0
16179.551
14458.866
1474.9174
4596.5483
15029.574
7675.4336
2262.5408
4844.922
0.0
4328.078
1285.165
0.0
2871.6428
6034.461
16178.2
5720.1465
5708.0215
857.07117
4369.549
6581.141
0.0
48.855705
15.4147835
5304.09
1772.3633
59.827347
7072.2456
41.04591
9039.43
5211.5303
10616.514
0.0
9828.7
3057.062
1583.294
0.0
1266.8241
6649.9136
2651.4265
1494.7609
0.0
5199.812
754.30347
5835.133
36.50853
3571.4307
0.0
1834.9128
2408.3462
0.0
9368.878
0.0
10055.179
0.0
520.42615
3874.4536
0.0
922.01
0.0
1087.8397
2025.991
0.0
6322.575
10806.593
2678.0488
5932.5225
0.0
0.0
7275.354
4109.8604
8373.483
3385.0217
16200.605
4547.7153
13305.939
0.0
0.41960728
8212.888
4713.9287
8933.988
0.0
7269.3438
0.0
61.615273
5397.8184
6577.449
0.0
1240.3322
4620.732
1230.623
7293.549
533.4337
2585.6924
0.0
63.00814
39.40815
0.0
2980.5574
999.76184
45.52532
0.0
6010.811
10326.018
4176.096
4581.945
569.8745
1638.5255
2862.0688
0.0
6214.83
43.419876
0.0
7363.897
0.0
11700.821
1122.8184
2536.38
55.812458
9092.377
10060.594
0.0
4606.306
0.0
3143.9187
2299.9465
0.0
256.86823
16171.085
5060.721
2314.4924
973.0483
0.0
9466.287
5096.1777
12226.712
1933.8325
62.240913
16194.619
0.0
960.6217
0.0
8513.217
2524.8853
2976.3953
9795.357
0.0
0.0
98.42003
802.577
8895.67
0.0
4374.8574
3452.2607
1835.6572
5595.899
0.0
2473.207
69.84029
187.49728
4431.1953
0.0
0.0
0.0
0.0
16172.232
37.706673
0.0
6.0501356
93.10564
6395.548
0.0
11086.169
1713.9358
2526.4233
713.9436
6338.828
0.0
9426.206
9170.07
5129.0234
6413.9253
6606.998
0.0
16186.586
8299.218
72.27332
731.0112
5460.505
4617.095
0.0
16.151361
994.65717
10363.477
5318.9727
0.0
0.0
69.714775
22.89185
4351.2207
13876.272
0.0
11498.807
11518.996
15920.817
0.0
2084.9124
8863.401
1243.3337
91.169395
0.0
10481.481
3463.2349
1461.6733
3.8250108
4963.3174
2567.4128
11337.166
6030.5576
55.79399
9488.025
7153.0537
1067.9955
90.95857
3738.1108
113.66896
2116.916
0.0
0.0
5287.773
13430.469
3977.329
196.7868
3.8332872
1619.71
0.0
34.66547
6599.243
14160.561
16138.799
0.0
8752.881
3240.641
670.9021
5300.3594
0.0
22.825102
16187.3125
0.0
86.35099
3446.438
0.0
220.42221
7758.468
520.11816
0.0
4026.4146
0.0
611.8523
978.2467
0.0
5173.4434
41.921093
6020.118
0.0
0.0
12383.43
69.063034
0.0
4630.954
0.0
50.245342
2414.0034
12589.406
16195.452
1712.617
7589.4453
0.0
1343.4788
1763.1887
6658.0244
0.0
6640.897
0.0
3806.526
0.0
21.358128
11560.9375
8776.757
3102.2617
3039.1921
14812.888
10852.746
0.0
0.0
15739.649
9426.097
3719.377
3644.999
2667.9016
0.0
223.0503
1980.4812
1571.4662
0.0
6.3849835
23.120014
0.0
2901.8345
5749.8423
0.0
5152.124
0.0
0.0
0.0
8583.489
67.55243
4213.2656
8695.452
12022.337
1143.297
1339.4728
51.981842
84.18634
5929.51
0.0
44.329853
9705.4375
13580.926
0.0
64.57516
4345.5625
4038.7302
8052.8457
12217.467
0.0
10045.937
12165.756
5451.5947
0.0
0.0
2.8313153
0.0
2583.8752
6007.581
0.0
4603.8936
12.139324
3575.7122
0.0
3577.9695
741.376
2577.4155
846.6559
0.0
0.0
3854.273
5348.0737
0.0
8041.752
16171.598
16174.774
16198.272
16185.389
0.0
28.662323
0.0
4455.068
0.0
14317.315
9402.544
1.8033472
56.30863
0.0
65.168594
1099.9866
0.0
0.0
1164.2723
5277.6724
11232.51
87.73193
0.0
1893.9457
0.0
0.0
16168.492
2021.918
114.78197
1198.1301
0.0
11006.296
5220.576
11403.334
7200.8643
69.45248
1522.8589
2490.3174
10763.473
0.0
0.0
885.73206
1157.2643
1185.0363
16187.221
4768.451
2567.194
0.0
0.0
8635.029
14691.592
63.31353
0.0
11929.153
78.04841
0.0
10165.638
504.04196
6695.862
0.0
1909.8356
0.0
3495.5967
1459.8242
10153.507
0.0
5353.881
1161.5798
3200.4165
0.0
0.0
5149.7783
0.0
0.0
4742.538
0.0
16143.414
154.5906
579.7623
70.66376
4462.523
880.2049
10623.779
0.0
4202.2163
2130.1978
39.197224
3964.3965
2667.9102
3417.5728
3030.6787
0.0
9516.301
0.0
2350.8403
46.96293
4644.336
0.0
7639.5
3215.3643
0.0
47.00549
3701.7612
16177.273
6032.676
0.0
3967.5771
0.0
7068.0903
3680.6372
37.8588
14950.844
12273.726
0.0
9519.604
0.0
0.0
77.65316
5274.025
12934.498
3500.48
5744.267
0.0
1202.47
2195.9106
0.0
5007.683
62.127678
3771.0425
4788.5264
3710.63
16147.735
3622.16
0.0
4757.966
23.999151
0.0
9172.695
16182.851
0.0
48.290836
8283.458
82.98227
8763.642
406.89474
6205.745
0.0
0.0
7553.5664
11764.252
10618.057
0.0
1637.6077
0.0
6251.453
6012.4717
1818.7112
12186.472
8627.42
2220.6865
16064.043
0.0
27.891888
7586.076
9559.184
0.0
610.6657
0.0
516.51715
732.1469
0.0
0.0
2577.9558
6193.625
99.17641
2824.9702
2663.3726
10354.891
0.0
1874.7535
3463.6748
0.0
0.0
0.0
3305.1382
0.0
0.0
94.13736
19.950516
7824.2427
1260.2712
3197.6384
0.0
2922.9124
1769.026
7027.4707
6695.8364
12022.495
3214.3247
0.0
0.0
0.0
1843.9221
2069.1248
177.6471
4535.0303
17.293
6827.2163
0.0
16184.631
3603.9717
6184.8203
0.0
5064.5186
3562.395
0.0
0.0
163.53722
0.0
2353.4287
4222.592
16157.848
4359.3413
3815.228
5945.2896
5137.115
3944.0576
132.73177
29.787212
94.76662
8432.09
33.016987
2218.424
16179.01
9007.7
1537.4237
0.0
332.05655
0.0
6230.868
0.0
492.86035
1321.2617
0.0
23.543825
0.0
1600.4147
6705.3164
0.0
10176.923
0.0
0.0
0.0
3291.917
16198.242
993.78656
3641.8904
6855.341
0.0
725.8234
0.0
0.0
459.84225
16164.133
9722.82
0.0
8110.601
0.0
2879.0618
4762.1924
4392.0137
4451.9707
0.0
3293.5054
14.390543
0.0
8335.67
2514.9216
4321.427
7258.7363
0.0
0.0
478.43933
2907.944
9143.327
4857.708
2208.2056
7319.9844
181.5418
5641.367
1242.389
0.0
0.0
4123.6045
54.714054
5177.1963
2673.6465
16182.055
1848.6536
2567.1265
0.0
1553.3646
5442.152
9014.499
597.3899
363.42975
0.0
16134.963
0.0
13562.258
1929.925
3387.9697
46.455616
4335.102
5957.257
7542.726
6147.864
8085.342
2773.0576
1460.9862
619.7238
31.631092
0.0
2381.4456
15427.159
0.0
2534.4155
0.0
0.0
0.0
23.964739
1634.1978
3960.9316
8685.536
3239.1667
64.041245
0.0
0.0
2893.6528
16169.773
0.0
0.0
5442.632
0.0
4426.7173
3431.4248
45.306465
12033.02
5000.494
0.0
8200.042
0.0
1643.5782
10442.209
2782.353
3458.2295
0.0
0.0
0.0
1620.0337
0.0
0.0
0.0
0.0
4443.719
0.0
6746.6963
0.0
10061.673
85.80344
19.942606
0.0
0.0
1741.9783
0.0
4173.464
6066.3794
10587.906
8645.119
2750.4043
4214.0366
1748.2144
3561.292
16180.24
0.0
0.0
6.306632
5710.9756
0.0
823.5504
0.0
32.57406
0.0
2671.603
375.2498
67.49513
58.44804
3660.2383
0.0
3202.0806
1082.8905
2702.5747
0.0
2060.3362
6739.965
3975.3438
4895.596
327.36804
0.0
5302.088
0.0
10725.285
0.0
0.0
0.0
0.0
1098.7162
0.0
13066.719
7058.116
0.0
5755.9053
0.0
31.649067
332.19473
3778.7012
3503.3076
14384.508
0.0
5360.799
3569.8428
0.0
5465.775
0.0
1819.5331
3577.3599
0.0
49.10453
0.0
0.0
4124.613
10406.238
0.0
64.351
0.0
16176.039
5767.425
6802.208
82.396095
6977.9062
5963.5957
0.0
2928.335
8943.296
0.0
0.08991583
11796.727
6234.873
0.0
0.0
12656.063
3568.5247
676.2884
192.80814
8779.82
3208.2695
238.85278
205.85086
0.0
24.402948
11165.053
6735.961
37.28328
0.0
10710.189
79.0214
4588.341
4752.524
2431.23
46.894745
1228.7157
7396.8564
0.0
2402.3418
0.0
0.0
2782.0103
2565.802
1614.7605
10222.477
4222.254
6030.114
11157.066
2886.9236
0.0
12565.457
4187.6553
3625.6763
0.0
13368.008
511.29688
0.0
0.0
11395.516
11375.28
5639.4014
4341.522
0.0
15675.945
528.96277
6777.713
317.31506
0.0
8683.723
11402.459
589.0522
423.30835
7935.2773
1530.8932
1334.0792
6655.422
47.288746
13186.018
9636.29
12752.055
10311.955
7848.603
60.080338
1701.0491
5136.3345
0.0
834.3438
0.0
9725.309
0.0
4314.534
0.0
61.16613
56.55874
5060.2725
70.535
1729.6233
40.523552
0.0
16184.134
0.0
0.0
3527.3594
3048.061
0.0
5060.8057
0.0
3634.817
0.0
16193.453
6077.711
5564.715
3435.9626
21.444584
433.16684
6536.075
1653.4902
676.34784
2073.6387
0.0
6318.9233
3876.5266
8002.7144
0.0
3337.954
6723.6455
15392.973
140.43976
0.0
0.0
1944.1333
4393.633
1058.2888
0.0
0.0
1526.8604
5444.2686
13251.326
3059.8506
15.534393
9033.617
2078.5684
5796.209
0.0
0.0
6176.87
10492.09
2392.9312
3240.706
105.68834
0.0
0.0
24.271198
0.0
21.381702
9815.154
4211.2505
0.0
8041.9434
8164.0684
4002.5742
29.402708
2202.163
4432.0664
2256.1292
0.0
0.0
3281.3506
0.0
7131.4883
0.0
0.0
876.2486
0.0
6570.124
2410.4287
3221.4902
1123.2822
4265.837
5527.6367
7376.4023
0.0
10630.236
16125.965
0.0
0.0
7235.7544
585.7241
1649.7012
0.0
1387.4297
13109.176
1868.6274
0.0
0.0
3240.4624
6838.7617
2845.7822
5136.1494
4399.7495
54.383846
0.0
0.0
44.60534
2.5919302
4696.914
0.0
4017.4675
0.0
0.0
67.47521
1217.8469
8440.494
52.972416
0.0
2248.0688
0.0
0.0
0.0
767.4166
32.95022
4401.453
5421.5576
3538.934
0.0
8354.809
2813.4805
0.0
0.0
821.79407
1616.9343
579.2404
0.0
81.67037
0.0
2432.6848
1489.9135
16174.103
4357.231
4171.5654
1288.5635
2316.8853
256.33206
2934.706
3415.5098
0.0
4830.779
2761.0918
2071.4539
21.733261
0.0
11407.028
0.0
10711.377
6015.15
5660.826
10693.576
65.95183
11198.652
6971.9053
2163.924
0.0
6681.458
1355.6849
1858.8743
2111.4954
16187.656
792.9851
5931.318
1460.082
0.0
0.0
2866.125
11141.085
2317.3027
0.0
333.8747
4986.3936
40.26223
9172.613
0.0
231.58667
5670.59
7743.2803
6424.542
360.19696
1807.9836
3510.414
0.0
4325.3496
7109.9487
5759.351
0.0
3989.2842
2218.606
2355.1177
4646.901
0.0
0.0
42.11464
9.992729
4787.3677
4880.0264
4633.548
45.979176
3720.1282
5061.0654
6335.064
944.4292
0.0
2739.5806
0.0
0.0
3030.1523
1857.231
0.0
1239.3494
550.1664
2257.8584
5864.6104
4874.565
1603.0708
11940.73
2399.357
6347.517
3658.2495
51.704414
16177.745
9141.663
1556.4147
1972.3738
224.86095
1688.9291
5096.422
48.32781
2021.9602
4205.846
2458.9363
12.764989
459.79572
3326.2476
720.7585
1584.0704
74.48691
3116.5825
1359.4268
0.0
858.3802
0.0
4395.7705
3493.184
148.89377
1232.7673
2150.6528
0.0
7158.799
0.0
28.223722
84.53246
0.0
3617.2837
0.0
732.3456
8371.887
3089.333
0.0
0.0
7.648678
0.0
9735.811
6633.914
4002.4277
0.0
4897.141
877.6019
16175.971
47.965267
0.0
0.0
0.0
0.0
34.17218
14315.443
45.370087
0.0
28.934048
0.0
5772.7188
0.0
9960.7705
16177.772
462.25656
3747.5376
10493.665
0.0
31.935081
2020.7578
0.0
5211.8296
7536.7695
0.0
8637.219
0.0
785.96576
0.0
12595.482
3232.3813
1416.6318
0.0
1769.5737
8530.316
1204.6283
0.0
0.0
278.26837
0.0
4995.505
11691.422
2314.5996
4878.5674
469.61542
6965.1226
5226.178
96.491104
19.093908
1449.7283
0.0
78.78717
10467.579
4838.3604
1562.5856
8781.477
1734.3479
16167.908
3766.8926
3387.954
8061.6016
9496.54
4886.2324
2366.501
16164.723
7098.2256
1558.5884
21.40382
26.4042
5776.5635
4430.713
19.018837
0.0
2216.5293
1549.723
0.0
16188.321
3664.5488
5376.0557
0.0
2878.2097
3896.56
3157.7612
16193.493
30.469645
8265.961
0.0
0.0
5718.1377
33.0399
4005.8242
512.26373
957.25525
0.0
93.397964
0.0
4959.126
8781.515
21.445572
226.98872
3575.718
0.0
2779.7349
2807.155
6509.1504
10118.206
15373.0205
252.26645
2876.2124
6525.6143
13624.651
8717.353
0.0
0.0
843.9959
1052.6265
1515.7188
3351.2366
0.0
0.0
16180.763
0.0
5798.61
10765.444
8046.8896
18.824833
12644.684
0.0
0.0
96.39466
0.0
4675.2153
3183.9543
1.5599179
9116.597
6499.87
3778.1597
53.893326
0.0
0.0
18.040848
1548.2415
10034.391
14107.113
0.0
39.58304
5321.9526
4359.169
2902.0845
3882.0151
200.18921
3074.0283
5407.7646
81.23642
0.0
1204.3081
126.34522
6076.976
0.0
4273.602
44.12657
0.0
7673.931
0.0
785.78625
1028.0774
8184.709
0.0
40.30699
0.0
0.0
4482.003
8013.5674
9286.824
14771.93
16175.098
75.3988
4702.217
16192.754
0.0
13210.043
3408.9817
31.458067
8471.004
0.0
82.37483
0.0
224.78035
0.0
2297.454
5413.914
0.0
704.8318
3729.5244
358.8522
9398.447
76.417915
0.0
4805.911
8574.32
62.82615
32.82122
3200.834
0.0
16194.236
12445.649
41.917095
37.45409
2739.2283
0.0
6229.422
4649.0103
0.0
586.36145
0.0
7493.297
5702.6904
3308.5796
3541.731
0.0
0.0
0.0
6837.6685
42.324596
13.898591
0.0
3076.0513
166.35126
10375.259
5076.0596
6796.1445
1563.8567
0.0
9005.988
349.43054
4130.816
0.0
0.0
883.6251
0.0
0.0
5728.5166
9371.044
0.0
68.19884
2817.916
0.0
0.0
93.29993
2201.7686
0.0
0.0
2863.5342
0.0
39.476784
5570.412
8404.905
15467.273
8688.261
71.43762
0.0
0.0
0.0
0.0
2278.813
7342.5317
1820.2012
0.0
16189.318
0.0
0.0
8896.119
0.0
1492.6099
5113.774
7802.3867
0.0
235.09425
65.33469
3885.167
883.0548
3922.9966
0.0
0.0
16183.957
7534.4434
12419.814
0.0
86.437614
0.0
0.0
3741.9407
845.51276
1413.0
0.0
321.28778
9260.364
0.0
3372.9175
4160.2266
638.63495
5449.952
0.0
913.26294
37.042427
2504.5557
4569.5854
5790.863
0.0
2096.5107
1996.7661
7119.449
43.177185
7538.7974
4011.1362
4154.2153
0.0
4506.9287
0.0
24.420279
0.0
922.67395
16179.781
3069.5876
0.0
7484.275
159.43764
2710.268
1544.9552
7663.5176
0.0
0.0
35.306137
0.0
0.0
2308.3904
0.0
1271.3599
9088.87
14137.761
0.0
7313.3457
4327.3267
0.0
31.68902
0.0
1868.7727
0.0
76.62988
0.0
0.0
3366.3572
6776.743
0.0
4546.4053
1810.1069
654.0978
16176.066
101.506
8876.506
0.0
10767.004
6322.38
0.0
0.0
4713.6494
1042.8164
43.440857
0.0
0.0
8357.422
4208.812
2994.8726
0.0
0.0
0.0
2168.0444
0.0
4453.66
13294.986
8288.673
0.0
4815.401
1417.9556
1460.4344
2658.68
0.0
5677.7266
1762.499
8278.87
1518.8939
9806.107
261.8835
0.0
0.0
3972.915
0.0
7504.6846
0.0
2718.3752
0.0
1602.3341
8061.0547
5361.7744
8199.349
2856.605
2348.1785
3522.0317
3031.1938
2790.0295
2024.0171
16160.891
1784.6907
1726.7794
3735.2163
6818.291
599.5835
5495.0176
0.0
3410.639
6098.5547
20.180733
0.0
0.0
0.0
1794.4504
1098.7712
88.67909
3029.1074
7351.2217
4.4451036
0.0
0.0
0.0
58.329475
0.0
1661.4202
341.0219
70.28243
8932.046
0.0
1159.064
84.58225
4730.5566
0.0
0.0
1135.8019
11722.72
4110.8853
5285.812
2040.5437
4194.0186
7037.0986
5175.5835
5994.0464
747.464
76.58978
5449.297
70.40087
9002.359
11253.063
0.0
23.654259
10096.201
27.970959
0.0
2515.6577
9585.051
446.1653
0.0
3896.1997
1838.2219
16182.663
51.470783
1420.7708
17.972301
4774.203
1963.679
0.0
11715.268
2894.9097
0.0
4856.6143
4036.8064
5183.9995
9616.177
15396.777
