931.4635
577.6854
930.79175
929.1261
930.6696
930.8855
626.427
929.5364
929.3037
14.696848
929.87585
0.0
506.69287
931.39453
300.5495
0.0
491.37
520.25214
77.76048
621.031
7.716295
932.3574
930.5974
825.221
931.6324
932.11926
892.595
807.775
1.8609269
928.0234
931.6262
932.4901
611.52704
300.48767
928.3229
3.5666733
24.54406
930.22186
924.214
585.89264
603.57294
930.6162
930.35266
687.81934
580.91864
475.04056
840.0838
833.6855
929.5596
573.3985
930.1162
921.5541
910.66754
929.85876
930.68036
930.10986
930.2472
930.2976
2.2007987
725.89557
929.5475
155.10416
930.6295
0.0
908.1737
534.87274
0.0
931.73926
302.0427
931.14795
930.51917
931.88245
930.4368
930.6694
928.21484
927.2125
927.9236
929.9447
929.71216
932.08844
931.09924
932.5016
930.55066
410.07874
929.859
898.3678
524.7483
931.8107
931.90015
226.1399
930.786
932.69006
930.754
683.05096
0.0
0.0
929.44714
930.43994
849.1277
928.5281
929.73645
929.26086
931.1666
927.867
929.1192
931.619
930.73254
576.2302
0.0
926.3569
0.0
932.95496
292.6585
931.98975
931.36523
260.44727
931.1488
931.2551
932.1206
404.7411
931.87946
928.8513
873.7878
2.1361828
267.49908
933.3964
927.4599
929.6708
871.7527
929.07874
929.55914
260.99603
441.08292
398.85156
932.4718
893.7565
542.77216
930.09534
872.7834
931.0141
242.90399
681.7081
929.21564
932.00073
930.80743
0.0
677.4274
929.38293
929.7272
7.0574875
6.427623
897.8545
929.18774
930.7322
930.6878
927.2943
14.076765
928.7993
931.17896
929.4241
827.8356
932.5657
5.8305078
930.9983
232.87827
929.73596
932.0081
928.8417
929.67584
0.0
931.2776
930.9389
931.38965
569.6321
930.05725
931.89856
669.13196
17.889935
0.0
931.42017
928.2454
30.86468
48.357162
931.1615
0.0
889.8981
928.38727
609.1731
885.3773
928.776
930.9154
829.1002
930.5405
929.46106
929.39734
780.2256
929.5083
929.4326
929.7681
931.27484
930.9878
0.0
928.72186
325.45767
931.6476
922.57245
930.18115
643.366
498.05905
0.0
892.1172
930.5641
931.8345
328.1774
25.140507
931.239
238.2394
0.0
275.1685
930.8512
86.62262
930.1853
270.46265
932.3335
929.77106
472.10315
3.9711564
103.727844
930.242
1.3320637
930.4076
929.7565
930.5404
930.8553
44.814255
256.69867
931.21924
568.95575
928.77814
9.253015
932.7809
930.50867
636.91754
209.5372
931.80396
0.0
313.94803
926.96313
930.88257
929.40216
930.5824
604.27026
0.715135
929.4184
0.0
644.7238
326.87845
932.681
19.343763
929.3661
139.33249
930.3873
929.5583
692.8146
12.61217
931.0525
929.8634
926.7904
931.5547
930.58417
930.64856
718.55725
931.00244
758.8329
928.8104
929.4059
931.64197
930.3175
156.23463
932.17944
7.8372393
13.6495695
929.8247
930.963
930.6457
930.7067
3.036254
747.03284
837.9119
226.34018
598.16766
929.037
932.16614
337.15082
931.83105
930.33167
529.04517
920.12915
930.11194
0.0
16.575014
930.8524
879.6293
929.4334
930.6002
408.88898
930.7827
925.71967
576.94464
932.56635
183.54514
101.55663
926.90674
931.157
931.41547
261.0282
931.0499
297.7785
929.4712
929.86316
637.16077
931.13855
931.81274
931.9164
835.8404
912.23224
931.4311
931.7717
930.1338
931.79956
0.0
0.0
358.24545
927.31885
930.7097
929.9461
304.30438
693.28925
0.0
930.6428
929.72845
929.93164
1.4283917
929.4372
5.4200315
931.97095
929.9245
901.8477
930.91235
648.96826
931.66736
757.937
40.165016
53.52481
932.15393
931.1953
930.7052
930.6515
928.031
0.9065792
10.073576
931.40594
852.93445
809.41644
931.01074
757.5018
0.6465739
930.8904
928.09314
551.55743
932.0137
931.508
748.8558
932.92755
262.4687
0.0
929.8865
931.11096
929.7502
930.64484
926.8422
928.6294
718.0345
933.44916
382.02744
931.3883
928.1311
928.39996
931.1659
930.4703
469.35965
930.2645
930.2019
0.0
930.19885
931.1013
930.1387
900.30286
929.9942
929.0033
655.395
931.1937
358.9231
4.2065153
929.0737
931.32874
890.10547
930.3611
926.68036
932.37756
931.0602
880.7737
929.98773
931.70825
930.56934
930.8887
765.5316
274.31586
35.47651
928.873
930.3934
930.58014
10.212898
728.0125
416.64832
704.48376
931.32697
0.0
19.48425
933.73425
0.0
0.0
928.4598
930.8929
584.2753
929.2985
930.2178
929.8157
930.677
930.3093
931.0464
929.30005
782.67505
928.6504
929.44116
931.4601
544.73
0.0
581.58014
930.0758
930.8324
931.0278
514.1218
930.46783
930.88885
168.5755
931.7406
927.7221
443.2652
929.8297
930.3281
930.57336
932.2163
930.3604
930.2112
4.4751387
927.6876
504.15833
739.61035
931.12476
5.5047894
744.18396
779.5954
303.19562
61.07274
402.95966
931.1898
931.49963
929.69495
0.0
818.2031
929.74133
929.627
930.3761
26.64379
889.05383
210.34357
930.60065
307.0916
814.6399
929.6819
930.0243
929.21454
930.34607
582.56195
527.0544
928.8832
314.46136
930.93256
700.5305
254.17409
334.5427
928.9107
931.46936
564.6011
925.7633
303.07404
13.841763
587.09924
928.9306
929.1571
929.9037
930.272
931.9414
0.677209
932.5132
930.4053
929.40015
931.6728
561.6662
929.1266
387.79742
929.16644
927.9812
926.8621
931.4032
930.67114
930.06775
630.94336
930.2145
931.4116
931.4755
930.5132
931.09143
924.708
930.749
925.2665
933.2196
931.04236
932.7648
187.91658
926.06946
930.9569
930.4989
485.7896
928.63
18.81606
930.15735
928.407
931.60486
405.8469
762.2666
930.9529
912.33496
662.40985
930.4646
696.1883
930.34216
4.8720455
930.07446
27.546408
932.4692
929.76764
928.9414
931.2948
931.89905
929.05005
725.91705
931.88116
781.84644
929.6693
932.37134
930.84644
0.0
18.793621
62.07114
929.4011
418.83948
929.92487
927.88403
921.56775
823.29724
400.31647
929.2759
930.58466
0.0
810.43567
0.0
930.1815
929.7826
929.678
930.04114
931.26855
483.99942
880.8557
459.05768
930.5691
930.3191
616.67316
603.5859
595.34656
781.35706
73.966415
826.14014
930.776
931.4812
931.47925
928.944
928.66534
926.958
929.8855
929.9387
812.0088
930.9275
929.73865
930.3669
928.76294
928.6545
618.1421
0.0
915.0
227.57144
632.67523
0.0
930.1633
929.0231
930.49695
932.0028
930.1116
1.4754747
929.8426
906.2999
929.52905
0.81390667
0.0
927.4448
931.9518
928.43225
930.44025
929.49963
927.89734
204.26994
930.16736
930.0626
896.8155
929.6781
930.4598
605.2473
4.3560514
880.2816
930.2805
930.227
929.20734
892.9338
116.00292
643.1964
263.85745
930.2472
929.93677
681.2497
902.359
930.14
931.4698
10.009726
931.2816
931.7012
88.179886
556.97705
571.38916
930.56287
928.35913
191.20663
864.26526
566.8299
930.62646
930.51855
0.0
886.4843
27.97975
536.0293
0.0
930.6244
931.2728
928.878
932.88007
0.0
286.35583
929.4479
929.3668
930.4929
381.44614
929.755
546.09985
929.34607
560.3357
930.3065
3.5865355
930.1998
461.78458
930.3932
39.81294
928.8589
0.0
930.6687
926.89386
932.01825
930.4069
928.8751
930.62524
915.7676
930.8413
330.95892
931.2814
25.797813
931.16077
930.23584
931.42645
6.9966273
929.5584
587.9157
926.0459
929.952
917.6412
928.36554
929.6404
931.2571
0.0
929.91125
106.283745
551.8821
927.92303
930.13
18.514925
0.740729
750.48267
600.21655
930.3805
246.53842
931.80383
930.70447
223.74368
322.72525
932.8007
931.9408
929.82935
930.97687
2.5833437
558.33624
931.4131
452.06982
928.0205
929.2213
815.48395
928.5243
929.4876
929.64465
929.48413
0.0
707.4593
928.8064
513.0748
342.60864
931.4111
107.39778
930.561
930.32544
933.01965
930.3037
0.0
930.9783
931.65137
930.80444
0.0
640.8913
923.8721
931.5072
518.3218
930.24347
932.843
921.7157
703.7251
929.9155
930.5692
931.2071
2.3617384
929.57336
929.459
687.43097
928.35046
4.064146
0.0
930.1252
548.0562
930.79956
3.6413045
931.2313
37.71177
930.52124
927.4734
929.2422
149.17471
930.3629
926.2018
928.37506
930.8363
805.8602
774.5857
930.2931
933.2137
930.318
925.02466
599.377
928.8059
324.793
46.04834
518.0819
929.01636
930.88727
929.8873
930.702
0.0
930.61975
196.7966
8.909657
930.8109
0.0
928.2888
931.1882
169.18214
929.9121
550.489
931.1403
930.1721
2.2186065
0.0
930.22705
566.3237
314.81293
2.14937
930.60846
0.7042705
929.6865
927.22766
485.3107
158.32129
618.85345
567.4283
70.9218
928.31274
932.41266
0.8579634
930.45935
930.5618
930.23315
930.4934
0.0
931.037
930.2122
931.608
929.9864
930.9519
0.0
344.77118
932.3104
8.223076
930.206
404.02676
930.5322
2.8155026
928.8557
930.7523
25.957264
876.30786
929.5459
929.78406
930.97504
929.65607
310.50986
830.5415
931.51575
823.24884
829.2849
924.94836
815.13086
191.63528
62.55005
932.31885
672.6658
930.7532
930.0276
931.62427
237.33467
929.1179
254.55011
911.3078
754.42645
930.8192
250.62881
689.3536
1.8716078
339.50375
930.6373
929.6251
74.353645
927.2943
929.548
930.4496
930.7676
930.93823
930.82544
932.65674
929.3288
931.1335
930.4362
931.12756
226.26349
0.46767014
930.77136
929.73315
930.80457
7.8309135
32.170105
930.799
928.953
931.6713
929.6764
930.2904
2.8715339
929.66187
589.0356
926.626
930.4609
929.9967
929.7951
929.54004
919.84485
931.63074
213.18494
29.833385
0.0
927.7621
929.4258
224.25853
930.75366
881.2205
930.6936
931.3207
932.1958
554.8469
538.66504
929.5394
929.9391
930.4607
932.0338
929.0837
929.29456
550.6767
930.832
931.45447
931.18506
594.14606
929.37744
933.0738
14.697052
929.08093
284.86002
928.1145
930.008
930.2683
930.27203
929.4788
803.242
932.226
929.9972
931.2233
125.209755
0.0
928.09436
931.67505
931.4583
929.83325
657.75696
930.85876
929.71436
774.68506
929.9326
635.81934
167.58032
30.247015
0.0
517.462
931.51746
932.457
930.40674
930.6212
930.50586
695.9725
932.3931
930.18896
931.4071
930.26807
929.7902
929.1628
932.2251
0.0
404.18463
509.90326
930.4293
683.51184
930.2887
6.0747643
931.09143
903.8653
930.87506
927.6593
931.9645
0.0
930.57825
930.9551
271.77106
738.7347
20.610939
930.1406
930.1975
373.3145
917.5027
461.4046
928.9906
928.9617
420.31934
930.9011
870.90405
927.48975
931.5477
929.8875
866.925
931.0574
930.2261
930.6673
929.6501
929.2424
931.099
930.65247
131.77632
0.0
917.873
931.5864
832.0383
237.62833
27.06755
346.17792
930.28827
9.35846
930.375
930.60724
930.49194
743.1404
930.0299
931.3594
243.67708
741.932
5.4574914
929.4863
885.7698
26.493248
0.0
928.7615
932.5832
927.77515
930.60803
928.1898
738.98145
928.65125
912.5835
0.0
931.86365
929.7251
927.8978
929.4839
931.23535
929.8834
929.48914
771.1632
931.0717
931.19635
0.0
930.41113
929.0736
929.9544
43.880814
930.54944
930.845
786.613
929.4687
930.7577
928.1371
671.4115
930.8397
196.94539
930.2186
930.6339
330.46603
0.0
929.79517
641.29517
930.6802
0.0
793.4378
931.6908
63.727146
930.9686
0.0
925.0111
476.0256
929.6564
485.4013
656.19446
929.3616
931.07263
930.3965
928.7151
10.197958
929.9002
897.03955
539.04645
929.00244
926.50305
930.6644
79.10373
931.0875
931.4143
928.88525
3.606318
0.0
929.8727
931.25604
931.3642
769.0912
262.78198
930.4187
930.6518
0.0
928.9836
17.485489
930.20465
931.3519
125.16261
933.1121
501.81903
930.5038
0.0
931.12994
846.9082
445.70508
929.1969
3.4143913
0.0
548.5198
929.3849
914.52673
931.47656
930.844
931.5155
1.7529957
927.58386
931.3108
929.6703
287.76056
548.5392
931.05334
499.6928
931.4554
930.68933
928.7284
816.7565
930.8813
598.3876
931.0324
703.6246
929.3221
7.021364
931.0592
929.32385
930.40405
929.4986
930.5078
1.1169614
584.2201
929.6062
931.48645
19.430676
931.3088
931.07336
15.567404
930.05664
929.0228
928.8989
710.12476
855.85864
928.42804
929.5793
571.5884
930.50287
927.6879
931.01904
0.0
929.7103
246.2307
930.4452
929.21985
927.7726
455.11023
894.4169
930.7088
931.3248
932.3368
890.64685
928.7581
927.62964
931.827
929.9579
4.250784
926.5526
0.0
929.782
876.48315
930.3856
930.46497
49.409893
929.97656
929.43896
930.2131
13.54339
930.474
474.14285
931.6371
9.012791
929.8799
930.62946
928.8351
303.12888
928.8241
611.1463
929.3467
0.0
806.43396
930.5376
929.45544
932.65955
929.1118
929.5537
749.3014
928.4061
931.2654
930.4751
932.0066
0.0
929.04944
15.772866
4.578052
930.99146
931.0211
926.1284
718.9914
927.2068
380.3068
930.339
929.4726
930.72876
502.25336
753.4444
930.6267
23.59685
931.3654
930.1429
361.68567
931.26715
922.12036
931.4568
933.4657
929.5483
931.4171
930.8041
35.810135
908.0148
929.67883
931.30023
254.4849
932.0405
3.006949
77.731766
930.5039
758.15753
558.39636
930.6271
92.107895
927.85364
356.11673
928.3075
63.88479
0.18205422
106.49625
646.87335
0.0
522.71436
503.1142
94.29907
0.0
931.56006
930.5287
927.4371
931.3581
813.4553
930.4586
0.0
932.40204
248.38736
428.14624
931.5164
931.5325
927.82526
930.33514
28.77702
623.10645
930.9286
929.4791
5.636115
923.73804
132.3616
928.8838
900.5205
928.9409
929.4663
929.9228
595.4104
864.1447
0.0
725.7366
0.0
0.0
142.18915
855.65027
931.86365
221.10747
0.0
929.2533
930.7191
929.7822
5.4463005
929.7595
931.6069
432.12442
139.23921
930.77014
929.52124
929.8255
929.6843
15.720202
739.3943
931.2277
443.89105
0.0
8.48
931.1302
930.6311
857.0395
930.27905
929.86255
930.8949
599.41736
929.5585
930.9116
584.6715
929.52466
930.76056
931.1854
931.1789
762.7222
930.17804
930.7668
921.156
332.59125
930.3516
929.5582
930.5644
3.630557
868.84753
927.8523
929.03613
930.8192
931.4236
4.9478893
213.66106
932.5544
711.0625
930.1998
930.18616
929.5598
930.6763
181.9552
911.7772
931.21423
930.8977
928.73914
930.3184
928.6453
496.62775
559.7389
443.3317
931.302
870.44434
891.76
922.6184
929.6832
930.1111
358.19272
930.3661
485.65082
925.86804
928.61536
928.94775
930.7897
930.1028
930.6748
903.6931
532.86
419.7194
931.5635
919.83704
725.714
931.2897
931.4654
668.22577
929.53705
914.6209
930.1111
3.531799
30.902597
931.7749
930.66223
920.8793
585.75745
927.83777
930.93567
49.527645
929.2218
931.83374
928.57965
0.0
931.9093
931.0877
771.496
570.712
386.91986
932.25635
926.5736
928.5763
0.0
0.0
859.899
15.2213955
929.18475
736.0532
754.55664
926.4718
929.32214
0.0
929.9364
928.0742
932.2134
929.5924
920.75867
930.76996
727.77203
931.062
931.4657
926.39014
0.0
928.60657
930.19275
922.0859
799.2328
931.0167
931.75146
930.62646
930.255
930.806
68.18088
758.76263
931.5266
929.1671
930.36694
0.0
88.40996
5.73574
555.67883
1.7813804
929.28827
930.35767
10.08195
930.68286
930.31366
247.53851
930.45636
928.8124
932.4571
930.6
933.0571
450.41852
870.11255
929.9852
857.5357
930.2277
927.63806
876.19336
0.0
923.8871
932.09045
0.5246496
930.21173
0.0
928.4375
929.9429
928.44507
0.0
617.747
756.5523
55.531036
557.99384
930.60565
927.09106
930.9603
930.6509
931.1679
929.64734
4.094571
930.6566
784.7013
7.603801
928.6897
931.235
0.0
929.0017
931.856
733.3367
737.5776
929.0775
0.0
893.9168
927.82587
932.5655
0.0
932.59534
928.2432
929.73083
931.35864
931.1953
929.36755
2.5610669
3.426814
929.0251
6.618651
931.4813
931.266
931.46454
930.1665
931.20984
929.16016
793.7076
798.432
929.78577
928.8469
929.7003
0.0
3.1847568
929.3165
929.6858
265.32446
561.83844
931.6754
574.6588
102.6201
660.8301
558.85754
931.3134
929.58154
622.051
574.22614
929.0388
933.60254
928.7532
9.028555
929.59973
929.1698
931.76575
930.42566
645.8165
930.0167
931.58704
930.9762
930.96655
931.2556
705.45245
734.5731
929.4697
2.3316305
924.4497
298.47113
858.6748
450.67947
928.1233
930.7329
930.4175
928.2888
110.93525
930.3739
731.71387
928.8578
931.5517
931.39307
929.17206
931.7885
451.19
930.5281
542.50385
929.5488
0.0
0.0
915.9882
929.76843
146.92145
929.1198
929.7114
931.01465
930.8314
931.27185
931.2125
930.08923
930.11646
928.7899
929.0105
2.4717107
929.8972
929.8277
4.165335
929.29346
868.16516
704.83813
930.17175
930.88763
930.5151
821.35474
824.7049
27.927109
928.4397
931.23016
0.0
932.4176
930.0204
355.38736
933.41895
930.5211
932.0654
323.4628
642.50287
605.35516
924.34393
28.57611
33.193214
4.82306
402.94272
0.0
0.0
932.2272
930.0175
930.85986
929.78064
2.5117714
929.85425
931.3196
931.9098
931.33704
930.7479
931.5223
929.7019
929.312
930.51086
528.6351
928.7919
930.86316
931.563
930.7015
928.1637
931.43274
686.7665
931.27905
6.0060945
930.5958
932.32983
930.6274
251.68341
931.3793
743.18866
929.4685
927.87024
931.16974
931.8971
566.5408
835.8594
930.37476
775.1665
931.36035
927.5425
216.22495
931.228
848.5044
0.0
854.26825
596.9186
927.6111
901.4219
929.7223
930.45483
323.8307
770.24445
931.2698
718.7284
930.5111
931.70654
892.94324
100.87137
930.31665
927.5085
866.7124
924.5841
931.09393
931.0919
0.0
929.55347
0.0
188.08865
33.67146
210.49483
929.1627
928.04346
7.83893
928.9092
15.959666
0.0
627.8903
929.1422
932.3198
930.43427
0.0
927.3567
0.0
244.00784
928.97
3.962002
186.79611
930.1667
928.5535
930.0768
210.27963
700.3568
928.9946
180.48853
930.6959
851.5836
831.08484
244.452
929.46875
6.75451
0.0
929.6218
0.0
0.0
8.231651
0.0
930.3458
930.624
794.7392
931.4132
931.28406
490.85645
931.6237
929.36414
931.157
930.3425
930.62915
930.84033
451.03445
927.8958
634.94904
927.9943
930.64844
925.39844
930.4277
729.53925
923.1136
2.781724
929.1504
929.61066
931.9707
554.47546
930.28894
931.89856
929.75323
883.5278
421.21832
843.80286
930.9641
932.00244
537.62195
930.646
927.74664
0.0
0.0
619.3491
929.9504
930.467
928.2632
420.0655
916.553
927.5499
925.9867
928.1003
929.45154
931.4126
930.56287
930.3289
929.4292
929.89026
0.0
911.27576
0.0
928.75446
930.3462
931.0193
240.72495
195.44034
852.9076
714.3153
932.5615
351.96973
620.14343
929.7386
930.5869
2.7271607
10.376145
574.0304
930.6278
930.49
930.204
348.47946
256.65033
4.9981866
930.5403
932.254
924.17664
930.9732
918.25037
932.34595
0.0
931.1343
685.10364
743.71954
931.3316
930.34125
929.6162
930.97705
560.37463
929.86334
882.22754
929.9181
17.61257
931.6576
929.9957
219.83493
315.91547
930.318
927.1496
34.491142
929.8036
931.8845
568.74963
918.34656
928.3247
716.4287
929.2103
929.9778
864.9695
930.2534
928.6637
929.798
916.62195
929.7973
925.53906
2.3347528
930.38574
694.459
930.46454
930.869
10.253793
669.2954
931.4217
929.88965
929.29846
921.4602
931.6417
932.558
928.6477
165.79318
928.62134
932.4894
930.0197
928.8705
931.353
0.0
14.006425
926.8977
928.76416
932.67505
930.52893
12.925772
660.2905
927.8402
929.20996
930.97363
930.5022
0.0
932.6732
931.2778
917.93555
27.371286
671.3219
927.93713
931.78937
931.4862
928.79175
929.10284
932.1665
0.0
340.73743
503.2967
323.84314
0.0
555.4276
930.2312
931.69965
930.0559
929.658
326.47522
511.61884
931.0098
889.0886
930.0151
932.6124
929.86804
4.3857484
931.145
930.055
928.3015
931.14795
930.5499
930.23926
930.77246
582.58276
0.0
932.1234
931.7992
932.536
930.22
740.8391
931.99756
547.3341
244.04553
929.98535
26.642519
930.1746
931.3309
929.55634
0.0
725.43555
929.672
873.54785
206.1013
592.54816
932.1605
931.8613
932.7036
929.3974
928.8445
931.60315
0.0
930.4075
28.672186
929.88855
59.27733
264.3193
930.3478
930.8158
0.0
930.6055
930.8862
929.2064
855.5157
929.16437
928.9269
931.1817
878.9224
132.59322
931.7941
929.9087
930.7908
931.0862
304.98294
642.33563
917.157
931.4994
928.7388
932.12036
931.8131
543.8822
880.8446
838.7454
929.40027
930.1157
930.94916
931.0774
931.1831
931.4155
929.04016
931.1332
930.71716
930.5992
929.99023
930.52637
928.77856
932.564
928.1987
930.79626
369.8226
928.3567
500.3564
0.0
932.18274
930.3696
0.0
820.48926
931.76715
930.18524
929.9417
546.6496
0.0
929.2334
930.381
738.7209
927.5868
929.68335
930.275
667.1877
930.0392
930.8133
931.60913
931.6786
881.9581
695.6898
930.6318
930.93823
0.0
566.24744
167.60178
475.5224
933.192
371.51764
0.0
930.6442
929.9606
920.2328
929.868
932.3496
931.49994
510.25888
0.0
932.67285
928.19037
931.3861
927.5826
922.17236
929.8812
297.30884
930.95135
930.50836
74.604324
926.28546
929.6515
0.0
930.0979
931.01385
929.8806
157.67664
929.8887
334.8275
928.6758
464.06927
88.07737
527.3003
666.23926
932.2007
82.43917
789.1869
930.4369
931.4624
380.33752
0.0
27.757166
834.61584
930.7725
0.0
931.07336
170.89197
0.0
65.03288
929.95685
930.4594
932.26733
930.50964
930.41504
930.3989
929.5264
929.5001
930.23267
929.96375
931.3815
928.6177
0.32233858
929.58264
930.6807
242.48409
244.54712
930.6826
932.588
933.2931
931.20483
931.4192
931.5856
451.19617
931.2991
0.0
931.23755
931.67053
927.1046
78.48544
931.50354
928.66785
929.17944
0.0
929.2733
660.911
930.22986
930.6235
903.53046
622.6034
929.70905
930.0607
931.8917
350.67987
46.798325
0.0
462.00394
849.71924
930.6958
665.2392
13.18709
1.7260492
931.06024
930.3218
929.0877
932.10095
929.28217
930.50165
930.64905
0.0
930.6105
927.5156
293.25375
928.8412
932.7596
929.04456
597.15814
930.73083
927.47327
930.27466
929.4159
929.9597
511.56763
930.7611
36.71094
932.0742
928.8886
932.62805
430.97736
931.0128
927.2527
929.97437
8.147176
931.9866
928.0349
424.93835
929.7439
395.6494
713.1543
929.46063
930.2218
296.39972
929.18677
11.054197
0.0
0.0
7.777026
927.2545
162.50986
927.93713
929.9662
929.08
931.17126
1.659539
925.5653
912.23254
929.73535
932.1492
657.3772
433.70142
610.2711
931.2784
931.9593
929.7613
931.7074
811.2877
931.6705
929.05664
689.2538
448.21985
326.66953
931.9497
931.05444
930.7319
39.305096
279.62784
931.15735
931.5683
922.44604
930.4614
597.2698
930.93567
804.5953
267.73975
25.83391
928.7628
922.9298
129.21063
928.37695
929.4906
931.3523
26.1902
929.7136
669.93713
928.9488
930.7289
932.62494
930.76544
930.35803
53.277832
692.2152
266.4671
927.9512
374.15247
931.34973
930.63837
0.0
929.96765
926.4697
29.635143
930.8356
931.6542
820.1783
928.2146
931.98865
928.1543
905.74347
928.1991
928.1555
930.2997
592.3285
399.7097
42.288944
930.7422
932.04333
767.8641
371.3619
930.9988
933.53455
271.61624
592.77264
931.5072
734.8002
929.8019
191.57782
930.6725
930.1749
772.81866
928.7294
930.20154
108.336845
768.168
928.97144
3.7030516
1.0434759
929.4645
928.4221
926.348
893.5086
793.2228
435.8111
928.3611
929.339
931.502
929.89197
930.43976
929.91766
907.5316
931.6205
931.18427
929.79065
539.2739
931.21924
930.93665
154.56422
926.81885
931.7799
0.0
929.9059
930.9457
928.6041
8.878941
930.8994
706.6587
931.10254
622.05505
930.83325
928.93866
929.53015
930.72766
0.0
928.27405
12.6835165
931.2644
931.49744
931.71576
930.5876
931.53864
321.58734
578.73145
929.69116
928.3673
931.9817
745.9599
930.9528
274.3305
23.937021
11.506096
931.091
6.3852534
3.79987
397.92944
929.8425
494.39636
788.09674
930.7047
3.718431
931.46094
471.6527
792.8937
930.59375
929.9166
931.7654
929.65356
930.52734
0.0
930.75024
929.66943
929.4497
930.7088
931.3807
924.9258
931.2394
916.2393
744.875
929.5713
931.1366
86.594376
930.40186
931.25
930.7766
734.6099
928.3938
756.03314
928.22144
0.0
929.2805
931.34656
931.9512
930.6266
815.27014
931.5826
927.26465
470.79437
904.5804
929.10034
931.2322
928.56433
0.0
206.87703
0.0
489.44708
930.12317
20.260576
931.85583
931.46643
930.848
931.25183
541.522
233.781
931.0493
931.5425
95.66237
2.8479483
750.5072
928.8889
478.87842
374.12738
931.66345
928.3883
932.06775
929.3677
0.0
928.176
836.1394
0.0
744.40955
929.9144
928.34607
930.98047
929.7543
923.7357
930.4275
932.7688
930.3428
930.34625
0.0
582.94354
931.2798
931.0274
755.62836
930.97046
930.6178
931.73865
18.915632
817.5858
927.62506
931.05615
481.83075
930.6454
930.411
927.8541
931.9187
929.93866
929.04
931.91003
88.22384
930.38635
931.42236
0.32318905
930.578
823.8413
930.44666
930.1983
931.4032
930.1006
930.9944
930.0488
882.3657
930.0474
929.86926
931.23444
894.0957
929.82294
921.97876
931.6825
516.1779
928.34155
930.2903
930.07007
553.2666
923.87427
589.93353
928.75964
550.3647
10.124226
929.2936
5.358003
931.26215
667.68787
930.1567
542.2253
929.98706
57.72329
931.25134
931.32904
787.98535
931.4187
930.9495
736.43945
482.7036
931.338
928.04395
926.9938
654.7091
928.22095
931.88837
930.70953
422.2299
931.018
930.6476
929.49677
930.2407
11.624519
927.589
930.78345
354.9286
97.57701
930.00885
480.5265
653.7003
927.7146
0.0
931.29346
930.663
693.0084
930.9642
930.34485
930.4989
2.8104568
929.6041
9.317954
931.74286
927.9959
930.5799
138.75632
389.7323
21.660015
526.35803
930.24243
543.4525
2.8369973
928.2955
552.19464
530.2683
575.04706
786.47784
922.9707
930.07086
930.4894
931.4778
930.3558
928.69037
59.343277
931.3175
931.6854
849.537
931.04895
892.0547
780.1685
932.01514
930.0032
0.0
930.2488
432.9948
929.13226
930.9332
400.54614
929.8827
931.2534
42.27888
930.3548
844.379
3.2176554
929.9552
929.99164
374.7572
930.5537
816.78845
0.8083688
12.549933
931.0879
637.8237
651.7979
930.8017
931.06177
930.94653
754.1829
576.66766
929.4065
930.32666
107.54872
542.7142
929.9914
930.1057
931.3285
929.6791
689.94116
930.9873
22.271242
928.59314
931.30774
929.09875
75.90431
929.88763
0.0
930.2912
930.3279
810.2844
279.08438
929.4166
931.64526
561.61444
930.8921
627.69055
930.3013
930.90344
930.0851
0.66092503
463.9776
175.31454
930.0753
915.7667
22.029081
929.31805
928.81384
1.1687425
930.4393
926.9136
930.484
929.9017
1.6767288
930.5167
932.18665
852.53864
25.774658
520.5783
932.98914
929.8419
568.7749
930.333
929.1238
846.23145
0.0
595.9646
901.83716
930.6526
932.19934
930.30054
435.08514
324.6056
929.8067
0.0
929.2786
931.213
929.728
927.9492
930.7425
85.502045
905.8179
932.5681
930.2971
928.31146
138.3124
929.7417
932.0401
930.9029
231.61859
11.531164
530.22626
930.849
829.00574
930.4595
450.10706
598.41425
929.51685
281.46326
0.0
931.239
928.34564
930.2473
465.5777
932.801
584.4308
642.058
0.0
0.0
782.84344
870.70557
20.715042
929.98035
931.01636
929.26025
929.8429
932.72906
0.46939138
640.0533
5.0598965
932.2296
929.6161
931.3168
567.1128
930.2686
932.1985
354.7467
931.4685
14.934798
293.6211
930.9729
601.2124
929.012
929.4938
0.0
321.3548
928.65356
930.32935
931.0686
928.8666
927.9605
728.70386
231.65738
930.08777
0.0
929.92505
931.1996
928.45483
179.81758
930.34143
931.28125
930.3008
930.4155
933.1117
929.2838
5.037182
928.89514
931.7789
21.057638
0.0
6.8134346
928.01324
675.2893
929.343
6.5796127
479.9458
933.7291
468.70386
931.1265
930.9276
929.6722
765.81335
0.0
304.8959
929.26544
872.0863
0.0
443.56747
685.2738
927.89655
589.0635
141.66968
929.1703
930.665
930.2998
930.72394
4.729567
928.8993
4.742883
6.064622
924.2792
928.70776
932.8698
663.3684
928.308
929.3733
426.01624
930.9462
776.68066
931.0398
77.8996
928.0207
929.8507
930.34155
929.8425
914.34094
928.37067
928.35724
833.1548
909.4197
929.8555
651.2906
929.82227
517.03955
369.3979
226.64923
927.80554
627.64
930.4592
742.5908
41.19966
720.6259
533.9116
929.7529
908.5039
0.0
807.3871
932.343
929.8225
11.298119
929.9956
503.59778
342.7221
15.82781
929.5635
931.8232
923.74646
37.402462
928.7328
930.5801
0.0
573.52246
0.0
370.58795
931.6627
3.967274
930.40405
928.7008
931.52954
930.7504
924.7106
930.95447
929.321
930.0342
817.3528
522.1908
3.4973934
929.3529
930.78723
930.8077
921.20215
931.5404
931.06836
930.4395
929.20135
45.519955
904.68555
639.71716
930.3751
808.9181
538.6402
930.1952
895.3049
928.60486
929.53094
2.8740528
931.10095
323.5282
930.371
5.056815
776.37683
931.9407
725.0865
932.6015
0.0
933.0918
931.14386
929.851
929.24414
929.16675
932.09485
931.949
929.9509
5.1855135
930.1431
929.9688
760.81714
930.5995
929.0088
929.7451
90.74412
930.09314
279.65735
929.8679
929.08875
930.3279
929.5563
428.04968
930.9203
931.11646
931.84015
929.2644
930.12366
710.08307
570.8174
0.0
931.0611
256.83258
259.01077
930.6286
284.85608
930.59674
493.075
288.48987
930.78784
930.8688
930.2899
929.8636
930.0819
930.1233
929.4293
149.98671
504.19003
689.63556
928.8203
0.0
663.8383
929.7953
593.2337
930.7194
0.0
23.006159
930.1476
598.43506
927.61633
889.69604
12.641064
1.1951562
930.5364
931.5875
929.2878
908.1006
698.21216
928.69055
35.546036
932.77136
929.2119
682.3829
931.81445
568.0953
4.9302125
0.0
25.377218
930.6085
932.2112
285.35242
930.4764
13.128214
930.93896
930.84216
926.3573
928.68335
315.09308
930.08386
928.78
337.66168
927.77563
665.6227
931.26965
933.54065
930.82385
928.599
930.72894
584.4889
610.98566
829.8135
929.8968
930.4806
234.9046
930.5535
900.87915
771.86
931.3779
931.6586
929.6416
931.1502
320.65546
929.7649
932.2782
857.8922
931.8237
930.0556
156.09398
930.4985
929.442
931.5896
931.42554
931.4542
929.33594
930.23376
930.2439
860.286
593.26184
930.5797
430.63397
778.48926
880.77
930.8086
581.146
931.1247
555.6214
931.1023
931.98145
931.0736
927.22064
928.7866
13.796951
932.17865
1.4234699
929.9165
197.84206
924.26086
930.194
929.7503
932.1815
465.3833
181.27457
929.73035
841.3624
930.54895
861.1082
931.7458
927.9358
930.89166
694.0864
238.68515
773.0753
931.8751
930.4934
915.98083
932.7872
1.9153718
930.04004
727.6465
929.9347
928.9046
29.683167
931.07916
161.28996
931.2987
0.0
930.2117
514.5708
930.1205
930.4241
0.0
2.711154
875.86646
929.6304
929.3516
887.77313
929.55994
759.14075
639.2674
930.88727
931.2239
929.1732
0.0
930.0498
94.215256
929.6068
930.6504
930.87964
929.71423
643.2007
747.58716
931.28625
0.0
930.4163
930.69635
929.8864
930.8581
929.83704
702.76636
931.67017
932.03613
929.28577
797.9758
930.4629
928.9832
926.147
929.6236
0.0
929.53906
930.17773
928.0011
928.48303
1.8991739
930.4358
930.7973
595.82196
929.025
932.14905
932.0447
661.43384
931.3938
930.6653
932.8896
922.37463
0.11208972
929.6417
930.3589
930.803
929.6039
857.25183
929.4795
930.44727
0.0
930.3884
932.01855
7.477705
930.72974
930.81433
928.7222
932.29736
931.1653
930.0326
930.0248
629.6568
723.76074
895.12244
930.807
929.8625
929.34705
928.27856
929.6173
929.2532
930.0397
930.2433
931.88324
0.0
930.0894
931.1808
930.87366
18.500122
0.0
904.2974
929.04675
929.99866
1.2141515
930.37195
776.06726
929.17737
931.5979
931.9976
930.41254
928.78894
930.0348
929.0077
147.87592
932.65674
0.0
685.24097
0.0
727.86743
873.66504
930.92883
673.40735
884.14026
929.62744
933.1235
929.4029
2.7743897
291.01053
929.02026
672.157
744.01245
15.835377
932.6623
930.62134
930.76855
930.4915
929.6007
931.4192
930.7213
609.3053
931.6405
928.8885
931.2172
931.57385
159.31462
931.16516
6.8613386
744.7835
926.84235
633.1892
697.2538
905.2804
759.15283
929.3624
928.50977
930.7042
931.162
930.2079
929.6301
902.4734
160.65723
24.484697
469.35065
126.21828
933.1603
82.923874
929.9293
601.13696
928.4591
930.7429
927.76965
0.0
749.6731
916.4568
929.42535
930.161
902.1617
931.985
7.985943
340.2111
930.73334
931.64844
872.13715
929.6355
7.8995495
930.73615
930.62134
0.0
889.4415
0.0
930.57495
682.932
634.13586
928.22473
929.7768
929.682
0.0
931.9224
326.4031
297.042
50.684868
930.323
906.5614
659.42236
930.2388
457.9599
930.01135
314.30896
932.10693
930.5324
930.9215
932.2508
930.1455
417.8792
926.345
853.7785
930.1631
6.983783
327.2177
929.36017
602.1452
930.6416
0.0
929.298
571.18335
928.4923
0.0
26.02425
0.0
929.4762
613.499
930.3425
536.1317
929.3192
924.51184
732.6428
930.91516
198.51837
928.9733
930.9664
931.64795
930.53485
622.7867
927.3019
927.4354
931.9922
914.39966
928.6859
930.4718
930.3235
0.6023367
647.44543
928.67645
931.5492
932.0359
620.7451
930.7251
932.6387
930.5252
930.369
930.4353
929.98364
931.6373
747.2285
0.0
923.10486
928.86975
0.0
930.15515
16.75312
929.1338
929.555
928.20435
930.8095
929.8211
931.08484
921.9414
931.44446
930.57715
76.68949
928.5366
929.3143
90.517105
929.7411
931.7168
928.61847
931.0507
613.36194
930.64746
930.1791
930.21173
903.0491
930.97644
930.7262
930.3346
929.19836
931.0586
311.7814
416.551
931.3904
932.53625
932.5765
0.0
931.81726
930.94196
929.5468
102.455475
653.1883
928.01855
0.0
929.92883
930.1206
652.0407
929.5941
932.3592
931.9503
930.4309
111.612564
901.1024
929.3557
578.7245
530.5698
930.1327
928.89496
927.23596
930.57434
926.1023
1.6960324
928.58545
929.56134
7.2947874
930.9182
929.4827
930.0041
18.10244
929.4867
929.33545
239.82922
0.0
835.26495
929.6106
925.90625
929.84064
929.4562
929.57544
931.3454
124.50981
929.2151
931.5969
0.0
12.905804
930.8949
472.41217
931.6846
929.4209
931.3374
587.3435
715.1498
930.3096
930.3313
260.8798
932.0863
554.4337
930.39636
931.0112
396.91797
929.4641
188.4975
931.0431
930.4483
931.4488
931.4199
929.3568
474.6754
663.2463
10.576422
928.3063
933.6924
928.2766
930.9502
930.9579
931.52356
869.25195
759.96875
790.44324
929.63745
0.0
929.4707
930.43695
7.759695
930.53503
0.0
18.38347
930.4563
34.240273
931.1543
929.8133
930.0084
929.05
0.0
24.081831
154.56021
928.11957
0.0
929.1468
930.45825
932.276
931.4044
929.5287
931.0326
929.0844
929.4375
468.04373
9.517243
928.79083
928.85004
928.98126
932.10077
930.31354
931.3752
931.28613
929.9332
929.9291
930.7353
929.54535
929.3152
0.0
931.78076
0.5357566
930.9831
931.85077
931.0398
928.1781
382.7061
0.0
99.459885
930.07336
658.14215
928.7092
743.518
929.54236
641.8211
309.595
853.2455
929.7031
744.75574
929.0173
929.9863
638.6761
927.6658
932.4971
771.9178
10.795107
10.36289
918.2106
847.80835
930.10443
304.51132
488.12268
930.19324
172.14977
179.93991
12.673982
931.8268
552.1185
929.63104
1.0383196
930.6412
928.6853
5.3631716
929.6665
928.7272
0.0
0.0
44.9088
929.88336
13.426855
275.68292
2.3291225
930.8926
930.8147
931.0487
198.81848
10.850288
0.0
1.8320308
930.1418
728.21436
929.7524
372.08163
931.0985
930.60004
932.252
930.6975
400.32242
366.2054
932.1815
929.37244
929.895
928.0274
757.98206
928.02686
0.0
931.43506
930.8014
931.4927
103.22855
931.831
362.42935
633.0909
930.34357
931.4723
930.3843
544.0164
927.995
929.73047
930.7747
13.863724
722.4216
782.391
932.56226
864.62366
930.9689
930.5656
3.218583
842.65967
929.7291
0.0
930.302
932.0693
929.83606
928.963
927.9448
222.5539
929.3399
884.9656
0.31840625
931.74023
931.6212
917.8736
931.7524
931.2677
0.0
929.3699
929.3956
930.2183
931.9085
930.41394
0.0
197.96771
33.022705
931.1902
931.03394
929.98315
928.6531
931.4429
928.2838
657.5941
932.1029
930.60693
930.56146
926.5442
930.5769
2.547916
925.9238
800.0356
931.22766
929.99536
930.7252
931.6583
928.9115
930.4019
930.64453
930.19446
431.86462
7.1889925
661.0575
929.8082
929.9037
931.1437
219.64948
931.4448
930.1434
930.51654
351.4953
23.451065
291.38275
932.775
929.70734
594.1406
931.0033
628.6822
536.7712
930.19293
930.32684
930.0808
715.94543
743.4616
931.84595
504.3844
931.3865
932.18445
306.0986
932.15906
928.2686
0.0
927.2999
929.59607
933.34546
930.79126
182.67299
930.9855
0.0
931.60095
930.4106
643.4211
411.33478
931.2981
818.83746
721.74585
929.6936
929.0388
930.6172
275.76904
928.15686
828.5961
9.2797985
932.5846
0.0
644.33984
688.20386
930.7626
858.3546
123.1094
929.67755
929.10693
929.7411
931.16846
930.7842
931.1765
930.6859
437.45404
385.6068
931.1797
929.91565
419.86224
930.75543
465.57904
876.5592
19.135221
930.0613
929.66614
0.905926
927.41187
930.432
932.3697
853.6208
929.179
929.17664
929.3368
931.0123
929.4201
928.91187
213.505
927.74133
931.32104
930.7544
929.6771
929.1632
929.6475
645.3264
1.7063234
929.0558
930.0574
933.0585
402.12048
725.8432
928.4656
918.8814
930.5044
930.18536
929.6458
582.4525
21.908215
933.0687
927.55444
929.57214
931.2275
929.9756
932.6245
921.49133
665.4269
929.7699
765.28705
929.2285
928.9395
931.3316
930.0404
932.7745
931.66797
930.87366
930.8866
505.25818
929.4763
929.6698
407.9403
261.86563
746.48944
929.4501
929.2208
929.2092
902.0403
905.52295
930.08887
931.1428
930.9579
929.7849
0.0
929.5099
928.59937
931.4114
24.390667
931.03186
930.26794
46.969738
929.5784
929.468
931.34375
930.6116
743.8633
808.11365
3.3746228
930.03284
7.4318304
695.3097
0.0
931.0469
931.6482
932.4525
931.32043
930.28314
606.32153
60.415688
899.855
932.65643
931.1984
930.85864
930.0156
929.825
929.53455
930.2477
932.64984
927.5365
931.19104
350.69745
930.9052
929.3514
891.9148
929.3572
814.1184
807.8802
930.9152
930.39136
930.8933
930.1348
56.20859
930.56396
929.6579
652.60455
928.8533
929.69
930.93774
857.0743
592.0235
930.1316
930.1019
931.2969
923.2416
929.3
610.71735
929.31665
6.2209425
931.4753
931.6095
418.6258
930.68744
801.296
931.53906
931.62036
931.0869
1.4951138
12.547438
1.4412004
877.0901
527.7296
10.395523
930.10767
0.0
0.0
890.7588
2.2855392
928.91736
670.9743
926.42413
853.5653
342.56564
931.69507
781.9331
932.51685
930.1841
29.839355
227.2633
705.9325
929.078
81.276306
931.5261
929.7246
21.347874
930.18933
710.5372
926.6769
924.1828
928.7313
0.0
930.74316
932.40283
928.7927
928.8463
921.0438
929.3611
930.3429
595.3142
461.0613
929.05426
927.79254
0.0
216.64188
929.3295
309.37158
931.61707
931.48694
930.18713
926.1118
4.1188374
927.73584
122.73562
55.630646
927.55896
520.7698
930.6146
829.17584
0.0
929.1826
375.4235
931.25635
932.3384
0.0
930.06506
15.664132
931.75964
929.3681
45.223454
526.35223
869.0387
929.90137
930.83777
931.82385
18.689604
8.468342
930.04517
814.2047
929.02966
560.5642
930.62317
932.91223
850.9719
928.3298
346.343
0.0
928.60596
581.7224
11.700658
926.88025
930.9898
926.84064
931.74335
931.27734
927.3357
790.45807
932.3349
851.7474
11.025969
929.98254
930.14905
890.53705
928.8603
929.8089
929.806
929.1024
930.4663
930.8439
930.0029
933.2777
928.273
930.4153
889.61237
932.44885
931.2212
930.3517
628.4754
912.7114
930.96844
621.13153
0.0
928.7206
398.48395
930.96875
931.94775
760.28467
856.50287
930.14294
736.6494
482.29114
905.53955
931.4159
927.9236
43.16472
121.43536
929.9166
929.50635
930.4668
930.223
930.1335
930.3406
931.6766
728.2146
929.3253
0.0
514.66534
0.0
931.28894
0.0
769.2261
930.1332
679.2609
929.59985
929.96826
927.11896
930.20544
932.48114
395.81052
930.02185
52.582745
622.5365
475.86682
847.6894
927.4408
822.56287
930.8661
929.0283
145.10399
681.5721
928.03345
23.691057
929.00214
901.0674
646.6144
359.30692
629.17804
931.32275
930.92065
930.0771
883.8439
929.4101
930.4786
0.0
931.12085
929.74365
534.62695
908.0691
13.20751
739.396
930.5211
836.8042
930.3041
355.78375
0.0
931.80774
863.5228
551.9154
125.10353
929.96484
749.964
834.75275
0.0
929.4565
927.5239
929.4207
928.45074
930.2521
205.9942
929.9923
931.03735
930.36163
931.042
932.17456
932.32385
932.47974
156.54951
929.2529
23.297007
930.5619
219.11276
20.435705
2.4823956
0.0
455.47614
929.8175
929.8717
0.0
931.1631
929.23694
929.0172
149.00525
931.4593
805.40454
818.3042
481.68384
929.51013
40.207554
4.8610644
929.0111
927.72644
931.80615
337.79214
928.18665
924.8307
930.47327
0.0
663.3424
929.17346
928.8524
929.8684
551.093
930.9787
930.2544
930.5554
581.48083
923.5439
931.366
2.7065024
912.2102
28.33664
930.3114
928.696
558.3163
23.608234
930.1578
929.78406
443.3469
857.8861
929.7833
928.11176
932.00006
5.3325424
7.5847626
231.23495
931.38477
929.5231
927.7936
930.2864
15.036142
659.8062
167.95528
929.9453
0.0
932.68164
656.324
929.3893
929.719
930.4984
930.9622
927.97266
12.748304
880.0016
930.0341
0.0
929.7898
761.0114
809.70325
16.142017
600.31067
927.201
679.05383
16.204294
930.5169
926.9066
929.3809
830.9875
928.20874
929.65784
197.44603
0.0
0.4163688
928.7955
33.680904
932.49036
930.3868
715.0041
145.32536
15.844041
928.26355
814.52625
927.43164
929.3838
929.7284
565.7229
931.20654
930.2238
341.1654
0.0
930.8102
931.5941
4.22731
930.38135
835.93066
690.08185
929.81177
931.99146
930.6556
142.5004
929.7497
4.872605
932.3858
1.3149698
930.4188
0.0
929.31366
929.9223
930.8697
10.917671
824.85315
930.4133
37.761272
2.03495
929.7545
929.28186
929.60693
930.12024
515.7537
907.5874
931.2945
929.8536
931.67163
930.41516
929.06464
524.57745
778.7902
928.7051
930.9403
929.92487
914.58264
86.213326
931.74817
930.0565
930.8998
931.1193
872.93835
0.0
0.0
0.0
0.0
933.37
511.22318
930.3694
931.62146
928.94965
931.0598
665.6998
929.5005
929.2841
927.9463
929.8574
927.49164
930.33185
930.7262
930.3502
873.1121
928.99927
931.13116
343.70996
930.71826
832.01855
256.14667
930.84076
691.74396
928.27515
930.9866
931.4315
930.6083
34.50657
928.9586
509.14655
0.0
893.61804
931.3998
92.94411
930.4188
2.4174795
929.6621
930.8056
745.7804
930.1876
930.12317
119.89502
0.43044826
929.1107
928.29816
1.2547789
813.72485
0.0
224.14005
931.1261
920.0341
898.9957
928.8196
900.6558
230.41284
923.15344
861.8111
929.58276
611.14966
3.7492456
930.4651
931.0478
2.266789
67.62074
930.3935
930.2738
930.2731
929.4064
930.3465
931.7693
581.5095
838.45056
932.8463
248.46272
3.1082582
929.4585
930.89087
929.91284
929.8301
69.22104
551.63666
1.8582157
705.6793
930.43506
930.4995
96.00315
929.89404
929.50464
932.222
838.69727
299.1185
928.9813
930.81757
245.66574
843.27026
791.25226
930.03906
929.0608
806.1124
930.60956
929.9984
0.0
544.0347
30.783463
599.8853
833.7403
930.3043
663.2323
931.90674
930.6135
931.33606
929.52246
733.9499
712.40247
58.24071
928.9623
932.0935
930.2567
930.13245
0.0
0.0
929.10016
42.355656
930.3496
608.09204
930.2067
931.177
932.23425
67.427505
930.66797
921.9717
928.91034
930.6981
929.1106
930.277
926.4377
801.0908
930.3906
1.2499175
735.8354
930.4477
930.2639
921.7353
931.1498
931.08344
928.82874
778.0758
75.10316
859.3717
930.46216
31.045834
929.72156
920.5649
436.9369
931.4923
929.7776
930.1655
744.9562
930.80035
820.0919
930.30115
931.01855
5.055215
930.2479
0.0
930.116
348.26273
928.54834
932.6239
928.30646
11.129669
932.2262
820.5165
929.7246
0.0
779.2585
139.77182
930.39026
0.0
620.6001
928.19763
0.0
924.08154
613.62024
931.35364
29.899641
0.0
931.31616
139.92293
0.0
928.53485
280.2166
650.8772
931.6406
932.2759
931.72205
932.03766
528.9811
929.7582
772.83484
930.1886
931.3622
642.15027
806.82007
328.0006
0.0
929.62854
927.14075
930.0276
928.10706
930.6305
930.66614
864.1295
930.12366
931.9155
930.1609
930.6061
701.96765
931.244
928.4224
683.40405
58.610012
213.05519
554.3429
928.04553
878.8961
2.5543928
930.6068
927.5133
930.56226
930.4304
932.34985
928.51245
929.7929
929.34875
906.7116
899.1449
931.07166
0.0
771.0093
0.8049833
877.7309
931.17346
1.42942
929.8654
928.6365
932.76337
41.24799
930.05835
931.51404
929.80444
612.36926
931.10297
927.9094
893.3375
930.9716
201.0499
929.5466
929.18555
248.12042
553.74524
932.4203
14.449549
929.921
2.6430712
623.17596
396.00336
930.15515
931.6786
583.50275
928.4656
822.5006
920.3037
197.53363
0.0
619.5002
930.868
929.18384
929.7366
0.0
931.0249
931.72754
929.5255
927.9512
930.72705
929.3319
931.3926
929.2306
404.98593
931.1696
931.42017
344.79794
930.08154
0.0
931.55005
927.4275
0.0
931.7697
894.46844
928.976
930.4238
310.58743
35.85038
718.5703
932.9072
927.20703
460.2796
731.1399
11.098848
931.12646
47.942955
779.12946
932.7862
797.8743
611.76184
878.2562
929.74426
21.473791
929.82623
521.8045
286.4856
927.38306
522.07654
930.43005
915.7478
0.0
737.4049
929.3657
929.34314
277.52576
930.4508
15.942078
929.13525
929.6347
405.10574
929.5238
0.0
769.8718
931.7612
589.12976
930.3368
8.739151
929.1443
931.5613
929.2137
930.26184
930.70764
303.14062
930.02686
931.28577
768.20264
929.91394
20.747211
930.1184
15.074643
931.1234
1.3162242
0.0
7.425544
774.80444
778.9103
8.43056
269.54773
2.3934107
930.8779
929.3287
0.0
1.47966
930.10596
0.0
929.87823
929.5771
931.5271
602.0421
243.76382
891.7058
930.7186
932.7572
930.74133
724.8528
930.3079
653.28375
929.44556
523.1306
930.6339
929.46747
23.786865
0.0
929.8932
931.20685
5.7851996
930.25977
930.4697
931.8105
728.8882
473.85043
736.67664
931.7058
56.672073
930.1387
619.68066
593.10913
0.0
929.3733
930.1601
138.07336
931.7327
931.01245
930.5144
928.8911
0.9066432
930.60535
911.5053
457.84152
404.43796
931.53235
856.03674
931.26215
932.7318
914.64355
931.765
0.0
931.0034
5.693299
930.2424
512.29
12.078495
39.18256
170.63272
9.583348
931.0022
923.1511
931.1051
930.84827
0.8386806
924.1775
398.12415
760.637
929.0127
567.4396
931.92175
649.54065
928.57764
117.19096
929.6273
9.099386
929.6504
6.360475
930.0969
931.4355
215.69527
812.0012
928.66187
149.0195
854.4321
930.7311
0.0
83.221855
930.1786
23.317331
931.4125
930.10803
932.38525
931.9586
932.0355
928.313
868.3882
930.3502
768.7323
928.99005
931.8281
927.79895
930.0145
798.75867
213.05084
50.533062
810.6111
928.89294
781.7775
930.63727
931.2348
933.33325
929.5537
561.78406
932.14594
929.2417
927.9918
930.3434
930.4988
931.4417
932.60425
35.004776
23.416954
931.1024
376.023
478.71783
798.5421
930.9523
931.4823
928.983
928.6624
11.978579
0.0
513.8236
755.75574
460.39142
931.64044
10.176743
930.3495
4.983878
931.7096
330.27438
0.0
657.799
929.70166
75.81111
929.5127
0.0
24.972967
931.508
927.2808
23.350174
263.07852
931.6763
930.5084
928.41705
929.58386
623.76465
426.71332
743.4125
931.3076
930.6852
820.5494
931.926
929.45215
851.3779
931.1527
879.2828
927.9319
15.48163
930.681
928.9909
930.8955
931.0073
929.7993
860.17084
0.89277023
930.55444
912.3146
37.6673
779.052
43.70228
792.5497
930.66455
873.6438
929.183
851.833
929.91077
928.7339
793.151
930.7295
928.54846
929.47986
931.93994
929.34973
929.2334
0.0
931.9521
927.7991
811.2853
518.4038
159.0405
383.84485
929.9011
646.00037
928.85834
928.9867
520.3214
925.72644
272.79678
931.1601
930.3277
0.0
922.12036
931.91876
929.3843
931.7777
931.17505
674.6168
928.84265
930.5221
0.05694145
930.26025
931.24774
930.2178
929.73267
930.7565
931.7174
714.304
810.7472
189.99872
1.4062537
0.0
658.29614
929.2579
929.125
929.8972
26.122198
557.9746
931.3026
932.63635
866.078
929.88794
19.672173
929.1467
0.0
932.05774
931.56165
929.99695
930.39014
302.66425
930.64026
929.1299
930.10376
930.2196
13.010393
101.04848
929.0687
929.5851
873.5587
1.6446128
931.30835
13.1884365
930.9665
931.5524
929.90515
928.3967
930.6979
931.2197
723.85565
931.51324
583.3508
928.17896
71.46999
929.76324
537.6647
0.0
316.69318
744.5241
705.77313
931.0066
700.4384
930.7307
46.36304
926.9573
931.5845
887.8823
137.47783
929.64014
929.033
933.37
931.5984
931.5757
930.3224
929.92676
728.9361
930.49133
0.0
0.0
931.4485
249.33266
930.817
0.0
931.7967
929.90063
930.8636
929.6348
931.667
60.082558
930.1448
931.45496
931.9099
932.1981
537.199
929.0857
418.8503
818.72595
930.42334
930.62244
6.259799
929.2759
931.5703
932.37964
932.0751
930.1095
930.2883
66.71094
931.0021
931.14264
930.0127
48.131226
930.1239
930.6529
928.14746
930.417
931.12634
930.6466
930.7752
306.5807
928.2415
709.1063
669.6337
928.7323
929.16296
929.2991
23.638126
929.2772
292.65753
932.6354
929.92017
930.1405
929.9957
25.732887
931.4293
932.2046
928.9422
930.6522
931.9934
931.3419
930.4734
929.5967
513.45654
930.3797
929.30066
14.837751
929.6356
929.6877
931.9092
929.9482
930.37
928.8703
930.10205
931.34705
0.0
787.601
683.84064
929.9989
929.8655
622.04175
931.51514
603.83765
931.1294
930.4836
930.13293
441.55072
931.66766
930.6205
929.3394
0.0
929.04614
931.3701
930.21375
929.4691
335.97183
931.14954
928.4649
930.74664
794.50183
929.9971
0.0
929.8276
929.60535
2.5518174
931.39526
0.0
931.22974
777.6149
926.8294
929.9872
307.3346
893.21405
533.63684
0.0
928.95245
0.0
930.4651
932.1306
929.87476
931.65265
550.0617
15.4984455
930.35065
930.3771
929.88495
930.32935
933.3322
929.81824
933.2313
0.0
752.62775
932.10223
931.4907
931.338
11.028053
931.4724
50.577286
896.2971
931.0126
930.6731
4.4811625
929.0934
930.09216
929.264
930.5427
928.3592
929.3451
136.29129
832.63513
718.27625
0.0
930.58655
927.98834
849.78784
432.25806
931.161
927.5759
930.3133
930.8092
928.31744
929.6175
930.03094
606.0318
931.26
660.2241
0.0
920.2429
436.18762
932.2567
927.3677
930.01105
893.83203
931.41473
931.4288
6.235765
930.6009
65.238655
930.19617
929.65
16.778162
924.1113
932.4708
930.60175
930.0309
928.72845
256.191
931.4414
930.27
931.63086
929.46594
823.34717
933.3042
229.60596
928.4379
18.768864
931.96344
929.91003
928.7991
931.77765
0.0
549.9253
824.70935
928.4866
930.9054
607.7845
930.1946
930.8377
929.40735
929.62524
392.9031
929.88086
920.57556
926.8369
930.8627
13.116603
0.0
4.3605366
0.0
931.7882
751.69147
13.2296915
316.9359
875.9944
930.59406
0.0
931.47723
929.3823
930.24207
929.0133
931.30505
8.400058
931.14484
931.6428
929.80566
929.3131
931.47424
0.0
932.43555
931.012
719.3498
928.1373
931.2459
929.2379
50.179314
682.1419
929.4121
931.8457
930.6167
5.113107
628.08563
869.7714
737.16943
930.69336
931.86615
0.0
931.67834
932.38495
932.63696
20.183258
930.2478
930.8274
929.7906
924.9276
531.1103
931.04114
928.52673
929.7943
329.10898
930.9429
929.7794
932.72644
930.22626
768.3826
931.88367
928.33044
927.1919
862.27374
930.84546
912.3158
929.70105
423.3749
548.5773
930.3833
932.5406
911.5128
809.77234
501.8557
929.7049
3.3087149
720.1111
930.79834
932.9977
931.35394
517.2378
928.1435
930.35
928.4946
911.24384
114.60988
341.14243
933.05286
0.0
893.6113
929.5532
34.55003
927.35156
931.58386
918.8025
329.49072
916.27765
475.87363
926.7875
929.3469
10.919748
930.65845
782.04614
930.4525
500.45572
3.1850772
932.1427
891.26526
259.66306
929.88477
236.23647
851.4386
930.5709
931.8391
933.088
929.016
931.2637
0.0
928.9155
927.73193
931.5266
0.0
931.0409
128.35272
929.83966
0.0
388.19696
931.88403
930.97327
930.655
929.28296
932.3069
930.2251
0.0
4.3265734
880.56476
931.4513
927.5084
927.5129
930.365
22.002644
926.22705
929.81555
928.8926
1.0648403
555.73724
798.3587
0.0
928.65765
930.6327
281.6833
930.25745
0.0
663.3046
11.316266
932.05743
815.9313
929.96735
930.5811
930.83246
928.24097
929.0598
833.2749
899.24927
930.7565
340.04495
767.54346
932.3751
931.0204
37.81254
911.6573
929.81476
928.8926
931.0357
930.65564
0.0
930.89966
932.031
931.53394
12.784187
0.0
513.8047
682.21814
929.60474
931.0494
0.0
931.2893
472.8894
930.7192
730.587
930.03174
928.4833
929.4082
929.0264
12.889227
0.0
930.0548
931.9684
0.0
931.6759
932.4353
932.00256
933.5721
933.2533
435.66284
454.801
0.7467482
930.5247
685.5602
932.32117
931.0583
764.2296
909.3597
607.92224
902.2532
929.3753
8.052641
20.658472
929.7445
930.29926
930.9679
830.59064
435.14392
928.7165
20.112698
338.82837
932.6803
929.4422
389.5091
929.9772
351.8608
931.45776
931.0187
931.69727
930.79675
888.5003
218.72467
425.75604
931.97485
6.7311993
258.02173
927.9551
928.5534
929.3872
932.6566
930.75867
928.0862
0.0
322.2731
931.8181
932.06555
877.1294
72.518394
931.3247
915.89966
573.7563
931.6418
927.9437
929.9116
551.29254
928.86743
0.0
931.10046
929.37726
930.8224
298.0388
930.8084
928.50745
930.0365
5.3711686
0.0
929.9658
338.61835
180.26546
930.88293
601.72974
930.33203
927.7439
927.77313
922.35095
930.63916
899.17554
931.60754
8.573925
930.4927
929.6511
861.2713
930.77454
930.4348
930.64954
929.4408
541.6522
931.7106
690.1836
929.12354
863.7372
930.8681
186.98996
931.20465
930.9957
1.3585547
631.9647
930.2672
932.3435
931.80615
79.72984
930.1157
457.21628
930.80597
930.3807
772.1251
932.30615
932.05664
493.0586
932.62024
744.59155
166.20154
904.89404
929.9867
931.3453
930.3915
930.2249
233.86147
929.6373
930.2014
0.0
928.47253
858.3584
930.58813
930.1117
930.6645
932.18396
929.6987
1.3198699
930.715
872.28723
3.8628151
930.76825
932.102
618.0542
802.24774
931.5033
779.78723
930.678
927.14233
932.0437
614.91254
5.6107492
930.69543
931.7311
931.5738
0.0
929.0556
29.778648
931.33276
929.6143
928.781
932.0045
930.9079
930.05383
921.9524
385.45413
751.3764
931.2555
930.9118
723.2033
928.7804
457.29114
918.1833
928.0911
519.69214
97.05069
930.2749
931.35596
889.0769
929.4343
929.6765
931.93445
0.8829951
929.0914
930.00415
467.87494
411.0338
417.23035
930.19214
8.071784
0.0
688.21204
554.47314
931.6471
929.2508
930.4254
117.63704
929.7833
929.7704
931.0047
930.70264
931.5635
929.5787
0.0
9.642485
9.111437
929.181
928.7698
924.88007
930.46716
304.51123
930.2449
19.30515
931.49805
930.77344
930.7415
16.760574
930.0986
930.23737
116.17579
60.976845
928.36975
7.211282
914.6909
929.8788
930.9215
929.1073
930.3978
930.6426
930.93396
930.11646
798.1572
736.0533
746.34393
931.2146
778.1565
929.37866
932.688
931.5837
928.61975
316.55945
928.2694
603.65356
930.46246
424.2517
928.36755
927.41327
46.033
745.7264
18.303295
928.124
930.6061
52.53762
932.39825
4.8807383
257.35504
566.5785
930.3093
932.9425
929.4507
929.77905
930.9344
481.82352
929.25354
90.70825
466.22998
927.3379
932.36865
932.18195
719.5178
930.29626
393.24835
928.9279
930.68866
929.8717
930.57153
0.0
928.4165
716.8456
150.24901
931.41223
929.21045
927.6587
929.93274
236.79578
20.269474
928.63605
930.02637
931.34973
930.90564
929.4525
931.6394
925.12695
930.52155
929.623
7.219953
0.0
930.1908
801.3209
930.4617
929.9472
932.6532
928.83325
929.7317
12.081575
929.723
930.95874
931.3694
928.0857
928.5519
206.47063
931.987
442.89972
931.9857
930.1642
929.85065
853.4189
928.32776
931.4445
931.6283
929.65955
930.38226
929.957
929.37964
927.51794
729.3858
48.78754
929.0978
931.8513
0.0
929.45776
363.98047
0.0
193.60727
730.86584
929.4175
928.81824
930.88965
930.0946
764.7385
254.28726
58.395065
930.42395
932.537
54.16961
220.43266
931.14124
367.11664
929.8198
929.7118
799.73444
931.5457
929.45465
25.612291
930.90405
11.098145
930.1013
902.2273
930.0117
929.9953
16.767118
5.330352
793.30945
929.329
784.16113
67.79621
531.4517
18.88498
930.42596
0.0
930.64746
53.078323
930.9046
825.49084
500.24222
0.0
226.82214
930.15
0.0
929.8838
930.0322
930.90173
931.51666
918.6403
930.8122
928.47156
929.7228
931.9874
241.90295
18.964268
639.5541
929.7528
588.97064
927.53815
241.60504
535.02673
26.987803
929.8843
927.9402
734.1633
824.0723
930.5967
23.75542
930.2189
929.2746
929.3246
612.41547
929.41895
930.79376
929.6421
929.3834
927.80615
562.7923
930.364
595.7219
931.5509
166.91197
0.0
15.145934
557.72424
928.77704
762.1903
931.6455
930.9946
8.15604
929.6821
144.15512
616.6896
922.3494
930.4938
930.3706
931.7239
832.4945
931.46924
930.57025
172.94397
930.34283
532.63184
929.5569
929.63745
8.433214
825.78845
145.08606
229.64938
930.36646
931.96484
242.72086
914.1487
9.149044
933.3562
930.40845
931.0709
902.1183
930.5786
930.81445
698.4759
930.5741
931.1689
0.64423275
793.7115
932.7014
930.83594
739.5192
261.475
932.5171
930.9189
928.42035
927.96216
929.6464
929.9147
927.59033
788.12085
11.435942
834.84033
932.3541
930.5056
793.39667
0.0
931.6665
859.81665
929.751
931.2202
930.4137
705.04834
929.4813
930.9829
124.1387
929.3447
207.89316
35.921528
930.40814
929.72754
929.53906
931.3784
930.9007
931.1363
932.01654
930.4181
0.0
931.71893
930.07117
929.46216
622.7554
932.3862
928.66125
0.0
0.0
932.3522
932.24316
931.1033
931.3379
22.786013
932.46954
927.79443
930.7294
927.79785
24.432484
930.8627
932.1621
928.11304
921.7352
930.5227
929.45667
929.2867
931.02686
852.87805
932.7257
931.1947
932.6333
931.1521
930.56995
841.96783
929.1644
930.9943
13.92731
929.506
0.0
931.91516
243.95506
930.5153
522.0368
856.4129
908.0934
929.22705
798.13
929.4624
641.942
1.3567194
932.78455
1.6817672
11.40482
931.0871
929.663
17.208715
930.00134
4.260606
929.86774
659.3497
932.7355
931.36035
930.98865
930.24536
656.3386
927.5442
931.4712
928.1594
928.4612
929.7567
0.0
930.85425
930.9263
931.31177
45.537773
930.96716
930.28296
931.05316
922.6252
2.1016965
542.57434
929.528
930.5021
927.6869
195.887
0.0
929.79724
931.00214
932.8361
920.86584
753.1093
931.1532
930.5259
927.18506
0.0
0.0
931.7462
930.6044
929.34375
930.3077
855.30444
0.86689013
0.0
639.61115
147.21465
725.67487
931.79846
930.24866
635.84717
930.5277
931.4098
931.06433
764.14197
929.791
930.87
929.57153
656.1791
0.0
930.5364
25.586594
930.4258
0.22506072
141.9705
928.88104
727.6812
930.7012
929.6565
929.79987
835.69336
929.8318
931.6146
930.4365
0.70390356
931.55
924.865
760.40186
0.59325457
931.52594
927.6208
929.96423
797.0169
928.8688
931.94775
930.0248
376.953
21.933603
929.3535
931.3904
930.42444
930.70667
929.86804
533.8707
677.4486
8.486287
628.7637
647.39355
930.63885
0.0
898.49585
0.0
457.6447
0.0
928.1461
932.0164
738.1865
497.2414
929.72345
0.0
355.64627
23.77493
929.0016
749.7735
931.08777
928.8852
930.5973
11.120966
931.25476
929.7515
4.3732405
93.366196
757.3658
929.4343
929.3224
492.42743
751.3478
539.30444
929.90405
928.42505
932.9313
929.2984
930.2362
930.3252
928.8871
925.1676
929.6614
930.6832
217.07391
930.46216
929.71326
929.6273
746.41766
47.139156
932.3643
449.37756
930.7865
930.9193
930.3585
930.94653
908.1328
931.6736
930.7576
929.40283
522.4454
930.85803
929.07043
928.3552
930.0548
932.6848
928.4132
930.4852
930.222
0.0
328.06512
929.99164
931.723
929.6265
0.0
928.5534
930.3374
805.5837
930.9634
0.0
927.95605
931.587
931.78174
930.7974
927.1928
929.2311
930.521
107.850136
929.96075
930.7107
931.2011
32.610546
930.07983
929.69574
929.6763
930.5331
47.853455
642.38074
717.4627
358.1019
931.0319
930.9502
930.6169
805.2798
930.444
931.275
931.46106
928.6363
350.2168
929.60815
356.06158
704.848
929.24915
928.8821
172.60373
929.6406
927.8441
928.84393
931.0647
930.11475
929.96436
929.7555
929.7285
931.2716
931.0676
517.6904
932.9302
763.4757
929.19696
929.078
926.2855
929.98987
931.14954
862.4945
929.4859
930.4846
930.2967
758.56146
925.911
929.5414
929.18164
929.833
898.38965
929.54395
925.5779
750.603
929.06726
740.3047
930.683
930.59106
924.23773
929.4586
929.99207
201.4931
931.5161
0.0
781.1121
904.1549
109.39444
930.50635
0.7175875
928.11633
931.5327
928.88916
18.77993
405.9773
722.3978
565.6118
932.7799
930.6294
929.5095
0.0
930.5945
927.7367
932.2047
530.1242
426.79916
0.7653787
438.2741
198.44742
766.03784
931.21387
887.52856
2.174125
787.7437
21.408333
930.8324
511.31436
932.2626
932.7152
928.0316
930.07983
931.58606
511.8199
755.50476
929.3862
634.09717
930.74023
930.5775
3.89412
931.412
581.978
929.0884
8.632312
932.218
930.4082
929.54333
185.46451
929.1663
932.1019
929.2359
169.63936
343.9082
730.46375
16.004333
929.6073
931.414
929.4274
930.5772
925.9109
930.96643
929.88684
793.36237
604.38513
929.74133
50.408447
810.1576
929.8004
929.2152
929.80707
930.9439
929.6049
932.5067
930.0113
930.52576
931.46985
931.2064
931.5241
929.8615
932.97424
930.54504
930.0646
405.31226
634.6051
929.6542
929.9784
713.2854
0.0
500.81598
927.31635
0.0
932.7456
929.9806
931.1083
0.0
930.7428
930.97754
930.29926
933.31116
813.1803
932.18884
0.0
0.0
929.71924
690.98157
930.25397
928.0851
929.3392
3.8867297
923.7889
207.12094
930.4806
931.80646
585.1902
928.10913
930.5999
0.0
929.8659
930.28674
930.735
931.5575
931.7821
920.76404
929.91583
930.1627
932.9273
931.2838
0.0
59.88128
929.2565
927.08704
929.75134
924.87744
0.0
4.6336937
932.8559
312.63272
930.53564
931.8885
930.21045
615.1275
932.13074
0.0
113.771164
926.6709
2.4184327
929.55554
929.79
682.753
931.3821
930.5033
928.5316
677.19586
14.21798
204.63354
713.06836
929.3545
931.2531
931.97943
8.574177
706.6625
930.78296
930.3228
929.383
930.3154
926.469
929.6646
930.33655
853.923
0.0
928.79675
922.8206
931.069
1.8056507
930.2654
770.5791
16.23645
931.99036
322.52576
928.7245
929.1068
931.4323
8.109798
814.9099
123.923904
642.0533
930.7792
930.9778
931.0673
839.076
931.89453
860.7233
930.9615
932.6277
14.401965
931.14294
930.079
751.61365
931.78796
0.0
836.99634
0.0
925.8281
848.48425
929.0015
930.9647
318.55984
928.4347
930.89325
925.908
931.649
917.1255
650.416
929.0386
931.61053
865.6089
664.99414
930.04004
308.82684
933.5132
932.23596
848.1496
688.3589
930.16766
740.4069
931.48114
930.496
597.61304
928.09235
683.5487
931.7047
931.112
929.67413
930.36145
48.49563
19.439638
0.0
928.9101
917.88477
550.79126
0.0
929.7608
924.05505
927.3543
931.51447
930.0012
929.6934
305.21982
930.68665
928.39764
930.0187
0.0
669.4492
928.8517
380.1976
14.781487
930.6655
929.2063
2.9504452
880.0785
929.8533
0.0
675.6976
915.43506
929.78296
18.948175
1.8838803
929.846
0.0
841.2454
929.6549
931.85254
932.30676
930.298
895.846
357.22867
406.81635
1.308005
190.75157
929.61194
931.682
929.66644
0.0
933.11755
273.4136
469.35034
929.923
612.09534
929.6179
930.4885
931.13257
27.784485
927.519
920.05237
930.57104
929.77203
930.4651
74.58998
7.8360066
933.0296
931.4068
931.9097
327.00073
884.6649
564.05145
0.0
930.33167
928.84314
928.857
0.0
927.49634
930.6165
591.09894
928.73615
930.5743
928.64044
930.2805
87.15196
880.9391
703.68976
929.9888
929.9986
930.1209
524.3617
929.714
928.8552
931.69385
848.9909
929.8678
930.01276
930.24524
136.15274
931.3192
624.60547
717.6252
277.5681
928.3954
932.8572
930.6422
444.6418
930.4918
249.15533
929.09534
929.20795
931.8627
342.0583
758.8959
679.988
441.38016
83.41202
929.24927
4.788292
929.37195
930.72424
932.24066
11.303249
930.27625
930.17474
188.20152
681.8618
0.0
929.638
0.58360714
860.3867
0.0
245.34583
930.26337
931.41504
394.41348
931.05286
929.2276
926.1412
932.1293
925.6439
931.21423
0.0
931.789
930.6448
0.6015913
251.19232
930.07214
929.07007
797.8311
10.771094
49.717354
931.28894
930.17847
927.4858
20.556229
488.43304
607.7028
927.39734
9.88938
930.3279
930.8595
930.6531
71.11483
930.5978
929.945
927.6208
929.7143
311.59323
930.2628
929.7715
931.3719
929.5747
930.81866
927.1347
10.976254
17.408274
930.7062
60.512123
931.28644
351.32147
930.0651
569.8126
929.2318
927.3959
930.58887
931.2013
929.5636
929.11975
930.35754
930.28186
930.1538
929.7123
932.45856
929.261
928.40845
929.8356
931.0305
927.78503
931.0485
5.901985
930.2162
930.4044
368.65045
2.4721437
14.620955
506.27625
930.0578
927.71124
829.0776
930.5034
929.8736
636.66235
90.43727
127.786934
0.0
768.33844
0.0
928.2208
923.74365
893.6181
931.08887
0.0
928.3359
905.23846
930.48047
592.0705
56.567036
929.5382
931.6792
928.7127
931.3916
929.08044
930.19006
931.01025
931.63306
931.6758
928.8067
920.54974
930.8363
836.936
930.3864
932.2085
0.0
698.0171
931.4647
868.50226
0.0
930.4275
931.0804
928.7031
0.5162403
931.0982
929.3622
933.18396
886.61304
928.6511
679.11444
930.33704
929.93396
16.485847
932.1286
930.01886
0.59861183
929.58124
930.0132
930.22894
931.6405
931.73364
