17641.285
0.0
4719.1855
980.7568
3769.771
4796.9795
278.67215
2573.871
1143.4904
0.0
663.6835
0.0
164.5039
3536.5828
88.56662
0.0
222.12814
276.2141
0.0
249.32802
0.0
25705.352
729.704
2764.3596
6634.4463
9553.278
1173.331
100.74162
0.0
488.45056
12158.276
5877.7314
636.06824
67.50609
1940.0474
0.0
0.0
2208.5881
825.9001
0.0
76.26293
597.6203
1710.1763
335.52606
504.35626
424.41656
0.0
597.2864
843.27997
0.0
2399.628
756.1465
628.097
1280.9502
2891.1226
1587.2329
6783.698
441.56818
0.0
350.701
3304.881
0.0
3836.5427
0.0
2524.3782
90.441734
2841.7625
11235.634
103.82814
2036.073
2209.0571
14595.993
5389.1143
3412.7808
958.23224
907.72327
3409.6816
401.45752
1491.2253
13511.754
8023.3555
31818.727
1278.0262
0.0
797.19073
576.05426
338.0929
10583.367
45569.047
149.90009
6934.5825
14205.193
6548.2056
840.75684
0.0
180.70876
1414.8313
1449.6241
0.0
618.0703
548.64734
672.96967
2101.724
517.74774
1684.073
12884.689
103.87976
89.79739
515.98724
696.7135
0.0
21467.639
78.390656
8782.84
1847.7007
126.10071
5717.3125
3336.6729
10875.628
141.79832
4725.017
1898.8907
748.0273
0.0
0.0
15046.85
534.5989
1973.969
585.6878
2025.3138
1802.6859
66.60408
214.29813
0.0
30805.65
553.4137
0.0
351.2442
503.4569
1023.0714
0.0
306.22644
1276.4564
15218.258
2061.114
0.0
404.382
1360.7568
1338.06
0.0
0.0
1683.3069
2467.5308
9751.701
3808.0093
2957.4038
0.0
939.1027
3817.4812
815.0825
700.8386
11540.373
0.0
6320.336
0.0
487.62604
21450.066
595.5785
1043.3499
485.54745
3539.8584
2676.97
6066.371
0.0
2463.8003
9744.932
510.7224
86.20508
480.25568
5050.1064
0.0
51.72045
48.935574
5332.542
0.0
0.0
2041.1466
745.8689
9811.631
790.40454
4230.8867
672.95294
1506.805
351.666
1148.7155
173.53351
2122.3271
480.48346
1828.3591
3293.2122
4068.8442
121.73633
14.005707
149.86102
3516.648
1431.3455
1295.0194
0.0
0.0
2275.4717
107.207855
4556.3257
17612.332
134.24124
0.0
2094.2534
0.0
1567.576
0.0
720.3632
167.79544
0.0
0.0
11918.609
8447.535
284.38745
0.0
100.55592
3168.2798
0.0
1419.2776
1627.512
3150.2266
0.0
0.0
0.0
3257.9937
312.29153
445.24084
0.0
14465.68
2241.9573
133.0418
0.0
9548.203
0.0
47.06685
429.08215
3683.436
2717.8477
2747.1885
14.287186
0.0
4326.4297
886.28064
446.8549
0.0
20845.703
0.0
1634.1221
210.6185
2255.0015
598.3742
0.0
0.0
5563.873
626.15015
434.05768
8253.832
1911.8154
3258.773
78.214294
959.2237
0.0
748.936
785.75116
4176.238
733.28217
0.0
5606.9365
0.0
0.0
1475.7266
3370.1191
674.5019
3205.2354
0.0
460.7743
757.14874
94.55552
340.926
2081.49
11708.898
0.0
14996.689
1729.5463
391.1663
1522.2141
2413.6597
1796.6296
0.0
1097.9501
0.0
534.0077
3524.2603
97.095535
862.8537
147.83589
95.81999
5193.9033
112.55685
69.27645
0.0
982.0614
1529.6156
160.14671
11511.227
0.0
681.95154
1453.0612
291.17114
2221.5703
12484.484
10430.847
1165.429
392.82965
5386.5854
10617.347
8419.331
7904.8955
0.0
0.0
5.2097473
986.39655
3593.7686
1630.2748
297.95526
293.03778
581.24756
1572.2358
532.08234
595.20276
0.0
2124.3784
0.0
10994.495
1790.0422
334.6456
3501.16
93.59626
5236.6094
1037.6333
219.7637
0.0
16572.648
1160.785
1316.1954
3035.7412
571.1177
0.0
0.0
53.28824
600.1244
762.82324
1576.2115
194.09741
0.0
5517.9365
0.0
536.7495
13961.389
7786.001
207.25862
40668.414
96.9669
145.97485
1982.9072
1624.2919
1053.728
11127.33
0.0
555.38403
206.51598
17278.898
0.0
3681.0342
819.1591
984.4258
5979.132
2171.294
0.0
3317.9944
712.717
125.80594
2205.6455
5060.7617
1588.1515
2415.6704
1149.1608
1925.5444
349.37238
1442.2185
42.599922
0.0
235.56479
9510.52
57.36789
0.0
1567.0701
13960.549
6293.424
907.52344
605.8336
7348.3135
1301.5907
253.36368
960.18286
268.37875
100.429565
2084.38
882.5685
1910.3274
0.0
0.0
125.542046
0.0
3116.501
1990.7327
0.0
50072.484
145.66516
3115.442
769.8101
697.2901
505.75702
1537.8342
850.015
85.03407
2447.8228
1987.09
6415.201
3506.7593
551.6335
0.0
1937.918
7612.858
449.8153
2805.091
42.55442
1204.0491
8790.432
4043.3857
100.11799
3421.6118
935.4495
4.071987
3056.6519
3296.8413
193.67589
1414.9224
2354.38
2482.537
5405.9346
1167.5856
9474.15
20.47448
17.926178
0.0
887.2245
2794.4734
0.0
455.84607
679.538
7.2326813
56.78857
108.97712
4406.3213
3976.5469
861.1559
0.0
640.0138
1415.2942
1537.6545
1042.156
0.0
530.41516
152.61981
5037.039
25.41661
910.05676
1710.9922
1958.7352
724.0022
4267.2573
272.8843
192.3266
1244.8379
236.88683
5594.5103
307.8157
0.0
22.353363
2125.4114
6264.608
276.39203
0.0
1902.7373
16.99189
5.5922394
730.75574
1490.4587
2230.0608
10130.005
7413.0537
0.0
20137.012
2277.2983
59.907104
7268.8613
0.0
1284.7349
225.43887
948.5211
553.8425
752.1444
6559.185
3457.0283
1820.055
252.65494
3774.1108
12995.127
4628.5557
5112.6465
5743.2705
692.3995
1217.7208
884.1885
56356.406
1500.8484
66473.26
0.0
786.54626
4295.044
2909.0112
205.54622
628.86664
0.0
2291.1824
75.10441
15792.535
0.0
216.31425
10043.674
875.94116
733.9154
4155.166
54.653324
1586.9016
0.0
6218.7437
33.068726
6661.424
818.25684
0.0
5206.656
3670.4363
2199.4924
509.9573
8080.0317
251.70836
93.3038
8294.902
862.55896
0.0
90.16106
7.3324356
785.3403
206.21138
1103.1154
822.8317
8307.854
1027.4863
266.486
1023.7222
246.2269
0.0
807.79224
5888.7744
3031.5168
3584.4937
419.89093
1167.639
3145.725
75.58328
932.5947
0.0
1165.3069
2344.2393
123.43091
111.65454
866.0353
577.42926
0.0
459.04242
1490.9185
4452.923
22366.574
0.0
1511.623
427.3435
2242.1665
2180.0308
625.9258
2135.9246
211.04422
1611.3182
11764.779
1192.4868
0.0
0.0
739.1836
0.0
60.779743
0.0
2502.6433
550.9889
2235.5547
13443.203
1263.727
0.0
48.723907
546.3822
1179.9984
0.0
2034.8136
4542.3564
14581.266
0.0
1727.7635
314.37845
2595.6362
129.07545
2828.315
3826.1472
1674.4128
3310.67
1373.6143
118.92766
0.0
320.0234
1764.131
6065.6797
871.83203
324.94553
0.0
204.7825
73.67843
2324.0083
0.0
347.78882
91.07822
449.73883
6256.927
0.0
4967.332
6348.3545
0.0
252.35425
123.01456
1226.5325
519.83704
20.592995
473.08038
57.94419
910.82367
2312.7083
0.0
1329.1835
4.2101974
0.0
307.61377
3964.4668
1512.7063
3121.3567
94076.22
0.0
0.0
2675.4868
766.5636
3157.284
315.39337
1351.6846
37.47435
672.9266
306.77094
1015.44037
0.0
5473.287
352.86548
3328.8342
42.441833
499.90012
0.0
7156.7734
1916.6401
6017.336
6048.874
648.0421
3724.2622
817.55554
1016.5303
71.13527
2237.2192
0.0
7362.2646
219.5234
8249.674
0.0
386.45093
234.43306
0.0
837.5996
3471.469
1456.3428
1781.9066
7314.3105
0.0
2128.8916
27.047302
267.7685
2406.8137
3469.3633
0.0
0.0
414.3433
518.6982
2469.3516
225.71982
8682.447
2916.738
99.24224
185.31725
15950.451
8313.525
2180.5974
5829.302
0.0
248.0694
2740.948
247.50778
0.0
795.33295
518.2316
151.27559
256.37964
0.0
1758.9016
5417.6343
197.63824
835.31006
0.26378632
0.0
10760.418
17.39782
3563.7004
5821.8926
21685.188
5814.9956
412.84616
4936.9766
7147.544
5512.462
813.2449
133.1565
0.0
14823.559
0.0
819.4969
27183.848
0.0
577.18713
964.35254
2667.4236
6309.1523
0.0
330.04376
1733.9318
190.79962
0.0
0.0
698.13214
2700.3306
191.52357
1651.8468
0.0
4683.443
84.66696
2703.6113
1064.0732
238.86469
0.0
2281.4082
0.0
0.0
0.0
375.9538
0.0
1649.6016
25158.715
216.35855
788.0802
186.1877
0.0
52.460228
0.0
524.4795
0.0
3956.2583
1276.2996
4902.241
56087.67
42201.293
75.94524
0.0
6216.5527
2268.6738
2050.7593
4244.1523
147.9148
4826.825
0.0
27.78189
2895.0115
0.0
3725.2646
2704.3232
126.91758
116.64174
0.0
719.4472
0.0
315.7022
498.6559
0.0
84.82454
310.92667
0.0
34.96631
1513.2593
11558.814
0.0
1911.7471
4955.456
4790.328
1603.0612
311.66635
4517.351
4002.3933
8580.934
949.08563
4117.9707
858.0973
175.31209
65536.69
1.4585838
2081.5146
0.0
3605.6348
0.0
0.0
4171.0444
0.0
3033.0088
436.9414
2196.6816
3756.9795
968.8921
217.57004
329.00928
4808.8555
482.44492
727.6977
422.02905
300.1148
7.234995
0.0
14332.961
0.0
848.5379
5279.4365
4922.9287
15.039009
1989.6357
145.50392
1108.1833
0.0
805.9892
0.0
407.55942
0.0
0.0
4929.2217
0.0
30.005219
450.8659
0.0
1655.2958
1480.4072
5270.8604
4888.4746
11352.271
3471.439
2543.9602
2639.8325
4495.614
119.737274
0.0
2320.441
2416.02
8238.818
0.0
0.0
5036.753
2858.4404
5957.3203
805.55664
5030.0312
0.0
2539.8293
174.3784
942.6681
3541.0476
1749.6864
252.64911
1532.4238
596.5322
1067.097
24.994171
0.0
0.0
1196.3918
1014.85
1546.3047
2471.1885
11.313797
448.2323
1872.6497
19449.768
331.64194
83.78295
1864.7717
848.3246
2730.0906
5193.5386
0.0
430.71802
0.0
2218.9944
9373.152
2544.019
0.0
7049.1523
15922.172
0.0
986.28467
0.0
0.0
2027.8086
2854.13
1425.915
1692.9363
686.0884
4713.645
478.12192
2671.4497
0.0
201.31554
100.56613
0.0
5731.3936
1482.8984
156.86293
6705.3555
1377.8105
0.0
0.0
502.7442
0.0
188.24983
440.62668
304.627
6997.997
13105.168
4693.3037
2806.8994
3367.7437
429.0758
16713.984
946.5126
9639.477
2586.0925
2595.4941
1011.0544
11478.322
391.46997
204.5622
34.548477
2194.1243
443.34924
1865.6404
0.0
5668.0503
16.233002
1784.0103
293.40533
8971.608
682.92004
4007.1821
1619.9009
21.839916
3.8014145
0.0
5112.2124
526.25006
3267.7427
720.37646
265.82947
1206.6488
0.0
152.94443
8576.507
647.579
783.42053
11248.926
1966.7881
232.05763
10458.486
1157.0552
3156.3298
1136.0646
2090.9634
9706.01
2282.5486
199.95242
0.0
2663.4575
9420.592
195.45303
208.97302
136.77612
122.63264
1898.5334
6.9538765
4191.6772
6192.914
716.33545
0.0
2071.1196
6024.2256
136.71518
368.93292
0.0
431.93723
627.9159
0.0
0.0
503.219
12178.408
0.0
4655.636
461.19287
280.84177
1681.4396
3917.0422
10230.326
16850.32
1692.5574
774.80707
163.4625
800.71063
1435.3008
380.485
240.4444
5356.377
3007.733
72.99905
2636.3936
603.6826
1947.8859
96.43054
3918.1519
2829.864
430.7273
1864.8016
1136.8467
717.9822
0.0
6151.29
43.349426
4443.5176
1525.6425
247.06622
514.9456
798.72687
0.0
1435.2908
3010.2021
139.69763
7219.6133
0.53396606
3381.5415
791.9984
805.66235
0.0
1345.9436
0.0
143.00238
6324.4336
6869.759
2653.5713
4099.736
0.0
548.02704
721.6637
556.43567
896.7329
12846.713
3219.8416
0.0
5505.3604
2607.0742
3984.4607
0.0
0.0
9820.578
21808.062
3909.5513
113.60557
0.0
501.78436
870.71625
2775.2646
1410.1455
0.0
1149.9319
9249.944
0.0
75311.234
217.6181
4310.8994
770.8872
3741.4392
91.00195
186.4798
824.7674
0.0
0.0
222.74619
2136.4548
1086.2622
6318.7334
3834.8403
4356.6685
0.0
0.0
3749.816
1209.7168
0.0
253.14171
3598.3867
0.0
4459.8047
3270.6572
1437.7766
501.55432
4963.383
429.72507
3052.104
790.4376
2282.1138
0.0
3889.264
1670.9845
3586.7026
1997.0266
1777.4421
0.0
696.7655
585.01965
12260.9
0.0
7911.132
578.74603
0.0
794.8863
978.5055
1157.6748
160.79712
578.95447
1412.8768
2143.4722
0.0
1348.1936
341.57703
582.3364
0.0
353.64627
196.87868
3054.3906
948.098
681.8065
209.62029
945.4415
6454.123
9318.092
16393.23
1170.2994
0.0
276.48727
6643.27
2993.5515
0.0
509.51593
1534.8132
900.5944
556.8001
1635.1246
2685.5889
30.669258
5399.7373
1781.2878
1221.8291
0.0
4709.4824
90.78143
8555.672
0.0
723.6271
3686.4067
623.8306
203.68733
777.7185
368.30185
0.0
7569.7236
467.09637
2160.742
1060.4745
24804.18
443.77658
14102.769
249.32439
861.62714
7747.038
1947.018
5729.869
2558.289
317.6413
60.13804
0.0
1536.9481
2603.6274
300.979
48.23265
0.0
93.480934
702.0736
15784.086
3020.8804
183.46202
16.482162
2992.6904
21.523659
8720.309
901.2838
0.0
2572.5059
103.43822
6066.377
73701.375
1342.7617
1594.5471
5998.0625
0.0
836.5659
1021.92084
8780.09
158.76044
11077.47
0.0
0.0
577.6111
339.93463
188.00778
1881.829
0.0
762.52405
76.41834
445.37543
147.1147
0.0
0.0
264.0404
0.0
0.0
0.0
0.0
1197.205
4588.9346
3085.1333
908.053
5880.4775
547.1578
2781.7268
0.0
13827.252
0.0
136.57736
18805.316
13279.246
747.42505
2422.0244
26.974863
43.411423
7042.926
4200.81
0.0
609.64526
0.0
1675.9573
1586.291
2770.9
3398.7576
834.51044
241.39862
326.5397
1548.0344
0.0
0.0
0.0
106.37087
1163.3955
19107.19
24.0535
6671.0664
1772.311
2519.076
1148.8785
0.0
6338.874
5896.6543
49.630554
14.047188
1204.4496
3149.0708
775.36786
562.60425
0.0
0.0
3440.0732
163.1988
0.0
0.0
4277.416
4479.7534
0.0
0.0
1504.1843
5265.966
0.0
821.50885
0.0
0.0
1760.9469
2608.8462
1879.8649
3441.4456
284.6134
1398.126
1744.1184
757.17664
100.75979
3610.0234
836.78723
6379.0537
0.0
327.49506
1051.668
615.659
2436.6792
7845.993
0.0
89.61528
12871.576
220.6807
2728.6892
6434.6865
1446.5886
3102.9282
0.0
431.34326
8765.611
2019.868
640.6233
793.6775
473.19562
342.16772
260.2979
0.0
6168.033
135.48096
463.31702
2619.084
6427.7393
2204.7861
70.11726
1209.5312
400.4179
2713.3215
1555.746
2721.3706
4863.7905
4249.7627
9246.046
705.8495
224.13055
89.52824
5313.7324
549.55865
270.39886
2238.2903
2577.712
177.83603
0.0
933.459
1217.2024
0.0
0.0
5002.16
5054.0327
8153.5713
193.97887
1182.6658
6822.702
45.648643
135.29745
39697.875
549.45984
0.0
4394.916
3203.0542
711.1606
275.138
0.0
6672.374
6441.712
8386.525
2196.9028
0.0
533.22156
0.0
892.41797
573.9623
644.26825
951.2129
188.2012
73191.62
2935.71
562.59424
12417.153
609.6011
734.8849
5629.375
386.14355
4019.143
6287.175
693.96216
3351.1233
0.0
3566.2305
598.7301
297.48145
4806.5625
16053.554
4084.7886
1599.2036
4752.2344
27.291616
628.49316
4503.569
627.19904
4693.7935
1292.9944
90.84993
0.0
218.08429
0.0
1145.058
571.3567
0.0
191.0278
1588.9089
248.20497
5424.6714
1731.9813
5217.4707
3133.261
122120.4
185.2869
0.0
163.88013
0.0
1934.8376
1110.4436
789.2724
45.583344
0.0
7534.672
0.0
6430.4717
0.0
537.3733
1598.4917
1489.0962
2900.9238
0.0
0.0
66.29918
337.35446
764.95056
389.9048
2789.9023
891.22864
3699.5122
806.4302
0.0
1952.289
130.79794
0.0
3936.872
2735.85
881.9097
704.82007
7397.5664
0.0
1395.9319
1456.2764
1266.9009
691.08417
1104.4832
9443.379
1207.6895
9241.287
950.97815
1578.3765
3297.8418
10133.088
931.3768
0.0
0.0
1995.6776
0.0
4645.1973
1084.7527
22266.055
1869.5771
8223.674
1211.5083
263.03036
896.79895
5923.5913
882.1581
1965.5083
5086.138
0.0
594.7736
198.26918
192.57272
0.0
5720.108
235.13965
0.0
188.26619
232.47366
3821.4263
1962.0319
0.0
0.0
1454.3474
58145.875
566.8912
120.645905
1173.4421
2107.0186
10644.043
3567.276
0.0
1381.8844
3314.6387
2423.0645
2614.6372
3185.7583
932.47546
223.289
2572.639
0.0
282.79987
179.92
0.0
136.24509
0.0
3891.4216
991.955
0.0
0.0
1462.8068
756.19116
1020.7235
9000.964
10204.666
847.85803
17560.676
203.22879
5151.8105
445.0347
410.19147
685.1493
3224.441
496.18365
25.48883
103.18528
285.50793
1046.9507
4102.8667
645.67944
1825.0881
14561.254
390.44284
326.24545
438.62997
922.6536
0.0
0.0
1845.2566
0.0
3245.8396
3586.7153
0.0
4543.3525
3874.1543
4530.566
278.10956
239.32419
67.288284
1368.671
4001.9985
1461.8408
14489.126
2969.766
337.33826
58780.957
4082.4353
33777.715
0.0
444.89044
137.11127
493.28653
62.69542
0.0
0.0
88.50632
348.42694
0.0
12989.756
1354.258
6312.434
556.3568
0.0
6458.539
10849.3125
29786.207
4287.8193
5186.0986
3796.4983
1823.0818
501.11774
3080.4028
0.0
0.0
4238.92
1842.185
0.0
0.0
1624.5603
522.6393
4752.827
0.0
2785.1265
21100.697
2099.123
0.0
1991.2239
307.48346
854.0819
651.5887
659.3308
3117.122
86.19206
313.97003
1736.7046
538.5409
3823.2585
193.72003
64.71021
7241.7783
824.3053
368.3036
1501.7234
235.39124
1170.6915
685.76807
1460.1787
4017.3481
173.5159
763.71295
8743.434
0.0
1648.4452
4331.005
0.0
39.6354
1124.6708
752.64886
894.79407
788.7279
7882.389
8614.98
3346.6514
2626.8608
352.6755
0.0
9.220774
59328.85
1512.9055
875.43726
0.0
1481.0037
0.0
2904.4368
51.81146
4688.0947
4710.485
4243.4766
798.13434
1144.6898
0.0
33.590004
709.5919
73.7054
95.191216
6444.265
359.56772
1716.5435
0.0
617.1078
121.02138
32.601753
42.08261
488.0513
907.8886
68.58099
2862.8928
0.0
0.0
1537.1862
330.5487
811.2836
0.0
42.683743
2117.1362
1342.692
532.53485
4309.4297
2284.707
208.0504
5877.965
698.5583
14327.453
911.4387
1624.074
4550.032
213.33456
490.22147
222.93784
0.0
3257.194
606.2405
435.6234
268.54105
218.3177
0.0
2112.0679
130.96028
10593.307
480.6851
1590.8867
14988.879
1044.0826
632.8886
204.81752
305.14084
7244.3613
9919.11
179.40155
1917.2942
1030.9601
0.0
0.0
0.0
1600.8826
576.84705
734.55865
149.45491
10018.67
941.6738
1149.3549
0.0
2884.5693
2552.332
2191.2366
1062.0664
407.54065
1144.9171
0.0
440.9263
122.47071
1292.4806
913.2292
3015.8342
0.0
49.715584
1075.1106
789.19934
17614.22
0.0
333.69373
712.96204
1135.0742
0.0
0.0
132.90073
4281.1694
1194.5575
0.0
0.0
53.455776
0.0
1960.6804
4566.395
587.28595
5176.336
717.878
12741.648
2608.1099
3807.4722
491.62164
0.0
9911.748
379.96408
439.50192
1328.7617
81.57951
1055.6115
404.02054
3183.1045
0.0
4661.883
3038.8867
27.191332
346.6833
2454.381
1245.6301
3.0767298
726.8114
7583.047
43.131416
1402.5261
635.4734
587.2843
571.77155
0.0
0.0
4797.384
1469.7898
457.8017
771.78156
4101.9854
2639.2441
0.0
2817.8706
340.12802
369.7143
6684.828
0.0
863.164
3347.604
1171.0339
0.0
0.0
10271.314
21802.688
1648.226
64.22434
676.5003
11431.389
954.4308
849.93176
1780.6198
1101.459
228.18289
603.2451
975.83044
26982.11
2540.251
0.0
0.0
532.9989
802.793
5179.075
6242.1787
11.219879
92728.44
6675.7974
635.0545
29.800127
629.779
0.0
10663.129
7606.4014
1256.9468
1889.2781
14354.107
7401.6167
1335.3096
0.0
213.2956
1010.47003
259.18164
967.34644
12663.854
300.8706
1840.8958
215.43611
236.70297
3756.1152
200.02446
4417.9893
15824.277
1510.3009
0.0
4845.101
194.75137
1533.541
6755.3315
4157.1406
1419.164
2900.2773
0.0
3691.704
8042.034
11432.057
23896.176
746.4909
49.00168
11329.638
13.056431
91.743065
4331.0674
16.704407
1395.058
4532.7056
6208.713
0.0
106.37689
951.0693
720.0803
159.16298
161.08035
10419.066
17651.066
30648.156
725.2886
902.8203
1530.5693
285.8062
5832.8574
67.34666
790.53455
44.550507
36.30767
1410.1748
4978.955
5621.488
1142.7415
3388.7363
2234.2988
0.0
1101.1155
6341.379
5323.3945
2140.0083
53.086334
7122.655
339.9441
7374.4136
4156.153
3.7662506
0.0
0.0
5229.867
5620.267
7911.452
13982.439
725.5764
727.8536
852.164
1305.4854
1289.1544
9345.657
10324.237
5069.3647
8037.586
0.0
7800.121
1135.0386
5981.761
1360.9304
1291.4972
818.82874
18575.031
888.528
2133.1528
160.73221
880.5498
114.766304
481.05188
5594.239
525.21277
2140.7004
982.9013
4864.1196
1779.6249
1536.4034
373.65533
1341.8304
0.0
2196.397
436.4013
5306.9453
186.79868
2940.0269
51.154114
2896.8945
997.06854
5403.314
9221.931
0.0
477.67453
2535.0625
2746.5278
0.0
0.0
0.0
181.73848
72385.836
114.44499
0.0
2350.9846
2426.804
508.11932
0.0
43312.64
8399.496
154.90747
1783.3928
21189.531
3044.2324
8058.0337
1597.6301
4105.129
3217.064
74.6734
3950.3232
900.7943
2.6113205
1267.5002
1664.3999
5353.256
533.7979
4718.8477
1413.4167
9.873515
2997.7056
8.4460335
3006.7466
215.05237
0.0
394.8926
68.27811
10602.695
115.13286
490.41513
1344.0317
3700.9497
26.710083
0.0
65.27855
0.0
678.6023
65.95347
13796.0625
287.40094
2472.96
88.79674
1622.716
1534.0676
14550.055
2474.2952
2966.5107
1701.5747
1154.5143
1655.6602
2960.1616
1366.261
7823.2197
628.61566
0.0
693.3395
1908.4535
67.6517
36.592438
1877.1975
18283.766
16383.616
4082.9272
4017.179
1961.1908
282.84113
8431.37
0.0
12320.641
4459.1904
1067.0842
0.0
2805.5273
3049.1626
1087.0171
3992.37
2086.608
0.0
7926.6367
1045.8743
637.0972
325.99896
1965.1086
479.47318
6665.577
30.856873
9.054758
2072.664
282.45392
246.00404
5436.9375
164.96991
0.0
0.0
2023.0833
3135.5256
2026.0024
4852.5513
2466.1335
798.95764
1742.7229
0.0
1785.7812
350.93213
140.28879
1256.0784
15720.846
0.0
418.53262
1410.8486
1620.9595
5971.83
1273.0027
1632.2948
189.90112
7284.742
85.80866
12794.601
2170.4731
19930.957
102.306564
7324.4272
0.0
3627.5781
0.0
11715.815
601.7264
149.16505
1166.156
0.0
332.43893
359.46204
5254.6934
0.0
981.92725
0.0
1040.4165
0.0
15.525629
0.0
82.37043
0.0
3197.5598
714.22986
5227.915
0.0
1027.7183
880.3912
1254.739
10615.564
0.0
0.05552292
532.3087
1456.3907
2980.8499
1059.2222
7314.215
195.13823
5099.622
89.341125
0.0
0.0
142.34018
8607.347
4566.469
1042.1709
29.841019
82.42261
5474.623
3273.084
1083.8721
1889.3472
348.90387
3124.7266
270.59503
95.62701
14.759872
339.97855
1132.7825
0.0
700.15076
160.5306
9816.617
0.0
5487.764
0.0
125.15703
2917.7324
11152.377
4232.5205
3278.8755
0.0
0.0
101.34163
1020.87244
0.0
2522.4072
5087.961
1615.7073
3134.0867
122.99487
200.5636
2448.774
7987.2793
0.0
1517.8296
8456.511
527.39307
835.4105
1031.8563
712.0327
2392.7195
0.0
0.0
0.0
2564.8647
12140.236
275.4733
0.0
2075.9512
37508.54
169.6214
421.73938
4350.5913
0.0
776.20215
0.0
3950.9836
3125.1045
216.74625
618.26697
2410.35
157.07986
0.0
0.0
0.0
0.0
235.3256
1301.1802
168.96947
447.94827
166.31006
29.256275
1457.9695
16218.545
17368.951
2055.3518
3703.7227
2799.2874
481.9627
9147.686
7278.499
9498.756
253.38841
5738.664
1041.8883
0.0
1231.2476
7585.8203
3489.3477
2476.5627
2324.2178
492.51587
0.0
2506.3516
506.34573
5862.4297
312.3917
2149.533
0.0
3152.4268
482.9185
535.5097
1530.2241
0.0
5415.9316
1746.886
8836.803
5547.0806
6448.399
98.74279
0.0
820.3682
1224.2561
5040.59
278.4124
5813.908
67.44322
4.0757732
0.0
16760.812
109.928696
0.0
206.80933
705.1197
346.6551
0.0
901.38916
0.0
8141.477
0.0
316.74338
1051.9006
1219.2227
12199.863
1505.551
5207.4385
0.0
3483.1497
956.385
1137.9346
3997.082
1555.0311
675.9886
4643.9736
891.7988
470.91153
1301.2476
4970.439
48.8947
2773.7336
7037.954
945.1197
262.784
1661.7451
349.31894
766.56213
20337.865
372.4647
7996.327
13741.951
1164.462
245.24786
13071.446
727.5896
242.60312
0.0
0.0
7786.0674
1593.4612
2608.4578
20.196281
591.33856
232.14629
1047.3837
0.0
7125.26
4828.1875
3718.8784
5902.034
0.0
0.0
3812.065
7264.249
5.6849213
0.0
240.1035
1030.519
372.00995
227.68076
14926.73
92.108086
10379.718
3340.776
213.41388
371.91495
473.08432
0.0
0.0
1797.1548
1616.5801
5390.0254
174.95978
508.75385
1455.529
18382.512
2202.566
0.0
785.8479
0.0
4745.494
1556.1062
608.3932
9106.248
2347.1875
13511.139
0.0
111.39732
1333.7308
4177.9297
229.9734
4255.2153
6636.718
1867.637
85768.26
1320.7295
1006.5398
5069.039
31.637627
2510.3105
8000.0205
0.0
3247.6367
13778.358
12169.117
1451.6262
5911.0195
0.0
3914.3367
2937.1372
5124.9097
5468.6997
1290.2505
4564.9497
688.6186
898.1996
2.829895
5527.2705
67.28983
121.12216
2426.5737
836.14966
235.66003
1325.2612
0.0
1144.6377
359.1883
0.0
740.7093
0.0
11879.652
299.93906
807.51624
843.2217
417.48636
0.0
6559.306
6605.774
310.8991
7083.9414
1834.1785
0.0
362.1904
1682.6494
983.5682
891.08624
0.0
680.7258
8561.803
4380.416
0.0
5284.49
1871.5436
3381.9316
1279.2909
0.0
321.0463
3644.9912
0.0
131.91605
2086.4075
272.22583
791.8225
0.0
0.0
5814.37
2269.5737
0.0
2583.1902
466.6391
1229.8181
0.0
232.9184
0.0
4442.803
107.74057
3400.8677
68.351425
320.55612
0.0
110.4135
0.0
0.0
0.0
2862.824
196.17674
267.80466
82.84485
565.43744
4654.032
1185.467
3522.719
6622.0107
2943.7988
92.88954
0.0
9390.895
8598.49
88.0762
6981.721
1132.1019
900.9374
30937.18
784.5164
0.0
3251.4355
103.45607
1305.0227
2624.4614
144.52951
1417.6512
4837.1206
48.02672
1636.2646
509.87296
0.0
2739.4316
1353.4875
111.028435
3876.5251
0.0
0.0
56.085384
4250.0034
177.52313
0.0
1354.681
1379.9075
5703.1113
1423.834
134.34122
1159.5833
8027.9326
10.323875
185.30429
1922.4834
314.54175
3874.838
1354.78
0.0
3478.7712
40.968384
0.0
8234.045
753.6653
0.0
810.4718
0.0
3471.094
1637.6633
0.0
24.606216
0.0
8330.678
303.41632
1088.2258
192.11386
1776.6279
540.4325
2626.962
0.0
0.0
166.17822
0.0
679.1099
0.0
894.0653
364.46136
0.0
1102.541
1422.814
2244.599
1753.9153
0.0
3730.6118
8522.615
550.072
12.053896
259.679
32738.477
107.21318
152.01996
816.48627
662.28796
0.0
2195.4678
185.36382
546.5142
920.02875
9985.132
206.24377
141.2409
0.0
0.0
1075.5643
1953.7067
5567.177
2098.488
631.8258
2413.304
38.502663
46.61313
5892.329
6563.7314
0.0
72.34772
34.84778
20077.684
2584.4648
0.0
0.0
344.11005
103.038574
756.9768
1989.3784
0.0
362.9489
0.0
165.46605
2739.1
8619.9
978.1354
3724.9087
0.0
39051.383
191.41461
0.0
9752.992
3392.342
21.062653
0.0
48.062477
2672.979
5332.9297
799.7676
3693.1467
14723.341
0.0
406.38873
0.0
20054.744
1440.8619
4044.9849
563.5602
1141.3243
37610.82
267.0757
4416.8584
0.0
224.21272
3411.0156
325.83542
1283.4135
0.0
0.0
0.0
1072.732
2056.6226
2970.9067
1423.4976
685.94476
360.1481
19.84615
2464.0513
114.29254
1994.9808
2096.7017
668.6096
0.0
3414.1577
9917.621
4247.504
1244.8645
7326.2705
642.4812
0.0
307.69568
10299.096
0.0
1693.2222
13.284869
564.23895
212.49597
1138.0195
0.0
129.52144
71498.34
269.02908
6568.6484
8364.836
564.9281
471.10938
2087.2312
40.52195
413.01556
1086.314
0.0
71.64673
711.2525
1182.8099
0.0
0.0
0.0
1589.5154
2416.5059
4908.6904
0.0
1826.9431
0.0
97.485176
765.6677
848.9524
36516.83
432.85645
769.2429
1890.1528
409.02542
1345.6104
172.06265
2410.1172
43.39505
509.14938
3616.2646
3488.3584
2289.6763
149.68176
1014.0502
920.0382
3998.1914
249.9574
6762.4575
3044.5063
2063.5122
521.6708
0.0
0.0
690.8641
309.1972
446.83282
0.0
63.762688
637.54956
0.0
1160.5258
904.44916
0.0
41.347023
24133.227
1769.0647
0.0
1190.9181
266.54022
0.0
0.0
2142.0762
14661.613
5253.395
0.0
0.0
2168.1162
315.61627
211.79982
0.0
0.0
49917.9
0.0
3099.396
878.0475
9069.877
3782.2966
0.0
448.62387
820.15137
207.28235
0.0
380.11267
0.0
1327.2603
8916.631
4014.1035
0.0
1695.425
16050.209
2872.044
1601.2693
28.311653
3.8941803
221.05634
724.2137
0.0
0.0
754.4438
75.85626
812.8499
524.29895
0.0
4382.879
0.0
2290.4023
0.0
523.4415
21317.066
317.9084
16428.355
2754.8567
32560.111
8223.35
2518.4468
2294.3826
0.0
11521.734
8529.943
1223.856
0.0
1338.1504
844.25977
223.18715
499.48694
191.60619
4349.452
104.07575
1827.3873
169.21321
3311.1226
79.45709
2767.559
735.0884
90.9983
7980.1963
1207.5411
10024.441
547.3709
1956.7269
193.23917
143.27788
0.0
8012.3174
21.438614
106.13492
4643.9307
231.35364
1885.9294
96.617546
281.9182
194.95091
2292.1455
1632.8242
811.07886
2164.7954
1369.1252
1107.4406
104.30391
576.4779
157.28506
0.0
964.0753
653.8396
7673.674
0.0
6958.3555
13742.928
20.079819
3796.9707
707.4563
24.213623
280.19107
49.79238
0.0
2824.3184
10110.133
1083.5515
723.3103
507.74493
1160.8829
8.569977
9128.666
2181.1333
0.0
4186.5513
192.24149
47.03409
1127.7728
11.006117
1363.0347
14387.975
84.524185
4500.8916
0.0
6105.0483
5016.4033
208.11038
625.4198
0.0
4498.1064
1225.4998
2415.6748
1475.7736
78.313286
4018.4146
25354.617
2181.468
960.0208
9459.584
394.58917
0.0
210.92754
436.22046
4657.754
0.0
1443.8196
62.75096
401.95203
8452.015
6812.5186
890.5046
6977.9976
104.0804
2777.4072
6305.3564
742.068
4861.954
1029.9542
107.343216
526.5227
296.71136
5816.5215
5451.661
9763.455
0.0
1406.0831
1669.7537
158.64458
0.0
1949.6514
15.527023
402.39777
440.5391
2212.575
0.0
1758.228
332.05902
5595.5127
6155.884
6117.8647
813.9341
123.67398
0.0
19038.08
0.0
802.4959
0.0
1284.3145
1436.5994
349.2469
14171.125
118.29895
119.41873
737.36145
442.0349
1740.2566
568.7817
5849.5137
1187.685
10022.973
166.84122
0.0
497.61554
8254.039
896.4206
1778.9884
15396.887
0.0
5547.4434
102.13161
1016.4382
978.2163
1.1169434
4353.3228
0.0
4208.257
1112.4343
970.2174
0.0
1321.6713
1403.1091
0.0
0.0
220.21954
3279.713
0.0
693.4448
771.5069
0.0
200.16382
2889.7307
5970.184
909.0751
0.0
1261.4679
0.0
894.5918
5944.9194
1152.0907
1992.6323
0.0
282.14688
9978.45
0.0
2137.2249
3229.811
1517.2407
1751.8048
5812.201
299.02344
9340.842
16539.555
1060.0702
1281.2253
3058.688
842.3762
2135.3962
2369.9807
0.0
3072.6118
1150.9795
505.11914
340.6317
0.0
3179.6414
0.0
0.0
4256.456
6219.905
6892.2236
516.7936
5377.673
2035.4285
25489.207
63886.47
0.0
1673.6287
828.2006
1110.1348
1002.17786
90.28878
556.23566
1663.7544
0.0
570.2418
5921.323
0.0
8376.099
2933.732
0.0
8035.882
5414.2905
5121.6973
998.8053
56.1526
0.0
365.4903
3323.457
1840.0165
1982.8708
680.1199
748.47327
60.888412
2374.4644
1740.2588
13806.023
0.0
0.0
3996.2114
3370.3774
0.0
822.2457
91.3782
174.58067
2025.5703
0.0
1708.3948
666.8196
3148.2095
8748.468
5790.784
1954.2279
849.61255
0.0
194.76927
0.0
88032.984
822.11414
348.85028
2221.2996
126.75542
462.99738
3175.2622
136.09511
328.7658
105.29091
12943.712
1919.2673
0.0
0.0
521.29706
0.0
212.10051
0.0
72542.14
3279.0251
1568.4008
1541.3522
4112.699
11062.432
3106.184
51.83856
3879.5566
0.0
3764.745
9302.914
241.84421
4557.1807
0.0
0.0
11554.848
125.3654
541.93365
0.0
504.91663
641.3404
545.10547
1382.0261
4994.548
4054.6926
806.29565
1308.4648
174.19516
0.0
366.5099
78.9704
30670.602
9.058037
2731.8945
0.0
1875.426
1454.3116
1888.4797
0.0
158.40309
183.74353
1054.9839
795.7739
980.0721
3778.9297
0.0
148.2091
1678.6937
5463.891
769.32263
893.2893
0.0
308.83636
2338.3105
211.26535
223.4588
1401.5002
2707.0723
187.65733
689.9502
532.1441
874.4259
1230.2039
698.64154
12844.771
160.7381
202.09729
7.4621925
1584.4128
686.0576
39.840088
2571.812
407.26785
3310.247
0.0
14147.435
3121.44
4266.911
13199.431
3460.6924
328.6532
0.0
377.8337
1262.9629
0.0
53.50569
3025.543
0.0
866.5102
3376.3481
305.4309
624.9011
5172.8545
8510.924
0.0
2737.588
1351.9988
107.40854
1543.4703
0.0
935.36096
806.9618
151.26859
11092.025
0.0
293.11868
1412.2101
8747.986
3270.8804
29.401237
1517.7488
1647.7773
10331.135
381.9753
94.8764
2387.9138
1121.3713
0.0
0.0
887.1782
10929.133
10948.174
382.4795
7516.0405
12519.701
2771.041
1106.0874
2769.0251
3848.1804
4151.8203
485.59778
0.0
745.6202
2452.5117
0.0
3384.249
113.84044
1024.9707
3263.4316
1545.9541
3605.145
809.52576
6335.314
899.9297
10089.939
9525.089
79.50386
907.5606
1039.4471
0.0
0.0
4997.5312
1190.4536
2552.704
532.39795
3497.108
1730.0168
1951.2334
7904.825
1456.6177
5100.7817
11559.6
1248.3536
2371.739
0.0
192.28015
11503.779
15288.04
13397.736
0.0
1924.0425
2650.7754
0.0
3.6124516
335.41583
200.53766
0.0
2744.349
1218.7758
176.26692
1228.7906
17674.697
17573.594
1844.3641
12.924046
83.91159
1198.167
659.4098
391.62836
308.4071
646.3235
1151.6611
2590.4297
491.96857
0.0
239.54962
1247.571
0.0
3545.9888
729.57806
3024.1812
32.636456
233.07648
1029.7944
0.0
423.6973
19.448807
1650.4702
0.0
1858.8801
531.33716
544.95685
3415.8105
142.29495
0.0
4382.116
1062.3461
0.0
2896.5508
58.70845
16680.648
61.762512
3279.0852
86.89825
276.39905
1458.2906
2619.754
74.69276
19882.883
0.0
5800.9595
5839.0635
40.65169
1252.5316
111.19681
4032.1675
2209.952
6940.4414
6730.2
2308.6099
0.0
0.0
0.0
463.3108
69009.414
2825.1816
2198.3696
5287.4385
4996.874
319.09235
332.6467
423.49237
1694.9999
0.0
405.16772
1702.8987
0.0
3904.8418
0.0
18.570747
2815.7683
32.00341
7354.613
0.0
105.59442
707.2615
1426.2787
154.53912
80.400375
405.53732
0.0
1606.7163
1723.5719
10647.662
10262.146
541.76874
2737.6318
837.2392
0.0
90.414604
0.0
1308.1149
629.27405
721.4779
12143.057
2122.7998
4954.5664
5099.748
2454.4797
1672.8499
3066.8425
490.3361
1164.2935
1372.0623
12004.988
0.0
2244.8352
8779.025
6798.5273
306.19635
0.0
0.0
0.0
1860.0302
839.5691
806.9767
0.0
2966.6855
654.9672
235.69048
921.1689
1763.1831
777.7937
532.6836
239.28687
122.96411
922.6239
7341.968
1392.6656
86.03384
31.221031
706.50134
751.19275
2478.9617
0.0
0.0
1616.7656
143.03575
81.719406
0.0
8801.42
260.92755
2077.405
0.0
304.76538
389.53784
0.0
1248.1785
1015.10065
33422.72
0.0
191.49098
938.365
54.7586
0.0
0.0
3876.7612
4272.3438
2529.8262
0.0
0.0
2960.3638
0.0
3188.6128
236.81503
0.0
112.94395
6214.9224
12308.295
9750.725
833.0309
163.66927
0.0
10887.66
0.0
1018.74005
828.8349
241.75748
69574.02
0.0
10071.98
4363.503
12347.955
8.844063
5698.6133
0.0
92.76868
1563.2201
5019.7036
5085.8877
10.567641
1718.2654
763.5939
1943.2493
48.37136
214.91068
1042.9917
20537.188
738.0491
3946.21
4114.952
0.0
232.3573
592.7381
0.0
260.59903
11940.811
963.8496
247.03874
0.0
0.0
8165.2676
339.26663
0.0
5179.048
4004.704
0.0
7163.3174
9612.219
0.0
325.77582
3471.6309
1198.61
7669.3623
119.18515
0.0
0.0
0.0
7731.1074
15412.826
1263.039
96.97351
8902.735
158.04153
57.382122
5734.7373
1203.9121
2011.0782
1091.3088
2516.8262
0.0
672.30945
1048.5298
3775.8042
2752.9995
3913.7268
18946.54
229.99759
0.0
0.0
635.7494
135.5983
0.0
252.90376
1348.0574
3060.2769
8751.408
0.0
5444.369
2064.666
3325.4807
0.0
4.0390778
0.0
31222.242
305.53412
0.0
4186.69
0.0
18028.945
2837.9995
2276.9893
3265.7668
733.4972
462.07825
11758.719
240.42801
9623.792
25602.457
69.58488
16197.874
1870.1453
0.0
14210.992
783.87384
41313.684
3187.1138
123.93805
4719.304
0.0
13751.258
604.37585
170.65083
0.0
6267.816
458.99646
0.0
1400.5199
2006.4755
3411.9854
170.7666
1083.7775
72.86525
0.0
22086.5
0.0
0.0
322.28076
1063.4326
416.8665
14.473344
1465.8751
1771.9254
383.6626
1516.4171
2773.0535
4697.7695
8476.884
0.0
0.0
2465.3135
0.0
0.0
3189.2688
6.61364
407.72882
0.0
1431.3412
0.0
0.0
885.711
2487.4146
11979.209
1146.7433
649.1565
443.70264
0.0
6246.602
3221.8271
334.19672
0.0
1662.5431
5417.261
3893.8743
1258.2458
589.5543
916.93646
370.18655
0.0
2291.4119
1614.6696
36877.66
205.82956
569.99426
368.6158
205.89494
2620.433
62.439297
2138.9646
10.072441
18.92125
23161.703
699.62854
15137.922
415.69217
3762.4785
13206.57
919.5288
384.81775
1071.9941
622.8755
533.50226
655.6137
2407.7012
2058.782
107460.39
7482.0405
1748.8239
3778.1177
252.97725
3420.7642
1479.2638
155.22025
143.07585
398.43225
1224.2771
1279.8405
1013.94183
429.9704
581.8287
577.49725
4468.414
2967.7483
2411.4314
0.0
1347.5249
736.9977
11668.537
0.0
1201.7656
6528.7773
70.0112
896.2387
1126.2101
3352.3613
5008.1904
212.81384
0.0
0.0
1471.8429
15.865028
893.22437
1907.2784
3783.0088
11569.726
8710.779
803.06665
3005.7761
0.0
0.0
827.0027
6422.8306
2716.5679
1646.4792
544.2826
1021.92377
3003.6235
1290.773
20132.129
482.62112
2567.405
6.3383255
1485.383
866.8235
893.49927
0.0
372.33917
1190.8
7228.5117
511.88495
1557.2854
1460.8105
7.643257
3676.651
583.22266
167.91994
1477.4985
2138.2288
117.10841
846.7786
100.73168
1125.7909
2124.7627
9483.324
439.4933
6546.8887
677.76654
1003.79266
0.0
6986.1777
9841.299
184.81119
6040.7695
794.6184
2873.481
15289.035
5136.8906
0.0
0.0
0.0
0.0
225.1925
0.0
2720.109
0.0
390.01016
654.0612
0.0
356.26938
514.1782
0.0
583.1818
182.6596
7817.0957
660.1462
94538.81
1332.0984
0.0
85.308685
255.04721
144.63803
57.246464
6102.6104
1132.9961
19.883041
1985.3684
606.99304
6782.999
567.41125
1220.4716
243.60027
0.0
11233.088
562.0958
1029.5044
962.9376
540.62317
1909.9628
377.41293
0.0
2006.662
285.35248
0.0
66.78591
663.70435
56.470753
7657.0557
9609.061
2110.91
126.71954
0.0
1183.156
0.0
0.0
204.64809
255.30035
940.6007
431.48163
0.0
0.0
0.0
15417.938
17158.125
0.0
738.155
11.833519
10829.857
2968.2778
0.0
224.4066
719.1305
2745.918
2600.5796
12059.822
17.82411
0.0
2232.4092
881.8146
783.1852
96.51159
3547.7622
9663.548
128.38815
883.19324
171.29169
0.0
974.0662
0.0
0.0
669.5006
7044.1187
1980.8046
8250.982
9009.81
0.0
153.22572
7076.554
1477.7185
0.0
1353.5553
1217.5593
420.91022
986.99646
1452.7307
1611.75
476.08194
2857.5151
834.01917
1289.5497
25731.895
919.2995
3137.9675
514.95605
6343.9663
1343.423
2155.78
290.895
0.0
5251.4033
70.23015
701.3988
475.72684
151.16318
2628.294
11635.287
349.52377
184.84587
4125.6533
0.0
185.2887
689.98663
8313.065
770.1263
0.0
90.31035
113.543915
474.38477
2442.9487
2803.0986
1205.1785
629.141
6518.415
0.0
248.34369
928.6518
1076.5032
0.0
5328.587
2402.6707
388.8821
2520.507
0.0
2059.3804
2952.3718
127.44899
3288.5278
20664.334
283.93195
1305.1616
92.66609
16.744476
0.0
92.892685
1355.1658
237.67624
528.19214
4545.3945
0.0
72.69859
852.76953
0.0
836.3937
928.92126
0.0
0.0
0.0
9434.953
4375.096
2970.8232
265.67892
1099.0355
1228.3593
456.86053
5973.6445
656.1229
432.61682
799.6745
0.0
167.29599
2150.4143
828.1474
874.5111
0.0
0.0
15639.575
1317.1755
0.0
173.96075
2267.4526
0.0
459.13446
0.0
2056.0154
818.34375
125.79324
943.6158
2130.7615
0.0
1102.3525
1484.2477
1281.8337
13267.854
6802.753
8042.166
10371.2
0.0
3820.499
74.61482
5433.914
0.0
183.25049
0.0
0.0
0.0
1463.3912
2346.9197
0.0
3129.7974
0.0
772.10876
51.66749
8915.471
475.13864
884.1592
8.118008
2750.5083
24.481525
0.0
140.87941
1025.8491
4527.968
54.18116
636.2077
1020.739
1697.6116
0.0
576.1513
2555.4866
1119.7456
1220.8022
63.25926
353.4446
4463.177
1868.7866
317.04715
1415.0603
5807.077
0.0
377.68994
0.0
0.0
0.0
11.104019
63.727737
327.29114
2602.1829
98.56655
0.0
4586.0127
603.80176
17079.168
0.0
0.0
0.0
4371.948
1455.6116
80.58052
1922.6545
0.0
175.72871
67.48413
940.9452
0.0
14049.852
243.38188
1137.598
1049.9805
2441.6716
1327.5022
872.4272
0.0
776.26447
3415.3057
0.0
525.95056
374.00064
470.86688
0.0
74.75662
763.76385
0.0
32.058247
1190.8242
1069.6896
517.6307
43.212173
640.01245
264.4411
0.0
0.0
0.0
910.22534
3.7273254
10547.34
1371.8712
755.4571
113.631905
0.0
0.0
753.7475
116.610016
1011.8815
993.51965
0.0
4319.8516
2935.6611
139.67526
0.0
1119.3574
4284.1963
0.0
3433.3657
411.51187
601.6859
949.37164
6285.589
1492.1377
29.946854
1242.379
0.0
12801.5205
0.0
954.9414
42.764458
2010.2192
874.81836
4688.245
68.87128
170.99678
3303.898
146.39133
0.0
581.423
177.59064
650.8087
1680.3586
162.50517
194.89429
8480.71
427.11685
10990.7705
3967.5625
4645.674
912.7376
262.7481
1308.0352
1989.6372
2344.626
382.9162
2246.5444
10558.307
1526.9739
1596.695
5547.6743
986.6601
985.6454
2203.2952
5315.394
60.030632
8998.971
346.2267
3454.7031
6213.6694
1040.6671
5951.3716
112.24256
746.00775
1225.1656
162.24
1161.6349
638.2949
4179.9727
3234.4194
4440.337
165.62253
1886.8875
6098.2817
263.23315
204.1213
110.605835
2670.1304
2317.71
0.0
162.98933
1584.0281
11255.111
3507.4473
0.0
0.0
94.068
40542.184
0.0
5939.726
0.0
2295.798
0.0
261.4809
1862.2252
10051.67
1681.3424
2497.9673
0.0
0.0
155.83371
917.0419
0.0
491.88733
369.1239
138.40349
1042.0361
219.45839
285.1239
0.0
1204.3862
152.85475
2658.036
743.67316
7112.6123
302.6428
0.0
3023.4556
5889.1865
0.0
175.79135
1065.8962
3800.3936
278.49634
5442.0537
1931.4347
4821.358
280.84906
33.674164
14977.554
211.24274
0.0
1357.4348
4212.7
605.6288
1396.6198
0.0
0.0
0.0
130.65666
4681.427
5330.5107
172.06529
1124.3519
940.5908
39171.96
0.0
0.0
1389.48
1280.2319
114.42752
356.94116
451.40924
2010.77
889.61816
468.27353
563.98566
3110.4666
2328.5215
161.87453
89.2273
66.888664
532.74603
3943.4785
0.0
5367.0166
3020.0928
7819.501
1001.30493
117.82623
406.02905
0.0
0.0
15427.827
1571.8693
291.8642
0.0
8091.594
830.5895
4.41708
0.0
224.79976
2880.1196
4136.505
13066.115
172.70934
5223.331
2013.5793
658.0735
4583.3174
1359.5005
6758.0293
600.56506
410.5606
6429.4863
0.0
0.0
1843.3961
1889.2812
1751.8535
6709.587
5137.4004
1528.3744
133.19159
86.91698
244.04842
1766.7683
35.034622
1074.173
1584.3743
0.0
2456.6821
3554.5933
1968.9241
798.5702
507.55807
2758.7356
3788.0151
9821.061
0.0
965.99286
367.0657
213.7833
374.67615
2566.2957
11631.705
7362.7163
71.627144
8986.684
283.61127
1885.1614
7.482422
1101.3715
28.113537
2051.3445
1097.2803
941.3892
473.83664
0.0
220.40067
0.0
2245.2285
39.1967
0.0
1463.8644
179.68799
2209.1958
939.9275
99.50682
31.150497
11411.495
15267.002
12729.527
36266.14
364.0466
306.28598
415.76486
3016.752
5094.5693
524.3717
307.0665
0.0
0.0
3030.1501
495.4914
1448.0804
286.87286
2504.2468
1812.9938
0.0
1660.0417
22475.652
747.78033
4914.546
0.0
2995.7178
1482.8325
244.284
89.772224
0.0
0.0
2965.5261
493.14655
0.0
1577.1075
603.4575
0.0
184.74084
16506.506
2507.6545
2012.5442
940.5039
553.4073
944.15027
1904.7944
0.0
887.12006
0.0
705.89703
17220.41
0.0
1155.762
0.0
14804.853
109.76792
2588.0679
5648.549
4669.6494
282.82397
1444.9404
432.36276
0.0
1087.4237
102.31989
244.74733
1508.6143
0.0
0.0
44339.72
195.65556
1717.519
0.0
94.5143
103.699356
3011.3042
7929.6396
10.5907135
970.3318
183.62428
7218.448
115.6693
179.98138
486.24426
3014.148
773.6549
808.35913
0.0
6654.216
7915.4165
2866.0854
794.6331
6957.892
764.8234
5328.514
630.4476
137.80963
8503.228
8721.435
0.0
4989.6787
75.879135
3813.2812
594.912
1513.1116
5281.53
1091.473
464.4796
4228.2427
0.0
0.0
471.9856
73209.15
564.74536
519.6838
403.4935
27.816364
4570.5005
18.817219
0.0
8590.534
754.8699
202.37643
524.2358
2044.7986
6.874402
2426.7827
464.9711
0.0
1074.1312
231.93625
1821.4958
912.7153
0.0
275.33755
1007.2336
1400.7976
4.249977
1978.1831
0.0
378.5697
1641.1921
393.87573
1590.7754
2806.5896
388.42545
4097.7583
955.3458
1264.3624
0.0
0.0
2878.1426
819.75885
1455.5444
1566.9006
19.01258
1263.4734
6218.871
289.18356
930.14685
0.0
2393.8525
17.718462
3173.6025
0.0
0.0
0.0
0.0
0.0
0.0
161.45187
0.0
3732.4912
992.4951
2690.215
0.0
2841.3965
0.0
2108.0183
852.1679
3493.9482
369.63007
40.406868
669.1441
3112.1033
18694.377
2402.2017
275.1609
536.84015
329.39764
1227.5283
80.673065
3084.9707
1160.2148
35.41676
0.0
0.0
4542.2246
0.0
335.57428
4457.133
4816.332
125.82506
0.0
381.9918
7847.9053
0.0
1080.3545
0.0
106.31301
1515.1006
1574.8218
6447.2637
0.0
8472.147
4014.5137
4101.05
2163.2131
0.0
5532.2407
1167.0232
239.25285
237.86322
5065.086
0.0
6091.6704
44032.29
1556.2074
9111.481
0.0
2595.5122
90.74353
976.16876
146.08704
105.97992
50.358376
75.71818
104.91249
10806.617
1805.8143
5564.8916
7036.0186
0.0
2215.4766
0.0
0.0
224.967
146.86859
8056.955
50.434456
827.4252
0.0
2511.912
0.0
1162.3369
131.42422
1419.6152
9919.075
207.23369
0.0
629.99207
47.998894
413.53717
2545.4756
688.47894
64.15928
3434.24
102.15327
4586.748
1898.5842
5230.369
3802.4382
5162.175
1710.6038
696.5672
3998.3418
680.9155
1389.3589
3193.618
499.39648
560.32446
478.79553
119.53184
36.900692
1111.6606
1182.5753
0.0
2955.4277
8010.2354
47925.97
1521.8264
600.9597
9280.055
446.48
100.05361
3306.7666
2441.599
6283.126
13683.385
22.970013
10.046066
6431.6436
140.84329
4614.2725
432.5733
5212.827
7308.062
578.61194
5146.7227
0.0
1352.1704
291.12042
772.4147
2335.423
6538.1367
0.0
4882.8623
0.0
10702.53
43.35206
554.80414
478.76727
374.7421
0.0
974.7062
0.0
29.242249
5265.4727
930.0349
0.0
0.0
321.89618
2653.8882
0.0
563.92236
518.19055
218.98143
0.0
7441.9385
4695.4126
603.15155
11763.803
1213.3882
612.39813
2926.518
312.87024
933.744
0.0
2010.5637
1181.6975
1104.2092
8342.283
296.98404
0.0
0.0
1488.1638
719.75
65.01969
315.32074
49.94684
0.0
3207.2397
445.16708
32.354424
0.0
1321.783
4364.1064
282.97986
2187.992
1466.8958
1714.8947
767.9546
2636.8096
483.14377
2251.3462
25874.205
299.54236
41.990555
0.0
0.0
150.80081
371.0904
528.16583
1127.5455
1510.6531
0.0
22.389679
80.555305
10700.905
1964.0895
2247.2068
712.7635
992.8717
773.5282
14601.789
9558.085
300.68356
1674.0791
3856.1052
0.0
799.97437
9582.354
2658.4844
0.0
1697.3589
10136.6
0.0
619.92334
39.693897
0.0
0.0
373.53442
417.65747
1000.4312
267.8625
83.41074
19.869461
4245.4033
14178.828
0.0
1400.7317
0.0
0.0
0.0
12649.114
632.37683
1594.5798
3040.4487
104.271675
986.02637
924.86163
1122.4067
3905.0825
125.67373
109.850815
1582.0913
2074.7683
503.88715
0.0
7030.992
0.0
6846.915
6851.363
790.9059
604.1562
3576.051
3654.7869
0.0
4356.0303
374.48837
0.0
3.7809143
1106.9601
205.60725
0.0
0.0
407.33334
521.15625
7823.5522
0.0
905.8819
21.602718
896.35394
5196.0537
199.39325
127.21055
3509.288
926.1677
19621.445
5761.8916
13321.71
1842.7899
183.95819
407.32336
7610.715
0.0
0.0
8001.131
0.0
1437.5339
869.22144
11296.539
1940.8123
5555.2773
4055.2156
11998.02
0.0
342.2819
5916.787
11255.683
9110.996
189.89323
2940.0635
0.0
126.45567
2350.0962
9267.389
0.0
1324.4849
3295.6738
2248.5427
9498.249
1488.4674
2275.69
0.0
2521.5417
11453.129
1715.665
0.0
3994.9817
3056.068
774.75464
1679.7314
2850.4414
3855.07
1522.1561
93.78903
0.0
0.0
0.0
361.5094
1155.7725
2949.0732
0.0
14.999695
203.98206
16419.045
1234.0079
3994.7974
1173.5525
0.0
61263.367
7662.533
4.1460266
1390.2926
14094.444
5290.908
350.0957
1798.257
0.0
2278.8018
1209.4403
0.0
313.51163
3732.761
41756.477
4965.667
4303.84
1121.0665
2470.8765
3871.5938
0.0
20.731445
256.13675
2052.7556
718.0353
304.09348
5617.8545
489.46854
7396.7295
1876.4534
13527.545
112.56003
12157.55
1172.7565
0.0
212.63937
906.3259
4274.825
1435.9777
919.32227
61.6135
3351.976
911.0293
3467.0552
574.07495
344.6879
0.0
1470.1393
1652.7327
0.0
7896.7764
10071.177
5483.8965
501.79443
851.06647
990.66077
310.6833
1977.7256
268.33337
2559.7036
842.414
0.0
0.0
9239.332
935.45636
2475.0522
217.1619
0.0
4274.163
3005.9053
7168.076
0.0
98676.28
1533.5071
16592.035
0.0
140.4007
5679.841
1677.3041
8303.3955
0.0
7522.5723
45.843544
814.2222
3186.0679
3798.3574
0.0
883.21234
2057.811
22.396866
5293.843
1013.1908
1108.0575
45.535027
114.52629
797.5664
268.77826
1304.2329
1351.8889
861.65076
241.88814
2419.8723
10121.365
3493.9307
1812.8994
998.8485
261.41864
1008.64343
156.9776
3599.585
195.7753
0.0
4021.5964
0.0
10324.496
718.7397
1420.5676
249.97458
12294.945
9155.973
0.0
3181.58
109.05961
1372.3212
0.0
0.0
464.3816
16070.623
3401.52
119.3006
702.45496
87.41282
9846.88
311.9292
8439.155
66.01053
503.5911
50182.86
185.46336
549.4867
0.0
7111.122
1352.6855
1686.7719
9383.809
2854.1616
0.0
162.65617
1370.7703
7733.826
0.0
971.91797
741.25836
0.0
3339.2573
186.95242
1607.6161
734.86
0.0
2871.683
0.0
414.32993
0.0
0.0
19757.297
519.271
44.67044
13.495659
371.75864
4029.4834
0.0
8644.1
254.84969
1375.7933
91.01816
5194.4043
0.0
7255.549
5083.492
1648.0222
4921.0576
4191.508
1115.357
40475.812
5474.501
454.42255
111.95923
2344.026
0.0
78.12019
524.932
786.8102
9669.237
1129.4329
0.0
0.0
916.51465
332.70444
3628.3872
206.01794
1318.7075
12897.57
7141.8164
12302.49
94.890144
683.0065
10684.543
1739.4706
587.7696
251.01828
5335.6396
1677.9126
789.85583
54.28865
2666.5024
833.00684
11848.693
4920.4126
0.0
5557.3154
4317.129
0.0
226.41882
215.80743
435.56323
1711.6733
433.39502
281.23203
2752.6704
10793.09
802.8249
532.07
90.820564
673.8959
0.0
0.0
18.706238
11743.445
15609.403
115.77254
8689.809
1641.757
952.18933
2454.3833
118.695595
44.175476
30386.523
0.0
8.188934
1857.7476
0.0
450.44168
4926.6987
770.6777
0.0
1085.0964
102.475784
692.3362
628.172
0.0
1973.2367
186.742
5233.018
317.4362
0.0
12198.784
850.38513
59.216057
2432.9119
94.48191
0.0
1680.6672
6436.755
84837.3
332.32797
5237.5146
1619.6696
385.07156
1797.0776
4328.323
0.0
5228.2256
123.45771
3841.5278
11249.916
110.126526
12974.833
7187.586
1785.926
0.0
15122.894
8559.17
0.0
0.0
228149.8
8543.753
765.06506
1482.4849
1739.5493
0.0
54.25325
1007.84796
950.4674
0.0
363.26776
412.93143
2151.5803
970.9944
3056.2651
48.499313
2702.877
720.97205
0.0
0.0
5151.7544
374.2652
1444.9397
5984.9727
10777.336
884.7551
534.9521
546.51685
872.8317
3941.0186
169.75824
482.89392
7513.3574
9772.535
0.0
537.4835
2385.9473
2324.195
5568.7812
0.0
0.0
8294.966
9203.689
3523.5854
0.0
5625.4785
114.09329
0.0
1025.0769
3470.5347
187.7601
2162.1362
233.44955
1006.21796
69.06637
2652.471
703.2469
1910.8534
19.245605
0.0
278.07803
3341.5244
4069.3071
472.52435
6233.8506
20152.162
29488.123
53986.555
17468.604
406.78442
302.25452
0.0
1062.0536
0.0
9778.046
9912.776
237.96028
1153.8528
0.0
884.74963
787.81165
0.0
118.42325
756.5343
3301.066
13208.769
892.5354
351.20538
692.3044
0.0
25.350983
15771.029
704.1875
384.48764
648.8349
123.73399
6846.321
3139.0957
9970.415
4251.1953
784.72955
1811.3257
2495.5054
10756.941
0.0
14.211197
0.0
41.701324
558.1929
63132.164
2998.8145
690.2402
0.0
0.0
5745.706
9002.419
594.1913
0.0
10044.016
451.12518
161.25383
10780.051
0.0
5028.176
276.07782
0.0
3419.5156
508.13824
0.0
9111.52
0.0
4073.0815
855.9782
545.42914
0.0
1968.9473
3124.3306
149.12518
0.0
3010.3652
159.67245
13335.037
0.0
1078.0336
390.33765
2328.0503
47.97116
11279.102
0.0
1146.1671
0.0
1441.5576
3218.994
1849.676
1400.809
880.1352
228.3548
7875.6396
383.49622
2386.666
614.0923
712.0685
158.45935
5932.496
1835.2283
0.0
0.0
0.0
13583.577
3355.7283
32.47493
1247.1852
205.81293
5275.237
2482.4612
222.05307
18365.678
6958.083
155.75
10718.725
0.0
226.43991
365.07202
3308.0723
12199.021
2193.1987
3610.7957
29.615576
472.26373
734.6699
232.18979
2291.5688
1225.229
653.8223
1370.2119
1170.1251
18341.994
1281.5646
0.0
3258.5369
814.4175
0.0
8465.627
17314.4
233.2408
336.6162
6842.618
1057.1508
6759.1587
841.77057
5104.6787
548.3594
0.0
8043.3545
10669.231
8891.379
39.779602
473.91962
85.58324
2785.009
4576.601
1513.1932
15526.91
8614.053
349.50934
17513.594
102.47035
294.28235
5154.6826
2742.3303
278.32678
479.8727
199.31708
1681.2131
593.5648
0.0
0.0
2574.7976
2980.768
1024.3328
1419.4917
1362.4377
8597.371
0.0
0.0
1318.066
254.57704
158.92653
0.0
2937.2476
0.0
2609.009
126.02688
244.02267
5673.079
620.99695
2086.1406
152.49954
1666.9121
601.5654
4107.403
5149.1885
12452.894
1236.867
0.0
0.0
0.0
295.0202
941.57587
473.96246
2424.4763
132.5602
5132.593
0.0
168724.06
986.1712
5180.1514
58.06818
2640.9094
2489.2402
21.392391
74.15245
134.91678
0.0
1770.199
1641.4596
20665.95
1024.4565
1391.1943
3038.7842
2241.931
1461.9702
0.0
216.60864
0.0
7617.9346
265.081
1287.08
19670.977
8263.85
749.1096
139.51146
313.71008
0.0
3915.526
0.0
961.2871
567.3166
62.700035
596.3416
0.0
859.7556
4725.014
25.562845
9931.956
0.0
62.16922
523.2343
0.0
117431.41
1325.3958
3202.1182
4261.245
274.6325
94.275894
20.072708
370.32703
497.65204
16561.469
6596.705
0.0
8531.365
229.98236
1294.5837
1494.2804
1521.188
1635.5076
0.0
1876.5088
711.0458
129.6911
5043.6143
1475.9937
2947.0166
5714.411
130.39612
0.0
524.95355
127.24115
5956.599
2190.3652
252.14116
6532.0264
780.00916
2861.188
299.7908
0.0
254.94484
1828.1711
179.53491
3120.7627
1160.5071
22299.535
0.0
0.0
45.789974
531.5231
2916.8096
7974.63
700.2051
946.55115
0.0
15566.072
192.18129
7844.7124
1017.3424
2315.047
0.0
1453.697
2796.3765
6159.592
1638.7007
6592.7354
2351.8247
584.5105
584.4589
0.0
119.07334
573.4181
17351.352
998.0123
556.08203
333.59055
895.76794
0.0
196.83943
321.66107
958.5419
2342.2297
455.07175
889.2975
131.29306
0.0
3095.794
16514.156
24.576118
73.69945
2288.1702
236.52348
1342.4915
1661.167
474.52368
8730.516
2929.7622
0.0
6042.9395
0.0
803.2717
9136.93
1428.3154
178.40808
67.451385
4.053871
336.3478
405.73572
225.28482
100.17711
0.0
54.61693
2345.665
0.0
3352.4111
93.91802
8917.986
250.0416
236.22433
0.0
97.29544
380.34402
1439.4645
2949.9912
3982.5493
9081.477
2729.7417
1237.5361
1512.3674
515.2663
1967.1365
50557.562
0.0
0.0
0.0
2784.8115
0.0
45.88516
216.003
544.71405
29.184242
0.0
136.73721
1182.7689
447.21597
1865.1709
71.050964
191.76105
326.6805
1235.3159
0.0
0.0
2117.7693
1403.4272
4176.4526
284.2567
0.0
1861.2072
0.0
7769.2485
145.33727
172.53056
0.0
119.354416
1430.6361
647.29297
12918.491
3344.3945
0.0
2271.5032
71.91108
237.002
576.5972
3143.129
0.0
12567.751
0.0
2999.002
0.0
0.0
2995.3232
173.45926
0.0
1297.0111
0.0
1046.1549
0.0
0.0
2487.7295
10314.515
101.73695
734.2775
0.0
17540.344
3372.143
4021.2908
626.1436
4863.91
3315.7595
0.0
1801.6372
6891.744
0.0
77.30418
9936.008
4081.2686
0.0
117.828255
8729.459
1744.0642
0.0
374.80002
7998.502
2048.5771
869.9136
0.0
104.86191
249.24014
5241.105
5790.034
697.303
2076.8062
9488.677
0.0
3438.4185
4256.159
1729.513
808.6
2135.0444
4893.726
49.300117
916.40515
160.46347
72.15757
2393.269
918.96185
847.75134
6177.074
839.91394
3725.6782
6372.1797
1682.2505
2489.4126
10262.918
1947.2654
1842.9551
488.09323
11553.59
1110.7587
10086.577
2443.7642
6758.9795
10884.829
4092.9893
3261.4568
0.0
19832.139
905.9381
4596.5967
548.0918
22.072178
9439.662
11126.816
868.00916
595.2085
4813.8184
0.0
1445.6108
5313.294
0.0
8169.7266
7926.1963
13752.508
4990.889
8323.146
644.7782
321.68216
2783.373
0.0
621.8373
0.0
9908.945
58.72166
2076.533
512.49567
85.260994
493.2134
3576.0757
0.0
1494.2101
0.0
0.0
41109.9
0.0
0.0
1444.4425
211.83907
0.0
888.01196
0.0
324.4499
45.65311
60028.816
3053.1538
1727.0697
0.0
534.1412
359.95364
4611.0283
658.10657
352.14804
0.0
0.0
3857.8042
1474.0017
7917.129
0.0
1612.3336
3001.3225
10417.545
306.27313
0.0
208.37636
219.07503
1298.7338
2084.296
28.584024
0.0
1369.4552
4332.0415
9988.385
360.0924
340.27405
4669.421
1217.6304
3565.8167
11438.037
1804.5453
2282.321
8636.108
956.39905
1403.1055
689.8838
0.0
1443.2651
0.0
90.48386
0.0
6690.925
1497.8468
200.5749
6569.811
6835.0527
1473.8865
136.17722
191.81335
3813.9058
1188.4966
650.98267
155.84402
943.0016
98.574165
5335.58
0.0
0.0
125.783356
0.0
5662.7847
876.20795
1045.9609
1646.5056
3426.5068
2259.5347
4695.5938
0.0
8446.953
268048.3
204.82272
0.0
0.0
991.1481
456.1844
441.60016
654.71643
9498.4375
498.70645
251.11578
92.37005
1509.23
5779.8506
952.93024
0.0
1663.7385
249.2073
77.85771
0.0
0.0
661.4203
2400.9912
4224.574
1346.2261
1730.0723
135.91048
322.51718
277.78967
7296.6465
702.58734
117.66721
1840.2585
0.0
0.0
9.37117
0.0
221.65852
1641.3643
581.2077
549.4158
0.0
0.0
954.3014
0.0
14.138527
1243.915
1851.435
316.31036
277.12164
331.93567
542.08093
2390.7734
1288.3217
11681.408
3197.9946
3895.4429
848.5389
1690.8344
0.0
303.7749
1383.5979
0.0
1775.084
359.72226
1381.8284
256.11783
113.98371
9341.896
123.67721
7158.0454
3479.2334
3089.887
11132.035
689.34265
9256.6
4805.1255
1871.7886
19.059738
3870.4785
0.0
0.0
774.07983
65729.67
2468.3718
2340.4988
0.0
0.0
147.2762
1344.3906
9654.379
0.0
613.2249
0.0
3443.1895
431.83707
6844.5137
0.0
1137.7543
2294.666
4904.0586
4023.0864
247.29393
590.25745
1996.9468
58.630398
3954.0889
3776.9429
4239.8877
5.1015177
2301.7407
1072.318
1283.4307
2110.7349
34.16111
418.8188
402.4515
83.74224
1545.0991
1656.1676
2457.1243
0.0
2059.3975
3050.5586
5510.5503
145.90639
0.0
1500.971
143.83165
0.0
631.23566
643.08936
24.992134
1041.2363
488.9535
1396.9023
1785.279
1925.3969
266.00052
10178.148
931.484
2457.2822
1177.2937
284.5669
22808.834
3255.727
0.0
892.68085
48.798325
1258.1165
3322.5312
304.4738
1288.5297
2761.2583
898.8834
697.5663
300.49442
3113.7622
695.6161
1096.2009
995.3003
572.22876
0.0
301.57126
897.8307
0.0
2141.3289
2390.563
0.0
0.0
624.0902
3.3133926
4561.7964
0.0
478.09528
435.2578
148.88957
2418.8281
0.0
438.41205
5067.51
2455.6802
0.0
253.48639
0.0
0.0
6734.5537
3964.9517
2104.3733
0.0
688.08765
1503.1635
14803.83
995.1681
0.0
0.0
0.0
152.25435
512.94147
15867.959
701.9412
0.0
54.570618
0.0
3260.549
12.134724
7313.6484
10676.435
2.2542267
1024.3527
10345.51
211.45743
368.65875
1320.9639
0.0
1190.25
6521.6807
0.0
3011.397
114.35005
604.8403
0.0
9852.294
2759.637
504.13458
137.90468
1089.9965
9582.561
1619.2192
357.596
0.0
0.0
65.92668
1936.4214
13448.429
583.9593
325.758
696.5773
4301.215
1217.7998
0.0
249.00189
819.1696
0.0
49.309753
10295.432
2452.7969
518.3779
7608.3047
110.51257
18866.828
1642.76
1720.3601
8603.391
8775.398
2018.4067
1981.8267
15910.14
3273.475
126.29465
0.0
81.58157
3678.8184
1451.278
587.58344
1556.718
1026.6621
125.78343
460.6295
54676.14
0.0
3216.9526
47.783318
1626.31
1326.0237
793.2979
38686.164
483.69452
0.0
0.0
0.0
2054.2566
0.0
2857.144
0.0
801.3366
0.0
96.56404
105.592125
3605.3289
8471.59
232.72537
1479.0364
2961.639
177.64809
826.4591
1053.5042
2298.0303
7406.202
3053.464
0.0
2118.383
3847.4204
13184.168
7518.9204
0.0
76.45919
46.37877
0.0
239.55363
2190.8179
0.0
0.0
20208.457
205.67752
2016.3553
4673.334
6801.9385
374.78735
12208.127
0.0
53.218773
407.5488
0.0
3684.6284
2805.0574
239.33029
6064.9014
3443.1914
1811.5187
35.27336
0.0
53.50229
73.89889
0.0
9645.078
12104.176
14.347557
0.0
2264.403
1772.8715
1769.3303
194.0975
863.2605
257.17224
3130.7888
491.7052
1141.4779
849.70715
0.0
3517.3652
0.0
2836.483
1225.0381
19.086704
3903.0708
232.18074
16.810791
591.74207
4686.242
7.8771024
0.0
176.13585
151.31961
37.483795
5766.172
8935.045
15049.176
12608.439
221.56145
2297.5195
71712.58
0.0
13020.216
3378.4546
0.0
8074.3745
0.0
211.83757
0.0
641.6599
0.0
555.25366
3528.4585
140.20358
0.0
1489.982
336.4807
8165.594
332.866
0.0
1145.0068
7869.92
690.5692
544.19324
1643.1029
65.862526
59584.367
11299.723
899.749
874.9092
1133.804
62.09462
4196.1123
2804.4668
511.53198
605.40784
198.93083
5904.794
5819.346
1174.3054
503.65356
37.056522
0.0
0.0
4871.5166
274.55432
127.26367
0.0
884.8057
547.907
6701.1885
3559.2642
6546.7188
0.0
0.0
6340.1997
1074.2178
1374.8367
3395.966
178.89284
1026.3828
0.0
0.0
3208.4346
5332.2695
0.0
914.6465
0.0
0.0
49.35051
401.3078
718.55817
5.142681
0.0
2409.4905
0.0
517.6646
1866.6052
7179.9507
11294.074
6123.622
0.0
113.80679
106.43533
0.0
75.94705
1255.218
2408.531
725.13574
7047.43
51759.414
140.70377
0.0
6849.535
327.83496
1376.9497
2449.1663
3609.1553
54.574806
271.58267
0.0
282.70578
865.22595
1224.6356
25.586212
0.51129913
15515.033
5276.679
9951.989
411.48453
553.43054
165.77565
0.0
2442.3145
0.0
767.6027
429.14102
530.46606
5273.134
318.80856
2250.9844
1542.0605
738.2796
2299.7534
228.3201
302.07928
170.40282
1214.2717
3207.3901
3541.669
460.1336
855.6232
541.86847
4438.995
421.91373
4699.194
3311.0242
2803.8735
0.0
2303.5972
368.86996
163.44626
0.0
197.99753
20740.855
948.0212
24.43618
4430.3555
1689.0615
1066.9755
216.9618
4971.875
264.72888
1060.3043
760.8243
152.27692
0.0
2468.6965
0.0
939.8993
9679.858
17712.129
33.715797
6715.723
3469.9229
78.69223
107.40237
0.0
2169.2188
0.0
561.36755
1696.3145
213.80817
1904.95
3568.9248
147.7695
2482.0825
2382.4053
1347.2528
26501.414
558.20807
8008.278
2445.478
7402.344
5477.293
0.0
0.0
1179.306
381.53378
0.0
0.0
82.572845
8355.196
1479.4979
1375.4008
54.971756
159.07039
340.2293
643.9205
0.0
3608.4346
5540.9873
3429.2864
0.348835
3575.5962
154.77867
838.2024
1161.2086
0.0
2127.9558
619.2103
5087.886
213.40512
7088.6265
1505.1858
0.0
20.051525
2333.4817
0.0
6224.579
0.0
1003.87317
481.18335
237.1194
7567.1514
3372.541
5094.99
486.37524
2053.1958
2188.6606
1583.0933
668.94434
1119.686
11758.76
138.73245
207.7127
2425.9963
5009.244
731.3933
3925.9849
0.0
1662.3584
4595.197
0.0
0.0
105.964645
0.0
1413.1573
47.257385
781.32837
177.62672
8003.8047
266.8595
50.687683
0.0
0.0
203.48438
0.0
936.8076
0.0
779.76996
5629.9927
0.0
1773.6777
643.5191
2119.2458
303.7211
15.829781
1237.97
6717.6885
3287.5708
2593.9521
1474.9165
1346.4818
3336.858
4300.549
3240.8074
270.46042
395.56696
2721.0732
0.0
3740.1182
13172.719
32.16461
61.87313
9195.617
302.7991
889.8955
989.199
8497.46
345.2607
0.0
1658.2253
886.88196
17138.857
578.438
22.10109
383.46472
4504.883
820.2117
0.0
8738.63
2269.547
0.0
2773.151
2379.6326
2512.7417
10983.156
18374.727
