4.1373305e-09
2.3091322e-06
3.3410384e-08
1.836531e-09
-6.6792103e-07
8.189951e-09
4.0361422e-07
-5.8573465e-07
-2.5013273e-07
1.7543942e-06
-2.1344684e-07
1.3031895e-07
-1.016041e-09
-5.3770155e-08
4.201525e-08
7.155671e-07
3.4175667e-09
4.7019782e-07
2.8736486e-07
-5.390143e-07
5.575913e-07
1.4273022e-07
-1.5905175e-07
-5.116785e-10
-1.0348913e-06
-4.6538744e-07
-4.536995e-07
-6.9200024e-07
-4.039992e-07
-2.3412306e-07
1.2717065e-07
-7.78396e-08
5.614105e-08
2.1670711e-07
5.541542e-07
-6.728595e-07
-1.1249657e-08
-6.619169e-08
-9.2807875e-15
4.1585923e-07
-2.3313358e-08
8.17494e-09
1.1010142e-08
-1.1980211e-10
2.5023664e-07
-3.719357e-08
-2.4641636e-06
1.0797734e-07
3.8484335e-10
3.337278e-07
4.4897233e-09
-3.419735e-08
1.6227377e-06
2.2897282e-08
-1.0738495e-08
1.1836544e-06
4.3968047e-09
2.916262e-07
-4.1413122e-07
2.0675843e-07
-9.433499e-08
1.1656859e-07
-1.1823033e-07
-7.260301e-07
-1.5466127e-06
7.202783e-08
-3.4002284e-07
-1.3163208e-07
-2.8036922e-08
-1.6813334e-07
1.2128676e-07
-1.6072067e-06
1.2863309e-08
3.0236708e-06
-7.1453576e-07
-4.510177e-09
-1.575645e-07
-5.814633e-09
-4.3482777e-09
7.9868204e-07
1.1299829e-06
-7.011692e-08
2.7206347e-08
6.792843e-09
-1.8642716e-09
1.5642392e-07
4.5215396e-09
8.4044825e-07
-3.4726824e-07
-4.2262167e-07
1.1089318e-08
1.464207e-07
-1.1534297e-08
-9.850052e-07
-1.5379178e-06
4.5734666e-07
1.0299418e-09
2.8414343e-07
-1.2415722e-08
2.7506655e-07
-1.6060604e-11
5.362784e-07
-6.0141055e-08
1.4897155e-07
2.2910183e-06
-1.3488935e-07
-4.6997863e-07
1.15276585e-07
-4.7435402e-09
1.6351779e-08
-7.160696e-07
8.848761e-08
-2.2202445e-07
2.4281858e-06
-7.093377e-08
-6.154654e-07
1.5279298e-06
4.5813346e-07
-3.0044194e-07
3.0116905e-07
2.1312498e-07
-5.6085736e-07
3.5120564e-08
9.975266e-07
-4.9625186e-07
-1.7497445e-06
1.03646066e-07
-2.458861e-07
1.2593676e-09
6.0626746e-07
6.422897e-09
9.22801e-09
9.845e-08
-9.33036e-07
2.9054945e-07
9.660821e-09
-1.1541678e-07
-4.603525e-07
1.6918786e-07
2.1357139e-06
7.8406586e-08
7.340365e-07
7.2865036e-10
2.1500833e-08
-3.558906e-07
-2.3010887e-06
2.2330666e-07
6.330567e-09
6.056094e-08
2.1704611e-07
6.337739e-08
9.353341e-08
5.7950977e-08
2.0741716e-07
-1.8478873e-06
7.7581103e-07
6.633227e-09
-3.9527518e-07
1.4768742e-09
1.3438621e-07
-1.8670411e-06
-3.891761e-07
-3.8215435e-07
2.5620724e-07
2.6155943e-08
-3.654823e-07
-1.5952348e-07
-6.4960126e-08
-1.5109576e-10
1.1180049e-06
2.142022e-07
1.0177653e-09
1.1769291e-06
4.7287222e-07
2.8256984e-08
2.062327e-06
-6.800943e-08
-6.0947826e-07
2.7356754e-07
-2.449423e-07
-1.3288153e-06
-1.8676893e-07
-7.5541516e-07
-1.759643e-08
2.490618e-06
6.192982e-08
-3.753682e-08
-3.6878334e-10
1.7391888e-07
-3.1086302e-07
-6.714265e-07
-4.7324122e-07
2.544788e-07
2.262134e-07
-3.8300254e-07
5.8966364e-08
-7.2754e-09
1.9855698e-07
2.1750175e-06
-2.8053644e-09
5.6432643e-08
5.3453067e-07
-4.8993236e-08
1.2240875e-07
4.167728e-07
1.006808e-08
-1.871557e-08
-8.91533e-07
7.797361e-07
-1.7760697e-06
9.10784e-09
-1.5887144e-06
-1.2951904e-06
-3.0948408e-07
1.6374266e-06
-1.07667555e-08
9.0122775e-08
-4.1934958e-10
-3.5768064e-09
2.3350857e-07
1.0916663e-09
-2.6209042e-08
-6.8948346e-08
1.8646654e-07
-5.0046392e-08
6.941703e-08
-2.0235142e-07
-5.5084934e-07
8.271506e-09
-3.6561204e-08
2.0953335e-07
5.8227002e-08
2.8844015e-06
-4.3111896e-07
6.3966e-07
-9.3171093e-07
-1.489822e-07
2.8333078e-10
4.6166365e-06
8.903441e-07
-1.892252e-10
4.2042124e-08
2.649511e-07
-2.5850511e-08
2.3050453e-07
-7.2400844e-08
-7.4940107e-07
2.910161e-08
-4.6226902e-09
6.172857e-08
8.280618e-07
-2.9904907e-08
-4.7988893e-09
-2.6388648e-07
-2.9500734e-07
6.703986e-08
-1.6051357e-07
-3.9575937e-07
7.199638e-08
-2.0786688e-07
1.8896252e-08
-2.3733624e-07
-6.0683236e-11
1.0858226e-08
-2.5585769e-07
6.4667034e-07
1.8150405e-07
4.718092e-10
-6.065154e-07
5.057712e-06
3.6704836e-07
-3.3148273e-09
-3.9309455e-07
-3.6302445e-09
4.8887734e-09
-1.6319522e-07
8.606371e-07
-2.5191318e-07
-4.3980393e-09
-2.1748878e-08
1.285459e-07
1.5658241e-08
7.130659e-08
2.9258064e-07
-1.4687281e-07
5.521387e-07
-1.0892552e-06
-1.1646637e-06
-2.0855732e-06
-5.485343e-08
1.0263257e-06
-2.3314399e-06
7.3304926e-07
-5.7743966e-07
2.7806846e-07
1.8970258e-07
-3.3871237e-07
6.6789875e-07
2.2507974e-08
1.4383357e-07
2.2653637e-08
2.3986868e-07
1.1438193e-07
3.6459014e-07
-9.302807e-09
-3.8223995e-08
-1.2642962e-08
5.84174e-07
1.1826542e-06
-2.4681648e-07
4.1481506e-08
3.77678e-07
4.3728363e-08
9.083019e-08
2.2446255e-08
1.2924744e-07
-7.1802404e-08
5.8169498e-08
-2.4820161e-09
7.377428e-07
-3.0118077e-08
-1.0258221e-06
2.1796611e-06
-4.7152312e-08
2.310553e-07
-1.3479718e-06
-8.188608e-10
-2.968863e-07
-3.308659e-08
3.4346524e-08
1.0939461e-07
-1.481262e-07
3.098427e-08
1.7367768e-10
-1.6464224e-07
-1.5388229e-06
2.8231366e-06
6.878003e-07
-2.5108235e-08
9.1327007e-07
4.1542177e-07
1.186518e-06
-5.4085046e-08
-9.436755e-09
-1.1605173e-06
3.8474124e-07
-1.1449171e-07
3.883975e-07
1.5881727e-07
1.9073758e-08
3.6733755e-07
4.8116834e-07
1.905656e-07
-5.65553e-08
-9.479322e-10
9.694202e-07
3.8051766e-08
5.6714766e-09
-1.6987498e-07
-3.647355e-08
-2.2917112e-07
-1.8727981e-08
2.945621e-07
-5.6650214e-07
-2.3849289e-08
3.098061e-07
2.1150035e-07
-8.6025534e-07
5.579499e-08
2.8374152e-09
-1.0117824e-08
-1.3341699e-07
-1.3340684e-07
-1.2796639e-06
4.0435655e-09
-1.6323807e-07
-1.3316853e-07
7.01422e-09
4.3596593e-08
-3.6208166e-07
4.917919e-07
1.2455119e-07
1.4898836e-07
-2.1112532e-09
-2.7002272e-07
8.0519726e-08
-8.582949e-08
3.049805e-09
1.8996323e-07
1.3507011e-07
-2.3156502e-08
1.307618e-10
9.857435e-09
5.985868e-08
-3.0032385e-08
-4.2379205e-07
1.9796519e-07
-2.0279002e-08
1.6581346e-09
1.7991011e-06
1.9313281e-06
-2.37692e-09
6.8350516e-07
-2.2551197e-07
1.5061529e-08
-5.1517833e-07
-4.1613507e-08
5.0024006e-08
-3.5006317e-07
4.02532e-08
1.9770368e-07
-3.387231e-07
1.1595719e-07
6.393011e-10
1.2193213e-07
5.25798e-07
-2.9363477e-08
-3.616383e-10
2.8724946e-07
1.7072576e-08
1.1203621e-07
-2.8873357e-09
1.742983e-06
-1.1661623e-08
-1.4768105e-07
-1.1330411e-07
7.820511e-07
4.6194346e-09
3.1680287e-08
-2.7242812e-08
9.055761e-08
1.1057211e-07
-4.896234e-07
5.866441e-07
-2.65349e-07
6.756789e-08
1.3193096e-08
2.7477078e-08
3.2000264e-07
-2.1186088e-06
1.892058e-09
5.109394e-07
-1.0876602e-06
-9.312721e-09
3.203107e-09
4.178406e-07
-1.7389474e-09
9.3308216e-07
2.7192423e-08
-7.2960256e-07
1.1933874e-08
-3.2189765e-11
4.834196e-10
-5.062276e-08
2.1566433e-07
-1.8221812e-07
-1.0613114e-07
1.8584682e-07
4.3101696e-08
2.8428616e-07
4.8128235e-09
4.623154e-07
-5.711457e-07
-2.159268e-07
1.8438968e-07
1.1652887e-06
9.4600455e-07
-1.4022428e-06
-3.676432e-10
1.0545892e-07
-4.8278883e-07
-9.1054034e-08
-1.15685864e-07
1.159793e-06
-1.3408498e-06
-2.2116708e-07
1.3644792e-07
3.3699843e-07
-2.4458913e-07
8.403516e-07
-3.2471507e-07
-4.3707995e-08
2.8073645e-08
-1.1977772e-08
1.6390446e-08
8.493641e-08
-9.2946965e-07
3.3559172e-07
-3.134967e-07
-4.001166e-08
-4.3643215e-07
5.1387605e-07
-9.0939193e-07
1.7178998e-08
-2.2723945e-09
-7.4289744e-08
-9.212367e-08
1.927935e-06
1.0238325e-07
3.7916027e-07
-2.7363884e-08
3.7316693e-07
3.788258e-08
3.530396e-07
2.8968445e-09
-2.0783099e-10
-2.1099925e-07
-3.311913e-07
-3.5571102e-07
1.3898642e-09
4.807883e-07
-4.5013175e-07
-1.05892376e-07
-3.647611e-07
3.6710466e-07
-1.8688782e-08
-4.3444373e-08
8.486586e-08
-5.5436306e-07
-3.2793386e-07
3.6861164e-07
7.954796e-07
-6.542913e-07
2.256047e-07
-7.0539267e-07
-7.3543065e-09
-3.9658374e-09
2.7856175e-09
7.344353e-08
1.6011334e-08
-2.767575e-10
-3.6196965e-08
7.958221e-08
-1.9107501e-06
-1.3077351e-06
-2.1965984e-06
-7.3872233e-09
4.0588841e-07
3.139498e-07
-4.4592102e-08
8.8389854e-08
-9.13059e-07
-6.1018943e-07
1.4602867e-09
-8.120337e-08
-1.0412228e-07
4.2958128e-08
4.2588155e-07
-4.86243e-08
4.938583e-08
-2.203991e-07
-5.7911947e-08
-1.5232274e-10
-1.2419268e-08
3.6135596e-08
-2.3046562e-08
-1.0934543e-06
7.0883616e-10
2.6338297e-08
-4.030785e-09
2.0370699e-07
1.9768773e-07
3.0331768e-07
1.0567767e-07
7.045977e-07
-1.9117353e-07
-2.6249018e-07
-4.179628e-07
-1.15999065e-07
-2.4183194e-08
2.2285025e-09
6.5679615e-07
-2.9206872e-08
-1.8961707e-07
4.7402062e-07
-4.2188983e-08
1.6036256e-07
7.671998e-07
3.1034853e-07
-1.6382157e-10
-9.555929e-08
1.9403018e-07
1.1348274e-07
-2.3999672e-07
3.4741154e-07
2.3834075e-07
-2.22928e-08
-8.370837e-07
3.9335593e-09
1.4400168e-06
-7.0202987e-07
1.5071697e-08
8.71129e-07
1.1209663e-06
-1.6835345e-09
-2.1161169e-08
7.180211e-08
3.6988305e-07
-9.791411e-08
-1.335872e-06
7.379622e-08
1.4209058e-06
9.871964e-09
1.5672181e-06
-6.4733975e-08
-6.01252e-08
-4.827434e-07
-4.2887322e-08
-1.652109e-09
-5.2041674e-08
2.2825836e-10
-2.534399e-07
3.6341305e-07
-8.868932e-10
5.079991e-07
-8.73711e-10
4.3781617e-07
-1.3007256e-07
-2.6074254e-08
6.0754544e-09
9.0710486e-08
2.065024e-07
1.338962e-08
-6.874635e-07
3.7142485e-07
-1.3057928e-08
2.3315903e-07
-3.6989263e-07
5.293023e-07
-7.495377e-07
7.4823015e-07
2.0243792e-08
3.3075465e-10
-2.2224498e-09
-8.2908244e-08
7.902138e-08
1.1852613e-07
6.5235366e-07
3.763222e-08
-1.1701774e-08
1.996173e-06
-1.6748917e-08
1.6186844e-08
1.6622585e-07
3.4430946e-07
7.949585e-07
4.8983694e-08
-5.674052e-10
3.6059127e-09
3.4148422e-07
4.6285209e-07
-9.048012e-07
-1.3186524e-08
9.1748253e-10
-7.2736054e-07
-1.0808179e-08
2.6064882e-07
1.4693262e-07
1.0044677e-06
-1.5606301e-07
-1.15120194e-07
-2.6650671e-08
-7.155122e-10
-6.450134e-08
-1.9961942e-07
-1.8381264e-06
1.619729e-08
-2.4380745e-07
-4.0513197e-07
1.2762739e-07
2.9896408e-09
4.649277e-07
-2.8012675e-08
2.36971e-06
6.218466e-08
-2.922481e-09
1.8703592e-08
9.742935e-08
2.8921997e-07
5.464677e-07
-1.0335417e-07
7.807235e-08
-1.83236e-07
-8.796192e-09
1.6128412e-06
-2.528551e-09
-9.553128e-07
3.5163614e-09
5.2588933e-07
-9.90665e-09
-9.7764364e-08
-7.597721e-07
-5.3953625e-10
-2.190227e-09
-1.7078488e-08
2.2835527e-08
-3.2032947e-09
-1.503534e-07
7.716181e-09
-3.364506e-06
-2.128274e-09
-1.1347314e-08
1.5987002e-10
5.2537746e-07
-2.3294632e-07
4.0596007e-09
-1.3295611e-08
-1.3490685e-06
1.134863e-06
7.665586e-09
-9.281651e-09
-7.757315e-07
-1.15455805e-07
3.910282e-07
6.8056124e-08
6.535017e-08
-2.3910363e-07
1.0820019e-07
-4.048727e-07
5.789778e-07
-6.7931385e-09
-1.9521588e-07
2.5683093e-08
1.6424079e-07
-1.4698928e-07
8.536955e-11
-6.663063e-08
-9.442164e-08
-5.44222e-08
3.0708787e-08
-1.6119271e-08
1.11087914e-07
-5.92223e-08
-1.1473535e-06
3.2723544e-09
5.569674e-07
8.615633e-07
-4.176517e-08
-6.267063e-07
-9.0424805e-09
5.257422e-07
7.911114e-07
-2.7672698e-07
-8.457286e-08
2.918995e-07
-2.993206e-08
-6.499195e-08
-1.962459e-10
4.677599e-10
-7.4632185e-09
-6.888836e-09
8.003337e-07
-4.2514313e-07
-1.4698688e-09
9.153809e-08
-2.7503665e-07
-6.242679e-08
-1.01135775e-08
1.9547041e-08
-3.070561e-08
8.864815e-09
8.5054586e-07
3.293586e-09
1.619036e-06
-5.9056397e-08
4.6451363e-09
6.177452e-07
-1.8315369e-08
-8.4266105e-07
-7.0995213e-07
7.72504e-07
2.9090916e-06
6.7199767e-07
-1.9859654e-06
4.2352144e-06
1.405335e-06
1.43184e-06
-1.7099105e-09
2.5395445e-07
-8.6548096e-07
8.62643e-07
2.6888898e-07
5.981888e-08
-2.7172954e-08
2.4091278e-07
-2.415565e-06
1.1066979e-06
-1.4643469e-09
8.2329547e-07
-5.9434484e-07
-6.174179e-07
1.8765837e-06
1.08737176e-07
3.4465816e-07
8.09229e-09
-5.3625195e-07
-2.3884577e-06
-6.609657e-10
-2.9585838e-09
-2.356233e-08
-1.837757e-06
-1.1661893e-06
4.987077e-07
6.889037e-08
1.1629494e-08
7.8781744e-07
-5.266469e-09
3.585918e-07
-5.662067e-07
8.310366e-08
8.3176695e-07
7.2866557e-09
3.5972199e-09
7.476189e-09
2.6654655e-07
-2.4903457e-10
6.4422204e-07
1.1024421e-06
2.6523713e-07
6.1575323e-09
2.2230557e-09
-3.646857e-08
1.0981486e-07
3.6320904e-07
-4.1185774e-07
9.217024e-08
1.05851434e-07
1.6225785e-07
-9.4485097e-07
-3.2940727e-07
-9.864967e-09
9.801774e-10
1.04009054e-07
-1.41486485e-08
-6.2563814e-08
1.637433e-08
1.16309835e-07
-7.6579965e-08
-8.672075e-09
-5.2252116e-11
1.5758194e-06
-1.6137824e-08
2.1386079e-08
-1.1179279e-06
1.1952311e-06
1.0514505e-06
-3.7564877e-08
6.482935e-08
-2.2774113e-08
1.36957e-08
-6.3501193e-07
6.002215e-07
-3.6171278e-07
-1.5409208e-08
3.0586716e-07
-4.338196e-06
4.242671e-11
2.4849587e-06
-8.782075e-08
2.2160008e-07
-7.7563305e-07
-4.6724287e-09
1.1438371e-08
2.5174856e-07
-3.943907e-08
1.3813205e-09
-3.143352e-08
3.4178542e-11
-9.1675327e-07
-2.9674485e-08
-1.0725906e-06
-1.413696e-08
6.790329e-08
1.0844551e-06
6.756736e-09
1.1031079e-07
-1.464405e-07
4.4185735e-09
-2.3063687e-07
1.0309089e-09
-1.8817701e-07
-1.4333727e-08
2.9889087e-08
-4.789531e-07
1.2970847e-06
-6.108726e-09
5.761992e-08
2.3115703e-07
7.0776083e-09
-3.282339e-07
-5.9479827e-08
-2.3384834e-07
-9.553271e-08
1.9597596e-07
-5.2692677e-08
1.9902978e-07
-2.2757615e-06
-4.5612275e-10
-4.1783653e-07
2.3724489e-07
6.312998e-07
-4.6961387e-07
-8.34055e-09
-1.281087e-07
6.1480307e-07
-8.155826e-09
1.0348602e-06
1.3803255e-09
1.2650016e-06
-3.9991022e-08
2.1021142e-06
1.4043515e-07
-1.6911258e-06
2.1935579e-08
2.6304406e-07
-1.5257349e-06
-9.3057525e-07
1.506528e-07
-3.5357655e-07
-1.0352698e-08
3.4205343e-08
9.595009e-09
3.4110172e-08
-1.0194574e-06
-3.3821644e-07
3.3516976e-08
-4.0214147e-07
-1.8157449e-06
-7.203181e-07
-4.20867e-09
-7.11408e-08
1.610383e-08
-3.4048156e-07
9.608433e-07
4.9548788e-08
-1.9281616e-08
-1.5150945e-07
-1.5696136e-06
-2.2266671e-07
5.416856e-07
2.7538925e-07
-3.3968803e-08
5.7710884e-07
5.3368176e-08
1.0067619e-07
-8.943883e-07
-4.888962e-07
5.3200904e-07
-8.5209955e-09
1.4786252e-08
8.081954e-08
4.4650503e-07
-1.0583186e-06
1.6563751e-08
-2.9489624e-07
-2.2744663e-08
1.7790729e-08
4.3484056e-09
5.303768e-07
-2.0397022e-07
-7.0776714e-08
-8.4323636e-07
-4.0276473e-07
3.1932126e-10
2.1672736e-07
-5.2924474e-07
-1.3335347e-07
-5.8307556e-08
-1.3399665e-06
1.5619318e-06
1.6975883e-07
-8.46535e-11
-6.6550907e-09
-4.302222e-07
1.3683672e-06
3.068671e-09
3.662844e-10
-2.7000647e-06
9.648941e-07
6.837064e-07
-2.6797324e-09
-1.5026574e-06
4.961157e-07
4.965416e-07
4.8113613e-08
-8.996139e-08
-1.5936806e-09
-6.4443846e-08
3.1115314e-07
3.0914487e-07
-5.5850023e-08
4.476785e-09
2.4218095e-06
1.4382329e-10
2.6991477e-06
-1.0958513e-08
-4.0095237e-08
7.685742e-08
-2.4541851e-08
1.7323428e-08
-2.057815e-07
1.012153e-07
-8.550063e-10
3.4475391e-07
2.2228301e-09
-3.3798543e-08
-8.546021e-07
-2.44883e-07
2.1774675e-08
-3.0719582e-07
2.1469523e-07
-4.6166118e-08
3.3192637e-07
-2.0115648e-08
-2.0037296e-06
1.2545593e-06
-1.4265346e-07
2.3496425e-07
1.2303638e-06
-3.8329322e-08
-1.2030178e-08
3.053908e-07
-1.970796e-07
6.438695e-07
1.3116182e-08
2.7982514e-07
-1.4410585e-09
-3.086654e-08
-7.754879e-08
3.878845e-08
-1.4695692e-08
-1.7408432e-06
5.476297e-07
1.3865575e-09
-1.2110779e-07
2.6258124e-07
3.8310387e-07
-5.0602395e-08
5.1408534e-08
2.1828566e-07
-6.415104e-08
2.95621e-09
1.5782463e-10
5.862134e-07
-2.2604358e-07
-2.4198627e-07
-2.0633783e-07
1.701089e-08
-3.566396e-10
-4.8116062e-09
1.4667276e-06
-8.2819486e-07
4.2224038e-08
-1.1299396e-06
1.2168631e-07
4.3143436e-07
-2.0736428e-07
-4.4738687e-08
6.2338174e-08
8.262927e-08
-1.2539614e-07
3.343141e-09
-1.0679269e-06
4.0033238e-10
1.7773793e-07
3.358702e-07
1.468104e-08
-2.9570547e-08
1.2986031e-07
8.784097e-09
-6.3765947e-07
-1.78211e-07
-3.3725092e-07
7.884329e-07
-7.700997e-08
1.4964229e-06
1.0242046e-06
-1.1794847e-07
-2.9767925e-06
3.7191008e-09
3.349726e-08
-2.5418373e-10
-7.8816953e-07
-7.2381995e-10
2.074e-09
-9.472699e-08
-9.0451573e-07
-1.8129965e-07
9.0663015e-08
1.08224025e-08
2.519411e-07
-2.4641142e-07
-5.065923e-11
-3.321063e-07
-8.094846e-09
1.304435e-06
-1.9105009e-09
5.411326e-07
3.1839104e-08
-6.9748545e-08
5.4876413e-08
4.09431e-07
-7.528076e-08
6.2716657e-07
-5.513893e-07
-1.5143767e-08
-2.5179804e-07
-3.203853e-07
-5.395708e-07
-4.082277e-07
-3.4353207e-08
-6.4723645e-07
1.4875695e-07
-4.530997e-08
1.7520111e-06
5.0758797e-07
7.496905e-07
3.1428482e-07
-1.4077716e-06
-2.7136915e-07
6.431635e-07
-2.0112582e-06
9.941332e-07
1.7570718e-06
8.5165937e-07
-3.3918334e-07
-1.2648488e-06
2.647231e-09
-9.353397e-08
-2.4949767e-07
2.9254707e-07
-4.5213124e-08
1.480015e-07
3.4258042e-07
2.7458324e-08
-4.677607e-07
4.987241e-09
-4.258105e-08
5.574054e-09
-1.5431782e-07
-2.3405084e-07
2.0975343e-11
5.054153e-09
9.718146e-07
1.1642101e-07
2.8247554e-08
-2.0408822e-07
-5.9482957e-08
4.2322e-08
3.0321048e-09
7.709391e-08
-1.3760206e-07
2.6237686e-07
3.5352755e-07
4.9212197e-08
1.9634672e-09
-8.348151e-07
-1.6040115e-09
-3.4809915e-07
-3.969402e-07
7.994364e-09
2.2789203e-08
-5.0566758e-08
-6.493818e-08
4.3267477e-07
-2.176878e-09
1.5721007e-07
2.7493983e-09
3.4583275e-07
-4.814185e-07
-3.3152472e-10
-1.589948e-08
-9.1577397e-07
-2.3252259e-08
-5.3468494e-07
-2.7943676e-09
1.5263725e-10
-6.2529097e-09
-4.701843e-09
-1.5456003e-07
-1.3715594e-08
1.2701269e-08
-6.079535e-07
2.2955126e-07
1.7433619e-09
9.92645e-08
1.6060882e-07
5.960861e-08
1.6326162e-08
2.8585904e-07
-7.2127477e-06
2.7626001e-08
-6.451172e-07
-1.5477829e-10
1.10852056e-07
-6.981518e-07
2.4143704e-08
2.6264967e-08
-1.0014095e-06
-4.3004107e-07
5.6364485e-10
-4.694738e-08
-4.883086e-07
-3.3776404e-10
3.3964485e-09
-4.7590065e-10
-1.2880225e-06
-9.312177e-10
3.6264987e-07
-1.16303106e-07
4.16163e-07
-3.4990694e-07
-1.11523e-06
1.0463794e-07
1.4993111e-07
-2.1892722e-06
6.3225727e-09
2.5794054e-07
-4.2072844e-07
8.880112e-07
-9.044216e-08
1.0157597e-06
-8.944616e-07
-1.1769281e-07
3.5504097e-06
-6.308334e-08
-6.070607e-08
-2.1667715e-07
-5.6881873e-07
5.2860372e-08
4.5559656e-08
-6.164366e-08
4.5508195e-08
-1.0004894e-06
4.653401e-07
1.2235051e-07
-9.290523e-08
2.4391406e-07
1.5948803e-08
-1.7909194e-09
5.4457826e-07
5.290597e-09
-1.3365607e-07
3.4534162e-06
-1.1831123e-08
-1.0431735e-08
3.4272418e-08
-9.10426e-08
2.6990737e-08
3.8141386e-07
9.694045e-07
7.2145334e-09
-8.272045e-07
-9.414351e-07
5.2609135e-08
4.280201e-08
-3.6277976e-07
2.2536254e-08
-4.386332e-08
2.0755027e-07
-1.27410456e-08
-5.1360804e-09
-3.1749832e-07
-7.178288e-07
5.2963905e-08
-1.9244096e-06
-1.6282527e-06
1.2499365e-09
8.204484e-07
-1.2628177e-08
4.408149e-08
-2.922126e-07
2.9492054e-07
-7.1320855e-08
-8.0341385e-07
1.3114229e-07
3.0288282e-07
-5.425466e-07
-1.5467147e-06
-4.814944e-07
-1.0830914e-07
1.9517385e-07
-4.3907164e-10
-1.3988079e-06
6.425285e-09
-7.580312e-07
8.3409425e-08
8.6916216e-08
-3.1011346e-08
-1.961978e-06
8.486125e-08
9.0812176e-09
-1.48725166e-08
8.2515726e-07
1.0519037e-08
6.6038416e-07
2.4717195e-07
-8.8429104e-08
1.4849127e-07
-6.9933606e-08
-1.1567791e-06
8.123529e-07
-5.703772e-07
-8.0580314e-08
-6.91984e-07
-7.1352986e-09
6.350538e-07
-4.425276e-08
1.9131932e-08
1.8429955e-09
7.439509e-07
4.3357238e-07
3.278507e-07
2.3819658e-07
-1.0623871e-06
1.7736646e-06
-9.835668e-07
4.813306e-08
2.3519347e-06
-1.334854e-07
-5.423022e-08
-2.9175148e-08
-1.5802954e-06
-5.336016e-07
1.0769083e-06
-8.434537e-09
3.0564703e-07
1.8297696e-08
-1.1496194e-09
-2.8997584e-07
3.433784e-07
3.9350393e-08
3.9262645e-08
-2.991163e-10
-8.104684e-09
2.618508e-07
3.931206e-08
2.2628522e-07
1.3479998e-08
-1.1461445e-09
-1.0036651e-06
1.2578988e-07
9.3968345e-07
-2.4875753e-06
-8.203276e-07
-4.4935334e-07
-1.08910726e-07
-2.0136852e-06
-2.2610124e-07
7.105017e-07
6.919443e-09
3.875551e-07
-1.120133e-06
1.2084057e-07
-2.446742e-08
5.48094e-09
1.02286414e-07
8.173786e-07
4.9175827e-07
1.0124967e-07
2.5461915e-07
-6.722077e-07
2.1367383e-08
5.2905857e-09
-2.052453e-08
3.048248e-07
1.0252925e-06
-1.1777861e-07
2.899001e-10
-2.214363e-07
-2.9829835e-07
-1.6996352e-06
-8.668696e-08
5.172314e-08
-5.2395137e-07
6.13572e-11
1.0346355e-06
-2.4895594e-09
-1.6008245e-08
1.473483e-08
-2.2600241e-07
-6.872123e-07
-1.1516811e-08
-5.886691e-09
-1.7904192e-07
5.8304683e-10
2.096762e-08
1.1674651e-06
-2.2785225e-06
-1.3673366e-07
-5.2384576e-07
-1.6525386e-06
3.8140197e-07
5.121924e-07
-6.5473597e-07
-1.6318698e-07
-1.7704479e-09
-2.931948e-08
2.4574494e-09
3.8889008e-09
1.6663466e-07
-3.212728e-07
-1.17639665e-07
1.8788725e-08
-2.712427e-07
-1.7966707e-07
-2.145217e-09
-5.3788423e-09
-1.9079694e-07
3.4028935e-07
3.6687254e-08
1.465112e-07
-5.19182e-08
2.8527802e-07
-1.3003352e-06
-6.347373e-08
2.8082031e-08
-1.3221263e-07
2.2330282e-08
-7.1508424e-07
1.7087325e-07
-3.187632e-09
-3.5392273e-07
1.8629274e-08
-2.5093204e-08
-4.630826e-07
2.7439432e-07
-2.2883187e-08
1.2206681e-06
-1.961947e-09
-5.507257e-08
5.710483e-07
4.837664e-07
1.3955759e-08
-1.1778994e-07
3.4303502e-09
1.236133e-10
-2.7460555e-07
1.7655271e-08
3.7646984e-08
-1.4912002e-06
-7.513283e-09
-1.0035365e-06
6.064853e-08
-1.9447947e-07
-5.907333e-07
7.9733934e-07
-9.0151707e-07
7.829631e-07
2.8683735e-09
1.4962412e-10
-3.4788718e-07
3.6000497e-13
3.965407e-07
7.945353e-07
5.3247764e-08
8.759297e-10
7.329058e-10
2.4421254e-07
-2.6388534e-06
-4.4491646e-09
1.8743427e-06
3.007687e-08
3.6831047e-08
1.6937818e-07
-2.5438953e-07
8.111135e-09
6.451639e-10
-2.2903866e-07
1.5198369e-06
1.0808256e-08
4.269598e-10
-2.067663e-06
-2.1534177e-07
-1.1378168e-07
-2.1867734e-07
-2.1336333e-09
5.037507e-07
9.088076e-09
-5.3795322e-08
-1.2066894e-07
-2.8330484e-07
2.463754e-09
-8.4510594e-07
-2.1026365e-06
1.462083e-09
-2.8971965e-07
-3.3581614e-08
-2.1044937e-07
-1.3027969e-07
-1.0007626e-08
1.8418991e-07
2.309464e-07
-1.0740066e-06
2.7060201e-08
-5.6421303e-09
-1.3376584e-07
3.274778e-07
1.2948018e-07
6.0776813e-07
-2.0973867e-10
4.239142e-07
-2.221784e-08
-2.1247642e-07
8.383085e-07
3.6043022e-07
3.8156256e-09
-2.639618e-07
-1.5054235e-07
1.4479924e-07
5.083556e-09
-1.374524e-06
-1.3985746e-07
-3.3604763e-07
-2.5149961e-06
7.66634e-08
-4.8126687e-08
-3.1094862e-07
4.463419e-08
3.588844e-07
-1.0047469e-07
-9.227499e-07
-1.2663799e-07
-7.970745e-07
2.9721647e-07
7.744667e-09
1.2150179e-09
-3.1569436e-07
-6.3634566e-08
2.8680435e-07
2.7638564e-06
6.7437134e-07
8.969147e-07
-3.2926641e-09
-2.1982535e-08
-3.3006071e-07
8.7830015e-10
-1.3043613e-08
-8.5233927e-07
-6.0687427e-07
-4.899424e-09
2.048325e-09
-3.4236635e-08
-1.9384157e-09
2.1276912e-06
1.9544338e-10
1.34329845e-08
-2.3941226e-07
2.2378963e-08
6.8503897e-07
3.378463e-07
3.6120923e-07
-1.3307037e-09
-1.8746855e-08
9.746298e-07
1.8151819e-07
-2.7770163e-06
-1.6225493e-06
-9.366079e-08
1.8049647e-08
-5.3420194e-07
3.1579543e-08
7.215155e-08
-6.9308373e-07
1.2073116e-08
6.2970634e-10
5.4871805e-09
-2.3377584e-08
1.0868391e-09
-3.6976377e-07
1.3629477e-07
-1.8256e-07
1.8662623e-09
-2.4884662e-06
1.10884656e-07
-4.9242868e-08
1.2715681e-06
-1.7536874e-07
-1.2234827e-07
-5.415675e-08
5.3174836e-07
-3.3302193e-08
9.8047416e-08
9.721033e-07
-9.2331e-07
6.947323e-10
-2.8963495e-06
7.433768e-07
1.0968168e-07
5.2573057e-09
8.610385e-09
-1.914151e-11
3.0650806e-06
-1.451249e-07
-1.040754e-07
-6.4935264e-08
-2.5041746e-08
-3.0755106e-07
-5.41645e-08
1.5505886e-08
-7.752047e-07
-3.4341147e-07
4.8526214e-09
-1.2627697e-07
1.5789006e-07
-1.0776129e-06
-3.016178e-07
6.9410866e-08
6.617572e-07
-6.8495666e-07
-1.2994404e-07
-1.9288937e-08
-2.2480911e-08
1.4351284e-07
-1.0681653e-06
-2.2025143e-10
4.1177597e-07
7.0064124e-07
3.4330475e-07
1.9234615e-07
-9.226362e-10
-2.397476e-06
-7.880532e-09
4.235363e-08
4.94078e-07
1.5046005e-07
1.4539688e-07
5.83968e-11
-1.3940326e-09
-1.6626959e-06
2.9646417e-08
-6.045416e-08
-1.7349787e-07
1.15235714e-07
1.4093571e-08
-2.476246e-08
3.5549093e-07
-1.929295e-08
1.2331318e-09
-1.185807e-06
3.8465728e-07
3.1047196e-07
6.000833e-08
-1.4160844e-07
-5.9510467e-07
-5.623107e-07
-5.284983e-07
4.8356366e-08
2.7230743e-10
7.2635133e-09
-9.538026e-07
9.5294644e-07
-5.905962e-07
-4.626713e-08
-7.227429e-07
2.107951e-08
-4.7227724e-07
1.4331055e-06
-1.2272907e-06
-4.5960995e-09
-4.5591284e-07
-4.9655745e-07
-1.1346267e-08
-2.6295952e-09
4.8803486e-08
1.231349e-07
-2.4061265e-07
5.401132e-09
-6.65155e-09
-3.0982257e-09
-8.2502805e-09
-3.1478385e-06
-2.0274275e-07
2.9962916e-08
-1.7501453e-10
-1.1287981e-06
-8.540399e-08
3.8466496e-07
4.9243306e-07
-1.4823434e-06
-1.6261404e-07
1.1439264e-07
3.739525e-07
-7.1705125e-07
-1.381013e-07
-9.623352e-08
3.3767658e-09
1.6137697e-08
1.0168745e-06
-5.213252e-07
-5.2242925e-08
2.622959e-07
1.1153001e-08
9.695081e-08
1.4022221e-08
5.4220384e-09
-3.8687546e-09
5.316085e-10
-4.417162e-07
-4.9370968e-08
-1.1844834e-09
-1.1986482e-07
8.093733e-08
-2.2096065e-06
-1.0408503e-07
1.6662109e-06
5.895652e-10
1.4350429e-09
-3.0321087e-07
-1.3037807e-08
-9.972871e-07
-5.1565866e-07
1.5237974e-07
7.539681e-08
-4.1402023e-07
-6.1400215e-07
-6.701548e-07
1.2740667e-08
1.1955226e-09
1.7172178e-07
1.7972068e-06
6.5880636e-07
-1.7255872e-09
6.545008e-07
-1.0908148e-07
8.265893e-08
-1.2177345e-07
4.449516e-07
3.9021677e-07
-2.9067932e-08
-7.129658e-08
1.528655e-08
4.647586e-08
3.3365626e-09
-2.6217296e-07
1.9851632e-06
-3.3761338e-09
-8.111273e-07
2.494992e-07
-2.9711154e-07
-4.69268e-07
1.2416606e-07
-1.7931834e-10
9.286573e-07
8.009719e-08
-6.815846e-07
4.92665e-07
-2.3548214e-08
2.4047022e-06
3.447156e-08
-7.874669e-08
-1.4821866e-07
8.1478584e-07
-1.3329558e-10
-4.5059096e-08
1.1965334e-07
-7.127553e-08
2.1592061e-11
-5.718966e-07
-7.724039e-08
3.1030595e-08
-8.8454215e-08
-4.9644024e-07
-1.3906796e-07
-1.6793612e-08
1.2112214e-08
-1.2372006e-07
-3.3947847e-09
2.5367914e-08
-8.5770154e-07
1.13002265e-08
2.1903027e-06
7.102336e-09
-1.8892408e-08
-1.7050726e-07
-5.246164e-07
-5.1453543e-07
-7.5354315e-08
1.9655596e-07
-1.0246767e-06
-2.1725882e-08
-2.3001029e-07
-1.7074115e-07
3.761108e-07
-1.6321209e-06
7.3701017e-07
-6.494485e-07
2.0489033e-06
7.251588e-09
-5.414104e-07
-1.3497664e-07
-2.3171398e-07
-3.0128147e-06
1.8116106e-07
-2.629008e-09
-8.657477e-08
3.7839904e-08
4.908761e-07
1.0534032e-08
1.8528471e-08
2.0305112e-07
-1.165098e-06
2.3653806e-06
4.6274837e-09
-1.5096947e-07
1.5298531e-06
-8.05927e-07
1.1590341e-08
4.6303313e-08
-5.671733e-07
3.6296225e-07
5.564225e-07
-5.7041905e-07
-6.362301e-08
2.1448808e-11
-2.6910628e-08
-3.1423284e-07
-7.327573e-08
1.08276694e-07
-4.314837e-07
-5.17971e-08
-6.227733e-08
1.7872007e-06
2.6213624e-07
2.0749468e-07
9.57922e-11
5.6945595e-07
-1.2893084e-06
5.651323e-08
-8.2289347e-07
-1.0701502e-06
-5.1788e-08
-2.571917e-07
-1.3015996e-07
-8.584307e-09
-2.4580002e-09
5.486074e-10
-5.1090325e-07
-3.4501426e-07
1.3463297e-06
-1.4224248e-07
2.3177789e-07
-3.2156595e-07
3.221673e-07
-1.5726657e-08
3.6217294e-08
-7.887871e-08
-6.049485e-08
-2.2001663e-09
-1.1309661e-06
-1.39189495e-08
7.909911e-08
8.930904e-09
4.0253273e-08
-1.488932e-07
4.896905e-07
-6.087124e-07
8.844638e-08
3.2617262e-09
6.546293e-08
5.4071048e-08
1.2062873e-07
-4.4696167e-09
-2.9514663e-07
-1.7306721e-08
3.8402203e-07
7.595628e-09
2.2341297e-07
-2.8938168e-06
2.1166009e-06
-2.79228e-07
1.1561316e-06
-1.2194428e-07
3.420617e-06
7.974714e-08
-4.7576006e-07
1.7081692e-07
-5.242315e-07
2.4111396e-06
-8.6803803e-10
4.1538875e-09
2.0034041e-07
5.418234e-08
1.9836872e-07
4.386801e-09
-9.936729e-09
6.469744e-07
-2.6231172e-07
3.5095854e-07
-1.2260432e-06
3.672035e-07
2.3369208e-07
-2.027465e-08
-3.9434468e-08
-4.140353e-07
4.9335785e-07
-3.2432195e-09
8.706443e-07
-6.397764e-08
7.1736986e-07
1.5073157e-07
-1.1857789e-09
3.542078e-07
2.945314e-07
2.1590768e-07
8.989675e-07
-1.4499093e-07
-1.8711045e-08
-5.069936e-07
1.2744584e-07
-4.7315046e-07
8.623891e-08
-6.931607e-08
-5.944822e-07
-4.6718636e-08
1.2464146e-07
-8.573763e-08
4.0850563e-07
-5.486091e-07
1.5678928e-07
-1.0723076e-06
-1.632867e-07
2.9227808e-06
-2.8790097e-07
2.9701561e-09
-1.2569068e-09
1.3788676e-07
-1.4108442e-08
1.0403082e-06
-4.5137728e-07
-2.2829346e-08
-3.1326337e-07
-2.7594918e-08
2.049887e-07
2.834821e-07
2.0194133e-07
-9.18256e-09
-6.0234703e-07
-6.8988946e-08
-1.5070631e-08
-2.0938735e-07
-2.1915366e-07
2.6408298e-07
2.6235742e-07
-8.3283005e-08
-3.4013214e-10
-9.008012e-09
-1.1898849e-07
2.7610855e-07
-5.3457665e-08
2.8381683e-10
-4.8879906e-06
1.6065536e-06
1.3148357e-07
-1.6717298e-08
-1.3229063e-09
-6.573603e-09
-1.9781327e-08
1.0245811e-06
-2.2215055e-08
2.200813e-08
1.8912718e-06
5.2896667e-07
1.3097025e-08
-3.1487923e-07
-2.60694e-08
-3.113738e-10
-1.9266486e-07
3.7677662e-08
-1.4285095e-07
1.24383e-07
-4.5884573e-08
5.0341174e-07
-1.8978153e-06
-1.1135705e-06
-1.7059446e-10
1.0453124e-07
-9.1878974e-08
-4.7373078e-08
-4.191482e-09
1.1110786e-07
-1.1054359e-06
-3.1624936e-07
3.5055405e-07
3.3563802e-07
-5.9447314e-07
-5.6243366e-08
4.706976e-09
-1.2865862e-06
2.8942747e-08
-8.570136e-09
3.5339096e-07
1.2252474e-08
-3.0885902e-10
2.1213695e-07
-1.6182369e-07
6.014812e-07
-6.351427e-07
5.852732e-10
4.1930953e-08
-2.9173589e-10
6.601165e-08
6.28498e-09
8.840078e-07
-9.25489e-07
4.5847457e-08
-6.690253e-08
-2.9165115e-11
1.8221921e-06
3.902343e-07
-1.043426e-06
1.6108534e-07
-3.0465324e-07
-1.4979364e-06
2.3143805e-07
-4.488716e-09
-1.1050829e-07
-7.7134183e-07
1.6176686e-07
9.080348e-07
-1.4135253e-08
-4.607556e-07
-2.9633988e-08
7.204484e-07
6.456643e-11
3.499695e-08
-3.553172e-07
2.1921187e-09
-9.1770126e-08
1.07106594e-07
-6.897934e-09
9.75763e-08
-3.0123456e-08
-8.4773355e-08
3.8740786e-06
8.910039e-08
4.2167105e-07
7.894351e-09
-5.40355e-10
2.1000517e-08
-2.2837347e-07
1.656031e-06
3.3255518e-10
3.4569127e-06
-7.939684e-08
4.1001424e-09
-7.1243574e-07
-1.1898914e-09
-5.7257992e-08
3.7649395e-10
5.9595955e-09
6.542914e-07
1.6637435e-09
-2.472758e-07
-3.345597e-08
1.01477234e-07
-7.231714e-07
2.5002578e-07
1.4865465e-06
-1.7561011e-06
-1.1802476e-09
-2.8538938e-07
-2.7748111e-08
-4.3485344e-09
-1.5740528e-07
-1.1755139e-08
-3.2825783e-06
9.594e-08
1.865724e-08
-1.1108358e-09
-4.259099e-07
-2.9188998e-09
1.01752e-07
-6.5336405e-07
1.05677005e-08
-5.154846e-08
-3.923565e-09
-7.41808e-09
1.3835539e-08
4.9511425e-07
-1.1695832e-07
6.5203517e-07
-5.919947e-08
1.0537518e-08
7.9775197e-07
6.250294e-08
3.094576e-08
-3.6386083e-07
4.459819e-08
-3.043682e-07
9.482803e-08
5.5756954e-07
8.6542e-07
4.3613447e-08
2.775666e-07
2.3991353e-09
8.010765e-09
-5.6333704e-07
-8.598747e-09
-1.791165e-08
1.5239612e-09
9.138518e-09
1.979929e-07
-7.590061e-08
-4.7091966e-08
-3.7603067e-07
6.2785294e-10
-6.1995155e-07
4.707764e-09
9.775373e-07
2.388921e-08
-6.023478e-10
-1.0289835e-09
-8.0598646e-08
-1.9664071e-07
3.905124e-09
-1.0948959e-06
-3.756053e-07
-5.5180074e-08
1.185797e-09
-6.3646493e-09
1.4845551e-07
-3.0923573e-07
-8.037926e-11
1.8796305e-07
1.209996e-07
-1.5850112e-08
1.1576573e-10
8.0404024e-11
-1.5981582e-06
-3.001003e-08
-7.967402e-07
-1.1278111e-07
-6.054179e-07
5.429102e-07
7.776732e-09
-4.7995155e-07
-1.987527e-08
-3.5206147e-09
7.227127e-08
5.6768516e-07
1.3138045e-08
-1.9525537e-06
1.1426442e-07
-6.8464357e-07
-4.4094328e-08
1.1595678e-06
4.320943e-08
2.4153368e-07
-7.165705e-07
-6.319832e-09
-1.9734118e-07
-1.5815368e-07
8.9729093e-07
-2.427919e-07
5.0067297e-07
9.220583e-09
2.8078855e-08
1.7144285e-07
-5.913015e-07
-2.2957929e-08
-7.48046e-07
7.3269547e-07
-4.0437925e-08
-6.2227135e-09
-4.511941e-07
2.1993021e-07
1.9477903e-07
-2.4915016e-07
-4.864428e-07
-7.1048145e-10
-3.0515608e-08
3.477151e-07
-1.0263423e-06
-1.1951887e-09
-5.7027727e-10
-1.4575673e-07
3.8540472e-07
2.2039319e-07
5.3033494e-07
-2.1296827e-08
-6.6013406e-08
4.0748031e-07
8.227463e-10
3.7653356e-09
-8.5644393e-07
1.7829852e-07
3.5889187e-07
4.5195125e-07
-1.2212438e-07
-3.6723798e-06
9.257577e-08
7.1592057e-09
-2.125871e-09
-2.2554379e-07
1.672546e-10
2.5502935e-09
5.2594665e-12
1.4867729e-08
1.6754667e-09
2.3417928e-07
8.1193303e-07
-2.7420082e-08
1.9882418e-07
-1.7978388e-09
8.6769886e-10
1.7811556e-07
5.537957e-07
-1.275515e-07
1.9142528e-09
1.3344042e-07
7.7341866e-07
2.9236473e-08
6.4487256e-07
3.285307e-09
2.6120568e-07
-5.3678177e-09
-1.4704344e-08
-4.0701977e-08
7.5188194e-07
-1.0252896e-09
-4.8943247e-07
9.818515e-08
1.1384593e-08
4.6167384e-07
1.8239711e-09
-1.628738e-08
-2.044565e-06
-1.2114004e-09
4.4085806e-07
-7.555553e-08
-2.2031547e-06
-3.0281704e-08
-3.582511e-07
-2.9460998e-07
-1.0363301e-07
3.1663008e-06
-3.6216847e-09
-1.3299352e-07
2.236138e-07
6.196004e-07
-2.5674737e-07
6.627653e-07
-2.5333168e-07
4.0435089e-07
-7.928201e-10
-1.1472512e-08
1.167358e-07
6.250082e-10
-2.631903e-12
4.757511e-07
-7.4081635e-07
4.87446e-10
-1.6799041e-07
-1.9967584e-07
1.359547e-06
8.9238554e-08
-1.6210821e-07
-1.1604099e-07
-8.0708756e-10
5.6150107e-10
-3.9020136e-07
-1.64065e-06
1.8051357e-09
8.3130075e-08
-1.2604416e-07
-3.6195038e-07
9.961946e-09
3.2488338e-06
4.1989594e-07
-1.9763083e-06
2.4886186e-08
2.9607483e-07
2.7604374e-09
-2.2576148e-07
-1.9534427e-08
-2.7198428e-06
4.7759006e-09
-8.466808e-09
-6.5989164e-10
-7.0873667e-09
-5.1431764e-10
-1.2141783e-07
9.882785e-07
4.768443e-09
-1.669934e-08
-1.162746e-07
6.1733095e-07
1.7556172e-09
-2.3469606e-07
-8.992796e-08
1.2480874e-08
-2.9963718e-07
3.238624e-11
-7.18464e-08
1.8765897e-07
-1.1288578e-06
1.3687579e-10
-5.6909255e-07
-5.8158492e-11
4.231099e-08
4.0809505e-07
-1.19098466e-07
-2.7190417e-06
3.7364066e-07
-3.2764036e-09
9.536251e-09
-6.9011845e-09
-4.204786e-07
3.8254723e-07
8.615822e-07
2.608727e-09
-5.6279504e-07
2.2805603e-08
2.2662165e-08
-2.0549578e-07
-4.9256812e-08
9.863554e-07
8.2337344e-08
-1.6154553e-08
2.6782072e-07
-8.269218e-07
-2.135458e-07
-2.9811847e-07
4.3909222e-07
-2.698589e-07
-3.7273657e-07
5.0253385e-07
1.7362802e-07
-5.9111884e-09
1.7584414e-07
-3.199604e-08
2.2152278e-07
-1.0954797e-06
-4.5304196e-07
3.676395e-07
-4.351177e-08
9.260996e-08
7.6362505e-07
4.321732e-08
6.121235e-07
5.674318e-07
3.6118736e-06
-1.3814243e-07
-1.1811499e-06
4.1453397e-08
2.2459357e-08
-1.2153674e-06
3.2285584e-07
4.6481333e-07
1.6111538e-06
-1.7051978e-07
3.0662383e-07
2.2521449e-07
-3.1986644e-09
-5.8907887e-07
-1.5290134e-07
7.878556e-09
5.7585686e-07
1.12117945e-07
1.7178884e-06
9.62441e-07
2.3155927e-08
7.692134e-09
1.3335616e-08
-2.2442146e-09
-6.466628e-09
-4.8716833e-11
1.1542261e-06
2.1836758e-08
1.286679e-07
-6.8533376e-07
7.140001e-10
8.66347e-09
7.795093e-09
-8.661174e-08
-1.3929349e-07
2.2806061e-09
-5.8610175e-07
-1.5256623e-07
6.163693e-08
4.309557e-07
1.396265e-07
-3.90057e-06
-3.602369e-07
1.5413156e-07
-1.10335606e-07
6.7632755e-07
-2.2255895e-07
6.5409085e-07
1.3772001e-06
2.2731686e-07
1.6716555e-10
-6.0913574e-10
-5.577135e-07
2.9305241e-08
1.9753392e-07
3.79627e-07
-4.998666e-07
-5.53765e-07
-6.541708e-07
1.3675441e-07
3.52286e-09
1.2130808e-07
2.57385e-06
1.1910744e-07
3.1648892e-10
-6.322057e-08
-2.0045142e-07
-9.78675e-07
-8.221286e-07
1.8247612e-09
1.8403593e-07
-5.633464e-09
1.4766108e-07
-5.9971796e-08
1.922204e-10
7.030481e-07
-1.03362694e-07
5.5661125e-09
-2.1241422e-09
-2.4276962e-06
2.6606922e-06
2.6268407e-07
6.394268e-08
1.4585004e-06
-8.030042e-09
1.6161733e-08
-9.1688787e-07
2.7054566e-07
2.4472752e-06
6.377111e-09
-1.8955808e-07
-2.4365642e-07
1.6576168e-09
5.2786004e-07
-5.336542e-09
-1.4457808e-09
-4.7879274e-07
5.649967e-07
-2.9374972e-08
3.9663535e-09
5.1950065e-07
-4.0081667e-09
5.2197464e-07
5.221378e-10
-2.045352e-06
-7.662008e-09
1.9349287e-07
7.293871e-08
-5.6708522e-09
4.859139e-07
-1.4034903e-07
-2.7760905e-07
3.4343653e-10
5.398103e-09
-1.9096975e-09
-3.6599932e-08
-2.9614261e-08
1.1896805e-07
2.843404e-08
-1.9624933e-07
-3.6388857e-07
7.309155e-07
9.463115e-11
-1.536235e-07
-7.8023366e-11
1.2185109e-07
-2.805364e-07
-4.0742382e-08
-6.756299e-09
-9.209305e-09
8.228401e-07
3.459237e-07
-4.468473e-08
-1.6126112e-08
-3.9169905e-07
-3.0496599e-09
-3.885543e-07
9.1927454e-08
-2.5228994e-08
1.3150443e-08
-1.9195485e-07
-2.6847287e-08
-1.4972745e-08
-3.6663064e-08
8.023944e-08
-7.2668904e-08
-7.1095013e-07
-6.12068e-09
-1.0923883e-06
2.1001565e-06
-4.979731e-07
5.727302e-10
2.8788639e-08
5.2674707e-08
-2.054923e-08
7.7525444e-11
1.8349958e-07
1.797779e-08
1.6159238e-06
-2.2837608e-06
1.218006e-07
-9.749875e-07
5.507739e-07
-4.8974258e-08
8.642729e-09
2.541921e-07
-1.025087e-07
-5.5904925e-09
1.562517e-07
-7.335524e-08
3.8649858e-07
7.281727e-08
-2.1027398e-07
-5.644124e-07
-3.668864e-07
-5.2343325e-09
-3.644314e-10
1.5637623e-08
-1.3662745e-06
-8.5227964e-07
1.8475987e-07
-1.0152114e-08
-1.0498696e-06
2.1589443e-07
-1.9877727e-07
8.9783036e-08
-8.2950567e-07
-1.3056752e-09
-4.233835e-08
1.7329757e-08
-1.0608834e-09
5.323916e-07
1.2455062e-07
8.852439e-08
2.5141825e-08
-8.822805e-09
-1.8502591e-07
2.1023729e-07
9.771411e-09
2.4275857e-09
-1.7021071e-07
7.4039457e-07
5.1310202e-08
-6.3622462e-12
-2.5439545e-07
-1.3308229e-06
-2.0915186e-08
1.9354684e-07
1.9634672e-09
-5.230582e-07
2.3010161e-06
3.983162e-08
-1.6479571e-08
-1.6426702e-08
-2.893275e-07
1.0204285e-07
-2.5551156e-08
4.0807254e-08
2.4321767e-07
-1.06612056e-07
-4.097823e-07
-7.6006353e-07
2.577806e-07
-1.9219826e-06
4.4988962e-08
-7.252564e-07
6.6128725e-09
-3.5499733e-07
-1.1917976e-07
3.4109985e-07
1.0380913e-06
-2.1890171e-08
-3.0079148e-06
-1.7284989e-06
-2.7526255e-08
1.3127844e-09
3.116586e-07
6.0733264e-08
-2.4080111e-09
-7.785642e-08
1.3982292e-06
4.813508e-08
1.532335e-07
2.5485435e-06
-5.6728333e-10
-9.557014e-08
-4.056516e-09
6.6580816e-07
3.0347906e-08
2.792632e-07
-1.859095e-07
-4.7033257e-07
2.036824e-10
2.713069e-07
-8.7673425e-07
-4.149141e-08
-4.3517683e-09
8.627963e-07
6.87648e-07
5.2949796e-09
-8.8925714e-11
3.1622082e-07
3.7372008e-08
-9.37471e-08
2.2475693e-07
-1.5033251e-08
1.9202846e-09
2.485368e-07
-1.0969318e-07
7.6988266e-07
1.9053643e-07
8.0865243e-07
2.4681354e-10
5.986175e-07
-6.609584e-11
2.4641434e-07
-1.732048e-08
-1.5075717e-07
2.2670505e-07
1.1333636e-09
-3.5831889e-07
-2.3470552e-07
-9.248352e-11
-7.12044e-10
-9.4681667e-07
-4.821601e-07
-1.9023435e-07
-4.7315316e-07
9.848648e-09
1.7682327e-09
-9.180342e-07
3.106788e-08
1.3166839e-06
-5.448218e-08
4.7325346e-07
-6.872774e-07
-2.354383e-09
3.7676966e-08
5.6702186e-07
3.6976456e-07
-8.3731024e-08
-2.4417346e-07
-1.5359181e-09
-2.0193883e-07
-3.2364155e-06
1.148525e-06
-1.9848992e-06
3.6201397e-09
-9.123659e-08
-1.9301119e-07
-4.408415e-08
-3.9251785e-10
-7.466606e-08
-1.8194944e-08
1.2394038e-06
-1.3853719e-08
7.701125e-08
-5.379986e-07
-4.3467017e-07
-4.401038e-07
-2.040747e-07
1.4594683e-08
1.57433e-07
-6.809516e-08
-4.398731e-07
5.3574446e-08
-1.44692365e-08
1.4160455e-06
2.156137e-09
2.012838e-07
-5.848559e-08
1.9523172e-07
4.783545e-08
2.091571e-09
-2.8169546e-07
3.576628e-08
4.348081e-07
-4.2928175e-08
-1.2350986e-06
3.912044e-09
-2.8639986e-09
2.6339535e-09
-6.3853607e-09
6.634247e-07
1.4863791e-07
-1.11540964e-13
1.00215e-09
8.065645e-11
8.323166e-09
-2.4123608e-06
-1.1308523e-07
-7.3993617e-10
-4.105204e-07
2.3848538e-06
-1.4924512e-10
-5.6570613e-08
1.2657881e-07
-1.5337238e-10
-1.394632e-10
-1.8749192e-07
-4.3146997e-08
-5.8454965e-08
-3.2330846e-07
2.5961205e-07
1.3361492e-06
4.893791e-07
6.601213e-07
1.6941547e-09
6.825154e-08
-7.779104e-08
-2.0960528e-08
2.4210722e-08
1.0985505e-07
6.282665e-09
2.026097e-08
-2.2610125e-09
-2.6004136e-07
3.946632e-09
1.8496907e-07
-1.7869029e-07
1.8123563e-06
-1.5986814e-06
1.504399e-07
-2.9341845e-07
5.303291e-09
1.5279271e-07
-1.0949195e-07
-8.611486e-07
-2.3277202e-08
-2.961014e-09
4.593001e-08
-1.7691465e-07
5.569341e-08
-5.601095e-08
-3.252288e-07
9.080159e-07
7.4182816e-07
4.581967e-10
-4.673218e-07
6.5581696e-07
2.073184e-09
1.7528039e-07
2.3561342e-06
6.644138e-07
1.373132e-06
-1.3480639e-08
-7.3584205e-09
1.1613805e-06
1.14702004e-07
1.3935107e-08
2.2668084e-08
-1.4258612e-06
-7.0757655e-10
1.7423722e-06
-5.553081e-09
-2.2331465e-06
1.5761362e-08
-1.1124767e-08
-6.981367e-08
2.2414379e-07
4.4306373e-07
-1.7438637e-07
-1.5175268e-06
1.2565653e-06
-1.1325454e-06
-5.855919e-07
9.483588e-07
5.0759798e-08
7.9204415e-07
2.0623547e-08
-2.684577e-07
-3.1753498e-08
-2.738755e-09
-1.4124132e-07
-3.9159826e-07
-9.190581e-07
8.790217e-08
1.6610942e-06
3.709719e-07
1.5911925e-07
-7.1916717e-09
-2.868583e-07
-5.469606e-07
8.115876e-08
1.0017113e-08
8.7113946e-08
1.763167e-06
-1.0680924e-06
-4.8219395e-08
-7.237749e-08
-1.3434518e-08
-2.0995481e-08
1.4703646e-07
-8.436677e-08
1.3056098e-07
6.149531e-09
-3.7114006e-08
2.7553092e-06
1.0037376e-06
-3.1713472e-07
1.1799928e-07
1.4216276e-08
-3.5360216e-07
-8.57427e-10
-4.1657444e-07
1.7328594e-08
4.7043812e-08
2.1911308e-06
1.68657e-08
9.0114577e-07
1.42953285e-08
-3.586752e-08
1.0943475e-07
1.835599e-07
8.686507e-10
-2.9391238e-08
2.7789251e-10
1.460186e-06
-1.5364276e-06
7.2789925e-07
7.0735084e-10
-9.0190056e-08
4.556348e-07
-1.3235407e-09
-6.895134e-08
-3.9613244e-08
2.6884607e-06
3.506479e-07
-3.7534676e-07
9.1408616e-08
4.1950238e-07
-1.2499451e-06
-6.654494e-07
-7.7930014e-07
2.0495689e-08
2.3100074e-06
4.274005e-07
3.837368e-09
-5.2237528e-08
8.304634e-07
3.641686e-08
-3.415184e-07
1.7842449e-07
1.5423069e-08
-6.1022765e-10
4.1497032e-07
3.3820808e-07
-1.3418448e-06
3.353757e-08
-2.5053288e-07
2.6508962e-07
-1.87228e-07
-3.2693862e-07
5.420287e-08
1.0130059e-08
-3.8550823e-07
-4.1035696e-07
5.842265e-08
-7.157276e-08
-2.6942267e-08
-1.286502e-06
8.411023e-10
-7.816716e-07
-7.598739e-07
6.797801e-07
1.750332e-07
4.0712018e-07
-1.2902595e-06
7.9291544e-07
2.6185202e-07
2.2997515e-09
-1.325468e-07
5.196519e-07
3.819249e-07
5.488818e-07
-2.9362582e-07
2.6968028e-08
1.2029216e-06
-3.8836305e-08
-2.8337235e-08
1.3306921e-08
4.286727e-08
6.286159e-07
-1.2618357e-06
4.769786e-07
-9.843131e-10
4.847299e-07
9.736751e-07
-4.820667e-07
1.0074966e-08
5.880892e-09
-1.0570734e-06
5.0349286e-07
6.364377e-08
5.5951954e-08
6.0257324e-09
-6.0304906e-10
1.4107541e-06
4.6791473e-07
2.6829964e-06
5.456105e-09
-1.0910508e-09
3.721109e-07
-7.8102e-07
-9.661403e-09
5.179031e-08
-1.5720992e-09
-1.762982e-08
6.796611e-11
-2.1681385e-07
1.1406575e-07
-4.4199723e-07
-1.284714e-07
1.9745147e-07
1.49742e-09
-1.0253575e-06
3.4996484e-07
-4.0146525e-10
-1.2213329e-07
1.4512301e-08
6.3580816e-09
-3.3339973e-07
1.8343707e-06
-4.7123498e-07
5.4224333e-08
-1.02417255e-10
2.9788335e-08
1.0358349e-06
-6.1577072e-09
-2.6237706e-10
-5.441141e-08
-5.7929805e-10
-6.394796e-07
6.477512e-08
3.5729312e-07
-1.5082657e-06
-4.574604e-07
-9.753448e-07
3.106106e-09
2.4305717e-07
-2.682189e-08
2.565076e-09
2.364637e-09
1.0450146e-07
1.0606417e-08
7.502161e-07
7.726915e-08
7.613746e-08
-1.886734e-07
5.724926e-07
1.4658149e-06
9.291121e-08
-6.385652e-09
-2.0108638e-07
-6.2736615e-07
-3.0640127e-10
-9.962704e-07
1.3820409e-06
5.309893e-07
-3.8454694e-08
3.7716956e-07
1.13899034e-07
3.9356934e-08
5.5430183e-07
1.2662716e-07
-1.6590587e-07
-5.449012e-10
2.6489749e-08
-3.075122e-08
-2.0384254e-09
5.823155e-07
-6.641643e-09
1.1372966e-09
-6.4917356e-09
4.9205534e-07
-9.5253064e-08
-9.331672e-09
-7.250666e-09
-4.4385033e-09
2.3342082e-08
9.790871e-08
-5.057446e-10
1.2047478e-07
3.1231494e-08
-3.0573918e-07
1.7652846e-08
3.9151743e-07
-1.4745163e-09
1.1489086e-06
-3.0349432e-07
8.024912e-09
7.549996e-09
3.0244202e-08
-3.2409574e-07
-6.514982e-10
-1.118665e-06
1.703469e-07
4.0542758e-07
5.9460263e-09
-1.3246817e-07
-2.8915906e-07
-4.9516554e-08
3.3471545e-10
2.1563526e-08
1.5029414e-09
7.019442e-10
-4.2540023e-07
5.7235862e-11
-4.10854e-07
2.1108518e-07
1.720742e-08
-8.20698e-08
-5.488661e-08
-3.9458524e-07
-1.9516536e-07
1.7053798e-09
5.28469e-07
2.8054803e-08
-1.448667e-07
1.6049582e-07
-1.5632965e-06
2.241609e-07
9.086921e-08
2.2256305e-07
2.8717093e-09
1.2161244e-08
6.2900384e-08
1.7133038e-08
3.6403507e-09
5.99759e-09
1.986626e-09
-3.42018e-06
-2.3158284e-09
-9.6337274e-08
-4.060938e-07
-1.3359559e-06
1.1329082e-06
1.3251108e-06
-9.41273e-08
5.531105e-07
1.0223758e-08
2.9951883e-10
1.6063848e-06
2.2785596e-07
-1.148992e-06
1.1758937e-06
7.093592e-07
7.971183e-09
-3.5231963e-07
8.0373326e-08
4.1923713e-07
8.9550247e-07
9.2228834e-07
-1.5494256e-09
1.7215123e-07
-4.2137526e-07
7.0941314e-07
-2.4453411e-06
-1.7417787e-07
-9.240284e-08
-1.3086546e-07
3.29621e-07
2.023519e-06
8.3151383e-07
-3.6844722e-07
1.0733777e-07
-7.9001964e-08
1.2141696e-08
-4.0605204e-07
-4.4288007e-07
-1.1338547e-06
2.2094231e-07
1.994965e-07
-1.0362156e-07
-2.6701406e-07
-3.9824393e-09
-4.6644892e-08
-3.0564533e-07
2.7955656e-08
8.542473e-07
1.4493485e-06
-3.2978224e-07
-2.7650133e-08
9.7907e-08
3.4276542e-07
2.2423096e-07
-5.406477e-09
-2.0712784e-08
4.6152817e-07
-1.3421542e-08
-4.7023033e-07
-1.0084563e-06
-7.920597e-07
2.640491e-09
2.6835643e-08
-2.9054974e-08
5.5490324e-07
3.2034038e-07
-2.7129036e-07
2.7750934e-07
2.6287885e-09
9.190732e-08
-1.8595026e-08
-3.1782915e-07
-5.981591e-08
-1.4262104e-08
-1.9467904e-10
-8.933676e-09
-1.0198307e-06
-8.338584e-10
-6.56147e-07
1.5329817e-07
1.2958467e-06
9.853235e-08
4.832155e-07
3.6724106e-07
-5.57677e-09
-1.303774e-06
2.9597495e-06
-2.688974e-08
-1.20497e-08
-1.0514014e-07
5.965201e-07
-5.433527e-09
-2.9941486e-08
4.557831e-07
2.5199003e-07
-4.7970354e-07
-2.7994948e-10
-6.575701e-08
1.9212308e-07
-1.2650174e-06
3.9383515e-08
2.8706586e-08
-1.4249315e-06
7.1385756e-08
-2.5905005e-09
-1.6113794e-06
-9.428707e-08
5.0352736e-07
-8.827334e-07
1.9275866e-07
-1.9253791e-06
6.0736326e-08
-2.0111029e-06
-9.1007396e-10
5.9929033e-07
6.384359e-09
7.108055e-08
7.4052696e-07
1.2086311e-06
-6.5570775e-09
-3.3832367e-07
1.0452674e-09
4.1808246e-07
1.7160083e-08
1.7461327e-08
-1.9461687e-08
-1.3135488e-07
-2.2206225e-07
-2.6309503e-11
4.2674247e-07
-2.406307e-07
-2.6643664e-07
-2.7279714e-07
-2.0348093e-06
1.3651664e-09
3.7676713e-08
-2.1128517e-09
5.8773367e-08
2.8330362e-07
-7.3201903e-07
-4.150651e-08
6.9218174e-08
-9.828916e-07
-8.911895e-08
7.787178e-07
-1.4202928e-07
-2.6158325e-08
-1.469882e-07
1.0131424e-06
-1.11736945e-07
2.591131e-07
2.7873407e-08
-1.1678848e-08
-1.492797e-07
-4.57184e-10
-1.4281503e-06
5.657468e-07
1.574463e-07
-1.099607e-06
8.790037e-07
-6.183379e-09
2.07771e-07
-6.63108e-07
-3.3851336e-08
-4.733476e-07
-4.496411e-10
-1.05881945e-07
1.0764438e-06
9.683566e-08
-7.1013595e-10
3.6153427e-09
-1.676312e-08
-1.5365226e-09
1.2423675e-08
-2.8990087e-07
-1.4728799e-09
-1.7541778e-07
3.3698687e-08
1.0571476e-14
4.138867e-08
3.7456203e-07
8.5614755e-07
-1.2068556e-07
-8.84818e-07
4.377292e-08
-3.367613e-08
-1.3458985e-07
-4.5918065e-07
9.3579223e-07
-2.0871246e-06
-1.102172e-09
-1.1736712e-10
4.0974243e-07
2.3373085e-08
8.853841e-08
1.5285688e-09
2.839827e-07
-1.017866e-08
-9.825876e-08
-7.2381073e-07
1.0181914e-07
5.935059e-10
-2.6108458e-08
-4.880285e-09
-4.1196852e-08
-1.1443539e-08
7.2057006e-08
2.2309092e-07
-2.125243e-07
1.967826e-08
-1.0961506e-06
-9.8424575e-09
-3.1185154e-10
-8.049373e-08
4.6824326e-07
4.8669045e-07
-3.529189e-07
-4.7653204e-10
6.832032e-09
-1.6084295e-08
4.2580144e-08
-1.1569949e-08
4.1901322e-09
3.1297542e-08
-6.397312e-09
-1.8332491e-08
-7.166945e-08
1.416269e-09
-8.9778223e-07
-1.220481e-07
6.760334e-07
-3.314343e-08
9.136716e-09
1.4993802e-08
-4.984766e-07
1.279027e-07
3.4994477e-07
-1.0433353e-06
3.74621e-08
-7.7744863e-07
-1.2913271e-06
2.5135185e-07
1.7767029e-06
-1.3997e-06
-1.18648956e-07
3.1071895e-07
3.4959726e-08
-1.0769637e-07
2.8792522e-07
-7.9196084e-08
5.8186316e-07
-1.1080582e-07
-6.1029506e-09
-3.520063e-07
-1.0687125e-11
-1.918739e-09
-2.561013e-08
1.2217572e-06
2.3956434e-07
-1.7293858e-07
3.158356e-08
-1.4010627e-08
9.281051e-08
-1.4414552e-06
-3.5508487e-09
-5.0955705e-08
-7.061834e-07
-1.8003497e-07
-1.1765093e-10
-9.5140024e-08
1.3775954e-09
-1.079957e-09
-3.0725045e-07
-2.0157557e-07
-6.941263e-09
-1.6534875e-09
-7.613533e-08
1.5329137e-07
-1.15884944e-07
-1.18618956e-07
-3.7241865e-08
-3.990158e-08
-5.0565607e-08
4.0095705e-09
-1.905226e-07
-1.8013125e-06
-1.7272174e-07
1.307046e-06
1.7097099e-08
1.3225109e-09
8.165233e-08
1.5443042e-07
1.2380372e-07
-9.552219e-09
3.7770317e-08
1.5734926e-07
-6.546427e-09
2.5152511e-08
-4.9507844e-07
5.7039234e-08
1.8594512e-06
1.4048311e-09
-1.8650222e-07
9.56085e-07
1.2156924e-07
-2.2996409e-07
7.526419e-07
6.304873e-07
-3.6888767e-07
3.902402e-10
-6.680276e-08
-2.1104714e-08
3.0663247e-07
8.8542413e-07
9.903186e-10
7.94862e-07
-3.5516757e-07
-3.0518729e-07
9.7674105e-11
2.7696274e-07
-2.7019823e-06
-7.673132e-09
8.506776e-08
-4.1816432e-07
-2.3242055e-07
-1.8458168e-10
2.1408849e-07
-5.6617887e-07
-3.0546844e-06
-1.8002183e-07
-1.0256339e-06
-1.052633e-06
-2.606482e-07
4.3579168e-10
8.0738765e-08
-1.274106e-06
2.725774e-07
2.0662433e-06
-6.186524e-10
7.563113e-07
-7.6793455e-10
-2.3364745e-08
-2.4252887e-07
1.711807e-08
7.248873e-07
-2.3897215e-09
2.6718844e-10
8.268833e-08
-4.714153e-08
-7.365875e-08
-1.3911493e-10
9.634687e-07
-9.748834e-07
-1.1054763e-08
-3.272479e-07
-2.0030353e-07
1.3884663e-08
-4.410024e-07
6.4614696e-08
1.3017658e-08
1.670495e-07
1.857268e-07
-3.4690558e-08
2.4060455e-07
-5.38988e-08
3.6024474e-07
-8.7606276e-07
3.10025e-08
-2.2859498e-07
-1.8948405e-06
-1.9127829e-07
8.245129e-07
2.8177511e-09
-3.956208e-08
1.0265225e-07
3.5448545e-07
-4.02539e-09
-2.4524104e-07
-4.8346585e-08
2.4814055e-08
-5.1935327e-08
3.9176143e-07
2.2541688e-08
7.663514e-11
-4.5519846e-07
-1.5570936e-07
-1.2198205e-07
9.668883e-08
-1.2293082e-08
3.7025742e-08
1.1031452e-08
-2.370068e-09
1.2004551e-07
-5.1922655e-08
-5.054147e-09
-4.5494996e-08
2.1369507e-07
-1.6825734e-06
-2.6801632e-07
3.3846845e-07
-4.4648547e-07
-8.072299e-07
-1.4846765e-07
9.9752164e-08
-2.8083693e-07
-3.7412394e-07
-8.645628e-09
2.3478552e-08
-4.4260548e-07
2.0235484e-07
-2.452205e-07
3.236852e-07
5.2233233e-08
1.0116539e-09
2.1932584e-08
-6.0979175e-08
1.8791242e-06
-4.114289e-07
5.277336e-07
2.6684982e-06
1.3518432e-07
2.1660928e-07
2.3715705e-07
1.5574578e-07
-7.5590776e-08
1.2225981e-06
-7.569345e-08
3.027028e-08
6.2701474e-08
3.7887865e-08
2.2046263e-06
-1.3300166e-08
-1.4261567e-06
-5.353682e-07
1.312636e-07
-1.0462423e-06
-8.688133e-08
-5.4506977e-08
-7.746264e-09
1.582027e-07
-1.03457715e-07
-1.0074879e-06
9.706257e-10
-4.7152145e-08
4.7143146e-08
-1.7339094e-07
4.4465006e-07
-2.9892213e-08
-9.061756e-09
-3.2555008e-08
2.9209252e-07
1.1564943e-08
-4.4127524e-09
-7.505365e-07
-7.9570225e-07
-1.1376217e-09
2.4747298e-08
-1.5380544e-06
-5.271969e-07
8.163103e-07
3.5329784e-08
-1.5672471e-07
-3.652145e-08
-3.3717893e-11
-1.1752367e-06
-3.3305173e-07
9.526965e-10
-4.5425512e-09
4.9983896e-07
4.7576606e-07
2.6981415e-06
-1.4189027e-08
6.5728284e-07
1.5032997e-09
4.656705e-09
2.5452337e-08
-1.2059671e-07
-2.900695e-07
-6.6150017e-07
3.0219866e-08
-2.1403892e-09
4.740131e-08
-8.196273e-08
-2.0843869e-08
-1.7181982e-08
1.2949357e-07
4.021542e-08
1.4161539e-10
1.2168666e-08
3.0179912e-08
-2.8445243e-07
-1.9196811e-07
-1.641893e-08
-1.6200067e-06
-1.8883864e-07
7.433613e-08
1.3455826e-11
-2.383449e-07
7.3728024e-10
-4.0846416e-07
6.8262695e-10
-6.706248e-07
9.214152e-08
7.5972123e-10
1.313018e-07
3.0894776e-07
1.785802e-08
1.0286228e-08
1.15578295e-07
-3.6631093e-08
-9.455308e-08
-9.432397e-11
1.3180598e-07
2.8844855e-09
5.9747407e-07
-3.1624154e-07
8.579596e-11
4.0631875e-07
-2.3075516e-07
7.916004e-10
-7.75105e-08
4.3956245e-08
-2.0401254e-07
7.9732143e-07
-1.6799565e-07
-1.7238504e-09
3.7877118e-07
-4.8372623e-08
-5.9064465e-08
2.3046063e-08
-3.9192219e-07
3.5591137e-07
-4.2794166e-08
-4.9276416e-08
3.6822152e-07
3.1145215e-09
2.388964e-07
-2.913046e-07
-2.7859568e-07
-6.441324e-09
-1.359607e-07
1.1377927e-08
4.7304084e-08
1.2432696e-08
-7.034272e-08
-2.8237162e-06
-3.303147e-08
-4.041603e-09
-4.250103e-07
-8.183777e-10
3.2509615e-07
3.2651417e-07
-1.7137458e-07
-8.578864e-09
8.7189176e-07
-5.6408282e-09
8.225224e-08
-8.399636e-08
-3.7462112e-06
-1.4253055e-06
-6.014961e-08
1.2604666e-09
1.4276147e-06
2.7815643e-06
-7.779901e-09
-9.079086e-10
-1.2968139e-08
-1.13771904e-07
3.277912e-09
-3.0517438e-07
-5.7010436e-07
3.96553e-10
-2.4103522e-07
-6.4638454e-11
-5.020141e-07
-2.9275013e-11
-3.9760363e-07
2.8973389e-08
4.8069813e-07
1.9213098e-06
-6.4307665e-07
-8.267769e-08
6.391413e-08
1.8126719e-06
2.2854707e-07
-4.936619e-09
-7.6314285e-07
-8.5324075e-08
-2.6984349e-06
4.2353898e-07
2.6825728e-07
4.0555233e-11
8.7745536e-07
1.3008484e-08
1.6462506e-08
-3.295054e-07
5.660304e-08
-3.5850746e-07
4.3202675e-07
2.1720904e-08
-2.8680134e-07
3.7461394e-09
-4.3274667e-08
-2.84014e-07
6.0195774e-08
4.039534e-08
1.4081118e-07
-2.4515685e-08
-1.9853779e-09
5.9815925e-08
3.1706634e-07
-1.8665759e-08
1.2140616e-07
4.0131215e-07
-1.228516e-07
2.0981258e-06
1.1385025e-07
-1.1479294e-07
7.035234e-07
-1.1979702e-08
-8.3450556e-07
4.803413e-07
7.1065855e-08
6.6596124e-07
3.9808074e-07
2.3445008e-08
-4.294449e-07
6.3822725e-10
-1.3999129e-08
3.483202e-07
-6.644581e-08
3.418306e-08
3.1625937e-08
-1.5001639e-07
-2.9101994e-07
-2.6564383e-08
7.0531274e-09
-3.9065963e-08
-3.4924206e-08
2.903233e-07
-2.1536422e-09
-1.4024748e-06
-2.1184367e-06
3.3294548e-10
1.2740315e-08
-2.943838e-08
-6.2050924e-07
-5.9568254e-07
-3.5072736e-07
-6.430782e-07
-9.410519e-08
6.59001e-08
7.3735545e-10
1.6144576e-09
3.4200812e-07
-2.745501e-08
2.9893553e-07
-1.2335018e-07
7.551383e-10
6.0497797e-07
6.2149743e-09
1.6566524e-08
-7.538475e-08
1.0035884e-06
6.345218e-08
6.9073702e-09
2.4649179e-08
3.331341e-07
2.117647e-07
-1.6948238e-08
7.2710657e-07
1.7222618e-07
-1.4769141e-06
-5.383446e-07
2.5106106e-08
2.8176495e-07
4.7209387e-08
-1.3080312e-06
1.1748064e-07
5.9732406e-07
2.0528249e-07
-8.646496e-08
3.9432e-08
5.153553e-09
2.0988564e-07
4.0194968e-07
-1.2556009e-07
8.1549324e-08
7.0848773e-07
2.384729e-07
7.261933e-10
-1.5267536e-09
-2.6842284e-07
-9.063549e-07
2.4867822e-07
-1.5575704e-07
-1.4567804e-07
1.2960988e-06
-5.848565e-08
3.3382187e-07
-8.685721e-08
-2.5649033e-08
1.0987142e-06
-3.2900175e-07
1.5619241e-07
1.8862464e-07
-1.2420031e-07
-1.034686e-06
4.6205773e-07
5.0722613e-09
4.5358206e-08
-3.0203037e-08
2.1106485e-08
3.9922415e-07
-5.0098347e-08
-5.3683124e-08
6.7217127e-07
3.1518246e-09
9.203992e-09
-5.418592e-07
-4.72344e-09
1.5028682e-07
3.986817e-09
5.0567976e-09
-5.9745126e-08
-9.425418e-08
-4.6845734e-08
-3.1693483e-09
-5.806128e-07
-8.194397e-07
9.454307e-07
-1.717315e-08
-8.639301e-09
-3.0818597e-07
6.874735e-08
5.1261657e-07
1.16547966e-07
2.1258673e-08
8.197125e-07
-3.4952302e-07
3.6433087e-07
-9.885528e-10
-9.501219e-09
5.1412843e-07
-7.4655077e-07
2.2551381e-08
3.8732995e-08
-7.570353e-07
3.994869e-07
-8.333001e-08
1.1150615e-07
6.030247e-08
-8.6743313e-07
-6.3312173e-09
-7.2756023e-07
1.4107143e-08
6.4215556e-08
3.1102746e-07
-1.3991582e-08
-5.819637e-07
2.9883424e-08
-7.866701e-08
6.591442e-08
9.049709e-09
2.3467226e-07
-5.8397678e-08
1.1632551e-08
2.2218094e-06
4.1617713e-07
1.9405094e-08
6.156925e-09
4.081376e-07
-1.10913265e-10
-9.934624e-09
1.888481e-07
-1.8747867e-08
-1.2054725e-06
-7.614131e-08
-1.1592648e-06
1.7362597e-08
4.0105027e-07
1.565789e-08
-2.253771e-06
6.436124e-08
-1.17894494e-07
-1.860029e-08
-4.175111e-07
-3.0270232e-06
-5.172784e-07
3.999075e-09
2.6022249e-09
1.4566915e-07
-2.699955e-09
-3.1057713e-08
1.352574e-07
-1.4006156e-07
6.534102e-08
-5.0246345e-11
1.16765705e-07
-2.3698188e-09
-1.1816356e-08
9.835019e-07
9.206504e-08
1.16128035e-07
1.640629e-08
-4.38886e-08
-2.824804e-07
1.5520622e-07
2.3031912e-06
-1.8545092e-07
-2.6359478e-06
-9.703402e-08
-2.066895e-06
-1.0724261e-07
6.8222107e-07
-8.5261433e-07
-1.8908698e-07
2.1916973e-07
-2.701549e-09
-2.7880355e-07
-1.1124957e-08
-3.5002707e-08
-4.1656154e-09
-3.8878213e-08
-7.931581e-07
-7.946987e-08
-1.1280069e-08
-8.9032267e-07
4.8735205e-07
-2.5688012e-08
-8.683236e-09
-6.8734084e-07
-2.5049292e-08
-1.4110418e-06
-3.315708e-08
-1.2898774e-06
-1.9868144e-06
1.117432e-08
9.812485e-08
-1.0178343e-07
6.0424528e-09
1.4825521e-06
1.5936715e-07
-2.745728e-07
-8.9490925e-08
3.207199e-08
2.2122538e-07
4.3965957e-07
-1.1471545e-07
6.127071e-08
-1.7312712e-07
-1.2219225e-07
1.00380895e-08
5.8949394e-07
4.1475877e-07
-4.8807256e-09
-4.841896e-07
6.3852184e-08
3.2792673e-07
2.512091e-08
-4.250036e-08
6.026171e-08
-7.2614235e-08
1.1889476e-07
-3.3049395e-07
-8.339634e-07
2.765487e-08
-4.557929e-09
-3.069223e-07
-1.6328025e-08
3.5251343e-08
1.3462249e-11
6.170044e-08
-7.9386666e-07
8.513105e-07
-5.4607035e-12
-8.2757964e-07
1.149259e-07
-2.141844e-08
-5.0774773e-08
3.939364e-07
5.1607703e-08
-2.483224e-07
-2.970263e-09
2.6831515e-08
6.598808e-07
9.507192e-08
-1.5685053e-08
-4.8822756e-08
6.3953354e-07
-2.2427855e-07
1.7907679e-07
8.002791e-08
-2.6950292e-07
-2.8334947e-08
1.5370453e-08
1.9432148e-06
4.143517e-07
2.9715957e-07
-2.4570679e-09
-5.252912e-07
2.7259985e-06
-9.040779e-07
3.2631596e-07
1.1646264e-07
-1.0625946e-07
8.354724e-07
-7.7486455e-08
-2.0412166e-08
-4.3452095e-09
2.595128e-09
-4.2095712e-07
4.9213645e-07
-8.367516e-09
1.1527701e-06
1.2802093e-06
1.9536809e-07
2.2161394e-08
7.599894e-10
-5.1008485e-08
3.89872e-09
-1.2530124e-06
1.1028619e-06
-6.757175e-09
-3.106173e-07
-2.3157202e-08
1.6982502e-11
2.452334e-07
8.207532e-09
-5.167607e-09
-5.543622e-07
-4.6491581e-07
-1.3704351e-06
-2.275533e-08
2.8032965e-10
-6.8443364e-07
-5.514645e-07
-3.9984857e-07
8.229918e-08
1.00792136e-07
5.8240346e-07
8.947151e-08
3.5320988e-06
-1.7005132e-08
1.1022241e-08
8.9987e-08
1.0603436e-06
-3.3552016e-07
-5.5593466e-07
-4.9818386e-08
1.1371102e-08
5.8516278e-08
3.0472992e-07
7.038633e-08
1.8651528e-08
-1.9748659e-06
-1.1212785e-06
-1.2545465e-07
7.721915e-08
-1.9475992e-07
2.9034668e-09
3.363436e-07
6.977189e-07
-2.1373393e-07
4.3703002e-07
2.887719e-07
-3.4782687e-08
-2.5127304e-07
8.487817e-07
1.3726353e-07
-4.4556288e-08
4.916999e-09
-2.3724263e-08
5.2526804e-07
-4.11814e-08
4.703322e-08
-3.998648e-09
2.699121e-09
2.4806016e-07
3.735705e-07
1.9042015e-07
-2.1398299e-09
9.478561e-08
9.4046335e-08
7.281766e-07
-5.55985e-08
1.2818839e-08
5.3670965e-07
2.1210158e-07
-5.27007e-07
-5.63763e-07
7.8020065e-08
1.1453083e-06
2.0171458e-06
1.2071835e-08
-6.311235e-08
4.80656e-08
1.2586177e-07
3.4169025e-07
1.1398741e-06
1.4023698e-07
-4.4876143e-09
2.1155488e-09
-1.1015475e-07
3.7767403e-08
8.207769e-08
3.2012913e-08
-7.9658696e-10
2.1803718e-08
3.7959204e-08
1.4244388e-08
1.5749036e-07
4.430114e-07
-2.037445e-07
4.5402784e-10
-8.8028216e-08
2.5064978e-06
2.3136724e-09
-5.47277e-09
9.500839e-08
-1.743365e-08
-5.686537e-07
-4.6298176e-08
4.656832e-08
-1.6253247e-07
-2.544746e-07
5.6713884e-10
3.5932807e-08
-7.253876e-08
-7.7629436e-10
3.361129e-08
-1.6075613e-07
6.8061103e-09
3.913787e-07
8.403042e-09
1.0441005e-06
1.046413e-06
1.6904294e-06
-4.6395323e-07
-4.4536407e-07
-1.7863081e-09
-5.2434706e-07
1.339821e-06
-1.15625255e-07
-3.6723424e-07
-3.3959157e-07
7.624439e-08
7.154229e-07
-8.5669264e-08
-6.5596817e-07
-1.9014749e-08
-7.267534e-08
1.0372994e-07
9.109586e-08
2.5268594e-06
4.0118513e-09
3.0845708e-08
-3.4472725e-07
-3.578752e-07
8.5160806e-08
-2.094783e-08
1.34961e-06
-5.0086904e-09
-4.3907127e-07
-1.0012427e-08
4.515544e-08
-1.5212022e-06
-3.0627433e-08
1.0996634e-10
-4.4175355e-08
1.8009123e-08
1.4373461e-07
-1.2686046e-09
1.6530429e-07
-1.0792977e-06
-7.886785e-07
-1.3084934e-07
-6.8724063e-07
-1.0681485e-08
-4.3717625e-09
-3.0767268e-07
8.960984e-07
1.6713321e-07
-2.7403454e-08
5.1486927e-07
8.21652e-07
1.2867675e-06
-4.7149504e-07
-1.8848026e-07
5.9128496e-07
-5.359096e-09
-2.361567e-08
-2.0059714e-07
6.2529165e-07
5.709791e-07
-3.7253212e-08
1.8168737e-07
-5.5469366e-07
1.9560919e-07
9.788018e-08
-5.037469e-07
-2.4182756e-07
-5.552928e-07
3.2822147e-08
-5.157407e-08
-2.4797377e-08
-6.7976913e-07
2.4918248e-07
3.9968484e-08
2.2379513e-08
-3.0889138e-09
1.3430471e-07
-3.341603e-06
-1.6860447e-08
7.075677e-08
1.0795548e-07
-1.045055e-06
7.722666e-08
-1.384525e-06
-2.5117052e-07
-1.119882e-07
4.771701e-08
-1.1420479e-07
-1.0710955e-06
-8.564935e-07
9.780049e-07
-1.2116518e-06
4.3246058e-07
-7.862501e-08
1.9499545e-07
-2.9861505e-07
-2.3165674e-07
2.457662e-07
4.364609e-07
8.9157815e-08
-1.05051036e-07
1.9547429e-07
2.2915755e-07
7.886164e-08
1.786619e-09
-2.4415373e-08
3.7489866e-07
-1.5475747e-07
9.571013e-07
-1.03148665e-07
1.5178502e-07
-4.1650787e-07
-4.368194e-07
1.3752386e-08
-1.4061003e-08
-8.785947e-09
1.2048646e-07
5.814569e-08
-5.1444664e-07
1.3398312e-07
1.3106673e-08
5.670088e-07
1.4540535e-06
-8.890645e-07
-2.6446264e-08
-2.3247338e-07
-1.6570492e-09
-4.348246e-07
5.376763e-07
7.3480203e-07
-7.046286e-08
-1.09415986e-07
-1.1702031e-06
6.354273e-07
-7.9973086e-07
-3.790959e-09
8.689992e-08
-1.7158884e-07
-9.0479163e-10
-8.231602e-07
8.291111e-08
9.546288e-09
3.3862634e-08
7.137574e-09
9.814647e-09
9.6549066e-08
9.680691e-09
-1.2707311e-09
2.5365262e-07
-1.8761644e-07
-9.8266746e-08
6.854961e-11
1.4505631e-09
-1.1070196e-07
-1.7228219e-09
4.0474504e-09
1.5312345e-07
7.5002276e-08
-6.5965594e-08
1.2368379e-06
-5.3527395e-07
-4.5716868e-07
-1.10032055e-07
8.248164e-08
-2.5262997e-07
1.987828e-06
3.1091425e-08
2.4570357e-07
4.422675e-07
-7.3471234e-09
3.190534e-07
-7.483572e-07
-8.349522e-07
2.306879e-07
1.13652874e-07
3.929635e-08
3.5977052e-07
-1.252737e-09
-2.5118304e-08
-5.6467484e-09
1.3210976e-07
-1.9825217e-07
5.9709015e-07
-1.9455772e-06
3.3161777e-07
6.5772537e-07
-2.3281254e-08
3.453446e-07
5.285542e-07
4.134588e-09
1.1951684e-07
-5.9755206e-07
-8.100241e-09
1.2781602e-09
4.969802e-07
-1.6271554e-07
6.9315156e-08
8.573355e-09
3.490186e-08
3.297556e-08
1.6262476e-08
6.76538e-08
-2.8124015e-08
-1.2959142e-08
-5.775075e-10
3.3308893e-09
4.1153908e-07
-2.196622e-07
-1.2616057e-06
1.9636222e-07
9.317486e-09
5.321902e-07
2.4036763e-07
-2.715168e-10
-2.7714755e-10
2.781081e-08
5.6187165e-08
8.7854286e-11
-3.5013352e-07
-7.958096e-09
5.830129e-08
-1.8444032e-08
-1.9407288e-08
1.3384704e-07
5.224617e-10
-2.9155133e-06
-1.0455884e-09
-6.3146075e-08
-3.308587e-07
-2.4583093e-07
-4.4241055e-08
3.1309153e-08
1.2568154e-07
-3.494032e-07
-4.138966e-08
3.7168585e-10
5.084112e-07
-1.0529518e-06
2.8829746e-07
4.5496304e-08
2.420106e-09
1.2054083e-08
4.1955285e-08
-9.507441e-07
-1.5805758e-08
-6.655022e-09
-4.890733e-09
3.6165767e-07
-1.3189189e-06
3.941771e-08
1.4755994e-06
1.374598e-06
-2.57099e-08
1.433439e-06
-1.2708492e-08
4.853857e-07
2.0347038e-07
-1.195231e-07
-2.028199e-09
1.7390473e-08
-1.357982e-08
-1.6652173e-07
3.696058e-08
4.6076582e-07
7.614951e-08
-9.926102e-08
1.4132018e-08
4.393195e-08
-6.7927965e-07
-2.6506785e-07
6.637741e-09
1.2669095e-07
-6.694136e-08
2.434357e-08
-8.059449e-07
-1.5858155e-06
1.25749064e-08
-1.4247539e-08
3.3097895e-06
-5.9263283e-07
5.406426e-07
7.2330323e-07
1.899683e-07
-1.5082611e-06
-5.615437e-07
1.4653401e-08
-3.5327122e-07
-1.6440682e-08
1.2926495e-07
9.254248e-07
-9.820511e-09
1.1304844e-09
7.86944e-09
-1.5368377e-07
-7.8691814e-10
5.492596e-07
4.3161282e-07
4.0933937e-08
2.605521e-07
-2.217327e-07
-5.875137e-09
6.506041e-07
3.0733304e-08
-1.8967407e-08
1.0614571e-07
-1.2218035e-06
-3.0839057e-11
3.6248403e-07
6.715836e-08
-1.0405672e-06
-2.6025847e-07
1.9423723e-08
-2.00649e-06
-3.270916e-07
1.17656974e-07
6.1285454e-07
-9.509549e-11
7.0185573e-09
5.4525042e-08
1.02732734e-07
-5.747713e-08
-2.8475968e-08
-1.3658085e-09
-6.7493045e-07
-8.0529574e-08
-3.5326178e-08
2.2732685e-08
-6.116616e-08
1.49254e-07
3.137043e-07
9.344081e-07
-6.59302e-07
-6.5562624e-08
-1.8480224e-06
3.1136796e-08
-1.665292e-09
3.6591375e-06
7.4575844e-08
-3.260356e-08
-2.6272415e-08
2.2485897e-07
-1.2125778e-07
5.8034027e-07
-4.2570078e-10
-3.1102996e-07
2.7004577e-07
-9.518657e-08
-8.427541e-07
-5.347771e-07
-3.9705182e-07
1.1226265e-06
-1.8505435e-07
-9.161611e-08
-5.2693814e-08
-4.6674273e-08
1.3512063e-07
-6.422909e-08
-2.4458682e-08
2.673789e-08
-4.4057957e-09
7.557335e-07
-3.3281162e-07
-4.176816e-07
4.7455956e-08
-1.3803367e-08
1.6436447e-07
3.036793e-07
-6.981213e-08
-4.7653245e-08
2.664191e-07
5.7094995e-10
-3.2890634e-07
5.181416e-08
1.8193451e-07
-1.2889222e-06
-8.4109666e-07
-3.6325892e-07
-5.3030215e-07
-4.5853335e-10
1.0153191e-06
1.9461257e-08
7.929497e-09
-4.258689e-07
-5.250721e-07
3.0355988e-08
6.443365e-07
2.623217e-10
-3.8185274e-07
-1.3971454e-06
-9.085268e-09
-5.8565146e-11
-5.4305156e-07
4.716748e-10
-2.3591662e-08
-2.3193819e-07
4.671038e-08
-1.084473e-10
1.01596065e-08
-2.1566665e-07
4.2142628e-07
3.8088638e-10
4.2197286e-07
8.1892506e-07
1.4288878e-10
-8.099246e-07
-1.9365851e-07
7.9048664e-07
-2.5679752e-08
-2.7451406e-07
-5.098142e-09
6.225665e-07
-1.3222587e-08
-6.625718e-08
1.12052945e-07
-1.2488298e-09
-6.5017616e-07
-3.9619727e-07
-2.0534653e-08
1.4392772e-07
-1.2579929e-07
9.049868e-08
6.7079196e-07
3.5341859e-07
2.2424169e-07
1.5000131e-06
-4.6526287e-07
1.2018755e-06
7.856011e-07
1.1414364e-07
1.0862707e-09
-4.804218e-07
1.1995891e-06
2.172077e-06
-5.7039716e-07
2.758167e-08
-9.8284846e-11
-1.5227832e-06
-1.829569e-08
1.6680714e-07
-1.2893421e-08
2.5605338e-09
2.1956035e-08
-9.535902e-08
2.3514277e-10
-9.687192e-07
1.6273272e-07
-4.017385e-06
1.3852168e-06
-1.6463146e-07
-7.4954187e-07
-3.4548142e-09
3.8866705e-08
-2.8244085e-06
-2.9288218e-08
9.111268e-07
7.628484e-07
6.041652e-08
1.0031624e-06
-5.9876265e-07
-3.317523e-08
-7.9006355e-07
1.2364896e-07
4.174552e-09
6.410481e-07
2.9324033e-07
5.180631e-08
2.626841e-06
2.6658122e-06
-1.3241734e-08
-8.517546e-09
-1.1005054e-07
1.57332e-08
-1.6537035e-07
1.2879197e-08
-1.2409937e-06
5.117481e-07
4.6871044e-08
3.4588678e-07
-6.6345405e-07
-3.083551e-09
-4.4830763e-08
-2.5050273e-08
9.689859e-07
8.187876e-07
7.2923094e-06
1.916449e-06
-6.02955e-08
5.508143e-08
-2.2805711e-08
-8.8962004e-08
-4.9483975e-07
-1.6818308e-07
-9.493087e-07
-1.8031228e-10
5.4203923e-07
3.519119e-06
-9.586752e-07
-2.548549e-07
-1.0605346e-08
-1.8031068e-06
8.259609e-07
-5.628852e-09
2.4175878e-07
4.7956206e-08
5.860347e-08
1.4442834e-06
4.1428325e-07
9.660237e-07
1.595964e-08
-4.6729136e-09
-7.137758e-07
2.7789918e-07
-2.8794286e-08
-1.6077044e-07
-8.062947e-07
-3.2127312e-07
5.051176e-08
-9.8806325e-08
-3.0978722e-09
1.0499535e-06
6.1092436e-08
8.242987e-09
-4.4467473e-07
-1.7365291e-07
-8.032952e-09
1.8051874e-07
1.4595051e-07
2.4271836e-09
6.9093975e-10
8.7836077e-07
1.1031696e-11
-1.1802797e-06
1.8015931e-09
-1.0124514e-06
1.1602185e-08
-4.2114692e-08
7.9671594e-07
-3.0538896e-08
2.9311451e-08
2.3028703e-07
-5.9635326e-08
-3.5161056e-09
1.4817462e-08
1.2988598e-06
-3.278654e-06
-2.9302505e-08
-1.2905477e-06
1.6537284e-08
1.10376966e-07
-1.7612909e-07
-4.0597948e-07
-8.980945e-08
-8.5693436e-08
-6.102296e-07
-1.1699816e-08
6.676128e-09
-1.6263348e-09
3.6227313e-08
-1.3341904e-07
2.4760917e-07
2.1338062e-08
1.2681888e-08
-8.084587e-08
-3.7695358e-07
4.336519e-07
-1.7277289e-07
4.138392e-07
4.0763766e-08
1.597571e-06
-9.673445e-07
-1.6229944e-06
3.1802908e-10
-3.5085899e-09
-2.6527885e-06
4.8968673e-08
6.708962e-07
1.2072913e-06
6.1120836e-08
-1.3492904e-08
-2.2649292e-06
-8.787203e-08
-5.4653464e-07
2.230236e-06
-6.0116537e-07
5.0843e-08
1.0373431e-07
-8.758223e-09
8.911368e-08
-3.1969652e-08
-2.7971333e-07
5.769493e-08
-8.5697565e-08
-3.0380556e-07
1.3065531e-08
6.395809e-08
-9.259876e-08
-7.122401e-07
-1.94044e-07
4.359616e-08
-4.894838e-07
1.3476307e-07
7.759424e-09
-3.665487e-07
1.9053769e-07
1.3059587e-08
1.3488473e-07
5.8213856e-10
8.2711495e-07
2.3027154e-08
2.3483034e-08
1.2276323e-07
-2.0750493e-08
9.557602e-09
3.5539068e-07
-8.909835e-08
-2.5418938e-08
2.1724794e-07
-2.5376872e-09
-1.5265044e-08
1.5994137e-07
-9.843154e-09
5.925699e-07
-3.7946666e-07
2.8687479e-08
4.7106516e-07
1.4306794e-07
-4.4960952e-08
8.008844e-07
1.2347454e-07
-4.3300727e-08
-3.02637e-08
3.1259168e-07
4.9868722e-09
-1.6955645e-09
1.5496183e-09
-1.1258747e-06
1.9646686e-07
3.031932e-09
-8.381588e-08
7.012348e-08
8.743614e-09
-1.4111389e-07
3.3804426e-09
1.33851e-06
4.4539033e-07
-5.2463537e-07
1.00169e-06
-4.8382475e-08
-9.025691e-09
-4.758687e-07
3.3938258e-07
-1.0226692e-08
1.6920142e-08
-1.659946e-07
-1.1686381e-07
-1.2719404e-06
-2.7419807e-07
-1.0227794e-07
-1.4839534e-09
-1.580986e-08
-1.07913515e-07
2.8925902e-07
1.9593766e-07
2.3610582e-08
-3.779604e-09
-7.2592013e-07
2.595331e-07
-5.7764885e-07
-6.8189325e-07
4.0097606e-07
2.6687478e-06
5.899307e-08
-4.1071928e-08
-6.8175076e-08
1.7051792e-07
4.9575117e-08
2.8354606e-07
-1.4895438e-07
1.2006167e-07
-9.343402e-08
2.2909441e-07
6.0838676e-07
2.005458e-06
1.7849248e-07
5.7630402e-08
-5.1726836e-09
-7.495015e-07
-1.2787467e-08
8.618067e-08
-9.208195e-08
-7.638467e-09
4.9023267e-08
1.4149827e-08
7.650601e-07
9.872154e-08
-7.324945e-07
1.315788e-07
2.931373e-08
-2.634779e-08
7.316591e-08
1.2595778e-09
-9.2313337e-07
5.7900724e-07
-4.3344107e-07
-1.1412703e-07
1.6654718e-07
2.142192e-07
-2.2277875e-07
7.829863e-07
2.6152497e-07
-5.462911e-07
-6.0119966e-08
3.9445348e-07
1.0455007e-07
2.8991629e-08
1.6904822e-06
1.00591535e-10
-9.4119386e-08
1.5456013e-07
2.622161e-07
-7.2156827e-09
-7.3374955e-09
-1.594369e-08
-1.0414103e-09
-5.110044e-08
5.8751006e-08
-6.37577e-07
4.515029e-07
-3.8187298e-07
5.8520084e-07
-2.2652976e-08
5.726456e-07
5.6007504e-10
2.4693816e-07
-7.2090245e-08
2.682752e-08
-3.9995317e-08
5.433677e-07
7.5526503e-07
-6.9823653e-07
-3.9332826e-07
5.892624e-07
-5.003449e-10
8.299005e-08
9.522159e-09
1.4450926e-08
7.171408e-08
-3.4645705e-08
1.09248774e-07
-4.286055e-07
6.843616e-09
9.187912e-07
-1.4753815e-08
-5.316171e-09
-2.8311765e-08
4.3548388e-07
-1.0110216e-06
-8.262276e-09
-2.406932e-07
-7.788338e-08
-4.0368994e-07
-3.0540757e-06
-4.4047312e-09
1.2831028e-06
-2.200513e-07
6.2289024e-07
1.148844e-07
8.761397e-09
-2.54539e-08
4.591943e-09
5.618201e-08
3.807224e-08
-8.10433e-07
1.0835355e-07
9.022475e-08
-4.8541506e-07
9.133266e-11
-1.815515e-08
-1.2910968e-09
2.8454824e-07
-6.2326217e-07
5.5668913e-08
-9.7914676e-11
3.3841452e-08
3.0163577e-07
-5.7670132e-08
-2.1974652e-07
-2.1190517e-07
3.3752716e-08
-4.1390308e-08
2.7840706e-08
-9.151965e-08
-2.4145155e-08
-9.2850263e-07
4.098976e-08
-1.098301e-06
3.9191245e-10
-2.9803815e-07
-1.67446e-07
-4.3239922e-08
9.3054865e-07
-7.4848245e-08
8.7694735e-07
1.1488934e-08
-2.597124e-09
-1.01973725e-07
-7.53139e-07
-2.1647228e-08
1.9161207e-06
1.5789224e-06
1.2865227e-09
-3.524956e-10
-3.03854e-07
-9.103466e-08
1.4455433e-07
9.277823e-09
-1.0453067e-08
-2.4828475e-07
1.8111283e-08
-3.108168e-08
4.0049214e-10
5.2054503e-09
-1.6333058e-06
-2.592748e-08
-3.0823658e-06
4.8976307e-07
-1.7559536e-09
6.186399e-07
1.1697027e-08
6.876569e-07
-2.1457994e-07
-9.814919e-07
6.335536e-09
9.096307e-08
-5.3416625e-07
2.2539133e-07
2.616789e-10
3.6191787e-07
7.778392e-07
2.0795742e-06
6.6445224e-08
-2.6572076e-07
4.5429834e-07
1.7709039e-07
2.2077697e-07
-4.030972e-08
-5.813247e-07
-2.5435476e-08
-3.5886958e-06
2.0705045e-08
-4.554958e-08
2.9235927e-09
2.0781815e-07
5.1722265e-07
2.0322574e-07
2.8226723e-09
-1.2342693e-07
2.1903471e-08
9.1960266e-07
-9.4760715e-09
-1.0330239e-06
-3.017747e-08
5.377112e-07
-1.03376635e-07
3.081393e-07
1.4226156e-08
1.8800196e-10
2.1802164e-06
7.917126e-08
8.2410395e-08
1.3906498e-07
4.1680843e-07
-3.879249e-07
4.004596e-09
1.0965785e-08
-1.5861522e-09
-9.8188806e-08
-6.3673116e-07
-4.924667e-07
-8.7961595e-08
-5.809084e-07
-2.8562374e-07
-6.973985e-08
-4.8400653e-07
3.2367421e-07
-8.52049e-07
1.7837255e-07
-2.7682475e-08
4.220655e-07
9.420544e-08
2.9423936e-07
1.3034529e-09
-1.2871973e-07
-8.371763e-08
2.9917115e-07
1.6459249e-07
-2.3827221e-07
-1.2459245e-07
7.2176247e-09
9.882081e-07
1.2902596e-07
6.691696e-07
2.0613042e-07
-3.75102e-08
2.8935173e-07
1.2808435e-07
-9.481248e-07
-3.493496e-11
1.930794e-06
6.3147255e-08
-3.7297832e-07
2.6571005e-09
1.6933721e-07
-1.8006656e-07
2.5709392e-07
-3.0417832e-10
1.0176251e-07
5.916955e-07
-2.6387158e-07
-2.0216568e-08
-7.2088724e-08
2.0137317e-07
-6.9590135e-07
-1.9923027e-08
7.479991e-08
1.1813345e-09
-2.4096852e-07
2.2724103e-08
2.562242e-07
-1.7161796e-07
-7.648602e-08
3.6262738e-06
-3.9083687e-07
-1.4796375e-06
-1.0021887e-06
-6.460108e-08
-1.4352959e-06
1.6283907e-07
2.2441635e-09
6.121002e-08
3.293827e-08
-1.7921487e-07
3.4028892e-07
2.099949e-06
6.5604516e-10
-8.776591e-08
-9.048863e-07
1.3184169e-08
-2.6506882e-07
2.643643e-09
-5.100194e-07
1.0567676e-06
-6.549942e-08
7.696389e-08
5.1003838e-08
8.789642e-08
1.2077967e-08
4.911374e-08
-3.134238e-07
-5.886203e-08
7.629282e-07
1.3665542e-07
3.9165512e-10
5.290076e-08
1.8256974e-09
2.1947608e-06
-7.311342e-07
1.0094109e-08
-5.085953e-07
9.015193e-08
1.2133133e-08
2.9492008e-07
1.3227107e-07
-4.876747e-09
-3.5227484e-07
4.7190966e-07
6.3194975e-08
2.0955984e-09
6.101137e-08
-1.8116553e-07
-1.25086235e-08
5.2623985e-09
-1.9085022e-09
8.746281e-08
4.571887e-07
1.4314062e-07
8.0527656e-07
-4.405135e-07
9.972041e-09
-3.2848672e-07
8.734651e-08
9.4934177e-07
1.8582618e-07
8.750341e-09
-3.8990953e-07
1.0483316e-07
-5.102477e-07
7.2825014e-13
1.0895872e-06
2.5850403e-08
-1.1584001e-08
6.690801e-07
-6.9225894e-07
-1.9515479e-08
-8.459183e-07
2.8152832e-07
2.8643191e-08
3.530609e-07
-9.3838835e-08
3.319568e-08
-1.5008585e-08
1.0694493e-08
-3.7787817e-07
2.7383768e-08
-3.366914e-08
2.7280256e-08
1.0807524e-06
2.2113159e-07
1.484742e-08
1.9995048e-09
5.2357954e-08
3.819645e-07
-3.4454533e-07
4.874144e-06
1.0824035e-06
5.6046884e-10
-5.6330794e-07
6.392384e-10
-2.49111e-06
-1.0332689e-06
3.4711616e-07
-3.720874e-07
6.668334e-08
-1.6514732e-06
-4.8507895e-09
7.898365e-10
-9.020209e-10
7.213642e-07
-3.6228693e-07
-1.2630292e-08
1.6214787e-07
3.255181e-07
1.614758e-08
1.4417864e-06
-1.1901635e-07
-1.5018795e-09
-4.843026e-07
1.1886583e-12
1.0352968e-06
-3.4020624e-09
-4.5514847e-10
5.983603e-09
1.5436261e-06
-3.5764312e-08
-5.1530895e-07
-1.9466725e-08
-3.693523e-10
-3.700613e-07
2.1526877e-07
-1.100726e-06
-1.0810671e-06
3.899988e-07
5.500446e-10
-1.8191972e-08
-1.4187619e-07
-9.537939e-09
-8.752641e-07
-4.3248924e-08
4.640846e-09
1.2005233e-07
-1.3154831e-09
-7.616146e-07
6.3246074e-07
2.4221756e-09
1.4066618e-06
1.7577183e-07
-5.856365e-07
5.6658854e-07
1.2618789e-07
-6.794043e-08
6.5400245e-09
1.0537772e-08
1.1143027e-08
1.1731238e-07
-2.8146049e-08
-2.3845496e-07
-1.755062e-07
-5.0103584e-08
1.7551775e-08
2.1530134e-08
5.9680775e-07
2.9435684e-08
1.2353924e-07
-5.7230952e-08
1.71933e-07
5.5107655e-08
4.3277058e-07
-5.95992e-07
1.816155e-06
1.4715001e-06
3.3591256e-09
8.458284e-09
-2.853849e-06
4.061361e-08
-1.5037504e-06
7.020693e-07
7.0394535e-08
6.5332934e-08
6.334676e-07
6.409743e-08
1.6173574e-06
-1.4987128e-07
4.7242693e-06
-2.4495188e-07
1.4791769e-07
-8.0050404e-07
2.5269438e-08
1.0452551e-08
-1.6891573e-07
-1.5544975e-07
-1.1316937e-06
8.857864e-07
-1.573319e-08
4.1875035e-07
-4.9117908e-08
-4.0969468e-07
-5.30487e-08
3.9913323e-07
1.5043176e-07
4.6740044e-07
1.5544965e-07
1.1110425e-07
1.4180517e-07
1.4424623e-06
1.0435802e-07
4.1655337e-09
6.767202e-10
-5.341738e-07
3.8342506e-07
-1.2161231e-08
-2.6399212e-09
-1.2461937e-06
3.192686e-08
-2.4288216e-08
-2.8942306e-08
-6.491811e-08
4.3360295e-08
-1.0189408e-06
6.033376e-09
-8.328203e-07
-4.0952827e-07
5.6584474e-07
-7.435518e-09
-6.0402465e-07
-1.7685661e-10
2.4292435e-08
9.549191e-07
2.898059e-07
-5.5282513e-08
-1.5633322e-08
1.7409151e-08
-6.939919e-07
-8.839946e-14
6.432853e-08
4.7923823e-08
1.2722867e-06
-8.617594e-08
-3.88789e-07
-3.3785216e-10
8.665531e-08
2.2606859e-08
9.998367e-07
1.1737228e-06
-1.0381692e-07
-4.3067968e-07
-1.089512e-07
2.3490337e-07
-4.613643e-08
1.6493034e-07
-8.455041e-07
4.910278e-08
-1.5721618e-06
-4.5838494e-08
7.7846323e-07
1.2424671e-06
-2.5440843e-07
1.980493e-06
3.855682e-08
-2.8825416e-06
-3.6965297e-08
1.2947375e-07
-1.255028e-08
2.9634637e-07
1.2811743e-08
-2.3194032e-08
8.0067684e-07
-6.878179e-07
-6.9121484e-07
3.1688714e-08
1.06614465e-07
-4.46156e-07
-1.2515892e-07
8.319377e-07
-4.3704125e-07
-5.4196878e-08
6.9472094e-07
4.833787e-07
-1.5214877e-07
-1.118091e-07
6.400088e-07
8.921065e-09
-1.45599195e-08
-6.0684535e-08
-8.922488e-08
2.1558192e-08
-7.3427e-08
-1.6133971e-07
3.2435164e-08
-2.1171789e-07
2.6795706e-07
9.2137014e-08
4.3121284e-09
1.0757641e-07
2.4322122e-10
1.3965707e-06
3.6208746e-08
2.6377666e-08
-1.3067257e-08
2.0830913e-07
4.3120812e-07
3.5651234e-07
1.24825235e-08
-5.398206e-07
1.1433679e-08
-4.6913465e-07
-1.2939811e-06
1.253691e-08
5.148835e-07
-3.9037923e-07
-2.9655308e-08
1.3747746e-06
-1.5324538e-07
-1.5947984e-07
3.9042442e-07
-5.4500185e-07
1.8928347e-06
-8.550059e-09
2.8192126e-08
4.0299432e-07
-4.5051895e-08
1.0028063e-10
8.258805e-09
-9.832829e-07
-4.060603e-07
-9.462945e-08
7.751037e-07
-1.7203485e-06
1.7426329e-08
9.967381e-08
-1.2448347e-06
-4.093348e-07
1.4606541e-08
1.4672942e-08
-3.983166e-08
2.9916043e-09
-1.491209e-08
5.789727e-07
-4.1628017e-08
-8.614272e-10
1.5649687e-07
-4.9880146e-06
-5.145573e-07
-4.4863718e-08
-1.666313e-07
-1.7022968e-08
-1.5068824e-08
-9.745131e-07
-1.12143454e-07
-3.2981274e-07
1.6294122e-07
-2.283363e-08
2.1421954e-07
2.0562615e-08
6.2500004e-07
-4.331384e-09
1.09887694e-07
-1.5368747e-07
4.0382094e-08
3.64008e-06
6.5848695e-07
-1.2439595e-07
1.2393514e-08
5.322339e-09
1.6546137e-06
9.775385e-09
-3.7850188e-07
-1.8771546e-07
-5.9595987e-08
4.362371e-07
1.213908e-06
-2.236857e-06
8.061313e-07
5.0438587e-07
3.434839e-09
2.4268695e-07
-1.0518349e-06
1.1001396e-07
-7.8881634e-08
-2.1362048e-07
-4.3197925e-09
3.1131273e-09
1.061186e-07
-6.7024666e-07
-1.1618424e-06
-2.3022693e-07
7.096291e-07
9.372015e-08
1.4235592e-08
3.8129113e-09
6.5922626e-07
3.6077324e-08
-2.5371637e-07
2.3426557e-07
-3.9387518e-07
3.911913e-07
-7.2898825e-09
-1.9724462e-07
-1.1199755e-08
-1.4948722e-07
-2.1727482e-09
2.4238363e-07
3.7497905e-08
-6.218526e-07
-4.833414e-07
-1.6836105e-07
-1.0837019e-07
3.5562106e-08
-3.595797e-08
-7.561866e-09
5.5816525e-07
-3.977065e-07
2.1772111e-07
-1.3780793e-07
-3.3620644e-09
1.5503721e-06
3.2321154e-07
-1.3974773e-07
9.499632e-07
3.3344648e-07
7.9627526e-08
-3.1051087e-08
1.865519e-08
-2.3834728e-07
-3.5855538e-07
2.8599078e-07
-1.8224641e-06
1.0394623e-08
5.1599393e-08
1.6478364e-07
-1.727328e-06
-2.0909482e-08
-9.555431e-08
-1.2714425e-07
-4.3209127e-08
1.0162327e-08
-7.892706e-08
-1.1364565e-07
-1.3923115e-07
3.5408098e-07
-7.234991e-08
2.8647207e-07
-2.4780418e-08
-3.3819205e-07
-4.702007e-08
2.4024183e-07
7.796932e-11
2.7425676e-07
1.598048e-07
4.1837223e-09
-6.4725896e-07
-8.8739704e-08
1.4906446e-08
6.21014e-08
-9.136866e-08
-1.340054e-06
-5.8829126e-08
-3.1104275e-08
8.9015725e-07
-3.422397e-10
-2.7526427e-08
-5.4128293e-07
6.2373706e-09
-1.454232e-06
-7.596758e-08
9.8337786e-08
-1.1409149e-08
1.1583754e-09
1.2076073e-06
-8.063521e-07
1.9902922e-07
9.4423586e-07
-1.16368515e-08
2.277264e-09
-2.3648909e-07
5.0812446e-07
3.933298e-07
5.833467e-08
3.5962847e-11
-1.3022737e-06
8.0226505e-07
-6.058628e-08
9.413003e-07
-7.898656e-07
-5.0627772e-08
-7.82047e-08
3.872402e-09
8.457488e-09
1.7250238e-06
-3.7257553e-08
-4.76527e-08
-7.97989e-07
-5.6385625e-07
-9.884177e-08
4.3954234e-08
-8.853745e-08
-3.824883e-09
2.7401578e-07
-8.203964e-07
4.777231e-09
4.9850936e-08
9.816133e-07
3.4972734e-07
-2.053083e-07
-2.2572479e-07
3.4733944e-07
-6.475417e-08
5.300887e-09
1.201341e-06
1.4181482e-07
-4.2038617e-09
-2.0650921e-08
1.2789673e-07
-3.2478567e-07
1.375841e-07
1.4491056e-09
1.2144726e-07
-4.3745327e-08
9.007421e-07
2.361199e-07
3.2860796e-09
-8.769665e-07
3.5637453e-07
4.0627296e-07
1.2156035e-07
-2.0163792e-08
6.291447e-07
3.6697966e-07
2.9289458e-09
2.435788e-07
-3.7005098e-08
-7.228963e-09
-3.6471892e-08
4.325498e-08
-3.6870563e-08
1.3184159e-07
-5.5456e-07
1.1430544e-06
1.9697468e-09
1.529288e-07
5.515583e-07
-2.561235e-08
2.7680644e-08
2.5457265e-08
1.5210381e-07
-8.596842e-09
-6.4517294e-11
9.1547997e-10
3.5082074e-08
3.9328816e-07
1.9089333e-07
-2.6875603e-07
-1.3201211e-06
1.4478509e-08
-7.808052e-07
-3.0543163e-07
-2.7935767e-08
2.2157383e-08
-3.985602e-06
-6.3587353e-09
1.8328613e-07
-6.043953e-07
-7.1333824e-07
-1.2554813e-08
2.47124e-07
2.0795495e-07
6.254925e-07
-1.5874485e-07
-1.573178e-08
1.083773e-06
-1.7823172e-07
1.15383564e-07
-4.748505e-08
1.8010717e-06
7.432008e-07
1.328107e-07
-5.21114e-09
-6.761466e-07
9.1862455e-07
2.4363226e-07
-1.3477788e-09
3.9608863e-10
3.5041083e-09
6.854173e-09
6.1960255e-09
-1.0852462e-08
2.011247e-08
-1.8933472e-08
-1.584701e-08
1.1180133e-08
1.4926421e-08
2.0869116e-07
-1.1968716e-07
-1.9823016e-08
7.302414e-12
2.3821167e-07
1.1608787e-08
-9.534079e-09
-2.5420354e-07
5.874324e-07
-4.78802e-07
-1.4747781e-06
1.3963439e-08
-6.130374e-08
1.5875254e-07
-1.497984e-07
4.5422087e-08
-1.5500195e-08
5.315636e-07
4.0787537e-08
-1.9690239e-08
1.02249365e-08
-2.757573e-07
-1.882493e-08
-1.04918925e-07
-1.0518952e-08
8.474008e-07
-2.6611986e-08
-1.4764777e-07
8.427939e-09
-4.026141e-07
-8.311273e-08
-2.1239426e-07
1.1463021e-06
-5.3347624e-09
7.076208e-08
2.2824635e-11
3.747189e-09
-7.587309e-09
-9.207515e-08
-1.4761788e-08
2.4710585e-06
-1.5896535e-07
5.2044868e-08
-9.564775e-10
1.13415894e-07
-6.096116e-08
2.0195887e-07
1.212225e-06
-9.717299e-10
-2.4450796e-06
1.2540153e-06
-3.1639826e-07
-4.2607624e-09
-4.9052344e-09
4.9230914e-07
-1.3743096e-08
7.3801814e-08
1.8779759e-06
7.9041875e-08
-1.6863629e-07
9.789213e-07
-7.7338484e-08
2.8367891e-08
-1.8006373e-06
9.2947683e-10
4.9868408e-08
6.280094e-07
2.3665734e-07
-1.1583438e-07
-1.120624e-08
1.6155808e-07
-1.2305196e-09
1.7779925e-10
2.2781548e-07
-3.830486e-07
-3.8201551e-07
3.665092e-08
4.0526924e-08
-2.2177727e-07
3.4127265e-09
-1.0900259e-08
1.823526e-08
2.3287475e-07
-1.1902531e-09
6.229124e-07
-3.8738798e-07
-1.2670421e-06
-7.0323205e-07
-9.068771e-08
-2.2210975e-07
-1.8745907e-07
-5.3646513e-08
7.9484266e-07
-5.724568e-07
3.7938012e-08
-4.1657628e-07
4.4134655e-08
-1.6313166e-09
5.027158e-07
-9.440044e-08
-3.1423002e-07
3.677402e-07
2.3924693e-07
5.1810467e-08
-1.4091215e-07
-1.3558844e-08
1.1130448e-06
-2.934641e-07
5.8205495e-07
-8.9456915e-07
1.0950653e-08
4.591164e-07
-1.5792779e-08
-8.8933065e-09
1.360362e-08
1.1985506e-10
-4.3149424e-08
6.199667e-09
9.068085e-08
2.4077982e-08
-3.99655e-08
1.2477389e-07
4.921899e-08
-3.6011085e-07
3.2384983e-07
7.329229e-09
2.3406088e-10
-1.0396836e-06
1.324087e-11
5.2893203e-08
7.958871e-08
1.9316914e-07
2.1619476e-07
6.477216e-07
-1.7007204e-06
1.422205e-09
2.145653e-06
-1.7604614e-07
-8.276216e-09
1.7798423e-09
1.7012887e-07
-2.4233276e-07
-5.3456034e-08
5.3912834e-07
-5.474119e-09
1.8043185e-09
4.210514e-08
-3.3489748e-08
-4.3975356e-07
1.5670617e-08
7.602468e-09
-1.2870196e-08
-2.1874733e-09
3.1318282e-07
1.9563652e-07
-8.3000025e-08
9.377102e-09
2.1020437e-11
4.5617362e-08
5.4168515e-07
1.4526e-07
-4.239673e-08
-5.4403785e-08
4.780007e-07
4.819415e-07
1.7659323e-07
2.6045153e-09
2.7810287e-07
1.670073e-07
9.237746e-07
-3.3251496e-07
-8.819049e-08
-1.7867504e-07
-6.423566e-08
2.4411173e-07
4.63618e-07
8.709136e-08
5.1670348e-08
1.481052e-07
1.4923003e-07
-5.9385914e-09
2.1927791e-07
3.6208473e-07
3.630394e-07
3.4617906e-07
1.3621079e-07
2.9583808e-07
-2.2507853e-08
-7.954107e-08
-5.0718677e-07
1.0815439e-07
-1.6009654e-08
-3.7004992e-07
7.0218e-07
1.3701525e-08
1.7092748e-07
1.4885568e-08
-3.7292034e-07
5.791686e-09
-8.7431323e-07
2.0413755e-07
2.9576104e-06
-7.867036e-08
-5.6886347e-07
4.063111e-07
1.5813571e-06
-5.759771e-11
-4.1365865e-07
7.352459e-07
-4.114486e-07
-1.3170717e-06
-7.3690747e-09
-4.815526e-07
2.2192917e-07
8.436598e-07
-1.5081238e-06
-7.563616e-08
4.037884e-08
1.8824595e-09
-1.569896e-06
-7.230656e-09
1.7704913e-08
3.677519e-07
-2.0162374e-09
-9.9570045e-08
-2.8345482e-09
-7.93466e-07
-5.620584e-07
-6.2629204e-07
4.5804255e-10
-1.3389792e-06
1.387032e-08
5.873947e-08
7.121716e-07
1.0421365e-07
-7.1109815e-07
7.0332123e-07
-1.7473656e-07
-2.3629497e-07
1.05006706e-07
-2.1919945e-07
-6.4635157e-07
-1.7383876e-08
1.6354491e-07
-2.5587378e-06
-1.6323545e-08
-3.7723876e-08
-1.511015e-10
-1.2879099e-06
2.4755252e-07
4.7026887e-07
-2.6690861e-07
-1.3752032e-07
-9.822705e-08
-8.53206e-08
-4.428581e-08
1.6061744e-08
2.326644e-06
-1.8565807e-08
-3.3311588e-07
-6.596328e-08
7.891923e-09
-5.8640616e-08
-7.574342e-09
-8.110401e-12
-2.185208e-06
2.1514104e-09
7.118441e-10
-2.0192323e-07
-1.2747744e-06
1.7921784e-07
3.7995449e-07
3.3759328e-08
-8.649512e-08
-1.4025463e-06
-3.7687742e-11
2.609399e-09
4.570159e-08
1.732112e-06
-7.472288e-08
2.5900606e-06
6.278971e-07
-5.186085e-07
-1.3153167e-08
-1.025235e-08
3.121086e-09
-9.776313e-09
-1.4923306e-07
4.9978432e-08
9.968599e-09
-9.140747e-07
1.4093315e-07
-7.300533e-08
1.6259772e-08
-4.5137972e-07
-9.175322e-07
-3.8790087e-09
1.3225983e-06
-2.3952413e-09
7.6233215e-09
-1.5892111e-06
-2.6024227e-07
1.7101075e-07
-2.3487192e-09
1.2355767e-07
3.5659777e-08
-7.340594e-07
8.4509555e-10
-1.096032e-06
-2.2386025e-07
-1.3031014e-07
1.3752714e-07
-1.0008961e-08
7.724331e-12
1.7333432e-06
-4.5747043e-08
-4.8784904e-07
-8.77296e-08
-7.855432e-08
-1.1913792e-07
-2.0612076e-07
1.1503805e-09
-1.0442664e-08
-1.208861e-08
-3.373655e-09
-1.4644519e-08
-8.5439396e-08
5.2536113e-09
-1.3039063e-07
1.3293688e-10
2.9616034e-08
-5.207713e-07
1.5519366e-06
-4.2896676e-07
6.516769e-07
-1.4901586e-07
-1.6232166e-10
2.9402292e-08
7.497321e-07
1.922719e-07
1.3516303e-08
-2.8581123e-08
-8.18241e-07
-1.4371901e-08
-5.8378436e-07
-1.0987453e-09
1.4387065e-07
-9.978253e-07
1.3342262e-06
-1.1045212e-08
2.7758585e-07
2.570752e-07
6.675004e-07
-1.2300262e-07
3.8774036e-07
-3.206529e-07
1.5534955e-07
-7.925235e-09
8.169931e-08
-9.3890384e-07
-1.91349e-06
3.19054e-07
-2.2813013e-07
-1.10912126e-07
5.049234e-07
-3.7452511e-07
5.179086e-08
1.07156936e-07
2.4414835e-08
-1.5738547e-06
2.2140025e-09
-3.1312798e-06
1.439758e-08
-5.6103396e-08
-1.2540769e-06
2.1923392e-09
-2.010836e-11
-2.759393e-07
1.637051e-07
-1.6900508e-07
1.9779234e-06
-4.9864894e-07
-3.086159e-07
2.360454e-10
2.3356448e-09
-3.6344748e-08
-4.5842846e-08
-3.341736e-07
4.5085602e-07
3.1458893e-09
8.9331685e-08
-4.2944163e-07
-6.486721e-08
-2.9567002e-07
-2.5550388e-09
-7.117137e-07
1.8143543e-06
4.0220453e-08
3.312415e-08
1.608945e-08
-5.141876e-07
-2.0458227e-08
3.3401182e-07
2.4647983e-07
3.4735417e-06
1.8801639e-07
-5.4495928e-08
-7.350938e-07
-6.9460286e-09
-9.823494e-09
1.1623199e-06
1.1026908e-06
-8.556738e-10
2.6131966e-07
-1.0911522e-07
8.3828034e-08
6.160065e-08
3.1063596e-06
-1.6496081e-07
-3.416633e-08
1.764893e-08
2.3960885e-07
3.6348825e-07
6.318133e-07
6.556856e-08
4.2253306e-10
-1.7781847e-06
6.4866432e-09
1.00119364e-10
1.02111564e-07
-8.809511e-08
-1.396421e-09
-3.272653e-08
2.0301892e-08
-4.0998665e-07
-5.9853036e-08
-3.7868457e-08
6.185876e-07
-8.6372853e-07
1.6040744e-07
-2.839807e-07
1.0087996e-08
-2.0083857e-07
1.1848108e-08
-4.3809385e-07
-4.154207e-08
2.8845905e-06
-2.9134708e-07
-3.257836e-10
-1.7657894e-07
-2.0603657e-08
-2.918595e-07
1.1348404e-07
2.6483082e-07
-1.2319745e-07
-3.4471434e-08
2.1480196e-07
-2.0501005e-07
-1.0874247e-08
-2.273009e-07
3.859154e-06
3.6686874e-08
2.4609108e-07
-1.2358041e-06
-5.0498426e-07
1.6825989e-07
1.8916858e-10
-3.6808817e-08
-2.001127e-07
2.3632882e-09
-2.905676e-07
-1.4683026e-08
-1.5821828e-06
8.626182e-07
-2.1746155e-07
4.2178002e-07
1.6505084e-07
-2.217673e-07
-9.7944834e-09
-1.4741646e-08
-8.0716475e-08
-5.5749575e-07
1.2766077e-07
-3.7259786e-09
-1.2952657e-09
-4.5652332e-10
-9.401148e-08
-5.478233e-08
-2.0814811e-07
-1.9879861e-08
-1.6896322e-06
8.37334e-09
-9.751782e-07
-4.1555175e-08
-1.6616905e-08
1.5984739e-07
7.726241e-08
5.603339e-10
-7.947878e-07
-2.259543e-07
3.786709e-08
-1.4525894e-08
-1.1214015e-07
1.7816971e-09
-7.680273e-08
1.2770282e-07
-1.5197809e-09
2.0719112e-07
1.4166043e-09
-1.4940154e-08
-1.2825502e-06
-2.7048384e-09
5.6894054e-09
-1.5438982e-07
-7.939129e-07
-3.052207e-08
-2.4104061e-08
-2.6771397e-06
1.9901192e-06
1.3308349e-07
1.2983545e-09
1.645223e-07
-4.1820368e-08
3.9052774e-09
2.2266216e-09
-2.124882e-08
-8.923782e-10
-2.208066e-07
-9.551174e-08
9.501453e-09
-8.9369377e-07
7.195295e-07
-1.0814326e-06
-2.4851462e-07
-2.2040146e-07
2.1643203e-08
-3.105561e-07
-3.4785188e-08
1.6681462e-06
-3.4691165e-08
5.221549e-09
-1.1583878e-06
9.920647e-07
-1.5195151e-07
-1.2302543e-07
4.422667e-07
7.072863e-09
-1.49125e-07
3.3639376e-09
4.3077085e-07
-1.4307558e-06
-2.6852112e-07
7.9544276e-07
-1.0502088e-06
1.6460314e-07
-3.2028293e-09
8.1390294e-07
-1.437043e-06
1.3399407e-06
5.5619787e-10
3.842812e-07
1.0496432e-10
-6.5902976e-09
1.3369128e-09
-3.4626987e-07
-2.0978764e-08
-2.8296245e-07
1.6825015e-10
5.323322e-07
-5.680474e-10
-1.5831895e-07
1.3794299e-07
-7.775313e-07
5.0254226e-07
2.3511883e-07
7.4493514e-08
1.012235e-06
-7.44468e-08
-3.8246082e-08
-1.3292737e-07
-5.358954e-08
5.1696435e-07
3.698447e-07
-4.0015578e-09
-9.4754955e-07
-4.992288e-07
6.151806e-08
1.918646e-08
-7.773069e-07
-1.5402476e-06
-7.471047e-08
4.1767643e-07
-1.1197318e-08
1.00032814e-07
1.7184485e-06
-6.7245727e-12
-3.328562e-07
1.011917e-07
-1.455562e-07
-3.4202765e-09
-5.184821e-10
1.4781462e-07
-5.9353437e-07
-1.1675963e-06
3.7984705e-07
-1.2280128e-07
-8.2116884e-07
-1.7602667e-07
-1.8526679e-07
-2.0144679e-08
-1.4930442e-06
4.5898898e-07
7.9535045e-09
4.739228e-10
-8.6231086e-07
-5.558749e-07
4.2917773e-07
4.694394e-08
6.128835e-07
-8.4359954e-08
-1.0276957e-06
5.6097832e-08
2.3692735e-08
-1.5422133e-07
-2.2319284e-08
-9.967189e-08
-2.3558016e-08
1.088954e-07
-7.0360335e-07
-1.04402744e-07
2.7704817e-07
6.7299396e-08
2.1822615e-07
-4.6235826e-08
-6.0923617e-07
-1.0973646e-07
-1.521667e-07
4.2200645e-07
3.0681935e-09
1.0955216e-07
-1.94996e-07
-1.5690753e-09
2.0875873e-06
3.289979e-07
2.348945e-09
3.1045656e-06
-1.952177e-06
5.0375985e-07
-9.122972e-07
-3.1573893e-06
4.092601e-07
-7.546794e-10
-5.727388e-07
2.1502862e-08
-1.2811702e-07
-5.8146065e-07
-1.7529277e-07
-1.1168473e-08
3.7240086e-11
-1.6462081e-07
-3.6638934e-08
3.726505e-07
-3.8948847e-06
-6.119187e-07
-2.4881394e-10
1.1571528e-06
9.1729015e-07
-7.6189366e-08
6.816175e-08
-4.5905065e-07
1.0231522e-08
-8.584679e-08
1.3881672e-07
1.277814e-07
-1.8979609e-08
-4.3758708e-09
1.9016043e-07
1.025424e-09
7.410599e-07
-1.4810752e-07
7.542123e-09
1.0642472e-07
2.3354254e-09
3.7588106e-07
-2.7101756e-08
-5.7343505e-07
-4.054292e-07
-2.1171361e-07
-1.31657e-07
-3.4379866e-09
3.3631943e-06
3.5581812e-07
8.405868e-08
1.0095475e-06
-5.181972e-08
-3.3817606e-08
-2.4221615e-08
-1.649484e-08
-3.731616e-07
-7.612976e-09
2.3032554e-07
2.0680184e-06
1.045831e-06
4.918777e-08
-3.9769706e-08
-1.4736568e-08
1.3117155e-09
1.5600891e-06
-1.132746e-09
1.9787442e-06
-9.468482e-09
1.0717712e-07
7.703101e-07
-1.1497124e-06
5.271694e-07
6.3019485e-08
5.381508e-08
-2.0837483e-07
-4.930233e-09
-3.3003704e-09
1.9392025e-06
2.306162e-07
1.0611009e-06
-3.046857e-08
2.2192214e-08
8.624921e-08
-4.91997e-07
3.3555157e-06
5.2788187e-07
1.9031097e-08
-2.5430379e-07
-2.8131645e-08
4.4944578e-08
4.6225537e-07
3.9240472e-08
6.662919e-07
5.139007e-07
-1.1353844e-06
5.0551584e-08
5.6859113e-07
2.3719579e-06
6.9931724e-07
-1.5717461e-07
7.9851624e-08
-5.6775656e-07
7.772434e-07
4.8104445e-09
-1.0112772e-06
-6.3893384e-07
-4.9534003e-07
1.6474473e-08
-5.1120878e-08
5.661842e-08
6.92435e-11
-8.950745e-08
6.4143444e-07
7.632634e-08
-3.276138e-07
5.025115e-07
-6.504001e-07
2.1270391e-10
7.0194403e-07
-2.6219192e-08
1.5015183e-06
-4.967629e-07
6.81355e-09
-1.0224737e-06
5.290236e-07
8.300638e-07
-1.3602147e-08
3.265249e-08
-5.104808e-07
-3.1232855e-07
5.529855e-07
1.5833704e-08
2.699384e-08
2.1945157e-09
3.296856e-08
-1.851995e-08
-5.722392e-07
5.6280396e-07
1.3780213e-07
1.4924471e-07
-1.7293374e-08
-1.0193828e-07
6.164116e-08
6.8169277e-07
6.0812293e-09
8.091948e-07
-2.106693e-08
9.162215e-08
7.260296e-08
-9.4061754e-08
1.4329064e-06
-9.065519e-09
-1.5269414e-06
-2.3099705e-07
3.6428415e-07
-6.851172e-09
3.8709775e-08
4.8930965e-10
2.9076181e-08
2.8382877e-07
-2.1675646e-07
-1.9188763e-06
7.1006834e-10
-9.984825e-08
6.8477144e-09
3.4308636e-07
-2.160959e-08
4.4360237e-07
8.557077e-08
5.8602717e-07
1.2493295e-10
1.3846326e-07
1.1615807e-12
-9.9522154e-08
-2.2209993e-07
-5.0800377e-09
-8.674638e-08
1.677978e-08
-4.176401e-08
-1.3590777e-06
2.9200672e-08
1.9917039e-08
1.2835435e-06
1.5161615e-07
-8.2223565e-08
2.244183e-08
5.692349e-09
2.0553287e-08
1.7196516e-07
-1.8058521e-09
-4.936421e-07
3.1344632e-07
-8.313055e-07
1.1115129e-06
3.9040506e-07
-6.1135808e-09
-3.5478578e-09
3.5265447e-08
-2.4790728e-07
-2.1886756e-07
-2.9358485e-08
1.47052095e-08
-9.971056e-07
1.1321717e-08
-2.9251723e-08
5.606257e-08
1.7634602e-09
2.5918533e-07
1.0713785e-08
-2.094585e-07
2.40024e-08
3.005121e-08
-5.901782e-07
1.9247875e-06
-2.0810211e-09
1.0481309e-07
-2.700197e-08
2.5189536e-08
-1.4287954e-09
-1.7600101e-08
3.4628047e-07
-6.4838126e-08
4.941413e-08
5.9920193e-09
1.046554e-07
-1.1996577e-06
-1.6188265e-09
4.72107e-10
7.455518e-08
-1.7298717e-08
4.0322544e-07
-4.854895e-07
2.1068909e-06
3.4028922e-08
-4.3021e-09
-4.807314e-07
-7.5411333e-07
1.0356746e-06
1.2176358e-06
-2.155008e-09
-4.7568537e-07
9.437279e-10
7.280306e-07
-7.469939e-09
-9.0721763e-10
6.9020325e-07
-2.9938637e-06
1.4080016e-08
-3.6647588e-10
-1.7699406e-08
3.8521318e-08
8.714992e-09
1.3326576e-06
1.6193914e-08
-2.6060272e-06
-1.2846043e-06
-3.1113086e-07
-4.0701687e-07
1.0901708e-06
3.857916e-08
1.16974705e-08
-2.701532e-07
-3.5696547e-07
-4.835683e-07
-1.3661148e-07
1.2433482e-06
1.4043734e-07
