2.2944306e-08
-4.392836e-07
-1.96337e-08
-5.9492677e-09
6.371173e-08
2.535144e-09
-7.678257e-08
1.1087168e-07
4.7584635e-08
-3.3375164e-07
9.14453e-08
-2.9993775e-08
3.9371617e-09
1.0229101e-08
-2.5293641e-08
-1.3612772e-07
-6.109123e-10
-8.944927e-08
-8.4557485e-08
1.1454435e-07
2.1375348e-07
-2.4715309e-08
-4.87437e-08
2.021824e-09
9.8862635e-08
3.1834553e-08
-2.4815853e-07
1.1982746e-07
9.6349986e-08
-1.6951907e-07
-1.6673383e-08
-5.020705e-08
-1.0680135e-08
-4.1225825e-08
-1.279827e-07
1.2800314e-07
-4.556479e-09
1.075436e-08
9.724208e-15
-7.184396e-08
8.637469e-08
-8.19646e-09
-1.3803389e-08
5.9308514e-09
-3.1915317e-08
7.075613e-09
4.6877642e-07
-2.0541345e-08
1.8064664e-09
-6.3487555e-08
-1.5938907e-10
2.2204798e-09
-3.0870564e-07
1.0257616e-07
-7.0415346e-08
-2.2517548e-07
-2.90031e-10
-5.547825e-08
8.1078326e-08
-1.0815746e-07
3.3684277e-08
-1.0385245e-08
-1.5350285e-07
2.9875963e-07
2.9422378e-07
-1.3702397e-08
5.5203078e-08
1.5688977e-07
-5.2023367e-08
-1.9208768e-10
2.6759528e-08
3.883249e-07
-7.52087e-09
-5.257324e-07
1.3593153e-07
-2.494651e-08
-1.05430615e-08
7.124441e-10
-7.2055473e-09
-1.6245616e-07
-2.0298184e-07
4.2211152e-08
4.5411163e-08
-2.4115185e-10
-1.4740514e-10
-3.46816e-08
-6.029039e-10
-1.5988479e-07
7.1789515e-08
8.03985e-08
-5.130687e-09
-2.2550173e-08
7.3533596e-10
2.1845443e-07
3.0971822e-07
-8.70045e-08
-1.9064068e-09
-7.015975e-08
-1.2816764e-07
9.5165916e-08
2.7366267e-11
1.2703323e-08
1.1441086e-08
-3.7500513e-08
-4.3583765e-07
8.011046e-08
8.940758e-08
2.3461578e-07
-7.835466e-09
1.8566043e-07
1.3622332e-07
-6.4668654e-08
4.2237385e-08
-4.6193207e-07
1.3494266e-08
1.1708462e-07
-2.5099197e-07
-1.7615265e-07
5.4290712e-08
-5.7293658e-08
1.7124327e-07
9.5602516e-08
-1.5571043e-08
-1.8976701e-07
-1.4501197e-07
3.653641e-07
-2.1586325e-07
4.677677e-08
-9.910725e-09
-1.2000015e-07
-1.0944216e-08
1.2305607e-07
-1.0735742e-07
2.2750154e-07
-5.6746888e-08
1.8231315e-08
-7.905074e-07
3.4578824e-07
2.8082486e-08
-4.0629297e-07
-1.4999544e-07
-1.271065e-07
5.022634e-09
9.0171e-09
6.804124e-08
1.9882629e-07
-4.2481307e-08
-1.5708146e-09
-1.5244966e-08
-5.190639e-08
4.6925532e-08
-1.7793566e-08
2.7938043e-07
-1.3392342e-07
3.3388926e-07
-4.1869473e-07
1.3112789e-07
8.964077e-08
-3.6645934e-10
-6.932551e-08
3.5594888e-07
7.40359e-08
7.27001e-08
4.1191576e-08
2.6802626e-08
6.952845e-08
2.5808814e-07
-1.1446077e-07
1.7271683e-09
-2.126865e-07
-4.07493e-08
-9.6459445e-09
-2.1179937e-07
2.7730673e-08
-5.507575e-08
-3.920769e-07
1.2937946e-08
1.15945646e-07
-5.960996e-08
4.659722e-08
1.9993863e-07
3.2341095e-08
5.1532734e-08
4.4295376e-09
-4.7380902e-07
-1.0697328e-08
5.857652e-09
-4.626627e-11
-3.8571727e-08
7.25674e-08
1.2773052e-07
9.002824e-08
2.2519398e-08
4.7349343e-07
2.0559584e-07
-3.5498395e-08
-1.3499728e-08
-3.439933e-08
-3.9149333e-07
9.252556e-10
-3.2433803e-08
-1.0395769e-07
2.9494464e-08
-1.7102293e-08
-7.9285826e-08
1.1431442e-07
3.5803755e-08
1.6960304e-07
-1.4833508e-07
3.859557e-07
-1.7881585e-10
3.0223313e-07
-7.049485e-08
5.8875486e-08
-3.2601463e-07
2.048241e-09
1.2823772e-08
1.1662506e-10
9.743883e-10
-4.4293156e-08
-1.572603e-09
-6.4035206e-08
-1.0165868e-08
9.6527074e-08
1.1099288e-08
-1.3205724e-08
4.3253312e-08
1.04792214e-07
6.7305344e-09
-1.1542293e-07
-4.6588788e-08
-1.1076962e-08
-5.513595e-07
8.2015006e-08
1.7212068e-07
1.7724639e-07
4.2525272e-08
-4.0025006e-09
-8.782575e-07
-2.8311027e-07
1.2063508e-11
1.4618041e-07
-5.0403642e-08
-1.930484e-08
-4.3850612e-08
-8.852292e-10
1.425642e-07
-5.5362186e-09
-4.559432e-08
2.111976e-08
-2.0293074e-07
2.6154073e-08
2.3320445e-07
-1.7427874e-07
-2.930295e-08
-1.2842735e-08
5.0353098e-08
1.03294084e-07
-2.6713548e-07
3.9544084e-08
-4.465969e-09
4.5150262e-08
-3.3413436e-09
-8.505012e-09
-4.083633e-08
-1.2302097e-07
-2.0798897e-08
5.366438e-11
1.8912134e-07
-9.632e-07
-6.982637e-08
1.9955622e-09
7.478133e-08
-7.339789e-09
5.3997096e-09
7.207976e-08
-1.6372547e-07
1.5165449e-07
7.904273e-10
-1.926804e-08
-7.106623e-08
-9.418191e-10
-1.4590067e-08
-1.9466381e-07
2.7940722e-08
-1.0503751e-07
2.0721721e-07
2.2156276e-07
3.967543e-07
9.0178155e-08
-1.9524568e-07
4.2636796e-07
-1.3949104e-07
-4.8008637e-08
-1.7563465e-07
-1.3151862e-07
2.0390854e-07
-1.2705941e-07
-1.7407532e-07
1.2174867e-07
-4.3095723e-09
1.00358115e-07
-2.1759737e-08
1.7585606e-08
-9.263989e-10
7.2716384e-09
1.1766664e-08
-1.6580742e-08
-2.2498521e-07
1.1439832e-07
-4.7539731e-07
-5.926409e-08
2.4821356e-08
-1.7279312e-08
-2.9622296e-08
-2.719122e-08
-2.5307056e-08
-3.9200337e-08
2.1707083e-09
-1.4034637e-07
4.152912e-08
1.9514987e-07
-1.5927833e-07
-1.0187799e-08
-6.0231167e-09
1.9528858e-07
-1.1815156e-09
7.4735e-08
-7.983895e-09
3.1309506e-09
1.2928171e-08
2.7106072e-08
-1.7427669e-07
3.676563e-10
9.078781e-08
1.9124899e-07
-5.189799e-07
-1.4562187e-07
-3.0697166e-08
-1.643768e-07
-2.3837235e-07
-4.1443033e-07
1.0289006e-08
-9.171428e-09
1.3116e-07
-1.5205354e-07
2.3299362e-08
-7.1988396e-08
-3.0213005e-08
-3.9026884e-09
-6.9881395e-08
-7.9251656e-08
-3.9236998e-08
3.456918e-08
6.542699e-11
-9.40159e-08
-5.1072617e-09
3.3820824e-09
3.4161502e-08
3.933421e-08
-6.7716016e-08
-2.0685283e-08
1.0423649e-08
2.050608e-07
3.1308767e-09
-5.8936745e-08
1.6247775e-08
-6.006183e-08
-1.0326218e-09
-6.313326e-09
3.534136e-08
-9.878386e-08
3.358242e-08
2.789307e-07
-1.9233946e-09
6.060429e-08
2.5333652e-08
1.30151e-08
-1.4604511e-08
6.888152e-08
-9.355728e-08
-2.3694312e-08
-6.772059e-08
-2.3251476e-09
5.4177164e-08
-1.5317873e-08
2.1153491e-08
2.3988614e-08
-3.6138136e-08
-2.5695403e-08
1.500567e-07
1.4873068e-11
-1.8752542e-09
-1.1980524e-08
1.2610094e-08
1.1534608e-07
-3.766041e-08
5.3203477e-09
-2.242487e-09
-3.4248703e-07
-3.6741113e-07
-1.1890548e-08
-1.3002834e-07
4.290084e-08
-2.8652682e-09
8.9208804e-08
7.916451e-09
-9.516444e-09
6.6595156e-08
-1.0607426e-07
-3.761066e-08
6.61303e-07
-3.7217248e-08
-3.599928e-10
-1.32293625e-08
-8.052734e-08
-8.3045055e-09
-5.9736066e-10
9.4148476e-08
-1.9276609e-08
4.5860685e-07
1.8162462e-08
-3.315808e-07
4.138263e-09
4.0689446e-08
2.1554696e-08
-1.4503075e-07
-1.6301563e-08
-1.3421449e-08
1.01614866e-07
-1.7492987e-08
3.6316514e-08
2.1657635e-07
-1.0905385e-07
-2.50496e-07
-1.1700124e-08
-5.2679965e-08
2.0711385e-08
1.8433579e-07
4.0303894e-07
7.770221e-09
-1.1980478e-07
2.069138e-07
1.2432764e-08
5.9434626e-09
-7.23537e-08
-3.1101903e-09
-2.4968975e-07
-1.2173897e-09
8.427606e-08
-8.925943e-09
-6.9929405e-12
-1.3444353e-10
9.630349e-09
-1.2983229e-07
3.4664726e-08
4.4618908e-08
4.668524e-07
-1.0849963e-08
-1.1102108e-07
-9.080903e-09
-8.794974e-08
1.08653346e-07
4.1077385e-08
-3.5077836e-08
-2.2168166e-07
-1.7996557e-07
3.0230365e-07
1.6011598e-11
3.3023248e-08
1.1128654e-07
1.9532314e-08
3.0014064e-08
-2.2063615e-07
2.5507995e-07
4.207428e-08
3.2060896e-09
-1.3008966e-07
4.7121596e-08
-1.5986642e-07
7.041844e-08
1.1180566e-08
-1.2009454e-08
-2.2225123e-08
-4.3988404e-09
-5.9775327e-09
1.9824768e-07
-2.6268563e-07
1.2356205e-09
2.9587085e-08
5.1742944e-08
-3.6851134e-08
1.7300049e-07
-3.26809e-09
1.7882845e-08
1.1613095e-08
2.9565797e-08
-3.7034494e-07
4.5162718e-08
-7.213052e-08
5.2056377e-09
-3.5625203e-07
4.640686e-08
-6.716138e-08
-2.696061e-09
5.19399e-10
3.317586e-08
6.3440545e-08
6.766959e-08
-3.431773e-08
-8.41023e-08
6.720422e-08
-5.4572112e-08
5.195114e-08
-6.9837085e-08
2.2898528e-09
1.6404256e-09
-1.6144671e-08
1.5142793e-07
8.255058e-08
-6.183436e-08
-1.2965596e-07
2.2679102e-07
-4.7596373e-08
1.41806e-07
-8.122921e-09
-8.615429e-10
1.0371602e-08
-4.421381e-08
-3.4396418e-08
-1.3959542e-10
9.111838e-09
-1.5139523e-08
3.465994e-07
1.2805302e-08
1.143353e-06
-9.3263814e-08
-8.200402e-08
-5.972504e-08
-6.219878e-08
-1.7536271e-08
1.736981e-07
1.1389892e-07
-2.7780134e-10
-1.1461191e-07
1.570458e-08
-4.80071e-09
-3.3710663e-08
-4.5480107e-08
-3.475605e-09
6.955033e-08
9.005041e-08
-3.7206103e-11
-2.3044333e-08
6.7050706e-08
7.246209e-08
2.0801606e-07
-2.1146573e-09
-1.5855942e-08
-4.576611e-08
-2.8165298e-08
-3.7607627e-08
9.219641e-08
-4.3841375e-09
-5.9491914e-08
6.8344605e-08
-1.5310427e-08
2.1159467e-07
2.5726271e-08
-8.431536e-09
-2.5473906e-08
-1.4278018e-07
9.881393e-10
3.6072283e-08
-8.4908905e-08
4.8863775e-09
-3.3018267e-08
-1.4277991e-07
-5.9039937e-08
2.2155484e-10
1.6547142e-08
3.0656032e-08
-6.9060837e-09
-3.3742506e-07
-6.609071e-08
-3.8988247e-08
-1.7236127e-08
2.6740506e-07
2.2688855e-10
-2.7394526e-07
1.3285171e-07
-1.18608284e-07
-6.130706e-08
-2.1324986e-07
1.6392768e-08
4.0256487e-09
7.080597e-08
1.8844939e-07
1.6771924e-08
2.54133e-07
-1.8576674e-08
-2.703096e-07
1.8317731e-08
-2.613879e-07
-4.6976027e-08
1.513528e-08
-8.7763e-08
-1.4988638e-08
1.3001444e-08
5.644379e-08
-4.3423307e-11
4.8213785e-08
-6.91348e-08
7.1384226e-10
1.4155596e-07
3.10175e-11
-8.328907e-08
4.4295916e-07
1.361617e-08
2.4848215e-09
-3.6850943e-07
-3.9284508e-08
-1.37271785e-08
1.3078137e-07
-9.1374595e-08
2.484108e-09
-6.726955e-08
2.5478144e-09
-1.0069317e-07
1.425902e-07
-6.153451e-08
3.9589086e-08
4.8610205e-10
2.106343e-08
-8.2891965e-08
-1.7525362e-08
-1.1071307e-08
-8.437604e-08
1.4593792e-08
5.4858944e-08
-3.7974704e-07
-4.9614027e-08
1.2619347e-08
-3.6649034e-08
-6.550058e-08
-1.5123095e-07
-9.318537e-09
2.5295968e-09
-3.6303442e-09
1.2467713e-07
-2.612701e-07
1.7212714e-07
8.6983637e-10
-1.0487699e-08
1.3731149e-07
6.953905e-08
-8.155662e-08
-2.79521e-08
-1.6519083e-07
-5.1257633e-08
2.1900181e-08
5.069958e-09
9.104285e-09
-1.3522131e-07
-1.3757944e-08
4.074214e-07
-9.514193e-09
-1.560315e-07
8.971355e-08
-2.4279519e-08
-6.6304245e-10
-1.2164004e-07
4.645707e-08
-4.1034139e-07
3.4870116e-08
-3.965157e-09
-1.12597665e-08
-3.2190473e-10
-1.4346637e-07
-1.0395866e-07
1.9661842e-08
-1.4781829e-08
-3.9590244e-08
-5.7548317e-09
-3.2437944e-07
6.2741373e-10
1.2088054e-07
-1.610886e-08
3.408718e-07
1.8846167e-09
2.0074749e-08
1.4366579e-07
-1.14921586e-10
1.0265295e-10
3.2489693e-09
1.1320217e-08
-4.7078044e-09
-3.0340793e-08
2.0551616e-09
6.5081207e-07
1.2718155e-08
5.1933826e-09
-1.2581138e-09
-9.939261e-08
-1.2274297e-07
2.0976344e-07
-2.1073753e-08
2.5664346e-07
-3.000901e-07
-1.7710923e-08
5.5876557e-09
1.5331224e-07
9.050694e-09
-7.5709195e-08
-4.463987e-08
-1.05029606e-07
-1.4449666e-08
-1.2767131e-08
-6.477379e-08
-1.10143304e-07
8.323365e-10
8.960349e-08
-4.885888e-09
-1.8248908e-08
2.6029586e-08
4.3213266e-11
6.201239e-08
-7.2453524e-08
1.13119185e-08
-1.1445225e-08
7.133933e-09
7.7066844e-08
-7.254353e-08
2.160054e-07
1.7019272e-09
-1.05956104e-07
-1.6390167e-07
7.945303e-09
1.18414974e-07
-6.1434244e-09
-1.12894654e-07
-9.845554e-08
5.2643855e-08
-3.4993557e-09
-5.553024e-08
7.4012014e-09
1.2363908e-08
3.398214e-11
-5.3469407e-09
-2.2107718e-08
-1.5980123e-07
-1.522535e-07
8.087818e-08
-3.1115484e-09
-1.7413981e-08
6.161895e-08
-5.1604598e-08
-6.031049e-09
-4.8502407e-09
-2.8967778e-08
-1.6864204e-09
-1.0482656e-07
1.4917916e-08
-3.080014e-07
-1.8805952e-09
-1.1526057e-09
-1.4612152e-07
4.5446242e-09
1.572093e-07
1.3823694e-07
-2.0307526e-07
-5.5341843e-07
-1.3634221e-07
3.7789837e-07
-8.056968e-07
-2.537329e-07
-7.5994296e-07
-1.9414568e-08
-9.972025e-08
1.6464696e-07
-1.020495e-07
-5.1152774e-08
-1.1379796e-08
6.8402297e-09
-2.06382e-08
4.5953112e-07
-2.1053548e-07
-1.617389e-09
-1.4441775e-07
1.1306669e-07
7.6168845e-07
-3.5699668e-07
-1.8161025e-08
-4.7325145e-08
1.5015493e-08
8.7649255e-08
4.9773126e-07
9.33037e-10
1.4073034e-09
9.784249e-09
2.603211e-07
2.2185299e-07
-9.4872924e-08
7.8989494e-08
-2.2123663e-09
-1.384819e-07
1.0018801e-09
-6.8217616e-08
9.6505005e-08
-5.0029314e-08
-1.5823329e-07
2.3493605e-08
2.3570943e-09
-5.8834644e-08
-7.4267305e-08
6.268931e-11
-2.4580964e-07
-6.324851e-08
-5.064545e-08
6.9913504e-08
7.2225754e-09
2.6976481e-08
-1.0952411e-07
-6.289364e-08
1.4507352e-08
6.3389194e-08
-1.6951796e-08
-3.0352567e-08
1.7974612e-07
3.9934334e-10
-2.1463965e-08
-1.882684e-08
-1.9786425e-08
3.817331e-09
2.7475843e-07
7.3683255e-09
-2.0457444e-08
-2.5611772e-07
-5.1036093e-08
5.525034e-12
-3.0280378e-07
-5.3972112e-08
-2.7774458e-09
2.079412e-07
-2.2737783e-07
-6.4735866e-07
-3.2444902e-08
-2.816819e-07
1.0792563e-08
1.1939001e-09
-7.412511e-08
-2.7440896e-08
4.6148497e-08
-1.4205179e-09
-2.2514348e-07
1.1182565e-06
-3.518892e-11
-4.5792345e-07
1.5428462e-08
-4.215665e-08
1.4873794e-07
1.1224404e-09
5.722048e-08
-4.8280967e-08
-6.073378e-08
1.5323813e-10
7.91274e-09
-4.622359e-11
-7.07971e-08
-6.3162946e-07
1.6236481e-07
7.12323e-09
-4.0878522e-08
-1.7295987e-07
-1.2607843e-09
2.4953469e-08
3.5814813e-09
8.198799e-09
-3.6640778e-08
-1.4894727e-09
3.8407308e-08
5.6637663e-08
9.353268e-09
7.836314e-08
-2.467542e-07
5.7486158e-08
-1.0961472e-08
-4.3974744e-08
1.2471287e-09
6.244241e-08
1.0299587e-08
6.118765e-08
-2.8689486e-08
-3.7281982e-08
6.5448376e-08
-1.4876864e-08
4.2862996e-07
8.6771666e-11
7.2931414e-08
-4.6810186e-08
6.113533e-08
9.311603e-08
-1.6244744e-08
-2.0832251e-08
-1.1818092e-07
9.10959e-09
-1.4557412e-07
-5.454158e-09
-2.406508e-07
1.419716e-09
4.2679312e-07
-3.5016473e-08
3.2171562e-07
-1.3205459e-08
-4.5548973e-08
2.7698755e-07
1.7703034e-07
-5.3483054e-09
7.398212e-08
7.714644e-08
-5.53399e-09
5.051817e-07
4.4429746e-07
1.9393906e-07
-3.071684e-08
6.219177e-08
8.6916884e-08
2.7414745e-07
1.3703153e-07
1.5956545e-08
5.262418e-08
-7.19258e-08
6.0797994e-08
-1.8278845e-07
-1.098893e-08
1.5943694e-08
-2.761622e-09
2.9859942e-07
4.2359567e-08
-1.0362717e-07
-9.3764605e-08
-8.7849275e-09
-1.224108e-07
-1.18359935e-08
-4.924677e-09
8.859121e-08
9.3006406e-08
-1.0120809e-07
-3.7803268e-08
-4.0686285e-08
-4.0770118e-08
-4.3370573e-08
3.6204207e-07
-1.0914366e-08
-2.0161147e-08
1.6824652e-08
-4.610738e-08
1.7534615e-09
-8.21298e-08
-2.4272316e-07
1.456387e-07
1.086883e-07
4.8548312e-08
-2.6915332e-09
-4.0807034e-08
9.977781e-08
8.235673e-08
-6.815485e-08
3.2287855e-07
-1.8301508e-07
-4.8070262e-08
-6.267867e-11
1.7160264e-08
7.918825e-08
-2.5598897e-07
3.4903586e-10
-3.4714869e-09
5.014195e-07
-1.8355905e-07
-6.791361e-08
1.0969295e-08
4.6382684e-07
-7.655043e-08
-6.721917e-08
1.4940535e-07
1.9931217e-09
9.594132e-10
-3.0413275e-08
5.347617e-09
3.6349044e-07
8.703719e-09
-5.22218e-10
-4.750527e-07
-2.434472e-10
-5.1347916e-07
-4.400476e-09
7.627619e-09
2.0656746e-08
6.1779044e-09
-4.269523e-09
3.8621167e-08
3.922238e-08
-1.0540731e-07
-6.5585134e-08
-1.7492793e-08
-2.764149e-09
1.625774e-07
5.4805877e-08
-5.789589e-09
2.4044002e-08
-4.3277506e-08
8.7825285e-09
-2.1672529e-08
1.0707658e-08
3.8118458e-07
-1.068085e-07
3.1192094e-08
-1.02907165e-07
-2.2476439e-07
-1.7675506e-08
2.2028035e-10
1.8427025e-08
3.7491937e-08
-1.2248815e-07
-4.6563586e-10
-5.3233247e-08
-4.4141892e-08
-4.167273e-08
5.7364286e-08
6.140627e-08
-6.739225e-09
1.6145144e-07
-1.04179726e-07
-6.8925132e-09
2.3992483e-08
-3.222189e-08
-7.288074e-08
1.2738108e-08
-9.00512e-09
-5.0765678e-08
-3.225743e-08
1.10067635e-08
-9.0933905e-10
-1.2879198e-07
3.5652846e-08
4.6034874e-08
-1.5871489e-08
4.931581e-08
1.1358957e-09
8.643698e-08
-2.7902664e-07
1.5755376e-07
-3.1924507e-08
2.1495691e-07
3.744869e-08
-7.470761e-08
9.6267044e-08
-5.912868e-08
3.088736e-08
-1.6864567e-08
-8.5193626e-08
-2.0126074e-09
2.0315977e-07
-1.9818614e-08
-3.3812427e-08
2.5471e-07
1.3035601e-08
-8.292869e-09
-2.4704304e-08
5.2382374e-09
3.8859003e-08
3.5890086e-08
6.415779e-08
-4.3926033e-07
-5.8603312e-08
-2.8497774e-07
-1.4419194e-07
-1.3369502e-08
5.662977e-07
6.655236e-10
1.14635235e-08
-5.5219156e-11
4.7272232e-07
-2.2470076e-08
-2.0960835e-09
1.802063e-08
1.7207284e-07
3.449e-08
2.7785237e-08
-7.179165e-10
-4.792865e-08
1.4834237e-07
2.1120479e-11
7.483742e-08
5.635261e-08
-2.7151778e-08
-4.0693798e-10
-9.848982e-08
2.959082e-08
-1.4422783e-07
2.787845e-08
-7.608936e-08
-1.2609669e-08
3.9741718e-07
1.2241959e-07
9.161135e-09
2.7116435e-08
5.293309e-08
1.0264662e-07
2.8021388e-08
1.9340864e-09
1.2312867e-07
-2.8299157e-08
8.619657e-09
-3.332983e-07
1.2223504e-07
-1.4646976e-07
8.488898e-08
2.7704675e-07
-1.9151034e-07
-1.6904268e-07
2.811651e-07
-1.8912144e-07
-3.3428654e-07
-1.6201759e-07
9.984518e-08
2.4062172e-07
4.656218e-10
-1.457724e-07
1.5020034e-07
-5.565343e-08
1.1218811e-08
1.0918612e-07
1.2082884e-07
-3.8621767e-08
5.168663e-08
-8.497948e-09
-1.48816e-08
3.328e-09
5.6995198e-08
1.4211899e-08
-9.09125e-12
-1.7678672e-10
-1.8285618e-07
-1.8241069e-07
1.158885e-08
3.882524e-08
1.1865518e-07
-5.185548e-09
-1.4912786e-08
-1.4536192e-08
3.453158e-08
9.0284445e-08
-1.5179567e-07
1.9258923e-08
3.6432735e-09
1.5881317e-07
6.71732e-09
-7.521082e-08
7.1265994e-08
6.244895e-08
3.1813272e-08
9.619695e-09
-1.0284998e-07
-4.4118902e-08
1.8021782e-07
-2.9907255e-08
3.925662e-10
-6.7516496e-08
9.158387e-08
-1.5375855e-10
-3.2682228e-09
-6.081674e-08
-1.5882767e-07
1.0171715e-07
3.1823742e-08
-1.942994e-08
2.0940659e-10
5.25878e-09
1.0096134e-08
1.5999271e-09
8.2366654e-08
1.1345784e-07
-5.0909875e-08
8.085575e-10
-1.7439183e-08
-2.6620063e-08
2.7599437e-08
3.0293695e-08
-5.438112e-08
1.423961e-06
5.126089e-08
3.8836762e-07
1.9702483e-08
-1.2930917e-08
1.2298585e-07
-2.296691e-09
2.2287616e-09
1.8043018e-07
1.0879119e-07
1.0458604e-09
8.083663e-09
9.87861e-08
1.5627304e-10
-5.155768e-10
2.8526108e-08
2.069616e-07
-1.4338564e-10
-6.898962e-08
2.1729079e-08
-7.549251e-08
-1.1784741e-07
2.1215861e-07
1.5428007e-08
1.09950335e-07
4.5021716e-07
2.0687354e-08
1.1593854e-07
8.003834e-08
-1.1375149e-07
1.1541175e-07
-1.8974727e-07
1.7016016e-07
7.085236e-08
-6.754212e-07
1.2000819e-08
-6.884097e-08
4.2802082e-08
1.1264821e-07
-2.4803247e-08
-7.750333e-08
1.1726938e-08
6.106982e-08
1.9033065e-07
-8.852515e-08
-2.8799048e-08
1.6087565e-08
-1.4812075e-07
-2.935169e-08
9.517057e-09
-1.0140149e-07
2.1453685e-08
-3.604297e-08
-6.540164e-07
-3.3534754e-08
1.8063697e-09
-9.514422e-08
5.480864e-08
-2.5119979e-08
-5.0243695e-08
-2.956221e-07
1.1955231e-08
1.5338459e-07
3.2323027e-07
-8.098031e-09
-2.576728e-08
6.901433e-08
-5.59196e-09
-2.8697565e-07
-3.5939614e-08
-9.433653e-09
1.2169044e-08
6.04001e-08
1.3655799e-07
9.018768e-09
2.1314946e-07
-6.2338296e-07
6.0357014e-10
-1.5608008e-07
4.4831125e-10
-1.9562036e-07
5.516025e-08
-5.106874e-08
2.6985282e-08
5.7183108e-08
1.4058246e-08
-5.7619683e-08
1.13315316e-07
1.6233037e-07
9.15983e-08
-1.7938637e-08
-3.691322e-08
-1.0014418e-10
4.9012107e-07
-4.3379855e-09
1.4420598e-07
1.2298036e-08
-5.2324513e-08
2.9391228e-07
3.7324185e-07
-1.6127585e-08
-1.7275885e-09
-2.736622e-08
-1.4223248e-07
1.2316114e-08
7.745763e-09
-4.702138e-08
-1.6408292e-07
-4.4068766e-08
-3.142688e-07
5.251969e-07
-1.5454002e-07
1.0850716e-07
1.53294e-08
1.3330609e-07
-4.5183115e-09
-2.9563067e-08
1.1139719e-08
-3.6396115e-09
-2.601622e-09
-1.415274e-07
-8.248174e-08
-6.236951e-08
-4.0496328e-08
2.0210592e-07
-1.117294e-07
1.8054847e-07
1.4202675e-08
-4.4742626e-07
-4.225262e-08
2.2488695e-08
-4.3016364e-09
2.8424842e-07
4.844451e-08
-2.2137885e-07
2.3208719e-08
-5.8145538e-08
-4.540239e-09
-1.898962e-09
5.0212513e-08
-6.2903034e-08
3.775558e-08
-8.603133e-08
8.887874e-09
-9.1368857e-10
-4.635443e-08
-2.7738314e-09
-5.0832863e-08
2.889976e-08
-1.3201416e-08
3.6270626e-07
-1.4435706e-09
-1.5809235e-07
5.2808497e-07
1.560571e-07
8.215346e-08
9.210543e-08
3.8446117e-07
3.915192e-08
-1.3516409e-07
9.334546e-08
-9.7559e-08
2.1309133e-07
-2.2988413e-08
-2.2381238e-07
4.9169704e-09
-1.8996221e-08
-1.5549608e-07
2.3579656e-07
-1.9261487e-08
-5.7243785e-08
1.1362183e-07
-2.6989828e-09
7.775445e-09
-3.7809516e-09
2.9338602e-07
-1.9504911e-07
2.2405912e-08
6.360799e-09
4.2125492e-08
4.0412576e-07
3.2268488e-07
-2.5161045e-08
4.9824944e-08
-8.6484654e-08
-1.0859528e-10
-1.968265e-07
1.4666296e-08
3.0453693e-09
9.774491e-10
4.8194195e-09
1.3073358e-07
3.1689993e-08
3.544368e-10
8.826641e-08
-5.426352e-10
1.4899326e-08
-6.7854536e-08
4.334605e-07
2.6011874e-08
9.9655125e-08
2.8889625e-07
-7.255697e-08
-1.1936636e-07
-5.602759e-07
-1.194461e-07
-6.2734157e-10
9.5297096e-08
-8.105075e-10
8.2323695e-09
-3.2874485e-08
-6.600145e-08
-1.4126576e-07
-3.5743208e-09
5.1600544e-08
3.417942e-08
-2.0141258e-09
2.9281324e-09
2.0087619e-08
-6.149636e-08
6.807432e-08
-5.064001e-08
2.177627e-09
-6.6889875e-08
2.4773087e-07
1.0991175e-08
-5.3422564e-09
4.177326e-08
-1.3443074e-08
1.3291599e-07
1.3083476e-07
-9.870568e-09
1.09046965e-07
2.0576259e-08
-4.5961457e-08
-5.5008985e-07
1.370435e-07
6.4849903e-09
-1.2703386e-07
-6.55636e-08
3.731849e-09
-1.0863482e-07
-9.203053e-08
2.589534e-08
9.437023e-08
-1.2178042e-10
2.018518e-10
1.6063642e-07
5.798731e-09
-5.111052e-09
2.8368225e-07
-2.083404e-09
1.9091028e-07
-1.3125654e-07
3.6997292e-08
1.1237964e-07
-1.5168386e-07
1.7523072e-07
-1.14418036e-07
1.064122e-07
6.2097603e-09
6.61812e-08
4.585415e-13
-5.9213313e-08
2.5347928e-08
-1.34040254e-08
-2.8889613e-10
-3.6282795e-08
-9.865808e-08
4.6202555e-07
-4.1543117e-08
-3.8216797e-07
-1.7768363e-08
1.2872038e-08
-4.57689e-10
5.566242e-08
8.998166e-10
-3.6329414e-10
3.1599882e-07
2.0240334e-08
9.932039e-09
5.1040123e-09
3.933471e-07
1.7964334e-08
2.1645546e-08
1.0527695e-08
2.885559e-09
-9.583229e-08
2.868421e-09
1.0233889e-08
2.2955764e-08
1.3552304e-07
4.201034e-09
1.747872e-07
2.6320828e-07
2.7129399e-09
5.5115553e-08
2.3598231e-08
1.4997354e-09
2.4784086e-08
3.5574976e-09
-3.5894654e-08
-3.8582495e-08
2.0431636e-07
-1.4286853e-07
-1.04691456e-08
-2.4043327e-08
-8.007415e-08
-2.463199e-08
4.3281343e-08
1.5880278e-08
-1.0222962e-07
-8.1359374e-08
4.0420993e-08
-1.5947774e-07
3.0991288e-07
-3.0027465e-08
5.0215444e-08
-2.5366955e-07
-2.7782843e-08
-2.008694e-08
1.9556575e-07
-2.764056e-07
7.006275e-08
4.781479e-07
-4.805421e-08
8.679102e-09
-3.100967e-08
-1.5235381e-08
2.1007116e-07
1.9642049e-07
1.7716687e-07
-3.027705e-08
1.5163349e-07
-7.481811e-08
-1.9216977e-09
-4.7169735e-10
-1.0784027e-07
1.2105683e-08
-5.456095e-08
-5.2578923e-07
-1.2829075e-07
-1.4807772e-07
-1.8877802e-09
1.7299385e-07
6.278994e-08
1.8707853e-10
-1.1992914e-07
1.6214692e-07
6.869387e-07
1.0865941e-09
-1.3058507e-10
-2.1679792e-08
-6.461182e-08
-4.0476672e-07
-8.856641e-10
7.801173e-09
4.5545196e-08
3.1316888e-10
-1.2152731e-07
-8.719603e-08
-7.077901e-08
1.3448727e-09
1.1285812e-08
-2.1048152e-07
-3.4626634e-08
5.2829273e-07
3.3891962e-07
-2.4731456e-08
-3.368434e-08
-1.1542047e-07
-6.0076144e-09
5.265067e-08
1.0107897e-09
-1.7938345e-09
-2.1998668e-08
-1.5098687e-08
4.4472936e-09
2.1412002e-07
-3.554693e-08
-1.8653608e-07
-1.2334063e-08
3.4629066e-09
7.2978384e-07
2.9066673e-08
9.367842e-09
-2.2018601e-07
3.336172e-08
1.38571075e-08
3.2602955e-08
-2.620131e-07
8.198195e-08
-5.902562e-08
-1.8493053e-07
1.2135904e-07
2.2817921e-10
5.509944e-07
-1.409719e-07
8.0280806e-08
-1.4466156e-08
-9.617306e-09
1.3212413e-11
-5.708925e-07
-5.471642e-08
1.4097947e-07
1.2353125e-08
-1.10589795e-07
4.5906393e-08
1.030412e-08
-8.991067e-09
1.4747302e-07
-2.400764e-10
3.1799248e-09
2.6279606e-08
-3.0036613e-08
4.616885e-07
5.7865115e-08
1.0892963e-08
1.7498584e-07
2.3095093e-07
1.6674337e-08
2.2421197e-08
4.276713e-09
-9.153286e-08
2.0320512e-07
2.5176834e-09
5.3715434e-07
-1.15135336e-07
-1.26725475e-08
2.9449716e-09
7.680643e-09
5.6832533e-07
6.892113e-09
-8.05725e-09
-9.964323e-09
-2.8483544e-08
-3.6280817e-08
1.8128548e-09
-6.9736514e-09
4.3267184e-07
9.9215974e-08
-7.052746e-09
3.3005804e-08
-1.0251187e-07
-2.6811262e-09
5.4918186e-09
-6.762772e-08
4.856602e-09
-3.0597913e-10
2.301738e-07
-1.181141e-07
-6.5645516e-08
-3.1272368e-08
-5.2547872e-08
1.1321124e-07
1.0606373e-07
1.8639422e-08
-1.0753689e-08
5.052748e-10
4.580937e-08
2.1933899e-07
-1.8128618e-07
1.12353554e-07
2.665776e-07
1.3694354e-07
6.9233943e-09
-5.9743377e-07
-1.6995942e-07
2.0449543e-08
8.7435065e-10
8.7569624e-08
7.880583e-08
-1.481978e-08
1.295448e-08
-1.2620547e-08
-2.4548717e-08
1.48533275e-08
-4.2504773e-08
4.4907464e-09
2.686045e-09
-2.9122504e-09
7.3906443e-07
1.1395634e-07
5.559711e-08
-9.002583e-10
3.3919792e-07
1.6247045e-08
-2.6355515e-08
-9.5868664e-08
2.8199733e-07
3.606454e-08
-2.1761775e-08
-2.3717772e-07
-2.3300743e-07
2.6272051e-08
1.8307228e-08
-2.2400162e-10
-2.1250667e-08
-1.934477e-07
-3.031369e-08
-7.702791e-09
-4.9898524e-08
-6.7142287e-09
9.249748e-09
-8.561131e-09
-3.742558e-09
-4.392639e-08
-1.5683602e-08
8.4031e-08
-4.552894e-08
-5.0356574e-10
-3.728408e-08
1.5317127e-07
-2.8326576e-07
1.980088e-08
-2.476191e-07
-3.3855234e-09
-1.061528e-09
1.7518746e-08
2.4802804e-09
1.9468665e-07
1.6396703e-07
-2.8842113e-08
1.7126872e-08
9.85526e-08
1.1838843e-07
-6.275829e-08
2.159098e-08
-6.031842e-11
-2.4505184e-08
-3.418962e-07
1.2538979e-07
-8.627189e-09
1.0708288e-07
8.06896e-08
5.7888037e-09
2.1813499e-08
2.3281923e-07
-3.3492248e-07
5.5608307e-08
-1.2388278e-08
-1.8730009e-09
-8.841453e-09
1.6035248e-08
4.9875137e-08
-3.7765255e-07
-7.1468986e-09
1.3575043e-07
5.3907172e-08
2.3230083e-07
3.3447677e-07
-2.3621046e-08
-3.758029e-08
-7.8927606e-08
-6.3391137e-09
1.2966298e-07
-9.527213e-08
1.946951e-09
-4.574646e-07
9.9677024e-08
3.206015e-08
2.8196752e-08
-2.0697176e-07
3.3554413e-11
8.571931e-09
5.1712945e-08
-1.1297284e-07
-3.1007996e-10
7.7841115e-08
-4.9860805e-08
2.072878e-08
1.5710505e-07
9.444157e-08
4.9370334e-09
3.1947751e-09
-3.0054248e-09
-3.8946553e-08
-7.4249225e-09
-1.5055658e-08
1.6316703e-07
-4.5906933e-08
-4.2316506e-07
-2.378534e-10
-9.845819e-08
1.1721864e-08
9.960921e-08
3.057953e-07
-1.3982223e-07
1.2183176e-07
3.5905637e-07
3.9781498e-10
9.6407135e-08
2.7916204e-08
-7.155039e-08
3.1049066e-07
-1.0948071e-07
1.2354948e-07
-2.868783e-07
-4.3655355e-09
1.0299658e-07
5.6800744e-08
1.4169258e-08
5.4002555e-07
-1.1740996e-07
2.2457733e-08
7.106884e-08
-2.4153703e-08
-3.153686e-07
5.5229887e-09
-3.5248109e-09
-4.2253692e-08
2.2164537e-07
-4.4998419e-07
2.1173369e-08
9.2019576e-08
-3.561025e-07
5.0963042e-08
7.252572e-08
-8.8086285e-09
1.0789764e-07
-1.0513683e-07
-1.0585244e-07
1.10154744e-07
3.9206762e-09
-1.0618318e-09
1.9906294e-08
5.977888e-08
4.411279e-08
-2.0598293e-08
1.0810682e-07
9.853753e-09
3.7491635e-08
-3.3999268e-07
-4.9868152e-08
-2.6339249e-08
-1.8223272e-11
-1.4334877e-07
2.4527486e-07
-6.924343e-09
1.5446913e-07
2.0358274e-07
5.0580773e-08
5.2845404e-08
-1.6793821e-08
2.446652e-08
-4.5608948e-09
9.061995e-10
8.304305e-08
5.795046e-08
-2.3313181e-07
-6.1089116e-09
-6.000154e-08
7.4387785e-08
-5.1228838e-08
9.46762e-09
-1.3786597e-07
1.5005691e-08
-8.178491e-08
9.829213e-10
2.1179207e-07
5.793461e-09
1.7372415e-10
-2.5204194e-09
4.5424025e-09
6.834712e-08
-6.1753866e-08
1.1579994e-07
-5.3245685e-08
3.7034106e-08
-1.2453507e-08
-1.3416742e-08
-2.743846e-08
-9.709844e-10
5.7987783e-08
1.551038e-09
-7.0282404e-08
1.1163109e-08
-4.2501533e-08
4.3752362e-07
1.31362645e-08
1.4288761e-07
-2.1993962e-07
1.3339525e-07
-5.4899374e-07
1.14535524e-07
9.050742e-08
-7.7994606e-08
1.02862344e-07
-4.5868924e-07
-6.2883776e-10
8.735297e-09
-3.810335e-08
-1.2016559e-08
-6.990227e-08
6.7543926e-09
-2.6176614e-09
-7.632502e-08
4.9901537e-08
-6.741772e-08
2.8954273e-07
6.532274e-09
-4.4646345e-08
2.567854e-09
-2.5505463e-07
-5.4700948e-08
-1.2421489e-07
2.0676212e-10
-1.6562923e-07
3.41331e-08
5.074345e-08
-2.8674801e-08
-2.0158158e-10
-1.0031068e-07
-5.6030924e-08
-4.7253565e-08
-1.7101736e-07
-3.7748126e-07
3.5595429e-09
9.644921e-08
1.9746537e-08
2.0146223e-07
5.933458e-08
-4.0444785e-08
7.927133e-08
-8.668786e-08
-2.6900493e-08
-9.518644e-08
-5.6414677e-09
1.0436604e-07
-1.321135e-07
2.0399315e-07
2.3810486e-07
-5.6588254e-07
7.247313e-08
-1.7880665e-09
-6.28399e-09
-5.1007646e-08
-2.0140024e-07
1.7358275e-07
8.5758565e-08
1.6887292e-08
5.959445e-08
5.249589e-09
4.4290164e-08
-5.3928936e-08
-3.841682e-08
-3.0936217e-08
1.14589014e-07
-6.533114e-08
6.384946e-08
3.9833335e-08
-5.6119546e-08
1.7442628e-07
-3.7427238e-08
1.5843554e-08
1.9152965e-10
3.5593867e-08
-2.047941e-07
-1.2820988e-07
1.1855841e-08
-8.737334e-08
9.298704e-07
-3.056268e-07
-5.0762758e-08
-5.83368e-09
8.45127e-09
-1.6056575e-09
-7.5343564e-08
-1.9491378e-07
-7.0741746e-10
7.691595e-09
-3.6006472e-07
-5.287859e-09
2.8297626e-09
1.805793e-07
-1.2090783e-08
-3.541618e-11
3.6652086e-08
3.0587366e-08
2.6463464e-08
-2.3662318e-08
1.1550494e-08
5.8343378e-08
3.30975e-07
2.2309564e-07
-2.5520527e-10
-3.9452836e-08
1.682061e-07
1.2665863e-07
-6.9457204e-09
-1.8355788e-09
2.1029541e-07
1.3601709e-07
-6.6688536e-08
-9.626078e-08
1.13091104e-07
-1.0436129e-07
-5.319175e-10
2.44757e-07
-1.742385e-08
4.9378603e-08
-6.722823e-08
-1.8204837e-09
1.7391964e-10
-3.813028e-08
3.078494e-08
-1.1084072e-07
-5.847081e-07
1.0859923e-09
-9.2994465e-09
-5.694868e-09
-1.2557893e-08
-2.021512e-08
-1.6817147e-07
1.7606274e-07
-2.760067e-08
3.2336146e-08
-1.12039864e-07
-3.1070888e-07
1.9119851e-07
1.3396307e-07
-3.064448e-08
4.563629e-08
3.844665e-07
-5.132833e-08
1.1137928e-09
2.728578e-07
1.2906233e-07
9.7720175e-08
-2.1477933e-07
-8.429302e-09
8.765301e-08
4.9324513e-09
-1.5933638e-07
-1.22829585e-11
-1.3560195e-08
-4.2646036e-08
-1.0652711e-07
2.7625862e-08
-2.6397435e-08
-9.334743e-09
-9.876053e-08
6.715364e-09
1.5444714e-08
-5.795956e-07
-1.8055825e-08
-6.671158e-08
3.9890566e-08
4.25238e-09
-2.9644893e-08
7.018961e-08
-3.1503927e-07
-3.7183598e-09
-8.080459e-07
1.3077114e-07
-4.782825e-10
1.3448884e-07
-1.3510197e-08
1.0892619e-08
2.7171771e-09
-6.9625585e-08
4.0476362e-08
3.834019e-08
5.4840825e-08
6.5921317e-09
-1.9304778e-08
1.3757435e-07
-4.756429e-08
-2.8279695e-07
3.3407636e-07
8.142203e-10
5.429177e-08
1.1856081e-07
3.803118e-09
-9.650821e-08
-9.892244e-09
6.244696e-07
-3.512481e-08
2.2109711e-07
-1.2269317e-09
5.7706025e-08
-4.753619e-10
-1.935705e-08
-1.8469635e-09
-2.0103732e-09
4.5885887e-08
-8.931643e-08
6.33324e-08
-9.165637e-09
3.1696334e-07
1.006936e-08
6.853263e-09
1.025104e-08
-6.717892e-10
-1.5589734e-07
1.9903472e-09
-6.5900174e-09
6.9219986e-08
1.9516399e-07
5.7902255e-08
-4.0368448e-07
-1.0607066e-07
-1.6463537e-07
-1.7686482e-08
-1.800385e-07
-2.939566e-10
-9.6281674e-08
3.348479e-07
2.3660563e-08
-1.8627413e-08
1.4533903e-09
1.03760044e-07
-3.875668e-08
1.4439144e-08
8.95866e-09
-1.2514174e-07
1.0370989e-09
1.1793806e-07
-3.9426718e-07
7.488716e-08
5.5202104e-08
-8.855663e-10
1.1427816e-08
-4.194598e-07
3.4050505e-08
-3.1559148e-11
2.0950313e-07
6.3721615e-08
3.3769535e-08
2.2002826e-09
-3.643788e-10
3.6873317e-08
5.8828242e-08
3.0481129e-09
2.2133644e-08
7.1043786e-08
-1.4991462e-08
5.787785e-10
-6.620127e-11
4.3939394e-07
-1.323139e-08
1.304695e-07
2.8390316e-08
2.430627e-07
-1.032819e-07
-3.3219813e-08
-2.1320222e-08
5.6151357e-08
2.8403655e-08
-1.3748709e-08
-2.9156439e-08
1.634084e-07
3.8463537e-07
-1.978614e-08
1.6111582e-07
1.1556003e-07
-2.2059331e-07
-2.6012549e-08
-4.4966924e-08
1.3132917e-07
4.6748974e-09
4.0136438e-08
3.9542293e-08
-1.6822322e-07
-2.8693481e-08
-4.0991218e-08
-1.5769519e-10
9.578573e-09
-3.2614864e-08
1.1248774e-07
5.059891e-09
-1.7122646e-07
-1.3938619e-07
7.692811e-09
5.6668654e-08
8.583405e-08
1.1953463e-07
-3.7054285e-08
4.7397712e-08
9.094118e-08
1.5808405e-09
-7.530975e-08
-1.12168934e-07
1.9524883e-07
5.5759353e-09
-9.419943e-10
-3.142584e-07
2.811593e-07
1.8044645e-08
-1.0818164e-07
1.668134e-08
-7.495256e-07
-7.751805e-08
1.5266309e-09
8.1354407e-10
1.9590134e-07
-2.7696203e-08
7.08706e-10
-8.597809e-08
-1.5217037e-09
6.939271e-07
6.724837e-08
-2.0741611e-08
2.5994118e-09
1.7914556e-07
-7.82539e-10
1.6847672e-08
6.7454367e-12
-9.478492e-10
-5.9480525e-11
-5.329588e-10
-6.130184e-08
-9.339502e-09
6.237847e-08
-6.6938366e-09
-2.1842528e-10
6.4411225e-08
-1.16246795e-07
8.2310294e-08
-7.2031355e-08
2.2236657e-07
-2.8656675e-07
3.8630765e-10
-1.2477742e-07
-6.2498867e-10
-1.06963064e-07
-1.4927211e-08
7.779502e-10
1.9544004e-08
-3.808588e-07
-1.0198091e-09
9.320531e-08
-1.8615227e-08
4.09822e-09
-8.705964e-08
-1.0270848e-09
2.8991943e-08
5.263314e-07
1.8613909e-08
-8.4304645e-08
1.36784175e-08
4.6257574e-07
9.389436e-10
-1.237594e-08
1.3755854e-07
1.971489e-08
-7.74335e-07
-1.1293193e-09
2.530036e-08
-2.4633461e-08
-1.400712e-07
2.2182725e-07
-1.2608284e-07
4.8193193e-08
-1.4561954e-09
-1.2566324e-09
2.1825024e-09
-1.6266247e-08
-7.144439e-09
-5.893608e-11
-1.0318076e-07
1.28663e-07
-2.7772515e-09
3.195808e-08
1.0269577e-07
-2.5863687e-07
-1.9991374e-07
-1.2338917e-08
-2.2974842e-08
-6.7918443e-10
-2.5730598e-09
1.1004567e-07
1.1451882e-07
-2.063442e-08
-1.0185601e-08
5.9179214e-08
7.184056e-08
-6.608371e-10
-6.347914e-07
-3.0663923e-08
-4.7254218e-07
-6.264583e-09
-5.6324545e-08
-3.840925e-08
1.3622235e-07
1.1153274e-08
5.162623e-07
1.037522e-09
7.404855e-09
4.2868207e-09
1.5718361e-09
-3.2568329e-10
1.1305797e-08
-1.8800766e-07
9.160791e-09
4.2037143e-09
-1.5240802e-07
-5.162454e-08
2.639807e-09
-1.3043004e-07
1.7107674e-08
1.3785278e-08
5.700224e-08
-1.6032938e-09
3.267574e-08
1.9545492e-08
2.1475113e-07
2.9154637e-11
2.4421919e-08
3.2749258e-11
-8.6691756e-08
-1.065315e-09
-3.3719513e-07
6.0659994e-07
-1.00532596e-07
-6.2522e-08
-1.2715676e-09
8.4557494e-10
-9.776901e-08
-7.277484e-08
-1.6363023e-07
-1.6436665e-08
1.0150205e-07
1.7828544e-08
-2.6435467e-09
3.625316e-08
8.529359e-09
-1.8764182e-07
-3.8989106e-07
3.0732021e-09
-5.0949556e-08
2.612289e-07
4.062443e-08
1.2708632e-07
-8.3531816e-08
3.1098338e-08
2.3786718e-07
-1.06997945e-07
6.982869e-08
1.6401803e-08
-2.0504464e-07
3.3881605e-08
2.7050598e-07
2.9632344e-07
5.3405998e-08
-2.5267587e-07
7.974219e-09
-4.816053e-10
-2.039873e-07
-8.221556e-09
-1.1644887e-07
-1.0624037e-07
-6.9120443e-07
-2.6277036e-08
2.2469904e-07
-5.5274127e-09
1.4693837e-08
2.1276422e-07
1.5321022e-07
-8.842494e-08
-3.0887173e-07
4.4208292e-08
-5.8331363e-08
-4.2844253e-08
4.5153206e-09
1.4828845e-07
2.9087573e-08
-1.9832638e-09
2.0743954e-07
7.0367285e-09
-6.181012e-07
4.7788416e-07
4.7360595e-07
-1.984456e-08
2.4744644e-08
6.1752465e-09
-3.1948346e-08
-1.7025988e-11
-2.1977918e-07
1.3972186e-07
-8.3946176e-08
-8.702392e-08
7.728896e-10
-3.0756073e-10
-4.692731e-09
-6.412858e-08
-1.8013392e-07
3.2154354e-08
1.1117059e-07
2.9023823e-08
-1.3151411e-08
1.9586108e-07
-2.6175822e-08
2.386404e-07
-1.466128e-07
-1.9899428e-08
2.0989972e-08
-2.559259e-07
4.2339067e-08
-1.2443263e-07
-2.6199515e-07
-3.059637e-07
3.101808e-10
6.963001e-09
-1.1210592e-08
-7.27156e-09
-1.8535644e-08
-7.221931e-08
-4.1711736e-08
8.0220715e-08
1.2444784e-07
-2.9861567e-08
-2.1208002e-09
-8.190028e-08
-4.8964284e-07
-3.72557e-08
-1.410966e-09
7.556512e-10
-7.486214e-08
1.8548491e-07
1.5655098e-07
-6.3206036e-09
-7.324205e-08
-7.988243e-09
-2.809068e-08
-1.3536656e-07
3.4483978e-09
-1.5412017e-07
1.5827506e-08
-8.515215e-09
7.5408894e-11
4.3339503e-07
-5.0616353e-07
-6.210231e-08
-1.2164298e-08
-2.7977657e-07
-2.72545e-07
-5.3304072e-09
2.6254918e-07
-5.403399e-08
-9.599188e-07
-1.2131658e-09
3.282407e-08
4.63526e-08
-6.7340338e-09
-1.0041879e-07
-9.902117e-09
8.0823085e-08
2.8823845e-07
-1.0748358e-07
-3.3352765e-07
-2.1271202e-08
-9.882853e-08
-1.752375e-08
-9.016755e-08
5.767075e-10
3.969322e-07
6.840091e-08
-7.374704e-08
-4.39099e-08
-1.7716069e-07
-9.2439066e-08
2.6699652e-08
-3.9016624e-07
-1.9339036e-10
6.1290834e-08
-2.1092843e-09
2.8175926e-08
-3.0007987e-09
-8.692731e-09
-3.7914063e-09
3.036338e-08
1.2456044e-07
-1.3904756e-07
1.4041185e-09
-1.5425834e-07
-8.936917e-10
1.4282807e-07
5.3368552e-08
-7.559874e-08
5.3408233e-10
-1.0456377e-07
-1.5653507e-07
-6.580767e-08
-1.2626686e-08
-7.786988e-09
7.3764454e-08
-1.6323744e-08
7.391761e-08
-3.425866e-08
-4.6235277e-07
2.525938e-09
-4.0202526e-08
6.7582504e-09
2.848378e-09
4.9822217e-09
5.6934006e-08
2.339921e-08
2.5975986e-08
3.684716e-09
2.0781324e-07
-3.995286e-07
9.4733174e-08
-3.2700304e-10
1.4220154e-08
-9.121205e-09
-3.72189e-08
-8.861896e-10
-3.4908506e-08
-1.1858877e-09
-1.5470252e-07
4.6543556e-07
-6.0871486e-09
1.8547922e-07
-1.0477787e-07
6.000623e-09
1.3307772e-09
-1.6862124e-08
4.802751e-08
1.0635215e-09
-2.9724937e-08
1.395492e-08
-7.480201e-08
6.316543e-08
-6.4586084e-07
1.0737243e-07
8.105563e-08
-1.3941353e-09
4.1657975e-09
5.186842e-08
2.494602e-07
1.6213558e-07
4.789616e-07
-2.4797386e-09
1.9972461e-07
-8.605301e-08
3.78149e-08
1.1726005e-08
1.5780311e-07
2.4838842e-10
-1.8323139e-09
-4.3000625e-09
1.21269075e-08
3.9631132e-07
-1.7943168e-07
-1.6840662e-08
4.6651426e-08
3.4862044e-08
-1.1126709e-07
-4.6626425e-08
2.227797e-08
1.3309088e-08
-8.5433534e-08
-1.4085083e-07
-1.2916284e-08
3.1496555e-10
4.8395563e-08
2.604039e-07
1.3106165e-08
-8.130352e-08
-3.9375025e-10
5.53637e-08
-4.3773963e-07
1.1463201e-09
1.4092965e-09
1.0896841e-09
5.7398847e-08
-6.5895115e-08
8.427194e-09
-2.4566415e-08
5.0982006e-08
2.0281615e-08
-3.6856022e-07
1.878673e-07
-4.903955e-08
3.6563324e-07
1.2582387e-07
1.3797099e-07
-3.1806005e-07
-1.6748965e-07
-7.7642596e-08
-1.3004153e-07
-1.9748394e-07
-2.4177963e-08
7.1054455e-07
3.272791e-07
-6.345699e-08
7.828552e-10
-5.9289164e-08
-3.631713e-08
2.8452057e-08
-4.5295433e-08
-2.6599568e-07
-9.157099e-09
-8.6599414e-08
-4.8482866e-07
5.376469e-09
1.8181028e-08
5.101347e-08
-1.266617e-07
-5.773311e-09
-5.869495e-09
4.6798878e-08
9.185948e-08
-2.3282838e-09
-5.161276e-08
1.6678776e-07
9.2019645e-09
4.867239e-09
8.391424e-08
-1.3081646e-07
6.022599e-10
6.6400925e-09
-2.1775043e-07
5.7409583e-08
1.7834216e-08
-4.642669e-08
2.8598885e-09
1.0675463e-07
-4.728103e-08
2.086776e-08
-7.072683e-08
-2.9384562e-08
-1.7428759e-07
-2.8790853e-11
-1.2736949e-07
1.487006e-10
-6.651062e-08
-5.2509662e-08
2.6105264e-08
-2.4895385e-07
1.8507029e-09
6.81657e-08
6.574075e-08
4.5918333e-10
-7.296487e-10
1.8928648e-07
-5.3863863e-07
2.7855524e-08
6.205886e-08
7.1833677e-09
-1.9524865e-08
1.8672495e-07
4.046283e-08
-2.5048269e-07
-1.0288987e-07
-2.2015851e-07
3.2008998e-07
3.9852233e-09
-1.9410648e-07
-1.0786884e-07
-1.451164e-07
3.319999e-07
1.10603736e-07
-1.0460336e-09
1.2971693e-08
6.1185676e-07
-2.1849257e-07
2.634598e-07
-7.110984e-09
7.373259e-10
5.8759277e-08
2.4678883e-09
-1.9624193e-09
1.4473281e-08
-1.08502265e-08
-4.476746e-07
-2.3058588e-09
5.1126218e-08
1.6005588e-07
-4.585883e-07
2.8579786e-08
1.3537529e-08
-2.52723e-09
-1.5308744e-07
1.2910017e-08
-1.7767928e-07
5.5997944e-08
-4.0594742e-08
-7.538934e-08
-9.134865e-09
-3.829173e-08
-7.7427416e-08
5.439294e-07
9.497106e-08
-3.6217854e-10
1.5195976e-08
-2.1531694e-08
-6.046486e-07
8.16655e-09
2.3547408e-07
-9.026155e-08
3.763944e-09
4.6412277e-10
4.231835e-08
-1.09992726e-07
-4.6480732e-08
-1.04841035e-13
1.4459793e-09
-5.239644e-10
-7.161275e-09
4.5936358e-07
2.8466872e-08
-2.0186104e-09
8.9386745e-08
-4.529135e-07
1.7237876e-09
-2.0508182e-09
-4.5409365e-07
3.860833e-11
-6.5401756e-10
-8.4027064e-08
1.2251675e-08
-1.5402191e-09
5.0543946e-08
-4.600414e-08
-2.5539654e-07
2.2900664e-08
-1.259876e-07
3.608561e-10
-1.2984004e-08
1.4798776e-08
9.465557e-09
-9.326299e-09
9.372572e-08
-7.727216e-09
-1.0756e-08
8.026791e-11
6.546004e-08
-6.6062857e-09
-2.9058507e-08
3.2850036e-08
-6.183872e-07
3.041292e-07
3.762399e-08
6.597253e-08
7.794117e-09
1.9983962e-07
4.345706e-08
1.6382278e-07
4.4281974e-09
-5.2175336e-10
-1.865897e-07
1.6264533e-08
-1.3819302e-08
1.5243552e-08
6.187072e-08
-1.7273871e-07
-1.4112355e-07
1.4307945e-09
9.6723234e-08
-1.232112e-07
2.9913498e-09
-4.412322e-08
-4.3556804e-07
-1.1505056e-07
-2.80952e-07
1.5409653e-07
-4.1407358e-09
-2.2093818e-07
-2.1820627e-08
-2.6509805e-09
-8.011317e-09
3.1913743e-07
1.2252467e-10
-3.314646e-07
-5.5299093e-10
4.2573708e-07
-3.967598e-09
-1.572252e-07
4.2028596e-08
-2.9253123e-08
-9.8262674e-08
1.04982504e-07
2.7128442e-07
8.3069125e-08
2.1545266e-07
7.992546e-08
-1.325496e-07
-1.4834956e-08
-8.275918e-08
-6.9049317e-09
-1.9146809e-07
1.6463783e-07
1.6128192e-09
-3.584119e-08
1.4426648e-07
1.7300053e-07
5.0026618e-08
-3.1600246e-07
-1.391204e-07
4.9895554e-09
-1.5379335e-07
5.4571217e-08
1.2517212e-07
-3.727805e-08
2.0490194e-08
-1.6572342e-08
-3.3542054e-07
1.0992452e-07
1.2138237e-08
4.357204e-08
-3.0690682e-08
-9.2720605e-08
-8.5126516e-08
4.181169e-09
1.9061443e-07
-1.814245e-07
9.244693e-09
-5.1077353e-07
-1.9144363e-07
2.2021223e-07
-1.3520051e-08
-4.322652e-09
1.4482488e-07
-8.402622e-09
7.2818594e-08
7.7040426e-08
-1.18423085e-08
-4.2187938e-07
2.5969213e-09
-1.7143175e-07
-3.9668846e-10
-1.2535296e-08
-2.0818598e-08
-1.2726692e-07
1.3663285e-08
-1.9167175e-08
3.786811e-10
-2.518155e-07
4.3575136e-07
-2.1140153e-08
-1.461834e-09
1.7157534e-08
-8.667884e-08
5.807327e-08
1.532149e-08
-7.213093e-09
-5.114461e-07
-6.5803626e-08
-8.4643496e-08
7.1163235e-09
-7.98051e-08
5.8956203e-07
1.2659346e-07
2.5248758e-07
3.0219214e-09
-4.4754955e-07
-8.130761e-08
7.126037e-09
1.0401074e-08
-1.5798531e-07
-6.30598e-09
4.3239645e-08
-4.4731696e-08
9.197269e-09
-4.283951e-09
-5.773948e-08
-6.231915e-08
2.5316822e-07
-1.1231552e-09
4.8039126e-08
-5.263162e-08
2.8019187e-08
6.2196e-08
4.4983103e-08
-1.7146977e-08
7.3338136e-08
7.056289e-08
8.936118e-08
-4.7822837e-08
5.1254303e-09
2.463765e-07
-1.1375199e-09
1.4870328e-07
5.5299083e-08
-1.244307e-07
-7.817744e-08
-8.266708e-08
7.3701034e-07
-4.4014507e-07
-4.981408e-08
-1.9835063e-08
6.552718e-08
6.483922e-08
-9.79105e-08
-8.724938e-08
3.9631814e-08
-5.130331e-09
-2.2884083e-07
-2.0134971e-08
5.3908056e-09
-3.3497425e-09
-2.227126e-08
-1.1958633e-07
3.4090237e-07
-6.294587e-08
-4.5037916e-09
-1.1950272e-07
-1.8522957e-07
9.1707186e-08
4.3301567e-09
1.0912176e-08
2.0109503e-07
-3.2725335e-08
2.2242784e-08
1.824585e-11
-3.200143e-07
-8.701257e-10
-2.588782e-07
-2.184397e-07
-5.104066e-07
8.909435e-09
-1.3188966e-07
-5.7415853e-08
1.4857932e-07
4.213337e-09
-3.381124e-08
1.2371799e-08
6.258739e-10
-3.3646896e-09
4.1246132e-08
-2.1699586e-08
6.28541e-08
-2.7757721e-08
-4.9598437e-08
-4.6251323e-09
1.7753759e-07
-6.657645e-08
1.0106059e-10
9.0344265e-08
-1.3506437e-08
-7.790307e-10
6.342514e-08
-3.4896615e-07
8.964658e-08
7.3953887e-09
4.56595e-10
-1.0243444e-07
-1.5188047e-07
1.1714271e-09
4.878699e-10
1.03510915e-08
2.3533864e-09
1.2165303e-07
-1.3365145e-09
-5.2396448e-08
2.8692872e-07
9.938067e-08
1.855472e-07
2.3910303e-08
-2.7141664e-07
6.471803e-08
4.3606113e-10
-1.6641502e-10
-1.759533e-08
3.2489968e-09
-1.4271926e-07
-2.4622238e-08
2.5926923e-08
1.2411143e-08
-9.590994e-08
-1.8681644e-07
2.2109417e-07
1.2147907e-09
3.825418e-08
1.1934858e-07
-1.40196e-09
1.8952801e-07
-3.7392562e-07
-1.1506664e-07
7.315526e-09
-7.1751806e-08
-2.1667871e-08
-1.717803e-08
-1.0544902e-07
2.4035764e-09
3.1561527e-08
-8.897852e-10
-3.4386738e-09
-3.062805e-08
3.8778503e-10
-1.8085683e-07
2.3892675e-08
-6.4041583e-10
2.5289578e-08
-8.145566e-08
1.8120708e-08
5.617769e-09
1.6914531e-07
-1.3208324e-08
-1.4163348e-07
-1.8625911e-08
-4.8625607e-11
-1.6776239e-08
-6.9265202e-09
2.0018494e-07
-1.6429308e-08
-1.0106127e-07
-2.127546e-09
-4.0854065e-08
1.07183325e-07
1.4464159e-08
5.035752e-09
2.130051e-08
4.0264894e-08
-1.2088749e-09
1.1189419e-08
-3.2406373e-08
-7.7127545e-08
-1.636126e-08
1.0521567e-07
5.5008904e-08
3.994902e-07
-2.9273364e-10
-4.102192e-09
-4.95695e-10
-7.8403145e-10
5.7307254e-08
-3.2679085e-11
7.815985e-08
-6.3869635e-08
1.6977338e-09
1.2836992e-07
9.5042205e-09
8.036234e-08
-3.32716e-07
-1.3814773e-08
1.2180062e-07
-3.9602913e-08
1.15951515e-07
-1.218796e-07
2.9739766e-07
-9.86352e-08
8.2824144e-08
-1.2954676e-07
-7.901879e-09
2.6275766e-09
-4.13371e-08
8.770243e-08
4.8644324e-08
3.0251612e-09
3.2815446e-09
6.5064665e-07
4.4302872e-09
2.136568e-08
-6.373015e-08
3.365846e-07
-2.1552167e-07
-2.4899e-07
-2.8356503e-08
-1.0522238e-07
-9.822706e-09
-1.3353101e-09
-3.0559468e-07
-4.3346756e-08
2.1858142e-07
-2.7698542e-07
-1.3494675e-07
-2.5300593e-09
2.9157906e-07
2.0467413e-08
-7.3796286e-08
-1.7035818e-07
9.738357e-09
2.947589e-10
-3.2749625e-08
-1.6025204e-08
-1.34957e-07
6.3844465e-07
1.1294928e-07
-3.6371187e-08
-5.0962967e-08
-1.4832413e-07
-3.8384366e-07
-1.5818514e-07
-2.6079752e-07
-1.6400088e-08
1.0460533e-08
1.3785855e-07
-2.2383202e-07
8.425241e-08
3.3091285e-07
-4.717985e-08
-3.795172e-08
5.1519358e-09
5.0796096e-08
5.6217178e-09
-7.182217e-09
5.8145215e-08
5.1872576e-08
-3.1832903e-07
-2.7572048e-07
4.036842e-08
6.147016e-09
-1.8625586e-08
-9.05289e-09
-4.2657145e-08
-1.1444918e-09
4.23805e-09
-9.462691e-08
-1.9788964e-09
8.945546e-08
1.9028518e-07
1.5067948e-07
-5.0232046e-10
4.6804924e-08
2.8862615e-08
-1.05563416e-07
-6.094076e-08
-1.8098018e-07
-4.7610502e-08
-1.8135289e-09
4.8248157e-09
-3.4503643e-08
4.9601496e-08
5.7656592e-08
8.585943e-09
-1.9949231e-10
1.0946082e-09
1.9401008e-07
3.9270032e-10
2.0191567e-07
-2.6545267e-08
-2.4651868e-07
-1.874455e-08
-8.362362e-08
-2.2788808e-07
2.0254143e-08
4.687506e-09
-5.6305544e-07
2.3517083e-08
3.1527634e-09
-5.7249668e-08
-1.11443406e-07
3.1306385e-08
6.757521e-09
-8.655713e-08
-1.91514e-08
1.3768465e-07
1.9323491e-10
1.6945627e-08
-4.836302e-08
2.8671292e-07
-9.913987e-09
-4.9708615e-09
-1.4557453e-07
6.530673e-09
2.4551657e-08
5.0833467e-07
4.3277123e-07
-9.57898e-08
-2.2226868e-07
-3.6669935e-08
2.509965e-07
-1.34701015e-08
3.452804e-07
-1.8707054e-10
-1.1400752e-07
6.082426e-08
-4.7288538e-08
3.5020904e-07
-2.29927e-07
-1.396662e-09
3.9051102e-08
-1.1948401e-08
5.1846513e-07
1.9280448e-09
2.3312948e-08
5.355135e-08
4.399004e-09
2.5576607e-08
8.099411e-09
-8.1182435e-08
2.3914598e-07
-6.323995e-07
5.1896254e-08
3.870971e-07
5.3830673e-09
-1.6099978e-08
3.8177353e-10
-1.4363537e-08
-5.389498e-08
1.1960768e-07
-6.240903e-08
4.2205503e-08
1.8295471e-07
5.365058e-08
-1.4814134e-07
8.337439e-08
-1.9953571e-08
2.7962672e-08
-1.9273772e-07
-3.8719396e-08
9.732832e-08
-2.885173e-09
2.8978926e-09
2.8476869e-08
1.8394962e-09
2.7168778e-07
-1.0762628e-07
5.8592008e-08
3.935772e-07
-1.672195e-07
-8.5692875e-10
-4.6697735e-07
1.0977967e-07
2.1902046e-08
9.004848e-08
4.9936815e-09
9.852721e-09
-1.8718582e-07
6.131961e-08
6.7303647e-09
1.800772e-08
1.560125e-08
3.8126e-10
-3.1274037e-09
6.1573715e-08
-1.0905415e-09
3.1896185e-08
1.1009341e-07
-6.1903354e-16
8.942498e-09
2.9752321e-08
-2.5357673e-07
5.3655015e-08
1.683256e-07
-2.0893273e-07
-8.319505e-08
1.9171016e-07
1.7098732e-07
-2.0725338e-07
3.3277016e-07
2.444397e-10
1.1123553e-09
-1.7750851e-07
8.369816e-09
-1.149703e-08
8.688916e-09
-5.2883458e-08
7.541446e-09
1.8692504e-08
1.3769596e-07
-1.9369821e-08
-2.6459588e-09
2.1532614e-08
1.2598546e-08
1.612244e-07
2.572934e-08
-1.3707948e-08
-8.9328324e-08
2.0218392e-08
-2.073699e-10
2.0862066e-07
-1.8558815e-08
-7.97249e-10
1.5312928e-08
-8.907744e-08
-9.258679e-08
7.012132e-08
2.733993e-10
1.2677044e-08
-1.826234e-07
4.979611e-07
2.2010387e-09
2.4987095e-09
-1.8841464e-08
1.2170088e-09
-3.168686e-08
-1.0499866e-07
2.0435023e-09
1.7079188e-07
1.7768441e-08
-1.8003891e-07
8.9162484e-08
-2.2999798e-09
1.1292549e-09
-1.5079279e-07
-3.0037115e-09
-7.256519e-08
5.4574443e-08
-6.058084e-08
-1.9635573e-07
2.452488e-07
-4.7816556e-08
-3.3749848e-07
3.255474e-07
8.215929e-08
1.2194228e-07
-2.9002187e-09
6.4834396e-08
-9.5225566e-08
1.5066068e-08
-1.05485604e-07
2.4214888e-08
5.6799485e-09
6.696481e-08
2.6708637e-11
-4.9513893e-08
9.0918184e-10
-2.3242407e-07
-4.557413e-08
-1.4472828e-07
-7.7840685e-09
6.148578e-08
-1.7656042e-08
2.7321317e-07
2.7943775e-08
8.611321e-09
1.343426e-07
-4.9427037e-08
1.991457e-10
-6.1243284e-08
-6.1415744e-09
7.4539444e-11
-3.2113772e-07
3.834724e-08
5.362562e-09
3.4653935e-09
-1.745324e-07
-2.9161773e-08
1.423409e-08
2.2565779e-08
-3.2962268e-09
1.2877188e-09
-4.074378e-08
1.9031695e-08
-1.3565625e-07
5.0924376e-07
2.5555136e-07
-1.9725469e-07
1.8883954e-08
6.053876e-10
-5.7517827e-08
-6.471734e-08
-1.1729197e-07
-1.771161e-09
-7.185332e-09
-9.0325685e-08
2.2284692e-07
3.0806548e-09
3.2402716e-07
-1.951562e-08
-3.5373742e-07
-3.8655745e-09
3.5479722e-08
-1.8188327e-07
-2.3127033e-08
4.0847777e-07
-1.443434e-07
-1.1994236e-07
7.664809e-09
3.0050018e-10
1.08012266e-10
9.300079e-09
1.0947055e-07
-5.127929e-07
-3.4542335e-08
-1.591535e-07
5.6740994e-08
-8.956732e-09
-3.859452e-10
-1.6301346e-08
4.546146e-07
7.1412987e-09
-1.7625874e-09
8.232868e-08
3.4276248e-08
1.7697424e-08
-4.0727667e-08
8.047303e-08
6.35711e-07
1.1304922e-07
1.9511405e-07
2.0620666e-07
3.6205616e-08
-7.7130186e-10
2.1553039e-07
-5.546835e-07
-6.7310836e-08
-3.8132404e-07
-1.1479285e-09
-1.438788e-07
1.359157e-09
-2.4562206e-08
-4.652886e-08
-1.0305266e-08
-1.6622349e-07
4.1993385e-08
-1.3227271e-08
-1.5730425e-08
3.1936747e-08
-2.9886415e-08
-4.5067266e-11
-1.8328791e-07
1.6881103e-07
-1.0542845e-08
1.1125192e-07
2.2149603e-08
1.42279495e-08
8.275704e-08
3.0309954e-07
-8.769679e-08
4.475673e-08
-3.533221e-08
1.4092966e-07
-6.056723e-08
-8.275363e-09
-6.8532074e-08
1.4713668e-09
-2.0450501e-09
4.3487347e-08
3.9568604e-07
4.6995066e-08
-1.568533e-07
-1.0058158e-08
3.1070007e-09
-1.9528311e-08
5.823267e-09
-2.0303912e-09
4.665405e-08
1.0722306e-08
7.099364e-08
3.2024012e-08
-4.5613923e-08
4.573309e-09
8.014492e-08
-3.8976535e-07
-2.9439468e-07
-1.12551554e-07
-1.7262682e-08
-9.369616e-08
6.87024e-08
-5.0500265e-08
-1.7548323e-09
-5.1880548e-08
3.2048604e-08
1.6669413e-09
6.795409e-09
-3.7202874e-08
3.0098477e-07
1.0512591e-07
3.0372696e-08
8.493829e-08
1.5354642e-07
3.9630947e-08
-4.9268642e-08
5.3425726e-08
8.208678e-08
7.561247e-09
-6.033949e-08
2.393531e-07
-4.1426656e-08
4.6650143e-08
-6.1577076e-08
1.2195784e-08
1.8771549e-09
2.490257e-07
2.1648137e-09
-3.5747996e-07
7.8269224e-08
-9.138289e-08
-5.230747e-07
-3.460883e-08
-4.0520554e-08
5.0637848e-08
1.7683477e-06
1.9028418e-08
-2.734081e-07
-5.6277106e-08
3.6609062e-08
-1.749368e-08
3.399872e-08
-4.1940265e-07
-4.368332e-09
2.8396988e-07
-1.0822491e-07
6.5071085e-08
2.0225269e-07
-8.287703e-09
-7.6166145e-08
-4.7645955e-08
-3.009609e-08
3.0879985e-08
4.7377875e-07
-7.830824e-09
-1.3807752e-07
-8.968396e-09
-3.2665632e-08
-1.9406221e-07
3.5729017e-10
-1.2642347e-09
6.1931846e-09
-3.4377717e-08
-1.134802e-08
-8.187997e-09
1.4278021e-07
2.561067e-07
-2.9222016e-09
1.665532e-07
2.9259567e-07
5.625374e-08
-1.5529287e-07
4.2267864e-08
2.9814924e-08
7.1313186e-09
1.6692178e-09
2.1610822e-07
1.2077322e-07
-4.2472967e-09
-8.428843e-09
-9.508813e-08
-8.092581e-08
-6.707435e-07
2.6992855e-09
-1.2811448e-07
-4.329897e-09
-2.2799851e-08
1.3449845e-07
1.613883e-08
5.006571e-08
6.7200745e-07
1.7942817e-08
6.288716e-10
-3.5063632e-08
6.2792e-08
1.2548237e-08
4.127564e-09
5.6258187e-08
-1.0049267e-08
-3.972001e-11
1.7183153e-08
4.4908035e-08
-1.17791984e-07
4.4733133e-07
3.1234968e-09
3.081861e-07
3.1159257e-08
-2.2658238e-08
5.0099654e-11
6.744608e-08
-1.4025837e-10
7.584903e-08
-7.8030755e-09
1.203119e-07
1.4604753e-07
-1.5544682e-10
-2.3588452e-08
-6.535227e-08
8.1841286e-08
4.5426216e-08
-2.198733e-08
5.1002025e-09
-3.2875807e-08
-4.1071768e-10
-4.3239105e-08
-3.3141315e-08
-1.13662e-07
6.0161014e-08
4.3275154e-11
-1.2346561e-07
4.3898293e-08
4.3840329e-10
3.9000813e-08
-7.611508e-09
1.3382437e-07
-1.5168047e-07
1.356323e-09
-2.828198e-08
4.0564134e-07
-3.3987277e-08
7.2369364e-09
-6.8690524e-09
1.4845872e-07
-6.77077e-08
8.064953e-09
6.0376446e-09
-7.004956e-08
-1.4134575e-07
-7.29709e-09
5.154732e-08
5.2999358e-08
-6.9399797e-09
2.5864829e-08
-7.235539e-08
-4.916543e-08
-4.9126008e-08
-2.2662047e-07
5.448647e-07
8.31499e-09
7.6886464e-10
8.0852914e-08
5.400776e-09
-7.3251016e-08
2.6500697e-07
-5.8677085e-08
2.8730154e-10
-1.1474324e-07
-1.046673e-08
-1.82419e-08
1.597926e-08
7.3805217e-07
2.492075e-07
1.4925027e-08
-1.6709945e-08
-2.5020483e-07
-5.2915794e-07
-2.124823e-08
5.391234e-10
6.3209185e-08
1.3940023e-08
3.6204937e-09
1.461876e-07
-2.8561965e-07
-1.7679064e-09
1.4442205e-07
-9.7506024e-11
9.550192e-08
8.141657e-12
6.8849445e-08
-3.5470926e-09
1.7925922e-07
-4.0100153e-07
5.1728865e-08
4.977287e-08
1.1859463e-07
-3.4483824e-07
-7.314015e-08
1.7525427e-10
1.4517842e-07
1.5623391e-09
5.133436e-07
-8.704698e-08
-5.1032604e-08
-1.2484975e-08
-1.6692495e-07
3.8061607e-08
1.8724733e-09
1.09289424e-07
4.8365422e-08
6.820157e-08
-6.960568e-08
2.0715062e-08
5.456038e-08
2.7490351e-08
8.496537e-09
-6.106805e-08
1.116951e-07
-6.976681e-08
-2.6787571e-08
-4.5489607e-08
1.5624138e-08
-1.4911965e-09
-6.031792e-08
-3.1206653e-07
-2.9030723e-08
5.5308864e-09
2.3370985e-08
-3.847845e-07
-3.928489e-08
-3.720381e-08
-1.4175718e-07
6.7857364e-09
1.7406089e-07
1.3566802e-07
1.6138786e-07
1.2689493e-07
-7.4512464e-08
-3.1261669e-09
1.6543073e-07
4.04147e-10
5.687117e-08
-8.926412e-09
1.2640486e-08
-6.502901e-09
4.3811152e-08
-1.6986387e-08
4.730426e-08
-1.5966446e-08
4.466278e-09
-4.4356054e-07
-2.7758418e-08
-5.5230387e-08
8.749127e-09
6.9087505e-08
4.030062e-07
-4.4395085e-11
-1.185727e-08
-1.8382506e-08
1.1804415e-07
1.538666e-07
2.2233273e-08
1.2235529e-07
7.590839e-08
-3.6174372e-09
2.466047e-09
-1.6242174e-11
-6.506278e-08
5.2229736e-09
-5.6868757e-08
2.3465832e-08
-4.0421663e-10
-1.3724531e-07
-5.7842073e-09
-3.1515746e-09
1.8705347e-08
-1.9417811e-07
-1.313943e-08
7.078149e-09
8.668253e-08
-6.337461e-08
-1.0825108e-06
5.8820966e-09
-1.7232537e-08
-3.2763886e-08
2.8096449e-07
4.479676e-07
-2.4674142e-08
-3.029344e-07
-9.1513485e-08
2.6370236e-07
1.2348791e-08
1.9828981e-08
-7.287707e-09
6.987641e-10
-9.784331e-09
5.851418e-08
-2.8762468e-09
-7.6465916e-08
3.1607158e-08
3.731345e-07
-1.14420175e-07
-1.9310894e-08
6.925651e-10
2.7210374e-09
-9.25499e-08
1.7242272e-07
1.2550196e-07
1.0961645e-08
-9.403549e-09
-2.4656666e-07
-1.0852192e-07
-6.195025e-08
-4.9655775e-08
-1.3443088e-09
-2.0901669e-07
6.549173e-08
-2.3812657e-07
-1.13554094e-07
2.3627562e-08
1.2786558e-07
1.7020215e-08
9.235974e-10
4.3812076e-07
-5.604266e-08
4.4499107e-09
1.3438161e-08
9.530586e-09
1.4976195e-07
-1.2373431e-07
-5.7582215e-09
-8.049578e-09
9.798881e-08
-1.6507893e-09
-4.54832e-08
-8.841962e-10
2.1144883e-08
-1.0854196e-07
-2.0364698e-08
-2.0565327e-07
9.302451e-10
2.3409991e-07
1.5588819e-07
-6.653616e-08
-7.6544655e-09
-2.7908778e-09
1.9525784e-07
-5.8215512e-08
-9.127176e-08
4.8589175e-08
-1.1285653e-08
-4.0810747e-08
9.9089604e-08
-6.999985e-08
2.4884778e-10
-6.016492e-09
-8.328173e-08
1.2964482e-07
2.560516e-07
-2.5568571e-08
1.4401652e-07
-8.304512e-08
-1.4062053e-08
5.3795535e-08
-4.0002335e-09
1.728167e-07
-1.837936e-09
8.4964654e-08
-8.643764e-09
-1.17523555e-07
-5.5262085e-08
2.9102964e-08
1.3074474e-07
5.9985986e-08
-2.1137083e-08
-5.826719e-08
-5.2141765e-08
2.6301632e-07
-1.6406142e-08
-1.5253727e-09
-4.2267155e-07
-5.3127604e-08
-1.2592827e-07
-1.1712783e-09
-2.139093e-07
1.2678442e-09
-2.2755074e-08
2.7746061e-08
1.1286422e-08
4.210542e-08
-7.60024e-08
4.3870918e-07
3.031089e-08
8.544894e-07
-1.5261199e-08
4.2875186e-07
-1.1910071e-08
2.2427958e-08
8.478032e-09
1.6004266e-07
5.7585345e-07
7.068849e-08
-1.3851986e-08
5.9167036e-09
-1.6449248e-07
-9.244376e-09
3.6228889e-09
-1.5741094e-08
2.6644965e-08
-1.4028738e-07
-5.54977e-11
-2.221322e-08
1.5720465e-10
1.17145945e-07
-3.0997433e-07
-2.910809e-08
1.7122128e-08
5.5270153e-09
-7.480128e-08
3.0630453e-08
-2.952605e-08
-4.3815342e-07
-1.447815e-07
5.064781e-07
1.2133951e-07
2.8666085e-07
1.857024e-08
-1.3053665e-07
2.5917652e-07
3.5971443e-08
-4.169431e-08
-4.476747e-09
-3.2766454e-08
6.4098735e-08
8.805675e-09
2.507746e-09
-1.574604e-08
2.8151487e-07
-4.9126174e-07
-9.121482e-09
2.2664665e-07
-9.2712654e-08
-1.4489247e-07
-9.59074e-09
1.3075802e-07
1.3891926e-07
4.4173035e-08
-1.165011e-07
2.453831e-07
3.122514e-07
2.28826e-09
-4.2422187e-08
1.9363029e-08
-1.7234838e-09
-1.3657248e-07
1.8037115e-07
1.716705e-07
1.0195811e-08
-1.930769e-08
-3.009475e-07
-1.7671047e-07
2.5105902e-07
-1.1655989e-08
2.2134818e-08
4.211962e-08
-6.4819266e-09
-8.750699e-08
2.5044025e-07
5.693377e-10
9.2111044e-08
-2.979728e-09
-9.715286e-09
8.466178e-09
1.0209705e-08
-2.9334085e-08
1.3813953e-08
-1.5468457e-08
6.287235e-08
7.6313924e-08
-5.2609943e-09
2.1750884e-08
9.0386024e-08
2.9897673e-10
-6.9465296e-09
-1.5388632e-10
1.06493605e-08
1.9173721e-07
-1.6590457e-07
1.0388307e-12
6.801924e-08
1.1551818e-07
-3.2785422e-08
1.5928357e-08
-6.5725736e-08
-3.1068403e-08
1.7049048e-07
-6.005409e-09
-5.1043614e-09
-1.255341e-07
-1.269681e-07
1.9311092e-07
4.3274824e-09
-1.038696e-07
3.3830183e-08
-5.3816898e-08
-2.0145373e-08
4.934231e-08
3.7356966e-08
1.9056196e-07
-2.871005e-07
-4.6529243e-07
-5.673923e-08
2.8086625e-08
-2.4434328e-07
-5.243308e-07
1.7546381e-07
2.6775857e-07
-5.164129e-08
-5.8866583e-08
-1.589382e-07
1.9505617e-08
3.1513814e-08
5.6476884e-10
2.8663505e-09
2.7515924e-08
-9.577747e-08
3.8451113e-09
-1.9937562e-07
-2.4354387e-07
2.7180323e-07
-5.5786735e-09
4.812509e-10
4.526965e-09
5.5527196e-09
2.3837e-07
-1.3696746e-07
2.5371312e-08
5.9091075e-08
4.405369e-09
-7.5711125e-11
-2.1206466e-07
1.5229327e-08
-1.0705715e-07
8.935142e-08
8.844444e-08
2.6630823e-07
-6.720408e-09
-1.1388334e-09
1.3027879e-07
-9.0177245e-08
1.0015752e-07
7.3118564e-08
3.3631355e-09
-1.1079499e-07
-1.702084e-08
-6.441227e-07
1.7628503e-08
-2.4727756e-08
-1.7004925e-08
-2.7922049e-08
5.809901e-08
1.0575963e-07
9.477327e-09
4.915015e-09
1.4466548e-07
-1.1505076e-08
-1.5870766e-07
1.10805516e-07
4.0268884e-07
1.9085721e-07
5.4645128e-08
-2.4071262e-08
3.8131716e-08
5.1217266e-09
-5.4416837e-08
-1.3273232e-07
-2.7938913e-07
-7.9032624e-08
6.1571427e-07
-2.57536e-08
7.009796e-08
-7.0594226e-08
-3.555775e-08
2.3795279e-08
-9.585432e-10
-2.05082e-08
-9.99257e-08
1.35425875e-08
8.033427e-08
-4.681779e-09
3.0646206e-08
3.705535e-08
-7.106713e-08
-3.622506e-08
4.0707596e-10
-3.743942e-08
-5.9628293e-09
-2.0421697e-07
1.004465e-07
1.6936296e-08
-1.1308914e-07
2.8750552e-08
1.3048381e-07
9.762177e-08
-3.517914e-08
5.820521e-08
-3.8782758e-07
-1.1531543e-09
3.1776864e-08
7.0375904e-08
1.706035e-08
-2.3635648e-08
-2.1684686e-07
1.7529372e-08
1.2348251e-08
1.0576828e-08
4.08553e-08
3.851093e-08
4.3711054e-08
-6.5832824e-09
7.4137463e-10
1.3980986e-08
-1.6230882e-08
-3.5344845e-09
1.0180686e-07
1.9932708e-07
2.0354742e-07
2.5114486e-09
2.5735243e-08
-2.9088466e-07
-1.2805629e-07
-7.496294e-09
-1.7202214e-07
1.02353226e-07
1.2957591e-07
-6.8262866e-09
2.251355e-09
3.0919775e-08
2.4369353e-07
-4.1952317e-10
-6.8357684e-09
3.7636596e-08
6.1091296e-09
-2.0234365e-08
2.9895993e-08
-1.2947776e-09
-7.4454924e-08
9.502372e-09
-1.9594862e-07
3.6829043e-08
-3.201777e-07
4.7957794e-08
2.397429e-07
2.5217364e-08
9.9750494e-08
-9.712198e-08
1.6462831e-08
6.9861734e-08
2.1587869e-07
-1.4504544e-08
1.1098255e-07
2.1257263e-08
-3.6736708e-08
2.6361091e-08
1.695944e-08
7.676795e-08
-9.833317e-09
-4.7561429e-07
-1.4242421e-10
-1.9574967e-08
-2.3120155e-09
1.3996214e-07
-1.6200781e-08
-1.7667912e-08
-2.567465e-07
-3.9208267e-08
3.425796e-07
-1.8578366e-08
4.774285e-08
2.8938976e-07
5.8264873e-09
-5.3975033e-09
6.8098003e-09
3.341648e-08
-2.7343718e-08
-4.9769824e-09
-5.091934e-08
2.0532293e-07
1.1787559e-07
1.6897366e-07
-6.468064e-08
-2.3204576e-09
-7.7033807e-10
1.6185291e-07
-1.7358006e-07
1.8152713e-08
5.2131655e-09
-1.5786486e-07
-1.5630904e-07
-1.8846094e-07
1.010592e-07
1.2816038e-07
1.0504268e-07
-6.084794e-08
-1.286567e-08
-7.884633e-10
-3.527552e-07
-1.0862166e-07
1.1461928e-08
-3.4563758e-08
1.0407935e-07
2.5081025e-07
2.5373348e-08
7.082794e-08
4.6034557e-08
7.353763e-08
-3.0547206e-08
-5.3525675e-08
-1.199329e-07
1.1732057e-07
-2.6083433e-07
4.5380787e-07
1.6570114e-08
-1.4903022e-09
-2.081228e-09
7.2721014e-07
3.225482e-08
-1.34605935e-08
-2.0537184e-08
1.9880869e-07
-8.7453785e-08
2.633886e-07
4.778206e-08
3.4943e-08
-9.077566e-09
5.0855558e-08
9.8357184e-08
1.7981841e-07
-1.8605324e-07
2.2993555e-07
1.9787127e-07
1.4957427e-08
3.974155e-08
4.2711505e-08
4.4437996e-08
-5.280827e-08
-7.056194e-08
1.6836484e-08
1.287149e-08
-1.8793962e-09
-3.732076e-08
-1.3655761e-08
3.0372396e-10
4.53985e-08
-3.749375e-08
-3.6085233e-08
-1.8207659e-07
1.9622748e-08
-2.9146285e-08
7.212292e-08
1.0996026e-07
-1.6850257e-09
-1.4783252e-08
6.3513568e-09
-1.9952019e-08
1.2182332e-08
9.786706e-08
-5.156421e-07
-3.649409e-08
-1.0786635e-07
-2.7661554e-07
1.6913343e-07
-4.907185e-08
1.7442653e-07
8.731497e-09
-5.0755702e-08
-1.0228622e-07
-1.3978692e-07
-9.66664e-09
-2.7345521e-08
2.2261655e-07
-1.2088212e-07
2.2570467e-07
-4.3043094e-08
-3.641906e-08
3.2642635e-08
-1.915343e-09
1.5591796e-07
-2.178688e-08
7.158122e-08
-6.441944e-09
7.232469e-10
1.1143691e-07
8.81956e-09
-2.4369142e-09
2.5359241e-09
-4.910587e-08
2.5186317e-08
1.8694024e-08
-8.172034e-09
-3.991412e-09
2.1059668e-08
3.2958385e-09
-1.2559412e-08
-9.0646e-08
-2.7816288e-08
-3.933739e-08
-4.3235758e-08
2.6107412e-07
8.697064e-08
2.167408e-08
-1.5691105e-08
4.8059704e-08
-3.7815948e-07
-7.826624e-09
-1.2129249e-07
9.555698e-08
-4.2378365e-10
-6.405329e-08
-3.7098184e-07
2.0389754e-07
-4.0480558e-08
1.9997396e-08
-7.4756406e-09
-3.9577174e-08
5.5849325e-09
3.8435342e-08
6.9594214e-10
6.9240933e-09
3.846299e-07
-1.1358895e-07
-3.675038e-07
-1.1785571e-07
-1.2512406e-07
-7.4583824e-08
-5.980022e-08
-1.0055085e-07
4.6944702e-08
-2.273659e-08
4.561505e-08
1.54097e-09
-8.3439936e-11
-2.7531865e-07
5.5842474e-08
-1.3493798e-08
5.6277605e-09
-1.884402e-09
1.1524588e-08
-2.8673144e-09
1.4617382e-08
5.3502434e-09
7.0524746e-09
3.476658e-10
3.7298644e-09
-4.6991484e-08
-8.14907e-09
2.4000477e-07
-4.354921e-08
-1.1502931e-08
-1.13935485e-07
-4.5726942e-08
1.7107311e-09
1.6684587e-10
8.7627456e-08
-1.0382893e-08
-7.5036396e-13
6.6608536e-08
-1.1733562e-09
3.4352217e-07
-6.445983e-09
1.3641987e-07
-2.1815819e-07
5.927325e-10
5.5464005e-07
-1.5086555e-09
9.254129e-09
-1.0806599e-07
2.2671681e-07
-2.769061e-08
3.766455e-09
-3.3818544e-08
-4.107665e-08
-5.0414197e-08
-1.6051298e-09
6.655935e-09
5.9106014e-08
-5.4845e-08
2.113337e-09
-6.6592345e-09
-2.293139e-09
-7.98147e-09
1.97947e-07
-2.7216762e-09
3.0496416e-08
-7.986222e-09
-6.244787e-08
2.1370845e-07
-7.498728e-09
-4.864372e-07
-2.582355e-07
-8.985322e-09
-2.3747526e-07
-1.5605796e-08
-5.038684e-08
-2.7338787e-08
-9.663519e-09
-1.2918612e-09
-1.1357763e-08
5.918776e-08
-3.636006e-08
-5.520445e-10
1.1170708e-07
3.5955014e-07
1.6188585e-08
1.5080497e-09
9.492003e-09
-2.0946997e-07
5.0425857e-08
-4.0541798e-07
-5.854734e-09
1.6851105e-08
2.4339956e-08
1.5332098e-07
3.333363e-07
-2.392219e-09
-1.1732257e-08
-6.296462e-07
2.0923295e-07
5.82292e-10
-1.3759943e-07
1.7828075e-08
9.059212e-08
1.498685e-07
-6.4055876e-09
3.116585e-08
-9.8273205e-08
-2.5874035e-08
-2.4459013e-07
2.5045895e-07
-3.9157686e-09
5.744683e-09
-3.9763702e-07
-7.504779e-10
-1.0985551e-07
-3.181736e-07
-4.0475655e-08
-4.956679e-08
2.7347298e-08
9.0698414e-08
1.6815866e-07
-1.9593132e-09
-2.2207807e-08
-2.6719992e-08
4.4356767e-07
9.4938395e-09
-6.8958066e-08
-1.0029333e-07
-4.651022e-07
4.951093e-08
-3.695121e-09
3.817097e-07
5.542175e-08
-2.5514925e-08
-8.9052314e-08
-1.6228159e-10
-5.1917577e-09
-9.441611e-09
-1.7789304e-08
5.9191258e-08
1.2139153e-08
-1.9706938e-09
1.4978887e-07
1.5319747e-08
9.936034e-09
-1.988143e-08
1.8742146e-08
-2.5844976e-08
-1.8373814e-08
-4.3960966e-07
1.2405158e-07
1.9772951e-08
3.828145e-07
1.1033032e-08
1.12431e-09
-6.961053e-07
-1.4187124e-08
-1.0496447e-08
-2.9830076e-07
-4.8197784e-08
2.306778e-08
-2.953839e-07
-2.1283195e-09
5.6371785e-08
-5.142318e-08
3.26078e-08
-2.0467255e-07
-1.432257e-07
1.2977856e-07
-2.1356568e-07
5.3982802e-08
1.4841612e-08
4.680709e-10
4.412993e-09
-8.3423046e-10
-2.938846e-07
5.397558e-09
4.9612975e-08
-6.466607e-08
-1.4869549e-07
6.33904e-08
7.945872e-08
3.131637e-07
-1.345501e-08
-3.126829e-08
-5.7771196e-08
4.5770147e-08
9.065436e-09
-3.6820023e-07
4.345936e-09
7.15103e-08
-9.02725e-09
-3.7178285e-08
2.452014e-07
-9.906049e-08
6.5035884e-08
1.00883376e-07
1.2752244e-10
-1.931518e-07
-9.703398e-08
1.7753647e-09
8.101625e-08
9.988842e-08
-5.7748486e-09
-1.2257699e-07
-1.5114205e-09
-1.2653815e-07
2.6578948e-07
-7.669233e-08
1.8029349e-08
2.1764181e-07
6.805688e-10
9.678615e-09
1.110793e-07
1.0712794e-08
-4.0377843e-10
1.1535363e-07
3.9044558e-08
-6.5451445e-08
-3.0781224e-12
9.6489416e-08
-1.5579027e-07
-8.046119e-11
2.1455472e-07
5.786456e-08
-1.3829401e-07
-2.47161e-08
-2.830222e-07
-1.5273756e-09
-8.1917995e-07
2.8879215e-08
1.2604602e-08
-2.1316675e-08
-2.039251e-09
1.2368791e-07
4.2209628e-08
-1.5076871e-08
2.1340966e-07
4.236852e-09
3.9485382e-08
-1.2760981e-07
-6.723348e-08
-1.6241458e-07
-2.8002475e-07
9.010395e-08
-2.2864185e-07
-1.5298349e-07
-1.9765228e-08
1.1997994e-09
9.1394256e-08
-2.2820687e-07
-4.2437895e-07
-6.670285e-08
-3.8446117e-09
1.1234894e-09
2.8969055e-07
-3.8503003e-08
-3.1732977e-08
-1.11848255e-08
-1.7582263e-08
-1.2650422e-07
6.71104e-09
8.754997e-10
1.8428675e-07
-3.095787e-08
7.6425744e-07
-2.6352023e-07
-3.3718184e-09
3.969495e-07
-5.0774562e-09
1.7178417e-08
5.422872e-07
-6.362605e-09
-1.7281964e-07
-1.4081606e-07
-1.149349e-08
5.2920205e-07
7.9216285e-08
-6.0779293e-09
1.4779366e-07
-5.9740745e-07
-1.0508572e-09
-2.5860373e-07
-5.5785318e-08
1.031654e-07
-4.9409255e-07
-5.0713754e-07
1.60868e-08
6.956038e-09
-1.2276465e-07
1.5942374e-09
3.145965e-08
-2.5477966e-09
2.3608358e-07
-1.0466693e-07
1.680011e-07
-6.580065e-08
1.2621386e-07
1.8563314e-09
1.591531e-09
1.3308319e-08
-1.8433748e-07
-1.5576414e-07
-1.387271e-06
-3.6458053e-07
-1.9659403e-07
-1.0478556e-08
-6.154842e-08
4.0988564e-08
-1.3854293e-07
3.1994734e-08
1.8059414e-07
-2.1111692e-10
-1.2045268e-07
-6.9132494e-07
2.6023872e-07
7.1207545e-08
-1.0196676e-09
2.575876e-07
-8.347168e-08
-1.3007954e-07
-4.5991595e-08
-9.12307e-09
-2.1622501e-08
-3.3810826e-07
-3.2377542e-08
-1.2058635e-07
2.0041554e-08
-9.722561e-09
1.4180733e-07
-4.65677e-08
4.9860476e-09
-2.7565972e-07
2.7883058e-07
5.7918957e-08
2.4197615e-07
-4.4179043e-08
-1.1344879e-08
-1.9974057e-07
-9.72903e-08
-3.1338367e-08
-1.6004637e-07
3.4466034e-08
7.736915e-09
2.2509166e-08
-3.451296e-08
3.301266e-08
-6.5484316e-09
-1.673741e-07
-4.673778e-11
2.2453351e-07
1.3959106e-09
1.9260627e-07
1.3207679e-08
-3.24587e-08
-1.3792705e-07
5.2567483e-08
-1.6839142e-08
-2.1497119e-08
-3.572644e-08
-7.6384266e-10
-2.8188376e-09
-2.470919e-07
6.3124327e-07
1.9438153e-09
2.4551062e-07
-1.2888262e-08
5.820498e-07
-2.9547445e-08
7.029982e-08
2.015425e-08
-5.7471482e-08
5.831032e-08
-2.52788e-09
1.238776e-08
8.405104e-08
-1.5208576e-07
2.538131e-08
-4.7104557e-08
2.1865628e-08
-1.0231508e-07
-7.916188e-08
2.954171e-08
-8.249687e-08
-2.0973575e-07
4.568858e-08
-2.1300592e-08
-3.0391797e-07
1.8402523e-07
5.795914e-07
-1.7908333e-10
2.003246e-09
5.046599e-07
2.4188084e-08
-1.240787e-07
-2.2967212e-07
1.2502382e-07
2.5668567e-09
5.0277225e-07
4.333605e-08
3.1027383e-08
-4.2427462e-07
1.0851153e-07
-1.8049707e-09
-1.533651e-08
3.109245e-10
-3.1198758e-07
9.6193995e-09
-1.9323433e-07
-1.0975741e-08
1.6302893e-08
3.8915744e-08
1.4834791e-07
-4.6301136e-09
2.1211184e-08
1.2333221e-07
2.5902011e-08
3.227922e-08
9.311819e-08
-2.5636995e-08
-4.6712585e-09
5.9041476e-08
1.8754744e-07
-8.288835e-10
-2.5660137e-08
8.3995444e-10
-1.4894614e-07
8.047732e-09
2.6662974e-07
-2.1257804e-08
1.1847592e-08
1.4091901e-09
-6.75712e-08
-7.010912e-08
2.0507518e-07
-4.132871e-08
9.00901e-11
1.1976935e-07
-1.18311604e-07
1.6188275e-07
-7.228966e-08
6.5708825e-08
-1.7618042e-07
-8.9614275e-08
-1.07949845e-07
8.232642e-10
-1.4081445e-07
-2.3489491e-08
8.237423e-09
5.757292e-09
9.0992366e-08
-9.486902e-10
-9.7800525e-11
3.366408e-10
2.1418363e-07
-3.7375372e-08
-1.4027819e-09
9.77714e-09
-7.144301e-09
-7.047151e-08
2.6845159e-08
-5.2110816e-10
-2.5053842e-07
-8.4729955e-08
1.3304444e-07
-1.5115347e-07
9.204163e-09
2.3861157e-08
9.052809e-08
-2.0242781e-07
-5.1066994e-08
6.063383e-08
3.1578406e-08
1.2122118e-07
2.2214762e-07
-1.9996102e-07
-4.7644324e-08
-1.3488571e-08
1.2327556e-07
3.8310235e-09
-1.4303356e-07
-3.533029e-09
-1.0237777e-08
-9.608511e-09
-1.0699184e-07
-4.041556e-08
6.556033e-08
4.053429e-08
-8.173185e-08
-5.0769904e-07
4.0654637e-08
-4.9011675e-08
1.0219252e-08
-3.3703213e-08
1.0711274e-08
-3.90275e-09
8.326239e-08
-5.6955752e-08
1.9687924e-08
-2.9608959e-08
-1.1573799e-07
-4.898294e-07
-3.395597e-08
-9.979338e-09
4.5238977e-09
-9.2402985e-08
-1.7838923e-07
1.1858439e-07
-1.07025784e-07
-1.0843563e-08
-2.9425095e-08
2.6255437e-08
-1.4554315e-07
-2.4495947e-08
8.826848e-08
1.2269805e-07
4.2504607e-07
-5.4697445e-08
-3.4802675e-08
5.0248225e-08
1.7561462e-07
-1.1014891e-07
9.9225645e-08
-7.181459e-08
-4.1924814e-08
-1.0626343e-07
4.880419e-07
-1.444374e-07
-8.029696e-08
1.4884577e-07
-5.892805e-09
-7.503986e-08
-1.9099373e-08
-4.276077e-08
-2.9721346e-07
1.0957301e-07
-1.1309611e-07
-3.4278344e-08
5.7728773e-08
-4.0336296e-08
1.3958671e-09
-7.0410806e-08
-6.006877e-11
-8.3827196e-08
-1.1176646e-08
1.2129108e-07
-8.58928e-08
3.6921556e-08
8.907476e-08
8.042003e-10
-2.7730849e-08
-9.912693e-10
-5.1144436e-08
1.3714271e-08
4.9779285e-08
4.5605344e-07
-7.964323e-08
-1.6958668e-07
1.16839274e-07
7.2010438e-09
-2.0967661e-07
5.588565e-10
-1.5787823e-08
1.5549015e-08
-8.566268e-09
-6.825818e-08
3.304278e-07
-2.2345562e-08
8.153685e-08
-7.643926e-09
-1.7478857e-07
-1.449884e-07
1.46281325e-08
5.3859606e-09
3.6136362e-07
1.0256932e-07
-3.1692633e-08
1.7785614e-07
1.4816342e-08
7.679698e-08
4.383154e-07
2.6428006e-08
-2.4409434e-07
7.959574e-09
-1.18497105e-07
-2.1855325e-08
9.947816e-08
4.8422875e-09
-2.6210543e-08
-1.4142661e-08
-4.0880092e-08
1.8279913e-07
-2.061291e-08
-1.795057e-07
1.4256462e-07
-4.5214597e-09
3.453791e-09
1.4758465e-08
1.15356066e-07
-9.731132e-09
-1.4743908e-07
8.5453086e-13
-3.947613e-09
9.0298435e-09
-1.1343483e-07
7.695405e-08
1.5860156e-08
1.0616621e-07
-1.669625e-07
3.12123e-07
1.7410473e-08
-2.9003763e-08
2.1921547e-08
5.653238e-07
2.3014002e-07
4.8614566e-09
-6.095181e-07
3.1854515e-08
-1.9784723e-07
-1.4607161e-07
1.4238945e-08
-1.668283e-07
-2.6318952e-07
-1.1175143e-09
1.8860913e-08
1.432753e-07
7.20386e-08
-3.9601954e-07
-3.003703e-07
-2.4474492e-10
-2.032705e-08
8.922463e-08
3.1806255e-08
-7.069926e-09
-3.5874577e-09
2.3313492e-08
4.723308e-08
-3.136168e-09
5.309686e-08
-6.779062e-10
-1.3103646e-09
3.1071608e-07
4.93238e-09
6.4983624e-07
-5.5621007e-07
-2.2871198e-08
-1.2921214e-07
-2.2252136e-09
-1.8005767e-07
4.082116e-08
1.867166e-07
6.8580803e-09
-2.8737322e-08
1.01618475e-07
-5.1518185e-08
-1.2028325e-08
-6.885036e-08
-1.7374917e-07
-4.4038615e-07
-9.645318e-08
5.0550064e-08
-1.00754285e-07
2.3229325e-07
-3.487205e-08
2.426689e-08
1.1058978e-07
1.5312434e-08
6.2158847e-07
-7.350471e-10
-2.5083216e-08
6.246439e-10
-3.953481e-08
-9.7116725e-08
-5.3549233e-08
2.9662734e-09
1.3126451e-08
1.3061738e-08
-1.7494294e-07
2.0588482e-09
5.890476e-08
-6.074284e-09
-1.1413234e-07
2.8011058e-08
-5.8619666e-08
-3.581141e-09
4.245559e-10
-4.1564766e-07
-1.2109336e-07
-1.567755e-08
-1.0260748e-07
-6.397793e-08
7.673619e-08
-9.993633e-09
-4.0316186e-09
3.0174568e-10
-1.5574976e-08
2.0092376e-07
9.368566e-08
-1.7270708e-08
1.10510584e-07
2.3916026e-08
-1.656341e-07
-4.870048e-08
-6.157499e-08
2.3554306e-07
-2.576304e-08
4.793525e-09
-4.0625586e-08
-1.4262004e-07
-1.2895468e-07
-8.9970736e-10
2.4487326e-08
4.1863554e-08
-1.2415818e-07
-3.1311668e-08
4.2526487e-08
3.1363573e-08
-3.594516e-08
-1.8748568e-07
-2.8615375e-08
-1.0946669e-07
-3.921374e-08
1.7665059e-08
-1.0223056e-07
-2.4366452e-08
1.7872678e-07
4.4470414e-09
-3.673095e-07
-1.5563238e-08
7.095447e-08
-9.313925e-10
-3.221429e-08
4.412915e-08
-1.8868e-07
-6.4790194e-11
-4.883047e-09
-1.1256268e-07
4.7926253e-08
3.891799e-08
4.3398202e-08
-7.165376e-08
8.914053e-08
2.0288693e-08
-1.422975e-08
-1.3503778e-08
4.3804725e-08
-4.1424773e-08
-1.8074262e-09
2.4973025e-08
1.696307e-08
-6.8050497e-07
-1.4922838e-07
2.555858e-07
1.906539e-07
3.889056e-08
3.0549262e-07
3.5984296e-08
-6.24123e-10
1.3214114e-09
1.7609217e-08
6.0587666e-08
-6.473572e-08
-3.994891e-07
6.8834467e-09
1.3551779e-08
1.7214334e-07
-1.0790134e-07
-1.14710325e-07
1.1120291e-07
1.13112094e-07
-2.0103685e-07
7.007148e-08
-1.3327146e-08
3.1175254e-08
-3.5659678e-08
-3.9835135e-09
2.9594425e-09
6.379755e-08
2.644145e-08
-1.0675847e-07
-5.441522e-08
1.4341995e-09
-2.5591856e-07
-1.584827e-08
-3.5158334e-07
1.1268446e-07
3.5460523e-08
9.675391e-08
-1.7150281e-08
-2.1156224e-10
-5.6104867e-08
-2.5162922e-08
8.350257e-08
-1.6127017e-07
4.410886e-08
-4.017278e-08
-2.927215e-09
3.519149e-09
3.4464485e-08
-1.9826366e-08
1.1444914e-07
1.9772013e-09
-2.0594845e-08
-1.013953e-07
1.32113795e-08
-1.5319382e-07
-7.0947245e-08
9.93043e-10
-3.329712e-08
2.2553271e-08
-1.7718955e-07
-5.426549e-07
-1.9406505e-09
6.824169e-08
1.8563113e-09
2.534712e-07
-1.0287698e-11
-2.4540938e-07
-4.917717e-09
-2.2367295e-09
-1.11257535e-07
1.3169364e-07
1.8298817e-08
3.4550018e-07
-5.028195e-08
1.3105888e-07
-2.3271275e-07
-4.9955396e-08
-6.79218e-09
8.569223e-09
-2.034494e-09
6.735922e-08
-5.2094205e-09
1.2181478e-08
2.7193974e-09
-2.0559968e-07
-4.0522117e-08
-2.8245366e-09
-2.2856243e-08
1.0762868e-07
-6.999694e-08
1.3780192e-07
-9.272452e-07
-2.0584373e-07
-7.917519e-09
4.1994576e-07
-7.3071034e-09
4.7390262e-07
4.226442e-07
-7.698341e-08
-8.039376e-08
-2.1665993e-07
3.162979e-07
3.339776e-08
-3.5642114e-09
-1.03895745e-08
-2.43509e-07
1.0260048e-07
-1.8294838e-08
8.804126e-09
-6.076009e-08
-2.8573549e-08
-1.9906261e-07
7.164914e-08
6.6956556e-09
9.690889e-08
-1.3587496e-11
-1.9199553e-07
-6.3126313e-09
-2.8821537e-10
-2.2704776e-09
-3.0466438e-07
1.06572145e-07
9.80311e-08
-4.664571e-08
-6.1010275e-10
2.1067106e-07
-4.2936048e-07
1.969976e-07
1.6213988e-07
-2.578225e-07
-6.2875336e-09
-2.682257e-09
1.7692843e-08
1.1686461e-09
1.6650809e-07
-1.3914106e-07
-2.325158e-08
3.3113685e-07
1.2243054e-09
1.4488768e-07
-1.6864982e-07
-1.6719048e-09
-2.7009884e-07
-3.34384e-08
1.1141004e-07
3.516276e-07
-2.4005672e-08
1.2924819e-08
1.4858337e-10
-1.2292335e-09
-4.5268315e-08
-3.2368764e-08
9.992093e-10
2.0800718e-07
1.1181919e-08
5.8587695e-08
1.9928535e-07
-1.2961376e-08
-1.13535236e-07
-9.092831e-08
2.3985862e-08
1.0887476e-08
7.667683e-09
-3.317541e-08
1.1568734e-07
1.1338005e-07
-4.502082e-07
7.7493354e-08
1.5369908e-08
9.603657e-08
6.276748e-07
8.00535e-08
2.8606976e-07
-1.3096108e-07
-1.3391682e-08
-1.2428776e-08
-1.7613823e-07
-1.2193736e-08
-8.147715e-07
3.238387e-08
-1.0087115e-06
-5.888022e-07
-4.6637094e-08
1.7396644e-07
1.446071e-09
-1.44459005e-08
1.0168912e-07
-3.0817922e-08
1.9596523e-07
1.0683138e-07
-2.56282e-07
-8.489117e-08
9.3440695e-09
-2.3666053e-07
3.316748e-07
1.4966838e-08
-9.431607e-08
2.6295567e-07
-5.518598e-09
-8.255461e-08
1.5716026e-08
-2.8064483e-07
-2.347505e-08
9.117199e-08
-6.839257e-10
1.01619904e-07
-9.4206925e-08
-2.2888255e-08
-6.704364e-10
2.3581379e-07
-3.3401673e-08
-5.276399e-09
5.505913e-09
2.3676099e-09
-3.743649e-09
-2.5126258e-07
1.9212715e-10
6.28312e-09
1.2657543e-07
-3.0429078e-07
-1.3219321e-08
4.559694e-08
-9.466505e-10
-8.847839e-08
2.0601922e-08
-5.513196e-08
1.3916232e-08
1.8502672e-07
2.182926e-09
1.3202332e-07
-5.0177968e-14
-7.288581e-08
6.2114744e-08
-2.420367e-07
-1.5990209e-07
-1.6601374e-08
-1.2579142e-09
-1.6485094e-08
-5.6908096e-09
-1.9020649e-07
-2.2328612e-07
1.7977044e-08
8.193144e-08
3.8225654e-08
-7.850923e-08
-2.9386596e-08
-1.470236e-07
1.6084661e-07
4.682895e-08
2.9908418e-07
-1.5246411e-07
9.149091e-08
-2.3636387e-07
-2.3612774e-08
-3.767641e-07
-8.476424e-09
6.097986e-07
6.400948e-09
-2.4630767e-08
1.1270321e-10
-1.4574866e-07
5.8621005e-08
8.0325776e-08
-1.3306105e-07
3.1778114e-07
1.31839e-07
1.1923261e-07
-1.0572844e-08
8.4875616e-08
2.3809925e-08
-2.3131854e-07
8.314165e-08
-8.2179255e-08
4.5411163e-08
-9.1562505e-08
2.200157e-08
2.1270289e-08
-1.2246639e-07
5.9302458e-08
4.555507e-08
-2.7497495e-07
8.976427e-10
-4.07223e-08
2.9707875e-08
-3.0537684e-08
-1.9526322e-08
3.7672216e-08
-6.497093e-08
-1.7527919e-08
9.13524e-10
-2.9241557e-08
4.030428e-10
-6.218798e-08
2.592983e-07
1.442978e-08
-7.5372214e-10
-3.9628215e-08
-8.2031974e-08
-1.1915328e-07
7.199946e-10
3.1251233e-07
8.0205975e-09
6.398747e-08
2.7675404e-07
-7.547357e-09
-9.795016e-08
7.547148e-08
7.700621e-09
-2.6153373e-07
2.2363471e-07
1.9839543e-07
-5.3667332e-08
1.0367981e-07
-2.7095345e-07
-1.2144357e-08
1.28995e-07
-7.039886e-08
1.1340885e-08
-4.964433e-09
2.7414615e-09
1.0900042e-07
7.724791e-08
-4.1033803e-07
-5.707282e-08
3.2727485e-07
5.463052e-09
-2.1554024e-08
-4.009722e-07
1.2519791e-07
-6.0081696e-08
-3.254165e-09
1.31364235e-08
-3.4328984e-08
3.582276e-09
-6.023921e-08
7.919211e-09
8.378893e-10
-1.2212941e-08
9.968297e-07
-6.1266604e-08
-2.7950435e-08
-1.963389e-09
3.2384075e-09
1.3417854e-08
5.04507e-08
-1.5392823e-07
7.640394e-08
6.7331825e-09
-5.3704223e-09
-1.2278201e-07
1.7361767e-08
1.7596764e-07
3.2640102e-08
3.0514536e-07
-8.841245e-08
7.493021e-08
-6.9247983e-07
1.5603601e-07
1.07789475e-07
3.476425e-08
-1.1531613e-08
-3.1476964e-07
-5.8848886e-09
2.7932344e-08
3.039713e-07
7.8468034e-08
-8.298867e-08
-2.3093088e-07
4.739125e-07
-1.5335642e-07
-9.595312e-08
8.948435e-09
-4.6351612e-08
1.7391406e-07
5.3816052e-08
-1.3457925e-07
4.0638632e-08
-1.5097191e-09
4.49186e-09
-2.6713167e-08
1.267172e-07
2.113497e-07
-9.981677e-08
-1.313961e-07
-1.7829091e-08
3.3672713e-08
-8.4562746e-10
-2.5420243e-07
-4.7680757e-08
8.483762e-08
-2.2540786e-07
5.209389e-08
-7.441927e-08
4.388589e-09
3.7523332e-08
-1.7483334e-10
-1.1831834e-07
2.3822219e-08
-4.6110465e-08
-2.7737899e-08
1.1829971e-07
2.5095304e-07
1.7058815e-07
-4.5812783e-08
-6.7652475e-09
7.7918845e-09
5.0877095e-08
-5.769602e-07
7.371344e-08
-3.9125627e-08
2.9434633e-08
-2.5261525e-07
2.8167975e-07
1.0726572e-08
6.03017e-08
-1.8071866e-07
-8.495779e-08
-1.5148144e-08
2.0111754e-07
-4.696059e-09
-8.854186e-08
6.8210696e-08
-3.1709483e-08
1.2104024e-07
-3.6901818e-10
5.6992157e-08
-1.4353344e-07
3.2860262e-07
-6.993068e-08
-3.379472e-07
2.4187607e-08
9.134531e-09
-2.9162117e-09
-3.0122894e-08
2.371292e-08
2.6486992e-08
-6.7359494e-08
1.3763669e-08
3.1477843e-08
6.1488077e-09
-2.1098639e-07
-1.6111281e-08
-6.617773e-08
1.0604779e-09
-5.217393e-08
1.7487988e-08
-5.073082e-08
1.3574116e-07
1.2977551e-08
-5.2919175e-10
8.5708315e-08
3.3693652e-08
2.5246976e-07
1.1191508e-08
-2.3030053e-08
-1.6934132e-07
3.8976076e-09
5.2365596e-09
1.03256255e-07
1.1573633e-08
2.7602246e-07
7.279072e-08
-2.1794264e-08
6.943451e-09
-4.1123334e-11
-2.2178831e-07
1.5339843e-07
-3.786283e-08
-1.796291e-07
-2.1433771e-10
2.1538975e-09
1.4236902e-07
-1.2816757e-07
1.2258194e-07
-1.5066508e-08
-1.7803551e-09
2.1827233e-07
-1.9975077e-07
-1.3167616e-08
-1.7907065e-07
-1.170638e-08
-1.4191446e-08
1.14008024e-07
7.973482e-10
-6.2561614e-09
-3.1976344e-07
7.087785e-09
-3.9345377e-08
1.5018661e-07
1.0726663e-07
-1.7358018e-07
6.6961846e-08
-7.0531854e-08
2.1538056e-09
2.5921037e-07
1.5607019e-07
-2.7525001e-08
-1.1055939e-08
-4.313584e-07
-6.740909e-07
9.143286e-08
1.5645135e-07
-1.922161e-07
-1.7761246e-07
-9.185904e-08
-3.5067197e-07
1.5976008e-08
7.9973234e-10
-2.2809195e-08
-2.433076e-08
6.178642e-08
2.2189452e-07
-1.1710906e-11
-2.5600217e-08
3.696661e-08
-1.7135496e-07
-4.4024144e-08
-9.042073e-09
2.476473e-07
-7.7628464e-08
-7.64518e-08
-2.3125342e-08
6.3579413e-09
-7.545494e-07
7.84529e-08
-3.5887218e-10
-4.0867576e-10
2.2989454e-08
3.4125375e-08
1.7688937e-07
-7.490076e-09
7.014165e-09
1.195631e-08
1.17488796e-07
-2.19273e-07
-2.413453e-10
-2.90928e-08
-1.04927096e-07
4.8724305e-09
7.3844033e-09
-1.0341961e-07
1.8460561e-08
-2.7575153e-08
8.212721e-09
-2.0369677e-09
-2.1119794e-08
8.4974424e-08
-7.2304374e-08
5.1506234e-08
2.6215878e-07
-3.959574e-08
1.4853845e-07
5.810456e-08
9.91744e-10
-4.215166e-09
8.379676e-07
-5.423149e-08
1.8951189e-08
1.1497867e-07
-1.7462293e-07
3.1331048e-08
-6.003021e-08
-3.3111743e-08
-1.741201e-07
3.019923e-08
3.488994e-09
9.494082e-08
-1.6791371e-07
-2.3189294e-08
9.033439e-09
-3.4108163e-07
-1.8423587e-07
-2.6985397e-08
-5.590271e-08
1.2862846e-07
-2.4075913e-08
-1.8412296e-08
-1.4062398e-09
-3.4640907e-10
-3.0646043e-09
7.782326e-08
-1.1787166e-09
-2.0137076e-08
-4.77523e-08
-2.091225e-08
-1.1570229e-08
-1.3698577e-09
-2.8395657e-09
-3.9700893e-08
3.9725812e-08
1.5743733e-08
3.0200936e-11
-8.6168164e-08
-6.988617e-09
-2.322615e-09
4.8359055e-08
-6.753004e-07
8.2909835e-08
2.8055814e-07
-2.6563702e-09
1.0615417e-08
-9.557077e-08
3.2080855e-08
7.0002564e-08
1.42751135e-08
-1.01123355e-07
1.9788517e-07
4.366901e-09
-8.2081485e-08
4.775041e-08
-3.8695642e-09
1.887778e-08
-6.087779e-09
-5.8539705e-08
6.0344846e-08
2.8088147e-08
-1.6033104e-09
-1.8160023e-08
2.546297e-08
4.0405357e-08
-2.1063839e-07
9.2377284e-10
-1.3461603e-08
3.2933146e-11
8.52002e-09
-2.0557633e-09
1.01690354e-07
3.3274297e-08
-4.7019893e-07
3.0241175e-08
-2.9344985e-08
1.0933447e-08
-2.1575959e-08
1.0556096e-08
9.615174e-09
-1.5462196e-07
1.3888545e-09
4.367508e-07
-2.4174741e-07
2.5085225e-07
8.105569e-10
1.7336435e-08
-7.590283e-08
-6.991819e-08
-1.3706718e-08
-3.572615e-07
-1.6144308e-07
-1.0581476e-07
-2.1552151e-07
5.794201e-08
-5.396638e-09
3.4634462e-07
1.5402396e-09
7.678563e-09
-4.3520217e-07
-1.9005222e-07
-1.1663057e-09
6.746279e-09
-3.0756343e-08
9.683703e-09
-2.2632934e-08
1.0221642e-07
2.189849e-08
4.5614026e-08
-6.972381e-09
-7.709742e-09
1.8685495e-07
-6.4922867e-10
1.6803168e-09
1.0989786e-08
2.0068672e-08
-4.431632e-09
-1.2129533e-08
7.369574e-08
2.4103898e-07
1.3378113e-07
1.8626224e-08
1.9177446e-07
2.8326353e-08
1.020558e-08
-1.503357e-07
8.246754e-08
-7.217234e-09
7.9248444e-08
1.0064581e-07
-1.6716496e-09
-9.919543e-08
-6.03559e-09
8.892688e-08
1.00562225e-08
-1.4852391e-08
6.4964922e-09
-2.4958095e-07
3.0070801e-09
-4.328057e-07
-3.6971034e-07
-1.1072869e-07
1.7018063e-07
-2.4286355e-09
-8.734117e-08
-3.2447778e-09
6.5785444e-09
-3.9088896e-08
-5.933473e-09
2.3593353e-08
6.8011885e-09
1.9077538e-07
3.257005e-07
2.0691079e-08
1.0987363e-08
3.2098555e-07
1.7009079e-07
-7.826846e-08
1.35996086e-08
-3.2567675e-09
1.9778685e-07
-3.7551615e-10
-5.1758826e-07
-4.791327e-08
-2.6298466e-08
-4.7475353e-08
-1.2322096e-07
3.2731523e-07
-9.0668584e-11
-4.0818375e-07
3.4218584e-09
-3.1980882e-08
1.561243e-08
1.715675e-08
-3.0725282e-08
3.9542424e-08
-7.192438e-08
4.659321e-08
2.989943e-09
-8.009978e-09
1.1215536e-09
-2.8201699e-08
-2.0895263e-09
-4.5767687e-09
-1.7730281e-07
-1.6353683e-09
-1.9230324e-08
-1.5945778e-07
1.578972e-08
-6.5863652e-09
1.6572256e-11
-8.678135e-09
-1.0304885e-07
-2.7639702e-08
9.402747e-09
-1.3776086e-07
-9.093367e-08
1.04129015e-07
-3.3594663e-08
2.9572039e-08
-5.6387044e-08
-3.964571e-08
-1.757366e-07
-5.860546e-08
1.8044688e-08
3.39907e-08
-9.4530705e-08
-4.6439215e-08
-9.7643664e-08
-1.6568045e-08
-2.396719e-08
-2.8175167e-08
4.5216286e-08
-6.0175454e-10
-4.187105e-08
-7.011665e-08
-4.9416208e-08
5.5064646e-09
-2.0207324e-08
4.0848754e-08
6.8988313e-09
-3.9555252e-07
7.2371726e-08
1.0250291e-07
9.224292e-08
7.944175e-08
2.0668095e-07
9.79855e-08
4.459404e-08
-7.2094073e-09
7.094344e-08
-4.7728943e-08
3.6150786e-07
-4.4115204e-08
-5.4649126e-07
1.4084668e-08
1.08219176e-07
-7.7295624e-08
-2.6475232e-07
-8.4649954e-11
2.0142215e-07
-1.0130521e-07
-4.290719e-10
1.755741e-07
-5.7382876e-10
9.160938e-08
-4.221926e-08
-8.967559e-08
7.796141e-08
-2.0515827e-07
-7.681571e-09
-3.2596859e-10
2.9865313e-07
1.3755422e-09
-4.4568464e-09
-2.2576565e-07
3.8356401e-10
1.8941961e-08
-4.56309e-09
1.6646206e-07
1.16397885e-07
1.19144254e-07
2.6419993e-11
2.5346768e-07
8.9768637e-10
1.0492357e-08
2.2720573e-07
-1.9825347e-08
1.4883337e-07
-1.337981e-07
3.8753072e-08
5.1388515e-08
-1.9976216e-08
5.1013988e-08
1.2296033e-07
-1.3704035e-08
-4.774921e-08
4.82163e-07
-7.479423e-08
1.0380212e-07
2.2326154e-09
2.8217244e-07
-1.09963324e-07
-8.9462795e-08
5.0824625e-08
-1.9194755e-07
-1.9345234e-07
-8.304827e-09
-1.0005706e-08
-4.0432124e-09
-4.4261503e-07
1.0678527e-07
7.387843e-08
5.054471e-08
-6.181571e-09
9.328126e-08
8.7274884e-08
-6.7188406e-09
4.1570857e-07
-2.174318e-09
-6.625054e-10
4.5835794e-08
2.2605339e-07
-1.1956315e-07
-7.228161e-08
-2.2164595e-09
1.6454617e-08
2.6681695e-07
6.9505095e-09
3.1802414e-09
-1.1504432e-08
-3.2951272e-07
-3.301295e-08
-8.7199504e-07
-3.277126e-07
1.3638607e-08
9.2916835e-10
1.9503819e-09
5.6831206e-10
-6.6204464e-08
-3.6532885e-08
-5.829995e-09
5.411894e-09
5.503811e-07
-2.6810776e-08
5.1378644e-09
-4.0345656e-09
8.586937e-08
1.7202971e-07
-4.1989425e-09
-2.3674323e-07
2.437322e-09
1.8844311e-08
3.515516e-07
1.00310004e-07
1.2294952e-07
-1.5329298e-09
-1.2104069e-07
-7.598071e-08
1.3440192e-07
1.3279432e-08
8.412968e-08
4.258662e-08
1.6235369e-07
-2.3187608e-08
2.5195492e-09
1.4332732e-11
-3.2974694e-07
-1.1648239e-08
9.28072e-08
5.8196443e-09
1.494398e-08
-2.935996e-07
3.2280127e-08
-3.6341512e-09
1.8126611e-11
-2.5924758e-09
-1.3952583e-08
5.780746e-09
1.625378e-08
-9.99434e-10
3.4299667e-08
-1.5195952e-09
-5.634081e-09
2.5868953e-08
-2.952366e-07
-2.1846407e-07
-1.2392792e-07
5.285375e-08
-3.7016763e-09
3.3442664e-09
-1.907912e-07
-4.840048e-08
-2.8061622e-08
2.3047184e-08
1.5261334e-07
-2.9390348e-09
1.110577e-07
3.0233396e-09
-2.7369596e-08
7.110456e-07
-2.538199e-07
-3.210378e-08
-5.736368e-08
-4.890535e-08
-1.6010398e-07
7.404892e-08
3.319877e-08
7.11144e-08
-6.206133e-08
-7.6317384e-08
2.0512198e-08
1.422561e-07
5.510928e-07
-6.0696046e-08
5.018557e-08
2.109965e-08
-9.605538e-08
7.1248735e-08
-3.1178665e-08
-7.659995e-09
5.7685668e-08
3.47984e-07
-1.3052737e-07
5.9568697e-07
-1.16156954e-07
1.06378515e-08
2.2341969e-07
8.751179e-09
-3.1734615e-08
-1.0598667e-07
1.0359382e-07
1.0702251e-07
-2.5206512e-07
-1.8294686e-07
1.17160525e-07
-5.857035e-11
2.2456421e-10
6.2934933e-09
-6.222092e-08
7.505692e-08
-8.576974e-08
-1.984354e-08
-2.6516513e-08
1.3333231e-08
1.7497672e-07
6.4503155e-07
-5.918649e-09
1.3539466e-07
-3.451583e-07
-8.920092e-09
2.9729943e-08
1.1957984e-08
9.7817775e-08
-3.6820867e-07
-6.3541584e-08
-4.6991666e-08
-6.6079804e-07
3.13645e-08
-4.379208e-08
1.0058935e-07
2.3715963e-08
-2.1340667e-09
-2.105898e-07
-2.0977318e-07
1.5144456e-09
-6.051548e-08
1.1725204e-08
-4.3980947e-07
2.81858e-07
-4.851783e-07
-7.532712e-08
3.669141e-08
-4.4427537e-09
-8.260518e-08
7.2899144e-07
-5.7158754e-08
2.254886e-08
-3.408917e-09
3.2365296e-07
3.2207666e-08
-2.6622572e-11
-1.9425451e-08
4.7450182e-08
-2.2655812e-10
5.9924393e-10
1.3975201e-08
7.799485e-08
1.1386294e-08
6.2776566e-09
-2.068852e-07
2.1701851e-07
-3.0515515e-08
5.402379e-08
-7.470735e-09
4.150241e-09
1.5127215e-07
9.9730144e-08
-6.086149e-08
-7.7487806e-07
5.2063818e-08
-3.6989938e-09
-2.703683e-08
1.1501404e-07
5.552263e-08
-2.3906303e-08
-8.2665906e-08
-2.371992e-07
-4.6739387e-08
6.6402876e-08
3.9000607e-08
-1.6432814e-08
4.0744588e-08
-7.341559e-07
1.5405416e-07
-4.261338e-08
2.3509632e-07
-3.4778424e-08
-2.9136052e-08
-4.12874e-11
7.72012e-08
3.485726e-08
2.6102807e-09
5.5276864e-08
-3.2762368e-09
2.996005e-07
-1.6410236e-07
-8.559846e-09
-5.6606805e-08
-6.0744185e-08
-1.23906565e-08
1.7508277e-09
4.6350106e-08
2.0318707e-08
1.2749986e-07
-2.9154098e-08
-2.22192e-09
1.2054894e-09
3.7621817e-09
-4.5644653e-09
9.806028e-09
3.5705344e-08
5.4702006e-08
3.2143146e-07
-7.323111e-09
1.8551549e-07
1.0209284e-08
7.415561e-08
-3.5450952e-08
8.8441805e-09
-2.361372e-09
3.0740193e-08
4.200916e-08
-9.8090815e-09
-1.6492909e-07
1.5109947e-08
4.670794e-10
1.46107615e-08
7.907341e-08
-5.3114635e-10
-3.8145643e-08
1.7829494e-08
1.8305583e-09
7.2612664e-08
1.6283422e-09
-1.287414e-07
-5.5019003e-09
1.363648e-07
5.8064433e-09
-2.6883484e-09
5.092924e-07
-1.2412464e-07
4.7156885e-08
2.873827e-09
-8.383017e-08
-7.7598976e-08
-2.619913e-08
1.2843202e-10
3.7983647e-09
-2.930944e-10
4.2005702e-08
-1.8441767e-08
-6.3028976e-10
1.1453264e-07
1.4227241e-07
3.629183e-07
-2.8569971e-08
3.8164938e-08
-3.9630108e-10
1.5001683e-08
-1.8889821e-08
-3.624789e-07
7.6938065e-09
-2.1212434e-08
2.2036883e-07
-1.8872794e-07
2.8906882e-08
4.3675095e-09
-3.0385067e-08
-8.25051e-10
3.1141255e-08
2.1301585e-09
-5.699765e-08
2.8828438e-07
-3.6092416e-08
-1.4138757e-07
2.4320912e-07
-3.1313697e-08
-1.2972508e-09
-1.9159029e-07
2.7337953e-07
-2.5507094e-07
6.283654e-10
1.3616645e-07
-3.6611578e-09
1.5152043e-08
-2.4458493e-09
-2.1393321e-08
-1.4589887e-08
3.417945e-07
4.3134032e-10
4.4288292e-08
-1.5129625e-10
8.252667e-08
-3.5251404e-08
1.486435e-07
-4.7012435e-08
-5.3197635e-07
2.4307923e-07
-1.9256508e-07
1.4162576e-08
7.612822e-08
-3.0099294e-08
-1.022794e-09
-9.834602e-08
-6.195077e-08
1.5382726e-09
1.7075504e-07
-1.9155435e-07
-1.1703044e-08
-4.8297957e-09
1.11685786e-07
4.465846e-07
9.4292245e-09
-1.3685903e-07
2.8186937e-09
-1.9029995e-08
-3.269134e-07
2.2178754e-12
8.438973e-08
9.371415e-08
-7.9730185e-08
4.828154e-09
5.926744e-09
8.1480586e-08
8.971642e-08
2.2212065e-07
-8.9075954e-08
2.248571e-09
1.6680535e-07
6.7029795e-08
4.9616666e-08
3.862865e-09
2.9199222e-07
-1.5081184e-07
-4.788097e-09
-1.2062614e-09
1.640439e-07
-4.830158e-08
6.847145e-08
6.291799e-08
-2.3674619e-07
2.7134586e-08
1.955063e-07
1.2261856e-08
-4.5072475e-09
3.1002084e-08
-2.971116e-08
8.826092e-08
2.1488916e-08
-2.7412169e-08
1.2098226e-07
4.3029083e-08
-5.270496e-08
-8.991243e-09
-7.354339e-08
8.795789e-09
1.3658553e-07
-4.7342645e-08
2.8947818e-08
-7.3075064e-08
-1.0892354e-10
-2.3342302e-08
3.709556e-08
2.98497e-10
-3.9713746e-07
-9.8119735e-08
-1.2857393e-07
-4.2929696e-07
3.713773e-07
-1.2914963e-07
-2.4726154e-07
6.0348276e-07
1.0533601e-07
8.626704e-09
-5.5194036e-08
-9.33043e-10
-9.862161e-08
-6.115385e-07
-1.1984204e-07
-2.413077e-09
-4.2568962e-10
3.1317057e-08
6.9701005e-09
-2.2433969e-07
8.423784e-07
1.06839465e-07
3.3649983e-10
-2.201339e-07
-3.4995907e-07
1.4494078e-08
-1.2966922e-08
8.7328665e-08
3.300237e-08
-5.579043e-09
-2.640815e-08
-3.9712408e-08
3.4294467e-09
-9.320634e-10
-3.538439e-08
-1.3867993e-09
6.89041e-07
2.4826318e-07
-2.2750644e-09
-1.8428613e-08
-1.1595454e-08
6.868844e-08
5.1557714e-09
-1.8097e-07
7.367784e-08
-7.4705156e-08
-9.410425e-08
-5.0527253e-09
-6.0861106e-07
-6.768996e-08
1.4004103e-08
-1.9085344e-07
2.9856997e-07
1.2005544e-09
1.4581677e-08
3.658225e-09
9.6285696e-08
-1.9161318e-07
-4.3816563e-08
-2.4620718e-07
-8.320439e-08
-3.048923e-08
1.6925746e-07
3.8600643e-08
-2.9186025e-09
-2.967875e-07
-9.274066e-10
-3.7643142e-07
1.7108704e-09
-2.038911e-08
-1.18605136e-07
2.1871844e-07
-2.1509393e-07
-1.2599893e-08
-7.890789e-08
1.4926088e-07
2.0028969e-08
-1.9681161e-09
-3.689091e-07
-6.1853584e-08
-2.019011e-07
-4.728168e-09
7.863603e-09
1.8125288e-08
-1.6296306e-07
-6.38345e-07
-4.2713776e-07
-3.2367353e-10
4.885378e-08
-3.1754155e-10
1.5707627e-08
-8.7938325e-08
3.8996757e-07
-1.7583969e-07
-9.776321e-08
2.3785854e-07
-3.3533973e-09
1.8658294e-07
-4.5123542e-07
-1.8872025e-07
8.4689e-08
-1.7785601e-07
9.831329e-08
-2.754478e-07
5.4618475e-08
1.9916705e-07
1.4566687e-07
-1.07023915e-07
7.2264177e-09
4.5869808e-08
3.3172333e-07
7.0955485e-11
-2.0502206e-08
2.9151846e-07
1.867396e-08
6.2324446e-08
-2.9193487e-07
1.2373052e-07
-2.4314082e-09
-1.335361e-07
-4.322793e-09
-2.8564514e-07
-8.5777074e-08
1.2005997e-09
1.945129e-07
-1.14756645e-07
-1.5790928e-07
2.4314724e-09
-6.2117294e-09
4.4978805e-08
5.4083127e-08
-1.0640069e-07
3.5735063e-08
2.8849252e-07
2.0928932e-09
-4.039508e-09
3.3463903e-09
2.0074873e-07
1.583183e-08
-4.2747484e-08
1.6444743e-07
8.198338e-08
1.8847052e-07
-1.0161199e-07
-3.3785486e-07
6.916893e-10
-1.5393923e-07
5.227373e-09
-1.7429972e-08
-4.370777e-08
3.4466545e-08
-2.725926e-07
-1.2458694e-08
-3.5027597e-08
4.3944308e-08
-4.2191413e-08
4.1244808e-09
1.0311545e-08
-1.6138242e-10
-5.531381e-09
-5.3994885e-08
8.019568e-08
1.719516e-07
-6.723354e-10
2.0147745e-08
3.0240994e-08
-5.2234356e-08
5.439768e-09
-8.438982e-08
9.279051e-08
-7.3388755e-08
-3.1449295e-11
-3.5084227e-08
-5.1785408e-12
3.5637618e-07
4.225174e-08
-1.1195224e-08
2.6875005e-08
2.3898462e-08
1.9489615e-08
2.6233525e-07
9.590725e-09
-2.443818e-09
-2.4417815e-07
-2.8843083e-08
1.3325765e-08
-4.7191516e-08
1.2455963e-08
-3.9100065e-09
-2.977766e-08
-3.9017511e-10
9.3909264e-08
-3.4850636e-08
3.084793e-07
-1.8236013e-07
2.3957637e-07
2.2021215e-08
-5.8791687e-09
-6.7088117e-09
-2.8024277e-07
-3.5113104e-08
5.5850857e-09
4.4054027e-09
2.0910687e-07
1.0569648e-09
-3.0364837e-09
-1.3910903e-08
-1.3044644e-09
-2.664824e-08
-2.2497417e-07
3.984687e-08
6.908359e-08
-3.1278315e-08
7.847915e-08
-3.24734e-07
3.163844e-08
-1.9939383e-08
9.585934e-10
-2.9553107e-09
3.5966974e-10
3.3481997e-09
-6.587554e-08
-7.4507955e-09
-9.400422e-09
-3.130437e-10
1.9770988e-07
2.579302e-07
-6.5277944e-10
-1.5932267e-08
-1.4872722e-08
1.6105613e-08
-7.719811e-08
9.235833e-08
-4.008097e-07
-9.5929185e-09
2.4225284e-09
-1.0386754e-07
1.4346067e-07
-1.1702134e-07
-2.547563e-07
-1.2851e-09
9.049321e-08
-1.2583706e-10
-2.8708598e-07
7.079689e-08
1.3340007e-08
-9.020262e-08
5.6954525e-07
-3.5443535e-09
4.189168e-09
-2.0723181e-08
1.9211248e-08
4.846997e-10
-2.535215e-07
-6.675485e-08
4.957642e-07
2.4437995e-07
1.5422026e-08
-2.8357826e-07
-3.090732e-07
-8.9502905e-08
-2.145061e-09
-2.7429715e-07
-9.041444e-09
9.199283e-08
-4.6400075e-08
-2.3653148e-07
-7.492372e-08
