0.0
0.0
0.0
0.0
1295.3396
0.0
0.0
1414.0262
1802.0598
2661.3726
1405.3344
4260.5146
12880.74
0.0
1641.4376
1518.0917
2299.6987
4520.676
3694.2642
0.0
0.0
0.0
1133.9547
1931.2633
2562.595
0.0
23447.441
8093.3
0.0
2728.7202
2146.081
3333.4543
0.0
2719.1716
0.0
0.0
5567.5537
0.0
1803.5996
0.0
5625.154
2259.13
1367.6302
0.0
12523.002
0.0
0.0
3831.5947
0.0
0.0
1761.2208
2497.5205
0.0
3733.7957
1655.0027
524.0515
1311.5457
0.0
1989.3582
0.0
12726.186
1092.8136
6286.7637
4226.448
0.0
2056.7253
0.0
0.0
2210.9727
0.0
3547.7417
1675.1117
0.0
2814.0342
1694.0396
1982.1144
1859.6282
4077.0034
1721.1582
4846.249
0.0
2179.7402
0.0
2387.5552
0.0
6073.2183
0.0
3932.3303
0.0
0.0
1953.4404
1243.7191
2551.2864
1861.3044
2600.3042
1354.0408
3844.6616
1257.8906
1675.1471
6551.2446
1440.7086
1516.9517
1931.0803
971.78186
2139.6956
21851.707
3610.3003
1024.5491
1215.0795
1993.7368
0.0
0.0
1257.9333
12077.297
0.0
0.0
1096.9958
5402.922
0.0
0.0
17284.053
1873.0146
4579.4053
2855.5662
9375.15
0.0
1984.0803
1577.7983
3175.271
2173.9744
4100.407
1710.841
3069.4797
2591.6648
0.0
1566.97
6433.306
0.0
691.94794
4490.807
2424.3372
2439.2654
13934.698
1842.0145
1608.7714
18461.232
0.0
2428.4585
2058.861
2532.2869
5064.6865
2499.3325
5434.6187
1200.9208
2220.0254
0.0
0.0
1606.1514
0.0
0.0
0.0
2051.6465
31624.766
0.0
0.0
0.0
0.0
0.0
9848.942
0.0
0.0
0.0
3541.2698
3569.7368
3401.754
1856.0582
2088.5295
3119.7444
6004.1865
0.0
2598.4045
1536.3492
1784.0862
3346.1626
2535.3901
2427.9182
0.0
0.0
6221.619
32041.469
3413.3306
9997.327
13190.886
1642.9519
1628.0
0.0
3227.5303
1408.6282
3398.9812
2618.7505
2733.1047
0.0
0.0
1608.9614
1416.586
1644.3215
0.0
1965.4187
13676.663
0.0
1511.196
1411.1484
6238.999
3590.948
0.0
986.26965
0.0
4130.7573
0.0
6157.872
0.0
0.0
0.0
7914.736
0.0
1447.4419
0.0
1015.77026
0.0
7060.9473
1352.0459
0.0
0.0
1406.1101
31445.658
632.39124
0.0
7704.597
1734.6882
3782.0107
1970.0828
0.0
10295.946
0.0
9394.917
1268.2838
627.7666
1080.0511
1392.1638
0.0
0.0
1127.8969
1608.5708
8908.891
4556.2114
0.0
0.0
1838.8433
3487.0383
0.0
5279.789
1899.4625
17238.541
1606.4038
3641.066
11689.51
2724.7935
15757.177
0.0
3716.3687
0.0
2977.1873
5574.0767
1862.721
917.7163
1061.6633
0.0
3967.08
0.0
4622.7485
1307.2494
3209.252
0.0
0.0
2476.9941
17317.621
0.0
0.0
54067.742
0.0
1592.3158
2317.5488
3747.1255
0.0
1629.4778
1498.0217
2869.4277
0.0
0.0
0.0
1140.883
1916.7924
0.0
1492.9507
0.0
0.0
3356.3027
1711.956
0.0
1491.9196
2241.878
1197.2947
3065.4622
0.0
3239.608
0.0
0.0
2414.375
0.0
3023.1934
1938.9702
0.0
7588.3135
5768.5493
8410.876
1502.7493
2114.1887
1339.6566
0.0
0.0
0.0
1366.4476
1275.9543
26725.197
0.0
0.0
1255.2688
0.0
0.0
709.8717
0.0
0.0
6179.5215
0.0
0.0
2159.7432
4076.036
0.0
1311.1653
5296.647
42874.043
2569.0952
1838.8787
1449.9692
3604.7534
1199.839
2234.996
24285.793
1133.9552
0.0
12991.293
3468.0789
3919.6433
858.8192
3774.4004
2583.3164
0.0
1216.6632
1304.4904
0.0
0.0
4130.761
0.0
998.2798
2774.3113
0.0
0.0
1944.7119
0.0
0.0
1331.2305
8743.211
0.0
1567.3867
1529.9165
0.0
7663.28
1722.5986
2314.315
1617.4082
0.0
0.0
990.6688
0.0
1642.7527
7688.2456
0.0
3075.8547
2999.7122
1366.8174
2612.111
0.0
1639.121
444.43988
3518.308
0.0
1827.0991
0.0
3146.1838
0.0
2753.0303
0.0
2506.0146
2988.4658
0.0
1155.9939
0.0
0.0
0.0
2943.6987
7714.338
7202.9854
0.0
0.0
1960.5647
2688.5295
1825.6031
1362.3049
0.0
1608.5361
0.0
0.0
1054.9318
774.38855
4285.932
0.0
0.0
1839.3654
0.0
1116.0537
0.0
1817.2019
0.0
0.0
1665.603
3392.601
0.0
2543.261
0.0
0.0
0.0
2094.1008
0.0
2703.8682
4521.6514
0.0
1648.3912
0.0
0.0
7271.823
1144.5242
0.0
0.0
3602.6143
5245.9707
0.0
2859.4536
0.0
0.0
0.0
1592.2264
9441.27
6575.2686
5907.847
12772.817
3894.9814
2597.129
1418.0631
2426.0066
0.0
1417.1798
0.0
890.11536
0.0
3022.3645
2239.5225
0.0
4062.7427
2585.0913
3505.9524
2244.4187
3852.8418
1807.1351
774.19684
0.0
3932.7415
0.0
1230.9965
1823.8318
3892.4058
0.0
1723.2269
3570.7012
1097.0331
0.0
1968.9333
0.0
1991.7412
0.0
0.0
1773.9308
0.0
1075.7001
1649.211
4270.619
0.0
0.0
4770.9062
3868.4182
0.0
1841.3578
2580.9106
17492.299
2210.7717
1757.0824
1588.0647
2318.8416
0.0
1859.8607
13679.95
3009.1934
0.0
7795.427
3660.1292
0.0
1672.1003
0.0
5063.3994
0.0
0.0
17478.385
0.0
4194.4897
5747.671
2986.193
2869.5366
2383.2734
0.0
0.0
0.0
1887.3474
0.0
0.0
1095.124
2208.765
0.0
5549.926
0.0
2018.2595
1779.5464
2953.2097
1543.3167
2190.9368
0.0
0.0
4012.2412
2048.1301
876.38336
0.0
0.0
966.6356
497.80472
1665.5211
3552.0432
0.0
3402.5215
3594.2412
4643.8394
4258.7983
0.0
1284.8281
1660.0302
1048.2711
0.0
5238.7344
0.0
3040.1304
1327.7734
2788.608
3405.2202
2360.5625
4343.3174
2391.8762
10704.623
2754.2432
1017.87665
127294.09
1868.5687
0.0
18245.102
0.0
1823.5281
2098.8008
723.5182
0.0
2300.1697
0.0
0.0
1434.0962
6719.4976
9947.485
1580.9435
0.0
0.0
9160.668
1539.9377
0.0
4135.42
0.0
2080.4639
3423.1914
0.0
10014.64
4584.3975
0.0
1212.3462
3566.781
0.0
0.0
0.0
2010.7153
1182.8384
8720.382
4783.464
1976.6782
1254.5897
0.0
1532.411
1039.3965
1384.8909
1772.3093
0.0
526.3495
1525.6766
2341.747
4556.3105
0.0
1729.6117
0.0
2404.1006
1638.565
0.0
3441.0774
1468.0316
3172.9844
1971.3242
0.0
0.0
2361.98
944.88794
893.8488
0.0
2466.5776
1995.3762
26407.434
0.0
3700.0347
12472.693
1679.805
1795.303
1903.2063
0.0
1635.2269
1501.1833
3459.1743
1019.93835
4615.9194
0.0
0.0
4841.953
1349.6665
0.0
0.0
0.0
1437.9294
1584.763
1903.8838
1363.9343
0.0
6638.454
2187.2896
0.0
1809.5272
0.0
2157.3828
0.0
5831.357
0.0
1187.1882
0.0
1256.6005
1159.9921
1540.2948
9613.283
0.0
2736.0588
1296.1113
1403.7278
0.0
12198.359
4009.5647
3013.3687
11566.215
3192.0215
2135.4248
5329.606
0.0
0.0
4544.282
2078.7168
1954.9934
1915.7938
2395.9744
0.0
3060.687
1842.1666
0.0
7231.417
0.0
1464.4932
1913.7007
12037.274
2421.1057
2164.1118
0.0
0.0
2206.516
0.0
1605.7888
1714.1268
5693.176
1170.7383
1091.4463
48451.344
8598.006
0.0
3227.4185
1979.7751
0.0
1596.4537
0.0
3116.0522
0.0
0.0
1185.6206
0.0
3869.9873
5429.4824
2173.8284
3718.9993
999.4684
0.0
5156.6475
1257.0616
3828.627
1594.9563
1702.1572
1448.9862
0.0
15302.826
5504.93
43286.45
47278.094
0.0
3968.0413
0.0
640.9249
0.0
1794.4089
1314.448
0.0
4731.878
1624.8799
4451.172
2107.034
1702.421
1574.7444
0.0
0.0
5384.793
1673.267
0.0
1537.6549
0.0
1341.6418
0.0
6684.8984
0.0
0.0
922.05676
0.0
872.27704
6986.997
877.0078
2094.536
2776.1172
1959.256
0.0
809.96295
2429.294
4350.273
4919.323
2297.8467
558.5256
520.03455
1516.6287
2292.9583
831.0084
0.0
2491.9368
8457.776
0.0
0.0
42554.754
7277.1895
0.0
6651.5195
3222.338
1292.3308
0.0
3123.9722
2952.2231
789.76385
976.5782
2547.2495
0.0
2223.4714
0.0
710.09326
0.0
1249.0546
1727.8593
1329.5796
13915.878
0.0
0.0
0.0
0.0
0.0
0.0
7174.4873
23276.285
51304.562
6138.895
0.0
4681.7207
1981.6118
2964.1902
0.0
1062.8846
0.0
2808.3643
883.014
0.0
3412.8726
1362.2301
0.0
33415.223
0.0
812.8243
0.0
1305.9167
4006.9807
0.0
1706.7358
2590.0908
2111.7146
0.0
3294.1465
6398.33
0.0
1355.4774
0.0
0.0
1868.3984
0.0
4260.822
4842.9517
0.0
0.0
0.0
3239.2205
18689.723
0.0
1524.1025
1717.7659
4395.6475
982.62683
2376.811
1564.5237
13836.756
1308.0433
2796.7844
1158.9961
0.0
942.5268
1627.553
0.0
0.0
1881.9197
0.0
0.0
2400.946
4648.4824
1312.438
1330.9277
0.0
1724.9326
2645.3662
2275.2068
956.8535
0.0
4674.519
1562.5939
2905.27
0.0
1907.6628
0.0
2978.3833
10189.427
0.0
5205.9604
1671.9604
2867.1304
0.0
0.0
0.0
538.36597
19303.455
1294.9138
1399.6865
3187.404
1422.2242
0.0
0.0
0.0
1660.7217
3923.8438
1357.8511
6696.7974
1327.2402
1380.1155
0.0
3858.518
1649.6616
1479.4446
9337.163
0.0
0.0
4755.417
10369.585
1003.47473
0.0
25784.967
0.0
0.0
8714.715
0.0
0.0
5480.253
0.0
0.0
0.0
1247.9515
34879.027
1523.9701
3703.707
49635.78
6440.3687
0.0
0.0
1309.2849
1457.7998
12200.947
1315.758
1332.3481
6424.9834
0.0
2336.8342
931.68805
0.0
3509.0796
0.0
1407.8716
0.0
1683.0317
1857.8931
0.0
12869.864
0.0
0.0
2041.1951
4545.1045
0.0
0.0
0.0
0.0
1087.1039
1435.4797
6933.549
15279.92
0.0
1113.6951
0.0
0.0
0.0
3536.463
0.0
0.0
1378.877
3958.4795
0.0
55270.59
1586.7981
1058.7578
2700.019
1244.0529
1493.2229
2882.5994
1100.9956
0.0
0.0
0.0
2203.0076
10567.331
16776.28
2652.977
1341.0428
14141.421
0.0
1443.4082
3198.0894
0.0
728.4057
1997.7135
2691.8423
2308.485
1348.2714
0.0
0.0
2024.4647
749.3026
2584.9043
1250.2333
0.0
2986.1216
13377.671
4113.4824
0.0
2896.0796
7947.3086
2157.9563
7509.5986
0.0
0.0
0.0
0.0
3412.0718
332500.66
3750.6035
2257.0737
0.0
0.0
0.0
1239.4384
2215.7617
2878.741
1831.6038
970.76416
29508.559
3787.2734
2248.6335
5286.1553
287.27655
0.0
2629.6433
2325.5623
0.0
3499.8965
16709.023
2674.3398
0.0
2204.6064
0.0
1612.6018
0.0
3976.5903
863.6513
0.0
638.63495
3609.5854
1722.7583
0.0
1455.6122
0.0
4192.6235
731.71655
977.73425
2351.212
4551.677
1028.8932
0.0
7980.377
0.0
2118.7031
0.0
0.0
8543.141
2080.66
0.0
1463.3654
18092.398
3120.159
0.0
1353.9631
0.0
0.0
1655.7139
4437.81
7238.875
0.0
0.0
0.0
1149.2808
0.0
1149.5214
0.0
0.0
5903.8115
2166.5637
0.0
0.0
2008.3778
3549.278
693.9248
3086.9543
0.0
11573.485
0.0
1652.0234
1433.9784
0.0
1715.1472
1529.4766
2807.571
2682.8613
0.0
0.0
5688.5405
1774.245
27567.422
0.0
2447.932
0.0
1006.87024
0.0
722.4528
0.0
0.0
1323.0277
0.0
1279.4978
2163.712
990.1488
1367.7451
1460.0781
0.0
3996.843
1495.239
1898.8204
0.0
3850.6235
563.71484
88220.44
1042.8491
0.0
0.0
0.0
0.0
1695.8673
2252.9814
9734.517
1341.8315
2788.732
2497.892
0.0
0.0
1806.0315
50730.15
6070.0684
2477.1118
2892.5024
2036.1101
0.0
1626.1919
6800.592
4605.0854
2656.586
0.0
985.4647
2364.1494
1602.0212
8457.897
0.0
4065.2454
8466.456
1383.6498
2661.8708
2754.113
0.0
0.0
0.0
1121.6108
0.0
2203.9329
0.0
0.0
11244.346
840.89075
3591.6084
3240.0112
4107.731
2836.6143
3255.6953
681.22864
5111.63
4487.818
1923.534
6836.831
0.0
1609.1572
0.0
948.8826
3639.6455
2360.3174
1415.409
4606.3994
110034.07
2382.9749
2941.3481
2508.7761
10858.361
1791.5076
0.0
0.0
765.91534
3547.1738
0.0
0.0
0.0
23088.17
2705.333
0.0
0.0
3849.3071
7862.045
0.0
0.0
1090.4689
1337.8323
1017.2038
1359.4877
2635.4333
0.0
3370.5798
1012.17017
4007.205
1866.6573
1439.3923
0.0
0.0
3862.3901
1062.9021
0.0
1926.8655
1763.7216
0.0
341.98175
1696.2599
0.0
5097.221
0.0
2604.5032
0.0
3932.4578
2524.7466
0.0
0.0
638.96326
0.0
0.0
1648.318
0.0
3056.6675
0.0
2141.8604
6251.444
1613.4008
23054.97
2490.2632
2617.4214
4836.465
0.0
3571.0679
3313.5576
2371.5388
2746.1619
8871.066
0.0
4823.9785
1587.2782
3026.6372
2588.918
1563.2831
1548.9541
19229.52
744.93646
0.0
0.0
0.0
0.0
1331.9976
3823.9702
4268.3438
1216.854
4575.9414
1320.5261
3951.6191
5891.628
0.0
0.0
3132.8503
3118.1838
2405.1501
7183.1416
1419.5234
1728.8296
0.0
5405.8525
2294.717
3399.573
2173.8623
3810.672
1237.1796
0.0
0.0
0.0
5896.7534
224.96463
1956.637
25044.27
12536.457
1041.2646
3187.6606
0.0
2193.3396
0.0
2633.268
1021.0296
4524.174
2372.7224
9475.7705
2292.7856
1647.5928
1990.4508
854.3562
1035.3904
1586.6282
2001.4543
3249.7292
1331.1165
9973.162
1290.6234
1934.449
0.0
14836.1
1393.4109
2224.9734
929.90265
2448.0088
2948.052
0.0
0.0
0.0
2296.737
0.0
13442.85
0.0
0.0
1264.8618
0.0
671.8529
21174.871
13609.029
3103.829
1535.4868
2594.888
0.0
2217.1423
0.0
0.0
2401.2493
3938.0706
2675.0938
0.0
0.0
0.0
1446.3613
0.0
15277.308
5423.225
1771.1754
0.0
4900.5254
0.0
2430.1494
1390.183
2995.5117
1192.3134
0.0
0.0
1317.0784
1973.6187
0.0
3105.6875
2311.6392
1243.6637
4780.476
2134.4045
1421.0856
8352.246
10650.083
1827.352
2342.489
5116.487
1396.4333
11099.94
1888.6254
4473.32
3897.9878
3558.796
995.7512
1042.3486
9999.702
0.0
1079.3298
2261.7217
0.0
782.3109
1058.5027
3255.8818
2362.0059
0.0
0.0
0.0
0.0
1278.1094
2005.1206
0.0
0.0
4111.346
0.0
0.0
0.0
8461.963
1514.2108
5449.917
4836.5464
12787.607
0.0
0.0
0.0
1414.4344
1742.5277
1718.2471
3056.2134
1822.6693
0.0
0.0
3798.0747
0.0
0.0
1782.1167
1242.8611
0.0
0.0
9097.294
0.0
0.0
0.0
2025.9292
2337.4556
0.0
2460.0833
1589.1669
0.0
1299.582
79728.93
1939.3065
0.0
4720.8647
0.0
0.0
0.0
3008.8894
2629.4985
13026.709
749.01544
685.76483
0.0
4493.335
2283.7063
0.0
2698.2378
0.0
589.1161
764.10547
1865.9075
1103.7993
13697.021
11511.926
1554.2605
1792.97
1194.4939
0.0
2834.237
903.9485
0.0
0.0
2457.9753
1315.2526
0.0
17162.408
825.59906
1223.3726
1565.0881
3410.2188
902.4577
1521.7231
0.0
0.0
2769.5796
1683.636
4957.019
0.0
2868.4998
11713.887
1910.6537
1385.49
1453.7355
3638.6694
1632.801
0.0
0.0
4961.1987
620.6402
6303.9707
1386.1947
2351.753
2167.3132
1812.1787
1446.6635
5966.2354
3959.016
0.0
0.0
6382.6226
1878.7703
1035.9639
1616.8
1008.38184
1771.9174
0.0
2871.0146
2951.9717
0.0
0.0
0.0
2179.2896
0.0
2426.6985
0.0
1180.5654
1423.9867
3529.4727
3023.73
14783.035
0.0
7661.3096
2276.3647
1620.0155
0.0
1615.9934
4040.9204
0.0
4564.607
0.0
1713.6777
5185.6426
1148.9165
2587.6208
895.23865
5421.6367
4511.438
5476.5464
2927.6775
0.0
2130.1504
1641.8978
0.0
12062.734
2280.5244
0.0
2234.1423
1626.99
3607.5867
1494.1533
0.0
0.0
3327.265
3937.6624
3365.4387
2060.9375
912.5059
1157.473
4354.9365
0.0
5182.615
2471.12
0.0
1072.2219
2750.5427
0.0
2390.8438
2574.3765
10364.348
2070.1475
0.0
2867.6768
1911.0688
1755.1523
0.0
16729.443
1381.9816
2109.6482
0.0
2308.5786
0.0
19694.078
13858.619
16559.006
0.0
0.0
2376.5132
1410.6613
3525.4854
0.0
3764.8457
588.1156
2307.1482
4251.3135
2448.1665
1882.5466
2571.4277
3506.264
3533.9746
1011.2166
0.0
1834.5754
10020.771
1002.30743
0.0
0.0
0.0
3809.977
5979.0747
3301.1187
4196.0435
1473.2343
14757.706
0.0
2540.4531
0.0
7023.0713
0.0
2205.9075
5764.6484
4272.87
0.0
4056.7012
1768.1821
1134.8779
0.0
1534.2338
2960.8745
0.0
1615.0573
0.0
1182.1223
1287.0594
1207.7341
0.0
1070.99
0.0
3237.6821
7468.973
1452.4644
1705.4111
0.0
3819.6548
1198.7047
8780.323
2345.4905
0.0
0.0
0.0
0.0
1096.6985
1734.7493
0.0
1130.0776
1782.2051
1882.3805
2094.5012
0.0
0.0
3012.0173
1613.4094
10746.937
1072.9207
1964.4966
0.0
1815.7012
12230.013
2161.0847
0.0
2329.9497
3862.336
4941.889
4093.3457
2284.9443
2092.1138
2734.0825
2141.154
0.0
2213.5798
0.0
28355.412
1894.1631
9755.664
1512.9276
1583.2073
1343.3323
20208.748
1363.1132
0.0
1900.4285
5642.6196
1438.0396
8620.265
3190.494
2199.4624
5257.5186
0.0
7608.0176
0.0
4422.988
2465.873
0.0
0.0
8401.556
5658.0723
1393.9059
2500.2717
1570.0349
0.0
1414.0376
1338.9741
5216.393
1646.7169
1784.3828
4194.0923
0.0
31158.902
1640.3257
1611.7098
11145.962
0.0
1869.2477
0.0
1573.7979
4185.9805
937.0819
1695.5963
0.0
0.0
1743.9044
0.0
1814.778
4412.351
1327.6033
1452.7672
1576.5729
0.0
0.0
0.0
0.0
1705.7303
6114.6797
3313.6028
489.00867
4369.006
2828.8357
1751.237
2124.7078
1713.8547
0.0
2256.9197
4944.844
16287.2295
9495.285
1328.7445
1381.6134
0.0
5122.261
1411.5386
2577.695
0.0
0.0
2576.6035
1761.5803
3054.399
2005.375
0.0
0.0
1787.377
2367.3896
6439.632
2194.5107
2038.4531
0.0
1412.23
1679.9236
1340.9524
1911.0178
0.0
0.0
4514.8647
2332.8062
4635.783
1261.6381
0.0
2753.112
1675.8479
0.0
2626.6794
2144.6038
0.0
4198.6123
4443.7725
4056.1619
4528.5815
2197.818
2073.9053
0.0
1764.3789
6968.1865
3601.5295
6127.0723
12912.339
5113.185
0.0
1252.779
0.0
2132.377
2740.7976
2203.6243
0.0
0.0
2103.7131
1569.5378
4315.605
0.0
1004.0564
4282.8516
0.0
0.0
1846.3792
0.0
14584.619
0.0
0.0
1490.0575
1705.6763
3121.681
1373.8743
0.0
5458.696
0.0
0.0
0.0
2773.1658
4526.515
265.88736
1044.5361
2194.704
784.8153
4489.644
0.0
1647.6555
13145.083
1671.6592
1855.8191
0.0
2935.0364
4012.2969
0.0
1845.6234
1569.9902
2073.5732
0.0
0.0
0.0
5681.881
1763.8514
0.0
1348.8898
0.0
1708.2479
1673.1222
0.0
13016.561
3189.5522
1818.5004
0.0
1115.2485
1761.4065
35410.914
2000.3088
0.0
41429.414
7350.282
1854.6866
3759.2095
0.0
3642.39
0.0
2411.0413
4637.899
4756.6816
1924.5715
1748.2671
5882.5923
0.0
450.1305
1537.4187
6650.8477
0.0
0.0
0.0
0.0
3210.979
0.0
1610.5435
3910.877
0.0
22136.537
0.0
4180.698
3235.419
25048.645
4988.325
3960.3467
0.0
1426.1017
4448.8535
16185.023
0.0
1607.9143
5108.8804
0.0
1822.2533
2807.1345
2046.8069
3389.5396
1384.8359
0.0
1766.9188
12607.001
1117.4503
0.0
0.0
4517.706
0.0
0.0
1187.0051
2255.6067
0.0
991.7794
0.0
32653.514
1714.3114
1939.6926
2134.1372
1530.7821
0.0
1097.5703
1435.8138
0.0
2050.501
1979.9224
7663.987
0.0
2059.4614
0.0
6203.093
0.0
589.8928
5559.9307
2262.5068
0.0
2374.181
1603.0996
0.0
0.0
0.0
841.26495
2739.8142
1830.859
0.0
2070.827
977.2657
0.0
1732.6702
1482.4805
5448.7964
4237.905
0.0
2180.188
4931.0225
0.0
3641.8618
0.0
7174.523
0.0
122.84116
8996.39
18613.963
0.0
1151.0618
0.0
1669.1442
12917.113
0.0
1404.2435
0.0
1594.2427
1617.6982
2608.4595
1758.6118
2766.8052
1509.5608
1976.0538
1187.2585
0.0
0.0
0.0
1645.3262
2058.8833
6679.887
1680.1001
0.0
594.28516
2959.667
0.0
4485.054
0.0
1672.4392
1449.279
1919.5184
3268.4053
0.0
1954.7158
0.0
1590.9783
1677.6951
1316.3325
0.0
1549.1284
2933.4282
0.0
1263.7926
3783.242
4706.67
0.0
3269.9028
3243.8247
0.0
747.4726
1016.66486
2313.4775
0.0
0.0
2256.6228
4656.357
2540.1753
1119.1904
1690.6342
0.0
0.0
0.0
1661.3975
1210.9888
228.62872
1233.2181
9225.5
0.0
4817.5586
0.0
65007.188
2764.3555
21149.467
1331.449
4874.132
4321.484
543.06494
1104.1941
2390.1165
0.0
0.0
2018.7924
0.0
2077.1921
0.0
3525.4368
0.0
0.0
0.0
3933.721
0.0
0.0
2009.9746
1513.9912
5781.428
3901.642
0.0
15240.303
2003.4701
1320.7585
2800.1843
2223.5596
5144.253
1881.9368
3594.6636
5638.115
8401.652
3136.164
1158.3766
1362.5242
0.0
0.0
0.0
0.0
0.0
1570.7748
0.0
0.0
0.0
0.0
3838.5312
1568.044
0.0
6214.762
0.0
196623.9
0.0
0.0
2767.7002
1353.7249
1552.3872
728.1564
0.0
0.0
2689.4126
0.0
0.0
0.0
1356.1527
1713.6495
1820.2458
0.0
0.0
1571.6394
4104.0376
5766.9424
2016.5615
2451.612
0.0
1465.3093
0.0
1806.6254
1853.5172
0.0
0.0
1033.303
3295.7563
0.0
4314.8823
0.0
0.0
685.09015
2560.7268
9500.38
5701.4395
14972.429
3142.792
1876.1957
909.66876
2502.283
1710.2245
1465.7145
2275.2888
1522.2723
0.0
0.0
0.0
1387.0322
0.0
1569.2263
2573.9177
2096.8164
2381.0789
0.0
2387.129
7452.5195
2190.816
0.0
2187.3855
0.0
28765.66
1368.0293
3510.6638
0.0
0.0
1764.5139
0.0
3109.0605
0.0
50298.555
0.0
16796.316
0.0
597.6438
0.0
286.9489
0.0
1074.1248
1697.6578
2437.0286
2886.1055
0.0
0.0
1148.3265
1967.9586
0.0
3650.3325
4265.33
4431.144
0.0
16421.717
0.0
0.0
0.0
3488.758
301.33218
2867.5762
1719.7465
3193.4385
1848.4095
13693.654
1151.4409
17173.113
0.0
1646.6621
4550.074
5312.898
3653.9492
1918.8302
2265.648
3926.175
1525.1228
5323.2197
0.0
0.0
3303.734
3039.6655
0.0
1866.8992
0.0
0.0
1396.9851
4020.737
2910.5195
0.0
2451.2314
4528.424
10606.316
0.0
6969.4507
2018.9786
0.0
0.0
0.0
0.0
17921.154
0.0
1107.6008
10711.404
1661.8079
10100.563
1829.338
1245.5112
4847.346
1458.5398
7120.676
2107.6804
2396.111
1085.2681
2540.6348
0.0
5140.008
1297.1593
3637.4946
1677.1338
2781.7144
3356.295
0.0
3419.7124
2952.8462
0.0
1241.7893
0.0
5345.8545
0.0
6734.1104
1697.6208
2020.8076
1232.9448
3099.2717
2465.8955
701.9912
2715.538
3940.1377
0.0
0.0
1818.9282
2104.805
0.0
1664.9242
0.0
1308.9884
5403.8066
0.0
0.0
3300.3694
1687.8992
1736.6826
1357.8885
2025.3911
12198.66
1345.7944
980.67004
0.0
3939.8057
2898.5076
2093.7866
3672.6008
3168.7896
1570.176
2916.56
0.0
0.0
1270.8912
0.0
2050.666
0.0
0.0
4011.2927
0.0
11259.611
1885.7358
53702.83
0.0
2642.746
275.3565
2067.601
0.0
1748.1538
8680.177
1950.0015
2388.7007
2199.613
7285.5127
1001.20013
4270.224
1439.5078
1073.8636
2227.952
0.0
3237.7688
0.0
899.85815
4717.0635
0.0
2589.1895
1839.8363
2334.7234
1665.3903
19812.193
62514.97
11210.73
1251.8782
3491.5964
0.0
1913.9612
0.0
2869.1636
3406.0862
5456.584
0.0
1619.9019
0.0
2425.714
3563.3257
1572.7521
2602.8572
4331.362
6866.031
0.0
1853.9332
1664.4861
1978.3497
568.2924
1464.9961
1688.7202
26392.762
0.0
7677.0903
0.0
17.079712
37423.363
1503.6089
4162.312
2035.2693
6931.188
1161.8877
0.0
1344.2903
0.0
3586.6235
899.64594
1646.991
2677.4155
5545.2104
1028.5513
0.0
15689.277
3290.5432
1016.63416
32831.09
1118.277
8840.406
1772.7661
0.0
0.0
1581.9663
2714.723
1379.1553
3815.605
2171.2737
0.0
0.0
5650.715
1344.5082
2209.5312
0.0
0.0
2221.4814
4899.5566
3882.6323
915.48004
0.0
727.68054
0.0
0.0
1251.3287
1638.4386
0.0
0.0
0.0
3496.9246
941.9064
1178.5515
4886.496
0.0
1052.7764
1152.8289
8406.081
1618.9314
1383.1555
27571.623
1369.5704
2300.257
3866.6753
3393.1912
3439.377
13398.439
2298.5103
1210.273
1639.4929
5589.634
1314.1865
1975.6193
0.0
1831.7123
0.0
0.0
16952.236
2446.6846
2385.8945
2419.0083
1419.099
4122.334
0.0
3873.208
3391.7317
1023.68774
1369.0406
19244.018
0.0
2370.1147
0.0
0.0
3809.7603
2931.7
1130.1311
0.0
3230.0498
4229.623
3431.984
9217.984
6024.7466
0.0
2852.109
0.0
0.0
14599.626
3956.899
0.0
2476.8318
0.0
1959.2991
3252.6057
3714.5083
4253.294
1296.3821
11095.991
1250.3986
0.0
0.0
122.33438
70791.125
0.0
5381.452
0.0
29227.963
1170.6393
1601.6748
3513.9885
3176.9414
2927.5796
0.0
0.0
813.02637
1475.9108
0.0
0.0
0.0
1222.3049
2108.6892
2250.855
17196.8
0.0
0.0
1872.5922
0.0
1398.9138
351.80573
2086.183
3998.5605
0.0
2913.2998
2462.991
0.0
1275.0015
0.0
2089.9407
0.0
3977.2446
1635.7279
0.0
947.05334
9111.944
9609.715
3053.7246
523.1629
0.0
6160.3755
0.0
29876.617
0.0
3737.2424
0.0
1191.488
1597.3838
3287.9883
3317.7466
1987.6433
1557.292
0.0
883.2532
2631.9524
1533.54
0.0
1902.0016
0.0
0.0
1812.7222
2334.413
1309.6229
2006.7263
1663.7428
0.0
1675.708
900.6576
2037.1118
1376.948
2440.4114
20099.432
10468.972
2602.0542
2964.1533
0.0
4277.3457
1148.5458
0.0
22632.346
3097.577
1580.1729
0.0
3310.7444
2301.0042
10441.918
1518.9724
1602.1309
1214.644
0.0
3962.9424
2741.566
14732.631
3759.8193
1316.5265
1020.9073
2706.9639
0.0
0.0
0.0
0.0
6243.974
2167.4329
3962.9717
3133.844
0.0
2224.7717
3745.7302
1690.7803
7634.3906
1764.9469
0.0
4378.64
2186.7625
0.0
11084.948
1212.0642
0.0
2143.3206
2147.0918
0.0
996.51355
7344.871
4258.7417
2513.6646
2053.351
0.0
0.0
5970.561
0.0
905.0635
0.0
2015.4348
0.0
1172.2616
1209.0713
2005.4368
0.0
262.6927
0.0
2467.7776
4954.114
3494.5151
2524.2197
1519.9575
0.0
6862.6934
2512.6284
5662.8774
1791.9839
801.1034
4822.6475
0.0
2155.9563
3068.2466
2024.6046
0.0
1848.7092
4565.694
1689.9055
2936.1372
4386.748
9656.059
0.0
3849.976
0.0
0.0
0.0
4166.686
16069.759
1474.7917
2051.4836
3596.4268
0.0
0.0
0.0
1955.1555
0.0
2285.57
1239.739
1548.9124
1365.3828
0.0
0.0
3855.1309
0.0
0.0
2368.9795
0.0
1717.7823
2101.3823
19643.697
1588.4819
7757.4062
0.0
0.0
0.0
0.0
5525.521
2116.2622
3764.7593
6239.869
3493.0767
2607.9512
0.0
0.0
2023.1915
0.0
0.0
0.0
3052.1477
0.0
2812.6758
0.0
0.0
12555.873
3382.7253
0.0
0.0
2370.6855
1394.5637
2280.7993
3511.6548
3919.316
0.0
0.0
2783.183
0.0
0.0
615.7202
0.0
347.89087
6408.1377
0.0
1218.5326
0.0
22335.145
0.0
1307.2662
4629.842
1170.496
2383.6028
0.0
0.0
2483.731
1743.6934
0.0
1125.9312
7123.6494
0.0
2412.939
2204.9573
0.0
3964.2175
2442.8718
3461.5605
1671.5864
1405.3367
0.0
19265.682
736.3514
0.0
3596.2053
799.5942
2272.2473
3425.9573
13906.309
1154.9872
8419.551
4472.229
8148.748
1727.8667
1135.342
3024.379
20539.197
0.0
3527.2173
435.45685
2361.02
1998.2987
0.0
3243.4363
6153.3735
0.0
0.0
0.0
12269.75
3683.1873
3490.525
2302.8486
3813.6836
1635.267
720.9935
0.0
2161.344
1543.0143
1059.2347
1232.7231
32245.578
19493.281
819.4474
2040.3241
3049.6904
1880.4949
1313.8964
0.0
0.0
0.0
5130.304
1542.0159
0.0
0.0
1618.7251
1831.8699
7208.987
84348.336
0.0
13445.09
0.0
2973.0952
8000.709
2321.1567
999.01227
2148.8357
1986.8546
1169.5552
1304.8246
4300.6978
0.0
2889.6086
0.0
2628.0781
0.0
1219.7972
2486.8657
1441.1603
1897.7152
2042.9238
3549.582
1185.477
0.0
2226.3813
977.5331
3717.558
3118.4934
1765.6027
1763.7678
285088.22
2463.201
1331.6877
0.0
0.0
1832.0641
5209.256
1925.6766
569.4105
2137.6355
1938.9973
2060.5928
1383.4263
0.0
757.9235
697.6569
1760.7505
0.0
4190.661
1714.6162
1893.0084
0.0
47002.84
0.0
1562.4885
887.4913
1202.0074
769.1636
2374.0117
1918.4691
8861.555
1709.1509
0.0
0.0
2624.7832
12859.48
1458.9636
1295.0713
0.0
7586.87
3066.607
2243.8652
1356.7086
3301.8945
3844.6445
698.3385
2466.232
0.0
1371.8503
2115.0845
1599.7417
0.0
1990.0529
1463.5574
0.0
0.0
836.9058
1479.88
0.0
568.6149
1686.386
3395.516
0.0
2003.4677
0.0
1290.998
3576.67
0.0
744.57825
596.3943
1844.6526
1124.8632
2814.1533
3330.7378
5095.2646
1749.1302
4272.707
1265.2251
4447.1357
0.0
0.0
0.0
0.0
0.0
11407.709
0.0
2807.92
0.0
1722.1243
7686.6836
15150.722
2025.6597
3858.4824
1646.7343
2378.2415
0.0
0.0
2199.0242
0.0
4196.198
1699.9175
0.0
1270.1196
1485.4667
1684.3309
1325.9366
0.0
2236.818
1044.6077
2403.549
3043.6604
0.0
30331.496
1981.5786
1904.8964
3603.2207
0.0
4894.156
0.0
0.0
5365.402
0.0
0.0
1286.3545
2315.5369
0.0
8102.464
3617.7422
0.0
2193.1187
0.0
0.0
0.0
721.69336
2655.2473
0.0
0.0
0.0
0.0
0.0
2727.375
1260.3903
0.0
0.0
2350.4666
3117.6812
0.0
0.0
1288.8138
0.0
2971.4932
0.0
0.0
1138.9604
1440.8623
2252.9177
708.86487
0.0
1484.5289
0.0
9809.348
3831.8394
4861.934
0.0
0.0
0.0
1064.331
0.0
0.0
0.0
1402.5287
0.0
1939.3169
1208.2523
0.0
0.0
3331.646
0.0
44902.324
945.89197
0.0
2194.6536
0.0
0.0
1694.6465
5014.21
4093.599
0.0
1502.8153
0.0
2131.2402
16382.182
9124.645
0.0
15026.038
2140.8464
0.0
1241.5317
1350.9694
1604.2455
1675.4609
1690.848
3686.9548
0.0
2301.726
4850.9946
0.0
1437.4885
6485.6494
0.0
1607.0076
2189.5632
1332.5043
1764.867
0.0
1452.5892
1284.7646
2326.716
2114.0674
0.0
3137.8955
833.17114
2273.4783
933.10693
2156.8408
3382.7632
4764.346
1711.5188
4116.4067
0.0
813.49854
7750.3594
2543.767
6033.99
10048.699
2382.9976
3278.942
0.0
1904.45
0.0
2730.4414
19275.139
6062.212
2540.9253
1680.8699
1890.9614
0.0
0.0
0.0
4142.71
0.0
2027.8662
624.1997
0.0
2121.0227
0.0
3233.6284
2298.5251
2307.9817
912.9419
0.0
369.1825
3844.2246
3753.483
1966.8329
6096.869
0.0
4477.5864
1750.348
1648.7036
2034.5358
3505.9993
0.0
1690.7878
0.0
1200.9075
0.0
993.34326
2394.4915
1590.2201
1419.1871
2324.8843
0.0
3164.2725
2254.1956
1295.2351
0.0
1127.3451
0.0
0.0
0.0
2090.2134
1488.4854
4185.359
2104.889
0.0
1947.8433
3108.9453
2551.4575
11375.898
1144.1622
0.0
1666.7527
1501.806
0.0
0.0
24239.252
1564.9357
2303.591
3475.1104
3148.7764
0.0
1268.9043
1603.332
4350.1523
0.0
1965.1663
3739.7195
21722.357
6542.6836
1593.5275
1856.4736
1235.2902
0.0
0.0
4937.912
1382.9196
4080.782
4439.64
4637.05
1230.1439
1601.1892
763.5383
1535.9912
2508.4368
2144.3345
0.0
0.0
0.0
2363.0344
260.37256
988.38184
4548.257
0.0
0.0
0.0
0.0
2220.148
0.0
2628.671
0.0
1657.2543
1603.6803
0.0
0.0
0.0
1799.1194
1809.9861
1781.7395
0.0
2835.8848
0.0
3101.9302
2892.1665
1545.6173
0.0
2518.258
0.0
3706.5308
1957.1367
1845.6055
1827.226
4278.022
1951.5349
2477.7432
3097.773
0.0
3908.8828
0.0
856.08575
0.0
0.0
407.58923
0.0
748.77954
0.0
1990.1486
3366.862
0.0
68892.22
4838.6016
1725.5219
954.765
2566.9072
0.0
7164.3115
0.0
0.0
2955.8276
372.4429
0.0
0.0
2989.938
1161.168
4025.0884
1578.4982
2764.7808
5874.7026
0.0
0.0
1555.784
6537.9463
0.0
1909.8892
0.0
0.0
1797.0686
0.0
0.0
1767.1594
1266.5913
0.0
2242.664
2448.6426
0.0
0.0
4161.125
10709.261
5795.928
7886.837
0.0
6633.0728
66994.086
0.0
2521.1997
0.0
1408.5288
619.64703
9744.305
0.0
10526.494
1510.3887
2743.5896
16158.321
0.0
0.0
1677.757
7560.874
2060.876
3302.06
0.0
3986.813
1903.4465
3396.7712
3448.772
1365.7999
0.0
2582.8813
0.0
667.4338
1851.5518
36105.188
3192.4238
0.0
1506.1421
0.0
5000.649
1670.6545
3108.7368
4915.28
37779.074
0.0
0.0
836.3929
2211.6602
3349.2034
2159.0674
3949.7732
0.0
2743.7532
5615.8306
1498.2781
0.0
1949.9584
0.0
778.8129
1848.7157
2312.717
6052.547
0.0
1817.1183
7513.9185
1977.8965
2203.862
1961.4873
2121.5425
0.0
1526.6355
0.0
1375.9073
0.0
0.0
2426.7021
0.0
0.0
1098.8185
2590.687
3468.6978
13593.001
0.0
3519.5671
1139.8519
0.0
4002.699
3293.7007
0.0
1588.8066
0.0
22373.129
1724.7659
0.0
0.0
0.0
2318.1338
0.0
10391.564
905.9572
1946.4998
36200.676
4553.9224
1303.5017
4130.549
1393.233
6669.436
0.0
0.0
1430.851
633.57623
1158.6515
0.0
17240.127
923.25415
1474.3507
0.0
5435.266
2006.9
2731.4966
0.0
1717.1921
7435.6016
0.0
0.0
1227.5095
1254.7349
2829.3428
1736.7596
1334.8433
0.0
1255.7831
5963.0625
1141.968
3928.2168
2419.1948
5777.3755
1339.4272
8214.336
0.0
0.0
3307.9163
3604.459
1438.5459
3873.5193
1524.4655
1180.8225
2312.2087
0.0
0.0
1627.8003
2096.1167
7105.634
0.0
1580.6377
0.0
4565.2383
1361.16
0.0
1184.4424
2317.4448
1866.7323
2105.8352
2387.6597
0.0
0.0
3511.759
2346.8638
1506.6843
0.0
1751.7783
0.0
0.0
508.8025
0.0
1520.6095
0.0
2150.9617
0.0
0.0
2845.1086
2109.0056
0.0
0.0
1774.4701
0.0
5363.7563
2868.6494
1434.044
1872.1354
0.0
0.0
435.73798
1205.9213
0.0
1329.8308
1721.1628
811.2443
0.0
1512.2794
0.0
3305.168
0.0
18636.748
2405.4048
4165.086
1351.0669
1009.18585
1200.1932
8871.319
4219.2163
2746.524
0.0
0.0
8274.52
0.0
0.0
5795.6187
1681.0112
1720.4059
0.0
1567.4834
0.0
0.0
1651.4384
1149.9845
975.0077
0.0
3590.767
6179.3887
1146.638
6191.624
0.0
0.0
2541.7224
1040.0245
0.0
0.0
0.0
1167.6655
2949.9053
3937.397
4600.4
0.0
4723.9697
2233.3538
0.0
2994.9392
0.0
158634.75
6648.013
9857.039
219.00833
1448.8063
1231.1705
3570.2822
0.0
1612.3678
12600.502
0.0
12600.797
2568.5625
1664.0365
5691.467
1811.942
7211.982
2735.3093
2729.745
1707.578
1481.4655
0.0
0.0
1899.7184
8076.263
3320.6658
0.0
1385.5461
49451.406
1394.9397
11978.738
1858.4305
0.0
1253.4225
1405.5718
13903.582
2273.548
2570.4946
3541.1226
1134.8939
0.0
823.31915
7122.0156
0.0
6420.4985
0.0
4158.9736
7776.4326
1427.9398
1514.0084
0.0
3488.185
2896.9077
0.0
3812.8171
1189.5261
0.0
2122.3882
0.0
1889.2574
3317.7717
13394.416
1488.8344
1944.9911
983.28125
19033.164
1981.0571
16638.375
1306.9307
0.0
2473.9976
1602.6742
2504.6235
0.0
3532.031
877.13794
0.0
0.0
2754.5637
0.0
2886.9526
1233.7731
1619.036
0.0
4598.9185
4135.112
0.0
4546.6562
5213.5986
5750.9785
22425.965
860.4132
2408.2808
22843.707
1516.6311
3049.9727
2138.9814
0.0
1814.6284
3651.7803
1877.2524
0.0
2842.6018
2748.1416
0.0
6234.122
0.0
0.0
0.0
1921.9131
1870.4119
0.0
0.0
0.0
2482.399
2706.874
0.0
0.0
3750.899
0.0
869.4045
0.0
3652.2773
3777.6968
18846.287
0.0
2228.219
2433.3325
0.0
2481.8513
1816.7701
2373.5576
2200.3577
0.0
0.0
0.0
0.0
12074.219
2625.6123
2065.2893
5139.686
2480.4138
648.06396
0.0
4840.6724
0.0
2377.455
1090.185
1688.6647
1902.605
25308.686
1820.6857
0.0
715.38086
0.0
858.1035
0.0
1465.112
902.63116
5045.0347
1526.9402
11661.094
1468.962
0.0
1617.6329
7036.4365
14140.417
1672.755
1201.0778
3256.2505
872.55493
1216.0824
2130.5212
2590.7148
2181.2969
0.0
867.99646
11437.561
0.0
1519.603
2016.0012
0.0
1392.3802
3694.4683
0.0
0.0
3496.9111
5222.5234
2514.2957
7445.653
42279.758
0.0
0.0
1665.3176
1625.6582
0.0
60076.883
3991.9426
2073.7463
0.0
0.0
3726.3984
0.0
1519.4822
5636.8027
0.0
0.0
1545.7695
0.0
0.0
1558.2225
5551.4653
0.0
6194.613
25591.69
6128.551
887.37665
0.0
1874.3041
0.0
3778.2876
0.0
1305.6086
1934.1674
6413.74
2765.5461
0.0
1753.2637
1576.8552
1911.4314
3809.869
810.9049
1723.2627
1503.9294
1654.0084
3546.91
0.0
4501.833
423.6294
0.0
32494.05
1261.904
2133.6
2731.2168
0.0
1708.3503
1852.773
25364.77
615.4783
0.0
2307.8857
2886.2192
2550.0261
1552.3169
7443.367
0.0
4038.0796
2718.6987
925.1173
0.0
7973.4214
3114.0518
1439.2865
2146.0293
3396.1323
0.0
1511.5664
754.2799
3353.426
30105.871
29363.262
6515.2646
0.0
4027.3066
0.0
0.0
0.0
23580.805
0.0
0.0
30519.852
1741.3184
1497.6372
9866.082
2244.6396
816.0136
0.0
2164.686
2371.3977
2940.3403
0.0
0.0
4788.361
19891.697
1329.4281
4836.707
1342.3495
0.0
856.58545
2933.3774
1968.0745
2037.9744
2205.2231
1243.9615
2237.0984
876.70825
0.0
7100.625
2080.005
3394.5889
0.0
7069.419
3398.8296
2246.0593
1582.7047
2371.7908
5606.815
1707.4532
0.0
0.0
2444.396
0.0
1526.7345
0.0
0.0
0.0
1473.8842
3489.4087
0.0
4879.177
2692.4756
0.0
1424.4055
3757.1204
1457.7438
0.0
1509.1094
2515.8157
0.0
2552.4807
0.0
0.0
0.0
1171.2344
1822.5613
0.0
7975.763
12874.121
0.0
0.0
752.63464
4956.5933
4880.9263
3947.9028
2332.1902
0.0
1189.71
1745.408
0.0
1356.389
4330.7266
0.0
5822.3857
4261.74
4161.0522
874.2196
6784.091
10627.646
1852.1228
0.0
829.52673
4545.1665
1928.8093
3789.7734
2149.9897
4467.8066
0.0
0.0
3775.5488
877.45325
2010.633
4908.5654
1196.7799
4044.7668
0.0
0.0
912.4077
0.0
1937.0151
3636.7861
0.0
0.0
0.0
73908.54
1447.9557
2065.9766
0.0
4144.1934
0.0
3353.4932
2047.941
0.0
2215.3186
1246.8655
1716.6296
0.0
0.0
1567.6178
7823.216
1424.7991
0.0
0.0
13156.742
1161.4143
1240.3208
0.0
0.0
9602.187
1292.7146
827.0388
2591.7417
981.20233
6226.8994
2504.1323
0.0
1292.515
1679.3435
0.0
3793.5803
1332.2869
5851.7896
0.0
1681.0997
2684.1086
4338.4727
0.0
14624.78
0.0
2645.8823
0.0
1232.6567
1236.6156
5400.8086
4437.5825
2359.2715
2982.1694
0.0
2029.4584
0.0
1939.0525
1520.4606
1519.5771
12445.239
3278.5547
3831.1814
1584.0125
0.0
0.0
0.0
0.0
0.0
2285.8154
0.0
172.52338
3402.8728
2672.8518
2548.9866
0.0
1717.1543
1460.1357
10562.758
0.0
0.0
1965.6543
0.0
0.0
0.0
0.0
0.0
1890.9244
0.0
7434.366
553.57074
0.0
3052.6108
7634.619
4264.402
1691.1368
1155.1509
7859.7285
2530.3945
1878.1244
0.0
1621.2366
0.0
6026.6665
3322.4634
4705.712
2405.75
1847.6096
1403.5746
1339.7883
1791.1372
43449.78
0.0
0.0
15108.2295
0.0
3833.0593
0.0
0.0
1916.1035
0.0
2065.6514
1486.0668
1493.4089
0.0
0.0
0.0
2064.5334
0.0
21783.508
0.0
6656.5366
11248.438
0.0
8002.8174
4620.1934
1522.7
4566.144
1216.5852
1352.1362
0.0
1586.0615
0.0
0.0
0.0
1145.2749
1480.5043
0.0
2200.4207
3873.546
0.0
8878.255
1889.2017
1262.9587
1841.156
1981.1024
1805.4401
705.3527
1511.5093
0.0
931.65533
0.0
3149.4404
3377.184
0.0
1671.1089
0.0
4878.519
1164.035
4427.1006
0.0
3319.787
0.0
0.0
3971.288
1491.9675
10961.654
1502.1611
1388.6046
0.0
1151.4655
0.0
1203.5253
0.0
2426.9617
1314.0303
23241.232
0.0
5117.0557
2034.329
2307.8936
0.0
4295.8335
0.0
2001.0916
1578.863
0.0
0.0
1168.6815
14317.607
2600.6455
1086.622
1460.3958
1598.2091
3102.7722
0.0
2689.575
2825.364
2010.0652
17536.193
4310.1187
1695.6243
2619.812
9662.832
1450.2185
2317.6206
0.0
0.0
1642.3014
940.69116
0.0
1526.5995
0.0
0.0
1627.6372
6718.0645
3440.4026
4919.3857
640.93884
1697.3817
794.0682
2655.955
0.0
2413.053
1903.3346
4130.6606
23353.977
1880.3956
26633.96
2979.2998
0.0
3319.5098
3905.407
0.0
0.0
0.0
0.0
0.0
2256.0156
5705.6978
2015.1777
2945.4465
3944.1191
3100.4001
2130.5608
1454.9286
1887.8728
0.0
1934.7084
0.0
2535.427
2383.3623
20885.172
0.0
1112.7334
16828.955
3881.2065
0.0
0.0
27431.764
0.0
665.297
1508.6655
2047.9585
4568.376
0.0
4444.4023
0.0
1871.9109
0.0
0.0
0.0
3561.3125
1060.2456
2362.805
2210.8643
1261.9766
12063.209
2336.4521
0.0
1617.1243
966.53326
0.0
1032.7065
20886.047
3405.8296
36424.867
4156.672
0.0
0.0
1114.349
2035.7117
3500.0466
1723.5652
0.0
1545.32
0.0
2613.1565
3553.9502
1798.1049
0.0
1732.7717
2353.6733
2421.8503
2687.9004
4274.958
1195.0948
5128.8203
4609.8506
11481.308
0.0
7305.0283
2322.4468
0.0
1519.2424
1975.6136
0.0
2084.4548
0.0
12097.496
7637.4243
4025.8044
2443.0608
8473.553
3212.7668
2523.0776
2318.3916
1670.3937
0.0
0.0
16063.933
6004.438
3179.3618
0.0
2377.6772
0.0
2336.459
0.0
1654.3092
0.0
0.0
0.0
0.0
2010.7498
0.0
2154.9119
0.0
0.0
0.0
2089.5469
1971.944
1303.7384
1274.4956
0.0
1204.8848
0.0
1388.0295
4614.532
2508.8103
0.0
6235.9443
0.0
809.7108
0.0
436.43652
0.0
0.0
0.0
2383.125
1700.6459
10119.353
16891.521
3163.112
1904.6306
0.0
1903.9661
0.0
0.0
2670.0608
2494.4272
1669.5828
2197.3855
0.0
1192.0989
0.0
1634.9648
5570.718
3808.9277
1109.9633
3191.411
0.0
4527.093
383.53015
259.30936
1440.7336
1503.6743
1377.1483
2440.1785
0.0
4113.4575
0.0
1188.8933
15761.547
1495.5894
0.0
1801.491
1046.6726
0.0
0.0
0.0
2164.3345
5042.109
2724.9395
358.69586
3649.0874
11148.093
0.0
3380.314
1786.3488
0.0
3369.0205
0.0
1027.2524
475.87277
2832.0645
2582.308
0.0
0.0
1569.1057
0.0
0.0
1064.161
0.0
1554.0232
1865.4181
850.22345
6966.6323
3220.767
1611.1732
0.0
2531.4348
0.0
804.7644
0.0
9115.898
190952.55
0.0
9972.136
23130.54
1041.9945
1916.3582
0.0
1734.1552
0.0
1173.9963
1570.2711
0.0
3124.1514
0.0
1742.0276
0.0
0.0
2369.3552
2636.0754
1572.227
1654.603
0.0
3238.5977
1203.3003
32928.29
0.0
0.0
0.0
7334.371
0.0
0.0
983.3086
4284.826
30748.56
9488.446
1468.6924
1939.7115
4812.8438
3538.727
0.0
21398.975
976.8246
3971.3374
2598.2905
1366.1487
3318.4438
3549.2515
34186.734
3570.7637
0.0
1812.6177
2634.951
0.0
940.34204
2086.7734
1051.4054
1162.2844
1399.4226
0.0
0.0
2689.3584
0.0
1867.8889
2186.824
2318.5544
222.36203
5008.3076
0.0
0.0
0.0
0.0
2575.681
0.0
1865.1294
2643.54
0.0
0.0
0.0
42845.977
2473.6997
407.0302
1743.7439
0.0
0.0
0.0
1325.8577
0.0
1005.7655
0.0
1482.7136
0.0
0.0
1436.4513
15035.775
0.0
1124.7369
3898.1191
2122.59
2190.8372
0.0
0.0
1669.9087
0.0
29662.064
2107.5308
10911.447
25849.387
8801.362
1077.0334
5190.3765
2490.3567
0.0
1446.0261
10301.127
3073.3645
7580.4795
5987.5654
1542.8492
4857.551
0.0
2899.9873
2586.7048
0.0
0.0
0.0
1970.1677
0.0
4004.647
0.0
2631.6758
0.0
2694.9456
3082.9492
2247.458
0.0
0.0
1248.7104
783.6007
1845.9736
0.0
1763.2705
8708.228
0.0
11639.104
0.0
4551.2896
0.0
2467.3367
2039.7408
4445.219
0.0
14308.32
0.0
15913.659
2209.0586
0.0
1251.523
1283.5851
2207.3706
0.0
3139.9805
4509.3354
0.0
0.0
0.0
1715.5673
2302.7095
3197.275
0.0
16813.334
0.0
0.0
0.0
1339.835
2724.9934
5801.128
14897.66
7257.664
2077.1
1454.6099
19980.33
0.0
1503.3328
3867.8882
1112.311
1895.577
1381.2992
3876.167
0.0
2989.458
7744.5234
3299.5332
9286.914
6281.718
0.0
2590.4568
3010.8047
29411.766
3607.2192
1230.3135
3091.9756
1017.7805
0.0
19234.164
0.0
1301.5277
4264.588
15956.21
0.0
0.0
1133.8213
0.0
217.16895
0.0
3222.0793
3706.6135
3461.7063
3235.178
12157.055
959.7811
2940.2715
1762.5781
0.0
6066.769
0.0
5047.004
1703.611
4656.359
1650.4208
1467.5292
2210.9287
0.0
3029.771
2817.073
3950.741
2787.4358
0.0
0.0
0.0
2830.4077
3366.3506
1448.4733
1254.8556
0.0
3239.9653
1358.578
0.0
1866.7684
14507.646
0.0
12852.867
1935.2444
0.0
2900.289
0.0
10094.053
2213.5186
1328.199
9598.656
1119.7731
1640.4971
0.0
1349.2686
1277.7162
0.0
2390.7556
11838.535
0.0
1940.1804
0.0
2122.7275
27461.385
2003.436
7420.7324
0.0
0.0
4918.4033
2748.2197
4447.584
2442.3667
49378.977
0.0
1137.072
0.0
1912.9893
0.0
9631.559
1731.9402
5572.186
0.0
8010.604
0.0
0.0
3998.861
2623.5344
0.0
2714.1282
0.0
0.0
0.0
2811.349
3081.2947
1769.8042
0.0
1629.7979
0.0
24447.56
0.0
3474.023
1888.7979
1598.4696
2478.7864
2439.9001
4760.2163
0.0
0.0
2132.0132
2462.493
1075.4554
0.0
0.0
2695.161
19236.686
285.27094
0.0
0.0
3353.655
3120.4043
0.0
1392.9454
3803.4426
0.0
7812.3184
2886.459
727.198
1959.3395
1141.9503
0.0
2148.3696
1675.3704
4178.612
2770.0632
1816.249
5949.0527
0.0
0.0
1188.7705
778.4247
2806.2737
3050.0327
1830.1274
0.0
2166.2678
1391.6381
12833.975
4682.021
1506.7446
0.0
0.0
0.0
11472.454
1420.98
3385.0867
0.0
0.0
0.0
1946.747
0.0
0.0
4283.547
989.8464
0.0
0.0
2123.9502
4434.653
0.0
775.94635
0.0
34476.332
990.1167
0.0
1501.199
1718.9722
0.0
2618.0178
891.8985
0.0
2960.0728
2103.2395
1570.4232
3608.2085
0.0
3489.842
1364.419
0.0
1691.5334
1375.8517
0.0
0.0
3751.6943
0.0
26696.574
0.0
2003.3401
951.5349
2993.5105
1788.9648
0.0
1315.2843
1809.7561
1726.6571
4603.7812
3109.521
4854.2295
1892.9023
1589.3452
1832.9635
0.0
1533.9259
0.0
1072.6813
19527.316
0.0
2792.2454
4774.9556
0.0
1538.7966
3583.8179
2752.7522
1224.7017
54713.742
0.0
0.0
0.0
1720.7102
0.0
1299.4299
0.0
0.0
3196.5283
739.1788
9476.914
0.0
0.0
1478.142
47892.977
2523.2395
0.0
0.0
10629.42
3292.905
1643.7095
27482.371
2571.523
13098.074
3654.0828
58264.625
4936.2705
1718.6318
2609.243
1859.0557
2027.6284
11899.941
2334.3127
6262.2686
0.0
2099.5645
0.0
1159.4037
2105.452
1465.3911
0.0
1677.9867
3398.5938
1184.1389
1128.0071
0.0
0.0
1993.1677
1308.2787
2831.4995
1819.449
0.0
15860.217
2825.845
1760.9335
898.4535
7170.525
1872.834
5741.7144
0.0
5073.3584
1226.4049
3026.3416
0.0
41409.523
0.0
3430.4958
1424.5928
0.0
0.0
0.0
4900.2334
4379.774
7569.6606
0.0
7661.842
14037.184
881.5956
3050.9473
1355.4033
0.0
1770.4077
0.0
10378.227
2173.3823
1664.0757
1534.135
0.0
0.0
0.0
2600.1748
1806.1755
3544.1943
3230.3801
0.0
0.0
3557.8848
0.0
0.0
0.0
1794.5723
0.0
15768.415
1074.0107
0.0
976.48987
1644.419
1847.2344
0.0
2380.1023
14764.013
2503.753
1838.9424
2354.2656
2377.395
2247.773
1548.5574
0.0
0.0
0.0
1978.513
1546.5557
1262.872
1465.2954
21426.451
1335.6858
13044.468
2805.0684
1976.5615
907.7294
0.0
6638.7183
0.0
2217.656
2640.3506
1686.488
1331.5591
4755.946
0.0
2894.7266
1161.1315
2410.0693
7023.986
654.00885
0.0
0.0
1406.9047
14665.127
0.0
0.0
5041.9756
0.0
0.0
1978.0967
2368.3025
0.0
1454.7542
12119.035
3388.4326
1752.0894
1528.4058
0.0
0.0
197.52289
11886.685
3553.4624
1517.7004
1020.2076
2363.8726
4063.2476
6841.5156
0.0
1483.1324
0.0
7005.502
2416.2126
0.0
1212.8054
3162.4336
4256.106
803.20197
1354.4612
3478.4495
2269.0662
722.8093
6632.995
1873.6355
3053.5264
0.0
0.0
49618.195
4699.3516
5750.786
2131.2874
1485.0358
0.0
0.0
1417.7015
4840.6357
0.0
0.0
986.9133
6830.6953
3541.6475
2436.9292
5687.9893
14210.598
3184.3538
1413.5328
2944.4246
0.0
0.0
1153.5223
5229.4443
2592.632
2268.1865
3700.3252
1859.9102
6381.8193
1522.223
0.0
2671.834
0.0
0.0
12414.816
0.0
0.0
1636.8185
0.0
0.0
0.0
3045.765
1021.0005
2627.3423
1862.6257
0.0
1106.4319
784.4647
1904.0779
10648.906
1397.5967
0.0
2098.9263
3866.5078
12572.392
0.0
1469.5151
0.0
0.0
4660.115
757.99713
6220.537
2014.306
16865.758
1232.8662
0.0
2820.8792
1269.6926
1570.1936
4444.5776
1664.6152
2970.7178
2903.8628
2188.5164
0.0
923.9696
0.0
0.0
0.0
4484.535
2736.8896
1125.6765
2002.5859
835.9882
1817.9814
0.0
1859.7969
3993.4453
0.0
1276.2959
0.0
1951.4163
2205.43
0.0
0.0
0.0
1988.6096
0.0
1388.1519
1247.253
0.0
0.0
0.0
0.0
0.0
1496.6049
1736.668
0.0
308.21176
1159.8774
1809.0643
4132.638
0.0
2403.5347
8538.623
2205.2063
0.0
4153.292
0.0
0.0
882.5198
1730.573
0.0
2626.7324
0.0
1162.256
0.0
0.0
8994.318
0.0
1702.0747
2439.128
1642.2026
1281.0745
2866.956
1032.7017
807.02637
0.0
2217.5886
1233.2932
3231.9019
1030.6716
305.69037
0.0
2289.7505
0.0
0.0
3886.4236
2732.299
0.0
1545.326
13650.42
0.0
1803.0785
843.359
1568.1093
10623.268
3893.1733
2555.5886
0.0
0.0
0.0
1693.4602
49.52997
0.0
3399.8694
1482.2765
1283.1069
1475.1073
19687.518
0.0
1118.1898
0.0
1850.1892
5317.1133
0.0
0.0
0.0
0.0
2088.8367
2802.6475
0.0
1671.1372
2459.0771
2760.5261
758.3431
4498.972
0.0
0.0
1384.4646
0.0
1111.4375
1737.3582
7140.0474
1863.7605
0.0
3100.736
1494.571
2181.4
4342.2183
0.0
0.0
328.42102
3280.7969
2159.2922
4496.1924
3205.205
2584.7715
3991.6646
0.0
1543.6628
0.0
2156.7615
1072.197
1428.0546
0.0
81517.97
1080.2102
2943.4604
1721.4131
1972.5548
4018.879
0.0
2225.7344
0.0
1707.8136
0.0
4143.6846
3503.768
1494.5161
3075.4045
0.0
23660.424
0.0
1751.3385
4445.3574
7578.827
0.0
0.0
1128.0537
2087.3467
0.0
1244.3562
0.0
0.0
38360.117
3756.4756
5145.0923
23853.121
0.0
1800.9698
1676.3197
0.0
3927.2773
0.0
1656.5944
2872.8079
2038.2585
0.0
0.0
2454.687
5717.31
4180.83
6437.7573
0.0
2889.415
1060.4331
2808.3677
4146.2485
0.0
11503.721
4305.869
1452.908
0.0
1698.256
2541.7373
1609.1199
0.0
13553.631
5025.5854
1301.8188
1474.2263
1484.5193
3283.7466
8924.565
0.0
0.0
2111.2144
0.0
0.0
173.14053
6170.921
2799.9917
4950.6885
2342.4204
1316.6826
6138.876
1727.8826
6445.837
0.0
0.0
1814.4946
5102.103
2663.0222
0.0
4196.884
1553.5356
2251.4214
31058.8
0.0
3783.7156
1857.9514
1781.8801
0.0
4559.1567
2362.886
1306.9244
0.0
2922.191
1613.6128
0.0
2984.4915
0.0
11828.912
5254.609
0.0
3485.793
0.0
3381.9302
3527.4673
1653.0227
7031.409
0.0
1058.6649
0.0
4178.6143
25239.281
0.0
0.0
1911.8717
1125.848
1175.8944
2295.2363
4482.6763
0.0
0.0
1918.2715
3760.2708
1382.8351
0.0
1494.6073
1536.4514
3368.3013
0.0
4314.394
0.0
74905.97
13791.856
1637.2549
1983.0588
0.0
2122.2969
0.0
0.0
0.0
3022.9407
35101.645
1197.532
1851.1831
1440.7136
760.7628
26401.037
3568.2021
0.0
0.0
0.0
0.0
1480.4923
0.0
510.97266
1685.4167
2389.6414
0.0
1591.2181
13897.651
2450.6123
0.0
3792.691
0.0
0.0
0.0
4559.5806
0.0
0.0
3368.8872
1197.0708
4170.466
3709.1475
0.0
0.0
3503.1597
4725.242
2436.8088
3300.9395
0.0
15621.739
0.0
0.0
2133.0427
1328.9608
0.0
906.01245
64925.863
0.0
1390.0804
2129.941
1827.8606
0.0
1678.777
2197.8384
0.0
0.0
7044.605
0.0
1039.2316
2115.2717
0.0
0.0
11991.809
2391.312
1600.7891
1512.6846
1937.2695
0.0
0.0
3201.1553
2804.4387
5522.5493
0.0
1730.6283
1731.222
999.1249
1124.5186
2692.545
3394.1313
4378.205
0.0
0.0
7864.258
4274.3613
995.8123
0.0
0.0
0.0
0.0
3013.9702
917.65375
792.0729
0.0
1917.4678
1214.4701
3387.0784
2350.0972
4324.8315
2620.9194
23465.473
1248.4312
9052.917
1939.3933
13483.173
2340.4321
2825.9993
1927.4292
1466.2231
1749.5944
1377.6204
1486.4799
6204.745
0.0
0.0
0.0
1124.7678
3193.188
2217.0325
2117.3994
0.0
2499.2273
932.1518
1866.9093
789.73236
0.0
2492.3035
2231.869
0.0
4334.951
0.0
0.0
0.0
0.0
0.0
2791.7969
0.0
0.0
5598.103
4475.871
1697.3086
0.0
0.0
983.6966
2729.5085
0.0
1406.2158
717.02795
1599.1824
0.0
5552.912
1504.3071
4172.5225
0.0
0.0
1667.9987
1173.3772
2280.291
4085.4487
1722.3511
1269.5592
23063.047
0.0
45200.63
815.6782
0.0
0.0
0.0
3229.747
0.0
5342.333
2336.9138
1434.4886
3584.1138
4625.378
3676.7222
2816.8433
0.0
3954.146
1056.7822
0.0
1755.2561
4236.1685
15897.566
0.0
2603.9766
0.0
1976.9567
1274.3181
23988.074
1956.499
1883.6162
3164.2097
5961.697
1530.9756
1349.024
0.0
2800.3647
2398.4292
2584.8208
0.0
1713.4473
0.0
1438.373
0.0
791.9627
0.0
0.0
5230.3306
0.0
0.0
2684.4797
12485.716
3666.607
5677.5405
2716.8066
2171.9966
3504.9094
13090.939
1385.0376
0.0
0.0
4192.872
0.0
0.0
2339.397
2510.7441
11509.172
21148.271
0.0
904.13617
0.0
0.0
0.0
0.0
0.0
1356.8062
3333.6406
4550.116
15813.408
0.0
0.0
0.0
955.7365
2207.3025
3871.4575
0.0
3014.9617
0.0
0.0
4458.463
2074.4783
1895.4683
5159.739
0.0
1692.1768
0.0
884.572
6769.6226
2627.075
0.0
0.0
0.0
3774.8801
0.0
0.0
3798.115
0.0
2033.9165
1807.8209
0.0
0.0
0.0
0.0
3507.0176
0.0
0.0
24220.586
0.0
15318.328
1709.3171
1628.4777
1991.5496
1519.7595
1149.4609
1800.4509
3011.3318
5196.2085
0.0
9351.522
1098.7192
2538.046
0.0
1217.3771
7548.877
0.0
0.0
3851.2847
4867.2393
1075.1741
0.0
3357.8035
2720.8906
2254.279
0.0
0.0
4542.888
0.0
0.0
0.0
0.0
8993.519
1649.9729
1335.3403
2629.9797
922.74194
5565.4336
0.0
1952.0194
2111.8845
1381.7686
1727.5037
0.0
10237.992
0.0
0.0
0.0
0.0
20716.023
1189.8203
2554.8877
6207.669
0.0
4913.6226
4696.9976
1203.1809
3516.915
8142.849
0.0
0.0
1462.1033
0.0
0.0
35222.56
1991.5195
0.0
1501.9806
4033.5237
1856.8131
2959.4668
1659.7792
8571.456
2239.9841
0.0
1530.2456
2095.5752
5198.3833
1155.7174
0.0
2700.38
0.0
0.0
737.79333
0.0
1169.2795
0.0
0.0
0.0
0.0
909.5681
0.0
0.0
1056.9352
1742.9778
4543.5176
1968.9255
12774.216
0.0
15859.156
0.0
5659.462
0.0
826.93677
1673.775
27906.018
1471.0223
0.0
3517.7563
2582.8179
0.0
1059.5419
0.0
3392.0063
7920.0977
0.0
6645.071
0.0
3679.7373
0.0
0.0
13246.131
0.0
0.0
1721.6759
0.0
0.0
747.3389
3308.6301
2381.999
0.0
59637.14
0.0
0.0
1865.5308
1101.978
0.0
2132.489
0.0
3289.5818
6366.7783
311.54608
8262.311
67079.28
667.3839
6810.889
2446.8083
4908.796
0.0
1677.5074
1943.353
789.2481
0.0
0.0
0.0
0.0
772.4061
0.0
0.0
2152.777
3386.0054
13229.021
1392.9062
1006.13214
2925.4302
21587.31
18549.951
1257.0538
0.0
2716.4282
0.0
5655.0854
0.0
6367.128
3515.9075
1721.6115
2426.8057
2928.8713
2380.5942
1142.5028
0.0
1848.7401
7099.1206
1469.3092
1148.8284
0.0
2081.5828
0.0
0.0
0.0
3536.5042
0.0
795.6506
895.1867
18442.996
1464.1753
634.9039
0.0
1924.1804
27185.252
8788.121
0.0
0.0
1371.0725
2367.9287
3317.2554
0.0
0.0
0.0
12118.188
2298.4473
0.0
5456.4595
2670.9932
1933.2954
1487.2948
1968.148
4345.915
1642.0374
4413.1143
5187.5483
582.0849
0.0
1464.1238
2799.5754
0.0
1601.8398
0.0
0.0
2407.0933
4511.673
1151.4591
2683.4248
1708.7798
12009.517
11170.13
0.0
0.0
0.0
0.0
906.52673
3320.5977
0.0
0.0
0.0
1185.5203
0.0
1561.7122
10664.122
1943.9926
2318.9004
5815.6074
3950.2566
0.0
1533.8176
0.0
1363.1743
244524.45
16323.049
0.0
0.0
1574.1833
1319.4014
8681.938
2252.2856
5312.7646
0.0
3761.1833
0.0
1547.8934
4722.4487
0.0
0.0
8688.991
1617.454
2601.0999
0.0
0.0
2475.5972
1837.6646
1801.4786
6864.2266
0.0
0.0
1587.9495
0.0
20983.945
0.0
13324.701
6728.9697
1259.0775
0.0
1747.0024
1688.6001
2208.9907
0.0
1130.3833
0.0
0.0
2113.6846
0.0
0.0
0.0
1566.2539
1870.7697
4043.3074
0.0
2039.834
3644.0813
1890.4255
2742.9226
5490.037
5188.395
0.0
3997.0193
0.0
3087.6038
1351.1526
1385.5209
3907.7622
1503.7954
0.0
0.0
0.0
0.0
1772.1556
1372.3391
0.0
11820.275
2565.2212
0.0
1731.2327
1251.2738
1944.6008
3236.063
1233.8776
810.93896
0.0
1564.2068
22496.545
0.0
1645.3723
0.0
1207.8259
2134.3901
2438.457
0.0
2990.8574
1623.2925
0.0
0.0
2750.8716
895.66394
31651.877
1239.2441
0.0
3824.6042
1041.3348
1306.2385
2574.7017
0.0
12063.335
0.0
2616.1213
3126.657
0.0
13254.006
3795.7537
17770.44
1005.44965
13588.396
4019.9082
0.0
4347.4194
3490.3496
968.9613
0.0
0.0
0.0
1652.5217
4115.039
8566.593
7960.324
5503.6494
2053.1118
1330.56
1509.2018
1046.4073
0.0
0.0
0.0
2059.1108
2478.7559
1715.4722
0.0
0.0
3686.6792
3253.1667
3346.2812
0.0
2539.446
0.0
2296.5837
1163.1254
1049.7333
4055.9548
0.0
1674.7358
794.57
2363.3398
0.0
803.17365
0.0
3398.8066
9156.374
0.0
3234.7996
4072.057
2157.066
0.0
1703.3003
2725.4968
4438.399
0.0
0.0
1447.6267
6240.814
1583.1184
3872.2483
0.0
2499.4878
1810.5919
2983.7007
0.0
1378.9243
6172.7305
0.0
1812.448
0.0
3011.6562
2747.2368
3756.7832
2339.0664
4376.0825
3137.3953
1550.0565
1808.0383
5295.578
4773.686
2772.0332
3209.293
2397.9346
5858.7534
2449.23
0.0
17536.488
1441.6707
3090.1077
2437.457
648.9209
5178.342
0.0
1795.0176
108525.016
0.0
1301.6093
1619.4523
0.0
1649.8518
0.0
721.9892
987.0974
2423.8435
4116.0176
0.0
2766.2705
0.0
0.0
0.0
2136.0898
4535.877
0.0
0.0
175057.66
0.0
0.0
0.0
1125.3177
0.0
0.0
0.0
6936.283
1283.9062
1752.372
17906.79
139982.53
0.0
0.0
1181.7225
3105.397
23291.074
0.0
0.0
0.0
0.0
3600.903
0.0
0.0
1306.9668
4091.4678
0.0
0.0
0.0
0.0
3423.2144
1101.6882
7522.6763
8911.597
4653.326
41053.594
0.0
5264.915
1561.4136
0.0
1064.9545
2801.2175
2422.164
92221.516
0.0
2504.172
23878.105
0.0
5881.4097
0.0
1422.1482
1175.7034
1539.7184
3834.0215
1834.8765
0.0
3679.4158
2267.8862
0.0
0.0
0.0
0.0
1555.0278
1290.824
6359.1396
0.0
2080.124
0.0
4267.3135
7967.3965
1903.1206
2357.7651
316.1882
1455.1138
3953.2383
0.0
1916.1433
1372.3665
1549.3038
845.6566
1217.1652
2491.24
58421.29
3727.71
1919.1746
0.0
6041.9014
2693.6213
0.0
0.0
1399.3918
7298.5938
0.0
1464.0879
2930.7954
0.0
3236.672
969.6397
0.0
3864.1882
0.0
3041.0088
45120.633
0.0
1938.3401
3902.0066
6360.4443
0.0
0.0
1783.6753
11182.98
0.0
0.0
0.0
1505.5157
0.0
1191.5425
2642.1501
1436.7561
0.0
0.0
0.0
0.0
1609.6753
1419.5391
3076.3872
2175.249
7609.1533
2757.8523
0.0
1599.1986
3955.2344
0.0
0.0
5306.7495
10245.249
4700.252
0.0
0.0
1422.7269
2488.9917
0.0
2056.6028
18373.975
0.0
2014.7921
2431.3892
1359.5579
1578.6622
1479.6127
1889.812
2125.8374
0.0
1374.2031
3634.336
4365.2266
1368.3849
958.7374
2207.48
0.0
2744.0107
939.846
2792.7568
5468.744
13694.607
0.0
2251.4897
947.2755
0.0
0.0
2240.9753
0.0
3143.7683
7786.8945
0.0
7666.839
0.0
3095.4634
1562.2484
1462.0585
5465.4917
545.7329
1729.9412
2605.6287
5047.0933
0.0
3782.2954
3267.3416
3188.934
0.0
0.0
1754.295
0.0
3369.5679
0.0
1779.7493
0.0
0.0
0.0
13000.957
3605.9775
0.0
6085.9863
3687.7017
0.0
1746.8002
2484.6
0.0
0.0
4626.089
3714.645
3925.091
1930.8994
0.0
5281.7
827.51135
2851.059
0.0
2612.983
0.0
0.0
0.0
2386.5342
0.0
0.0
3870.7437
1377.4503
0.0
0.0
1397.7256
3029.5967
0.0
6732.8945
4281.55
2885.7798
0.0
914.82336
0.0
1909.16
0.0
0.0
805.35693
0.0
2292.5032
0.0
4135.554
0.0
0.0
1036.3387
0.0
2472.0005
0.0
68607.32
1230.7915
18724.213
0.0
1526.7805
1336.9138
3114.1523
28730.477
0.0
1812.5487
1948.7249
0.0
0.0
26812.287
0.0
2133.099
0.0
0.0
1522.2086
0.0
0.0
0.0
0.0
0.0
3666.5947
0.0
16226.564
16030.609
2309.847
2316.8843
3343.4937
1968.2937
0.0
0.0
1861.4286
0.0
2484.5315
2411.1787
2276.9463
3219.1355
2040.7925
5948.398
2370.9053
1512.511
1551.8882
1900.754
2591.9048
0.0
0.0
5963.1123
0.0
2980.6282
0.0
2633.3298
1074.7793
3976.23
1384.4115
3020.3499
1203.1616
3492.3953
3297.879
2132.451
2242.78
3355.991
0.0
3001.4521
0.0
0.0
5288.2163
6046.2085
3590.706
11575.735
0.0
2750.6992
0.0
1016.8957
2879.331
4560.7124
2470.0986
2594.221
0.0
1635.5422
132390.19
1605.0106
0.0
2128.0605
9246.53
0.0
1883.9225
663.7517
2082.3271
2039.5969
0.0
1847.2908
2439.4402
0.0
0.0
1090.0122
826.5752
10220.103
2511.555
1356.4518
3078.2952
0.0
0.0
0.0
4567.915
1745.748
1835.9125
1478.9453
62451.03
1200.9893
3682.6467
0.0
1211.7396
2968.7852
1563.2617
1452.8866
0.0
0.0
0.0
0.0
108595.586
2523.4282
3844.1208
11589.494
0.0
2195.7842
1386.8245
6026.015
1711.0479
0.0
1803.9989
2505.1475
1218.9846
1742.5206
7007.616
0.0
3532.1514
2042.6512
3909.3691
1803.4797
3562.3472
1556.9252
0.0
1518.7621
3545.5728
4123.269
6622.0674
2565.0757
1809.3527
1122.8889
100086.664
2334.055
6354.7676
3756.8281
0.0
16803.553
0.0
694.8557
0.0
0.0
2505.223
