0.0
0.0
0.0
0.0
1521.4592
0.0
0.0
2641.127
1710.9038
2829.2346
657.5542
6089.4355
12261.902
0.0
1574.0287
2186.7551
1685.6217
4899.1523
5411.8677
0.0
0.0
0.0
1152.6914
1294.8137
4242.3203
0.0
22999.48
7726.3677
0.0
3925.811
1394.9185
4958.03
0.0
2249.732
0.0
0.0
7223.087
0.0
0.0
0.0
6077.193
2171.4631
611.5624
0.0
11440.664
0.0
0.0
6080.866
0.0
0.0
2275.683
2366.016
0.0
3831.051
998.3407
0.0
1436.2893
0.0
0.0
0.0
13091.79
0.0
7706.2183
4437.175
0.0
2585.9402
0.0
0.0
2515.7554
0.0
3131.7847
1224.3054
0.0
3849.7163
0.0
2561.7964
1556.0964
5415.8325
1779.3595
5758.1294
0.0
818.82837
0.0
3322.8857
0.0
7813.9277
0.0
4646.947
0.0
0.0
0.0
1408.5929
0.0
1445.0776
4463.278
1306.1157
4012.18
1538.7993
0.0
7601.7393
0.0
422.3081
0.0
2229.2507
2227.5737
27675.838
4033.0732
2320.9253
1611.0151
592.8615
0.0
0.0
1672.347
11615.361
0.0
0.0
0.0
6409.889
0.0
0.0
18882.957
1652.3394
4938.3467
2789.1272
10561.322
0.0
2103.128
1665.7717
3844.6953
2992.1343
5455.634
1316.3533
5370.4805
3336.565
0.0
634.344
6054.325
0.0
58.09607
5554.003
3118.1516
0.0
12380.764
867.82764
1632.1215
12933.191
0.0
0.0
1056.8088
2472.7468
6134.449
91.36195
5011.7476
974.58044
2255.784
0.0
0.0
1432.2034
0.0
0.0
0.0
3327.9639
24863.465
0.0
0.0
0.0
0.0
0.0
11972.521
0.0
0.0
0.0
5082.663
5029.8247
3887.3643
1111.0396
2287.6597
2628.9868
8008.497
0.0
0.0
2344.62
0.0
3757.363
0.0
2374.0137
0.0
0.0
6670.968
27447.084
7047.8438
10461.854
14108.574
1120.386
1446.2959
0.0
3381.7917
902.4842
3224.9534
2113.0962
4203.447
0.0
0.0
1468.753
1281.4832
1670.2617
0.0
3167.895
12782.163
0.0
1336.6215
1593.8215
7142.133
6690.9385
0.0
2319.684
0.0
6266.9604
0.0
6374.949
0.0
0.0
0.0
9817.512
0.0
28.096474
0.0
1021.46936
0.0
7309.772
1587.0693
0.0
0.0
0.0
34588.832
1484.3762
0.0
9235.18
0.0
3920.659
1878.4329
0.0
10259.441
0.0
16408.799
1196.9653
0.0
1109.6096
1245.4153
0.0
0.0
1128.953
0.0
9853.825
4521.132
0.0
0.0
2081.494
3413.9836
0.0
5009.427
266.40262
14082.695
1002.7362
3001.4321
11587.279
2677.3374
16952.527
0.0
4920.8896
0.0
3521.243
7286.666
2731.1265
610.3523
0.0
0.0
6732.586
0.0
7666.208
2273.7283
3335.4424
0.0
0.0
0.0
21698.828
0.0
0.0
47190.812
0.0
1901.8595
0.0
6611.453
0.0
1809.853
2130.2249
3749.4954
0.0
0.0
0.0
1086.2719
0.0
0.0
1457.5283
0.0
0.0
3850.924
1659.8667
0.0
1957.3962
2714.7988
1538.4568
3262.4722
0.0
3860.985
0.0
0.0
571.1243
0.0
4960.162
0.0
0.0
6486.0107
4798.6055
10820.589
0.0
2257.2239
1038.334
0.0
0.0
0.0
898.0304
2295.3696
31838.133
0.0
0.0
525.75714
0.0
0.0
1648.409
0.0
0.0
7137.653
0.0
0.0
2332.6702
4797.9395
0.0
0.0
7408.496
38900.906
2625.552
2437.0305
1601.7672
5003.342
1360.8512
1983.8765
24999.035
0.0
0.0
15723.38
5264.1006
5335.5513
0.0
5090.293
3202.5547
0.0
308.2238
1520.2263
0.0
0.0
4471.7695
0.0
1417.612
2579.302
0.0
0.0
3809.5957
0.0
0.0
379.74774
8582.42
0.0
724.8581
1054.3264
0.0
7481.6973
2122.9326
3460.51
0.0
0.0
0.0
0.0
0.0
1316.0674
5706.286
0.0
3452.7002
2611.6023
1434.7092
2958.5212
0.0
861.0296
0.0
3895.1787
0.0
2901.9211
0.0
4358.684
0.0
3046.7468
0.0
2736.6382
2780.1902
0.0
1334.5916
0.0
0.0
0.0
2492.4065
5364.698
9589.386
0.0
0.0
2337.089
3864.3223
764.25464
653.58997
0.0
1424.1597
0.0
0.0
659.9465
2538.6716
5812.96
0.0
0.0
0.0
0.0
898.35046
0.0
1411.8143
0.0
0.0
0.0
3609.7883
0.0
3350.1763
0.0
0.0
0.0
2519.2114
0.0
2227.1875
5374.937
0.0
1907.1471
0.0
0.0
8469.321
1382.195
0.0
0.0
5217.202
4777.332
0.0
3300.2024
0.0
0.0
0.0
674.7822
17936.832
8061.255
5696.71
11980.522
6062.1045
2390.4648
2300.199
1922.7723
0.0
1654.4305
0.0
0.0
0.0
3316.2695
2433.6372
0.0
4593.635
2961.137
4485.165
2447.6306
4743.426
2466.3752
0.0
0.0
4465.1074
0.0
964.6163
2027.9602
4330.4307
0.0
2287.235
4994.993
1205.2075
0.0
0.0
0.0
0.0
0.0
0.0
1480.5547
0.0
897.1838
0.0
4723.644
0.0
0.0
6641.127
4251.8833
0.0
0.0
2265.2231
16745.33
2006.8657
730.3817
433.9615
2841.7063
0.0
1539.9604
13447.711
3363.4849
0.0
7839.7256
4812.5146
0.0
2680.0017
0.0
5317.5894
0.0
0.0
8715.952
0.0
4559.71
5666.3877
2377.9321
6025.9893
2724.4324
0.0
0.0
0.0
1040.1533
0.0
0.0
914.2151
2688.2346
0.0
4444.4497
0.0
2556.3438
2840.495
3663.7178
967.5193
1715.7987
0.0
0.0
6125.9326
1524.0511
1967.2517
0.0
0.0
0.0
0.0
2622.5066
3154.2007
0.0
4808.358
3829.1255
4691.7446
6693.5674
0.0
0.0
1892.9111
0.0
0.0
6805.509
0.0
3447.421
1157.6097
2558.7405
4970.033
2475.8342
5143.8896
2424.047
9729.992
4916.308
1478.5505
118803.336
2110.6118
0.0
17210.682
0.0
1495.9674
1667.7162
0.0
0.0
2630.5215
0.0
0.0
2679.3218
7052.781
21820.594
2664.7637
0.0
0.0
19429.47
1531.3821
0.0
9257.325
0.0
0.0
4183.8145
0.0
10201.238
6706.337
0.0
1002.60516
4095.398
0.0
0.0
0.0
3087.908
0.0
10681.109
6875.909
2640.9695
920.27167
0.0
0.0
0.0
0.0
0.0
0.0
1395.0472
2878.8674
1055.3416
5165.296
0.0
0.0
0.0
2317.5225
617.9341
0.0
4003.996
1269.9685
2982.1765
0.0
0.0
0.0
2953.9424
1432.0369
1061.0007
0.0
3465.2104
2469.4644
25064.281
0.0
3593.4011
16149.26
2199.4592
1919.0574
1722.9708
0.0
0.0
1820.7875
3362.5513
0.0
7014.8135
0.0
0.0
4244.4
0.0
0.0
0.0
0.0
1745.4768
1262.186
0.0
1341.565
0.0
8034.8784
1482.7219
0.0
216.90857
0.0
1530.0267
0.0
5742.7266
0.0
0.0
0.0
949.41797
2396.515
1884.2748
20087.738
0.0
3645.9822
1848.735
530.5813
0.0
12422.241
5209.1787
2891.4648
8488.785
6234.294
0.0
5943.0493
0.0
0.0
5262.234
1287.1729
1489.0046
2039.0933
3242.101
0.0
3784.0093
3059.5073
0.0
7975.744
0.0
899.7361
1055.484
12526.393
1265.738
2445.999
0.0
0.0
3188.106
0.0
1449.3171
1714.2845
8550.603
2252.2637
288.7428
38185.78
9976.403
0.0
4196.61
2611.969
0.0
1177.6746
0.0
4366.625
0.0
0.0
1511.2449
0.0
3757.0474
7765.481
0.0
3779.3599
0.0
1195.7246
6155.9136
1709.0626
4624.748
2378.5723
2277.0376
2115.574
0.0
21129.508
5928.2554
31971.912
45383.742
0.0
4301.9253
0.0
727.346
0.0
1082.3807
2189.4275
0.0
10136.348
55.95233
5393.34
2823.4573
1389.3811
1403.2509
0.0
0.0
6280.923
1211.5975
0.0
1398.8162
0.0
0.0
0.0
5865.094
0.0
0.0
959.0353
0.0
1467.9371
5674.15
1212.3899
1618.9828
2923.8838
1138.5647
0.0
1164.1573
3129.564
5580.33
5628.202
2313.599
755.828
0.0
0.0
2744.889
0.0
0.0
3415.7678
12001.595
0.0
0.0
37301.96
8824.998
0.0
7585.457
3901.8123
0.0
0.0
3083.5
3061.2258
1522.5801
0.0
3082.9133
0.0
0.0
0.0
1466.2952
0.0
1204.3303
2465.223
736.1121
12823.729
0.0
0.0
0.0
0.0
0.0
0.0
11002.955
23419.076
48025.68
6481.7476
0.0
5912.4746
3250.4888
2616.1294
0.0
0.0
0.0
3014.6357
0.0
0.0
5479.101
870.1812
0.0
29488.803
0.0
1530.1346
0.0
1876.1935
5842.4946
0.0
0.0
3205.7495
2074.026
0.0
3512.9978
7651.898
0.0
1550.2847
0.0
0.0
3158.699
0.0
6513.0825
5774.4424
0.0
0.0
0.0
7985.418
29050.303
0.0
772.3368
1785.8176
5251.961
1460.5969
2956.9053
0.0
14442.439
2049.2363
1949.5452
1071.1233
0.0
945.04816
0.0
0.0
0.0
2408.167
0.0
0.0
2481.9531
5446.2583
2179.537
1282.2349
0.0
2243.6465
2590.2812
2613.848
1286.298
0.0
5078.63
0.0
2898.6367
0.0
1824.0413
0.0
4661.4604
9519.625
0.0
5421.5205
1210.9495
3050.756
0.0
0.0
0.0
0.0
26701.535
1735.9171
1520.9556
4156.1265
1392.9883
0.0
0.0
0.0
1304.8088
5091.0654
1003.8926
6279.4766
0.0
1025.035
0.0
4848.045
1322.8425
1680.728
9760.214
0.0
0.0
7115.4766
8124.29
0.0
0.0
20934.41
0.0
0.0
9777.258
0.0
0.0
6617.2466
0.0
0.0
0.0
1409.5564
29960.32
1895.1665
4019.6265
47588.164
6669.206
0.0
0.0
1173.6766
261.07468
18512.818
1246.2983
3606.9702
7719.081
0.0
3921.7527
0.0
0.0
3715.5789
0.0
0.0
0.0
1072.3403
2042.812
0.0
9802.78
0.0
0.0
1468.4441
5690.569
0.0
0.0
0.0
0.0
1165.1066
2260.0684
7929.6816
13635.869
0.0
1491.7205
0.0
0.0
0.0
4490.5874
0.0
0.0
1585.5613
4205.7793
0.0
46419.97
0.0
0.0
3192.7202
1874.5914
1974.846
3481.101
1426.6204
0.0
0.0
0.0
2190.6633
11331.276
15469.875
2981.2842
544.02856
13014.826
0.0
1669.0542
3122.9463
0.0
0.0
0.0
2953.056
3851.8096
1193.9802
0.0
0.0
1049.0868
0.0
4385.4873
1170.2825
0.0
3491.5051
20314.258
4459.0425
0.0
3711.8823
10223.519
3030.7485
9153.207
0.0
0.0
0.0
0.0
3198.0833
385211.72
4910.7686
0.0
0.0
0.0
0.0
1133.5334
2644.4668
2960.878
0.0
1919.6736
29199.049
4140.231
3426.4014
6106.5557
0.0
0.0
2271.9363
2577.0474
0.0
4845.3926
17347.49
2009.731
0.0
0.0
0.0
1027.6875
0.0
4671.4185
0.0
0.0
0.0
5760.2993
1167.8855
0.0
262.02255
0.0
5979.3677
1862.3396
1297.2859
0.0
4788.5513
1582.9775
0.0
8617.527
0.0
2755.8633
0.0
0.0
10153.459
1820.3323
0.0
220.26143
17180.799
5041.7275
0.0
1333.4609
0.0
0.0
1254.3296
5215.5166
8362.542
0.0
0.0
0.0
673.68427
0.0
0.0
0.0
0.0
8456.84
0.0
0.0
0.0
2622.46
5337.577
2217.1814
2406.398
0.0
11515.299
0.0
1115.1338
784.5332
0.0
1404.0266
833.027
3784.974
2557.485
0.0
0.0
7359.449
1706.8545
23796.03
0.0
0.0
0.0
1407.1077
0.0
1814.2882
0.0
0.0
1939.748
0.0
1207.4062
3026.2395
1293.2631
889.97345
0.0
0.0
3045.081
1348.5684
1156.1616
0.0
5492.894
1521.2992
58736.633
0.0
0.0
0.0
0.0
0.0
2500.8896
1992.7921
16109.707
0.0
2728.0728
3207.5923
0.0
0.0
0.0
36189.83
8019.262
2968.6917
3579.2754
0.0
0.0
0.0
7094.2695
4150.108
3923.4058
0.0
86.87018
1746.0066
1163.0205
10448.6455
0.0
5846.822
7963.284
1651.9244
2480.591
2802.2239
0.0
0.0
0.0
641.928
0.0
2083.876
0.0
0.0
10486.988
689.19995
3387.3376
3999.36
4247.9326
3151.8184
3861.2136
2262.5088
6417.0537
6713.0776
1481.9216
10686.7
0.0
2214.0852
0.0
1146.4277
3602.0386
2799.9392
0.0
4743.023
125432.84
3115.9963
2871.3962
0.0
10696.179
1559.8044
0.0
0.0
0.0
3842.8481
0.0
0.0
0.0
28317.883
2449.628
0.0
0.0
4028.4497
10939.255
0.0
0.0
1651.8573
0.0
753.76025
1122.2443
2941.7676
0.0
3822.544
1529.9333
5977.323
1460.6677
2043.5658
0.0
0.0
5995.3936
794.7734
0.0
1802.8057
0.0
0.0
0.0
0.0
0.0
6551.639
0.0
3231.4924
0.0
3718.639
2506.0127
0.0
0.0
1038.174
0.0
0.0
1059.6547
0.0
3686.2568
0.0
2341.565
7333.212
2788.2507
20830.287
302.9731
2289.4146
7927.615
0.0
4667.0615
3497.3574
1228.965
2620.2136
9507.767
0.0
4543.1357
2489.4983
3432.1533
3007.025
980.81824
754.59705
17569.18
924.9232
0.0
0.0
0.0
0.0
963.27216
4876.985
4550.469
1317.2178
5841.328
982.9957
5327.2197
5462.3516
0.0
0.0
3016.1152
4975.5527
2468.6052
7674.6387
904.96155
0.0
0.0
7167.1104
980.44867
5185.8516
0.0
4189.3105
0.0
0.0
0.0
0.0
6405.6387
0.0
3225.5923
21734.94
11938.236
423.20966
3557.8923
0.0
2440.6711
0.0
3993.8447
1585.506
6290.179
2456.7456
10143.833
2304.0579
1371.1545
0.0
0.0
1323.6505
2108.8152
1111.7545
2984.273
821.56885
15598.664
0.0
3430.0566
0.0
14645.049
1366.1868
2351.4875
0.0
2998.7637
2844.3948
0.0
0.0
0.0
0.0
0.0
19569.496
0.0
0.0
977.0487
0.0
0.0
21881.512
12137.111
4898.7964
1712.4578
2903.3635
0.0
2001.9116
0.0
0.0
2569.0889
3811.5547
4155.2227
0.0
0.0
0.0
1559.9343
0.0
12163.586
7076.772
1474.504
0.0
5549.837
0.0
2585.8694
1914.6099
3034.9763
2068.3594
0.0
0.0
1728.3712
1484.1755
0.0
3549.276
1824.7742
815.77045
5435.0986
0.0
1412.2992
10770.011
13089.152
1508.8215
342.9923
5110.681
1118.1179
10849.494
1237.5946
5573.137
3361.1274
4470.751
1020.15125
1109.8102
9094.762
0.0
826.0491
2183.201
0.0
0.0
1427.3447
3502.302
2689.611
0.0
0.0
0.0
0.0
1363.9618
2972.6675
0.0
0.0
5144.4053
0.0
0.0
0.0
7199.236
1878.0585
5811.925
6218.9727
11912.768
0.0
0.0
0.0
0.0
1701.6975
1330.1964
3239.8772
0.0
0.0
0.0
5322.22
0.0
0.0
1146.656
0.0
0.0
0.0
8146.9336
0.0
0.0
0.0
1813.3198
2375.1343
0.0
0.0
1562.364
0.0
0.0
89198.71
1933.602
0.0
6164.9014
0.0
0.0
0.0
2588.7783
1899.4744
16866.342
1187.3916
0.0
0.0
8143.416
1796.123
0.0
1828.7855
0.0
1077.7721
0.0
1953.1818
1643.8557
10201.682
12068.778
0.0
1375.4485
1726.854
0.0
134.68921
1257.1453
0.0
0.0
822.83984
0.0
0.0
16055.159
1250.2761
1186.0039
2095.7153
3527.8923
1873.6815
1293.6918
0.0
0.0
6334.992
1382.2568
5884.5176
0.0
3144.8894
11698.761
0.0
1291.6636
2283.8235
3787.6797
1335.5731
0.0
0.0
7324.0063
1292.3093
7079.3184
1693.88
1818.9131
2624.5745
1116.4072
1087.9249
7364.8066
5310.457
0.0
0.0
6811.523
2017.2064
1289.5656
1755.9684
0.0
1451.2231
0.0
0.0
3469.0442
0.0
0.0
0.0
2169.909
0.0
2784.7915
0.0
0.0
970.53204
4043.017
2491.9453
13934.754
0.0
8335.773
2737.824
991.97144
0.0
0.0
5410.6543
0.0
6007.544
0.0
2025.5741
7261.203
1648.9825
3160.5183
262.94702
5468.8354
5482.802
6306.18
5603.5786
0.0
2943.3772
1991.786
0.0
12937.42
0.0
0.0
2164.7773
837.698
4295.745
1426.4926
0.0
0.0
3500.3467
4248.3057
4356.424
729.8601
0.0
0.0
5036.9917
0.0
5574.622
3073.5508
0.0
118.14563
2642.7097
0.0
2910.1772
3340.855
8637.938
2810.0283
0.0
2910.0732
2103.0413
2234.122
0.0
21661.924
0.0
0.0
0.0
2000.8396
0.0
19517.824
16407.988
19178.46
0.0
0.0
2640.9968
1672.3895
4279.665
0.0
5012.31
0.0
2776.2715
5047.543
1994.0952
1946.3151
1702.8092
4072.1877
4872.314
1912.2144
0.0
1362.5096
9972.842
1085.483
0.0
0.0
0.0
4921.0884
5992.2114
3365.1167
5207.4526
1700.8817
20679.441
0.0
2515.3655
0.0
10704.906
0.0
2119.9155
8322.317
5807.919
0.0
5995.9434
1756.4437
1186.4692
0.0
555.1945
3009.533
0.0
1319.1515
0.0
1331.7725
0.0
1605.5844
0.0
1387.5339
0.0
4314.2954
7866.141
2674.9883
2260.0698
0.0
4137.5107
1001.31696
9253.421
2759.715
0.0
0.0
0.0
0.0
0.0
1387.4915
0.0
1254.6682
0.0
1111.3579
2611.4644
0.0
0.0
2810.5532
1788.3254
10252.212
970.7746
3035.3833
0.0
2866.9414
8136.9556
2844.596
0.0
3047.851
5050.2573
3701.1355
3431.704
3926.001
0.0
2780.092
2274.25
0.0
2372.9048
0.0
46506.855
1571.6372
9930.846
1300.9956
1389.3235
861.4629
22407.04
2251.0679
0.0
1558.0074
7764.6914
2749.1604
10714.317
3025.9812
2868.1267
3961.5503
0.0
8047.7656
0.0
5300.352
1381.7394
0.0
0.0
9386.502
5391.2876
1811.4766
2267.1147
1999.0643
0.0
1354.1974
1277.661
5020.127
1876.0415
1279.2976
4058.0547
0.0
28257.408
0.0
1670.8407
3331.4019
0.0
0.0
0.0
1371.4022
4542.3906
1740.9346
1527.9214
0.0
0.0
2103.5264
0.0
2501.1946
5904.2007
1439.4528
3400.7039
4.1709595
0.0
0.0
0.0
0.0
1387.2173
8082.288
0.0
0.0
5395.2275
3288.9993
2125.5828
2176.4197
1080.7449
0.0
1921.4108
5671.4883
16106.615
10427.835
0.0
0.0
0.0
5783.6855
2081.1846
0.0
0.0
0.0
0.0
390.92233
2654.2446
3051.3262
0.0
0.0
1254.3289
1425.2417
6270.8423
135.23526
3040.8455
0.0
1704.771
1574.1841
2445.3662
0.0
0.0
0.0
4619.1323
0.0
5966.5137
0.0
0.0
2514.975
192.55615
0.0
0.0
2562.7622
0.0
6511.051
4952.4834
6421.3022
7119.0625
0.0
1338.3356
0.0
1803.6847
7818.756
3710.9695
7124.434
15117.136
6053.1826
0.0
667.5884
0.0
1823.7112
3267.5276
2916.2458
0.0
0.0
1408.1139
1577.4395
4087.323
0.0
1397.2683
4637.5073
0.0
0.0
0.0
0.0
13404.943
0.0
0.0
2143.9377
0.0
2719.8162
1450.4733
0.0
5567.8896
0.0
0.0
0.0
9451.376
6460.763
0.0
427.34225
3111.9988
1493.7339
6024.2676
0.0
1256.7465
28388.074
2853.8704
1807.6648
0.0
4550.378
4275.4473
0.0
0.0
0.0
1560.2549
0.0
0.0
0.0
6231.7017
0.0
0.0
0.0
0.0
1448.84
1659.0299
0.0
15209.907
4362.5825
3746.3345
0.0
1042.5596
881.1462
30631.418
2783.5068
0.0
39262.887
10118.001
2148.7693
4999.212
0.0
8002.37
0.0
2673.351
6102.283
4593.0566
1221.6725
2059.2478
7010.4263
0.0
0.0
0.0
7676.246
0.0
0.0
0.0
0.0
5574.12
0.0
0.0
7058.238
0.0
27924.865
0.0
4271.0425
3839.2734
22818.523
5281.3086
5547.2437
0.0
1389.4319
6438.436
25964.168
0.0
0.0
6154.8003
0.0
681.8067
5453.3936
2301.4758
4613.418
999.35736
0.0
0.0
20355.09
1287.1622
0.0
0.0
5028.001
0.0
0.0
1676.059
2039.7085
0.0
18.581177
0.0
28960.348
932.66437
0.0
1503.9888
1087.0303
0.0
0.0
1996.3751
0.0
2248.8545
434.04398
8235.402
0.0
0.0
0.0
7827.339
0.0
616.19275
6735.01
2204.3257
0.0
3007.7214
1381.2257
0.0
0.0
0.0
0.0
3167.8835
1714.4764
0.0
3169.826
0.0
0.0
1190.5347
1117.1519
5663.4946
5012.0146
0.0
1237.8359
5395.3574
0.0
4012.4656
0.0
8450.717
0.0
0.0
20385.062
6210.6724
0.0
1033.6342
0.0
2012.2439
12771.579
0.0
770.47003
0.0
2017.0966
0.0
2074.1235
1225.5405
3166.4316
0.0
2550.2388
1632.6953
0.0
0.0
0.0
1676.1191
2902.6475
6549.532
0.0
0.0
523.789
2879.655
0.0
4345.485
0.0
341.7562
2186.552
2412.683
3278.9211
0.0
2639.241
0.0
2421.7876
1916.9883
1189.6077
0.0
1168.5208
2390.322
0.0
1283.8992
4226.933
6423.8706
0.0
3797.3728
3406.5498
0.0
845.4367
1671.2218
2022.4945
0.0
0.0
1917.0463
4870.2393
2208.9949
1386.7346
2214.658
0.0
0.0
0.0
0.0
0.0
0.0
687.6934
10773.412
0.0
6044.646
0.0
54599.527
2601.7266
17620.43
870.4667
5447.043
6141.9004
395.2951
1267.102
0.0
0.0
0.0
0.0
0.0
2838.4666
1297.4849
4792.8745
0.0
0.0
0.0
5290.905
0.0
0.0
1371.9015
1342.4736
7440.9946
4249.1274
0.0
17353.51
1088.4435
1578.6011
3379.3223
0.0
5445.9233
0.0
4059.5146
6339.3755
8855.185
3218.772
86.39917
721.88354
0.0
0.0
0.0
0.0
0.0
0.0
0.0
0.0
0.0
0.0
4297.653
0.0
0.0
6798.4595
0.0
146145.81
0.0
0.0
2459.8271
0.0
0.0
0.0
0.0
0.0
2463.441
0.0
0.0
0.0
0.0
0.0
2529.1787
0.0
0.0
1791.8054
6133.113
6839.708
1963.0155
2777.6035
0.0
790.0449
0.0
9.049438
2469.3865
0.0
0.0
967.69495
5310.9146
0.0
4029.6807
0.0
0.0
0.0
0.0
9386.602
6545.134
17802.96
3547.5688
0.0
0.0
2883.6953
1297.7195
1569.0764
2518.9673
4491.3853
0.0
0.0
0.0
0.0
0.0
1962.9175
3110.7495
2614.3374
0.0
0.0
1015.5368
8386.053
2037.5807
0.0
0.0
0.0
39323.086
0.0
3683.2449
0.0
0.0
830.92224
0.0
3385.3
0.0
53100.4
0.0
15868.834
0.0
1144.8103
0.0
0.0
0.0
1326.2712
1500.1826
2289.36
2557.372
0.0
0.0
767.5267
2844.7515
0.0
3672.1682
7220.243
6096.3286
0.0
12514.857
0.0
0.0
0.0
3588.5906
0.0
2457.838
2268.4429
3682.42
560.26855
15143.915
0.0
19027.914
0.0
1673.0768
5306.419
6551.9014
5283.4863
2296.578
1225.053
4826.4517
2410.0156
5785.047
0.0
0.0
4624.1147
2631.7197
0.0
432.62143
0.0
0.0
0.0
3905.7866
2996.784
0.0
0.0
7098.959
6412.916
0.0
10191.969
3443.3994
0.0
0.0
0.0
0.0
18953.465
0.0
0.0
9251.4
2119.4282
9912.727
2044.5059
1256.148
4354.8594
0.0
8897.482
0.0
2973.3154
991.14233
3961.2722
0.0
5554.8584
1777.6255
5401.994
4297.493
3135.9675
4995.748
0.0
3884.2207
3724.9973
0.0
1321.2244
0.0
6635.133
0.0
7130.226
1621.6724
2221.6592
785.21375
2798.5789
3752.899
1497.1833
2145.088
3882.9578
0.0
0.0
2450.9844
1477.279
0.0
2552.941
0.0
2130.0674
5771.5264
0.0
0.0
4816.002
2950.3657
1344.9692
0.0
1181.8068
17789.793
1728.1218
1586.4185
0.0
6190.7373
2794.9468
2875.5737
3535.8555
3679.4424
3195.4185
2734.7817
0.0
0.0
1426.4922
0.0
0.0
0.0
0.0
4425.7627
0.0
10081.057
1888.1515
73602.66
0.0
3589.4167
0.0
1509.2158
0.0
2732.4995
11724.234
0.0
2169.0872
2723.156
10628.418
613.80225
5280.4224
1834.0093
1424.0074
2777.7046
0.0
3766.7178
0.0
1333.043
8081.558
0.0
2594.975
2245.276
2752.7817
2551.75
26360.875
49319.656
10165.751
855.8672
4447.4663
0.0
1902.8445
0.0
2982.3525
3114.088
6113.0234
0.0
1467.331
0.0
0.0
2418.785
1450.7572
2351.1528
5390.788
7283.147
0.0
667.0774
1026.2972
1440.1836
1486.3445
2072.7056
471.39783
25073.098
0.0
10763.811
0.0
0.0
32765.498
2028.1829
7679.158
3703.908
9097.437
1546.0234
0.0
1266.0444
0.0
3872.232
573.937
0.0
3520.401
6332.0615
1336.1465
0.0
8523.902
3847.4888
1677.2252
40172.883
1071.3728
7858.065
1595.3137
0.0
0.0
1446.0535
4010.185
1161.1702
5057.2056
3212.7468
0.0
0.0
5488.088
0.0
2315.53
0.0
0.0
1254.7965
6993.6226
4513.527
1563.09
0.0
1178.71
0.0
0.0
1073.3229
1437.6018
0.0
0.0
0.0
3827.4998
691.155
0.0
5375.67
0.0
796.96375
1667.081
9917.381
0.0
310.27094
25623.203
1707.3782
1831.9177
4730.1943
4847.9746
2805.3813
15649.548
2463.463
1116.624
2353.396
6280.671
1226.984
0.0
0.0
2736.7778
0.0
0.0
30291.824
2149.642
2161.5417
0.0
0.0
4967.381
0.0
3360.5034
5394.5312
883.6847
2182.5227
16337.671
0.0
1698.8279
0.0
0.0
5008.8354
2086.4731
888.8342
0.0
2690.8909
4491.116
4759.124
13897.643
6675.242
0.0
3293.5684
0.0
0.0
16613.594
5160.9814
0.0
3028.6685
0.0
2454.1716
3502.6218
4921.364
5475.581
1798.8955
12245.633
1784.3203
0.0
0.0
0.0
60499.39
0.0
5570.0596
0.0
26543.7
1028.9713
1402.2744
3950.7585
2931.2644
4155.6074
0.0
0.0
0.0
1081.4105
0.0
0.0
0.0
1290.4897
2676.696
0.0
17476.479
0.0
0.0
2482.0947
0.0
877.7687
0.0
1890.9554
5149.8394
0.0
3218.4075
1236.3875
0.0
1161.8425
0.0
0.0
0.0
4960.3384
1839.9929
0.0
1106.7554
8270.378
11484.006
3696.2231
1344.6284
0.0
7290.124
0.0
35050.83
0.0
5590.379
0.0
1728.5498
2118.1943
4307.2163
2477.173
1618.8931
0.0
0.0
0.0
3185.014
2188.7605
0.0
1891.5173
0.0
0.0
2436.669
3139.663
1093.0267
1610.6456
1904.6434
0.0
897.3524
531.7803
2688.932
1232.5383
2001.5139
8612.013
11366.444
2987.7124
3149.5112
0.0
4933.891
1088.4807
0.0
19814.1
3081.0916
2376.2896
0.0
4044.9912
3099.7937
11726.029
1438.0134
55.909515
2011.8494
0.0
4868.9927
2410.2622
16230.018
5991.0635
0.0
1399.0715
2835.8757
0.0
0.0
0.0
0.0
7078.412
0.0
5741.4014
3340.8137
0.0
2865.8684
6335.1025
0.0
4180.6885
1252.7655
0.0
6117.224
2356.1614
0.0
3703.828
0.0
0.0
1960.43
0.0
0.0
1387.5022
9323.379
3910.5771
2733.417
1464.1372
0.0
0.0
7495.6865
0.0
0.0
0.0
2687.9666
0.0
0.0
0.0
1870.5349
0.0
0.0
0.0
2928.5024
5746.8013
4223.9707
3037.8672
0.0
0.0
7328.2676
0.0
5925.1997
0.0
0.0
7370.013
0.0
2789.6836
3186.5498
1122.9442
0.0
652.81445
5061.597
0.0
2973.4192
5909.091
11069.016
0.0
4574.009
0.0
0.0
0.0
4721.9946
20840.525
1688.2307
406.86206
2641.6694
0.0
0.0
0.0
1023.12933
0.0
2711.9487
1831.9264
0.0
1450.2728
0.0
0.0
3354.2458
0.0
0.0
2853.9043
0.0
1833.1373
3226.5544
17773.262
1860.3033
8359.148
0.0
0.0
0.0
0.0
6830.031
2167.4363
4213.3413
7642.9985
2539.7544
3236.496
0.0
0.0
1680.5824
0.0
0.0
0.0
3084.0708
0.0
2669.327
0.0
0.0
17503.342
3914.15
0.0
0.0
2597.2048
1526.8341
1918.0175
3466.821
4008.3906
0.0
0.0
4245.011
0.0
0.0
0.0
0.0
0.0
8254.24
0.0
0.0
0.0
21761.67
0.0
1155.0356
5800.5283
0.0
124.99408
0.0
0.0
2310.6616
887.3509
0.0
0.0
8201.898
0.0
596.56995
2164.0703
0.0
4173.8223
4068.8071
2894.1865
1257.4382
0.0
0.0
19481.025
1027.4082
0.0
3356.3425
542.544
2593.833
3748.7964
11840.287
0.0
8510.103
4642.617
10741.669
0.0
1272.0558
2851.314
17533.262
0.0
4545.7505
0.0
2867.3086
2251.713
0.0
3077.8594
7970.79
0.0
0.0
0.0
14601.454
4716.552
4327.7383
2499.7698
3369.1255
0.0
594.0457
0.0
1377.7083
1901.936
123.11786
1198.911
30133.07
24059.975
1635.0995
2956.4448
3380.4436
0.0
697.73676
0.0
0.0
0.0
4708.9253
1425.1067
0.0
0.0
2207.2227
2224.8584
7472.7017
65682.586
0.0
10803.044
0.0
3120.857
8909.617
0.0
800.2745
2052.789
0.0
951.952
774.2296
6972.423
0.0
2700.729
0.0
65.58444
0.0
891.487
2825.7146
1552.8905
2639.4868
0.0
3320.4607
0.0
0.0
2799.8035
1505.8667
4363.529
3526.6587
2258.209
1214.4364
231021.16
66.5347
2556.6172
0.0
0.0
2308.7812
5046.0225
2142.7666
0.0
2570.371
2573.9995
2316.2363
2276.0977
0.0
1174.8751
998.54486
844.52625
0.0
2646.8086
1402.7123
1826.4084
0.0
72841.375
0.0
1250.081
0.0
682.2719
0.0
1612.9583
1770.4072
8575.533
2678.1528
0.0
0.0
2784.9163
8245.166
0.0
0.0
0.0
8203.969
3013.7034
0.0
2104.183
3376.151
3121.958
0.0
2307.4292
0.0
0.0
2245.3906
1473.3
0.0
1996.7146
1008.4058
0.0
0.0
0.0
0.0
0.0
0.0
0.0
2930.3608
0.0
0.0
0.0
1807.191
3694.7969
0.0
1462.9535
1103.098
977.85474
1066.7256
3144.508
4421.4116
6184.9956
1924.3582
4261.214
1497.3174
5586.573
0.0
0.0
0.0
0.0
0.0
24026.39
0.0
2328.81
0.0
1804.6208
7384.8564
16374.407
0.0
4877.867
1003.8097
1962.6207
0.0
0.0
1173.4822
0.0
4928.7017
0.0
0.0
2608.482
3255.9346
0.0
2031.3245
0.0
2819.8271
870.4204
1821.7067
2868.2722
0.0
25561.96
0.0
1825.0061
4274.621
0.0
4652.3975
0.0
0.0
5663.5186
0.0
0.0
1537.4226
2199.9963
0.0
16211.068
3483.3306
0.0
1887.1732
0.0
0.0
0.0
0.0
2651.4868
0.0
0.0
0.0
0.0
0.0
2975.9438
0.0
0.0
0.0
2950.7424
3144.0662
0.0
0.0
0.0
0.0
3156.0977
0.0
0.0
1427.1967
1846.7249
2111.9734
0.0
0.0
1537.8829
0.0
8994.653
4060.1929
6442.218
0.0
0.0
0.0
824.40125
0.0
0.0
0.0
1298.746
0.0
0.0
748.16125
0.0
0.0
5072.3813
0.0
33343.125
1888.7563
0.0
2497.311
0.0
0.0
0.0
6175.3994
4949.4995
0.0
1762.1599
0.0
1290.9043
15355.213
11846.216
0.0
15376.032
1966.1206
0.0
1567.2701
1192.908
2148.8276
1037.5701
0.0
3191.749
0.0
0.0
5558.6484
0.0
1305.9664
6957.059
0.0
1510.1139
3276.7795
0.0
1230.4275
0.0
2145.1313
0.0
2729.2476
1120.4596
0.0
3423.5918
0.0
0.0
1333.4205
3142.4817
3079.9988
5128.168
3291.1445
4809.9927
0.0
765.28253
6670.9185
2102.801
8325.846
10289.971
3200.2075
2062.039
0.0
228.9495
0.0
2696.7544
10835.071
5914.162
2439.922
887.2847
1602.4312
0.0
0.0
0.0
5053.583
0.0
0.0
0.0
0.0
1870.6346
0.0
4581.7915
1736.2137
2278.786
0.0
0.0
0.0
3751.3035
3245.776
0.0
6878.419
0.0
5446.823
1604.0762
1336.2344
4531.275
3753.6873
0.0
0.0
0.0
1117.7588
0.0
2317.4321
3714.954
0.0
0.0
0.0
0.0
3012.1592
0.0
1516.547
0.0
1653.4141
0.0
0.0
0.0
0.0
0.0
5754.3496
958.215
0.0
1448.4692
3250.2856
2961.0505
12520.358
867.6675
0.0
1037.068
1252.5972
0.0
0.0
24331.744
0.0
2520.2847
4551.22
4172.8765
0.0
0.0
844.3685
5403.8926
0.0
1709.4578
4198.565
24935.594
7871.965
1810.9874
0.0
1484.959
0.0
0.0
3197.1177
1581.1787
4786.752
6316.661
4606.9404
1704.8262
1403.927
703.7261
785.57385
4060.57
2423.595
0.0
0.0
0.0
2541.949
0.0
0.0
5062.86
0.0
0.0
0.0
0.0
1092.8848
0.0
2817.4941
0.0
0.0
2153.7827
0.0
0.0
0.0
2335.8792
0.0
1473.5436
0.0
3045.9087
0.0
3593.439
3070.9353
1479.9377
0.0
2407.4312
0.0
3311.4893
707.79016
1821.1909
1279.481
5260.5303
2038.6289
2468.9985
2892.1562
0.0
5292.8623
0.0
0.0
0.0
0.0
0.0
0.0
0.0
0.0
1377.6724
4337.9673
0.0
66211.445
7943.2124
787.44226
1176.7347
3046.352
0.0
7416.1196
0.0
0.0
3439.7456
0.0
0.0
0.0
3008.0999
0.0
4322.2217
1959.3657
3308.296
5891.8193
0.0
0.0
0.0
6980.1484
0.0
1848.5741
0.0
0.0
1370.431
0.0
0.0
596.6574
0.0
0.0
1553.5277
2914.931
0.0
0.0
4740.8916
11240.152
7412.368
8396.214
0.0
10184.6875
42234.305
0.0
2257.2192
0.0
395.23322
2012.4744
9838.97
0.0
10987.188
0.0
2865.48
18968.525
0.0
0.0
2289.848
6908.2974
2621.7124
2919.5063
0.0
4233.9976
1539.7673
6763.5483
4278.676
0.0
0.0
3453.7363
0.0
0.0
2091.623
142406.81
3660.2861
0.0
0.0
0.0
6057.5913
1180.6672
4298.874
6328.65
39595.887
0.0
0.0
0.0
2548.8115
0.0
2129.7417
4818.7285
0.0
5992.5996
6420.7617
347.73352
0.0
2769.6592
0.0
2481.7053
1228.451
2688.9595
8479.033
0.0
1334.7632
10535.193
2213.7341
0.0
0.0
2808.955
0.0
1965.6124
0.0
1095.8114
0.0
0.0
1652.4951
0.0
0.0
1505.4001
2183.6384
4101.909
15971.844
0.0
4273.9487
1009.5024
0.0
0.0
2741.8833
0.0
1342.8292
0.0
29565.053
0.0
0.0
0.0
0.0
0.0
0.0
8595.571
841.2891
1514.5315
43925.35
6224.0005
0.0
5928.1196
2279.632
7168.1714
0.0
0.0
0.0
2801.681
1602.0972
0.0
18106.414
0.0
0.0
0.0
2737.224
1998.4446
3268.1016
0.0
2339.982
7727.941
0.0
0.0
1566.6086
0.0
3814.6038
2039.7355
0.0
0.0
1295.8746
6998.1523
1308.8434
4947.563
1766.6616
6169.81
1381.5516
10271.21
0.0
0.0
3438.021
3373.132
2028.214
3487.138
2759.9414
0.0
341.903
0.0
0.0
2097.5454
1994.6455
8566.723
0.0
1101.6143
0.0
4464.215
1713.5568
0.0
1293.7246
2972.8066
975.39935
1837.527
0.0
0.0
0.0
3526.621
2867.554
1106.3529
0.0
1111.4076
0.0
0.0
0.0
0.0
0.0
0.0
2055.0957
0.0
0.0
3259.141
1872.8564
0.0
0.0
1773.2587
0.0
5548.024
3466.8623
0.0
2103.309
0.0
0.0
0.0
0.0
0.0
1057.4601
0.0
736.348
0.0
1070.1749
0.0
4390.673
0.0
15924.728
0.0
5912.068
1158.5146
957.19214
874.71484
8682.403
4896.335
3440.6262
0.0
0.0
8501.953
0.0
0.0
8130.84
368.88153
894.4737
0.0
0.0
0.0
0.0
1852.6461
1192.2078
1554.7974
0.0
10034.928
5732.582
1434.6353
6783.39
0.0
0.0
2531.082
1201.2019
0.0
0.0
0.0
1572.313
3968.8042
3676.1133
8012.8926
0.0
5778.7085
2548.3704
0.0
4061.3308
0.0
132785.34
7594.832
10667.732
1584.657
1725.361
0.0
5948.8857
0.0
0.0
11994.037
0.0
14144.223
3494.211
0.0
5907.5537
0.0
7848.5576
2632.0781
3031.4429
1523.9094
1246.1384
0.0
0.0
2399.4263
11062.43
3058.0752
0.0
0.0
44597.836
1250.7152
9914.364
1213.7534
0.0
0.0
0.0
14572.446
0.0
2641.5164
2679.1138
0.0
0.0
1104.627
9131.824
0.0
7828.1626
0.0
5165.09
9461.033
2678.523
0.0
0.0
4077.6165
3235.1335
0.0
3333.325
840.9477
0.0
0.0
0.0
1370.9448
3136.8862
14199.928
832.75476
2628.7778
856.0979
18663.465
3895.2866
22053.807
1418.9889
0.0
2815.2146
0.0
2717.4973
0.0
2617.9883
872.85364
0.0
0.0
3994.3242
0.0
5563.406
494.48645
1977.5645
0.0
4607.927
4923.4717
0.0
5379.098
2098.406
7221.028
19418.441
0.0
1443.551
20507.672
692.9047
4179.915
1603.4052
0.0
1232.8682
3950.731
3948.8965
0.0
3388.2705
3336.665
0.0
8236.56
0.0
0.0
0.0
0.0
2291.3428
0.0
0.0
0.0
3387.023
3589.2034
0.0
0.0
6187.926
0.0
0.0
0.0
4120.823
4844.513
25495.656
0.0
2011.5198
503.23703
0.0
2353.7925
1316.908
3039.4258
2031.4431
0.0
0.0
0.0
0.0
10374.787
1082.4143
2233.354
8885.424
2778.0605
1518.9294
0.0
9785.246
0.0
2768.0273
2064.5347
1878.025
2343.9478
24286.156
2496.7314
0.0
2728.7886
0.0
0.0
0.0
0.0
0.0
4732.5776
1470.9299
10505.842
518.3965
0.0
1992.5309
6583.897
11784.706
1501.7218
1124.175
3246.9038
0.0
1870.0554
2144.5618
3407.4717
1999.6648
0.0
0.0
9858.871
0.0
2139.2603
2697.1953
0.0
1043.6124
3506.2468
0.0
0.0
3546.3584
6447.9927
2053.55
12641.099
29502.86
0.0
0.0
0.0
0.0
0.0
45041.605
4839.7393
1668.9648
0.0
0.0
4269.153
0.0
767.7695
5482.9795
0.0
0.0
0.0
0.0
0.0
1388.6515
7358.8623
0.0
6171.1475
16187.214
7739.2617
1693.3992
0.0
1118.7356
0.0
3878.4304
0.0
831.2959
1961.4304
7575.341
2880.5168
0.0
560.01154
0.0
2832.4285
5675.9287
878.2038
544.87744
1100.0125
1166.7273
3204.1235
0.0
5490.769
0.0
0.0
25998.992
1872.668
1720.5402
3107.1465
0.0
836.8886
0.0
27299.035
701.7719
0.0
2420.0793
2622.6956
3399.0864
1323.8392
10066.584
0.0
5350.63
2930.2637
236.45735
0.0
9475.66
3320.5625
2332.4988
4153.978
3552.2224
0.0
1394.1608
0.0
3564.2866
29668.64
25089.822
8352.873
0.0
5244.3223
0.0
0.0
0.0
22043.102
0.0
0.0
6386.0503
901.673
2122.1
10827.152
1656.343
1307.8038
0.0
0.0
81.111435
3214.4924
0.0
0.0
5076.945
23219.104
1227.5186
5471.686
0.0
0.0
0.0
0.0
2303.2234
460.69476
3245.6963
2001.4005
1947.8025
1055.9742
0.0
9641.505
463.1259
3967.8113
0.0
6149.2026
3149.6995
2593.6057
0.0
2292.466
5947.0005
2132.6125
0.0
0.0
2505.8472
0.0
1279.9342
0.0
0.0
0.0
0.0
3551.0415
0.0
8431.781
4108.6313
0.0
840.82855
4387.1553
2057.775
0.0
1060.5868
2149.9866
0.0
0.0
0.0
0.0
0.0
1652.1687
2229.1716
0.0
8962.131
13418.67
0.0
0.0
1462.4498
5192.55
6188.7646
6625.1953
2084.7844
0.0
1700.7349
2149.11
0.0
822.5595
5170.2803
0.0
5355.062
4138.2676
6002.497
0.0
7750.023
13094.955
1853.4175
0.0
1422.6837
5160.8076
0.0
5539.211
3699.661
4430.707
0.0
0.0
4465.615
951.16125
1972.7156
5944.448
943.0287
6356.4595
0.0
0.0
1083.8759
0.0
335.78625
5302.977
0.0
0.0
0.0
105477.26
1558.3419
2362.7878
0.0
3670.5842
0.0
4209.6357
2507.7434
0.0
0.0
1621.1327
0.0
0.0
0.0
1139.1622
11618.28
1912.031
0.0
0.0
12785.879
1174.5481
0.0
0.0
0.0
8921.379
0.0
0.0
2548.6704
1811.4818
5814.7373
2787.2747
0.0
0.0
1809.9849
0.0
6767.2705
649.1901
5118.9316
0.0
2302.794
2769.4644
6380.3984
0.0
10407.992
0.0
2975.8755
0.0
2042.7395
0.0
5154.0566
6057.0957
2955.96
3046.8076
0.0
2483.7236
0.0
2103.9033
907.68774
700.5014
14848.253
4033.161
4211.3794
2074.1748
0.0
0.0
0.0
0.0
0.0
331.8343
0.0
0.0
4678.3857
2615.2888
3023.8398
0.0
1818.5538
982.3519
11568.758
0.0
0.0
1936.5798
0.0
0.0
0.0
0.0
0.0
770.83234
0.0
12741.582
824.8898
0.0
3594.9421
9892.038
3820.8726
1264.0776
972.675
8620.796
2582.9038
0.0
0.0
1424.0795
0.0
9044.644
2775.5488
6014.548
2805.7673
2161.723
0.0
1272.2275
1429.4851
56800.77
0.0
0.0
24316.318
0.0
4311.246
0.0
0.0
2933.976
0.0
2495.0667
1744.9568
0.0
0.0
0.0
0.0
0.0
0.0
21891.377
0.0
7209.443
13127.462
0.0
8362.213
7143.573
1342.4197
5092.3887
1726.7928
1294.2635
0.0
787.6361
0.0
0.0
0.0
1197.791
329.94196
0.0
2409.8105
4883.4487
0.0
8097.365
2252.5806
1370.2518
0.0
1830.8434
973.66534
1569.0981
158.74792
0.0
0.0
0.0
3824.1472
2474.341
0.0
2345.9778
0.0
4601.34
0.0
5444.2485
0.0
4177.6084
0.0
0.0
7144.396
1079.9974
19360.004
0.0
0.0
0.0
1357.2859
0.0
1413.4287
0.0
2134.8848
1621.0298
16974.01
0.0
6209.9087
2070.5574
2577.5862
0.0
6044.804
0.0
3542.9468
0.0
0.0
0.0
0.0
14751.833
3059.9268
0.0
1864.4199
1668.8591
3026.7104
0.0
0.0
2263.9756
2458.0232
21203.582
4298.7627
2759.2273
2912.4785
10533.66
730.3121
1031.9287
0.0
0.0
1472.0868
1286.6207
0.0
1720.1143
0.0
0.0
1818.7795
7214.6455
3286.3582
5886.2593
0.0
2237.0881
1299.9163
3390.5955
0.0
2414.2073
1876.8003
10591.486
26141.756
2005.4928
26189.127
2355.6494
0.0
3393.7114
4168.4756
0.0
0.0
0.0
0.0
0.0
3540.2026
6537.0425
2472.3835
537.97437
4618.2793
2678.574
1221.4377
1475.1375
2503.6548
0.0
4385.6772
0.0
2803.3481
819.9448
19734.55
0.0
335.59668
15168.533
4210.2803
0.0
0.0
25883.537
0.0
825.8253
595.44385
0.0
5937.177
0.0
5432.3076
0.0
66.18524
0.0
0.0
0.0
3226.947
1732.3668
3149.9426
0.0
1193.0511
12403.842
2915.5325
0.0
1883.0883
1759.9431
0.0
1142.2966
24107.646
4553.1064
33170.24
4779.489
0.0
0.0
3746.1135
2423.4238
4724.296
691.1107
0.0
0.0
0.0
2591.7007
3827.9521
781.7373
0.0
1824.3016
1968.9548
1992.0005
2285.5256
5893.102
0.0
7449.1826
5590.255
11538.951
0.0
10490.947
2648.8496
0.0
1831.951
2394.4902
0.0
2183.7039
0.0
12717.55
9702.1455
5299.505
0.0
9445.137
3413.651
1016.18665
1886.0001
590.24084
0.0
0.0
14492.537
6688.7
2835.1316
0.0
2607.9878
0.0
2551.891
0.0
2208.113
0.0
0.0
0.0
0.0
1005.8734
0.0
3504.374
0.0
0.0
0.0
2186.0427
0.0
1473.7756
984.9299
0.0
0.0
0.0
1660.2393
5027.454
1903.2439
0.0
7492.1724
0.0
1520.3402
0.0
0.0
0.0
0.0
0.0
0.0
2591.4954
6568.8516
23093.367
2999.3643
1497.3208
0.0
2345.4873
0.0
0.0
2858.1824
0.0
1324.695
2486.084
0.0
1137.3201
0.0
0.0
5651.4336
4626.762
1286.0347
3249.779
0.0
6543.742
0.0
0.0
1457.4292
0.0
1239.1257
2283.3777
0.0
5281.883
0.0
2150.6738
27134.963
0.0
0.0
2473.9712
773.63403
0.0
0.0
0.0
0.0
6769.555
2904.2795
0.0
3524.3132
11582.932
0.0
4024.4365
1869.1504
0.0
4452.023
0.0
1698.5947
0.0
2598.7607
3236.426
0.0
0.0
1449.454
0.0
0.0
1606.3291
0.0
0.0
0.0
1096.5214
7714.009
3501.8293
0.0
0.0
3085.0625
0.0
787.33325
0.0
8614.926
159295.47
0.0
12655.791
23211.66
996.8418
0.0
0.0
1422.3927
0.0
1482.8875
1864.2916
0.0
2845.6653
0.0
2044.9198
0.0
0.0
2344.2239
2648.8423
0.0
1865.9711
0.0
3838.4116
0.0
31145.61
0.0
0.0
0.0
10063.583
0.0
0.0
879.12476
5512.5005
17155.414
8180.077
1430.7242
1903.989
4842.551
4979.0586
0.0
21757.562
1184.1034
7860.15
714.3447
0.0
3500.5598
4131.623
27812.791
5952.58
0.0
2573.7249
0.0
0.0
1200.2456
1154.1277
1974.0583
0.0
1798.4426
0.0
0.0
3894.3677
0.0
0.0
2933.352
3354.835
863.75745
5756.862
0.0
0.0
0.0
0.0
3246.2869
0.0
1791.6422
2847.8926
0.0
0.0
0.0
48849.82
2075.2896
0.0
1324.4263
0.0
0.0
0.0
1198.9734
0.0
0.0
0.0
1600.0381
0.0
0.0
0.0
14744.256
0.0
1768.7672
4503.964
2536.5464
2489.5354
0.0
0.0
0.0
0.0
24625.918
0.0
7457.4277
17835.229
10611.957
1166.9908
6669.286
0.0
0.0
0.0
9265.045
3407.6863
13002.282
6535.6533
1282.8678
6148.161
0.0
3338.6975
3214.0852
0.0
0.0
0.0
1407.9192
0.0
5334.6787
0.0
5390.634
0.0
2843.35
3213.3687
0.0
0.0
0.0
0.0
1362.9952
1982.6206
0.0
1069.6699
7995.0596
0.0
11108.275
0.0
4643.3906
0.0
2892.104
1274.7362
3978.814
0.0
20257.75
0.0
14189.898
2383.9978
0.0
1629.3701
993.442
2086.739
0.0
0.0
3927.3813
0.0
0.0
0.0
1841.8734
0.0
3878.861
0.0
19191.902
0.0
0.0
0.0
2164.5898
2152.0457
7231.8154
14484.129
9677.109
2019.3257
260.9285
18156.502
0.0
1783.6027
5387.407
2026.7572
1121.671
0.0
5085.704
0.0
3437.207
8622.017
5831.6685
19798.982
6562.0537
0.0
2772.2559
2572.5393
30911.547
4407.3105
1273.5061
3612.5142
2115.977
0.0
18562.484
0.0
0.0
4632.1816
17378.928
0.0
0.0
800.37195
0.0
0.0
0.0
386.93878
4586.444
5119.1143
4557.554
15895.477
1447.6523
3547.2334
2860.5117
0.0
7700.448
0.0
5933.146
0.0
5603.288
2456.463
1623.2955
2741.3242
0.0
3077.8376
2699.525
4816.6167
0.0
0.0
0.0
0.0
3292.2056
3466.668
1456.7734
788.19855
0.0
3335.7024
868.9553
0.0
555.6804
18885.553
0.0
12829.186
946.2107
0.0
3699.699
0.0
11864.905
2939.66
907.99805
12621.459
1291.7935
1986.9475
0.0
1719.5112
1513.2583
0.0
2580.3665
12086.033
0.0
2394.392
0.0
2223.4216
24181.36
1820.6672
7221.0713
0.0
0.0
5076.3545
3873.1733
5383.753
2281.9604
46399.05
0.0
1456.0726
0.0
0.0
0.0
12411.841
752.06647
7494.762
0.0
7223.1206
0.0
0.0
3646.1772
2950.107
0.0
2558.9253
0.0
0.0
0.0
3186.2026
2965.7996
1140.5815
0.0
3302.773
0.0
26711.525
0.0
3890.334
2238.6714
1479.3596
3144.393
0.0
5908.8643
0.0
0.0
1725.0391
2402.0127
781.4364
0.0
0.0
2555.5012
16660.281
0.0
0.0
0.0
4173.3604
2948.126
0.0
0.0
3795.3457
0.0
8803.119
3122.338
971.62805
1448.9819
1178.4293
0.0
0.0
1902.3063
4526.124
2614.9265
0.0
6107.893
0.0
0.0
0.0
0.0
3656.3662
3168.0999
2028.279
0.0
2378.1394
0.0
12327.332
4441.3867
1330.5399
0.0
0.0
0.0
11007.693
54.05699
3651.9873
0.0
0.0
0.0
2249.402
0.0
0.0
5553.342
0.0
0.0
0.0
2444.2407
5471.903
0.0
0.0
0.0
28851.2
1651.3578
0.0
1803.5254
783.0615
0.0
3381.4639
214.73332
0.0
5008.5444
1091.3607
2651.775
4233.216
0.0
4251.915
1694.9318
0.0
0.0
1730.0463
0.0
0.0
5787.5674
0.0
21948.383
0.0
942.0807
0.0
3205.0469
2125.0168
0.0
1393.977
1761.0466
1674.1223
5480.376
2902.137
5790.5347
2304.0137
991.73114
2181.2334
0.0
1452.9811
0.0
1069.2372
18522.848
0.0
0.0
4144.5146
0.0
1496.244
4949.3037
2877.587
0.0
42261.98
0.0
0.0
0.0
871.9215
0.0
1224.4392
0.0
0.0
2849.4612
532.9332
10417.648
0.0
0.0
976.8687
61868.297
59.124268
0.0
0.0
22725.95
4416.089
1752.708
44851.07
3112.6572
15883.552
1410.3687
50496.707
5484.657
1823.663
2877.6382
2087.5872
1926.8481
10809.67
2599.745
7941.201
0.0
2425.886
0.0
1168.1985
1784.7932
1425.0554
0.0
1963.5585
4078.1826
1270.7031
352.68042
0.0
0.0
0.0
1275.4661
4051.8652
1574.5756
0.0
14949.176
2636.3882
2142.6843
980.5363
8114.276
0.0
9479.881
0.0
6007.6357
1546.8795
3167.6284
0.0
38017.773
0.0
4327.4194
2721.7139
0.0
0.0
0.0
5105.419
5356.748
8877.8
0.0
7550.1963
15384.413
0.0
2626.917
2512.2952
0.0
1959.0612
0.0
11818.725
2686.3716
1333.8079
1564.4077
0.0
0.0
0.0
2653.9802
1276.216
4172.494
4173.2476
0.0
0.0
7370.5874
0.0
0.0
0.0
2446.623
0.0
29288.309
0.0
0.0
1556.6476
2994.1265
2037.5123
0.0
3092.9595
15739.658
3049.0825
2170.0364
2317.9448
0.0
2013.8907
1362.219
0.0
0.0
0.0
2493.9807
965.9468
1550.6675
1641.366
21667.666
0.0
14042.238
0.0
2174.2808
0.0
0.0
7184.663
0.0
1871.1501
2982.4382
2243.357
1586.8883
6032.573
0.0
2912.895
3077.692
2265.2288
8043.637
0.0
0.0
0.0
1777.9713
14186.391
0.0
0.0
6083.4736
0.0
0.0
2093.6196
2820.0073
0.0
1365.6849
12663.084
3282.606
1274.3232
0.0
0.0
0.0
0.0
15561.337
5240.029
2077.9817
1610.4526
2617.7927
3605.893
6952.4556
0.0
546.5739
0.0
10593.601
2570.1206
0.0
1524.8702
3084.4546
4669.9287
0.0
1028.9388
3415.7852
2877.8833
184.34665
7423.9746
2233.6624
4341.2305
0.0
0.0
82566.52
4623.5596
5683.3477
3160.6704
802.0682
0.0
0.0
1778.5883
6105.4556
0.0
0.0
1045.5186
7757.7793
3830.1128
3033.3909
4956.001
14559.233
3155.8425
0.0
3014.0142
0.0
0.0
1796.0682
6778.795
3317.7437
1969.5474
5044.165
2706.2937
7413.3696
0.0
0.0
2441.911
0.0
0.0
13629.387
0.0
0.0
0.0
0.0
0.0
0.0
4208.9893
771.32294
2655.657
0.0
0.0
1511.4673
1174.7533
0.0
10540.692
0.0
0.0
0.0
4317.3564
10960.895
0.0
1068.6191
0.0
0.0
5055.651
1031.2635
5736.0845
1718.2164
15012.686
908.87335
0.0
3225.9033
1152.6313
1939.0308
5966.368
1624.5769
3134.6309
2914.1536
2433.9482
0.0
598.26794
0.0
0.0
0.0
4997.3027
3484.0967
0.0
1868.6223
637.8999
2354.4578
0.0
2247.542
4025.6367
0.0
1237.7767
0.0
1027.3685
2136.7502
0.0
0.0
0.0
0.0
0.0
2115.8008
1775.9685
0.0
0.0
0.0
0.0
0.0
1831.6543
2317.0715
0.0
1451.6031
1051.817
3535.1091
5311.9785
0.0
0.0
17435.164
3442.935
0.0
6691.8413
0.0
0.0
0.0
1154.52
0.0
2577.377
0.0
1066.6727
0.0
0.0
9311.546
0.0
2024.6892
2800.8618
8.475586
0.0
0.0
1493.9902
0.0
0.0
2517.7324
1002.6304
2932.7974
1846.0205
0.0
0.0
788.6163
0.0
0.0
4346.7715
3310.489
0.0
1253.4379
13528.694
0.0
1648.1672
1576.9823
1763.7201
19569.918
4686.7124
2822.8818
0.0
0.0
0.0
2084.7522
0.0
0.0
4077.9526
1205.1981
1192.0004
901.7777
22210.1
0.0
1676.0549
0.0
2594.7622
6345.6416
0.0
0.0
0.0
0.0
2284.6792
3035.5347
0.0
2263.2292
3078.9424
3804.9526
1616.9146
6146.825
0.0
0.0
1317.3418
0.0
0.0
0.0
8790.709
1111.9263
0.0
0.0
0.0
0.0
3946.5293
0.0
0.0
0.0
3919.4192
2174.7288
4423.907
3116.6018
3457.399
4621.7812
0.0
2238.0076
0.0
2322.1714
2285.1577
1873.7046
0.0
106035.46
1599.2605
3130.4094
2462.7114
532.7936
4807.9536
0.0
2821.0547
0.0
0.0
0.0
5053.3667
3757.131
0.0
2457.383
0.0
26036.156
0.0
2297.7776
6042.599
8040.9946
0.0
0.0
1178.0596
2512.3416
0.0
0.0
0.0
0.0
31595.572
3706.6313
6676.3525
14209.24
0.0
1491.814
975.1274
0.0
4620.399
0.0
1245.4181
3348.7656
900.4076
0.0
0.0
2535.69
6878.996
4379.9883
7725.3296
0.0
2623.9722
1500.3098
4542.5884
3934.1162
0.0
10273.865
6675.5293
848.8402
0.0
790.2572
3052.2705
0.0
0.0
14886.967
3828.8386
919.49207
1423.165
0.0
4122.155
15841.454
0.0
0.0
2463.602
0.0
0.0
0.0
41.481216
2729.52
5593.2188
2398.8225
1330.5049
10969.703
2118.7544
8597.975
0.0
0.0
2062.1743
5549.851
2604.4639
0.0
8103.077
1988.8118
0.0
21665.36
0.0
5297.1226
2069.8445
0.0
0.0
5958.0645
1746.6277
1929.4817
0.0
3227.4067
1672.4949
0.0
3347.7798
0.0
9580.842
10457.64
0.0
4342.736
0.0
4910.7637
6713.8687
1422.6836
7179.4272
0.0
1578.9812
0.0
4884.692
25438.91
0.0
0.0
1940.1091
1672.3771
1577.6475
2381.1594
5395.353
0.0
0.0
2387.549
4457.532
1422.636
0.0
0.0
1310.9076
2752.3823
0.0
4453.1187
0.0
62625.22
13441.467
0.0
2073.6213
0.0
2884.0532
0.0
0.0
0.0
2623.5322
23968.902
0.0
0.0
1232.0381
1084.8918
24899.422
3816.0862
0.0
0.0
0.0
0.0
0.0
0.0
0.0
1453.7261
2607.7725
0.0
1053.9891
12686.671
2864.8481
0.0
3938.5242
938.7399
0.0
1116.2354
8364.886
0.0
0.0
3356.0457
985.6937
4275.95
5657.97
0.0
0.0
4378.33
4491.1675
2528.6694
3194.3628
0.0
18829.822
0.0
0.0
2734.6123
1213.0361
0.0
1114.1302
51930.39
0.0
1595.453
1793.2797
536.95996
0.0
1492.1934
1923.2965
0.0
0.0
9494.259
0.0
1280.6578
2239.9841
0.0
0.0
12554.863
2412.7322
0.0
1273.599
2638.324
0.0
0.0
3037.5996
2999.6064
7635.5225
0.0
0.0
1936.7103
1228.7839
0.0
2451.3853
3749.1675
4812.5728
0.0
0.0
9629.494
4985.175
1187.9872
0.0
0.0
0.0
0.0
4067.2056
1054.105
1329.9097
0.0
994.99426
991.3342
4431.4453
4423.2544
6137.678
3657.56
19282.635
2603.6511
10586.324
1280.2672
13794.863
3276.5093
3609.9473
0.0
1130.2703
0.0
1715.6364
1870.8162
5134.5054
0.0
0.0
0.0
989.66003
3923.547
3616.338
1665.4778
0.0
3252.9849
701.72253
0.0
0.0
0.0
2765.6357
2660.1787
0.0
5207.038
0.0
0.0
0.0
0.0
0.0
2967.8071
0.0
0.0
7621.2314
3437.201
1862.9757
0.0
0.0
1430.7018
1056.543
0.0
0.0
0.0
1690.4221
0.0
9127.742
1207.8575
4757.7583
0.0
0.0
1379.6077
1085.5481
3861.8604
4884.5054
3681.354
1493.3134
32620.47
0.0
37163.7
1943.7864
0.0
0.0
0.0
0.0
0.0
6912.0044
2169.0093
1724.4005
4036.2349
4876.169
4345.416
3333.5342
0.0
4046.4087
757.00366
0.0
2682.9204
5140.3716
20609.648
0.0
2824.199
0.0
2671.795
1570.2759
18606.656
0.0
2038.5547
3164.8506
6649.1484
1877.0752
1063.0469
0.0
3445.7568
2695.254
2838.9832
0.0
861.7123
0.0
1008.4569
0.0
1271.7192
0.0
0.0
7876.6084
0.0
0.0
3856.752
13043.15
3812.4243
10041.083
3076.5
4091.7234
2930.4956
18467.645
0.0
0.0
0.0
4488.7466
0.0
0.0
2388.3958
898.8782
12817.863
24436.932
0.0
2253.3044
0.0
0.0
0.0
0.0
0.0
0.0
3942.9194
5667.0723
16144.928
0.0
0.0
0.0
1129.0576
0.0
4713.1885
0.0
2861.4324
0.0
0.0
5193.0366
2295.0728
1118.8522
6074.165
0.0
961.98535
0.0
1154.7551
8596.158
3756.2634
0.0
0.0
0.0
4540.098
0.0
0.0
3993.1387
0.0
2073.4346
2381.2527
0.0
0.0
0.0
0.0
4095.0542
0.0
0.0
22661.262
0.0
16409.125
1140.7368
2321.2617
0.0
1546.1254
1741.925
1382.0848
12399.811
5453.3535
0.0
9023.119
0.0
3215.037
0.0
898.02277
7655.4487
0.0
0.0
3139.3462
5392.879
444.89362
0.0
3114.8804
2446.4702
0.0
0.0
0.0
6796.226
0.0
0.0
0.0
104.572876
8182.326
2284.924
1017.039
2828.0652
1322.9244
8590.543
0.0
2091.476
484.49808
0.0
1642.2183
0.0
7772.5566
0.0
0.0
0.0
0.0
16871.863
769.52374
3001.0679
7333.8325
0.0
6641.242
6126.9277
1057.0808
4248.875
6940.4697
0.0
0.0
0.0
0.0
0.0
31641.574
0.0
0.0
1644.4254
5160.134
0.0
4860.311
865.14734
11068.148
2099.516
0.0
2271.694
2353.3137
2014.3043
1374.2126
0.0
1784.8055
0.0
0.0
257.0948
0.0
1171.4528
0.0
0.0
0.0
0.0
0.0
0.0
0.0
0.0
2129.9028
5677.0713
466.52423
11223.2295
0.0
13824.472
0.0
7394.6973
0.0
0.0
0.0
23853.816
1336.5999
0.0
3561.481
2567.7751
0.0
0.0
0.0
3533.618
8624.605
0.0
7118.141
0.0
3080.557
0.0
0.0
14255.091
0.0
0.0
1077.3583
0.0
0.0
1411.8751
4054.9424
2418.6243
0.0
56913.73
0.0
0.0
1820.6377
1205.0454
0.0
1907.4609
0.0
3519.126
7863.33
0.0
10674.799
95123.53
0.0
7908.7295
2695.5332
7141.2437
0.0
0.0
852.96606
0.0
0.0
0.0
0.0
0.0
1363.6575
0.0
0.0
3075.9995
3240.8584
12386.638
1733.8451
1479.9537
3002.8687
24554.15
21566.734
1186.0457
0.0
2891.5598
0.0
7110.3403
0.0
8129.376
5054.677
1617.5828
5208.8315
2932.7996
2927.22
0.0
0.0
1208.6072
8675.009
1315.0286
1780.1138
0.0
2305.0652
0.0
0.0
0.0
4347.7886
0.0
944.4946
975.7627
19133.197
1633.3162
1193.947
1683.0824
2942.563
25779.861
10528.305
0.0
0.0
1397.3652
2487.5571
4068.098
0.0
0.0
0.0
11746.626
2573.3538
0.0
8622.744
2830.7715
507.4693
1073.678
427.7127
5424.241
2654.7444
4965.7686
4698.9146
1580.1317
0.0
529.00684
2420.532
0.0
0.0
0.0
0.0
2304.2012
4777.0825
0.0
2729.215
1162.5134
14615.945
9809.944
0.0
0.0
0.0
0.0
0.0
4653.9644
0.0
0.0
0.0
1188.31
0.0
1788.8926
11088.064
1710.3899
0.0
6107.129
6248.9414
0.0
0.0
0.0
1732.9667
239931.53
14647.55
0.0
0.0
0.0
1961.4996
8162.334
2259.473
6097.473
0.0
4907.5205
0.0
1547.4417
3357.9546
0.0
0.0
7318.2974
2432.8281
2858.8545
0.0
0.0
0.0
0.0
1698.6139
8384.386
0.0
0.0
0.0
0.0
21541.34
0.0
11041.811
5949.4336
1066.3998
0.0
1359.0896
0.0
1353.9448
0.0
0.0
0.0
0.0
2347.5806
0.0
0.0
0.0
1481.2285
0.0
4897.6987
0.0
1939.5774
4554.9326
3069.8657
2602.863
7106.247
5474.7056
0.0
5242.304
0.0
3475.4214
762.1764
0.0
4738.8335
0.0
0.0
0.0
0.0
0.0
2031.5079
1801.0328
0.0
18072.098
2462.877
0.0
1507.8994
1239.8358
2362.1445
3208.3672
1126.106
0.0
0.0
89.609375
20509.207
0.0
2057.8872
0.0
871.655
2778.245
0.0
0.0
3646.1484
0.0
0.0
0.0
3016.1638
1323.6594
25339.938
1314.6766
0.0
5094.206
1491.2793
1218.0574
2792.1858
0.0
10627.932
0.0
2962.8762
3700.7253
0.0
14735.073
4033.9395
16689.674
1128.707
14096.406
3958.7222
0.0
5685.588
3056.5488
786.8225
0.0
0.0
0.0
0.0
3843.2632
11175.575
5342.396
7129.961
0.0
1635.532
573.8543
1540.9885
0.0
0.0
0.0
2549.7622
2958.9495
2513.184
0.0
0.0
4888.074
5292.423
3692.9946
0.0
2967.4658
0.0
2660.3643
1175.6101
0.0
4347.001
0.0
0.0
1950.886
0.0
0.0
972.00146
0.0
3466.1243
9704.507
0.0
3897.8926
5461.9487
1647.4915
0.0
914.68665
4370.201
4377.8145
0.0
0.0
2533.6047
6868.592
1509.752
4650.392
0.0
3278.467
2693.3303
3307.3423
0.0
194.50632
7394.1016
0.0
564.78424
0.0
2908.208
2897.8574
3997.1333
593.12616
5764.758
3401.7917
1196.2731
2915.4739
6987.5786
4143.6816
0.0
4022.8276
3534.797
6851.282
2755.8706
0.0
10243.83
335.90466
3305.4324
2708.372
0.0
6481.3486
0.0
1592.8994
171174.0
0.0
2061.7935
0.0
0.0
1347.3325
0.0
1435.4755
1177.0139
4565.788
4677.682
0.0
2722.2205
0.0
0.0
0.0
1854.7192
6385.5913
0.0
0.0
170551.69
0.0
0.0
0.0
1793.1409
0.0
0.0
0.0
8666.138
1104.3774
1145.1926
24008.838
180448.48
0.0
0.0
0.0
3130.1487
21142.46
0.0
0.0
0.0
0.0
4191.008
0.0
0.0
833.1937
6571.442
0.0
0.0
0.0
0.0
3049.8342
0.0
10151.533
10697.208
5253.4263
44705.137
0.0
5986.615
0.0
0.0
0.0
3005.26
2527.3943
63934.1
0.0
0.0
30650.28
0.0
17516.102
0.0
0.0
771.7093
1306.2306
5245.4546
0.0
0.0
4437.4976
2306.2278
0.0
0.0
0.0
0.0
1104.4055
1534.1987
5272.8813
0.0
1562.1816
0.0
6661.142
8707.111
2335.247
3012.587
0.0
250.37537
3699.6626
0.0
1474.8635
0.0
713.2031
0.0
994.58234
3397.1199
55758.453
5102.3125
0.0
0.0
10204.944
1660.8948
0.0
0.0
2106.289
9412.401
0.0
1116.3962
3411.3154
0.0
3493.9414
1533.6133
0.0
3719.8057
0.0
2716.7664
38857.293
0.0
0.0
4217.5913
8472.376
0.0
0.0
1939.6921
13226.853
0.0
0.0
0.0
473.64838
0.0
1226.4652
2668.8687
0.0
0.0
0.0
0.0
0.0
1841.7402
1199.9744
2744.149
3408.291
8998.977
3820.24
0.0
1868.3496
4662.581
0.0
0.0
6106.173
12644.721
5550.378
0.0
0.0
826.5435
2935.3215
0.0
765.6863
10014.257
0.0
0.0
0.0
1595.7656
3793.807
0.0
0.0
789.13086
0.0
775.77045
4783.8633
3831.2869
1001.8338
1471.8098
1300.3789
0.0
3785.974
769.0585
4132.2256
8549.986
11579.744
0.0
3257.363
1372.1401
0.0
0.0
1107.6349
0.0
3872.3953
12800.801
0.0
4172.8657
0.0
4207.2676
1250.623
1949.1128
11439.605
0.0
0.0
2566.7163
4761.4297
0.0
2623.27
5166.3438
3464.1013
0.0
0.0
608.181
0.0
2683.4534
0.0
2312.881
0.0
0.0
0.0
11332.494
4926.9863
0.0
6413.8486
4115.7114
0.0
1148.2668
3035.487
0.0
0.0
5078.859
5449.7505
4468.171
2224.3071
0.0
6723.988
1669.3794
3230.8833
0.0
2888.4531
0.0
0.0
0.0
0.0
0.0
0.0
3334.11
1540.1052
0.0
0.0
1166.3759
5259.8945
0.0
5949.536
6057.2314
3541.8408
0.0
1225.805
0.0
1932.6823
0.0
0.0
1021.5776
0.0
2198.2363
0.0
5675.6323
0.0
0.0
1422.1073
0.0
3497.3313
0.0
67632.36
1259.762
15411.118
0.0
0.0
1155.7848
3333.4536
29187.834
0.0
2518.169
2553.352
0.0
0.0
32857.02
0.0
1401.481
0.0
0.0
1355.0676
0.0
0.0
0.0
0.0
0.0
3808.0562
0.0
20838.828
14473.539
4214.8276
2175.4243
3907.5117
2377.1467
0.0
0.0
1523.022
0.0
2787.8193
2028.8943
2514.469
5747.0044
0.0
14146.318
667.16223
1029.36
1071.2738
0.0
2789.4036
0.0
0.0
6430.2393
0.0
2730.2637
0.0
2128.707
938.30066
6581.409
3150.7534
3045.576
1334.7192
4279.8975
3074.9268
2726.8296
2782.7317
3052.627
0.0
4394.9326
0.0
0.0
6951.1865
9475.829
3978.2905
19584.363
0.0
2345.062
0.0
0.0
4237.7188
4732.449
3328.2534
3099.7766
0.0
1885.8204
138649.42
1076.2783
0.0
0.0
13000.244
0.0
2962.1912
1348.4741
2455.863
0.0
0.0
3612.1575
225.85815
0.0
0.0
890.90784
1500.5535
10516.935
2283.827
1745.4878
2613.0896
0.0
0.0
0.0
6732.906
996.6621
2276.2197
1994.6042
61162.4
1241.1125
4584.198
0.0
1626.4598
2949.8213
1727.7181
0.0
0.0
0.0
0.0
0.0
145933.64
2467.7786
4280.44
12322.137
0.0
2406.336
1045.3173
8491.632
791.171
0.0
1474.7235
2288.0447
0.0
0.0
11363.434
0.0
4743.9365
3669.5942
5605.1685
2814.5923
3976.5205
0.0
0.0
1805.4412
4250.1895
6520.216
5411.056
3184.6233
2918.413
1417.454
93685.234
2868.45
3111.2373
2908.1836
0.0
15170.212
0.0
0.0
0.0
0.0
0.0
