0.0
0.0
0.0
0.0
1289.971
0.0
0.0
1904.4714
536.8978
2709.5293
980.0467
4510.0894
11795.176
0.0
1740.5548
2316.6226
892.7548
4831.38
4268.5254
0.0
0.0
0.0
1567.3425
0.0
3655.8623
0.0
23189.287
7314.272
0.0
3035.734
2435.5586
2954.2976
0.0
2212.2046
0.0
0.0
7291.5903
0.0
0.0
0.0
5533.753
2052.8047
1257.8962
0.0
12659.149
0.0
0.0
5503.3022
0.0
0.0
1530.1831
2209.1355
0.0
4152.6016
1529.7423
0.0
894.7698
0.0
0.0
0.0
13332.424
861.67224
8803.135
3884.47
0.0
2383.4265
0.0
0.0
2648.521
0.0
3820.8687
1501.7205
0.0
3168.5083
12.365753
2498.4968
2066.4678
4761.556
1779.886
5074.7266
0.0
1766.565
0.0
2562.3816
0.0
6788.368
0.0
4790.0312
0.0
0.0
0.0
1835.6962
974.15204
1724.6056
4206.0654
1988.7751
3492.5479
675.4314
0.0
7996.0913
218.95892
1608.0076
1043.3132
1032.802
1496.1155
28695.055
3527.9448
1739.1399
1236.1815
0.0
0.0
0.0
1318.338
12472.282
0.0
0.0
899.5722
5789.1787
0.0
0.0
14556.871
1718.3645
4983.259
2760.9473
11000.132
0.0
2060.0364
0.0
3264.9873
2148.8315
4314.8794
1102.904
20787.467
3273.9712
0.0
591.4918
6695.4023
0.0
261.62146
5951.896
2739.3552
0.0
13679.111
1831.3359
1191.5847
19552.549
0.0
0.0
1952.2664
2980.5588
5744.97
852.95917
4622.064
733.8343
2417.2065
0.0
0.0
1866.9697
0.0
0.0
0.0
2238.827
34304.734
0.0
0.0
0.0
0.0
0.0
10001.241
0.0
0.0
0.0
4843.686
4342.521
3868.8525
1324.3307
1849.7617
3117.2383
5813.1436
0.0
92.25913
2188.6326
84.56976
3456.1353
0.0
2364.292
0.0
0.0
5425.9023
22778.082
4880.4385
9938.263
12476.55
1378.8395
2157.1033
0.0
3236.859
1133.715
3102.5757
2127.5894
3430.2654
0.0
0.0
1545.1927
2035.8066
1128.5829
0.0
2573.504
13238.955
0.0
1721.7273
1353.1549
7347.576
4814.5693
0.0
1627.6779
0.0
4710.568
0.0
5305.9688
0.0
0.0
0.0
17328.05
0.0
583.5656
0.0
951.5596
0.0
6200.16
1624.5146
0.0
0.0
0.0
29242.438
1223.5713
0.0
8286.87
1641.1082
3793.4998
1647.5837
0.0
10961.344
0.0
14056.846
1286.8284
0.0
1585.7385
1796.5488
0.0
0.0
1333.4949
0.0
8406.261
4647.47
0.0
0.0
2381.2412
3008.7314
0.0
4796.694
1376.4785
9514.687
1603.5404
3486.9868
12677.501
2609.3472
16417.059
0.0
4892.0527
0.0
3147.6492
5011.3574
2364.8906
1147.8359
529.7124
0.0
5511.8027
0.0
6607.01
1902.0226
3474.5215
0.0
0.0
303.86392
19665.938
0.0
0.0
42601.9
0.0
1977.0884
0.0
6482.09
0.0
1987.7124
0.0
2961.0505
0.0
0.0
0.0
1358.8359
0.0
0.0
1779.1674
0.0
0.0
3920.169
1143.6919
0.0
1625.8574
2086.8381
1824.7925
2924.9158
0.0
3638.3823
0.0
0.0
14.664406
0.0
4455.5757
191.09808
0.0
12732.156
6344.1143
9840.423
1681.5303
1647.219
1320.1936
0.0
0.0
0.0
1233.592
1444.745
26690.537
0.0
0.0
1602.1995
0.0
0.0
1979.1187
0.0
0.0
6544.3525
0.0
0.0
2575.8247
4216.9165
0.0
0.0
6421.934
35703.47
2668.23
2180.1873
1178.4344
4652.202
1324.0442
2185.6055
23469.855
146.43335
0.0
13973.156
4460.8237
4043.1436
0.0
5207.415
3244.4622
0.0
1322.0854
2136.3323
0.0
0.0
4475.617
0.0
189.75644
2785.145
0.0
0.0
3196.7026
0.0
0.0
1378.6187
7701.478
0.0
342.01376
1770.6577
0.0
8003.963
1773.4014
2111.9956
66.2247
0.0
0.0
0.0
0.0
1254.7365
12722.02
0.0
3233.6904
2692.7925
2041.5999
2610.8528
0.0
1591.3463
0.0
5516.983
0.0
3212.2178
0.0
3505.3872
0.0
3008.755
0.0
2200.751
2628.479
0.0
1346.4866
0.0
0.0
0.0
2918.5808
7110.6143
8379.309
0.0
0.0
1954.4276
2840.1985
1178.2544
1616.3276
0.0
1773.0956
0.0
0.0
1192.1147
2021.3115
5762.923
0.0
0.0
100.66391
0.0
547.3434
0.0
885.19495
0.0
0.0
0.0
3700.9211
0.0
2814.675
0.0
0.0
0.0
2847.747
0.0
2542.0552
4366.8896
0.0
1811.6897
0.0
0.0
8372.304
1059.3983
0.0
0.0
4449.2383
4856.796
0.0
2959.588
0.0
0.0
0.0
813.8835
10744.718
7077.2524
6923.4795
11101.873
4401.5327
2736.917
1871.3923
1643.5677
0.0
1418.8792
0.0
560.353
0.0
2600.6475
3201.1929
0.0
4853.4316
3188.7441
4158.9253
2189.386
3788.4749
2397.5107
1048.2242
0.0
4158.1377
0.0
1614.1162
1736.6672
3398.3262
0.0
2082.3953
3939.1313
1186.7003
0.0
965.91205
0.0
825.58997
0.0
0.0
1721.0121
0.0
1324.6211
64.719284
4353.311
0.0
0.0
5528.1147
3968.113
0.0
1250.6084
2853.2393
13420.842
2178.592
1574.992
721.787
2745.4067
0.0
2102.8247
13322.516
2578.1284
0.0
7219.2573
3778.3865
0.0
2353.8455
0.0
5904.367
0.0
0.0
10478.248
0.0
5198.244
4803.2207
2675.0706
4887.436
3046.046
0.0
0.0
0.0
978.7069
0.0
0.0
1238.5574
2226.814
0.0
5076.109
0.0
2232.4292
2492.3975
3179.0012
612.90826
2039.7854
0.0
0.0
5102.6934
759.9808
1757.0889
0.0
0.0
0.0
0.0
2613.4912
3671.899
0.0
3618.45
3692.7964
4195.8193
5432.3945
0.0
1331.6421
1585.9265
0.0
0.0
6316.871
0.0
3379.3394
1032.0667
2110.0024
4636.253
2462.6812
4641.8057
2308.2146
9918.339
3724.3962
1361.6584
118262.29
1878.9182
0.0
17874.236
0.0
1582.9291
2124.635
0.0
0.0
2388.2192
0.0
0.0
1946.1006
5842.669
20812.664
2681.2678
0.0
0.0
12085.579
2276.8386
0.0
5805.108
0.0
145.02151
3302.4287
0.0
11967.86
6191.747
0.0
1333.3854
3173.785
0.0
0.0
0.0
4540.646
495.63168
10127.316
5661.5176
2162.808
1059.906
0.0
0.0
19.18039
0.0
0.0
0.0
881.3292
2441.7317
921.9881
4686.78
0.0
438.65607
0.0
2304.59
1223.3708
0.0
3856.5981
1737.6975
3036.7805
1331.3582
0.0
0.0
2426.5195
1364.198
1291.73
0.0
3161.6707
2449.3826
25673.145
0.0
3294.0894
12991.4795
2064.2583
2063.79
1937.1411
0.0
0.0
1468.5171
3674.0325
0.0
5478.6562
0.0
0.0
5616.4766
0.0
0.0
0.0
0.0
1452.1946
1468.6056
336.52695
454.6156
0.0
6736.2197
1209.4724
0.0
1549.4166
0.0
2310.5
0.0
5827.698
0.0
0.0
0.0
395.46353
1270.2198
2291.543
18573.373
0.0
2500.1094
2050.7322
1265.7496
0.0
12264.615
2913.4312
3136.609
13482.503
5732.9644
622.9475
5059.714
0.0
0.0
4508.2275
0.0
2507.099
3118.5598
2582.6475
0.0
4344.3696
2311.9844
0.0
7361.5557
0.0
1606.6143
1365.7875
11358.136
2052.2344
1966.6724
0.0
0.0
2336.0615
0.0
1552.6174
1874.2324
6620.773
1686.9907
1317.5552
47297.19
9160.105
0.0
3627.3972
1780.8616
0.0
1285.2034
0.0
3247.4038
0.0
0.0
1930.5276
0.0
3135.4485
7278.8613
0.0
3331.6265
1505.4713
0.0
5620.183
1649.4594
3898.3584
2108.085
2296.9158
2195.0002
0.0
23035.004
5511.927
34134.266
43832.0
0.0
5191.5835
0.0
771.4
0.0
1879.9111
2056.5923
0.0
0.0
1188.2837
4897.494
2236.8296
1580.6526
1428.0923
0.0
0.0
6655.4185
1643.1602
0.0
1524.9319
0.0
0.0
0.0
4686.491
0.0
0.0
1008.3043
0.0
1169.5459
7396.6094
767.1896
1259.8289
3536.856
567.7689
0.0
1389.6165
2374.7432
4967.476
5186.918
1980.9572
1014.7365
0.0
0.0
2141.188
0.0
0.0
3430.781
9770.53
0.0
0.0
39389.582
7744.4404
0.0
7171.367
3504.995
0.0
0.0
2840.5525
3270.2954
1501.0568
0.0
2694.365
0.0
0.0
0.0
1605.2405
0.0
2091.9414
2308.9912
1403.063
13617.882
0.0
0.0
0.0
0.0
0.0
0.0
9325.758
21642.328
44761.637
6814.586
0.0
4461.9287
2388.6143
2488.4219
0.0
2343.5405
0.0
3102.9814
1020.9703
0.0
4120.221
1022.57385
0.0
28389.988
0.0
916.5756
0.0
1195.4087
4815.0977
0.0
139.55524
2776.3926
2165.7083
0.0
3428.0378
8419.839
0.0
1242.5269
0.0
0.0
3130.9565
0.0
5375.902
5408.7153
0.0
0.0
0.0
6730.546
24495.197
0.0
674.4436
2135.29
4573.161
1338.1318
3415.3037
0.0
13649.47
1936.5764
2147.2148
1342.6005
0.0
1801.1702
0.0
0.0
0.0
2257.6096
0.0
0.0
2627.2563
4639.6494
1834.9277
1311.5898
0.0
2487.2666
2760.509
2791.115
1523.9777
0.0
5506.308
1199.3038
2681.1023
0.0
2493.974
0.0
3985.3135
8674.92
0.0
5635.2617
1691.8267
2529.568
0.0
0.0
0.0
0.0
17938.756
1052.8677
1362.1724
3991.1113
1216.4019
0.0
0.0
0.0
596.891
4334.0117
1771.6486
6819.576
117.71234
1155.3474
0.0
5367.646
2193.5327
1683.4833
7905.4697
0.0
0.0
6431.657
10176.515
0.0
0.0
28112.87
0.0
0.0
8198.327
0.0
0.0
7372.6455
0.0
0.0
0.0
1633.6179
31107.395
2073.154
4014.725
31987.082
6701.426
0.0
0.0
859.4752
149.08661
14411.244
1507.5898
2205.131
7789.348
0.0
2758.8496
586.8907
0.0
3445.4607
0.0
638.2207
0.0
1613.8792
2083.938
0.0
10632.938
0.0
0.0
1466.7056
5940.898
0.0
0.0
0.0
0.0
1415.2423
0.0
5353.851
13657.614
0.0
1753.1353
0.0
0.0
0.0
3571.9084
0.0
0.0
1816.5125
3993.8513
0.0
47022.766
0.0
0.0
2732.4556
0.0
1794.4509
3027.7344
874.51135
0.0
0.0
0.0
2006.7803
8759.421
13622.588
2943.3718
1449.3799
13707.229
0.0
1329.4368
3118.9346
0.0
0.0
0.0
2573.7256
3279.002
1156.5133
0.0
0.0
851.0968
1900.4624
3195.7715
1283.165
0.0
3030.9834
24015.045
4966.098
0.0
2978.7695
8517.84
2828.4497
10122.54
0.0
0.0
0.0
0.0
3460.9238
331079.62
3703.481
780.72833
0.0
0.0
0.0
1628.6005
2704.0002
3011.4658
1277.3247
1410.606
25918.191
4280.9688
2879.2593
4936.4077
0.0
0.0
2034.6245
2789.3257
0.0
4080.5752
13102.599
2940.4114
0.0
0.0
0.0
717.8282
0.0
3892.8735
0.0
0.0
0.0
5449.748
1665.1548
0.0
580.733
0.0
4559.646
1405.3865
1247.622
472.71417
3802.9458
843.236
0.0
8793.496
0.0
2450.2266
0.0
0.0
8885.538
1933.9277
0.0
1127.7194
18120.408
4551.811
0.0
1262.1451
0.0
0.0
2180.2712
5555.19
7401.5596
0.0
0.0
0.0
1214.3588
0.0
0.0
0.0
0.0
8230.887
0.0
0.0
0.0
2217.7842
4653.5415
82.045044
3134.7473
0.0
13441.538
0.0
1428.0469
950.729
0.0
2088.242
1697.9424
3590.6577
2823.6191
0.0
0.0
6682.914
2047.7041
25697.371
0.0
1244.7275
0.0
1423.4242
0.0
2043.5094
0.0
0.0
2054.2466
0.0
1159.6353
3092.0369
958.822
1426.7017
0.0
0.0
3569.65
1070.3723
1528.8708
0.0
4412.7603
1529.5109
64011.453
0.0
0.0
0.0
0.0
0.0
2342.8086
1785.5524
24497.32
0.0
3028.5215
2718.754
0.0
0.0
0.0
46838.668
6700.505
2854.125
2973.0603
53.857964
0.0
11.429413
6266.569
4690.043
4330.379
0.0
0.0
0.0
1030.7462
10406.589
0.0
4774.3955
7614.6826
1698.619
2245.0693
2415.8162
0.0
0.0
0.0
1423.6696
0.0
1494.3177
0.0
0.0
11221.987
0.0
3804.8699
5699.8926
4129.959
3590.2654
2952.6663
1364.1519
5435.0146
5751.9375
2057.8271
9176.908
0.0
1784.4509
0.0
497.59134
3562.2178
2868.3083
0.0
5362.066
123360.83
2574.415
3325.4946
501.81305
14041.514
1752.5155
0.0
0.0
1105.9548
3883.125
0.0
0.0
0.0
20006.215
2927.913
0.0
0.0
3401.7085
9572.903
0.0
0.0
1225.6722
329.47534
220.18019
1431.9122
2453.5007
0.0
3658.4653
1661.0847
5005.757
1512.264
1974.3054
0.0
0.0
5895.092
823.84204
0.0
1582.7412
0.0
0.0
0.0
0.0
0.0
5113.3784
0.0
2862.6133
0.0
4651.775
2618.9478
0.0
0.0
1878.0518
0.0
0.0
1788.5776
0.0
3236.3386
0.0
2581.0352
6742.9175
2774.4082
25652.049
332.65097
2417.4846
6407.358
0.0
4618.1357
3453.136
1402.1595
2592.406
8497.615
0.0
3065.0
2444.3433
2574.7642
2772.0115
1340.2272
0.0
17856.422
836.2477
0.0
0.0
0.0
0.0
1456.3379
4923.585
4900.258
1892.7069
4864.953
1117.3728
5389.5005
8222.853
0.0
0.0
2440.9595
4448.464
2301.424
6445.797
1367.1741
0.0
0.0
7190.2256
428.9486
4215.623
527.2342
3777.6953
0.0
0.0
0.0
0.0
5425.677
0.0
2495.5918
27799.607
14786.756
1181.9575
2623.3005
0.0
2733.2751
0.0
3358.5513
0.0
6330.8003
2161.4658
9139.449
1915.6156
1619.9224
0.0
0.0
1515.0188
1626.2942
1676.0109
3228.927
1609.7084
17152.297
102.23437
2861.2437
0.0
13613.387
1699.8785
2222.0627
0.0
2482.1455
2782.5745
0.0
0.0
0.0
0.0
0.0
15166.292
0.0
0.0
1183.5326
0.0
1426.7096
19269.781
14016.575
4220.827
2251.0085
2812.4412
0.0
1993.7305
0.0
0.0
2435.1782
4535.4263
3759.5515
0.0
0.0
0.0
1711.2913
0.0
11808.61
7161.14
1368.441
0.0
4780.94
0.0
2586.4766
1974.2587
2820.3467
1428.0657
0.0
0.0
2218.5176
551.69446
0.0
3654.85
2140.6133
1854.9099
5445.3887
466.02
1520.3336
6742.0854
10723.076
1814.1127
1061.9324
5114.9688
1689.5145
9359.0
0.0
4705.3716
3915.162
3761.2278
1103.1344
788.9505
9779.2295
0.0
1856.8649
1687.8792
0.0
0.0
1496.4253
4022.8591
2444.7595
0.0
0.0
0.0
0.0
1513.3569
2858.3228
0.0
0.0
4808.8325
0.0
0.0
0.0
7817.449
880.47473
5947.931
5268.1074
13243.295
0.0
0.0
0.0
0.0
1369.4045
1716.1023
2471.3237
16.718102
0.0
0.0
4001.159
0.0
0.0
0.0
0.0
0.0
0.0
8001.1123
0.0
0.0
0.0
1822.8477
2634.2349
0.0
0.0
1683.548
0.0
0.0
77540.88
1329.0929
0.0
4355.7427
0.0
0.0
0.0
3486.4482
2364.317
15076.79
940.8854
0.0
0.0
5744.815
1761.5815
0.0
2045.7725
0.0
1089.4917
0.0
2214.9111
1812.4174
10751.5
10448.126
0.0
2370.3533
1317.4161
0.0
925.0922
1544.3632
0.0
0.0
821.20654
0.0
0.0
17991.05
1439.8729
530.412
2180.9924
3426.0894
1428.1548
613.28015
0.0
0.0
4820.6807
1525.9226
6210.296
0.0
2898.625
11091.912
0.0
1531.1826
2297.855
3664.3335
1233.4255
0.0
0.0
6309.5986
1103.886
6307.574
2109.4814
2237.564
2737.2683
1719.614
1187.7521
7161.954
5109.2725
0.0
0.0
7123.07
1748.4705
1765.1221
606.1406
0.0
1517.5027
0.0
1294.2478
2530.9978
0.0
0.0
0.0
2385.3645
0.0
2454.4512
0.0
0.0
37.751526
3591.8113
2725.1902
13304.956
0.0
8006.634
2293.9746
1025.438
0.0
857.521
4788.3926
0.0
5286.2896
0.0
2879.3994
6236.834
1809.595
2816.0278
0.0
5612.3867
5454.94
5600.061
3781.6404
0.0
2521.4998
0.0
0.0
14430.632
0.0
0.0
2023.9948
2302.121
3676.071
994.3787
0.0
0.0
3277.0388
3784.8418
3482.0227
1605.1113
0.0
0.0
4554.9688
0.0
5952.703
2801.7996
0.0
0.0
2520.7725
0.0
2942.4167
3479.654
10284.635
2736.6921
0.0
2307.7097
1661.6016
2205.8784
0.0
16730.938
0.0
0.0
0.0
2333.0842
0.0
17893.992
14769.879
17368.742
0.0
0.0
2340.2595
354.68347
3860.5024
0.0
3530.8342
0.0
2579.86
4764.692
1089.9309
2057.7202
2100.5708
3071.0107
3482.244
1495.9717
0.0
2403.086
9849.7295
1374.6746
0.0
0.0
0.0
4529.123
5454.4243
2802.523
3921.588
1793.013
15647.119
0.0
2468.4775
0.0
8562.464
0.0
2092.6943
6221.6074
5043.04
0.0
3819.0747
1240.2037
506.40952
0.0
1278.1743
2891.785
0.0
1280.3733
0.0
1170.5361
0.0
1754.5133
0.0
0.0
0.0
3492.157
7971.169
2060.4683
2354.338
0.0
3581.15
1459.8163
8578.135
3055.35
0.0
0.0
0.0
0.0
0.0
1780.3284
0.0
1720.6826
0.0
1715.1027
2232.8784
0.0
0.0
3577.5862
1193.363
13546.73
1181.001
2427.4556
0.0
2287.7026
11098.876
2775.576
0.0
2557.488
4606.6807
5257.276
3160.358
3100.9338
0.0
2280.7617
2443.1426
0.0
2109.2827
0.0
42480.234
1256.1039
9905.757
1677.723
664.5287
1388.2759
19621.115
915.9098
0.0
1407.1409
7025.8086
2694.6006
9874.381
3319.108
2471.601
4946.8286
0.0
8276.364
0.0
4832.797
1515.701
0.0
0.0
8345.8955
4650.967
2002.5745
2417.4233
2240.456
0.0
902.3528
1388.8279
5274.191
1940.9512
381.0061
3981.7046
0.0
27485.682
348.75586
2039.6135
8727.673
0.0
601.039
0.0
539.2125
3949.6309
1640.5026
1497.6227
0.0
0.0
2090.159
0.0
2041.8514
5444.006
0.0
3884.821
0.0
0.0
0.0
0.0
0.0
1271.1141
7906.0425
20.942963
0.0
4613.7793
3678.1724
2246.0476
2708.0317
1511.0121
0.0
2329.6675
4963.359
14666.146
9163.674
0.0
0.0
0.0
6250.606
2133.7234
1157.2439
0.0
0.0
9.547058
1520.4478
2484.4834
2337.335
0.0
0.0
2276.0728
737.96906
8620.215
673.9519
2820.0273
0.0
1255.0452
1390.6478
2297.3408
481.59503
0.0
0.0
4496.4287
905.411
4892.949
0.0
0.0
2559.363
199.67096
0.0
0.0
2519.554
0.0
5093.281
4375.285
5106.6104
6098.166
1503.303
1818.0613
0.0
2345.5667
6508.8486
3568.8618
6384.786
16656.71
5558.978
0.0
1302.1178
0.0
2211.8298
3194.5332
2503.206
0.0
0.0
26.02658
1839.1812
3487.1235
0.0
1229.6813
4287.1836
0.0
0.0
1517.1787
0.0
13814.3125
0.0
0.0
2143.896
0.0
2974.8413
1002.5329
0.0
6368.284
0.0
0.0
0.0
2709.8157
4979.2695
0.0
1521.2057
2197.535
1954.4023
5029.285
0.0
1640.2258
17984.916
2383.256
1652.0752
0.0
3453.3408
3914.3298
0.0
579.1944
0.0
1869.8722
0.0
0.0
0.0
6888.1973
887.6493
0.0
126.64921
0.0
1646.6783
1565.0366
0.0
13911.14
4218.634
2298.5735
0.0
706.7842
1081.5768
30901.895
2512.7234
0.0
44806.215
8006.5854
2109.6167
4741.1514
0.0
5015.547
0.0
2466.7695
4929.0527
5395.085
753.729
1854.6852
6360.5786
0.0
0.0
0.0
7791.294
0.0
0.0
0.0
0.0
4673.424
0.0
0.0
4942.9443
0.0
18600.184
0.0
4659.0073
3138.5996
25358.693
5674.036
4026.4338
0.0
2217.3623
5289.844
18742.723
0.0
0.0
5529.7446
0.0
491.79715
3876.0974
2051.8833
3812.8752
1697.8057
0.0
0.0
17085.713
1727.7358
0.0
0.0
5045.323
0.0
0.0
1428.3379
1940.7821
0.0
0.0
0.0
30175.844
1028.7109
705.5912
1640.072
1456.8055
0.0
0.0
1801.4465
0.0
2369.0667
1313.7869
6551.237
0.0
0.0
0.0
8852.605
0.0
1382.6588
7081.507
2142.8623
0.0
2485.4683
1499.1934
0.0
0.0
0.0
0.0
3219.7312
1806.4718
0.0
3004.5703
0.0
0.0
1545.6544
757.70337
4716.7153
4828.8174
0.0
0.0
4883.698
0.0
3762.6665
0.0
6615.0757
0.0
0.0
12115.578
4217.2607
0.0
1441.8353
0.0
2461.0288
11319.112
0.0
1309.6669
0.0
2036.0476
461.88446
2013.5824
1138.2722
3032.34
0.0
2294.6392
1502.7041
0.0
0.0
0.0
1680.3186
2641.5789
6838.275
664.031
0.0
0.0
2807.081
0.0
4054.2725
0.0
863.9191
2109.687
2532.5996
3048.269
0.0
2355.171
0.0
2097.811
2322.52
1511.4558
0.0
1479.4972
3174.1501
0.0
124.39792
3482.4268
6492.1523
0.0
3774.7402
3135.7327
0.0
1643.8765
1342.4484
814.4031
0.0
0.0
2053.0398
5150.536
2710.12
1483.842
2216.8013
0.0
0.0
0.0
1443.3301
0.0
0.0
1696.7184
10234.347
0.0
5529.369
0.0
53627.64
2812.9429
19900.45
1374.8103
5310.884
5413.151
0.0
1026.921
0.0
0.0
0.0
0.0
0.0
2549.8171
0.0
4441.936
0.0
0.0
0.0
5099.9287
0.0
0.0
2090.9478
1759.6577
6593.2827
3971.8848
0.0
16375.736
1019.72107
1179.9554
4663.405
1281.705
4873.739
774.76575
3715.9258
5996.7764
9355.573
2812.475
222.95746
1485.6055
0.0
0.0
0.0
0.0
0.0
0.0
0.0
0.0
0.0
0.0
3640.851
0.0
0.0
6333.8564
0.0
228695.08
0.0
0.0
2524.0115
0.0
0.0
22.031448
0.0
0.0
2559.304
0.0
0.0
0.0
107.294495
223.98444
1929.77
0.0
0.0
1969.2979
5366.6885
6002.326
1493.3082
2750.8418
0.0
1202.982
0.0
1445.7827
2797.2666
0.0
0.0
1517.3951
4036.7026
0.0
4987.37
0.0
0.0
578.99536
1396.9636
9125.518
6187.1436
14164.115
3295.7444
0.0
0.0
3392.8328
1139.7483
819.4449
2630.9197
1716.3109
0.0
0.0
0.0
898.5508
0.0
2313.0308
2708.7444
2844.5056
1175.1744
0.0
165.19168
9547.033
1951.8405
0.0
377.54276
0.0
32226.004
826.00494
3410.706
0.0
0.0
0.0
0.0
2994.623
0.0
53863.348
0.0
18410.666
0.0
854.7943
0.0
0.0
0.0
1096.8289
1628.0275
2042.074
3431.4395
0.0
0.0
326.20874
2242.524
0.0
4284.3936
5379.865
6022.5605
0.0
10094.862
0.0
0.0
0.0
3261.673
0.0
1859.4435
2373.865
3087.5522
1289.5502
13353.723
1264.3177
15406.934
0.0
1771.6802
4821.51
5395.309
5309.744
2472.5137
2282.456
3977.2056
1577.8713
5132.416
0.0
0.0
3920.3972
2949.5818
0.0
0.0
0.0
0.0
0.0
4630.313
2401.232
0.0
298.55206
5491.538
11915.118
0.0
8522.254
2513.5854
0.0
0.0
0.0
0.0
14379.975
0.0
397.9129
10519.146
2055.5312
10236.197
1724.3877
1611.3447
5297.4966
0.0
7600.436
0.0
2884.544
0.0
3471.0774
0.0
4982.473
1715.6553
3879.9185
2723.001
2991.4688
4167.977
0.0
4065.5176
3615.9302
0.0
1605.8912
0.0
6290.408
0.0
6513.0566
1980.7677
2226.6472
1689.5248
3352.6235
3601.4553
1472.3899
3473.602
3826.8223
0.0
0.0
2167.1313
1884.5563
0.0
2510.6494
0.0
2011.3032
5490.801
0.0
0.0
3983.3271
3386.0945
1269.0149
0.0
1361.3701
13171.043
2045.9357
1948.0016
0.0
6219.1094
2537.404
2478.5068
3383.9282
3887.6492
1828.4895
2604.081
0.0
0.0
1813.1536
0.0
1292.0195
0.0
0.0
4690.3174
0.0
10005.853
2253.7695
79208.97
0.0
3542.046
0.0
1683.6245
0.0
2698.006
7609.2617
0.0
1880.668
2492.005
9815.742
1611.9181
4000.9744
1638.415
773.82245
2944.8555
0.0
4146.815
0.0
1521.8806
6238.0166
0.0
2907.6206
1707.6904
3107.9788
2362.9226
26930.592
45220.484
10743.69
1664.5554
4260.555
0.0
1417.273
0.0
2794.227
2695.579
6321.0454
0.0
1211.1506
0.0
0.0
3036.1187
1101.3368
2494.3892
4705.5312
8818.98
0.0
1438.6199
0.0
1410.9519
905.6525
2053.8115
911.7576
29024.44
0.0
9050.831
0.0
0.0
37078.78
2531.6582
5527.9497
2282.8884
6747.3623
1577.2777
0.0
1605.3586
0.0
3770.9253
977.09204
398.6133
3441.1
5820.48
1168.455
0.0
15753.819
3340.9502
2134.01
31177.219
1782.3707
8266.222
2242.1604
0.0
0.0
1971.878
3866.0764
1672.0776
4076.623
2448.2537
0.0
0.0
5218.049
0.0
2653.743
0.0
0.0
1328.3881
3976.8828
4472.6426
1727.0635
0.0
339.6931
0.0
0.0
1662.5054
2308.2239
0.0
0.0
0.0
3736.1262
994.367
0.0
5053.5884
0.0
1457.839
1877.4576
9734.877
0.0
2300.1074
26985.97
1536.6876
2524.2095
4524.3555
4119.506
3374.0688
13285.199
2377.642
1101.717
2255.278
6445.7666
1334.421
350.23666
0.0
2287.0366
0.0
0.0
28729.475
2253.4902
2559.644
1219.1746
119.618164
4737.1934
0.0
3702.6597
4839.367
1147.8553
2113.9312
14620.089
0.0
2373.0005
0.0
0.0
3965.5217
2823.7827
1573.6063
0.0
4505.033
4106.866
4352.4307
12487.67
7186.3096
0.0
3199.4045
0.0
0.0
14378.586
4490.96
0.0
2803.4062
0.0
1948.0369
3063.6345
5252.8843
5231.027
1918.4109
9576.288
1334.2756
0.0
0.0
0.0
62659.438
0.0
6542.492
0.0
29288.457
1479.5017
1689.1935
3604.8586
3237.708
3893.9312
0.0
0.0
291.35992
1090.0913
0.0
0.0
0.0
1392.8181
2415.6304
0.0
20216.258
0.0
0.0
2434.894
0.0
20.602928
0.0
2400.0608
4611.118
0.0
3292.1113
1957.124
0.0
1133.4312
0.0
867.3702
0.0
4825.356
1648.2655
0.0
1520.7515
8299.5625
9808.033
3115.7778
743.4616
0.0
8078.862
0.0
34143.516
0.0
4570.4404
0.0
1017.99854
2183.0286
4139.371
2969.8428
2215.1157
971.5383
0.0
0.0
3425.1975
1749.4274
0.0
1844.6718
0.0
0.0
2073.3728
2660.7358
1167.8801
1900.9808
1671.7745
0.0
203.41457
1369.531
2420.306
1162.2301
2518.2698
15964.406
10822.653
3033.13
3430.7722
0.0
3432.961
1036.8334
0.0
21809.02
2601.8057
2430.2832
0.0
4157.3994
2800.0154
11926.879
1548.4006
1331.5835
1724.4453
0.0
5027.574
2808.2007
14466.612
3906.9028
0.0
7128.301
2933.076
0.0
0.0
0.0
0.0
7239.542
226.86871
5856.7134
4410.462
0.0
2569.4377
3807.368
0.0
4067.7183
1625.7043
0.0
6309.4243
2648.7212
0.0
5238.211
716.0307
0.0
2394.2122
0.0
0.0
1165.376
6877.738
5025.255
2791.9507
2165.7053
0.0
0.0
7119.7905
0.0
0.0
0.0
2530.101
0.0
0.0
1462.7721
2253.1975
0.0
0.0
0.0
3066.3179
5459.037
4233.0063
2539.9854
0.0
0.0
6981.4736
0.0
6260.1577
0.0
0.0
5883.003
0.0
2378.7861
3226.3066
1322.3312
0.0
1305.6359
5453.8516
34.08699
2786.4062
7748.519
10419.333
0.0
4276.872
0.0
0.0
0.0
4029.524
19707.326
1824.2281
442.10593
2279.086
0.0
0.0
0.0
1660.5527
0.0
2256.6758
2238.0583
0.0
1873.9045
0.0
0.0
2848.4424
0.0
0.0
2375.2583
0.0
2083.5793
2126.1338
18704.96
1671.8608
7877.674
0.0
0.0
0.0
0.0
6201.8223
2025.6407
4107.9917
7233.7896
3311.472
2562.0876
0.0
0.0
1573.017
0.0
0.0
0.0
3136.9988
0.0
2534.3223
0.0
0.0
15744.048
3269.53
0.0
0.0
2481.6802
1404.249
2579.5117
3050.2478
4107.959
0.0
0.0
3214.1162
0.0
0.0
0.0
0.0
422.8324
6970.9253
0.0
756.76575
0.0
20004.977
0.0
923.8948
4287.1553
0.0
0.0
0.0
0.0
1986.2499
987.4903
0.0
0.0
7911.49
0.0
581.21735
2580.3728
0.0
3193.5386
4018.4604
3680.9087
1961.675
0.0
0.0
21492.049
888.40027
0.0
3217.78
1346.8643
2610.5286
3336.2385
16697.596
420.95148
8641.391
4154.8125
9689.467
0.0
2361.9448
2609.1248
18900.098
0.0
4181.204
0.0
2793.0017
2196.9485
0.0
2741.5547
7316.152
0.0
0.0
0.0
12287.347
4611.8677
3821.5344
2313.9294
3834.688
0.0
1237.0573
0.0
565.944
744.42914
1275.7098
1090.5808
37778.402
18851.451
1129.2969
2979.596
3290.8496
3060.251
1089.1903
0.0
0.0
0.0
5641.6006
1491.1669
0.0
0.0
1196.5032
0.0
7524.0127
63852.613
0.0
13314.711
0.0
2909.6057
9276.709
343.7485
1036.0796
2336.3545
1187.9404
1125.8875
1915.3167
5841.158
0.0
2537.2224
0.0
0.0
0.0
1591.6306
2045.6971
1101.8152
2131.9788
545.72723
3578.753
0.0
0.0
2440.6882
1664.878
3713.8552
2826.3757
1974.7944
1276.642
380845.0
1633.1682
2711.0403
0.0
0.0
1489.1526
5998.1475
1926.3441
352.14648
2224.4285
2263.296
2203.1848
1534.7571
0.0
1035.7162
707.30817
0.0
0.0
1681.2965
0.0
1857.876
0.0
52653.375
0.0
1373.7872
0.0
1630.3457
0.0
2322.0703
1798.0906
8785.361
1924.2379
0.0
0.0
2624.907
11669.834
0.0
0.0
0.0
7103.036
3135.0796
838.6336
1675.8569
3097.1284
3586.9097
0.0
2638.0405
0.0
0.0
3001.0012
0.0
0.0
1081.4176
1350.8711
0.0
0.0
288.76654
0.0
0.0
0.0
0.0
3174.0142
0.0
306.22772
0.0
1024.8865
3828.878
0.0
1164.4938
1505.3691
1228.3578
1367.8762
2964.0093
2923.5098
6871.537
2213.91
4646.21
1619.0071
4941.746
0.0
0.0
0.0
0.0
0.0
21105.408
0.0
2043.0463
0.0
1667.7783
7483.173
14151.736
0.0
3571.6777
1443.9329
3075.2
0.0
0.0
0.0
0.0
4372.9883
0.0
0.0
752.9474
2538.5713
100.937225
1890.6326
0.0
2776.2686
992.767
1749.3759
2931.5107
0.0
25553.016
0.0
2206.3022
4035.232
0.0
4902.497
0.0
0.0
4918.247
0.0
0.0
930.3367
2201.2727
0.0
11079.375
3672.222
0.0
0.0
0.0
0.0
0.0
728.4949
2991.1384
0.0
0.0
0.0
0.0
0.0
2351.4229
0.0
0.0
0.0
2655.087
2628.5066
0.0
0.0
0.0
0.0
2833.7566
0.0
0.0
499.6085
1651.2306
2291.873
1518.56
0.0
1239.5515
0.0
8956.219
3267.6423
4750.1406
0.0
0.0
0.0
1485.4863
0.0
0.0
0.0
1319.7964
0.0
12.1521
0.0
0.0
0.0
4317.695
0.0
30591.867
1332.4819
0.0
2548.5984
0.0
0.0
1931.9362
4886.6973
5243.815
0.0
471.16168
0.0
1557.3804
15051.533
11643.223
0.0
14574.974
398.7711
0.0
1341.9467
958.38635
0.0
1323.7291
660.58276
3904.9915
0.0
293.48355
4866.2227
0.0
1416.3265
8123.585
0.0
2502.539
1655.9453
217.0299
1926.5297
0.0
2030.5488
202.19702
2629.4636
1812.8706
0.0
3490.2021
0.0
0.0
1348.0306
2542.457
3118.3953
5760.8604
2998.4473
4117.3633
0.0
1404.9851
13784.091
2349.5984
7032.4395
9844.195
3216.8293
2683.289
0.0
819.57715
0.0
2730.678
5336.3906
6144.501
2160.6235
1680.888
0.0
0.0
0.0
0.0
4844.0664
0.0
0.0
0.0
0.0
2557.3594
0.0
4393.694
2830.4697
2165.306
0.0
0.0
0.0
3571.2483
4822.7324
565.0675
6110.92
0.0
5028.3125
1447.6031
991.3992
3470.582
3277.2708
0.0
0.0
0.0
1944.1157
0.0
1785.9443
3177.92
1514.9915
0.0
595.04626
0.0
3012.7683
0.0
1457.3014
0.0
1239.5154
0.0
0.0
0.0
1024.4967
769.42883
5061.3076
1917.6985
0.0
1427.7633
3448.919
2845.5425
10953.482
932.7653
0.0
1213.5748
975.68365
0.0
0.0
22687.299
0.0
1945.133
4402.9673
3809.8623
0.0
0.0
1419.752
5721.2163
0.0
1506.273
4105.846
22537.686
8236.948
1160.1205
669.3242
1515.5543
0.0
0.0
4673.4604
1776.7395
4835.9272
5284.6104
4188.7866
1829.4607
1373.6118
423.9356
1642.1432
2667.3325
2454.5889
0.0
0.0
0.0
2245.1677
0.0
774.09937
3345.1807
0.0
0.0
0.0
0.0
1803.3044
0.0
2404.8818
0.0
56.599243
1973.1462
0.0
0.0
0.0
2333.107
0.0
1966.6965
0.0
2785.273
0.0
3268.1667
3035.185
1397.0044
0.0
2475.947
0.0
3871.3694
430.7025
2022.032
1474.2062
4665.447
2398.9475
2324.0347
3607.0898
0.0
4512.977
0.0
0.0
0.0
0.0
0.0
0.0
0.0
0.0
1554.1677
4116.587
0.0
65241.25
7411.219
2046.0762
1832.8474
2451.1335
0.0
2444.3599
0.0
0.0
3092.622
0.0
0.0
0.0
3200.8665
90.49298
4016.6726
2100.4321
2830.663
6218.235
0.0
0.0
0.0
5943.159
0.0
2073.7798
0.0
0.0
1042.8717
0.0
0.0
1091.975
0.0
0.0
1785.7563
2750.981
0.0
0.0
4657.999
10810.871
6721.779
9734.24
0.0
6257.301
50337.09
0.0
2279.098
0.0
266.1228
789.18976
9797.436
0.0
9420.589
0.0
2538.9265
15617.695
0.0
0.0
2350.3076
7845.4375
2255.2249
3176.1475
0.0
3759.9216
2252.456
4465.188
4720.5415
0.0
0.0
3229.4634
0.0
0.0
2054.7214
91827.16
2606.7175
0.0
1441.3157
0.0
4648.7886
1702.4629
3383.75
4454.688
47975.883
0.0
0.0
0.0
2650.2336
1097.157
1602.93
4221.541
0.0
4072.7544
4782.287
0.0
0.0
1975.1355
0.0
2140.2961
0.0
2462.8745
7425.958
0.0
1800.1992
10256.338
2039.699
1976.362
0.0
2169.4436
0.0
1746.2704
0.0
1058.6085
0.0
0.0
2414.2578
0.0
0.0
1535.5222
3071.8833
3839.1494
13480.89
0.0
4333.14
1576.2753
0.0
3673.2478
3002.1843
0.0
1481.9421
0.0
22244.324
0.0
0.0
0.0
0.0
697.3292
0.0
10435.078
1973.8113
2033.3634
45149.883
4878.635
6.9895477
5211.779
1764.915
5585.8145
0.0
0.0
0.0
1837.0109
1509.8422
0.0
17428.783
0.0
496.89716
0.0
5006.841
2210.4392
2602.2876
0.0
1967.1836
7559.9023
0.0
0.0
1622.2927
0.0
3536.836
1921.5782
0.0
0.0
1504.6846
6928.646
1015.3652
4393.404
2226.89
5487.982
1562.425
9097.592
0.0
0.0
3140.264
3843.9028
2188.9746
3502.7397
2629.2246
0.0
0.0
0.0
0.0
2397.167
2112.0715
10160.618
0.0
1717.2327
0.0
4537.683
1760.5144
0.0
1569.0026
2568.9993
890.9982
1990.6097
433.05994
0.0
0.0
3125.9067
2629.7505
1611.3351
0.0
1122.7684
0.0
0.0
844.87244
0.0
1961.4796
0.0
1601.6349
0.0
0.0
3220.6465
1855.3649
0.0
0.0
2013.3456
0.0
6141.231
2696.0273
435.90375
1994.0032
0.0
0.0
0.0
0.0
0.0
599.833
1193.5161
1166.4518
0.0
1257.9797
0.0
3477.8398
0.0
14514.114
0.0
4555.258
939.9511
1757.88
1849.1176
8324.602
5750.183
2961.31
0.0
0.0
7149.57
0.0
0.0
7513.4487
1214.4877
1592.9407
0.0
1014.40076
0.0
0.0
2184.8267
1258.2621
1509.7926
0.0
5312.046
5341.4585
1046.3163
6479.6846
0.0
0.0
3037.6433
1282.772
0.0
0.0
0.0
1380.3138
3271.266
3491.3303
7154.1562
0.0
5217.401
2207.913
0.0
3681.1143
0.0
195855.81
6228.577
10464.418
89.791046
1572.6422
916.7589
5681.621
0.0
0.0
11611.201
0.0
13644.662
3450.8923
507.1797
6759.3804
427.32416
8668.476
2562.2236
2931.639
1499.6873
1764.1696
0.0
0.0
1856.94
11061.31
2508.3484
0.0
0.0
42161.47
1208.4546
19856.453
1452.7263
0.0
301.0573
0.0
12734.308
364.4876
3785.9255
2519.038
0.0
0.0
1406.1891
8780.55
0.0
7620.486
0.0
4758.05
9618.225
3484.898
0.0
0.0
3681.0967
3171.9897
0.0
3340.8628
1380.9077
0.0
944.7574
0.0
2149.0576
3264.868
12950.48
1215.5555
2054.3572
1845.727
16454.674
4561.733
17900.41
1736.1353
0.0
2075.0781
0.0
2549.3792
0.0
3146.7944
1935.3289
358.90152
0.0
3212.2559
0.0
5075.177
1049.323
1398.9954
0.0
4151.89
5143.4336
0.0
5336.8086
1589.7517
5515.022
22088.484
0.0
1699.0867
20987.016
622.17773
3367.2153
2107.9578
0.0
941.3485
4880.791
6093.6216
0.0
3498.7678
2830.3027
0.0
7424.8857
0.0
0.0
0.0
602.1075
1954.9346
0.0
0.0
0.0
2529.8765
3408.1711
0.0
0.0
4669.717
0.0
0.0
0.0
3728.5703
4236.6763
21905.754
0.0
1650.2399
645.5779
0.0
2042.5087
2021.002
2755.3206
1601.7753
0.0
0.0
0.0
0.0
10240.738
1491.5035
2227.3047
10492.175
2603.0786
1099.4355
0.0
8685.776
0.0
2258.2341
1555.102
2308.9226
1880.0897
16466.943
2348.859
0.0
1648.9067
0.0
0.0
0.0
0.0
0.0
4607.775
2107.7068
10067.043
1900.386
0.0
2089.2273
6197.482
14604.091
1336.6782
1002.15234
3015.136
1107.701
0.0
2331.5151
2428.5393
2221.1738
0.0
0.0
11813.256
0.0
1542.2294
2975.075
0.0
1516.3232
3580.1433
0.0
0.0
4912.8003
6396.6997
2298.0215
11116.728
40965.277
0.0
0.0
0.0
0.0
0.0
48147.19
3660.467
0.0
0.0
0.0
3358.0076
0.0
1702.0162
5185.6514
0.0
0.0
0.0
0.0
0.0
1004.14954
6419.0283
0.0
5466.595
18491.992
6847.903
477.36728
0.0
1400.6261
0.0
4185.008
0.0
1258.8674
1890.9347
6850.2974
3226.468
0.0
1216.0985
0.0
2163.3499
4538.3804
1104.4993
739.9627
1746.2676
1759.1924
3036.0076
0.0
6699.716
0.0
0.0
26877.24
1484.2018
2597.6577
3395.7007
0.0
1421.1389
0.0
23933.61
1010.1838
0.0
2681.8977
2440.6677
3077.7756
1012.5068
9446.985
0.0
4794.251
2478.8682
290.2273
0.0
8892.178
3080.3428
2008.2068
4513.002
3143.2769
0.0
1594.6709
0.0
3987.7432
25804.41
27738.248
7482.789
0.0
4404.93
0.0
0.0
0.0
26673.975
0.0
0.0
7876.225
1579.0559
2157.4128
9155.93
2012.4572
1178.3445
0.0
217.44525
0.0
3165.836
0.0
0.0
4794.5664
22111.516
1378.1606
4076.332
0.0
0.0
0.0
1161.8491
1805.5361
0.0
2621.0657
2344.7817
2634.2134
1281.3635
0.0
7683.0244
546.5476
3179.7073
0.0
6359.271
3524.5515
1761.6537
738.3592
2160.3208
6595.4316
2290.8474
0.0
0.0
2093.5237
0.0
1546.2725
0.0
0.0
0.0
399.5078
3278.1091
0.0
6670.3193
4296.313
0.0
1926.592
4836.9634
912.0141
0.0
1387.4822
2142.026
0.0
0.0
0.0
0.0
0.0
1684.7357
2116.6357
0.0
7754.8022
14989.655
0.0
0.0
1686.3589
5156.7153
4932.342
4982.747
2042.0334
0.0
1457.3082
2200.144
0.0
536.23334
4492.3105
0.0
5812.3623
4220.0586
5160.5527
0.0
8357.162
15219.391
1510.35
0.0
2084.749
5154.8813
1346.188
4230.2227
3358.3364
4294.604
0.0
0.0
4172.2007
1291.395
2539.2092
6070.664
1340.3772
5332.18
0.0
0.0
1090.1024
0.0
1755.3269
4307.925
0.0
0.0
0.0
86117.95
1526.1884
2241.449
0.0
3867.4148
0.0
3851.7998
2447.2166
0.0
923.1534
1559.9218
2529.5315
0.0
0.0
1366.196
8653.453
1817.129
0.0
0.0
11472.015
1500.59
0.0
0.0
0.0
7071.876
0.0
0.0
3086.5706
1111.6472
5753.7
2248.766
0.0
234.55331
1609.5897
0.0
5269.003
1292.8033
6245.588
0.0
1588.3896
3363.4185
5636.1274
0.0
49703.97
0.0
2815.6423
0.0
1513.4314
0.0
6231.198
5069.0254
2744.853
2958.8843
0.0
2934.9258
0.0
2398.6772
1937.2158
1479.8503
17030.523
3356.8467
3903.0469
1912.5634
0.0
0.0
0.0
0.0
0.0
877.0768
0.0
0.0
3485.338
2839.7893
2352.8342
0.0
1852.3729
1216.1246
12269.824
0.0
0.0
1842.1719
0.0
0.0
0.0
0.0
0.0
1365.7944
0.0
8949.969
1113.9539
0.0
3561.559
8263.449
4837.3164
2028.19
1238.3245
8601.027
2400.964
802.8772
0.0
1916.3502
0.0
8428.683
2793.1196
4529.362
2344.3137
2285.414
0.0
1526.3322
1609.7982
55289.2
0.0
0.0
15493.758
0.0
3996.5579
0.0
0.0
2694.915
0.0
2670.6436
826.3852
0.0
0.0
0.0
0.0
0.0
0.0
24469.525
0.0
7649.6084
11031.859
0.0
8135.6025
2568.483
1757.4829
4091.5513
1202.0668
1140.0359
0.0
1003.0692
0.0
0.0
0.0
1758.4905
56.376953
0.0
2832.995
4839.435
0.0
7824.8164
1814.1964
1442.2109
624.6485
532.50256
1209.692
1817.8367
1259.9221
0.0
0.0
0.0
3223.4326
2868.7126
0.0
1511.2695
0.0
5503.5366
879.83246
5104.94
0.0
4371.169
0.0
0.0
4951.9404
1220.5912
15342.906
1321.305
938.58594
0.0
1190.7294
0.0
1575.1294
0.0
2591.4746
1900.0996
17992.22
0.0
6084.7188
2385.783
2566.7407
0.0
4461.249
0.0
2912.1213
0.0
0.0
0.0
0.0
16105.797
2308.749
0.0
2017.3585
2187.276
2819.4578
0.0
0.0
2120.0005
2160.9595
16960.4
3608.5273
2104.6487
2845.4492
9243.811
1461.9487
1159.2578
0.0
0.0
1495.9875
1624.2107
0.0
2131.7158
1687.4501
0.0
3166.4968
7365.2314
3283.243
6190.2236
0.0
2198.964
1254.1866
2555.676
0.0
2681.2114
1408.5917
8314.356
20295.031
2149.6794
1857.4238
2356.1018
0.0
3112.9995
4928.936
0.0
0.0
0.0
0.0
0.0
4274.797
6703.5146
1779.2351
1122.7144
4871.171
2881.6963
838.98975
465.14294
2592.396
0.0
3094.7896
0.0
2299.941
1167.2261
17026.604
0.0
1118.8992
13083.785
3709.036
0.0
0.0
26634.04
0.0
841.7865
0.0
369.9058
5417.256
0.0
5009.5654
0.0
313.12152
0.0
0.0
0.0
2814.86
1512.1565
2878.8484
509.2763
2137.2507
12197.53
2618.3035
0.0
2164.0708
1103.6428
0.0
1491.6511
21059.738
3983.131
39633.773
4507.231
0.0
0.0
3062.5317
1709.4122
4305.0117
1359.0088
0.0
0.0
0.0
2674.8726
4106.6465
272.38696
0.0
1331.6487
2387.1196
2379.492
2539.0498
4745.957
0.0
6442.1743
5089.733
10835.951
0.0
8768.957
2548.9038
0.0
1877.1716
2141.1382
0.0
2191.9304
0.0
12142.169
8226.523
4762.4966
507.52332
9327.662
3331.2512
0.0
2312.7012
1261.4747
0.0
0.0
15811.6
6498.205
3611.3774
0.0
2931.1365
0.0
3204.2393
0.0
2470.8474
0.0
0.0
0.0
0.0
0.0
0.0
3352.9067
0.0
0.0
0.0
1750.6256
0.0
1220.728
1127.3013
0.0
0.0
0.0
1257.2644
4365.4233
1903.374
0.0
7286.5776
0.0
1165.8318
0.0
0.0
0.0
0.0
0.0
1257.661
2255.289
8391.183
33955.51
3224.834
2158.5955
0.0
2221.2983
0.0
0.0
2399.7954
0.0
1989.0184
1768.7673
0.0
1378.2043
0.0
0.0
5806.538
7154.261
981.44324
3175.0537
0.0
5343.8716
0.0
0.0
1009.50323
1614.645
1295.9851
3452.7854
0.0
5542.235
0.0
1681.8369
21820.273
74.046036
0.0
2230.1074
2441.5571
0.0
0.0
0.0
512.302
5840.5933
2790.592
1289.1117
3699.532
11237.633
0.0
3424.2236
1953.7817
0.0
3959.2295
0.0
1540.2286
1651.1838
2519.6938
2965.3862
0.0
0.0
1863.2964
0.0
0.0
1267.8766
0.0
1510.7773
487.18408
886.8738
6698.2036
3770.0918
0.0
0.0
2679.5244
0.0
1226.165
0.0
8197.443
196386.48
0.0
10534.223
22056.27
940.2529
0.0
0.0
1712.2445
0.0
1632.0212
1465.6633
0.0
3055.0093
0.0
2216.487
0.0
0.0
2615.6245
3126.468
719.41547
2574.989
0.0
4556.4507
0.0
30869.613
0.0
0.0
0.0
10080.266
0.0
0.0
831.8582
4892.1304
14563.736
7916.8623
1132.2229
1974.4344
4646.45
5017.3525
0.0
22650.23
1745.1512
5384.024
768.313
0.0
3369.026
4251.284
29371.064
4344.9014
0.0
2231.5845
0.0
0.0
616.2748
2115.9048
1579.7566
0.0
1686.7607
0.0
0.0
3563.4556
0.0
0.0
1615.6819
2820.3801
0.0
5691.621
0.0
0.0
0.0
0.0
2706.0637
0.0
1620.2275
2699.0386
0.0
0.0
0.0
36328.65
1928.9424
0.0
1345.2329
0.0
0.0
0.0
1004.4541
0.0
179.18216
0.0
1752.8351
0.0
0.0
262.0576
15778.088
0.0
1639.8992
4330.135
2705.5996
2311.0093
0.0
0.0
1036.6116
0.0
30140.758
1665.7548
9599.182
17574.074
9883.835
1265.0471
6817.5527
0.0
0.0
0.0
10164.681
4374.7183
11535.596
5794.9355
1387.5525
4783.777
0.0
2949.1326
2375.6716
0.0
0.0
0.0
1646.7596
0.0
4022.623
0.0
3423.3137
0.0
3398.7483
3056.6704
1125.6416
0.0
0.0
0.0
1522.4236
1616.83
0.0
2118.1257
8792.79
0.0
11710.094
0.0
5202.4106
0.0
2785.572
1951.1848
4922.6436
0.0
14880.285
0.0
14707.538
3010.968
0.0
1321.4872
801.13104
2056.561
0.0
621.99945
4868.3477
0.0
0.0
0.0
1873.8438
0.0
3478.6113
0.0
16757.602
0.0
0.0
0.0
2484.9495
2649.8496
6184.109
16740.664
8753.598
2549.7407
296.50073
17525.227
0.0
1638.228
4829.3555
1938.1471
853.4432
48.550606
4820.82
0.0
2830.9724
7995.89
6319.8022
16069.154
6601.6934
0.0
2646.2886
2567.0886
28259.117
3881.0774
2010.4398
3403.2136
1758.3384
0.0
16560.139
0.0
0.0
4429.2656
15457.335
0.0
0.0
1542.4954
0.0
0.0
0.0
1207.2299
3943.083
4303.703
4234.231
16912.807
1224.8945
3545.9138
2899.2827
0.0
7723.254
0.0
4930.1875
0.0
3412.0464
1979.9358
1663.6201
2451.6423
0.0
3400.9321
2495.9148
4510.427
0.0
0.0
0.0
0.0
3087.6655
3821.6038
1474.483
1244.5724
0.0
2753.8586
1280.5564
0.0
1759.9565
16296.494
0.0
13149.047
658.94055
0.0
3264.612
0.0
11434.265
2782.217
241.50717
11294.553
1109.1466
2109.0771
0.0
1363.0696
1260.9414
0.0
2358.6985
11438.113
0.0
2144.68
0.0
1926.4852
28744.215
1844.7218
7419.212
0.0
0.0
4811.566
4008.5222
4988.534
2359.5576
45477.15
0.0
1599.7024
0.0
1227.5348
0.0
15960.799
1022.5358
6468.3916
0.0
7087.4893
0.0
0.0
3142.8823
2698.3777
0.0
2415.548
0.0
0.0
0.0
3090.6448
2989.0974
2351.0806
0.0
2252.1375
0.0
21787.393
0.0
4564.2656
1873.6471
1946.5693
3913.2507
1375.6698
4696.478
0.0
0.0
2106.852
2693.747
793.72485
0.0
0.0
2109.4565
14762.855
0.0
0.0
0.0
3537.1304
2770.8186
0.0
86.275375
3720.8667
0.0
7386.8315
2615.5752
1373.5192
2055.5498
1543.6776
0.0
0.0
1443.5972
4231.4204
2502.3672
0.0
6830.482
0.0
0.0
1931.975
0.0
3425.341
4083.1226
2297.8643
0.0
2976.6665
727.8211
10626.598
3641.63
1947.8857
0.0
0.0
0.0
10799.67
1178.9749
2882.7178
0.0
0.0
0.0
2269.1294
0.0
0.0
4321.575
457.27853
0.0
0.0
2699.011
5125.1123
0.0
0.0
0.0
30110.86
1224.7185
0.0
940.97394
871.7558
0.0
2887.1992
928.3814
0.0
5595.242
0.0
1957.3483
4004.279
0.0
4018.635
1701.4827
0.0
0.0
1384.4669
0.0
0.0
4415.5947
0.0
21090.273
0.0
1655.9528
925.9169
3356.1655
2280.5376
0.0
1216.8314
1239.9441
1961.352
5731.399
2570.967
4887.4775
1806.067
2.573639
2408.3022
0.0
1622.8065
0.0
1466.804
20919.123
0.0
263.9864
5543.291
0.0
1669.9778
3974.0986
2091.364
0.0
55002.14
0.0
0.0
0.0
1395.2876
0.0
1483.6167
0.0
0.0
3397.2332
1343.9297
8140.515
0.0
0.0
1836.1184
40456.31
0.0
0.0
0.0
24941.367
3898.9807
1529.2158
47617.43
2725.8367
13297.418
2159.5476
53494.07
5556.26
2019.4951
2369.9531
2490.7808
912.2013
12449.448
2209.375
6728.671
0.0
2256.1235
0.0
1225.1423
2263.197
1621.2429
0.0
2511.244
3512.3088
1177.2252
1188.9594
0.0
0.0
0.0
1666.8171
2887.2063
1688.094
0.0
15120.7
2733.52
2136.007
575.02014
8029.4526
1038.7357
6490.5645
0.0
4535.8438
929.5348
3418.415
0.0
40791.45
0.0
4447.1465
1944.0088
0.0
0.0
0.0
5019.3135
5134.6064
8973.01
0.0
8871.148
13172.539
0.0
2650.378
2390.239
0.0
2555.0254
0.0
11181.98
2287.7776
1513.5585
2138.5874
0.0
0.0
0.0
2392.4998
1412.3297
3319.7488
3564.086
0.0
0.0
5573.702
0.0
0.0
0.0
2058.632
0.0
21375.56
463.80017
0.0
1196.0112
2505.8003
2120.2854
0.0
2381.4316
13982.072
2468.3054
1935.7445
2810.3723
1417.9668
2115.6072
1314.4773
0.0
0.0
0.0
1956.7637
1968.7705
1164.2827
1252.3352
21386.188
0.0
12985.842
86.395195
1839.6799
0.0
0.0
7251.209
0.0
2481.4172
3047.994
2172.9966
1201.8239
6589.766
0.0
3221.8723
2524.841
2079.0562
9175.508
0.0
0.0
0.0
1632.3728
12399.336
0.0
0.0
5924.656
0.0
0.0
2351.558
2713.7651
0.0
1512.0049
13414.894
3490.1147
1406.22
0.0
0.0
0.0
0.0
13951.218
3894.377
1928.6058
2032.5193
2597.0159
4544.8125
6771.352
0.0
0.0
0.0
7811.878
2397.6343
0.0
1290.8983
2789.7456
5062.292
0.0
1255.9908
3584.5322
2393.5776
332.16873
7075.004
1995.4418
3176.3257
0.0
0.0
58220.477
4872.7686
5302.572
2390.147
1376.2888
0.0
0.0
1968.5948
5516.6636
0.0
0.0
1115.5443
7110.6885
3232.8613
2060.7874
5210.195
12855.418
2756.372
1073.1613
3682.6504
0.0
0.0
1265.126
5483.286
3339.6943
2165.0188
4373.825
2467.199
7414.226
0.0
0.0
2715.0117
0.0
0.0
13840.988
0.0
0.0
204.36012
0.0
0.0
0.0
4888.6543
1636.5723
3135.1704
881.7053
0.0
1320.3759
1414.4243
1073.6887
11237.1455
17.904053
0.0
1194.304
4009.3186
12529.17
0.0
1407.289
0.0
0.0
5375.7144
1574.2599
5854.584
1745.6035
15982.091
1740.4313
0.0
3805.2427
2061.4685
2077.8665
4834.958
1301.4639
3443.012
3064.1653
2198.1384
0.0
0.0
0.0
0.0
0.0
4833.799
2916.9475
0.0
2132.9739
1395.9327
2703.0718
0.0
2278.4727
3733.3115
0.0
0.0
0.0
1644.3206
2803.522
0.0
0.0
0.0
904.8218
0.0
1785.1638
1962.1401
0.0
0.0
0.0
0.0
0.0
2285.9236
2086.393
0.0
1236.3745
2178.6067
2490.1743
4783.5117
0.0
761.3855
19220.352
2766.3994
0.0
5466.98
0.0
0.0
0.0
1621.3125
0.0
2318.6672
0.0
1363.2363
0.0
0.0
10079.501
0.0
1398.4419
3048.085
231.51765
0.0
0.0
1436.7284
0.0
0.0
2805.9304
1214.3359
3325.0425
1211.9429
0.0
0.0
1598.4431
0.0
0.0
4081.6216
2954.194
0.0
0.0
12701.972
0.0
2120.9497
874.7029
1775.6805
13868.597
4131.0225
2871.3372
0.0
0.0
0.0
2350.6812
0.0
0.0
3654.0598
1162.015
762.8608
1409.8848
22675.088
0.0
1970.7314
0.0
2223.264
5363.003
0.0
0.0
0.0
0.0
2448.7131
2869.7415
0.0
2759.4023
2854.411
2862.9011
1835.2179
5653.751
0.0
0.0
1886.6722
0.0
577.4841
0.0
8671.698
1419.7195
0.0
0.0
0.0
281.61163
3622.7349
0.0
0.0
0.0
4139.2
2068.2056
5256.39
3560.1292
3552.1807
3711.7754
0.0
1407.434
0.0
2512.8547
1847.6863
2090.914
0.0
90239.36
1340.2539
2928.0625
2473.5603
1285.9978
3082.3252
0.0
2902.8843
0.0
476.72684
0.0
4777.049
3043.5618
1019.42523
2067.4543
0.0
19194.48
0.0
1813.5647
6165.1465
7006.4043
0.0
0.0
1240.0067
2398.469
0.0
0.0
0.0
0.0
36738.273
3211.7334
5118.9336
25631.994
0.0
831.9448
1003.482
0.0
4223.911
0.0
1440.9226
3359.2126
1560.6633
0.0
0.0
2323.4683
7107.211
5387.2383
6962.858
0.0
2894.8257
1161.6627
3998.2065
4414.3823
0.0
10706.309
5757.628
2023.3844
0.0
1380.2322
2658.0222
0.0
0.0
13992.69
3793.1902
1410.5186
0.0
0.0
3561.1755
8947.728
0.0
0.0
2093.8096
0.0
0.0
0.0
5502.128
2826.8877
5062.903
2607.6853
959.8646
9146.301
2108.1304
7859.433
0.0
0.0
2225.9639
5896.706
2797.3843
0.0
5719.77
1843.9067
1136.828
23045.848
0.0
4371.3887
2193.5122
0.0
0.0
5860.3433
2350.8877
1048.3485
0.0
3082.8303
1869.2415
0.0
2923.3726
0.0
12057.81
10490.869
0.0
3155.3374
0.0
4344.4536
5864.8516
1002.0739
7079.4194
0.0
1423.9155
0.0
4771.5103
26763.957
0.0
0.0
1802.481
1598.3446
1065.852
2290.1235
4405.3228
0.0
0.0
2242.136
3901.0415
1852.971
0.0
0.0
1535.8857
3534.0146
0.0
3880.7827
0.0
81273.12
11753.523
827.31647
2423.475
0.0
2177.1545
0.0
0.0
0.0
3247.657
24246.82
1989.6483
1087.7819
1947.3589
972.609
23619.21
3077.1414
0.0
0.0
0.0
0.0
0.0
0.0
0.0
1980.5392
2914.659
0.0
1693.1656
12304.262
2840.6348
0.0
4126.4453
0.0
0.0
0.0
6142.5703
0.0
0.0
2725.9795
2096.0015
4411.3335
5662.4453
0.0
0.0
3825.1055
4552.555
3143.4258
3111.2356
0.0
16072.781
0.0
0.0
2085.23
1543.2003
0.0
1138.6028
58100.71
0.0
1944.6068
1753.7698
422.98328
0.0
1604.97
2202.8215
0.0
0.0
9451.329
0.0
663.73474
2232.654
0.0
0.0
12815.691
2816.0027
0.0
870.53723
2725.398
0.0
0.0
3306.3894
3241.9497
6404.17
0.0
719.0708
1848.904
1227.803
160.57895
2561.8643
3132.0554
4423.585
0.0
0.0
9122.15
4911.8633
1603.3645
0.0
0.0
0.0
0.0
3894.5376
1687.42
1885.4487
0.0
0.0
1218.2124
3940.0557
3162.8848
5101.449
2269.1208
18687.428
2062.037
10975.846
1059.0039
13113.485
2787.3293
3566.32
193.14009
395.55978
0.0
1764.2727
2242.2812
5068.493
0.0
0.0
0.0
1311.0428
3090.2769
3049.7407
1840.9038
0.0
3433.8503
1375.6755
0.0
1234.2347
0.0
2476.0623
2318.9883
0.0
5388.4707
0.0
0.0
0.0
0.0
0.0
2543.2039
0.0
0.0
6957.0303
4757.801
1971.2815
0.0
0.0
935.8046
1641.7401
0.0
0.0
691.6958
2242.6719
0.0
6804.801
0.0
4294.1455
0.0
0.0
1382.7572
0.0
2394.2021
5337.111
2585.4258
1223.3651
24446.713
0.0
42978.473
0.0
0.0
0.0
0.0
0.0
0.0
6651.0063
2330.7947
1749.2593
4093.8047
4634.6133
4028.8354
2860.9895
0.0
4274.8574
952.28925
0.0
2435.4102
5293.5127
20304.758
0.0
3281.0825
0.0
2353.693
1762.6122
17680.887
302.16153
1782.9905
2841.5325
6788.384
1763.9519
1188.5697
0.0
3333.581
2948.805
2705.6418
0.0
0.0
0.0
1356.2422
0.0
1277.1205
0.0
0.0
6684.222
0.0
0.0
2987.209
12499.442
3922.3135
8366.985
2621.19
3430.2078
3250.9624
13728.82
61.83661
0.0
0.0
4587.8506
0.0
0.0
2808.8516
453.93625
11389.874
22850.248
0.0
956.84656
0.0
0.0
0.0
0.0
0.0
0.0
4438.8076
5527.0884
16410.37
0.0
0.0
0.0
1349.0612
0.0
4378.402
0.0
4009.3882
0.0
0.0
4523.759
2138.2754
1702.2847
7376.6235
0.0
1025.8384
0.0
898.92017
8327.799
3537.2617
0.0
0.0
0.0
5234.164
0.0
0.0
4275.5156
0.0
2031.8229
2113.3618
0.0
0.0
0.0
0.0
3870.4697
0.0
0.0
22481.998
0.0
17509.066
1490.7565
1941.9193
0.0
1739.2625
1798.3073
1726.324
9166.427
4980.74
0.0
8990.64
0.0
2490.7073
0.0
1604.6659
7450.3843
0.0
0.0
3996.9248
5556.6997
646.8045
0.0
3075.0728
2898.0073
0.0
0.0
0.0
5726.9927
0.0
0.0
0.0
0.0
10590.354
1653.9938
1271.7361
2609.186
1862.8
8512.305
0.0
1911.6569
0.0
0.0
1939.0977
0.0
9280.24
0.0
0.0
0.0
0.0
17862.035
1414.0055
2328.6223
6023.0513
0.0
5387.1772
6075.745
1944.6678
3933.2434
6488.237
0.0
0.0
0.0
0.0
0.0
33033.793
0.0
0.0
1843.6781
4365.5977
0.0
4020.9033
549.4864
8309.002
2216.7363
0.0
1767.846
2252.7166
5927.8022
1542.8938
0.0
1903.7189
0.0
0.0
798.1809
0.0
1428.4265
0.0
0.0
0.0
0.0
0.0
0.0
0.0
0.0
1973.9268
5320.339
1134.6963
11469.828
0.0
15742.608
0.0
7568.1963
0.0
519.2555
857.0255
26703.643
802.8639
0.0
3324.0305
2632.105
0.0
1033.508
0.0
3551.9949
8083.963
0.0
6328.2188
0.0
3869.33
0.0
0.0
12504.693
0.0
0.0
276.33917
0.0
0.0
1657.7896
3414.1497
2796.228
0.0
51193.88
0.0
0.0
2172.1787
1164.1041
0.0
1881.0773
0.0
3551.8838
7309.0527
0.0
10585.02
73470.34
0.0
7717.3994
2385.3906
5317.084
0.0
1884.8845
616.2817
0.0
0.0
0.0
0.0
0.0
1532.8225
0.0
0.0
2608.962
3005.1973
14915.969
1130.4131
1989.0643
2805.2307
22887.945
20480.312
1642.9198
0.0
2460.9326
0.0
6624.1104
0.0
8052.2964
4562.483
1639.9675
2575.6943
3007.2842
2529.1416
0.0
0.0
1512.7017
8996.087
1232.0845
483.73312
0.0
1848.8518
0.0
0.0
0.0
4239.3223
0.0
1361.2539
1037.6559
20716.156
1332.2683
105.453766
0.0
2197.304
27525.535
9313.252
0.0
0.0
2011.5952
2271.9023
3896.6636
0.0
0.0
0.0
12155.293
2402.0461
0.0
7091.015
2747.4148
1131.5486
1583.0258
0.0
5039.091
2074.017
5131.4316
5320.8623
2093.954
0.0
1662.4785
2789.157
0.0
0.0
0.0
0.0
2642.329
4985.197
0.0
0.0
2383.2625
13516.281
9525.717
0.0
0.0
0.0
0.0
0.0
4040.1143
0.0
0.0
0.0
1744.7954
0.0
1376.9884
10960.937
1950.0632
0.0
5445.6807
4757.1724
0.0
1078.8336
0.0
1955.5106
243090.39
13474.039
0.0
0.0
1296.0299
1478.445
9508.5
2093.7231
6188.883
0.0
4470.0547
0.0
0.0
4772.3833
0.0
0.0
7930.1475
2576.6143
2996.1892
0.0
0.0
47.505234
0.0
1527.4515
8632.455
0.0
0.0
0.0
0.0
18738.64
0.0
12181.324
6383.9224
1304.8406
0.0
2173.7925
2022.2299
1524.9353
0.0
0.0
0.0
0.0
2185.2246
0.0
0.0
0.0
1891.8934
36.79143
3595.2075
0.0
1980.9865
3903.8164
2198.1262
2522.4883
6073.741
4523.244
0.0
5043.9956
0.0
2084.0159
1655.844
1736.1508
4293.8193
1139.1326
0.0
0.0
0.0
0.0
2505.713
1579.8513
0.0
14367.606
2357.6885
0.0
1806.5425
1286.5352
2347.3486
2967.4612
1456.1785
0.0
0.0
80.04031
21142.29
0.0
1914.5085
0.0
1713.8782
3358.8108
296.6488
0.0
3099.9158
898.9622
0.0
0.0
2843.6763
1327.1747
26160.299
1377.9541
0.0
5172.3486
1595.1155
881.85657
2053.2454
0.0
11163.216
0.0
2482.8027
2918.276
0.0
13050.719
3800.0183
17767.14
141.81914
12728.623
3601.1523
0.0
6137.1455
3213.9844
1432.9188
0.0
0.0
0.0
0.0
4663.4717
9689.279
8767.643
6042.365
1262.0095
1639.0452
503.02655
1678.1915
0.0
0.0
0.0
2125.112
3193.779
2151.1687
0.0
0.0
5102.2227
4364.9326
3044.1123
0.0
2759.4844
0.0
2701.3694
1762.0414
0.0
4295.9604
0.0
0.0
990.56604
57.951904
0.0
1230.0732
0.0
3841.555
8455.441
0.0
3324.1636
3639.718
1732.9756
0.0
1606.6941
2949.7234
5359.1406
0.0
0.0
2585.8792
6058.543
1027.2571
3953.6433
0.0
3384.7483
2668.4033
3161.1797
0.0
928.8284
7069.4487
0.0
0.0
0.0
2909.0586
3391.3003
4172.8584
1650.6368
4915.3203
3437.3525
1342.4619
2186.2368
5726.9805
4981.065
0.0
4001.2903
3440.6812
7276.814
2616.5452
0.0
19708.16
0.0
2990.9116
2477.9211
739.2396
4920.1665
0.0
2207.6934
119325.66
0.0
1321.7694
0.0
0.0
1591.7771
0.0
1617.0253
1491.2295
3908.9658
4332.946
0.0
2284.0322
0.0
0.0
0.0
2204.5278
4775.7295
0.0
0.0
164733.84
0.0
0.0
0.0
2119.077
0.0
0.0
0.0
7129.244
1810.0559
1665.6189
21378.174
201434.62
0.0
0.0
0.0
3535.2556
20909.105
0.0
0.0
0.0
0.0
3889.6177
0.0
0.0
1634.6007
4865.4785
0.0
0.0
0.0
0.0
2986.9749
0.0
8639.364
9908.631
4380.6357
34484.438
0.0
7275.343
0.0
0.0
0.0
2443.2402
2963.0051
69364.95
0.0
0.0
27722.975
0.0
12142.064
0.0
0.0
1711.4923
2105.2976
4431.832
485.63666
0.0
4542.3906
2312.3027
0.0
0.0
0.0
0.0
568.8407
1841.8074
4808.452
0.0
2515.0718
0.0
4983.664
8002.9766
2385.017
2599.0505
0.0
0.0
3354.4248
0.0
1618.1746
0.0
1789.3391
0.0
1276.8053
2555.1094
62485.867
3848.639
0.0
0.0
8027.967
1989.2722
0.0
0.0
1569.6863
8810.824
0.0
1461.9446
3132.728
0.0
3568.9
1259.5577
0.0
3495.2236
0.0
3072.305
36840.723
0.0
405.9893
4125.0513
9278.723
0.0
0.0
1774.9808
13233.188
0.0
0.0
0.0
1600.9004
0.0
1206.0094
2618.9138
0.0
0.0
0.0
0.0
0.0
1458.8765
1436.775
2629.0947
3307.9644
7885.5107
3532.5967
0.0
2210.788
4233.8174
0.0
0.0
5824.64
11217.242
5486.9746
0.0
0.0
1201.421
2866.8706
0.0
1279.2349
9567.783
0.0
0.0
0.0
1658.8105
4709.9746
0.0
100.80388
717.8586
0.0
841.2801
4649.952
3870.2798
1472.1495
1425.7465
1635.2181
0.0
3642.9749
1543.252
1940.248
8754.514
12837.449
0.0
2713.9622
1380.6976
0.0
0.0
1543.809
0.0
3030.8762
9617.006
0.0
8841.306
0.0
3441.8174
1514.2964
1797.8148
11492.124
0.0
0.0
2417.2764
6258.1772
0.0
3025.5203
4100.8364
3083.1846
0.0
0.0
28.449451
0.0
3210.939
0.0
2208.5608
0.0
0.0
0.0
11503.679
4298.876
0.0
4435.7676
3868.0837
0.0
1691.2871
2429.6904
0.0
0.0
5075.243
4768.585
4255.055
1984.3926
0.0
5597.878
899.37085
2976.4373
0.0
2805.3196
0.0
223.47348
0.0
0.0
0.0
0.0
2954.5498
1956.7759
0.0
0.0
1262.7177
4202.591
0.0
5844.449
5472.8594
3313.3843
0.0
924.2752
0.0
1496.361
0.0
0.0
1410.2374
0.0
2134.257
0.0
4978.34
0.0
0.0
1227.376
0.0
2567.3433
0.0
77599.41
1226.7632
16281.279
0.0
0.0
1023.3791
3097.4082
26117.494
0.0
2062.5789
2690.9182
0.0
0.0
24710.434
0.0
1860.5488
0.0
0.0
1176.5774
0.0
0.0
0.0
181.02069
0.0
5849.0176
0.0
17310.396
17044.686
2851.0002
2123.0005
3048.9673
3018.7275
0.0
0.0
1458.2295
0.0
1771.1907
1831.6283
1868.5465
4109.653
0.0
8102.5054
507.9946
948.2264
1590.5028
0.0
2740.2085
0.0
0.0
6577.531
0.0
3115.0566
0.0
2688.7952
1777.2452
5247.7935
3054.817
3260.8965
1309.7544
3488.4004
2637.7925
2129.3677
2809.2136
3096.1677
0.0
3296.1028
0.0
0.0
6903.6855
8550.112
4322.285
14593.13
0.0
2626.3582
0.0
961.7152
4331.912
4716.325
3076.0908
2482.297
0.0
1712.4075
139805.39
1528.007
0.0
839.213
10699.625
0.0
2207.817
1783.0698
2921.108
952.08704
1053.2705
3500.644
0.0
0.0
0.0
0.0
1408.1172
11799.888
2976.186
1959.2197
2963.9375
0.0
0.0
0.0
5747.872
1402.7526
2147.9446
2260.6797
59198.48
1155.6587
3427.9421
0.0
1705.8923
2973.2837
3207.8108
0.0
0.0
0.0
0.0
0.0
110421.31
2918.6064
3741.271
11202.004
0.0
2332.6638
478.85895
7922.283
1235.8351
0.0
2120.6895
2328.8052
0.0
358.98755
9770.705
0.0
4413.493
2859.8762
4614.607
2468.0835
4087.7886
0.0
0.0
1670.4866
3644.0369
5460.9414
4681.377
2970.3223
2043.5847
1640.2004
112214.1
3016.8643
2708.7288
3816.7764
0.0
19552.615
0.0
0.0
0.0
0.0
1549.864
