0.0
0.0
0.0
0.0
1811.0181
0.0
0.0
2355.652
232.68102
2815.5166
1043.3884
4903.993
11350.522
0.0
1748.2306
1927.4751
0.0
4976.7397
4095.1167
0.0
0.0
0.0
1401.8788
444.54163
3898.2578
0.0
23997.807
8113.6265
0.0
3393.5457
2085.153
4152.309
0.0
2539.9336
0.0
0.0
6497.7754
0.0
0.0
0.0
6000.5034
2509.3877
930.10266
0.0
10764.073
0.0
0.0
5327.967
0.0
0.0
2783.6055
2231.1157
0.0
3872.5176
581.98895
506.10352
510.4752
0.0
481.08304
0.0
12547.476
0.0
9596.338
4065.3608
0.0
2475.1262
0.0
0.0
2189.8
0.0
3453.3662
1585.1218
0.0
3386.2524
0.0
2159.9453
1675.5524
3896.7632
2261.574
6589.992
0.0
1630.7887
0.0
2716.8516
0.0
7743.769
0.0
4948.626
0.0
0.0
0.0
1685.4398
31.622787
0.0
3218.2847
1811.6774
3639.5403
2221.4058
204.2452
8333.589
273.55276
1048.6075
0.0
0.0
2306.3882
23914.533
3735.3157
2034.8083
1683.0913
0.0
0.0
0.0
2375.8538
12911.252
0.0
0.0
0.0
5849.2837
0.0
0.0
25716.74
1782.0144
4682.355
2867.708
10491.661
0.0
2054.2046
1393.6027
3294.4429
2404.0989
4743.9844
1396.1042
5725.793
3894.7344
0.0
817.5942
5841.379
0.0
0.0
6023.7344
2913.522
757.8748
12946.891
1613.5566
723.827
14339.85
0.0
159.73627
1614.8257
2906.9302
5650.633
610.7656
5220.6504
491.5794
2008.8707
0.0
0.0
1923.5962
0.0
0.0
0.0
2596.8862
28284.3
0.0
0.0
0.0
0.0
0.0
10476.879
0.0
0.0
0.0
3975.6296
4049.146
3621.38
481.03442
2040.862
3197.9312
8573.5
0.0
295.52667
2083.4478
0.0
3157.4812
0.0
2540.8896
0.0
0.0
5693.624
38762.305
5395.8257
9352.884
28045.627
1146.8556
1881.905
0.0
3288.159
2075.5327
2914.876
2793.13
3481.5503
0.0
0.0
1774.363
1234.5309
1409.6016
0.0
2577.8093
13790.784
0.0
1934.8813
1481.8176
7570.3975
5933.208
0.0
2426.5027
0.0
5430.5913
0.0
7531.781
0.0
0.0
0.0
3779.3318
0.0
983.97595
0.0
1854.7987
0.0
8831.133
1419.9595
0.0
0.0
0.0
47173.188
1411.834
0.0
9939.361
0.0
3879.6157
2233.9534
0.0
9224.553
0.0
16753.92
1335.5635
0.0
0.0
1664.7843
0.0
0.0
1007.8636
0.0
8239.332
4829.3726
0.0
0.0
1864.251
3434.2622
0.0
4356.07
706.357
17989.58
2120.145
3076.0002
11191.646
2712.6687
19353.57
0.0
4130.519
0.0
3241.0068
5919.2046
2384.7708
1196.5933
1204.1047
0.0
6872.327
0.0
5967.014
1741.8595
2826.3472
0.0
0.0
381.57513
19222.406
0.0
0.0
44602.586
0.0
2240.7402
0.0
6806.472
0.0
2090.9707
723.8322
3758.4507
0.0
0.0
0.0
1123.8079
421.47546
0.0
1304.7153
0.0
0.0
3859.6526
1351.0977
0.0
808.322
2293.5786
1484.6886
2945.5762
0.0
3361.238
0.0
0.0
0.0
0.0
5079.7715
431.6817
0.0
5962.688
5899.5117
9749.005
1055.309
2017.1582
1986.602
0.0
0.0
0.0
1350.9944
1945.7576
29502.281
0.0
0.0
931.9714
0.0
0.0
1000.5991
0.0
0.0
7755.663
0.0
0.0
2842.6877
4611.353
0.0
0.0
6910.461
40344.156
2599.9858
1637.5056
1747.081
4220.7134
1015.6815
2305.5623
25211.926
0.0
0.0
16434.855
4404.2734
4936.8594
826.8856
4796.25
3131.2197
0.0
902.49713
1921.9392
0.0
0.0
4095.0845
0.0
1897.4668
2947.7407
0.0
0.0
3797.1316
0.0
0.0
1042.1558
8189.7065
0.0
569.9724
1277.5613
0.0
6775.9014
2546.6687
2052.6936
175.4659
0.0
0.0
0.0
0.0
714.3523
5106.2915
0.0
3498.149
2784.0474
1556.3347
3045.756
0.0
1693.1039
0.0
3315.0718
0.0
2908.407
0.0
4307.6953
0.0
3084.8926
0.0
1887.8442
2968.6257
0.0
1496.3997
0.0
0.0
0.0
2552.1353
5765.9307
7594.761
0.0
0.0
2896.339
2729.5483
0.0
1511.8774
0.0
1931.2415
0.0
0.0
1386.675
1763.5916
6231.1704
0.0
0.0
122.73715
0.0
1359.9984
0.0
0.0
0.0
0.0
0.0
3792.7637
0.0
2871.2488
0.0
0.0
0.0
2711.1685
0.0
3002.812
5086.7363
0.0
2411.081
0.0
0.0
8611.712
931.661
0.0
0.0
4549.7134
4740.5503
0.0
2889.44
0.0
0.0
0.0
1548.6389
12149.5
7157.943
6508.9517
10716.697
4820.4087
2930.1978
2350.4434
2148.4683
0.0
1279.76
0.0
0.0
0.0
11763.051
2473.201
0.0
4450.076
2491.6797
4249.1675
1953.0769
4364.818
2691.3281
0.0
0.0
3720.784
0.0
971.2842
1948.0847
4229.5303
0.0
2216.803
4280.2207
428.4229
0.0
237.22246
0.0
951.3155
0.0
0.0
1633.9763
0.0
897.1196
522.27954
4889.277
0.0
0.0
5723.6226
3914.5588
0.0
205.10703
2789.8289
24382.547
2645.964
1546.78
0.0
1888.9075
0.0
1625.8962
13174.522
2463.9927
0.0
8619.941
4181.4287
0.0
2245.1758
0.0
6070.2573
0.0
0.0
12328.328
0.0
5109.1577
5938.283
2656.39
5033.3203
2697.0742
0.0
0.0
0.0
108.37487
0.0
0.0
1267.0636
2646.066
0.0
4342.891
0.0
2667.355
2292.4888
2862.316
617.93494
1668.6259
0.0
0.0
5397.0347
825.737
2174.3203
0.0
0.0
0.0
2.9182281
2432.9858
3523.1177
0.0
4244.3506
3396.9836
5096.1616
5484.255
0.0
1044.9851
2029.2606
197.03549
0.0
6588.24
0.0
3535.29
1654.2405
2947.9375
4043.3445
2391.1094
4293.632
1969.1263
9282.607
3271.1816
766.99414
114064.484
1608.4369
0.0
16158.841
0.0
2035.3011
2073.983
0.0
0.0
3636.37
0.0
0.0
3878.8103
6688.439
17937.11
2322.4736
0.0
0.0
12109.077
1943.5544
0.0
7658.877
0.0
214.0213
3485.8472
0.0
10869.856
5616.618
0.0
811.8513
3187.0752
0.0
0.0
0.0
5706.5566
189.3131
12397.827
5916.591
2030.9409
1169.071
0.0
1122.6869
0.0
0.0
607.1366
0.0
1379.2776
2662.7434
0.0
5144.05
0.0
0.0
0.0
2330.7732
943.3147
0.0
3560.4756
1370.1682
2532.6228
0.0
0.0
0.0
2808.6785
1028.1915
786.041
0.0
3090.2651
2608.5981
25634.963
0.0
4260.7197
16797.041
1645.7998
1679.4089
1596.2411
0.0
0.0
495.20917
3326.8665
0.0
5304.8643
0.0
0.0
5379.8267
0.0
0.0
0.0
0.0
1292.0048
1167.9692
627.33093
1450.4121
0.0
7640.5527
2277.4028
0.0
1204.1316
0.0
2164.96
0.0
6437.6753
0.0
0.0
0.0
737.2346
1601.7871
1991.8927
19044.664
0.0
2653.1416
2243.4512
813.88855
0.0
11738.406
1662.1198
3009.1843
10021.127
5380.4946
0.0
5337.087
0.0
0.0
5464.2637
479.4671
2214.0234
2653.7356
2506.1248
0.0
3348.281
2282.3179
0.0
8358.614
0.0
481.56665
858.923
12714.035
2191.6074
2198.757
0.0
0.0
3172.5283
0.0
1140.0514
1684.451
8099.839
2198.3445
374.56738
48376.33
8815.384
0.0
2364.105
2673.969
0.0
1241.0044
0.0
3706.8257
0.0
0.0
1462.9874
0.0
2732.2576
8266.452
0.0
3240.5054
748.823
0.0
6949.3394
2048.8623
4432.5127
2208.1772
2401.1785
1249.4774
0.0
25972.016
6200.7515
37433.05
40358.383
0.0
4374.6035
0.0
898.0475
0.0
1911.9065
1857.5465
0.0
4972.975
0.0
5016.5947
2831.5554
1761.1238
1479.5566
0.0
0.0
5955.2354
776.1066
0.0
1897.5352
0.0
643.4322
0.0
10931.872
0.0
0.0
142.20518
0.0
1749.1458
8293.523
210.46121
2002.2294
3582.416
352.3821
0.0
1687.4292
2215.952
5236.263
6567.8545
2008.6779
932.915
0.0
870.97406
1801.1638
0.0
0.0
3186.925
9582.034
0.0
0.0
45761.453
9447.036
0.0
7623.4062
3479.8867
0.0
0.0
3745.5444
3059.064
1252.0845
224.31642
2576.816
0.0
0.0
0.0
0.0
0.0
2025.2677
3103.1294
1220.0183
11684.626
0.0
0.0
0.0
0.0
0.0
0.0
9382.833
21014.68
56779.97
5864.1943
0.0
4602.0747
2433.798
2801.684
0.0
92.11771
0.0
3079.5322
1286.4152
0.0
5286.8003
461.0418
0.0
33228.438
0.0
0.0
0.0
738.03064
5209.2812
0.0
907.0552
3161.3755
2311.796
0.0
3314.0183
7965.08
0.0
973.5893
0.0
0.0
2695.237
0.0
5556.8154
6163.42
0.0
0.0
0.0
5049.407
25801.979
0.0
977.53186
1841.914
5317.1045
2323.7795
2678.7666
0.0
18132.273
2845.452
2379.3904
2040.8895
0.0
1119.4496
0.0
0.0
0.0
2908.6404
0.0
0.0
2599.657
4803.8276
1862.7366
654.2622
0.0
2079.8728
2768.105
3052.7996
1154.8723
0.0
5852.5938
883.518
3420.698
0.0
2208.3667
0.0
4323.168
8098.292
0.0
5926.452
1545.6417
2599.1184
0.0
0.0
0.0
0.0
25510.678
1513.074
1873.924
3580.003
1701.2296
0.0
0.0
0.0
1584.4126
4404.1226
1197.6869
7637.8604
162.27832
648.4358
0.0
5099.2524
1325.0118
1976.3265
12624.829
0.0
0.0
6537.564
10586.576
0.0
0.0
19228.59
0.0
0.0
9067.72
0.0
0.0
5998.073
0.0
0.0
0.0
1065.9943
32072.902
2800.169
3755.6064
52824.57
6144.886
0.0
0.0
1825.2706
2933.0352
17057.758
1109.6738
3085.3337
6898.746
0.0
3282.1726
32.226776
0.0
3714.5376
0.0
2.078003
0.0
1410.1556
2101.7444
0.0
10210.785
0.0
0.0
1456.3678
5599.9927
0.0
0.0
0.0
0.0
1807.3746
853.6769
4597.5894
14526.891
0.0
1740.5121
0.0
0.0
0.0
3403.8462
0.0
0.0
2796.4421
4384.821
0.0
51856.71
89.08682
0.0
2952.9412
0.0
2208.627
2667.4075
253.047
0.0
0.0
0.0
1958.4783
9647.279
14224.217
2953.2786
1106.883
13589.557
0.0
1410.5984
3513.3875
0.0
0.0
231.8519
2741.3208
4178.9087
708.11707
0.0
0.0
1200.8933
1619.3502
4410.2935
1222.1089
0.0
2877.4878
14385.242
4653.6655
0.0
3601.8845
10306.844
2556.124
10627.658
0.0
0.0
0.0
0.0
3394.47
320279.12
3960.3484
0.0
0.0
0.0
0.0
1596.5292
2356.7595
3175.238
0.0
1676.288
27179.684
4863.51
2926.0005
5236.5205
0.0
0.0
2398.3875
2787.2744
0.0
3837.2637
22013.12
3025.717
0.0
912.9087
0.0
0.0
0.0
4704.079
0.0
0.0
0.0
5336.0396
1391.9346
0.0
1489.604
0.0
5760.2236
1084.4711
697.4647
919.0886
3371.5566
1150.0652
0.0
9325.299
0.0
2557.3174
0.0
0.0
9573.146
2371.512
0.0
1115.1
17978.639
3654.4336
0.0
1300.7068
0.0
0.0
670.9641
5978.707
7470.683
0.0
850.42773
0.0
1717.5553
0.0
0.0
0.0
0.0
7321.7393
202.91635
0.0
0.0
2658.8396
4749.2104
1885.3507
2801.2737
0.0
13622.273
0.0
1194.9606
323.56775
0.0
2533.8276
1828.8131
3502.7961
3422.796
0.0
0.0
6302.0527
1120.4808
24581.021
0.0
0.0
0.0
1936.2268
0.0
1291.669
0.0
0.0
2385.8735
0.0
1029.4434
2668.998
1515.7214
1552.6072
0.0
0.0
3162.5046
1451.5165
1777.3561
0.0
4029.558
1741.0282
98043.625
0.0
0.0
0.0
0.0
0.0
2246.2183
2395.2246
20075.035
0.0
3057.891
3000.735
0.0
0.0
0.0
40068.53
7142.9067
2483.405
2619.6672
572.42456
0.0
0.0
6827.9575
3420.4497
3125.886
0.0
0.0
288.28308
1365.7598
9217.501
0.0
6096.41
8170.79
1453.9589
2184.4385
2534.5007
0.0
0.0
0.0
208.10724
0.0
1893.4728
0.0
0.0
10873.059
0.0
3019.953
4731.3003
4785.3345
3134.3835
3204.731
1873.0332
6127.4883
5405.3438
2090.5012
9015.266
0.0
2088.295
0.0
943.2043
3541.1147
2251.7576
0.0
5077.757
154344.97
2783.2927
3641.6208
0.0
8050.658
1716.8828
0.0
0.0
521.7775
4218.1616
0.0
0.0
0.0
23564.668
3064.6448
0.0
0.0
3268.923
9708.993
0.0
0.0
1673.6824
318.0192
1036.4418
1657.4414
3194.6057
0.0
3638.3533
2167.2017
5373.6494
1968.9115
2422.07
0.0
0.0
5439.1436
1500.0327
0.0
2229.0034
0.0
0.0
0.0
0.0
0.0
5792.933
0.0
2818.9275
0.0
4525.905
2417.0967
0.0
0.0
1794.02
0.0
0.0
1699.8547
0.0
3390.908
0.0
2551.7183
7827.836
3563.886
24435.271
0.0
2062.9648
5519.322
0.0
4952.135
3385.9275
1257.1558
2951.2368
7571.5117
0.0
3393.2354
2436.8618
3088.5332
2805.3774
1845.2345
0.0
18025.982
1610.5739
0.0
0.0
0.0
0.0
1637.0953
5096.617
4563.9146
1730.8759
4854.6216
1424.3877
4957.6895
5292.201
0.0
0.0
2788.975
4796.8037
2532.4705
7494.821
1448.0011
0.0
0.0
7486.0156
117.97337
5278.3267
247.6589
4069.8367
0.0
0.0
0.0
0.0
5249.5376
0.0
2499.226
29093.77
19156.42
2232.4084
3059.1074
0.0
2783.662
0.0
3112.683
1650.6218
6691.6396
2055.841
10991.199
2143.7349
1891.2504
0.0
870.6252
1729.5598
2018.0781
1825.2122
2968.4297
278.11395
16298.767
0.0
2594.8372
0.0
14371.468
894.6467
2458.2766
0.0
3208.928
2524.7383
0.0
0.0
0.0
474.75177
0.0
13436.014
0.0
0.0
437.11395
0.0
443.78925
19591.973
12859.091
5856.773
1243.6763
2728.748
0.0
2563.7456
0.0
0.0
2736.891
4716.437
5417.7695
0.0
0.0
0.0
2239.7207
0.0
11411.998
7576.951
1474.1182
0.0
5096.1187
0.0
2562.9993
1919.9877
3311.289
2811.8347
0.0
0.0
1474.2595
339.0349
0.0
3482.999
2565.6543
2009.6853
5427.0156
0.0
1689.0166
11943.573
12671.586
1208.418
323.252
4818.214
593.6382
11978.681
262.85657
5419.1436
3581.8696
3557.304
1666.874
1370.997
10510.119
0.0
1644.823
1722.6063
0.0
0.0
1088.6394
3337.5144
2911.8374
0.0
0.0
0.0
0.0
1801.0881
3620.627
0.0
0.0
4080.6372
0.0
0.0
0.0
9120.941
1256.554
8879.547
5109.775
11515.521
0.0
0.0
0.0
0.0
2154.1863
1720.029
3136.7498
463.25107
0.0
0.0
3831.4941
0.0
0.0
0.0
0.0
0.0
0.0
10155.174
0.0
0.0
0.0
1877.8875
2280.4778
0.0
0.0
989.84937
0.0
0.0
78137.38
1480.1217
0.0
4651.487
0.0
0.0
0.0
3081.5186
2496.7012
14688.756
1954.1173
1569.4562
0.0
5902.823
2378.4753
0.0
2026.4714
1999.0374
3576.1575
0.0
2100.2156
1989.865
10226.957
10347.611
0.0
1777.4282
1338.6357
0.0
0.0
810.8492
0.0
0.0
1152.8386
0.0
0.0
16793.305
1808.0669
319.5977
1596.8075
3430.6606
627.247
0.0
0.0
0.0
4242.8154
2109.8064
5491.0386
0.0
3000.9868
11436.007
0.0
735.6603
2245.09
4270.3286
1507.7053
0.0
0.0
7319.238
1019.96295
6271.253
2115.85
2283.7573
2688.7134
1354.3182
1245.6846
6589.147
5630.329
0.0
0.0
7635.055
1838.606
1468.1368
1276.3969
0.0
1243.8562
0.0
1554.4615
4146.953
0.0
0.0
0.0
2287.72
0.0
2033.1967
0.0
294.51764
1323.782
3588.1902
2856.09
12955.987
0.0
8444.692
2380.4636
0.0
0.0
215.00795
5253.3257
0.0
4829.9033
0.0
1824.7759
7032.64
1636.8632
3203.9167
0.0
5840.4946
5378.5435
6883.914
5712.84
0.0
2651.2708
0.0
0.0
13565.692
0.0
0.0
2761.0247
1232.063
4143.5483
378.3261
0.0
0.0
3015.7734
3973.504
4731.632
1241.6011
0.0
0.0
4418.78
0.0
5941.8457
2954.9531
0.0
0.0
2795.648
0.0
3138.5361
2935.9243
9748.286
2147.9868
0.0
3322.7258
2417.9067
2009.8236
0.0
14898.538
0.0
1591.3262
0.0
2123.8164
0.0
17176.658
15835.559
16105.271
0.0
0.0
2973.581
2039.6506
4058.1245
0.0
3271.5146
0.0
2013.1536
5223.3096
78.092896
2270.5713
2415.4443
3693.869
4866.8477
1726.6641
0.0
1504.3397
9122.778
1513.989
0.0
0.0
0.0
4596.419
7340.6055
3215.9854
4332.306
2474.0024
16211.178
0.0
2665.15
0.0
10106.233
0.0
1699.1951
7067.66
5062.063
0.0
7631.5225
1431.6416
1049.888
0.0
737.9325
3134.7803
0.0
1674.0808
0.0
1472.843
0.0
1979.4142
0.0
2383.067
0.0
2604.6514
7788.428
2065.7983
2109.171
0.0
3938.3271
0.0
10832.194
3038.6067
0.0
0.0
0.0
0.0
0.0
2016.62
0.0
1148.6926
0.0
1252.0085
2738.5188
0.0
0.0
2924.3577
1540.0854
10320.027
1061.7085
2503.0315
0.0
2215.4297
10006.512
2764.5955
0.0
2875.293
4079.7285
4013.3015
2640.3489
3258.5667
0.0
2426.1855
2233.2107
0.0
2023.0258
0.0
40964.7
1084.2397
10283.782
2492.1777
1239.2819
1730.8057
22172.121
799.1321
0.0
1715.367
7776.0303
2093.016
9625.556
3094.1238
2777.564
4235.7236
0.0
8584.259
0.0
5269.0527
1929.7769
0.0
0.0
8351.892
4175.648
1479.4391
2075.6858
3180.3757
0.0
0.0
1198.4308
5389.618
2162.5908
0.0
3391.2292
0.0
30096.559
0.0
1560.6488
4968.321
0.0
305.98663
0.0
0.0
3963.8506
1291.7239
1687.2635
0.0
0.0
2944.9604
0.0
2810.0925
4561.589
0.0
3016.8945
0.0
0.0
0.0
0.0
0.0
1651.5765
7461.521
646.93994
0.0
5318.6807
2831.9062
2790.6462
2540.6553
1745.6049
0.0
2294.6934
5975.0024
14476.236
10867.928
0.0
0.0
0.0
6398.999
1473.5731
443.35464
0.0
0.0
7069.271
1389.9064
2215.5298
2293.2378
0.0
0.0
1475.5543
229.19852
6846.786
520.2035
2959.2493
0.0
599.5562
2240.5544
3237.5647
412.938
0.0
0.0
4273.791
0.0
5498.0693
115.606186
0.0
2545.237
1084.8342
0.0
0.0
2253.1907
0.0
5557.563
4526.239
4873.0684
5665.0254
726.199
2358.1172
0.0
2407.5398
9277.629
3910.2336
7903.5596
24529.049
5980.825
0.0
1138.0621
0.0
1255.7974
3088.149
2255.0718
0.0
0.0
30.16648
1658.5438
3042.6655
0.0
1434.2107
4729.978
0.0
0.0
598.1597
0.0
14445.443
0.0
0.0
1976.6948
0.0
3046.0952
1638.2335
0.0
6495.191
0.0
0.0
0.0
3021.1396
4991.506
0.0
1365.7909
2096.589
1619.8232
5420.6133
0.0
1180.6129
21047.557
3303.0366
1514.0753
0.0
4609.565
3797.8418
0.0
0.0
0.0
1961.3389
0.0
0.0
0.0
6920.1147
0.0
0.0
0.0
0.0
2005.1982
1469.3174
0.0
13834.771
4183.383
3049.9912
0.0
265.50455
1832.4032
34458.457
2485.7322
0.0
41124.145
8700.0
2099.575
4135.1533
0.0
6192.944
0.0
2974.5
5370.4375
5805.669
690.04614
1352.1545
6477.054
0.0
0.0
0.0
8409.266
0.0
0.0
0.0
0.0
4848.8066
0.0
646.57733
5904.4214
0.0
25522.975
0.0
4558.6265
3073.3503
26823.408
5445.7324
5033.7393
0.0
1336.269
5545.163
22213.926
0.0
953.94995
5475.7114
0.0
410.8374
3915.921
2291.0562
4009.4875
1623.7827
0.0
0.0
17369.322
1821.4587
0.0
0.0
5059.9883
0.0
0.0
1596.1749
2557.6606
0.0
0.0
0.0
30052.562
1573.6987
0.0
1650.7802
1187.9856
0.0
0.0
2147.8862
0.0
2055.022
941.77954
7858.3076
0.0
0.0
0.0
7812.6055
0.0
0.0
7950.314
2397.6877
0.0
2364.728
1718.924
0.0
0.0
0.0
368.02124
2926.6455
1848.1178
0.0
2927.113
0.0
0.0
1568.5
262.36072
5317.8027
4985.598
0.0
0.0
6081.159
0.0
3395.1965
0.0
7348.665
0.0
0.0
9498.984
2742.3704
0.0
1285.4852
0.0
2719.2185
10270.419
0.0
1165.3229
0.0
1784.8354
456.3485
2570.487
1509.4377
2988.6987
0.0
2703.829
1687.3036
0.0
0.0
0.0
1842.4211
2767.302
7217.582
277.6847
0.0
601.83386
3083.4326
0.0
4007.6628
0.0
1006.6306
2472.0464
2782.9614
3409.668
0.0
2477.901
0.0
2400.0735
2109.9531
1407.2201
0.0
1225.1342
3518.6035
0.0
1021.57446
3874.3057
7208.9473
0.0
3056.8718
3797.4001
0.0
1499.0322
1595.6177
759.2384
0.0
0.0
1721.5835
5341.2744
2454.899
952.75635
2093.8877
0.0
0.0
0.0
618.401
0.0
0.0
2361.68
9204.129
0.0
5784.174
0.0
59071.23
2861.4075
20984.578
1523.0597
6185.903
4814.2207
1834.361
1714.2046
171.90509
0.0
0.0
0.0
0.0
2428.6475
0.0
4358.475
516.8113
0.0
0.0
4555.137
0.0
0.0
2072.0571
1572.2938
7000.263
4281.338
0.0
14625.777
994.8221
2217.593
3110.2173
1046.8654
5285.8667
837.55994
3405.082
6483.0864
8714.418
2792.1958
1116.4423
783.9394
0.0
0.0
0.0
0.0
0.0
0.0
0.0
0.0
0.0
0.0
4225.6143
76.43274
0.0
7272.091
0.0
185243.64
0.0
0.0
2636.7354
0.0
0.0
426.38174
0.0
0.0
3287.123
0.0
0.0
0.0
292.3853
192.63226
2511.062
0.0
0.0
1660.78
5546.495
6824.026
2361.7576
3283.542
0.0
1009.2936
0.0
927.8171
3115.9023
0.0
0.0
1258.0823
3774.3325
0.0
3212.393
0.0
0.0
352.74393
0.0
9236.43
7010.212
15358.129
4236.0884
0.0
0.0
3067.9646
969.522
1508.8136
2262.646
5486.031
0.0
0.0
0.0
0.0
0.0
2750.6958
2755.4849
2385.9163
671.35675
0.0
1289.4215
10172.536
2189.7737
0.0
642.16833
0.0
32617.906
288.54236
3115.2104
0.0
0.0
590.95844
0.0
3424.2993
0.0
53031.973
0.0
16807.877
0.0
1943.5845
0.0
0.0
0.0
1276.3689
1661.8112
2147.5454
3095.3115
0.0
0.0
1020.971
2135.159
0.0
3468.0664
7055.8354
5278.963
0.0
13229.611
0.0
0.0
0.0
3682.7285
0.0
2413.4639
2241.1665
3481.7898
887.5127
12357.352
495.0889
16939.992
0.0
1487.6453
4920.1665
6255.583
4852.405
2291.9412
1843.4845
4031.0059
2194.9104
5860.2056
0.0
0.0
3805.042
2728.3562
0.0
0.0
0.0
0.0
486.938
4831.7764
2180.6572
0.0
0.0
8466.285
6276.2217
0.0
9095.9375
2329.4844
0.0
0.0
0.0
0.0
14738.879
0.0
375.22064
10923.133
1686.0018
11062.112
1854.7611
1192.7935
4359.212
18.08728
7373.963
0.0
3122.3289
829.90753
2791.3533
0.0
4956.0566
1407.5405
4301.062
4995.7627
3145.543
4399.464
0.0
4223.5903
2866.26
0.0
987.5378
0.0
6193.921
0.0
7942.6753
0.0
2321.5798
1565.1166
2998.7695
2589.3096
1964.0945
2456.9346
3910.5442
0.0
0.0
2318.703
2042.4868
0.0
2447.767
0.0
1874.8701
6352.843
0.0
0.0
3801.8794
2391.1199
2205.7568
0.0
1563.7385
14519.185
1866.3748
1576.6677
0.0
5032.3774
2628.1602
3040.2837
3771.7969
3484.9167
2712.3276
2574.2744
0.0
0.0
2416.7969
0.0
789.5117
0.0
0.0
4415.7295
0.0
11063.666
2422.856
90305.55
0.0
3918.537
0.0
0.0
0.0
1792.3771
14037.184
0.0
2678.1768
2215.0168
9871.899
724.72095
4381.5693
2044.1322
1471.1501
2524.0586
0.0
3897.5068
0.0
1722.2975
7844.037
0.0
2818.233
1957.1909
3148.181
3704.2498
30039.55
100107.88
10204.205
1335.8431
3808.167
0.0
2076.8843
0.0
3196.182
3077.295
5609.942
0.0
1123.7502
0.0
0.43218994
3068.1477
1455.6133
2499.6504
4440.659
9334.457
0.0
1098.6674
857.67206
1383.3074
1333.9066
2043.9641
1604.6455
29397.576
0.0
12986.566
0.0
0.0
44020.36
2628.1643
5457.145
2986.3184
7382.651
848.4011
0.0
0.0
0.0
4137.3276
1824.9839
122.44342
3827.6257
6544.573
1403.7827
0.0
8264.514
3569.48
0.0
31327.764
68.24158
8639.444
2429.5132
0.0
0.0
1494.9666
3576.518
1606.3622
4166.805
2875.4546
0.0
0.0
5660.4937
0.0
2730.0647
0.0
0.0
2004.8203
3769.6099
4081.3984
1492.3904
0.0
686.22595
0.0
0.0
2107.2869
2165.7175
0.0
0.0
0.0
4082.7937
2074.114
0.0
6382.6157
0.0
1391.1019
818.98834
9309.441
320.14468
1290.9133
28919.85
1149.3246
2132.2673
5716.844
4776.419
3133.2852
14294.422
2993.1
1082.2098
2579.0498
6980.216
799.0654
232.29584
0.0
2355.7615
0.0
0.0
21225.791
2689.827
2360.9028
695.5145
396.01245
4125.1523
0.0
3690.9253
4844.805
969.7486
1581.3102
14480.031
0.0
2447.7202
0.0
0.0
4080.454
3117.8633
780.7475
0.0
4652.9497
3843.4155
3763.5186
11812.642
6986.048
0.0
3189.585
0.0
0.0
14256.996
4620.1685
0.0
2634.8984
0.0
1800.7797
3017.281
4753.288
4707.105
1928.9382
10678.557
2051.479
0.0
0.0
0.0
64953.297
0.0
7300.7783
0.0
26925.75
1591.1696
1893.7639
3732.387
2972.2075
3475.7908
0.0
0.0
496.24002
1860.5442
0.0
0.0
0.0
396.7371
3001.797
0.0
20299.236
0.0
0.0
2348.3862
0.0
565.9762
0.0
2568.4805
4956.0073
0.0
2882.6877
1578.731
0.0
1215.2737
0.0
144.61658
0.0
4540.304
2028.1204
0.0
1753.7426
11735.742
9779.818
3863.4333
847.7911
0.0
8701.776
0.0
30375.572
0.0
5063.912
0.0
1044.0215
2531.4114
3261.9917
3325.6235
2159.6414
0.0
0.0
180.28369
3922.044
1970.2678
0.0
1625.6849
0.0
0.0
2279.5894
3845.4119
2020.4786
1885.6783
2090.8496
0.0
0.0
1239.4156
2530.7954
1452.4319
2653.0413
14697.876
11150.022
3347.3623
3270.4084
0.0
4851.8174
883.1915
0.0
23137.14
3428.4878
1938.5525
0.0
3225.9023
3571.825
13108.972
0.0
814.9055
1669.691
0.0
4048.967
2663.3643
18375.795
4498.313
0.0
1238.6113
2052.1584
0.0
0.0
0.0
0.0
7613.332
268.61945
4030.135
3699.3857
0.0
2589.5854
5689.995
0.0
4249.32
0.0
0.0
5251.1606
2908.6812
0.0
3629.0496
1147.2363
0.0
2558.401
0.0
0.0
1861.1962
8425.723
4707.56
2809.7085
2369.9033
0.0
0.0
7246.8716
0.0
1203.4166
0.0
2851.037
0.0
0.0
494.7652
2362.783
0.0
0.0
0.0
2918.1133
5741.6416
4300.6104
3228.464
0.0
0.0
8293.684
0.0
6589.73
0.0
734.88727
4653.1606
0.0
1848.6383
3272.9
1836.4143
0.0
1542.4968
5152.1187
309.9983
3208.3066
5091.8345
11795.911
0.0
4667.53
0.0
0.0
0.0
4678.047
18307.37
1701.8281
0.0
2211.015
0.0
0.0
0.0
1222.0103
0.0
2227.7532
1909.1384
471.18512
1212.4795
0.0
0.0
3339.7378
0.0
0.0
2371.0117
0.0
1933.9036
2862.9556
18684.076
2090.855
8697.108
0.0
0.0
0.0
0.0
5676.1113
3109.544
3787.0361
7144.795
1435.9309
3103.7742
0.0
0.0
1845.4098
0.0
0.0
0.0
3413.2456
0.0
2759.4993
0.0
0.0
20037.63
3217.677
0.0
0.0
2085.2664
2239.0847
2240.0413
3204.5337
3663.9668
0.0
0.0
3495.6035
0.0
0.0
0.0
0.0
0.0
7561.707
0.0
568.3933
0.0
18556.844
0.0
1797.9823
3827.0122
0.0
517.42865
0.0
0.0
2283.4653
511.20117
0.0
0.0
9410.212
0.0
0.0
2276.8281
0.0
5619.247
3716.63
3344.4756
1566.8492
0.0
0.0
22550.94
1145.7488
0.0
3205.455
1156.3143
2860.1963
4265.4546
11545.713
0.0
8616.659
4021.6453
9694.436
0.0
2043.5369
2884.0308
17822.826
0.0
3957.6926
0.0
2667.0522
2457.093
0.0
3066.493
8648.664
0.0
0.0
0.0
11990.404
4250.73
3668.2363
2765.971
3920.3887
302.81366
1656.3751
0.0
880.19403
383.78625
804.30066
1720.785
35691.86
17451.906
534.3645
2802.3257
3480.7659
2568.0972
237.73537
0.0
0.0
0.0
5500.7505
1893.1323
0.0
0.0
1321.0122
0.0
7329.936
53538.516
0.0
10237.89
0.0
2802.9604
9048.625
0.0
1803.9717
2866.916
456.51404
876.22644
1867.814
6254.3623
0.0
2719.4006
0.0
1.3963928
0.0
1244.218
2526.0774
1493.2343
2367.277
0.0
3353.9414
0.0
0.0
2648.878
1328.7742
3617.8362
4084.8958
1611.8239
975.3818
194795.03
0.0
3323.9688
0.0
0.0
1650.999
6521.6606
2096.7896
0.0
2848.2856
2492.94
2449.0674
1889.5757
0.0
1402.4467
1522.1179
212.80402
0.0
1837.627
0.0
1923.5806
0.0
52899.176
0.0
939.21783
111.75305
1600.3184
0.0
1930.3226
1340.2238
9849.639
2447.401
0.0
0.0
2189.085
12862.25
212.49109
0.0
0.0
8593.973
2909.811
79.17258
1690.7579
3717.8516
3597.312
0.0
2346.0908
0.0
0.0
2611.0132
65.38922
0.0
1898.2537
1011.6161
0.0
0.0
0.0
290.6457
0.0
0.0
110.489426
3472.829
0.0
289.83014
0.0
0.0
3947.904
0.0
758.76776
1533.256
182.86511
329.9008
3304.6719
3323.4614
5992.221
1861.5791
4327.7188
1954.3043
5501.7637
0.0
0.0
0.0
0.0
0.0
12151.837
0.0
2482.327
0.0
2375.1843
8060.7173
14363.171
497.41312
4310.1904
601.86127
2854.3628
0.0
0.0
878.36255
0.0
4439.211
0.0
0.0
1014.3978
3700.322
0.0
2169.4114
0.0
2716.0928
584.86145
2060.6897
2955.461
0.0
29743.3
0.0
2704.9036
3940.9883
0.0
4373.6562
0.0
0.0
6412.736
0.0
0.0
1938.1892
2508.5688
0.0
18304.447
3323.56
0.0
5.834076
0.0
0.0
0.0
617.0621
2473.064
0.0
0.0
0.0
0.0
0.0
2715.0486
0.0
0.0
0.0
2800.8987
2704.5803
0.0
0.0
0.0
0.0
3064.8345
0.0
0.0
771.64667
1893.1355
2532.8816
916.11945
0.0
1547.7816
0.0
9354.03
3564.2603
5506.3
0.0
0.0
0.0
0.0
0.0
0.0
0.0
1677.0442
0.0
0.0
1106.0762
0.0
0.0
6033.5967
0.0
42037.496
3303.913
0.0
2059.6062
0.0
0.0
0.0
4861.9087
5231.3516
0.0
0.0
0.0
1885.5619
15573.612
9489.114
0.0
12667.594
521.34656
0.0
1199.3527
1548.4956
532.76666
971.6197
0.0
3237.0366
0.0
0.0
6314.4966
0.0
1445.5869
7604.081
0.0
1921.8208
3028.923
0.0
1994.4565
0.0
2004.263
0.0
2749.716
2022.2367
0.0
3146.97
0.0
0.0
1494.3859
1981.1218
3415.9434
5897.8755
4088.3586
3789.8657
0.0
297.23718
6060.3467
4217.6836
8272.544
10298.992
3325.979
2762.9822
0.0
568.06976
0.0
2477.9658
5678.478
5471.3613
2858.6414
1666.2572
1107.0396
0.0
0.0
0.0
4834.627
0.0
0.0
584.7397
0.0
2297.1675
0.0
4160.691
1404.5981
2478.488
0.0
0.0
0.0
3473.013
3652.2817
1103.4999
6480.984
0.0
5337.7627
1314.5793
414.10907
4644.175
4466.76
0.0
0.0
0.0
1520.1624
0.0
2106.306
2551.9836
224.75711
0.0
0.0
0.0
3507.125
0.0
1765.2937
0.0
1278.0045
0.0
0.0
0.0
297.2196
0.0
5706.2363
1000.97034
0.0
1686.636
3046.31
3254.6091
11724.283
2194.0737
0.0
1647.5406
1677.9055
0.0
0.0
21675.375
204.43735
2418.0452
3597.4558
3254.6335
0.0
0.0
1261.1062
5291.4365
0.0
1491.4788
5944.65
24567.63
7455.465
1607.4923
0.0
1609.9141
0.0
0.0
10396.541
1688.7737
4498.792
6367.0327
4259.6226
1915.1722
1253.6083
1231.9976
1521.787
3629.8896
2072.622
0.0
0.0
0.0
2214.2134
0.0
425.8283
3792.7708
0.0
0.0
0.0
0.0
1490.8701
0.0
2720.0
0.0
0.0
2522.4685
0.0
0.0
0.0
2466.0154
1984.0375
173.25714
0.0
3221.772
0.0
3469.1235
3490.498
1732.208
0.0
2664.359
0.0
2526.6938
876.1714
1745.7319
1813.0831
4362.3745
2408.9429
2745.9326
3008.4648
0.0
4279.4043
0.0
0.0
0.0
0.0
0.0
0.0
0.0
0.0
1628.762
3725.6582
0.0
70449.21
6781.0728
1903.8102
1803.5137
2912.1294
0.0
434.11133
0.0
0.0
3912.3853
0.0
0.0
0.0
3156.4631
0.0
4415.086
3154.0518
2971.929
6969.9404
0.0
0.0
205.26857
6696.848
0.0
2282.515
0.0
0.0
2358.4814
0.0
0.0
0.0
0.0
0.0
1518.7982
2856.1777
0.0
0.0
4964.961
12662.27
8101.8833
9594.623
0.0
10799.043
51840.957
0.0
2373.956
0.0
157.11163
0.0
9356.497
0.0
10459.484
0.0
3234.108
15753.711
0.0
0.0
2446.0813
9219.435
2169.131
2658.5928
0.0
4019.3074
1948.7808
4622.433
4576.155
0.0
0.0
3097.852
0.0
0.0
2165.9155
192158.83
2909.606
0.0
1191.9111
0.0
5285.7983
1602.962
3892.4683
4286.5938
30013.965
0.0
0.0
1099.5558
2578.6245
1498.6406
1695.9075
4287.566
0.0
7536.878
7502.9004
0.0
0.0
2713.474
0.0
2212.4287
0.0
2644.7908
6708.975
0.0
1745.1262
9410.849
2319.4568
0.0
0.0
2550.3538
0.0
1682.6426
0.0
1933.2087
0.0
0.0
2921.3823
0.0
0.0
1704.7029
5772.3984
3637.4146
12566.991
0.0
5164.7314
1298.6892
0.0
3775.287
2886.3457
0.0
1622.7942
0.0
32954.14
143.20172
0.0
0.0
0.0
0.0
0.0
9747.846
0.0
1911.126
52315.68
6004.067
973.4529
4970.2305
2059.2432
5182.7065
0.0
0.0
0.0
2514.9539
1767.3038
0.0
19242.074
0.0
0.0
0.0
5305.813
2437.116
2996.212
0.0
2227.7961
7487.914
0.0
0.0
1671.505
955.4933
3489.1853
2413.0952
453.83582
0.0
1157.9613
6781.123
1106.468
4733.2217
1991.3544
9668.613
1812.6688
10006.333
0.0
0.0
3361.3984
3335.7043
1909.4568
3907.353
2637.8096
0.0
427.69827
0.0
0.0
2261.6892
2268.641
8586.076
0.0
1880.3923
0.0
5472.876
1749.9113
0.0
1673.7214
2338.3835
743.10876
1773.1499
0.0
0.0
0.0
3227.46
2637.2527
1465.4783
0.0
2089.553
0.0
0.0
0.0
0.0
480.27908
0.0
2525.504
0.0
0.0
3209.0967
1621.6157
0.0
0.0
1857.6008
0.0
5859.9053
2811.7578
0.0
2148.4536
0.0
0.0
0.0
0.0
0.0
469.4809
617.25366
1673.1862
0.0
1163.2239
0.0
3649.2449
0.0
20512.684
883.5962
5095.7295
1354.7551
1424.1006
1440.265
8724.534
7406.3535
4082.479
0.0
0.0
8763.11
0.0
0.0
8225.596
0.0
591.429
0.0
1211.51
0.0
0.0
1882.6373
1176.0862
1688.5435
0.0
8978.644
5768.5767
1412.7633
7063.377
0.0
0.0
2835.4658
1330.9774
0.0
0.0
0.0
1163.6565
3651.0083
3159.6545
5857.192
0.0
7321.1094
2073.0103
0.0
3252.3008
0.0
138459.28
6986.4976
8862.1
1051.6824
1127.4337
0.0
4069.1023
0.0
0.0
11875.995
0.0
13049.196
2654.4502
80.05783
6651.744
917.5782
8696.852
2455.262
2794.216
1872.9476
886.50684
0.0
0.0
2283.6477
10272.383
2755.8691
0.0
0.0
42315.78
1431.7638
13167.57
1629.7902
0.0
0.0
0.0
15724.815
46.404846
2675.783
1647.5546
0.0
0.0
1582.0787
8798.172
0.0
7445.538
0.0
4819.503
9798.978
1243.8999
0.0
0.0
3848.562
2836.5762
0.0
3926.8057
1839.6195
0.0
0.0
0.0
2241.0972
2909.079
12109.425
1349.4912
2044.5896
2648.6294
16477.22
8788.15
21130.967
2164.897
0.0
1994.6168
0.0
2771.4185
0.0
2987.392
1196.8845
1413.1781
0.0
4095.0977
0.0
4253.8257
1121.296
2696.479
0.0
4591.799
4685.6836
0.0
4939.927
3461.248
7197.5176
19631.799
0.0
405.55316
22490.846
0.0
5231.977
1735.3572
0.0
998.8174
3512.3586
2071.9692
0.0
3749.1108
2964.8577
0.0
7968.6855
0.0
0.0
0.0
1458.843
1834.9948
0.0
0.0
0.0
3091.679
3505.6562
0.0
0.0
5385.61
0.0
0.0
0.0
3734.963
4908.414
20936.998
0.0
2125.1406
502.81747
0.0
2711.9175
1492.6797
2889.5454
2057.09
0.0
0.0
0.0
0.0
11211.918
1209.0486
2409.0046
8907.474
3007.9983
926.339
0.0
8927.154
0.0
2506.543
1615.5168
1809.5214
2284.896
22167.43
2247.8599
0.0
2234.252
0.0
0.0
0.0
659.2919
0.0
5251.825
2217.29
11856.451
1232.6448
0.0
1973.3982
7718.954
14446.728
1588.5488
1528.8477
3329.9326
0.0
0.0
2425.9504
3164.47
2126.3154
0.0
0.0
10503.004
0.0
1826.1792
3069.6592
0.0
1290.0325
4383.6104
0.0
0.0
3109.4285
6399.845
2572.0032
9515.259
28887.332
0.0
0.0
870.20874
1721.4868
0.0
48951.574
4902.505
0.0
0.0
0.0
4204.6455
0.0
1380.1147
6017.7393
0.0
0.0
0.0
0.0
0.0
1578.4768
6615.184
0.0
9459.829
15186.961
6960.2085
1028.3855
0.0
1408.7546
0.0
3573.9805
0.0
1227.6246
2289.7686
6515.6665
3071.949
0.0
1366.622
0.0
2256.9053
5431.5684
1655.7253
341.92987
1433.0264
2187.7947
3090.8826
0.0
4586.2295
727.0522
0.0
28893.385
1763.0326
1885.389
2635.613
0.0
1524.9532
299.77484
22489.125
1409.8035
0.0
2229.0554
2924.7217
2567.4102
1775.0682
9529.805
0.0
4644.332
2208.399
185.51195
0.0
8844.09
4177.036
1684.92
2897.3684
3224.9294
0.0
1747.0806
0.0
3631.21
23697.525
40538.645
9030.578
0.0
4587.9004
0.0
0.0
0.0
24947.332
0.0
0.0
0.0
1481.8812
2857.0154
9695.73
2010.617
872.18146
0.0
0.0
0.0
3263.5127
0.0
0.0
5745.4136
22818.68
1338.6632
4923.2754
569.5799
0.0
0.0
0.0
1489.4421
93.5376
2355.0437
2429.72
2621.095
1358.4269
0.0
7915.5347
1337.841
3433.8677
0.0
10846.687
3479.213
1916.1146
0.0
1970.8706
7299.514
2030.4917
0.0
0.0
2332.7263
0.0
1815.0436
0.0
0.0
0.0
644.9763
3288.982
0.0
7325.1626
3359.6807
0.0
1732.1201
7048.409
449.26724
0.0
1232.6998
2297.3477
0.0
2453.4734
0.0
0.0
0.0
0.0
2473.7163
0.0
8364.927
12702.557
0.0
0.0
1316.4564
5287.5103
5367.3423
5863.2686
1875.1161
0.0
1120.2048
2466.394
0.0
672.497
4317.775
0.0
6507.954
4616.1
6295.798
0.0
7589.521
13619.65
1667.4946
0.0
966.66693
5447.635
0.0
5328.4863
2757.6606
4488.75
0.0
0.0
4089.2332
1428.7537
2197.34
5874.3423
1709.3616
6639.4727
0.0
0.0
1096.2646
0.0
658.7835
3958.6997
0.0
0.0
0.0
100419.39
0.0
3258.2566
0.0
3726.2766
0.0
3370.166
2284.8262
0.0
1029.8523
1837.2582
968.218
0.0
0.0
64.12342
7644.031
3551.4634
0.0
0.0
10636.662
980.1421
0.0
0.0
0.0
9260.977
0.0
0.0
2907.9993
1520.2074
4946.948
2790.2043
0.0
360.2662
1730.0962
0.0
6176.2437
521.6959
6059.4097
0.0
2528.723
3157.3738
5832.3633
0.0
2537.1086
0.0
2791.4797
0.0
1849.0154
0.0
7551.601
5251.5635
2465.4558
2880.5562
0.0
2628.6265
0.0
1953.0123
1569.0869
882.1135
15507.141
3435.0295
4289.963
2438.7493
0.0
0.0
0.0
0.0
0.0
0.0
0.0
0.0
4471.0283
2714.8572
2589.0557
0.0
1870.617
779.20245
11388.557
0.0
0.0
1823.36
0.0
0.0
0.0
0.0
0.0
1127.5146
0.0
11107.835
1364.7869
0.0
3267.6973
8706.432
3714.8484
1535.0408
1048.1411
8285.549
2936.971
0.0
0.0
2057.5808
0.0
9837.815
3167.3435
5661.5776
2216.3784
2105.3677
0.0
1370.009
1765.4111
56256.79
0.0
0.0
14096.012
0.0
3731.4827
0.0
0.0
3006.35
0.0
2664.3643
626.7428
69.8777
0.0
0.0
0.0
116.892044
0.0
23512.26
0.0
11259.16
12907.836
0.0
7796.319
3317.5942
1923.9972
4597.6885
0.0
1497.3066
0.0
1146.8636
0.0
0.0
0.0
1071.3215
186.06621
0.0
2363.974
4054.9133
0.0
7473.6704
2291.2224
767.7663
0.0
0.0
1234.1145
805.72546
417.8364
0.0
0.0
0.0
3271.2659
2856.959
0.0
2402.1943
0.0
5128.514
361.74176
5095.789
0.0
6500.847
0.0
0.0
6900.2676
1046.3492
21589.902
1644.9243
179.76163
0.0
1349.9413
0.0
1500.9292
0.0
2472.1213
1324.9861
17770.9
0.0
6675.0312
1860.7196
2408.2327
0.0
4758.0854
0.0
3848.2625
420.09717
0.0
0.0
0.0
15588.402
2442.6538
0.0
2224.7676
2388.984
2689.3413
0.0
0.0
2018.1757
2426.1108
16038.716
3755.6006
3802.7717
3118.5034
9532.237
1254.8816
1176.99
0.0
0.0
1878.0669
1331.6376
0.0
1568.6355
0.0
0.0
1400.2241
7695.072
3892.717
6046.348
0.0
2533.5305
1422.8893
3248.5088
0.0
2429.2197
2490.4897
13624.482
22386.256
2163.0146
28696.168
2697.9573
0.0
3047.7764
4498.8066
0.0
0.0
0.0
0.0
0.0
3123.8647
7492.051
2269.9014
318.7671
5104.246
3041.609
0.0
1262.7405
2464.879
0.0
3366.8115
0.0
2428.788
568.8867
21073.635
0.0
740.64685
14104.249
4048.2854
0.0
0.0
24655.781
0.0
2079.875
1505.9086
0.0
5172.329
0.0
5272.7524
0.0
313.68854
0.0
0.0
0.0
3045.7324
1782.6921
2460.1895
549.69836
1275.0303
12574.124
3144.9377
0.0
2042.8397
1071.9355
0.0
1770.2386
23405.814
4835.084
37373.91
4213.138
0.0
0.0
2821.2656
2707.747
4119.195
1303.3385
0.0
0.0
0.0
2255.0813
5025.6562
1182.6034
0.0
1726.2903
2756.0293
2365.4126
2252.2642
5395.8735
0.0
7033.4976
5300.0684
11138.316
0.0
8325.957
2889.9712
0.0
1837.8604
2395.746
0.0
1970.0685
0.0
14898.666
8215.926
6417.576
464.75592
11175.1875
3495.7903
64.45322
1570.2433
0.0
0.0
0.0
13824.227
7899.4023
2732.9636
0.0
3037.0945
0.0
2717.5247
0.0
2299.1477
0.0
0.0
0.0
0.0
0.0
0.0
3115.2913
0.0
0.0
0.0
2373.2236
0.0
1509.5483
1287.3693
0.0
0.0
0.0
1398.733
4225.9004
2066.0852
0.0
7287.3496
0.0
1331.654
0.0
0.0
0.0
0.0
0.0
755.73206
2316.8118
5539.2617
21335.184
3368.7073
2136.7986
0.0
2244.9932
0.0
0.0
2968.7976
0.0
1921.267
2184.8547
0.0
1474.948
0.0
0.0
5530.018
9779.905
1122.3091
3147.6082
0.0
6538.2344
0.0
0.0
1131.7349
1855.6075
647.2462
2409.2725
0.0
5151.0947
0.0
1874.812
24894.09
0.0
0.0
1446.1506
89.38229
0.0
0.0
0.0
0.0
5864.2446
2548.8972
1383.742
2801.6873
10938.014
0.0
4670.891
2005.0546
0.0
4499.123
0.0
1246.8477
0.0
2633.695
2715.0828
0.0
0.0
613.3956
0.0
0.0
4023.1982
0.0
0.0
605.7543
1063.6045
7536.3413
3286.4663
353.91318
0.0
2972.929
0.0
1587.0819
0.0
7778.3237
113096.14
0.0
10214.05
22266.166
1459.6188
0.0
0.0
1839.1891
0.0
2037.3469
1363.1177
0.0
3673.1335
0.0
2545.4302
0.0
0.0
2687.7056
2410.4932
363.0037
2226.0562
0.0
3146.7263
0.0
39004.73
0.0
0.0
0.0
14990.1455
0.0
0.0
472.0309
5165.714
16618.596
11292.785
147.03568
2283.754
4668.379
3973.7896
0.0
21958.02
1777.6299
5856.8955
0.0
0.0
3512.962
4182.213
28109.203
4145.914
0.0
1992.592
134.51953
0.0
1445.5149
1532.1171
2172.2947
0.0
703.6354
0.0
0.0
3128.4414
0.0
0.0
2444.7783
2941.3525
0.0
4807.2935
0.0
0.0
0.0
0.0
2451.1433
0.0
1232.0436
2646.8843
0.0
0.0
0.0
42297.72
2929.9219
0.0
1654.8657
0.0
0.0
0.0
1167.6099
0.0
0.0
0.0
1589.6416
0.0
0.0
300.1519
15297.535
0.0
1486.8645
4327.548
2854.694
2730.2036
0.0
0.0
1227.3644
0.0
30985.38
0.0
8212.815
23282.727
11203.012
1241.8948
5607.207
351.0058
0.0
0.0
10083.126
3464.1387
9750.489
6623.4175
1680.7555
6243.796
0.0
2922.674
3147.3696
0.0
0.0
0.0
2300.8914
0.0
4115.961
0.0
2539.0286
0.0
2918.652
2988.7634
0.0
0.0
0.0
0.0
1703.1562
2212.2153
0.0
1731.4978
7719.0845
0.0
11756.357
0.0
5204.6978
0.0
3024.6106
1695.7213
3723.6084
0.0
17037.479
0.0
15853.053
2578.8596
0.0
749.2799
878.6987
2564.903
0.0
2455.2544
6283.2466
0.0
0.0
0.0
1995.0486
628.07477
3507.165
0.0
17118.096
0.0
0.0
0.0
3490.3164
2554.1575
6501.113
16242.6875
9439.153
3060.1533
863.4834
15838.039
0.0
2241.2686
4448.904
1701.2275
919.66394
0.0
8464.889
0.0
3145.8213
8598.873
3228.6855
15630.167
6544.425
0.0
2404.7126
2805.3562
21203.164
4039.569
600.02075
3203.561
1480.1891
0.0
17641.771
0.0
0.0
4578.5454
18484.564
0.0
0.0
1105.9072
0.0
0.0
0.0
0.0
4466.8096
4044.302
4618.8257
16048.498
824.26483
3213.9802
2321.0542
0.0
7866.3857
0.0
6028.9927
0.0
2850.7876
2209.0728
1493.3147
2604.1882
0.0
3200.729
2792.9336
4383.3164
0.0
0.0
0.0
0.0
3135.915
3238.234
2219.923
627.7342
0.0
3280.8877
423.85626
0.0
419.722
15404.472
0.0
13009.257
1569.371
0.0
4952.8423
0.0
12449.331
3499.4253
980.58997
18219.037
1753.3881
1857.0625
0.0
461.4718
1727.3115
0.0
2787.0288
10383.519
0.0
2106.6987
0.0
2650.1118
29471.293
1935.6594
8074.1006
0.0
0.0
5289.83
3575.2048
5307.6904
2276.4436
45233.082
0.0
1190.2896
0.0
1333.0144
0.0
10164.501
907.4724
6776.9395
0.0
8577.135
0.0
0.0
4276.225
3765.9019
0.0
2785.7405
0.0
0.0
0.0
3164.9238
3523.86
1775.7325
0.0
2479.2483
0.0
22411.807
0.0
4344.1606
2403.095
1666.4142
5380.3975
0.0
5034.022
0.0
0.0
1743.3766
2512.0776
720.69904
0.0
0.0
2743.8079
16545.959
340.88358
0.0
0.0
3507.7854
3304.126
0.0
0.0
3799.1567
0.0
7805.7236
2429.8904
1387.3693
2182.8179
1454.2102
0.0
0.0
1242.0264
4541.5347
2767.8645
0.0
7250.0835
0.0
0.0
913.58234
0.0
3244.6208
3873.7532
2279.0332
0.0
2479.821
0.0
11252.389
4195.5728
1145.013
0.0
0.0
0.0
10989.225
804.71136
3259.0176
0.0
0.0
0.0
3193.6191
0.0
0.0
4606.2773
154.24051
0.0
0.0
2636.4038
6188.693
0.0
0.0
0.0
30675.592
1256.3136
0.0
290.23395
412.17166
0.0
2527.2097
1586.5778
0.0
6053.336
282.25827
2455.644
3501.3599
0.0
3973.9055
1996.5669
0.0
0.0
1712.6941
0.0
0.0
4136.28
0.0
22785.553
0.0
1510.0928
0.0
3295.0662
2970.2485
0.0
1058.2539
254.11736
2294.3877
5947.612
2593.2507
4241.107
2284.9163
0.0
2193.5176
0.0
1582.7198
0.0
1507.6793
13635.355
0.0
0.0
4586.65
0.0
1624.5934
5426.2456
3313.8044
0.0
50198.92
0.0
0.0
0.0
515.2399
0.0
1301.8108
0.0
0.0
3249.8523
2381.3738
10075.191
0.0
0.0
1619.9623
47766.75
0.0
0.0
0.0
20141.273
4199.615
2135.9607
48440.39
3392.6816
13726.922
3277.829
51405.805
6207.724
1813.1964
2713.6587
2711.1633
2332.5767
12923.577
2350.873
7281.9424
0.0
2081.3315
0.0
1623.14
1327.0399
1390.3003
0.0
2049.2583
3768.7385
867.6669
1053.153
0.0
0.0
633.41876
1705.0048
3190.9333
1933.0132
0.0
15179.471
2875.9773
1899.239
684.6689
8377.202
317.06232
5735.9053
0.0
4246.935
1630.3772
3534.033
0.0
38593.203
0.0
4043.1628
3072.9084
0.0
0.0
0.0
4971.7915
5372.3403
8791.311
0.0
9051.9375
14815.348
920.7368
2621.3364
2990.4116
0.0
2411.3892
0.0
9635.659
2390.2795
1389.6715
1825.7383
0.0
0.0
0.0
3015.847
2310.0156
3686.3064
3477.1245
0.0
0.0
5553.434
0.0
0.0
0.0
2657.2615
0.0
22018.73
0.0
0.0
414.4425
2540.0488
2466.3318
0.0
2572.199
15348.21
2787.3555
2196.5408
2890.5981
0.0
2513.3027
896.0647
0.0
0.0
0.0
1806.354
1633.0854
1558.403
1282.7556
20485.816
0.0
11880.297
0.0
2096.63
0.0
0.0
8081.979
0.0
2422.7803
2539.444
1876.3684
721.8651
5121.389
0.0
3236.719
2256.334
2433.879
10093.707
0.0
0.0
0.0
2074.2427
11355.845
0.0
0.0
6082.797
0.0
0.0
2556.1226
2667.154
0.0
1751.57
13339.844
3615.05
1212.9691
0.0
0.0
0.0
46.627052
10526.643
3871.7236
2133.0293
1595.7098
2739.3647
4003.9395
7492.3643
0.0
129.67737
0.0
9696.006
2731.4702
0.0
1605.4963
2908.006
4658.5537
0.0
1612.0531
3058.6443
2187.2854
1381.7205
6232.84
1713.4875
3399.7102
0.0
0.0
60579.973
4719.931
6517.362
2729.1646
885.0745
0.0
0.0
1578.7056
5493.9946
0.0
0.0
1562.6357
7491.5283
3436.331
1934.3505
5980.051
15059.855
3201.2927
1694.9788
2898.1416
0.0
0.0
1201.2654
6034.811
3270.3796
2513.7546
4407.4067
2128.7156
7141.511
0.0
0.0
2651.27
0.0
0.0
13953.573
0.0
0.0
0.0
0.0
0.0
0.0
3058.5342
893.09717
3099.218
1156.7966
0.0
365.5976
1833.6144
0.0
11184.899
0.0
0.0
0.0
3716.451
11901.23
0.0
1502.438
0.0
0.0
5450.913
1651.7979
5893.1533
1782.6536
13726.258
646.09973
0.0
4397.409
1215.8644
1945.3726
5085.709
1711.1969
2947.745
2476.0452
2115.4182
0.0
100.211975
0.0
0.0
0.0
4777.712
3000.4822
0.0
2461.2913
1438.0032
2435.1523
0.0
3060.608
3891.399
0.0
0.0
0.0
1822.9781
2589.2908
0.0
0.0
0.0
0.7313843
0.0
2086.3843
1421.0227
0.0
0.0
0.0
0.0
0.0
2405.72
2441.2354
0.0
1652.6298
509.71863
3014.45
5827.525
0.0
0.0
14363.004
3221.3005
0.0
4976.495
0.0
0.0
0.0
1835.655
0.0
2255.2007
0.0
2026.4146
0.0
0.0
8602.354
0.0
2259.0266
3370.9414
0.04789734
0.0
0.0
1662.5305
0.0
0.0
2590.9634
1607.968
2688.8613
1643.95
0.0
0.0
291.41812
0.0
0.0
3664.9722
2965.7612
0.0
1646.3054
12336.071
0.0
2166.832
1387.4658
1507.1549
11412.998
3837.001
2718.723
0.0
0.0
0.0
2596.7046
0.0
0.0
3734.5073
1385.2805
195.39241
962.51465
19887.227
0.0
1151.2584
0.0
2570.354
5576.2017
0.0
0.0
0.0
0.0
2665.4468
3754.3372
0.0
873.618
3103.8787
2632.8496
2129.0308
6573.1865
0.0
0.0
1560.7144
0.0
0.0
0.0
8680.074
912.5304
0.0
0.0
0.0
0.0
2320.5405
0.0
0.0
0.0
3537.4834
2820.8562
4345.708
2901.587
3808.682
3907.8838
0.0
2200.9111
0.0
2677.7944
1785.229
1907.547
0.0
78456.42
1421.769
3566.4778
2336.621
0.0
4155.483
0.0
2335.0525
0.0
365.7777
0.0
4874.5396
4085.5457
861.0945
3651.0332
0.0
30113.535
0.0
2757.8833
5360.545
7475.4736
0.0
0.0
1449.116
3044.7883
0.0
0.0
0.0
0.0
33226.04
3390.2146
5783.4385
30198.9
0.0
0.0
1078.8671
0.0
5325.953
0.0
1458.5735
3128.0015
1600.5321
0.0
0.0
2960.8015
6263.4883
7560.2485
7496.7383
0.0
2915.4893
1380.2122
3895.2
3797.1719
0.0
10407.717
5655.634
899.8961
0.0
1102.519
3162.3298
0.0
0.0
14070.723
7738.7275
70.24092
155.58807
0.0
4008.764
16718.432
0.0
0.0
2582.2559
0.0
0.0
0.0
3449.0203
2867.4204
4312.4146
2808.1262
1458.1005
10735.671
2872.6907
7525.1265
0.0
0.0
1861.1904
6075.0947
2875.3228
0.0
6253.468
1658.6796
0.0
25957.098
0.0
5957.0664
2116.1858
0.0
0.0
6291.9385
2148.0642
1337.5491
0.0
2556.3882
2598.2183
0.0
2854.6501
0.0
12952.953
8694.578
0.0
3235.7893
0.0
3995.31
7582.7676
1441.6066
7742.2676
0.0
1230.6959
0.0
4446.1816
22716.775
0.0
0.0
2409.1284
1084.5139
1297.1465
1975.6978
4147.525
0.0
0.0
2606.3945
3497.6653
1979.3167
0.0
0.0
1224.2852
2869.1604
0.0
4055.0957
0.0
88013.53
12802.758
0.0
2426.579
0.0
2701.195
0.0
0.0
0.0
2774.8044
28010.88
269.21307
495.27692
1884.6831
1665.4823
20355.414
3162.4924
0.0
0.0
0.0
0.0
0.0
0.0
0.0
1337.7896
2469.7173
0.0
171.16681
11160.516
2806.5383
0.0
3580.9253
1335.6821
0.0
0.0
6565.96
0.0
0.0
1068.0632
2021.599
4115.109
5373.158
0.0
0.0
4875.164
4199.2603
2770.1667
3474.1025
0.0
18541.938
0.0
0.0
2388.6511
1699.39
0.0
2350.6465
58161.816
0.0
1042.2603
1981.1792
0.0
0.0
1312.8787
2475.8801
0.0
0.0
9778.544
0.0
1159.223
2352.2017
0.0
0.0
11685.536
2917.191
0.0
1553.6311
2350.8855
0.0
0.0
2596.6768
3014.5244
6941.7974
0.0
586.3055
2517.3357
1318.5906
896.25824
2877.336
3354.9167
4584.0684
0.0
0.0
12840.095
5050.8276
1266.6244
0.0
0.0
0.0
0.0
3534.8274
1262.8917
2759.6772
0.0
871.6311
1079.5823
3408.7314
3663.789
5566.3613
3583.7144
18625.965
2198.3696
13180.691
1000.8656
12949.744
3033.9575
2960.0366
0.0
0.0
0.0
1502.8239
2114.5356
5599.889
0.0
0.0
0.0
1093.8738
3371.146
2934.8184
2093.078
0.0
2970.9475
598.04504
0.0
0.0
0.0
2534.3188
2026.3789
0.0
5480.6177
0.0
0.0
0.0
0.0
0.0
3146.5269
0.0
0.0
7464.2866
3923.2825
2284.4663
0.0
0.0
1289.3237
67.92579
0.0
0.0
0.0
2217.1716
0.0
7805.514
17.399338
4030.0308
0.0
0.0
7.284027
520.9724
2161.7795
6319.021
3260.6382
1082.1582
30498.775
0.0
47077.9
632.83453
0.0
0.0
0.0
0.0
0.0
6661.578
2331.1099
1597.4901
3062.0747
4608.8574
4523.5127
3171.422
0.0
3653.004
1030.1498
0.0
2930.9053
4917.283
13363.301
0.0
2636.7617
0.0
2613.612
1728.7908
16788.574
697.5177
1134.0784
3709.3142
7909.735
2257.0454
1211.411
0.0
3511.5017
3037.8584
3867.2954
0.0
1250.7332
0.0
1207.3893
0.0
1018.65546
0.0
0.0
6292.4424
0.0
0.0
2898.3823
18255.273
4111.281
8930.197
3366.9219
4443.9683
3331.7932
13301.601
0.0
0.0
0.0
5055.6436
0.0
0.0
2380.9512
987.3804
10744.413
21200.156
0.0
2148.5332
0.0
0.0
0.0
0.0
0.0
0.0
3505.3574
6054.8066
15398.075
0.0
0.0
0.0
1410.7854
153.50894
3911.002
0.0
2891.8955
0.0
0.0
5351.4424
2304.3015
1530.9235
3963.0447
0.0
1664.5173
0.0
443.9245
7070.392
3110.7231
0.0
0.0
0.0
4373.5273
0.0
0.0
3867.6665
0.0
2294.3384
1981.8901
0.0
0.0
0.0
0.0
3356.5466
0.0
0.0
24525.184
0.0
19249.553
1768.9614
2441.73
0.0
2072.6226
1638.6389
1644.2684
12909.547
6178.428
0.0
13209.527
0.0
2446.923
0.0
1299.6987
7464.3335
0.0
0.0
3553.9614
5549.796
1570.8813
0.0
3089.224
2341.8633
0.0
0.0
0.0
6156.6147
0.0
0.0
0.0
0.0
9545.053
1821.0292
1658.9778
3162.51
1355.2401
8677.096
0.0
1878.1631
875.4604
0.0
1621.5375
0.0
8191.946
0.0
0.0
0.0
0.0
18879.31
1139.0947
2624.3027
6305.7695
0.0
5974.2773
6033.556
1543.6981
3880.5952
7232.0146
0.0
0.0
0.0
0.0
0.0
33441.97
6.560089
0.0
2371.345
4205.0415
0.0
3835.687
0.0
9099.148
2304.9155
0.0
2433.2324
2655.1077
4719.094
775.948
0.0
2106.0586
0.0
0.0
267.60168
0.0
1343.2251
0.0
0.0
0.0
0.0
0.0
0.0
0.0
0.0
2338.2483
6584.653
0.0
13736.538
0.0
16895.602
0.0
7427.7637
0.0
57.828217
555.20264
25202.316
615.36536
0.0
3611.5183
3290.3755
0.0
234.51398
0.0
3548.0015
8859.063
0.0
7590.8813
0.0
3467.9978
0.0
0.0
11863.346
0.0
0.0
643.12274
0.0
0.0
1152.8016
3098.1924
2449.9937
0.0
69314.59
0.0
0.0
2404.6184
1727.5233
0.0
1730.2625
0.0
2483.5361
8192.983
0.0
13260.464
84259.805
0.0
7452.5474
2544.0232
5483.184
0.0
89.009186
727.0697
1165.4863
0.0
0.0
0.0
0.0
1247.3722
0.0
0.0
2561.4382
3040.2358
14121.225
1051.1206
1616.2405
3058.7231
18528.197
20704.668
902.5856
0.0
3188.649
0.0
8117.441
0.0
9385.808
4183.1514
1944.4481
3393.382
3187.826
2411.4954
0.0
0.0
1523.9067
9067.951
966.1671
375.63272
0.0
1957.3341
0.0
0.0
0.0
3976.1294
0.0
714.18695
1491.0327
19028.043
1843.3452
420.14502
1776.6997
2373.5703
25712.371
9158.351
0.0
0.0
1302.9935
2630.7212
3949.5547
0.0
0.0
0.0
11969.222
2873.3198
0.0
8514.917
3261.0366
0.0
1135.9456
0.0
5777.502
2194.7896
4988.8945
5560.248
442.0795
0.0
1457.1462
2639.3794
0.0
0.0
0.0
0.0
2897.1338
6128.8076
0.0
312.44806
2016.6918
16484.22
9750.679
0.0
0.0
0.0
0.0
86.668655
3490.8633
0.0
0.0
0.0
1723.9805
0.0
1358.1067
9556.306
1680.1428
0.0
6371.703
5624.9326
0.0
450.66278
0.0
1588.7335
266119.8
17115.164
0.0
0.0
421.60138
2439.0713
9816.536
2130.7805
6130.4805
0.0
4886.6963
0.0
0.0
3160.4954
0.0
0.0
8976.862
2629.8174
2878.7837
0.0
0.0
0.0
313.52423
1841.2905
7645.909
0.0
0.0
0.0
0.0
19727.064
0.0
12658.902
7201.4155
1997.8737
0.0
2303.3677
235.97945
1653.8623
0.0
0.0
0.0
0.0
1904.0315
0.0
0.0
0.0
2196.3533
579.4619
5005.549
0.0
2150.9175
3703.33
2499.069
3219.2727
7241.958
5613.5073
0.0
4648.067
0.0
2961.9287
1188.4642
1359.0063
4066.3262
1036.4299
0.0
0.0
0.0
0.0
2525.2844
2179.0845
0.0
14617.843
2741.4834
0.0
1635.0608
1563.6554
2620.6833
2956.4749
1590.0862
0.0
0.0
944.67737
21514.746
0.0
2043.9408
0.0
1243.2885
2592.8965
0.0
0.0
2963.907
59.943176
0.0
0.0
2951.5442
1452.6061
28094.736
976.2816
0.0
4981.0522
1392.6815
1101.7205
2923.1345
0.0
11753.049
0.0
2892.5413
4061.8162
0.0
12897.621
4333.534
19587.96
0.0
12543.455
4620.385
0.0
5669.484
3708.467
1191.3873
0.0
0.0
0.0
0.0
3878.9646
9969.909
4280.939
6477.5776
1562.24
1835.7202
387.24423
1978.7744
0.0
0.0
0.0
2294.174
2794.0347
2674.9592
0.0
0.0
3973.793
5629.1978
3647.1982
0.0
2927.34
0.0
2841.248
1642.0662
0.0
3938.4863
0.0
0.0
945.0268
0.0
0.0
821.8991
0.0
3665.475
9713.639
0.0
3309.1714
7372.9604
1546.4658
0.0
977.24146
2495.2976
4769.467
0.0
0.0
2548.5708
6993.178
1649.5013
4443.5684
0.0
3389.9883
2321.3113
4808.098
0.0
796.5903
7291.0044
0.0
360.4394
0.0
2877.8193
2693.1199
3603.466
2176.4207
6139.1543
3101.537
1107.228
2509.1025
6231.184
4866.364
0.0
3458.9397
3172.4114
10041.217
2599.1885
0.0
14206.519
556.89014
3222.4849
2449.0417
0.0
8056.7944
0.0
1491.5243
138400.72
0.0
1541.4598
0.0
0.0
1720.8124
0.0
1825.6971
1790.1057
3938.7554
4394.9346
0.0
2531.5505
0.0
0.0
0.0
2062.7063
4858.9897
0.0
0.0
161250.77
0.0
0.0
0.0
1676.2893
0.0
0.0
0.0
6798.4355
1638.0923
1075.371
21726.604
211689.19
0.0
0.0
0.0
3373.7588
16221.869
0.0
0.0
0.0
0.0
3564.4673
0.0
0.0
561.55743
5124.3096
0.0
0.0
0.0
0.0
3271.341
0.0
8756.146
10062.096
5239.873
36612.594
0.0
6938.117
0.0
0.0
0.0
2800.9236
2915.625
74866.4
0.0
165.23679
29862.59
0.0
9448.671
0.0
0.0
1175.8932
1417.6638
4698.5864
141.00949
0.0
4441.527
2857.8203
0.0
0.0
0.0
0.0
294.3094
1755.5828
5336.793
0.0
3028.491
0.0
9674.907
8637.21
2652.8225
2882.9604
389.794
248.14337
3744.121
0.0
1460.5122
254.45526
985.3202
0.0
0.0
2939.949
59046.61
4669.905
0.0
0.0
9955.782
2002.719
0.0
0.0
1152.1226
8324.207
0.0
1255.835
3323.531
0.0
3813.4082
2239.3452
0.0
2685.1458
0.0
2650.3074
44131.344
0.0
0.0
4093.8657
11011.731
0.0
0.0
2275.6338
11024.287
0.0
0.0
0.0
1265.073
0.0
1102.4738
2740.9204
0.0
0.0
0.0
0.0
0.0
831.38354
867.89905
3076.9177
7057.959
10241.085
3057.2656
0.0
2059.4922
4311.8696
0.0
0.0
6377.31
11021.176
5164.358
0.0
0.0
953.8833
3038.383
0.0
488.53253
11155.38
0.0
0.0
0.0
978.9907
2820.135
0.0
0.0
11.294884
0.0
775.7248
3961.0208
3520.5728
1590.2676
1428.6045
1909.293
0.0
2819.936
1246.2344
2157.8088
7396.5376
13167.355
0.0
3111.6458
1655.3937
0.0
0.0
1676.3727
0.0
4314.2246
11609.897
0.0
7911.626
0.0
1928.9963
1480.3127
1868.0791
10146.754
0.0
0.0
2030.7687
5153.4746
0.0
3600.0237
4256.9707
4352.993
0.0
0.0
678.0486
0.0
2917.6904
0.0
2343.6262
0.0
0.0
0.0
11005.658
4823.009
0.0
6184.09
3930.6338
0.0
1584.3182
2465.1982
0.0
0.0
5314.036
4748.8364
3933.464
2401.844
0.0
5430.951
492.84332
2989.417
0.0
3174.3862
0.0
0.0
0.0
0.0
0.0
0.0
2384.654
2266.4963
0.0
0.0
0.0
4427.399
0.0
6862.4194
6106.5903
2917.066
0.0
1402.8303
0.0
2614.1191
0.0
0.0
943.22687
0.0
1653.8424
0.0
6023.9224
0.0
0.0
1309.7914
0.0
2576.8088
0.0
90474.766
1330.7517
15111.941
0.0
0.0
1152.8812
4153.754
29887.164
0.0
2926.5093
2374.484
0.0
0.0
30036.756
0.0
2102.247
0.0
0.0
1.1657696
0.0
0.0
0.0
512.1049
0.0
5807.62
0.0
18636.12
15715.282
2437.7522
2896.7354
3535.2283
3155.6104
0.0
0.0
2240.9739
0.0
2135.4568
2413.779
3296.0073
4138.261
0.0
7685.578
950.79736
1086.2422
1444.1359
0.0
3138.3618
0.0
0.0
6869.059
0.0
2950.3076
0.0
2711.7363
2220.8225
5477.9307
1249.2561
3029.196
1400.8767
3121.5571
3497.5293
2443.853
2801.7524
2784.1062
0.0
3977.061
0.0
0.0
4576.8013
10956.798
4628.1426
18314.455
0.0
2540.104
0.0
921.9025
3833.0955
4533.9883
2848.0217
2662.3416
0.0
2012.5365
145348.75
1925.0907
0.0
1251.7831
12282.209
0.0
2551.3054
1365.122
4327.055
0.0
1251.8187
3469.3987
382.14664
0.0
0.0
628.75037
2031.0367
11755.949
2876.444
1649.5837
3233.7102
0.0
0.0
0.0
5225.718
1707.3221
2435.2222
2006.0083
52317.43
623.98804
4169.816
0.0
2055.0146
3034.5583
2247.679
877.7383
0.0
0.0
0.0
0.0
133073.72
2797.5164
3959.1196
11532.503
0.0
4725.381
1443.9323
7379.9097
0.0
0.0
1196.3928
2442.3252
0.0
61.66978
10592.255
0.0
4209.3657
2529.4763
4757.5327
2060.1729
4237.449
0.0
0.0
1521.4265
4214.9043
5977.7363
4722.8105
3516.9038
2468.6165
2882.942
132032.66
2537.0085
5132.5024
2556.227
0.0
20836.195
0.0
0.0
0.0
0.0
0.0
