0.0
0.0
0.0
0.0
1948.1481
0.0
0.0
2231.841
1553.7712
2428.8765
2287.0845
6578.0107
16274.762
0.0
2381.373
2145.6155
457.1126
5705.118
4485.3853
0.0
0.0
0.0
1279.7336
1039.7666
4179.3193
0.0
29302.23
10270.108
0.0
3682.1177
2876.5273
4071.105
0.0
2616.1604
0.0
0.0
8220.311
0.0
0.0
0.0
6390.8047
2205.1719
1457.4916
0.0
14126.198
0.0
0.0
6958.1807
0.0
0.0
2056.4575
1982.2495
0.0
4650.842
1909.7266
329.3152
1034.4087
0.0
0.0
0.0
14402.981
1557.2448
9107.084
5423.1143
0.0
2625.2275
0.0
0.0
2367.6396
0.0
4176.1943
1868.48
0.0
3752.3237
0.0
1871.8303
1466.7532
5126.3037
1481.5251
6485.3027
0.0
1565.4951
0.0
3109.4604
0.0
8495.6875
0.0
5913.886
0.0
0.0
0.0
1294.9624
2119.7473
49.065414
2135.7915
1900.3691
4146.8477
1325.3145
342.43872
8733.311
945.11523
1855.8367
790.147
769.7492
2252.1587
29891.916
4576.03
2372.9138
1033.1089
0.0
0.0
0.0
1720.0774
13305.192
0.0
0.0
785.78406
6540.7466
0.0
0.0
20121.926
1030.9425
4810.7217
2732.8555
12050.727
0.0
2059.7039
0.0
3335.0005
2000.6897
5366.391
1145.1879
8632.086
3006.3164
0.0
42.262238
7213.428
0.0
0.0
6063.2793
2645.0493
535.155
14459.923
1197.4872
1070.4648
15527.313
0.0
0.0
1557.8414
3134.1594
7592.951
0.0
6157.238
823.7527
2233.236
0.0
0.0
1562.7859
0.0
0.0
0.0
2404.9165
35222.742
0.0
0.0
0.0
0.0
0.0
12741.246
0.0
0.0
0.0
5258.7676
5906.468
4150.9844
1347.2106
2932.4084
3457.5537
7504.74
0.0
0.0
2143.613
1228.0664
3971.8804
245.35023
2493.5842
0.0
0.0
6228.0547
20810.812
7208.37
12305.871
18551.543
1636.8378
1903.7462
0.0
4032.4832
1878.845
3274.1116
2571.7979
3213.0454
0.0
0.0
1549.3337
1877.9359
2253.37
0.0
2730.994
15908.367
0.0
2069.167
1835.0183
7848.076
6110.8926
0.0
2319.3909
0.0
6532.084
0.0
5768.522
0.0
0.0
0.0
6167.8115
0.0
1390.7499
0.0
1431.272
0.0
7169.6226
1771.4688
0.0
0.0
0.0
36037.773
978.5751
0.0
10101.385
1631.089
4633.672
1848.0857
0.0
12541.665
0.0
22292.262
1593.3218
0.0
693.71643
1750.6472
0.0
0.0
1706.5743
1390.7383
9867.048
5208.5664
0.0
0.0
1752.8712
4461.66
0.0
4890.8
268.77908
11949.283
1040.6903
3804.6838
12083.739
2438.4824
18726.148
0.0
4590.154
0.0
4163.8857
7379.867
2585.7974
588.1864
0.0
0.0
6884.1
0.0
7360.264
1883.8663
3441.6558
0.0
0.0
0.0
24170.623
0.0
0.0
50315.9
0.0
1895.3965
0.0
8258.596
0.0
1957.0775
0.0
3974.486
0.0
0.0
0.0
0.0
1156.2969
0.0
2092.8884
0.0
0.0
3602.0598
1516.1797
0.0
2188.455
2685.0562
1897.9667
3499.007
0.0
3883.1096
0.0
0.0
0.0
0.0
4748.365
372.648
0.0
6583.9614
6170.2607
11002.888
340.93787
1573.5544
988.7014
0.0
0.0
0.0
0.0
1018.2959
33398.79
0.0
0.0
1402.9126
0.0
0.0
2388.1243
0.0
0.0
7797.493
0.0
0.0
1988.5208
4184.9004
0.0
566.1206
7442.982
43117.0
2919.979
2546.9233
2329.497
4991.4053
610.75494
2860.0737
25931.2
0.0
0.0
16301.18
5023.975
5380.926
0.0
5054.459
3268.9631
0.0
1047.4208
1714.4585
0.0
0.0
4817.74
0.0
1233.1619
2859.9697
0.0
0.0
3566.2073
0.0
0.0
1368.8696
8142.1797
0.0
630.47266
1391.6033
0.0
7828.92
2448.1318
2201.9907
446.58176
0.0
0.0
0.0
0.0
1119.2441
10340.911
0.0
3034.5298
2797.0032
1792.4598
2975.5625
0.0
1497.5691
0.0
5783.592
0.0
2401.4146
0.0
3852.3638
0.0
3092.5413
0.0
3010.8103
3236.107
0.0
2383.0012
0.0
0.0
0.0
3156.3733
8482.828
10218.54
0.0
0.0
1747.1786
4816.259
1378.0952
1747.376
0.0
1611.7235
0.0
0.0
1758.5859
1566.561
6574.2676
0.0
0.0
0.0
0.0
1665.1549
0.0
691.90076
0.0
0.0
476.92072
3883.4646
0.0
3774.8113
0.0
0.0
0.0
2669.9785
0.0
2772.3022
5450.2935
0.0
1804.422
0.0
0.0
9838.613
1705.111
0.0
0.0
4724.634
5925.4907
0.0
2717.3027
0.0
0.0
0.0
1548.9902
3919.0854
9751.405
6520.175
12127.163
5145.1074
2504.2087
2284.8818
1905.627
0.0
1922.4846
0.0
287.8001
0.0
7535.0825
3258.7473
0.0
5092.323
2674.7366
4486.4854
1713.4266
5958.4844
2201.305
0.0
0.0
3843.9082
0.0
1127.9575
1662.9388
4117.9434
0.0
2106.6768
4808.842
1445.6927
0.0
1326.4662
0.0
1308.6428
0.0
0.0
1899.2063
0.0
1469.8334
1173.4907
4941.3354
0.0
0.0
7310.9756
4759.5166
0.0
652.1782
2751.3623
19676.783
2142.1667
1388.7821
1695.2261
3546.1843
0.0
1273.3079
13262.229
2753.8982
0.0
10144.965
5384.8887
0.0
2526.559
0.0
6284.3813
0.0
0.0
9624.644
0.0
4869.2114
6258.472
2765.5605
5877.7705
3223.943
0.0
0.0
0.0
0.0
0.0
0.0
3111.6184
2391.5771
0.0
6001.648
0.0
3218.151
2236.3857
3517.901
1351.7161
1495.264
0.0
0.0
6866.796
1098.6294
1945.0299
0.0
0.0
0.0
0.0
2584.5334
3079.4402
0.0
5166.0684
4064.8596
5939.3096
5834.2705
0.0
3798.947
1496.6993
0.0
0.0
8859.281
0.0
3725.7588
1510.462
3440.566
5171.253
2455.2783
5592.929
2260.5527
11044.19
4197.788
1196.5608
110160.414
2138.9512
0.0
16618.396
0.0
1653.2303
2400.2139
341.7112
0.0
2659.1597
0.0
0.0
2851.9143
7164.7812
20934.627
1706.8198
0.0
0.0
14444.342
2107.1511
0.0
8773.6
0.0
2514.4983
3794.5093
0.0
10917.387
7349.113
0.0
1907.7242
3670.1853
0.0
0.0
0.0
1735.3196
1186.4956
11220.4375
6830.2637
2192.427
1630.3833
0.0
595.68616
0.0
309.7367
2260.3066
0.0
1358.807
2802.1108
0.0
5733.1294
0.0
2035.1714
0.0
2767.676
1289.3022
0.0
5250.696
988.7876
3982.5916
1082.9806
0.0
0.0
2811.5608
2095.7014
2019.1157
0.0
3009.282
1958.3596
28596.049
0.0
4363.9995
14711.973
2090.4922
2154.5623
1812.7336
0.0
2094.3308
1794.3071
5044.412
0.0
6375.6543
0.0
0.0
5384.218
0.0
0.0
0.0
0.0
1834.6527
2121.7246
1355.5275
1156.4065
0.0
7113.7754
1353.7535
0.0
10.331863
0.0
1969.5427
0.0
8096.705
0.0
0.0
0.0
421.83163
1644.0048
2419.797
17958.248
0.0
1689.8993
2034.0175
2383.2231
0.0
11835.424
4664.5117
3495.6714
34786.86
5845.9717
1106.3008
6929.4785
0.0
0.0
5795.7207
2258.7563
1998.6575
2813.8992
3444.624
0.0
4633.658
2314.1487
0.0
7321.166
0.0
1785.4427
1438.0262
14614.379
1886.9614
1953.2046
0.0
0.0
2958.0957
0.0
1846.7222
1466.1287
8244.714
1769.7742
1728.4482
45855.902
8691.257
0.0
3787.1367
2051.459
0.0
1793.24
0.0
4517.97
0.0
0.0
2404.2512
0.0
4132.6504
9367.619
1597.2668
3965.2957
2681.7603
1884.7289
7211.116
1598.0354
4372.333
2759.9421
2678.2705
2471.2556
0.0
22847.512
7054.797
42600.793
50662.688
0.0
6376.478
0.0
2242.7239
0.0
2216.625
2253.373
0.0
10482.258
1334.2922
5650.75
3000.0156
1843.94
1802.083
0.0
0.0
8364.944
2186.3784
0.0
2323.7048
0.0
2240.5554
0.0
10885.295
0.0
0.0
1432.4061
0.0
1698.4918
6383.5396
2170.7534
1773.3528
3471.1724
1219.5798
0.0
1850.7009
2738.4453
5555.3496
6668.551
1468.4084
1681.8973
0.0
0.0
2933.5825
0.0
0.0
3305.3452
11317.537
0.0
0.0
43743.37
9500.223
0.0
8097.8643
3707.1328
370.26892
0.0
3174.3408
3649.086
1449.5515
0.0
2944.7478
0.0
0.0
0.0
2364.5671
0.0
2218.8086
2732.3687
746.06915
15043.9375
0.0
0.0
0.0
0.0
0.0
0.0
7131.071
26460.37
54780.74
7364.714
0.0
6019.039
3080.289
2826.901
0.0
0.0
0.0
2918.6147
0.0
0.0
5344.468
1750.9567
0.0
35829.83
0.0
1478.4197
0.0
1190.7493
6173.3975
0.0
1276.8214
4057.0583
3303.27
0.0
3225.883
7405.0483
0.0
813.02234
0.0
0.0
2674.3618
0.0
6698.559
7141.8906
0.0
0.0
0.0
6805.8784
28173.963
0.0
394.361
2134.531
6684.784
1932.6279
3093.7214
0.0
14669.362
1988.3837
2300.618
1298.9677
0.0
1701.9137
0.0
0.0
0.0
2856.0176
0.0
0.0
2928.5154
5488.0684
2113.326
1768.5906
0.0
2044.742
2269.6812
2906.403
1371.2429
0.0
6126.992
830.2155
3401.8042
0.0
2104.3403
0.0
4585.4185
9100.718
0.0
6332.5073
1337.6467
3218.538
0.0
0.0
0.0
0.0
21986.666
2279.0864
1471.3916
4089.6113
1211.0072
0.0
0.0
0.0
350.71326
5391.462
696.24414
7359.4155
0.0
1348.3258
0.0
5551.8086
1976.4309
1807.0258
13190.997
0.0
0.0
7071.2837
8724.003
0.0
0.0
20188.111
0.0
0.0
10250.126
0.0
0.0
5756.3633
0.0
0.0
0.0
2305.8792
35603.31
1980.9758
5003.866
54068.93
8173.1753
0.0
0.0
0.0
0.0
15477.578
1573.8372
3328.5884
7818.398
0.0
3744.06
0.0
0.0
3552.0408
0.0
978.8991
0.0
1363.8392
1931.1924
0.0
10569.158
0.0
0.0
1349.274
6821.173
0.0
0.0
260.72354
0.0
2013.401
0.0
6472.159
16415.406
0.0
1636.9078
0.0
0.0
0.0
3791.442
0.0
0.0
819.8167
4241.774
0.0
53698.6
337.03595
0.0
2549.8716
0.0
2032.6746
3619.8428
1898.4603
0.0
0.0
0.0
2268.4055
12553.04
14786.838
2692.3757
1272.3298
14710.156
0.0
1771.5575
3538.358
0.0
208.232
1934.7023
3015.2065
4099.6426
1084.8328
0.0
0.0
1344.6251
759.89716
4100.3364
692.95734
0.0
3541.199
16052.783
5890.332
0.0
3378.0718
11591.587
2416.766
10080.048
0.0
0.0
0.0
0.0
3888.8594
426457.1
4768.0435
782.4355
0.0
0.0
0.0
1832.2054
3021.552
3644.787
824.74365
807.045
37205.633
5013.476
2888.1826
5400.698
0.0
0.0
2009.6838
2511.4968
0.0
4518.205
20005.18
2823.5051
0.0
0.0
0.0
1978.6812
0.0
4783.8145
0.0
0.0
0.0
6301.8584
2062.462
0.0
753.34735
0.0
6851.429
1907.5857
1983.6351
176.19827
5872.922
1779.127
0.0
9207.312
0.0
2154.3232
0.0
0.0
10237.129
1887.4258
0.0
937.26843
21292.717
4917.7095
0.0
2059.2297
0.0
0.0
0.0
5929.904
10077.366
0.0
0.0
0.0
1909.7948
0.0
0.0
0.0
0.0
7045.538
0.0
0.0
0.0
2695.9734
5173.7285
1317.0217
3075.424
0.0
16617.121
0.0
2084.2295
1654.0581
0.0
1795.2433
1139.4502
3897.0525
3085.8374
0.0
0.0
6960.286
1517.0005
26040.836
0.0
1560.8914
0.0
1552.4764
0.0
1568.6174
0.0
0.0
1699.4755
0.0
1761.5527
3190.578
1645.9746
0.0
0.0
0.0
3341.5327
946.2638
1340.3984
0.0
6046.3237
1465.3042
95803.56
0.0
0.0
0.0
0.0
0.0
2721.2117
3520.4426
13443.965
0.0
3659.5781
3162.7173
0.0
0.0
0.0
42161.918
7136.173
2546.923
3798.1096
254.07321
0.0
0.0
7290.036
3452.6858
5051.3564
0.0
0.0
2249.147
1909.4127
11493.615
0.0
6204.6504
8777.759
2554.3584
3105.829
3292.8396
0.0
0.0
0.0
2276.8967
0.0
1878.0049
0.0
0.0
12627.08
0.0
4165.498
2998.006
4116.728
3397.3071
3850.9106
1639.9221
7357.268
7172.8193
1889.7275
10261.663
0.0
1980.684
0.0
650.852
4305.644
2903.9336
0.0
5856.531
145401.22
2674.6543
3226.3472
2168.382
9670.1
1929.1401
0.0
0.0
1959.968
4669.351
0.0
0.0
0.0
20561.336
2872.665
0.0
0.0
3686.0835
10971.818
0.0
0.0
187.41093
0.0
1080.2195
1663.2783
2781.7227
0.0
3762.4426
2613.45
6189.8115
1923.2379
1884.1711
0.0
0.0
4998.962
1032.9071
0.0
1613.2721
0.0
0.0
97.935265
0.0
0.0
7342.273
0.0
2998.5298
0.0
4620.8438
2122.9043
0.0
0.0
1245.1753
0.0
0.0
1328.7395
0.0
3376.9443
0.0
2651.1377
7446.9814
2710.8604
24840.582
0.0
1651.0643
7118.035
0.0
4626.2383
3739.4019
1894.4727
2772.475
11689.113
0.0
5726.564
2758.5847
3593.644
3281.333
875.2631
0.0
19692.61
2473.537
0.0
0.0
0.0
0.0
1484.0952
4911.6006
5436.1465
811.15924
5313.3525
1165.4248
5729.924
8046.005
0.0
0.0
2774.07
6215.0337
2356.7056
8142.948
2302.1045
0.0
0.0
9203.728
0.0
5454.079
0.0
5435.832
0.0
0.0
0.0
0.0
6263.8896
0.0
2538.892
26965.434
17609.309
220.12877
3383.2583
0.0
2441.6702
0.0
4311.623
2411.9438
7206.9355
2015.704
13703.403
1797.1567
1666.024
832.68146
0.0
1283.5778
2104.8867
1265.7732
2585.3896
1004.3036
16550.037
0.0
2942.2856
0.0
18643.514
1415.0043
2254.9294
0.0
2832.156
2759.9692
0.0
0.0
0.0
0.0
0.0
14366.895
0.0
0.0
1585.0398
0.0
498.2274
23084.838
13859.429
5328.1597
2171.8896
2737.084
0.0
1913.5824
0.0
0.0
2953.729
5172.7627
4330.5146
0.0
0.0
0.0
1451.9467
0.0
12996.964
7539.826
1826.8513
0.0
6309.465
0.0
2962.823
1694.3712
3305.8835
2293.491
0.0
0.0
1490.3196
2209.9534
0.0
3517.9797
2174.1018
1107.0171
6627.586
2396.1875
1531.3
10316.373
11758.461
1054.3691
0.0
7648.026
2136.2302
11471.884
0.0
6251.821
3804.7168
4712.9316
1532.5143
868.82544
13408.616
0.0
1951.8848
2024.4822
0.0
0.0
770.7504
3611.9473
2971.968
0.0
0.0
0.0
0.0
1424.4423
3099.9243
0.0
0.0
5652.543
0.0
0.0
0.0
9146.757
1549.3354
7480.3354
6476.664
13169.183
0.0
0.0
0.0
0.0
1938.0103
1404.5745
3289.9023
0.0
0.0
0.0
4938.3184
0.0
0.0
1022.40186
0.0
0.0
0.0
11368.596
0.0
0.0
0.0
1540.8416
2100.4158
0.0
652.1806
1304.7893
0.0
0.0
111844.45
2204.0002
0.0
3604.6929
0.0
0.0
0.0
2885.9045
2392.473
14543.442
1112.868
0.0
0.0
8206.475
2419.9363
0.0
1953.6663
0.0
544.3504
0.0
1777.8271
1858.0154
11203.395
16174.617
776.91547
1934.7156
2080.2456
0.0
0.0
1867.096
0.0
0.0
1734.1116
163.38348
0.0
17891.305
911.32404
0.0
2133.2993
4316.7744
402.55786
2421.9775
0.0
0.0
5718.014
1076.7175
7757.5425
0.0
3568.845
13903.575
0.0
1794.8037
2093.3894
4071.6282
1486.959
0.0
0.0
7968.2236
1874.0244
8646.953
2242.0212
3201.4229
2104.4062
1365.1523
1879.2883
9060.5625
5296.7114
0.0
0.0
7339.619
2148.1228
1801.4027
1500.4939
0.0
0.0
0.0
1647.4568
3627.2808
0.0
0.0
0.0
2231.0205
0.0
2954.0574
0.0
1432.1138
2300.4602
4251.41
3297.8716
15386.738
0.0
9220.805
2302.164
1638.3984
0.0
1453.7603
5372.3623
0.0
6258.5244
0.0
2379.9958
7305.156
1345.7388
4116.418
0.0
7280.8506
6217.5083
6540.696
5029.23
0.0
2665.0361
1350.1803
0.0
14042.071
1034.8696
0.0
2059.9553
1147.7957
4789.7856
954.34564
0.0
0.0
3313.326
4403.161
4840.091
1849.4701
0.0
0.0
6054.3774
0.0
5883.266
2722.198
0.0
0.0
3014.2275
0.0
3496.9834
3202.591
9291.918
2184.2314
0.0
3285.376
1559.4205
2045.5964
0.0
19979.809
0.0
0.0
0.0
2297.2207
0.0
21735.738
18598.959
25505.44
0.0
0.0
2247.4343
1288.4572
3857.3474
0.0
3955.2383
0.0
2296.995
6012.3076
1474.4331
2494.323
1930.0538
4237.392
4990.1616
1446.1776
0.0
2203.868
11426.576
1728.0636
0.0
0.0
0.0
5327.538
6388.2783
4786.1714
5400.6978
2190.8384
16455.643
0.0
2386.5305
0.0
10902.484
0.0
1543.5791
7743.9883
5905.1323
0.0
5836.953
1099.5199
0.0
0.0
1331.3665
3619.58
0.0
2116.5164
0.0
1714.7063
0.0
1702.4402
0.0
323.5249
0.0
3688.8613
10043.636
1743.7743
2246.082
0.0
3747.3938
1284.6322
12501.842
3132.9668
0.0
0.0
0.0
0.0
1822.1006
1553.1249
0.0
1550.103
0.0
1897.6293
2533.7915
0.0
0.0
3252.827
1770.1028
9995.615
924.91315
2707.2512
0.0
2198.9595
8403.8125
2805.7214
0.0
3275.7283
5014.5635
4865.1455
4006.4038
3668.874
0.0
2777.4565
2273.9531
0.0
2135.1277
0.0
40491.555
0.0
13472.019
2186.0217
1392.6997
1473.9323
26119.734
1165.7617
0.0
2042.7512
7789.462
2609.1057
11623.8125
3841.6934
3268.805
7553.3765
0.0
9010.735
0.0
6231.17
1691.7388
0.0
0.0
8858.271
5602.169
1864.6573
2081.229
2471.254
0.0
1824.7781
1681.3535
5820.034
1780.2775
507.00745
5061.5166
0.0
34264.617
689.3528
1737.4442
3116.5854
0.0
0.0
0.0
0.0
5344.599
2428.2642
1661.552
0.0
0.0
2130.4463
0.0
1726.4354
6005.878
0.0
3671.6653
0.0
0.0
0.0
0.0
0.0
1562.0228
8396.5
0.0
0.0
6223.3213
2692.7183
2363.605
2013.3237
1923.1066
0.0
2844.7515
6489.9204
18086.393
11419.834
1414.1814
0.0
0.0
6757.033
2270.9429
2295.1519
0.0
0.0
2139.528
1643.4642
3514.8574
2231.012
0.0
0.0
1471.0188
2015.5724
8531.216
117.008896
2553.6987
0.0
1752.951
1563.2618
2469.1284
2203.1577
0.0
0.0
5184.065
2051.2131
5167.7036
954.91077
0.0
2679.2341
0.0
0.0
0.0
2341.6538
0.0
7089.436
5756.541
5640.5635
6139.749
1023.9071
1853.2576
0.0
1485.9554
8451.536
4302.924
7091.324
13218.871
6990.891
0.0
1187.3179
0.0
2102.03
3326.7441
2755.9146
0.0
0.0
573.1986
1439.9863
4437.931
0.0
1955.4641
5191.7935
0.0
0.0
1519.93
0.0
15320.763
0.0
0.0
2170.8792
0.0
3058.0474
1978.0013
0.0
8715.26
0.0
0.0
0.0
1348.1213
6206.877
357.94125
1566.5902
2909.9282
2143.3257
6483.4106
0.0
837.7451
17257.523
2536.8787
1919.9746
0.0
4648.9854
5220.189
0.0
1168.6132
916.0608
1368.1393
0.0
0.0
0.0
7635.403
2456.9382
0.0
0.0
0.0
1355.2568
1874.6904
0.0
16363.15
4441.9854
3869.0662
0.0
0.0
1161.9094
37927.598
2270.9844
0.0
41527.125
10694.512
1838.5363
4827.4355
0.0
6936.339
0.0
2459.0396
6062.698
6419.8916
0.0
1918.0903
6887.9233
0.0
891.2945
0.0
8939.937
0.0
0.0
0.0
0.0
4975.8755
0.0
0.0
6408.175
0.0
27334.533
0.0
5897.626
3747.4136
29103.1
5643.2344
5127.879
0.0
2686.8271
6359.982
21630.506
0.0
0.0
6270.4487
0.0
2606.7212
4343.1743
2514.829
4558.5366
1327.455
0.0
0.0
18052.217
1567.9857
0.0
0.0
6558.778
0.0
0.0
1709.2773
2361.3716
0.0
0.0
0.0
33339.402
1947.6558
1430.832
2295.5833
2074.7092
0.0
637.9765
1711.0469
0.0
2279.922
1414.6433
6955.578
0.0
0.0
0.0
9275.678
0.0
1825.144
8279.624
2045.5437
0.0
2546.531
1580.4271
0.0
0.0
0.0
872.06494
3349.6892
1745.9324
0.0
3209.2522
0.0
0.0
1546.4698
420.36688
5907.5225
5587.2646
0.0
0.0
6674.4526
0.0
4054.6924
0.0
9499.49
0.0
0.0
12174.116
2640.8584
0.0
1194.3414
0.0
3062.6414
13423.293
0.0
1279.7903
0.0
1659.149
1102.9609
2864.6934
3274.7498
3550.0474
0.0
3293.2617
2270.2874
0.0
0.0
0.0
1179.5428
2723.867
8127.4795
2976.2537
0.0
0.0
4049.5642
0.0
3773.2659
0.0
834.1004
2459.1177
2657.7083
3760.7058
0.0
2145.5261
0.0
2287.4927
1651.9225
1818.6333
0.0
2069.9417
2683.4421
0.0
61.260445
4164.657
6472.1416
0.0
3627.0598
3693.9424
0.0
1005.4694
1503.0852
0.0
0.0
0.0
1472.1089
6177.025
3779.7788
0.0
1815.4729
0.0
0.0
0.0
1735.3136
0.0
0.0
1586.9454
9278.93
0.0
5840.699
0.0
59594.28
3164.4814
20224.04
1725.464
6554.3857
6333.659
0.0
2357.3955
1150.2587
0.0
0.0
1514.9907
0.0
2020.4493
1197.6125
4996.8213
0.0
0.0
0.0
5516.2217
0.0
0.0
1648.4044
1442.8118
9127.967
4775.935
0.0
15288.818
1561.3992
1884.252
4197.7847
1582.985
6021.4033
448.42072
4079.103
7499.35
10093.379
3080.4546
9350.335
2044.4408
0.0
0.0
0.0
0.0
0.0
0.0
0.0
0.0
0.0
0.0
5528.0713
0.0
0.0
6822.262
0.0
174457.27
0.0
0.0
2057.9832
0.0
0.0
0.0
0.0
0.0
2711.8442
0.0
0.0
0.0
1482.6545
352.084
2222.2915
0.0
0.0
2244.8958
5660.348
7421.609
2228.179
2643.5576
0.0
1543.0613
0.0
2414.0208
2516.816
0.0
0.0
1916.3248
4983.469
0.0
3717.2373
0.0
0.0
1351.4066
0.0
11715.834
7487.4385
19638.45
3690.2786
0.0
0.0
3129.773
840.3135
439.73892
2488.2185
4620.6064
0.0
0.0
0.0
481.44055
0.0
2707.5103
2901.3882
2482.8728
1874.3944
0.0
1000.64075
9721.204
2558.824
0.0
434.43756
0.0
40962.9
611.26544
3451.084
0.0
0.0
0.0
0.0
3797.7598
0.0
52539.69
0.0
20410.01
0.0
1546.8547
0.0
0.0
0.0
1576.0245
2859.3745
2584.6733
3181.1992
0.0
0.0
1051.1567
2439.2925
0.0
4294.9624
6335.497
6461.6934
0.0
16383.318
0.0
0.0
0.0
3837.1196
0.0
3422.7312
1987.2717
4125.165
721.46564
13926.043
224.84511
23286.848
0.0
1462.2012
5790.3525
7788.0005
6383.8555
2475.6814
1799.1559
4373.743
2096.8262
7818.956
0.0
0.0
4294.4233
3326.9119
0.0
0.0
0.0
0.0
0.0
6035.9697
3173.2344
0.0
139.17285
8281.021
14342.82
0.0
8628.658
2392.6184
0.0
0.0
0.0
0.0
15728.344
0.0
1167.4963
11266.582
1488.6012
11169.117
2315.824
1150.4291
6689.2393
1023.3269
8889.313
0.0
3412.7898
0.0
3324.6816
0.0
6233.2744
1803.2596
5115.159
3688.78
2922.354
5236.3706
0.0
3528.0576
3479.7498
0.0
2063.6096
0.0
7852.353
0.0
7804.2476
2037.052
1946.5825
1412.6837
2970.5771
2969.8484
1486.1731
2512.876
4472.6904
0.0
0.0
2224.514
1007.35095
0.0
2385.7856
86.7767
2256.63
6774.1636
0.0
0.0
5250.6436
2098.608
1466.328
0.0
1894.448
11917.609
1721.2407
2178.065
0.0
5963.0283
3189.7612
3562.2485
4188.721
3713.665
3354.5068
2520.7578
0.0
0.0
1013.02344
0.0
1623.4894
0.0
0.0
4324.714
0.0
9290.9795
1837.0479
76541.1
0.0
4239.6313
983.3779
3051.2727
0.0
1813.6364
9395.989
432.79358
1732.6075
2480.4702
10187.637
1166.711
4988.8384
2158.8665
2116.5032
2928.5916
0.0
3424.156
0.0
1456.6526
9387.252
0.0
2664.8599
2669.9497
2566.8506
2787.8438
26148.252
59040.184
10510.259
2044.0369
5456.033
0.0
1815.3086
0.0
2964.7603
3536.316
7008.565
0.0
1783.7347
0.0
0.0
4505.835
2023.5131
1480.8159
5479.5176
8899.425
0.0
1796.7258
0.0
2277.2104
1652.7554
2180.8845
1466.9214
31352.387
0.0
7293.242
0.0
0.0
43543.402
1243.7142
7274.9805
1802.4279
8822.814
2186.3613
0.0
1196.9872
0.0
4536.3203
856.3119
0.0
3218.4258
6780.8867
1684.9169
0.0
12320.204
3630.3467
1178.1395
38830.87
2169.578
9176.256
1642.8677
0.0
0.0
1935.5404
3836.975
1548.0107
4869.139
3131.224
0.0
0.0
5495.3975
0.0
2369.9302
0.0
0.0
1581.4008
10343.194
4711.8486
1917.1274
0.0
1992.2657
0.0
0.0
1563.2133
1913.3567
0.0
0.0
0.0
4543.5117
538.2885
0.0
6674.121
0.0
1661.0885
1818.7344
11022.785
54.77893
1879.9995
30409.736
1646.7117
2090.981
4854.827
4679.315
3110.1458
15928.454
2846.899
0.0
2283.2256
7587.0205
784.2783
0.0
0.0
2836.1848
0.0
0.0
18764.46
1705.6564
2852.7002
1986.8494
336.6504
5433.619
0.0
4252.4263
4986.989
1978.9553
1883.075
12803.551
0.0
936.4206
0.0
0.0
4431.243
3038.8164
1563.4038
0.0
4895.138
5567.892
4113.127
14016.435
7528.3687
0.0
3568.2854
0.0
0.0
14642.942
5777.1953
0.0
3751.3376
0.0
2142.6362
3871.7002
5386.865
5583.9326
1987.9065
16894.379
1941.6373
0.0
0.0
0.0
58914.047
0.0
7339.703
0.0
28504.148
1502.2456
1676.1827
3622.5706
3100.2651
3701.8816
0.0
0.0
655.09485
1606.5295
0.0
0.0
0.0
1510.2441
3091.4053
1953.0752
22400.406
0.0
0.0
1896.0646
0.0
1057.3702
0.0
2107.9248
5641.718
0.0
3037.1597
1737.637
0.0
1533.394
0.0
0.0
0.0
5332.4067
1209.1229
0.0
674.3696
10250.778
9450.819
3690.2551
0.0
0.0
8340.844
0.0
47874.21
0.0
5364.263
0.0
2043.4447
2161.3145
4013.356
3555.274
1806.2805
2400.9573
0.0
0.0
4159.0293
1130.6241
0.0
1994.6901
0.0
0.0
2217.531
4811.407
1863.3995
1707.6233
1933.0992
0.0
1387.4347
1627.3706
2446.675
1580.5173
1848.6061
26635.648
12204.236
3281.9146
3593.6145
0.0
6751.2734
641.0925
0.0
25463.705
3222.5977
2463.0112
0.0
3880.1653
2959.9705
12666.989
1358.253
2149.5964
1474.7698
0.0
4958.3726
2793.4258
15802.97
5140.7046
0.0
1852.9766
2792.9463
0.0
0.0
0.0
0.0
8300.408
1070.3268
5484.0435
5295.279
0.0
2414.4543
6738.963
2667.8901
4451.6655
1618.4657
0.0
5873.3496
2743.6304
0.0
3933.936
1781.7781
0.0
1649.5864
0.0
0.0
1815.536
8432.311
5382.9414
3242.0732
1418.8872
0.0
0.0
8111.3335
0.0
0.0
0.0
2269.0159
0.0
0.0
1271.5879
1913.7972
0.0
0.0
0.0
2345.4526
6232.707
5585.0986
2857.2834
0.0
0.0
9092.757
0.0
7005.136
0.0
2195.1272
6194.2173
0.0
2267.9773
3352.4805
1537.669
0.0
1305.023
4748.328
703.65546
2968.6567
5532.671
11442.165
0.0
5348.445
0.0
0.0
0.0
5217.66
21518.645
2061.916
0.0
3514.015
0.0
0.0
0.0
1725.7488
0.0
1982.1378
1952.1157
0.0
1588.8098
0.0
0.0
3987.1167
0.0
0.0
2575.263
0.0
2396.9194
3523.3901
17921.094
1959.5933
8413.69
0.0
0.0
0.0
0.0
7671.6665
2603.8684
4949.1743
7501.6553
2333.264
3522.6062
0.0
0.0
1113.4962
0.0
0.0
0.0
3260.6252
0.0
2965.3254
0.0
0.0
19296.922
3785.8286
0.0
0.0
2450.1182
1728.9741
1946.3518
3861.1235
4633.5825
0.0
0.0
4078.3923
0.0
0.0
0.0
0.0
775.964
9147.832
0.0
0.0
0.0
25575.277
0.0
1302.9434
5955.7344
0.0
0.0
0.0
0.0
2524.976
2068.951
0.0
0.0
9395.371
0.0
0.0
2657.8394
0.0
6372.585
3716.9414
3520.917
772.56616
0.0
0.0
24245.156
1186.384
0.0
3819.6248
1887.0604
2731.9956
4045.412
17352.963
588.21155
8261.494
5076.261
9616.861
0.0
2349.7754
2163.0125
20293.746
0.0
4537.513
0.0
2794.09
2315.5198
0.0
3000.3884
8355.935
0.0
0.0
0.0
14586.983
6046.3203
3731.7031
3190.5054
3927.159
0.0
1799.3326
0.0
0.0
0.0
1164.3845
1785.9249
35321.86
17289.004
1593.6886
2872.3662
3008.336
0.0
1202.1953
0.0
0.0
0.0
6004.3086
1675.3
0.0
0.0
0.0
0.0
10765.844
65881.414
0.0
13786.096
0.0
3064.98
10594.219
1968.9517
1369.8601
1907.1211
870.7826
1699.4985
1489.3799
7457.5103
0.0
2629.9185
0.0
0.0
0.0
1424.6282
3601.31
1141.0593
2454.579
756.4541
3055.249
0.0
0.0
3157.2598
1143.9955
4063.4192
4353.3457
1931.6917
1981.185
501522.28
1675.2317
2987.592
0.0
0.0
1935.3689
5550.2114
1692.8438
162.7231
3312.6729
2185.5156
2279.272
1370.3463
0.0
1204.4065
623.1067
557.1541
0.0
3655.389
0.0
1492.367
0.0
64917.305
0.0
0.0
0.0
1961.0631
0.0
1958.2262
1479.1683
9609.998
1862.6569
0.0
0.0
3037.666
11446.891
0.0
0.0
0.0
11137.987
2999.3162
1914.5416
1634.3026
4376.441
4390.844
0.0
2147.044
0.0
1325.929
2472.3179
0.0
0.0
2389.5862
998.0666
0.0
0.0
0.0
1775.7161
0.0
0.0
0.0
2899.9985
0.0
0.0
0.0
1027.8239
4820.2563
0.0
1084.313
508.35962
941.98035
1370.996
3197.645
3873.6274
6412.704
1503.145
4873.057
2007.6705
6355.131
0.0
0.0
0.0
0.0
0.0
15407.033
0.0
2701.7146
0.0
1803.635
8908.8
15678.535
0.0
4525.7427
1995.9648
2724.207
0.0
0.0
1500.6337
0.0
4892.406
0.0
0.0
1183.8066
3553.776
0.0
1505.5514
0.0
2509.1519
1685.781
1896.8011
2930.0632
0.0
28044.854
1769.8844
2083.8096
5379.9697
0.0
5415.217
0.0
0.0
6474.4917
0.0
0.0
1604.8441
2075.4048
0.0
13092.457
4115.2896
0.0
0.0
0.0
0.0
0.0
1130.5764
2371.1929
0.0
0.0
0.0
0.0
0.0
2720.8953
0.0
0.0
0.0
3213.2263
3284.562
0.0
0.0
0.0
0.0
3612.3284
0.0
0.0
0.0
2336.2253
1964.5112
135.64256
0.0
1973.6587
0.0
10246.6
3809.8774
7300.8774
0.0
0.0
0.0
802.8971
0.0
0.0
0.0
1465.3967
0.0
0.0
1104.0322
0.0
0.0
6775.388
0.0
44098.465
2719.204
0.0
2298.919
0.0
0.0
0.0
6459.8745
5511.727
0.0
778.5082
0.0
1499.8839
17598.094
11726.967
0.0
14571.518
3224.7214
0.0
2234.4097
1347.9492
0.0
2537.0942
0.0
3307.637
0.0
0.0
6899.7744
0.0
1732.4977
8681.906
0.0
2048.6284
1523.9727
1456.5262
1090.4774
0.0
2056.831
0.0
2985.0754
1071.6449
0.0
3396.8604
0.0
0.0
1826.315
2511.7373
3049.6592
5790.041
3322.8687
5359.88
0.0
1968.3965
4138.615
2545.1548
6937.66
14398.737
3363.0955
3120.3823
0.0
2082.3406
0.0
2784.228
6538.0166
5657.315
3009.8582
1539.3739
1141.5111
0.0
0.0
0.0
5823.639
0.0
0.0
0.0
0.0
1832.5194
0.0
4453.5815
2722.473
1819.4432
0.0
0.0
0.0
4192.3384
3993.2878
1343.5867
8463.254
0.0
5926.4688
2433.0955
875.7581
3197.0981
5970.387
0.0
0.0
0.0
489.61548
0.0
2325.2778
3248.2776
529.2061
929.46765
927.2246
0.0
3205.3928
0.0
2224.3196
0.0
1503.1172
0.0
0.0
0.0
1057.2378
1167.0868
5487.107
665.0934
0.0
1931.7153
3215.564
2281.8582
12716.164
1212.8561
0.0
1348.9897
1466.6914
0.0
0.0
30992.787
0.0
4409.7856
5024.348
4166.7627
0.0
0.0
1842.4354
7988.712
0.0
1631.8672
5714.648
25491.098
8410.456
1459.2998
1563.5823
1695.2959
0.0
0.0
5464.741
1822.2384
4459.439
7042.8794
6547.6904
1596.4318
2005.7269
0.0
1820.1432
3585.7126
2555.5854
0.0
0.0
0.0
2248.4143
0.0
1691.4146
5518.618
0.0
0.0
0.0
0.0
1880.561
0.0
2234.3005
0.0
0.0
1911.3582
0.0
0.0
0.0
2163.7744
0.0
0.0
0.0
3409.5115
0.0
3295.3784
3110.6592
1743.4697
0.0
2011.6584
651.91266
3094.079
2181.2148
1739.9187
1917.5547
5456.8643
3238.3496
2767.3997
2664.9187
0.0
5739.768
0.0
1690.5264
0.0
0.0
414.78452
0.0
1955.8147
0.0
1724.9476
4483.705
0.0
82985.78
8019.4365
1420.2977
1276.4769
4393.8223
0.0
3413.8054
0.0
0.0
4037.9753
0.0
0.0
0.0
3125.5312
835.8762
4489.97
2004.4668
3426.335
6098.217
0.0
0.0
0.0
6878.0796
0.0
1894.9382
0.0
0.0
2030.3539
0.0
0.0
1244.8145
0.0
0.0
563.1101
2260.0618
0.0
0.0
5299.853
12124.187
7553.3047
11426.123
0.0
10396.44
67076.09
0.0
2614.3408
0.0
1632.5579
0.0
12631.705
0.0
12541.423
0.0
3390.2134
19301.367
0.0
0.0
2478.6667
8068.8174
2789.2004
3543.7085
0.0
5032.2524
2028.2378
5455.467
5767.239
0.0
0.0
3281.395
0.0
0.0
1964.4055
142369.25
4550.5537
0.0
0.0
0.0
5930.3975
1683.8464
4751.41
5834.747
37474.86
0.0
0.0
1105.9238
2475.4255
802.6502
2117.3757
4315.5547
0.0
4753.155
4951.82
0.0
0.0
2494.751
0.0
2569.6365
0.0
2548.906
8269.854
0.0
1540.0243
12600.812
1816.4377
2457.7212
0.0
3102.0176
0.0
2121.8608
0.0
1634.3545
0.0
0.0
1902.7461
0.0
0.0
2030.4281
2543.3757
3765.245
16538.65
0.0
4769.638
2544.9446
0.0
0.0
3115.814
0.0
1445.1868
0.0
21529.754
1501.373
0.0
0.0
0.0
0.0
0.0
11235.214
1431.7499
2242.831
52021.46
6201.468
0.0
5871.542
1925.1108
8187.5293
0.0
0.0
0.0
3028.6643
1735.2289
0.0
20831.922
698.0314
1395.5717
0.0
4685.2734
2244.2717
3320.079
0.0
1429.8273
8370.1045
0.0
0.0
1557.5936
1455.1539
4072.4785
2271.8376
2860.0544
0.0
2015.458
9765.742
1983.1605
5290.594
668.1685
6415.8696
1440.9656
10588.037
0.0
0.0
3019.661
3868.832
2302.7644
4027.383
2386.6526
0.0
1989.6676
0.0
0.0
2003.0424
1834.7184
11660.42
0.0
1728.5011
0.0
5491.8193
1946.6097
0.0
1935.4033
2674.39
496.4954
1932.6609
0.0
0.0
0.0
3806.4058
2625.33
1344.1047
0.0
1694.6947
0.0
0.0
165.88416
0.0
3624.2988
0.0
2063.4138
0.0
0.0
3844.4558
1454.4923
0.0
0.0
1887.6975
0.0
6810.7764
3593.4724
0.0
2361.7703
0.0
0.0
0.0
0.0
0.0
731.2444
1325.7229
1735.4121
0.0
1480.6902
0.0
4280.91
0.0
15919.811
0.0
6194.9375
1377.7852
738.33563
1960.4932
10625.503
6362.073
3474.8333
0.0
0.0
8552.133
0.0
0.0
9590.267
0.0
2302.9797
0.0
2387.9907
0.0
0.0
2009.9689
1973.7454
864.51465
0.0
6307.19
5835.7466
1151.3439
6939.324
0.0
0.0
3381.7192
1692.6478
0.0
0.0
0.0
2555.4187
4220.1
4718.777
6180.0225
0.0
7376.9287
1790.338
0.0
3687.0874
0.0
276506.5
7887.149
13980.22
356.66693
1057.4209
0.0
4625.025
0.0
3151.7334
12110.178
0.0
16948.373
3279.4365
2422.5703
7354.876
0.0
8446.145
2686.962
3591.5212
2054.942
1379.2559
0.0
0.0
2032.518
11132.316
2914.5454
0.0
0.0
52946.953
940.55884
20071.674
1518.4404
0.0
0.0
1731.475
18178.357
0.0
3565.9507
3193.5994
992.36224
0.0
1704.1238
8736.636
0.0
7973.104
0.0
5857.8726
10352.115
1901.6337
250.7918
0.0
4314.1064
4224.0625
0.0
3861.3054
1436.3419
0.0
1285.667
0.0
1671.3579
2732.6165
13146.702
1423.6458
2337.2605
1737.8474
22405.36
3661.6792
22417.35
1538.6161
0.0
2524.5476
0.0
2513.2007
0.0
3489.053
1609.2859
0.0
0.0
3613.3237
0.0
5178.037
846.8808
1874.7339
0.0
5403.383
6019.0566
0.0
5241.698
1256.725
6031.548
23752.373
179.3221
2564.2869
25789.81
704.07446
7032.764
1807.477
0.0
1620.5613
5655.171
8331.751
0.0
2788.5764
3158.479
0.0
9137.275
0.0
0.0
0.0
368.55466
2211.8037
0.0
0.0
0.0
3928.3877
4137.8745
0.0
0.0
5550.844
0.0
0.0
0.0
4297.374
5421.176
24231.414
0.0
2165.1443
2965.8994
0.0
2091.786
1544.7964
3741.901
2413.7883
0.0
0.0
0.0
0.0
11396.794
1225.4568
1891.2864
6785.8027
2933.9546
1365.619
0.0
8785.525
0.0
2780.344
1544.8594
1704.5522
2671.2854
22908.81
2588.5662
0.0
2021.067
0.0
0.0
0.0
2958.3562
0.0
5148.832
1137.8507
12159.728
1197.2253
0.0
2024.6824
8271.436
14961.849
1656.4338
1189.8843
3579.571
1607.7883
0.0
2242.131
3269.955
1954.666
0.0
372.46292
10579.837
0.0
2197.8691
3254.5178
0.0
1147.3137
5351.5327
0.0
0.0
6264.754
6878.98
1623.8823
9692.66
46777.785
0.0
1168.4957
353.5326
333.4071
0.0
48531.242
4669.8516
0.0
0.0
0.0
4768.298
0.0
1390.6917
6743.6895
0.0
0.0
0.0
0.0
0.0
1942.2373
8130.2583
0.0
6062.5977
18007.656
8762.16
686.1751
0.0
1089.262
0.0
4820.0137
0.0
0.0
2237.038
8731.536
3340.0332
0.0
1341.5581
0.0
2274.8918
5981.857
2238.3533
1534.0427
1634.6045
1838.5775
3482.4885
0.0
5975.922
728.79895
0.0
31656.93
1267.4596
2283.8176
3111.7742
0.0
1462.0559
771.71216
29029.586
921.6763
0.0
2763.1826
2410.7883
3138.2373
2011.5009
9548.939
0.0
6120.531
2789.9102
0.0
0.0
9902.024
4326.1973
1920.8191
4419.7666
3428.4827
0.0
1441.5018
0.0
3888.355
27547.438
23768.266
9167.416
0.0
4939.454
0.0
0.0
0.0
27886.828
0.0
0.0
4469.679
1562.9576
2076.8801
12363.3125
2002.564
1572.6886
0.0
2341.9602
0.0
3204.3877
0.0
0.0
7204.5854
23751.227
2345.979
6621.199
951.97644
0.0
478.69254
756.77594
2423.2717
0.0
2093.833
1863.5942
2836.3618
1172.3649
0.0
9968.804
751.0146
4408.9463
0.0
8110.6733
4378.443
2373.1313
1935.013
1780.3202
7344.289
2089.919
0.0
0.0
2619.1294
0.0
1918.3684
0.0
0.0
0.0
983.22906
4145.288
0.0
8000.201
3698.5615
0.0
1172.8315
5655.0815
2239.9453
0.0
1977.369
2392.5146
0.0
0.0
0.0
0.0
0.0
491.45453
2170.8623
0.0
8978.382
13945.223
0.0
0.0
971.52313
5800.881
6373.6167
6692.1113
1532.4956
0.0
1520.3165
2162.6313
0.0
0.0
6124.1455
0.0
6971.3994
5414.2227
6234.1606
189.73096
8524.9375
12975.1455
1007.7934
0.0
1095.7386
5796.1104
1334.0159
5495.249
3393.341
5059.491
0.0
0.0
5386.6963
1836.7965
1535.508
8074.3555
1173.6329
6249.9897
0.0
0.0
795.3215
0.0
1887.0565
4735.68
0.0
0.0
0.0
123745.87
1465.5393
2773.0527
0.0
4450.315
0.0
4460.8457
2460.0244
0.0
1084.7347
1611.1046
1522.427
0.0
0.0
1324.3708
9270.585
1536.1208
0.0
0.0
13486.845
1676.0172
0.0
0.0
0.0
9244.444
445.7217
0.0
3247.2402
1619.439
4692.8125
3193.048
0.0
1355.8013
1378.1653
0.0
7398.457
0.0
6313.414
0.0
2131.1682
3497.2952
7605.6133
0.0
0.0
0.0
3456.4224
0.0
1702.5515
378.8882
7046.5605
6107.0576
3112.2573
3073.3213
0.0
2365.9087
0.0
1891.6016
1082.202
288.11572
12838.293
3397.3713
5201.3096
2031.3997
0.0
0.0
0.0
0.0
0.0
646.3165
0.0
0.0
4225.07
3068.2783
3115.0198
0.0
2829.429
1143.5979
14155.015
0.0
0.0
1629.6245
0.0
0.0
0.0
0.0
0.0
1537.5662
0.0
9359.796
1194.7863
0.0
3725.072
9843.058
4396.4443
1955.8412
1972.1681
7900.3154
2289.359
0.0
0.0
1809.5054
0.0
7524.4307
3141.2312
5512.747
2995.3215
2354.273
0.0
1520.199
1827.9396
64944.668
0.0
0.0
17531.344
0.0
3940.031
0.0
0.0
2954.4902
0.0
2565.445
0.0
0.0
0.0
0.0
0.0
1425.7017
0.0
24479.807
0.0
8866.049
15307.998
0.0
9265.339
6490.3677
1230.3907
5969.1206
1701.4523
431.5531
0.0
1342.9276
0.0
0.0
0.0
1806.138
0.0
0.0
2552.726
4984.1426
0.0
9040.287
1593.801
1202.7374
0.0
0.0
1682.8348
1934.2153
2321.555
0.0
0.0
0.0
4370.645
2889.1206
0.0
2267.4985
0.0
4724.5483
576.4856
5931.3525
0.0
5007.025
0.0
0.0
6569.904
1561.9818
19365.383
1827.1094
1919.404
0.0
1736.6144
0.0
1659.0714
0.0
1915.5232
1927.0718
21115.295
0.0
6694.078
1750.8918
2328.2905
0.0
5884.5034
0.0
3778.1333
713.2199
0.0
0.0
0.0
17628.977
3342.4
0.0
1599.6997
2061.742
3081.7007
0.0
0.0
2231.9412
3061.5352
20225.857
4695.1553
2314.2856
3528.9155
11858.039
690.62
1124.6489
0.0
0.0
1993.1272
1429.8077
0.0
2063.4087
1323.1987
0.0
2005.852
7635.4883
4214.0547
6061.083
0.0
2268.7039
1597.9396
3573.5312
0.0
2679.1196
1716.0139
11858.696
20832.121
2599.371
28917.574
2675.813
0.0
3489.3306
4203.256
0.0
0.0
0.0
0.0
0.0
3548.3267
7477.7393
2245.8005
1745.2338
5038.591
3200.1519
1982.7346
1054.5045
2402.7246
0.0
5285.035
0.0
2534.0898
2296.76
20106.113
0.0
2704.4395
14900.855
4788.0195
0.0
0.0
29064.717
0.0
1574.3679
561.3473
0.0
6250.1323
0.0
6066.0063
0.0
0.0
0.0
0.0
0.0
3371.4363
1932.0642
2214.943
1995.4626
2159.1438
11911.268
3113.435
0.0
2231.261
0.0
0.0
1739.8434
22826.568
4861.1025
33297.094
5283.1167
0.0
0.0
3732.2166
2564.079
4214.505
1398.796
0.0
937.51196
0.0
2467.4097
4929.509
1964.6775
0.0
1736.9476
2967.3586
2200.1694
3351.2454
7464.6465
0.0
7295.7812
7128.74
13933.785
0.0
9568.939
3045.1443
0.0
1955.8588
3009.6172
0.0
1908.7393
0.0
14036.626
10798.055
6093.0635
0.0
10848.781
4235.9155
0.0
1558.9714
2116.885
0.0
0.0
15854.041
8420.3545
2598.1226
0.0
2723.9512
0.0
3932.5542
0.0
2625.1782
0.0
0.0
0.0
0.0
0.0
0.0
2770.5823
0.0
0.0
0.0
2605.0332
0.0
2093.6187
2132.6445
0.0
0.0
0.0
0.0
5178.2407
1700.4001
0.0
8207.868
0.0
955.40674
0.0
0.0
0.0
0.0
0.0
2132.9988
2037.6138
3908.5144
17689.182
3734.8281
1766.0226
0.0
2325.2974
0.0
0.0
3468.1501
0.0
1672.7911
2227.8635
0.0
2144.0784
0.0
0.0
5248.532
6622.2256
1808.3524
3314.7432
0.0
7236.044
0.0
0.0
1451.6926
1200.2036
1338.4548
2862.4077
0.0
6139.7266
0.0
1791.7009
23161.188
93.171814
0.0
2074.1392
670.5541
0.0
541.0829
0.0
0.0
7179.1587
2951.2847
2001.1392
3724.1392
13308.853
0.0
4130.0913
1353.5615
0.0
3992.367
0.0
1832.4331
0.0
3492.3088
3429.4443
0.0
0.0
1786.4242
0.0
0.0
1813.9376
0.0
3348.254
382.34702
1194.1567
8667.908
4227.676
595.4075
0.0
2794.2622
0.0
1736.3695
0.0
9270.171
184386.75
0.0
11083.686
25361.266
2077.5615
0.0
0.0
1655.5708
0.0
1040.8634
2091.058
0.0
3672.0566
0.0
1782.5398
0.0
0.0
2678.8196
3023.9277
1810.3075
2442.4302
0.0
3776.5928
0.0
39193.3
0.0
0.0
0.0
11925.399
0.0
0.0
1309.3702
6224.043
30796.627
9713.8
377.3191
2231.3206
5860.8213
4698.52
0.0
22574.346
1674.6667
8564.8125
0.0
355.7209
3936.8347
3913.6074
31278.34
4354.611
0.0
2211.4033
583.411
0.0
1124.7391
1475.1793
1862.5175
0.0
2007.1559
0.0
0.0
3316.711
0.0
0.0
2299.513
3717.1953
0.0
5309.379
0.0
0.0
0.0
0.0
2945.5483
0.0
2132.2573
2849.7288
0.0
0.0
0.0
54626.5
2601.6255
107.36319
1717.1854
0.0
0.0
0.0
1911.8463
0.0
0.0
0.0
1629.2047
0.0
0.0
0.0
19116.514
0.0
1654.5284
4957.331
2555.2642
2922.7134
0.0
0.0
1856.5583
0.0
29942.895
527.1093
4999.297
24263.4
10876.313
1780.1614
8611.156
0.0
0.0
0.0
10058.879
5554.7114
14389.178
7989.793
2891.2905
5914.5024
0.0
3683.4136
2628.6594
0.0
0.0
0.0
1483.158
0.0
4585.6377
0.0
4274.6567
0.0
2626.2056
4052.7979
1010.68823
0.0
0.0
0.0
1098.6105
2455.8467
0.0
2832.4702
8810.427
0.0
11898.695
0.0
5926.547
0.0
2969.4885
1906.23
4587.578
0.0
19401.773
0.0
15920.843
2635.239
0.0
1328.8391
1042.244
1941.1393
0.0
4006.5176
6048.7695
0.0
0.0
0.0
1889.1694
925.92816
3850.1611
0.0
20421.92
0.0
0.0
0.0
2516.3901
2273.4766
7242.0063
17644.582
10300.567
3657.0244
2700.2166
21350.72
0.0
1454.2441
5802.9727
734.22107
1754.8768
424.58286
7181.564
0.0
3846.0083
8705.238
4538.9463
23168.219
7223.961
0.0
2152.8486
3254.804
22514.621
4628.636
1193.9998
3690.0327
2407.884
0.0
22672.645
0.0
123.31546
4912.6284
16536.133
0.0
0.0
1115.755
0.0
0.0
0.0
0.0
5061.6406
4833.5493
4400.7627
20719.91
2031.775
3369.9849
2509.1018
0.0
7909.2095
0.0
6469.0903
0.0
3936.666
2293.3418
1698.2361
3262.459
0.0
3264.7363
3120.6567
5823.1963
700.60156
0.0
0.0
0.0
3189.9673
3329.813
1242.0636
1505.8412
0.0
4002.9514
1299.5475
0.0
1077.9236
16438.957
0.0
16575.08
1516.597
0.0
4696.8
0.0
8715.203
3407.768
0.0
14947.432
1369.6704
2100.3096
0.0
0.0
1734.9924
0.0
2559.4023
11743.461
0.0
2127.8003
0.0
2290.2012
30132.822
1807.9286
8053.1357
0.0
0.0
5896.366
4220.2896
7051.5503
2603.9995
47889.562
0.0
1315.3765
0.0
1202.114
0.0
13524.238
1968.3569
8616.071
0.0
7942.8022
0.0
0.0
4666.232
3121.906
0.0
2213.725
0.0
0.0
0.0
2777.644
3854.9463
1319.9908
0.0
2639.221
0.0
28797.918
0.0
5192.548
2359.431
1712.0792
4909.8667
0.0
6665.9014
0.0
0.0
2653.9258
2652.2139
1641.3352
0.0
0.0
3106.3271
15742.932
0.0
0.0
0.0
4012.274
3208.8765
0.0
0.0
4159.884
0.0
8356.739
3171.5352
1571.0709
1827.0706
1833.9254
0.0
0.0
0.0
5715.222
2499.037
0.0
8157.241
0.0
0.0
0.0
661.22766
3169.372
3344.5527
2212.2305
0.0
2260.3738
0.0
11128.242
4754.1772
1472.2664
0.0
0.0
0.0
13092.373
1670.581
3613.6868
0.0
0.0
0.0
2510.1267
0.0
0.0
5457.6836
1170.4409
0.0
0.0
2294.8528
6061.616
0.0
192.5668
0.0
27004.078
2315.546
0.0
506.7315
709.54736
0.0
3253.3025
1911.7942
0.0
4356.851
0.0
3056.73
4462.026
0.0
5013.247
2340.0342
0.0
1257.3357
2130.146
0.0
0.0
5073.214
0.0
25944.273
0.0
1754.0845
658.31665
3516.1733
2480.393
0.0
1155.233
1960.6476
1941.0457
6113.0303
2685.4082
6243.466
2035.219
1848.7013
1876.5599
0.0
1214.3893
0.0
1193.5232
22504.422
0.0
0.0
5822.262
0.0
1871.0208
5620.921
3052.9102
533.06836
50986.977
0.0
0.0
0.0
1492.5385
0.0
1574.9749
0.0
0.0
2878.3845
1182.7092
7501.083
0.0
0.0
1381.4626
71191.02
0.0
0.0
0.0
28186.895
4917.6914
2156.8394
44408.46
2291.2004
15761.137
1300.7028
51049.0
7021.8994
2086.806
3512.3726
2360.6711
2042.2998
14591.983
1840.3896
7214.685
0.0
2162.7131
0.0
2336.3174
1880.1656
2072.0193
0.0
1776.9766
4782.322
1971.5692
737.1993
0.0
0.0
2658.7368
2183.5571
3274.8955
1542.2305
0.0
17024.21
2774.9673
2292.3374
1480.8302
8884.0
1237.594
6783.8438
0.0
5649.608
1468.1052
3377.193
0.0
49505.043
0.0
5233.647
2094.4895
0.0
0.0
0.0
5620.2695
5818.321
9093.795
0.0
9445.402
16254.799
0.0
3013.0247
2397.645
0.0
2948.1914
0.0
11399.782
2433.4985
1811.6952
1859.168
0.0
0.0
0.0
2967.5908
1568.3591
3986.7102
3688.5347
0.0
0.0
6320.4424
0.0
0.0
0.0
2363.796
0.0
23553.535
0.0
0.0
1788.566
2473.2085
2099.1416
0.0
2957.15
18054.812
3411.9858
2466.9714
3213.2905
0.0
2172.052
1649.15
0.0
0.0
0.0
2084.3293
1660.5269
1489.7728
1421.2163
26365.486
0.0
14672.551
0.0
1934.5739
498.34406
0.0
7514.953
0.0
2078.9563
3329.5342
1333.3704
1499.3091
12709.492
0.0
3333.0156
2870.5457
2641.8438
10361.13
0.0
0.0
0.0
1456.9597
15277.508
0.0
0.0
6456.18
0.0
0.0
2021.1891
2369.247
0.0
1637.259
14231.429
3190.5703
1072.6564
2156.2256
0.0
0.0
0.0
15239.561
5285.6436
1803.349
1802.7576
3035.1416
4777.85
7923.666
0.0
1354.9941
0.0
9169.2295
3412.4307
0.0
1620.5554
3237.2136
5237.185
0.0
1817.8193
3197.349
2347.8413
1161.2297
7579.84
2546.3096
3803.7988
0.0
0.0
67054.97
5242.8623
6764.141
3080.3164
2036.0549
0.0
0.0
1105.0016
6345.8022
0.0
0.0
1442.0233
8973.951
2994.466
2634.9304
5790.8076
15474.244
3590.872
758.3834
2813.3352
0.0
0.0
2689.9702
7475.337
3549.3643
2456.0376
5014.142
2076.2458
8676.004
0.0
0.0
3214.9019
0.0
0.0
14516.127
0.0
0.0
582.4093
0.0
0.0
0.0
3847.7734
1369.6826
2552.4783
0.0
0.0
0.0
2123.9263
231.9497
11478.922
1358.8857
0.0
1128.0568
3553.297
11219.167
0.0
1517.0342
0.0
0.0
5898.566
1555.2927
6928.965
2869.4856
15717.395
1564.5339
0.0
3801.2563
1995.9877
2307.9888
6298.8115
1329.594
2679.1138
2694.0334
2417.6055
0.0
0.0
0.0
0.0
0.0
5938.3
3319.6992
1418.4171
2350.8442
1398.8182
2146.3071
0.0
2531.944
4470.185
0.0
0.0
0.0
1761.5155
2744.2363
0.0
0.0
0.0
688.4094
0.0
2762.1753
1205.8464
0.0
0.0
0.0
0.0
0.0
2887.7158
2133.676
0.0
1950.713
1524.444
3877.9236
5786.062
0.0
0.0
20362.99
2914.5396
0.0
5806.3613
0.0
0.0
0.0
2156.81
0.0
2638.4543
0.0
1106.9713
0.0
0.0
9954.022
0.0
1516.7269
3365.144
1768.6277
285.06763
0.0
1914.0245
0.0
0.0
3253.621
1630.4547
2247.8833
1484.0654
0.0
0.0
1595.5935
0.0
0.0
4632.8936
3585.9072
0.0
847.88275
14466.563
0.0
1961.6736
1515.5007
1688.5739
27403.793
4906.4663
2781.8008
0.0
0.0
0.0
1883.1755
0.0
0.0
4241.3135
1623.8489
1305.2224
1400.3257
24113.762
0.0
1506.4313
0.0
2238.5676
7655.208
0.0
0.0
0.0
0.0
2743.7979
2676.7651
0.0
1795.7178
3277.0156
3393.1528
1807.3113
6710.503
0.0
0.0
1480.8575
0.0
964.7647
1263.7349
10294.054
1424.6317
0.0
0.0
0.0
0.0
1725.2361
0.0
0.0
0.0
3640.393
2233.6387
5611.745
2693.7412
3378.9736
4545.1816
0.0
2369.67
0.0
2600.1104
2104.138
1654.949
0.0
100413.266
1657.0823
2957.5115
2616.7354
0.0
4893.7246
0.0
2731.4949
0.0
846.5167
0.0
5907.6797
4101.0356
960.55096
3026.3225
0.0
21465.299
0.0
2192.899
6027.9717
10077.329
0.0
0.0
1834.8953
2571.9636
0.0
0.0
0.0
0.0
37552.246
3916.6265
6975.6914
15735.737
0.0
2247.7651
1538.5967
0.0
5513.6216
0.0
1777.4384
3296.9878
2212.5554
0.0
0.0
2389.488
7543.8403
5315.7866
7165.1484
0.0
3384.1187
2034.5991
4570.5073
4693.524
0.0
12259.301
6946.1865
1804.3135
0.0
1850.5839
4668.4443
68.560326
0.0
12702.316
6850.532
1554.1626
0.0
0.0
4181.0127
8770.595
0.0
0.0
2868.7874
0.0
0.0
0.0
3033.634
2703.7913
6761.263
2555.1174
1684.8629
12459.157
2588.0583
9975.731
0.0
0.0
1731.8448
6557.2617
3511.7803
0.0
6664.9014
1697.9777
990.4775
27485.488
0.0
5928.3804
1802.8453
316.42493
0.0
5710.2197
2283.1885
1616.0933
0.0
3003.1404
1641.3176
0.0
3315.7812
0.0
14253.508
9302.189
0.0
4774.4355
0.0
4112.1143
5671.877
1047.6101
7913.544
195.16031
2178.7566
0.0
5346.566
26376.314
0.0
0.0
2116.4768
2438.6165
2597.9966
2267.4531
5914.101
0.0
0.0
2274.1067
4174.4673
1907.2462
0.0
349.98203
2176.6887
3229.1067
0.0
5941.507
0.0
79874.38
16296.436
0.0
2129.9536
0.0
3177.8296
0.0
0.0
0.0
2857.1426
25270.613
530.8911
818.701
883.82495
1695.2166
23806.117
4143.3975
0.0
0.0
0.0
0.0
776.58813
0.0
1593.7341
2035.9829
2765.3806
0.0
1759.4998
13857.577
2768.0298
0.0
4551.235
1376.1454
0.0
1876.2031
8675.557
0.0
0.0
4726.427
1883.1843
4844.8438
6378.9814
0.0
0.0
3804.4053
4873.242
2026.1605
3229.9282
0.0
16772.076
0.0
0.0
2288.7642
1730.4747
0.0
1323.3752
59435.305
0.0
1384.515
1887.1833
3575.4453
0.0
1261.9359
1823.3154
0.0
0.0
9156.838
0.0
1629.9918
2417.5588
0.0
0.0
16466.59
3359.1843
728.8538
948.07007
1985.7445
0.0
0.0
2893.4
3171.2966
8184.285
0.0
517.56226
2444.2588
1677.3059
1140.5359
3407.7976
3321.0903
5001.6846
0.0
0.0
10941.012
6147.24
1882.3092
0.0
0.0
0.0
0.0
3814.4248
1510.87
2385.7869
0.0
358.49335
1092.5497
4562.333
3429.1213
5876.7437
2724.373
21540.336
2550.7292
12670.051
1124.3983
15354.74
3584.0127
3377.928
0.0
0.0
0.0
2219.5122
1123.9791
6480.949
0.0
0.0
0.0
1232.4586
4476.642
2991.0325
2029.2162
0.0
3253.2537
434.55365
1171.9204
0.0
0.0
2787.2458
2708.836
0.0
6540.925
0.0
0.0
0.0
0.0
0.0
2973.561
0.0
0.0
6159.7305
4216.5825
1688.823
0.0
0.0
1261.1731
989.2454
0.0
0.0
1670.3186
1648.3486
0.0
8131.631
0.0
4269.446
0.0
0.0
1557.7007
0.0
2625.213
6119.1367
3456.3936
2072.3787
28035.793
0.0
51724.688
0.0
0.0
0.0
0.0
61.359756
0.0
7810.635
2474.351
2050.6072
4150.598
5391.477
5660.8804
3473.1548
0.0
5312.5415
1701.084
0.0
2979.0437
5095.179
20036.068
0.0
3478.1174
0.0
2704.1978
1778.4536
20814.975
1323.358
1796.8839
3102.7092
8640.184
2112.6926
1736.8403
0.0
4767.945
2753.8606
3273.8262
0.0
0.0
0.0
1877.7246
0.0
1592.205
0.0
0.0
7591.8843
0.0
0.0
3854.4673
15062.243
4470.654
11165.809
2689.921
5362.415
3501.1353
17299.05
173.51984
0.0
0.0
4300.9224
0.0
0.0
2856.4626
2008.1179
13871.117
22400.766
0.0
1840.2734
0.0
0.0
0.0
0.0
0.0
567.0702
4201.6826
7222.2227
18850.008
0.0
0.0
0.0
1709.6289
0.0
4819.1567
0.0
4053.1375
0.0
0.0
6197.429
2312.7358
1461.169
4685.565
0.0
1026.2515
0.0
0.0
9835.707
3920.232
0.0
0.0
0.0
5420.6387
0.0
0.0
3935.1826
0.0
2149.65
1949.6443
0.0
0.0
0.0
0.0
4627.8354
0.0
0.0
27511.414
0.0
17099.781
1226.0956
2190.1724
0.0
840.1707
1283.1798
1803.4991
13001.408
7344.6025
0.0
12234.455
2085.5327
2597.4136
0.0
1770.9241
9699.143
0.0
0.0
3822.1582
6479.46
1676.3866
0.0
3260.98
2855.1814
395.86676
0.0
0.0
6302.4346
0.0
0.0
0.0
0.0
9614.942
1655.4337
933.3485
2750.0098
661.5017
8571.561
0.0
1872.7767
0.0
0.0
2050.9211
0.0
8781.534
0.0
0.0
0.0
0.0
19478.176
1305.6813
2741.0945
7998.3574
0.0
6375.171
7720.7046
1962.3027
5117.562
7590.9067
0.0
0.0
714.8971
0.0
0.0
38633.754
636.76544
0.0
1569.4001
5698.81
0.0
5000.505
799.255
9461.334
3080.8293
0.0
1605.1224
2054.7546
2890.6753
2504.8672
0.0
3104.2686
0.0
0.0
99.17319
0.0
2247.8901
0.0
0.0
0.0
0.0
168.02658
0.0
0.0
0.0
2121.6064
5221.9985
1214.053
13279.209
0.0
17843.125
0.0
8950.854
0.0
0.0
0.0
27666.873
969.78845
0.0
4753.455
2571.8652
0.0
0.0
0.0
3996.0493
8829.226
0.0
8645.76
0.0
4192.3237
0.0
0.0
15823.4795
0.0
0.0
1038.9161
0.0
0.0
1799.6473
4443.3345
3236.9963
0.0
65753.33
0.0
0.0
1810.9453
1724.552
0.0
1847.1836
0.0
2605.347
8301.893
0.0
11128.613
106031.92
0.0
9980.004
1682.8174
5901.5493
0.0
465.29684
0.0
0.0
0.0
0.0
0.0
0.0
1880.2693
0.0
0.0
2884.382
4305.2734
14365.069
1447.6053
1926.6929
2738.5735
24332.236
20144.46
1660.8347
0.0
3433.884
0.0
7655.3345
0.0
9752.606
4231.379
1224.919
3710.9998
3144.912
2072.7349
0.0
0.0
820.87024
9700.461
1698.7777
231.56268
0.0
1543.5598
0.0
0.0
0.0
4330.4385
0.0
1728.0602
969.4249
22204.348
1623.1741
0.0
989.6515
2342.643
29031.053
10576.103
0.0
0.0
1629.4979
2720.595
4001.0513
0.0
0.0
0.0
12035.233
2771.733
0.0
8284.169
3135.5244
839.20154
1508.4735
0.0
5636.455
2353.4683
6206.6846
6033.248
757.932
0.0
1887.407
2680.2952
0.0
0.0
0.0
0.0
2434.2773
6124.7744
0.0
0.0
1807.1199
14209.445
12246.487
0.0
0.0
0.0
0.0
1119.1316
5035.5386
0.0
0.0
0.0
1300.0399
0.0
924.8194
13349.026
1907.3851
0.0
6171.0566
7105.068
0.0
736.68976
0.0
1965.8154
278664.06
15258.52
0.0
0.0
0.0
2136.6636
9393.719
2612.196
7814.8286
0.0
5416.0215
0.0
0.0
3508.0703
0.0
0.0
8775.435
2676.5686
2882.9595
0.0
0.0
1614.2559
0.0
1777.8251
8578.24
0.0
0.0
0.0
0.0
25564.83
0.0
12717.409
6784.6416
1244.0364
0.0
1943.9441
0.0
1441.5986
0.0
0.0
0.0
0.0
1761.8231
0.0
0.0
0.0
1671.149
928.1172
5481.1743
0.0
2229.8286
3921.8396
2548.0398
3206.2932
6965.6353
5963.0703
0.0
5482.047
0.0
2525.6738
1904.6626
416.7204
4665.4478
1373.5702
0.0
0.0
0.0
0.0
2383.2336
2130.8616
0.0
17075.016
2929.3933
0.0
2020.6719
1731.44
2385.0972
3002.314
3139.5195
301.2902
0.0
700.8988
23800.746
0.0
2057.2761
0.0
1990.9111
2836.6973
0.0
0.0
3756.5554
1681.5731
0.0
0.0
3157.252
1575.3446
31339.824
1180.0588
0.0
6563.332
593.45404
2145.2837
2338.2688
0.0
12863.834
0.0
3190.809
3245.1758
0.0
16007.566
3516.503
19679.678
1333.9854
14366.845
3907.292
0.0
6479.151
3839.9072
1616.2767
0.0
0.0
0.0
0.0
4895.449
11297.371
13011.3125
7628.8022
1090.2942
2037.2361
0.0
2223.0063
0.0
0.0
0.0
3257.2349
3084.2
1991.9218
0.0
0.0
4371.1284
6241.749
3606.7266
0.0
2657.312
0.0
2702.8298
1601.9419
0.0
4896.7935
0.0
0.0
1250.1042
0.0
2033.4263
1853.3972
0.0
4189.3247
11758.641
0.0
4078.219
5690.5664
880.88007
0.0
1940.5603
3190.5767
5631.3887
0.0
0.0
2296.5378
8449.815
1917.9452
5149.126
0.0
2771.468
2441.5598
3811.989
0.0
1368.916
8493.556
0.0
0.0
0.0
4242.6167
2755.0034
4872.8745
1121.2001
7996.6416
3181.7727
2315.1348
2150.4548
7762.005
5398.1934
0.0
3479.167
3758.8362
7046.418
3170.0713
0.0
16970.742
0.0
3670.8184
3117.271
0.0
8144.6587
0.0
2264.5366
305464.16
0.0
3881.2915
0.0
0.0
1326.1984
0.0
1638.2397
1168.0747
6538.606
4532.7495
0.0
3086.8245
0.0
0.0
0.0
1794.0509
6337.3193
0.0
0.0
173972.27
0.0
0.0
0.0
1831.6266
0.0
0.0
0.0
8118.011
1528.2383
1355.1238
26153.516
193006.52
0.0
0.0
0.0
3960.831
22242.807
0.0
0.0
0.0
0.0
3846.7146
0.0
0.0
1805.5289
5974.271
0.0
0.0
0.0
0.0
3071.5535
0.0
9868.031
9648.621
5977.4775
47717.812
0.0
6465.165
633.167
0.0
0.0
3009.7227
3016.1033
94177.734
0.0
0.0
31252.477
0.0
13231.97
0.0
0.0
1579.4557
2211.999
5611.7437
1133.7976
0.0
5629.1074
2625.8809
0.0
0.0
0.0
0.0
1696.0051
1126.1072
5969.476
0.0
3404.744
0.0
7158.2573
9171.807
2485.4626
2900.2002
972.4413
0.0
4607.4746
0.0
1725.2698
0.0
0.0
0.0
988.92175
2838.7153
59892.145
4612.042
0.0
0.0
10244.038
2018.9518
0.0
0.0
1664.2487
7624.5376
0.0
1875.102
3573.4592
0.0
3796.68
2188.1855
0.0
2810.172
0.0
2973.3984
51165.76
0.0
0.0
4647.7295
9559.773
0.0
0.0
1572.0577
16112.63
0.0
0.0
0.0
1346.7767
0.0
611.64514
3312.6606
0.0
0.0
0.0
0.0
0.0
1154.2874
1525.8645
3448.4263
4368.113
9440.997
2955.4255
0.0
1875.341
4917.2764
0.0
0.0
6860.748
12252.437
6190.92
0.0
0.0
1534.057
2932.0657
0.0
1239.7108
17136.281
0.0
1310.6663
0.0
1298.5845
4173.5303
0.0
0.0
0.0
0.0
1551.3839
4484.6694
4640.845
1320.4567
1392.6014
1486.8462
0.0
3705.9438
2399.858
4007.206
10245.061
14182.363
0.0
3352.6213
1689.831
0.0
0.0
1968.4319
0.0
4229.826
12762.553
0.0
7309.4004
0.0
3980.3232
2148.3992
2166.8965
11890.068
0.0
0.0
2174.0312
7198.4424
0.0
3664.4207
5321.3784
4074.447
0.0
0.0
0.0
0.0
3173.6387
0.0
2394.3594
0.0
0.0
0.0
13855.896
5676.786
0.0
6615.421
4391.999
0.0
2110.1658
3359.623
0.0
0.0
6575.845
5716.102
4180.5806
1633.6333
0.0
7938.2295
1024.9843
3865.4663
0.0
3044.9683
0.0
0.0
0.0
0.0
0.0
0.0
2871.0732
2019.3678
0.0
0.0
1291.5806
5063.556
0.0
7857.083
6724.131
3596.048
0.0
1006.0361
0.0
2350.453
0.0
0.0
1770.3613
0.0
3825.478
0.0
5964.405
0.0
0.0
1518.8643
0.0
3222.4067
0.0
84475.83
2260.1938
17431.137
0.0
0.0
2433.2722
4142.5137
30416.441
0.0
2448.9062
1933.574
0.0
0.0
26310.523
0.0
1044.7563
0.0
0.0
1382.6995
0.0
0.0
0.0
794.76196
0.0
5170.9556
0.0
22423.873
18109.137
2135.8271
2053.1533
4006.4119
2185.1177
0.0
0.0
898.95496
0.0
2104.4397
2414.6543
2007.1798
4106.465
0.0
10620.246
2703.2026
1355.5183
1085.0198
0.0
3138.2122
0.0
0.0
6991.892
0.0
3088.2627
0.0
2550.3699
1602.2712
5018.381
3183.7095
2716.2393
2119.3262
3465.7563
3635.2712
2471.5034
3058.852
3215.2957
0.0
4296.1304
0.0
0.0
8212.567
9694.836
4683.334
18139.998
0.0
2873.5144
0.0
719.2704
2977.9282
5621.077
3451.2583
3229.8523
0.0
1397.2437
160924.1
1250.0818
0.0
0.0
11575.209
0.0
2580.744
2007.9816
3401.6372
1322.1211
1154.4386
3795.4243
1213.4774
0.0
0.0
0.0
1814.33
12513.216
2614.3638
2159.363
3126.084
0.0
0.0
0.0
6723.8384
866.209
2159.1829
2357.0913
64476.555
1021.23303
5036.3633
0.0
3787.8037
2971.2598
1427.5076
0.0
0.0
0.0
0.0
0.0
165195.25
2837.7585
4463.951
12329.32
0.0
2865.799
0.0
12148.451
1632.875
0.0
1505.1869
2893.164
0.0
581.3888
9841.039
0.0
5015.385
3309.8416
5588.7427
3142.0557
5346.1675
0.0
0.0
2345.3584
4272.2476
6386.1514
7746.843
3410.448
2717.1306
1838.0781
119825.36
2488.5708
4628.4126
2858.8496
0.0
20145.92
0.0
0.0
0.0
0.0
316.55182
