78.73623
55.503353
113.72161
227.91919
2322.8403
1149.154
302.9385
1954.0797
1062.0046
2725.293
1192.1417
4541.481
11663.563
592.63416
1754.6981
1310.2479
941.7344
5017.6177
3957.0645
99.09844
120.25356
31.92779
1203.6633
1051.6234
2964.794
39.750343
20149.79
8737.771
22.339588
3154.1416
1554.2744
3216.0198
548.9166
1988.3406
66.287224
35.882545
6025.45
172.68065
276.57028
2.2186346
4732.9556
2371.3972
1199.9247
55.33627
10876.18
11.813743
20.478462
5505.293
54.02145
700.72003
92.46528
3351.3665
72.513664
2846.0286
797.92377
449.3942
1242.2015
20.62453
620.19525
218.93474
11442.861
1223.0557
8051.6055
2836.4211
86.72239
2279.4673
39.62213
420.09894
1590.2554
106.1617
3740.3103
1474.9078
464.24365
2540.6782
894.31506
1475.6846
345.0057
2793.768
1708.3646
4614.495
64.13339
1420.5166
51.680096
2796.6355
124.58903
7498.669
72.16278
3705.884
31.471237
470.1915
960.25256
1306.3721
884.0888
645.1351
1372.469
1252.5155
2435.0676
2013.1669
726.07947
7933.997
395.53317
1488.3738
847.7587
1091.1053
1612.8744
16289.811
2762.1523
2201.369
1751.7719
852.63965
83.020195
124.52757
1657.304
12984.134
490.10376
158.84851
783.59
5241.0703
123.578896
70.82009
18679.422
1585.3328
3962.7708
2554.9644
9783.189
437.77368
1827.9436
877.4787
2439.2393
1296.0935
3335.4202
1323.4357
5847.6484
3266.4731
345.4249
985.23956
5400.633
544.7516
571.85297
5157.4478
2020.3291
787.29047
12616.194
1138.417
1298.2866
13662.16
819.6352
403.9667
1250.2069
2000.755
5224.4395
1208.9819
5331.5044
1188.3798
1549.5448
75.215965
19.825811
1897.1927
75.895775
56.25424
151.24272
2477.6628
21814.23
74.74928
4.9223113
116.77932
192.39685
388.02292
10697.257
9.498781
16.572592
146.50188
4018.9358
4566.5615
2529.104
1067.4525
1661.1837
1546.8132
6534.201
31.424574
551.5322
1817.0477
908.45844
3389.3174
768.3375
2635.086
352.39197
249.6179
4111.0723
23908.164
7221.6465
9682.34
10079.508
1574.1027
1533.858
35.656094
1715.2816
1121.4115
2253.5928
2402.9805
3464.482
31.343115
148.89098
1594.6481
1361.7737
1747.8307
608.95044
619.8278
10942.391
100.04017
1943.8954
1457.2051
7110.6143
6572.8696
48.41167
1854.4944
35.211933
4633.901
188.40883
5761.5684
847.66534
35.295937
71.506134
3023.9905
279.04507
1028.4462
50.11676
897.90643
13.076115
7001.7188
1352.3978
51.72543
745.2002
553.7458
38474.75
1674.4869
1.2113847
9254.641
886.9297
1956.8501
1893.6816
60.4158
10131.725
643.9964
15028.95
1381.8103
621.4213
1074.9889
1711.1855
15.334004
61.132557
1607.3417
858.5711
8389.431
3671.7295
177.6394
747.5264
1714.3895
2247.6633
1.415855
4420.8525
997.10205
11917.291
1078.7903
2393.378
9342.136
2051.736
18032.143
33.200256
4090.9211
30.660725
3317.8262
6139.9497
2452.6658
1312.392
962.4964
511.58566
4578.5947
67.73128
5169.2363
1583.484
3300.645
85.553215
160.68906
855.6359
21482.377
86.53248
49.94548
44047.246
604.3262
1856.524
234.73608
4116.33
29.289215
2014.6045
828.81366
3621.4397
23.991398
26.153181
376.27493
1500.1166
844.00433
817.46686
1515.8728
2.6417177
61.766342
3493.5767
1267.6317
41.401608
1498.5846
1660.1226
1359.642
2611.7988
275.17218
2569.0068
327.5483
65.72604
239.88036
13.567885
4928.723
749.99994
62.096058
5773.219
4761.0703
9666.078
1174.2625
1548.0419
1323.0264
148.73978
94.25118
88.40157
1379.6449
1894.6324
27700.69
861.2653
105.13995
1004.387
566.69324
46.941067
1218.8013
16.470816
7.675194
7257.7124
11.994475
79.99931
2265.348
4441.3833
185.4843
551.5793
5258.784
37670.72
2502.6147
1762.8031
1573.7717
3445.2722
1346.3776
2832.323
29668.582
639.82904
1.6178858
15149.814
4570.8345
4911.1157
648.56415
3966.1582
3011.7664
364.75183
986.17694
1465.3705
73.43269
26.634754
2912.9092
117.09568
1423.8865
1994.3269
61.62788
708.31116
5430.2603
504.88513
32.735107
1183.6224
7138.274
50.878407
1157.8811
1352.9178
87.96215
6392.866
2332.0293
1659.9891
783.8836
2.8434727
286.06784
608.6631
140.46252
1045.2579
6236.2964
1.1456727
2525.9102
2074.859
1373.8529
2585.5806
853.7126
1222.8324
121.941
1266.1898
840.7169
1842.8704
763.6716
2533.6821
26.825445
2545.0403
104.16839
2142.9937
2101.0571
64.75468
1625.7142
72.95895
0.5244004
54.91587
957.85547
5842.652
8406.014
66.40238
85.90877
2032.441
5376.0537
1473.2196
1591.3793
495.67764
1271.3416
71.53567
78.235886
1308.8286
1346.807
5123.084
18.119944
0.13070564
589.1799
21.033861
1270.3496
82.884445
918.1313
133.1418
464.19846
805.26196
3338.0645
193.89204
3276.2065
45.96175
254.58195
41.59895
2744.0974
22.997381
2058.9785
4941.4507
69.98718
472.8598
32.825104
61.15933
7127.6064
1165.7477
54.99264
16.302301
4672.9507
5298.469
162.28595
2643.8413
226.06494
80.08004
219.65929
922.18146
8273.395
6213.589
4108.317
9234.192
4835.98
3361.3174
2133.5615
1415.9497
57.1628
1478.9612
475.86594
969.89886
25.467108
4319.398
1976.6106
42.014965
3112.9834
1592.521
3582.0757
1997.3448
4154.416
1246.5533
471.50073
158.5579
3865.5166
185.59012
925.19403
1387.9207
3318.3442
57.809093
1931.7744
4542.3315
1104.4032
211.90648
779.0507
154.51945
996.1351
327.32
4.470749
1427.2377
60.828365
1218.6141
925.0511
3359.1045
621.5124
184.11221
4973.771
3945.6443
681.5522
874.2802
2388.3982
17717.018
2572.0938
1289.2606
789.83514
2959.0974
15.046308
1652.7614
12300.461
2854.8074
102.261856
7408.7925
3325.4312
389.5721
2558.4712
270.69052
6393.7017
211.317
6.3797393
8846.785
9.92466
3683.565
4854.472
2214.8792
5882.7173
2456.0464
401.01788
11.110619
37.12496
906.6381
227.83243
11.685157
1585.9999
2217.0366
238.2877
3706.5698
104.30444
2269.68
822.6678
2925.6897
1150.9938
1636.5127
36.791275
40.822
4284.604
942.69055
1845.8151
49.14391
51.528145
204.86353
452.33203
2891.0354
2653.1953
154.61224
3300.315
3095.2832
3976.0142
6967.5796
97.076675
886.03937
609.0511
897.267
63.600433
5907.6777
667.21985
3387.8167
1210.267
2363.5286
4210.662
1948.6703
4531.2607
2261.5918
8126.4985
4491.447
1130.4012
123513.2
1830.3856
17.924187
13708.591
134.51901
1866.0438
1622.2362
429.84042
260.41266
3069.5735
12.391226
504.2359
1712.6471
6127.106
21551.05
2111.7761
5.0874467
45.84402
16818.285
1823.6522
14.270843
8690.052
454.1874
842.98846
3407.44
35.581963
9064.735
3463.5513
70.48366
1054.9988
3170.9226
65.193596
148.82353
50.196255
3948.1946
682.3145
10494.582
5065.215
2308.11
1202.6309
751.1731
1108.0795
574.60004
518.801
897.39935
679.0717
1256.9775
3522.3838
994.15936
3359.9058
31.918283
951.8068
48.120934
2930.4565
1341.6412
273.69888
3501.3074
1278.3319
2207.411
1003.7166
22.528606
65.23934
2371.3035
1131.7145
1109.2356
166.22969
2262.4617
2507.958
21726.393
733.15186
3438.9207
14640.705
1679.7441
2700.13
1747.9479
9.720139
801.2469
1152.9954
2473.013
727.8628
4411.4497
15.43827
104.70937
3257.8953
943.2637
193.47379
63.136963
53.18893
1839.6357
1269.6248
1258.0812
1011.1211
113.808464
6396.124
1482.1869
46.94493
1203.8405
223.76677
1717.5536
188.44762
5773.259
50.819134
628.676
55.610016
943.09845
1189.5103
1634.9954
17464.732
239.48428
2954.5847
649.00366
804.19977
376.75928
10016.323
4959.884
2471.1455
6182.5957
4624.3667
661.6331
4723.981
113.50581
151.07106
4313.883
1041.3442
333.93973
973.4223
3308.0132
119.03505
3510.4495
1623.8406
126.57919
6083.8057
82.653435
1252.3229
987.0114
10848.939
2083.9055
2824.4321
146.55223
670.8939
2798.4817
16.306671
1450.5388
1606.5106
7499.5464
1312.4723
1002.7334
37918.766
8360.071
187.47105
4064.878
3092.0156
1104.2012
1416.9413
686.3826
2962.842
16.843504
464.51108
1319.5697
86.74194
2846.4277
7939.924
951.8262
3243.2866
617.743
1479.4679
6499.5566
1773.6239
4206.232
2477.144
2412.6963
899.5192
32.640484
20031.113
5264.712
33102.145
39968.844
27.421438
3515.8696
19.3407
1097.9794
50.174446
1587.9033
1837.9971
18.345566
894.88654
983.1419
3914.4329
1384.4607
1313.1952
1544.0969
11.493019
19.39679
5247.9297
1472.4768
307.39435
2061.9695
22.220167
950.47736
482.34683
5076.1963
49.233624
0.5659646
941.44104
8.967139
1660.5497
4652.327
807.75104
2214.9985
2047.0027
882.2707
11.112574
1027.7777
2786.8591
4846.2183
5227.628
1327.1482
1126.8364
391.05045
721.04083
2833.253
598.40485
196.01129
3332.4077
10214.336
1.5898393
405.60114
40156.652
7696.2476
75.94104
6052.84
3503.6255
567.15344
5.1389365
3574.543
2686.3198
1222.3607
810.5244
2879.1396
136.61101
402.88916
211.90297
1130.5039
44.39568
1736.0658
2956.0474
921.56934
9999.09
494.7325
510.88486
682.6988
381.05756
31.263594
528.17224
8685.3955
21502.121
52194.734
6209.3564
164.64514
7323.64
2569.0452
1744.4662
190.223
842.4023
52.1752
2809.217
1199.7328
82.757256
3320.502
1001.0096
724.19617
31406.777
77.42059
1007.4047
68.19436
1113.7318
5070.002
206.30801
924.31976
2838.2268
1890.2047
210.6783
3431.1787
6599.9775
1117.695
1856.8285
20.156475
137.87302
2518.1553
102.86553
4886.6006
5356.8213
144.1372
143.58719
50.766033
7488.664
22887.893
133.37352
1000.78076
1676.7572
3869.6016
1684.7018
2366.2947
429.80185
12992.101
1966.4283
2300.4739
1395.5321
258.60657
1462.0927
696.7628
23.172422
417.01254
2880.9011
308.5868
726.8903
2454.576
4420.8193
1383.331
1015.17444
268.948
1957.7281
2280.42
2741.7288
1467.0201
203.89175
5310.6426
1258.6748
1975.8345
185.21165
1653.1118
110.66731
3909.0308
8553.836
386.5254
4054.1465
1365.4912
3040.1787
9.798335
167.77266
70.576645
782.7848
19816.453
1282.086
1554.0977
2674.474
1432.1698
102.187706
749.10724
24.366684
1070.3027
3511.914
1603.4535
6759.509
634.6307
1154.4321
13.208725
4519.1367
1242.1217
1757.2565
8181.2007
121.70742
281.84845
5639.9985
7813.9014
488.6953
39.069054
30455.254
691.53674
1202.8451
7915.05
37.345066
141.20764
6469.638
194.15187
692.6701
422.8853
1419.9628
29860.965
2079.6733
3171.666
38362.793
6386.248
125.57049
246.21417
1534.1162
792.3216
15573.512
1066.3938
4168.271
6943.665
52.5867
4322.3604
1027.0839
74.507385
2428.1726
686.38293
1095.9153
455.9068
1198.0198
1774.1992
24.326038
10801.329
56.796608
160.50807
1582.0468
5605.4033
4.296759
70.07691
312.42368
10.68578
1386.6415
558.04834
7825.1123
12547.233
48.829487
1472.917
466.40143
96.327225
75.45096
3962.366
64.40592
579.248
1997.3387
3035.933
66.861885
48099.57
770.7453
693.329
2597.9521
1307.4026
638.64746
1330.6754
1339.22
300.25446
275.28696
49.423992
566.9862
9088.635
10808.436
1961.1846
1154.3906
11671.023
291.5401
1544.5681
2972.854
45.80319
61.662025
653.26575
2791.9175
3586.361
1231.584
12.03051
1343.7355
1269.3304
1234.7572
2793.8755
1402.084
62.129932
3375.0288
13213.958
3210.5461
257.46295
3331.2874
9034.805
1996.4414
9027.346
187.12268
102.40734
300.38904
89.91796
2529.0754
456453.75
4485.4785
872.66327
77.60758
618.1547
93.92448
1346.1683
3325.6873
2195.1177
858.77606
1777.057
25032.043
4243.311
4012.357
5362.5845
656.0826
106.90814
1658.7
2400.8862
182.20581
4191.0293
26517.79
4050.9932
166.38293
988.772
76.18432
1210.0696
344.2192
4605.575
528.6364
496.07916
614.1608
6672.157
1326.5662
70.33947
1039.1953
114.401505
5996.6763
1757.3258
1057.9552
1076.0482
3332.8782
1077.0637
1020.7809
9475.328
234.6575
1323.0262
126.687416
91.95003
9504.491
2164.3345
57.90979
883.3826
16376.094
3029.342
46.06626
1143.1207
240.91196
701.03174
922.6855
4631.7393
7766.7773
308.91772
990.82794
63.461327
1135.2192
32.432636
149.45883
15.819362
234.82097
7281.866
424.56308
35.90442
21.013136
1172.8821
5352.4814
1098.2328
2439.6833
21.19691
11896.713
19.335695
1047.0321
1019.23987
314.24713
2236.498
1423.1031
4218.0728
2162.642
50.370075
177.39142
4615.15
1672.3088
21843.979
225.65398
826.79346
356.83417
1701.8676
562.4139
1363.146
43.97635
98.45667
1734.4225
8.252531
1209.3245
3069.7168
1362.0702
1075.8492
636.1959
19.074345
3124.3901
1347.7693
1353.287
21.641298
3979.7
1386.3356
81062.91
670.106
229.67119
345.15088
164.97356
26.67874
1126.3818
2024.8037
18124.346
642.0923
2645.507
3764.3857
476.01227
846.1134
919.12384
37477.707
6632.8086
2920.1873
3240.4414
617.0073
206.25452
592.6631
5103.357
2802.941
2586.4685
26.230139
564.0195
1030.2987
1298.4559
9908.7295
50.72595
5482.8887
6687.2964
1399.8735
1628.765
2589.744
123.007256
0.18997192
894.76953
942.7055
109.93114
1720.2281
58.111286
593.3442
11144.2295
843.4998
2164.312
2949.5283
3000.9902
2374.8198
3824.734
1771.7855
4694.6885
5780.07
1540.5769
7810.669
187.3717
1578.6907
628.006
2479.1829
2166.442
3289.6929
202.00597
3707.311
137338.72
1773.6947
3454.0142
793.2036
9263.4375
1312.0194
148.30154
26.425877
1467.9469
2919.1582
202.20692
181.43156
13.503479
23709.076
2837.584
289.91895
197.01964
2527.4595
9417.541
337.33237
38.53876
1437.8253
835.94867
1155.7277
1408.459
3258.2854
527.6126
2604.2205
1957.3092
4918.2305
1409.2789
1885.3478
220.92683
43.975903
5713.425
1167.1613
136.11258
1672.1614
606.4204
278.31445
231.219
474.7666
49.026394
5542.408
218.51465
3716.4775
253.14091
3371.7747
2626.873
180.5607
40.281536
1860.4432
79.19616
35.11846
1881.3324
63.08302
3843.7559
394.35855
2061.4482
7051.074
3145.569
19853.477
753.446
2477.8013
4997.6016
365.39954
3997.3245
3794.1777
1248.0736
1895.9829
8341.533
2.4506242
3602.6477
2150.062
3436.5684
2755.4614
1318.5643
747.5345
15411.269
1266.7043
248.7321
78.08912
45.93653
24.351858
1317.9098
3799.9983
3741.77
1383.3123
4536.865
1122.2655
3374.3794
5741.3433
246.61192
48.47524
3096.1594
3959.3135
2232.976
7010.911
1476.148
734.2655
517.8657
6965.917
959.5905
4304.179
943.7431
3336.4878
560.31445
648.02814
359.0236
11.026847
4719.985
486.34494
4225.7646
20752.713
19867.553
1522.0139
2742.2827
140.39427
1866.6721
85.91567
4074.6467
1538.0878
5335.475
335.20828
10211.42
1798.1255
1562.8335
597.3483
618.93585
1161.4813
1571.963
1194.7524
2615.4648
1026.8473
16253.789
665.10223
3765.4941
69.09048
14241.346
1174.4335
2136.7783
556.02875
2900.6536
1959.9377
30.27606
299.86835
29.09383
772.56714
1727.4655
25243.025
57.195065
125.11482
743.6379
19.168674
978.1763
19250.863
11879.428
4441.1943
1577.9769
2361.3884
42.815926
308.90762
0.75390166
552.5576
2535.2236
2875.3325
4415.798
192.41512
138.7966
22.570526
1501.6058
44.307617
11746.369
5966.9907
1337.0215
1013.3591
5382.334
74.1371
2306.1467
1889.8131
1767.9138
1918.1813
232.42932
279.74014
1533.2275
995.8305
76.67165
3384.5244
2387.2144
1193.3768
3831.0522
819.7624
1143.3469
11300.046
8411.15
1373.5494
812.87946
4433.512
1093.3485
10613.964
805.5823
4589.9556
2501.0405
2272.2793
1191.1404
1492.4662
11494.022
56.300243
1094.5468
605.4365
5.227971
621.46454
1016.65686
3315.184
2642.2563
19.276512
125.95357
26.665655
69.77599
1441.1526
2564.821
63.504055
142.00937
3932.372
178.54996
85.09552
133.52551
6899.5557
1242.3456
6729.932
4188.8516
11223.914
782.09607
93.20678
2.858278
639.84174
1780.027
1695.8828
3879.0713
391.9874
15.668897
26.148151
2697.2966
135.6792
100.478775
876.06836
295.39194
101.78564
156.65788
8094.948
150.58902
28.289148
79.39864
1185.8046
1359.1177
258.5572
952.6484
1350.0302
455.78757
622.4593
85248.33
1529.4823
172.44287
1434.4396
150.58566
226.08806
242.32176
2145.3567
2268.6138
13291.0205
1208.3359
494.53076
135.3832
5712.8843
1929.758
87.4823
1741.956
16.329042
1807.6737
50.470806
1758.4886
2185.5886
9638.8125
11190.57
628.3827
1452.4204
1512.3508
383.7793
847.8268
1330.1693
474.104
263.94846
1048.7157
755.49084
21.065485
12699.084
1659.7391
557.2436
103.25433
2346.6804
1267.6656
987.3092
69.14441
313.04718
5778.522
1340.3333
5107.176
322.92636
2850.8535
10662.449
488.02145
1323.7009
358.36334
4132.9165
1497.7002
660.8383
311.24722
6650.3525
1188.1212
6568.4453
199.16469
3758.0806
2692.3777
1416.6514
954.5436
7240.368
3944.323
25.545795
64.93116
6208.6875
1436.4631
1470.965
798.6514
641.8787
594.0771
403.27054
1724.0446
3228.9731
169.85274
185.31941
0.51404727
1188.4562
132.86487
2326.863
568.1058
712.36206
751.5835
3560.815
3155.2163
10518.831
8.095346
7406.364
1645.7002
1275.1869
97.169
1090.069
4204.4727
504.18796
4085.0818
145.01144
2099.0457
6147.6646
1640.1223
2776.621
258.7845
9724.691
4676.546
8400.45
6488.7783
607.9701
2133.6465
1089.5219
40.93092
12737.055
470.82443
22.172823
2054.661
1108.3788
3062.4512
1045.393
285.53427
44.988766
2933.2554
2413.0186
3994.784
1672.9729
649.15546
579.33075
4606.826
341.10284
4165.8335
2790.3328
160.75316
435.52222
2505.704
222.41856
3035.1362
2595.622
8423.318
2942.327
81.768814
2212.065
1595.1334
1461.2258
13.350177
18497.719
663.4383
193.64104
56.453766
2026.123
95.317276
16101.728
18053.033
15168.635
106.713646
28.31874
1951.8162
1076.3752
3700.6443
25.513708
3755.4639
670.80756
1942.5243
3622.4678
1097.0166
1487.3193
480.08386
3176.7551
3077.3057
1541.6469
85.46535
1576.2089
8885.323
814.204
275.17697
357.98203
45.40275
4180.512
5264.654
2838.1216
2741.5544
1973.5684
17482.723
43.821007
2984.5754
382.56384
9280.749
636.83856
1690.2203
5780.1514
5031.636
483.40076
6123.9146
1151.5067
1254.1178
444.85822
934.45233
2379.4368
124.36574
1596.8477
387.83057
1540.9321
493.87735
2203.9648
5.3602877
565.5902
561.4413
2066.1062
7070.4844
1259.0437
1645.1416
387.9229
2954.5188
1030.2001
8273.435
1912.5259
72.48955
84.18798
34.337746
865.1201
1100.5901
1426.7784
440.46948
1048.6608
578.5501
1541.2146
1349.2305
30.675663
1167.4418
1198.2134
2115.6316
9710.4795
1291.8683
3216.2874
44.611336
1689.7838
10013.966
2325.1445
28.09056
3590.8726
3306.1924
2629.8655
2599.985
3203.5535
129.55115
4443.8135
3183.1628
353.67883
1470.201
658.4067
39488.17
887.73224
8187.0605
1746.0602
1093.1223
1458.8025
20680.555
836.47797
125.88828
1682.607
5653.6855
3076.1528
9421.482
3116.1853
2914.8228
4971.8545
26.820759
7691.0186
6.8804216
4334.965
1698.3079
61.84152
280.16196
8270.073
3675.9531
1681.5829
1530.3661
776.1037
394.28033
810.69434
1230.1531
3690.6765
1577.4867
950.64886
3370.9692
61.71039
27180.734
618.0679
1886.1412
4308.6304
128.2018
816.08264
621.8203
829.6169
3636.8596
1122.8129
1454.953
81.804436
57.7083
3146.6733
73.512314
1749.222
4177.6177
786.0212
3943.9092
603.7829
189.20592
4.60363
86.91171
209.09663
1709.7301
6979.827
804.12787
814.59125
3718.789
3196.3203
2484.4363
1877.821
1045.6925
165.35135
952.00366
4934.218
14802.279
9376.74
395.88623
226.84029
313.46295
5283.6904
1980.7616
928.72455
81.15642
77.08029
3501.9055
956.10565
1839.0856
1616.0688
385.151
312.38223
1604.8231
1036.1588
6402.103
1028.981
3564.1716
20.776228
922.67053
1671.9094
2969.4727
666.76385
172.80472
190.93193
3864.9949
967.23236
4455.163
879.9305
334.11523
2336.7295
1108.8751
239.94835
36.525124
2292.4578
31.11875
4049.9072
3915.908
4393.377
5017.677
1181.234
1913.7396
94.39931
1796.3346
8074.184
2528.6948
6613.743
16149.704
5186.7646
94.874664
932.6761
66.077446
1522.909
2868.1467
2921.7124
288.71585
65.34287
1142.174
1363.5424
2897.6914
20.504972
1572.3894
3289.4124
6.0424676
108.3283
947.5666
543.1176
12404.088
311.00217
664.57715
202.83844
350.70602
3307.4595
1124.4312
215.65999
5928.8022
71.26669
186.1409
55.729713
2300.63
5736.746
494.33936
1446.798
2532.8706
1433.6613
4255.8135
28.179718
1369.4476
16335.2295
2285.8757
1641.7279
948.62103
4460.1553
2647.4795
329.67816
909.1429
473.3491
1356.1166
75.04803
263.96936
55.777504
5712.315
866.27997
395.22012
1121.487
5.7776656
1711.7867
1495.1953
52.07993
13960.072
4361.3457
4434.366
34.30614
1090.8434
1409.1659
30093.72
995.2747
194.02615
37416.734
8700.235
1833.469
4305.372
886.0092
7199.0845
529.52966
2276.0615
4636.296
4768.1655
1056.9037
1841.9266
5629.662
168.21004
150.06876
566.3283
8181.492
523.6537
48.98146
260.99142
9.497449
4166.374
65.04228
727.6535
5607.648
85.189545
21689.871
153.42773
4557.384
3207.0151
21780.824
5500.005
4097.2075
200.88953
1190.3309
6086.255
22193.29
499.46548
680.1482
3950.0752
44.73397
1012.1657
5635.6045
1779.6547
4225.23
1112.0973
106.155655
1192.4288
14502.924
1550.0588
39.08636
110.998985
3944.8516
495.81876
92.084816
2047.9423
55.690163
147.97644
571.33514
50.758194
24460.781
753.1948
1009.9018
1530.6614
1479.9716
622.1882
346.86343
1242.1078
13.573062
3292.8997
1057.723
6106.622
431.06348
794.7552
60.725807
7097.004
79.93207
1399.5868
6502.337
1261.6886
40.846012
2579.0728
1490.64
26.892462
22.038975
36.8982
516.2498
2405.3586
1800.0328
513.6528
2416.121
287.43057
398.05978
1357.805
1001.3143
4879.8413
4494.9004
291.91504
932.23224
3382.0525
106.722855
3392.7646
866.83234
6513.837
18.91693
376.66528
15498.481
9970.585
59.696785
1071.9232
178.60666
2426.315
10882.522
41.726715
1118.6913
712.0156
1764.1683
890.16644
2434.1897
1173.4192
2476.9346
239.76244
2153.864
1568.4293
59.832447
366.93384
148.51527
1519.4594
3000.1338
5418.123
772.52734
70.64586
800.66974
3108.9932
212.38516
3837.443
95.82238
1097.6506
1337.4574
1676.8865
2853.7275
79.43654
2085.3782
125.24068
2214.5928
1561.6403
1538.6305
52.525066
1748.5367
1280.439
505.69864
954.8219
3592.476
7126.5283
55.56601
2786.147
3503.208
32.215897
1413.4478
1845.2366
1211.3705
347.9181
431.93774
1531.8422
4867.5684
2027.8445
976.4279
2584.9534
498.8841
0.87485427
12.523706
1288.7206
385.01004
841.12616
1557.246
8415.599
45.562565
5650.7246
20.65014
53856.094
3281.7732
15593.8955
1394.3109
4427.658
4208.813
840.9557
1392.8511
1094.0552
41.38975
215.24332
685.64764
355.28598
1701.9225
1953.3241
3721.566
4.207837
140.08983
652.6409
4763.995
4.4215736
126.866066
373.57654
1283.3408
7172.745
4270.833
947.9206
13417.39
1177.1089
1803.0756
2506.9504
705.9273
3803.1355
767.29974
3589.141
5721.1104
7865.671
2687.9849
685.608
1155.7074
0.9535851
391.91245
292.63916
79.35919
234.14766
507.74243
212.65848
724.4018
88.03391
671.7304
3481.0
1055.9268
100.63287
5945.962
34.66805
199095.53
32.848232
55.720264
2279.6748
614.962
827.076
1045.4629
41.77233
64.66992
2758.6528
480.6401
57.84323
78.290886
885.69775
758.92114
2389.9565
9.73022
678.41943
1594.1791
4963.7354
6052.2773
1677.8489
3042.7395
959.90765
1468.6444
29.733011
1080.78
1592.1177
122.57212
16.908045
1100.8998
4303.776
349.53586
3014.864
943.35596
267.25308
946.7846
752.12494
10329.465
6067.9453
14511.997
2098.4087
342.39545
676.66833
2953.354
1219.1986
2033.9135
1995.1747
3663.184
29.648773
43.063538
343.83862
794.1196
138.00645
638.54663
2591.35
2503.1262
907.37445
5.7779503
1077.069
8070.619
1487.8385
42.226635
722.034
195.9209
35380.934
785.143
2321.0784
39.166317
557.0832
739.7581
429.1277
2758.1807
192.64641
54938.72
57.492645
16135.998
83.848236
1369.088
223.82817
857.13763
677.7463
1362.2263
1654.6908
3325.9526
1620.9116
44.121723
42.128
994.68146
1946.8468
41.687027
2606.4536
7282.468
6079.4023
88.04289
13599.836
262.03198
232.16206
71.77183
2843.651
629.33124
20.179989
2009.5208
3737.3787
1166.7987
12188.644
968.2137
15972.07
28.040985
1416.5322
4058.496
5529.98
3924.3538
705.3395
1565.9291
2955.1526
2482.3027
5983.9395
25.294018
247.41086
4949.862
2891.052
19.875387
835.8377
617.7732
47.788036
859.7786
4025.5405
2621.2874
81.252174
633.1886
7565.8696
5654.8115
300.59006
8247.736
2108.2554
76.804276
24.558867
76.34388
7.067371
13546.653
35.243042
664.57
10704.467
1560.5281
9120.722
1674.843
729.1747
4675.262
650.13
6432.3926
945.7209
2591.509
608.7438
3329.731
45.244442
5225.6865
1582.8511
4522.064
5722.375
1950.7357
3723.7063
242.8928
2907.3591
2834.644
79.46234
1671.5609
978.777
4753.2485
213.70943
5766.1953
969.395
1970.5751
1508.6152
2157.037
2631.6973
1388.2601
2524.92
3364.5762
84.22692
86.230354
1571.2915
1531.0795
430.83038
2164.7974
48.59233
1613.1084
5574.8506
9.517634
18.932713
3235.5327
25.857483
1428.389
864.3252
1131.6486
12449.2295
1511.0367
1707.7383
258.6788
4932.9556
1314.7273
2496.0398
3968.587
2744.578
2915.086
2129.6118
0.16779785
116.724
1553.3195
23.282587
1070.0363
66.156555
43.895195
3984.6848
178.07661
8393.493
1680.6067
64229.047
24.99484
3048.2234
714.2215
872.55725
129.95917
1094.2203
8531.031
891.23694
2346.8862
1861.6339
11111.721
1258.6523
3809.9368
1991.7928
1349.1987
2961.9238
75.33392
4031.0835
236.09421
1414.1791
6197.783
157.99937
2264.0176
1246.349
2138.882
3407.6812
26483.8
53217.54
8423.201
1414.6927
5046.8945
79.221085
1744.4075
103.52037
2342.7996
3292.8347
5365.66
108.64267
1162.4115
110.402466
550.4669
3199.4485
1407.1945
1838.1571
3570.9902
7183.8184
526.4731
1402.3893
622.3205
1772.2699
1163.0863
1601.3694
1334.7917
24997.756
7.9594193
7371.2
152.48653
30.126282
34178.867
2373.838
5608.41
0.33010408
7390.241
1378.9843
254.47212
854.2537
75.61422
2436.347
1352.8738
825.08954
2880.6182
4823.4424
1452.2535
162.74974
10464.096
3560.9326
1338.2147
37573.883
939.5955
7309.6484
3231.3853
102.84833
536.3298
1344.0333
4260.8022
1442.4137
4652.167
1775.0038
29.675323
19.069338
4240.693
500.20676
2052.3794
63.95704
342.41132
1439.0919
4364.372
3786.1953
1429.1504
340.8119
1415.3823
303.42334
658.9707
1405.9716
1415.6172
338.58096
79.99877
239.2
4060.062
1086.6953
546.4488
3736.4075
78.32887
1217.5621
1351.9242
8680.363
581.1701
764.8792
22359.33
1275.4484
1939.2844
3925.0237
3447.2065
2694.1729
13190.799
2051.6453
1249.7421
2765.8242
5166.4375
910.00726
578.79614
195.68523
2399.0928
53.407787
567.8239
20224.498
2876.6572
1878.0343
854.73096
855.79065
3513.3047
23.958958
2995.5283
4609.714
1006.54315
1959.9395
11517.06
101.05061
1794.8004
311.82394
570.316
4102.5674
1140.7944
1243.0167
63.20301
5140.6357
3642.609
3333.5164
11696.575
5615.1074
70.02688
2691.6023
82.7855
5.521545
15351.01
4061.787
768.9436
3069.8508
33.87087
1646.4518
3857.766
3988.3342
5394.5337
1870.096
11428.19
1783.7161
171.04387
190.60173
207.77959
57532.047
137.90271
5520.6147
720.1605
21867.25
1140.1963
1575.2313
3688.4707
2043.8894
3117.5798
67.1131
617.78357
1077.2545
1580.8639
700.64795
176.61198
162.28288
1207.888
2245.0864
700.5252
18251.4
303.6166
13.798734
2083.8718
286.8803
1078.21
518.82
1194.2739
3953.2969
186.65486
2952.6746
1088.0297
167.26744
1145.1492
58.55132
1026.3798
871.5835
3299.8533
1445.213
7.2241626
1516.6039
7683.0645
10508.64
3628.9023
1189.7555
389.00333
6930.2617
131.01527
32692.734
44.958424
4517.95
65.74664
1294.1625
2271.4512
2998.9846
1910.3721
2155.8113
1175.2562
47.524025
749.25165
2512.0332
1939.9325
15.362991
1482.4598
30.816746
57.853737
1755.4062
3147.4639
1483.7373
1539.1965
1625.9641
5.209552
863.166
1179.464
2922.6296
1185.8147
266.8652
20333.148
9592.856
3832.7976
2898.8997
755.7713
3940.8298
1275.202
95.31111
18811.422
3948.3608
2350.4807
93.227905
2237.177
2259.2322
11774.995
940.0173
505.41608
1269.609
632.10175
4765.6143
1935.7479
14432.871
4142.7627
637.60266
1469.1638
1011.45905
258.6792
88.75887
30.443008
249.83878
7264.991
682.792
4553.6475
2919.2969
172.69919
2683.1426
6404.209
804.3019
2884.1528
938.79736
49.113937
5408.1655
1273.3627
203.03696
6632.715
1065.3326
67.11044
965.21265
503.60098
72.9697
1900.4247
6424.713
2983.2783
3088.105
2094.4792
8.458329
0.92904896
6081.9434
259.7829
825.7018
83.89171
2137.3132
913.9067
72.69401
908.7998
1778.4305
26.529835
626.25665
35.717113
4324.633
4791.3174
3179.8079
3171.8916
635.6545
180.49928
7641.7397
749.5893
6176.663
833.4958
1414.2766
6453.9873
81.714195
2439.341
2028.7266
1874.0917
64.151695
1069.4055
4540.9316
589.8834
3192.9514
4816.6123
10330.303
284.02335
4587.9453
700.62854
100.632
361.7337
4274.9746
20536.12
1822.5576
635.60767
2495.7256
1590.8192
88.98368
270.14346
1468.2438
124.41326
1634.3987
2018.2723
813.242
1256.7542
158.38068
411.93878
2714.9246
632.8815
199.1647
2755.9294
571.9821
1428.2562
2980.9302
14306.016
2293.6587
7061.3755
116.859795
260.12805
7.733773
15.30585
5509.875
177.85257
3089.3247
6677.83
2353.0078
3386.714
62.646286
726.0706
1406.6656
584.27435
281.34427
207.46342
2826.3665
158.3661
1962.6815
499.7761
270.96973
17807.9
2776.7266
14.85257
47.01526
341.38254
1526.8397
2319.2725
2853.5303
3391.0466
12.188631
75.34652
3607.4458
572.9126
285.8423
654.67596
32.857075
326.42438
6253.7993
206.57324
888.8659
62.19098
16586.795
225.20763
1524.7225
5119.064
571.4088
702.67725
409.73883
31.643402
1603.1342
1192.7863
2.132674
787.0479
8671.799
97.26313
667.7648
1775.6555
247.3188
6847.7666
4674.337
2461.3032
1856.4873
937.10297
148.04921
17412.082
1142.1875
756.17926
2761.5066
843.75433
2081.1929
2892.57
6223.973
598.094
7828.0854
2828.6858
11890.497
572.5945
2379.6567
711.3179
15013.212
675.8164
3770.2217
124.00159
2711.105
2673.918
114.952255
2677.0864
8644.728
44.266674
358.2601
46.664536
10870.731
4389.713
3917.2153
2643.515
2655.6506
796.5907
1237.7697
4.100269
763.686
905.3029
1389.2585
1497.0637
26479.695
17643.574
1242.5645
2190.9165
2718.3013
1159.8145
1209.6781
25.138714
522.2105
373.0136
3073.1858
1745.704
100.87894
587.7008
1326.3502
633.7055
6922.0747
61296.64
26.89895
8347.064
504.79843
2501.975
8406.061
1053.2339
1007.10205
4013.8215
818.9362
1239.5974
1793.7676
4894.3447
181.88245
955.8214
269.32584
821.8239
48.74074
1391.1626
2289.4946
1069.0922
2223.3472
730.2567
2558.2815
824.62463
562.9775
3269.6323
1464.2994
3767.2534
3540.3357
1650.9652
1147.1881
152453.62
746.9781
2984.8816
44.799652
14.742699
1455.7
4578.712
1983.1034
789.9411
2434.8901
2191.5479
1643.1464
1916.7793
412.48877
1625.6641
1502.7649
1114.215
36.715816
2068.9734
373.6526
1859.5953
257.23535
51684.914
514.92035
1223.5681
45.689526
1568.2559
615.5941
1519.0039
1266.1091
7315.077
1770.914
93.01537
297.33228
2800.1792
11717.391
586.1299
911.8669
58.902435
8437.347
3102.4495
812.57245
1724.7229
3417.1243
1741.7186
572.69745
1439.7532
133.48637
347.3687
2971.6042
927.632
4.090694
1757.4631
1138.8104
59.404743
80.88323
866.4482
835.3864
126.482666
312.43268
822.2677
3027.4634
6.293143
923.046
146.24377
864.0268
4383.238
818.6759
1193.5541
1278.8325
1115.6656
1263.9637
2184.7341
3900.2026
4549.0684
2086.6772
3158.1362
206.80055
5231.4146
397.98834
6.811975
185.94456
37.831043
580.11597
10709.491
452.76788
2221.495
91.84541
1444.9604
6487.881
14584.049
736.6894
3823.4873
1183.6143
1946.1274
78.43818
23.769884
1143.2758
410.08463
4099.0796
94.960266
36.26493
987.95996
2754.8887
957.57245
1951.7411
71.351616
3115.461
1371.4377
1842.888
2559.5005
720.9868
31451.014
859.4582
2156.2104
3586.8096
197.63017
2232.1104
377.2523
213.47412
5862.1123
619.0192
221.1746
1599.251
2537.0837
74.729126
11431.544
2941.0427
112.31304
687.2052
224.95154
283.83713
36.354767
944.267
1765.749
18.505817
65.23934
225.65332
548.527
568.4714
1661.8925
609.32043
108.44729
456.60797
2687.1533
2340.1057
38.75114
24.166016
614.7038
39.35515
3336.2556
418.9873
68.22094
894.76544
1776.4541
1991.9767
977.0002
79.463615
1983.2479
81.0089
7844.3
3178.1301
4050.8655
100.26161
171.35999
11.929443
1017.5464
227.1064
512.6134
691.53625
1966.4951
74.9974
713.67865
1014.0148
101.30443
418.36084
3101.3606
57.415066
73245.53
1781.6854
353.3395
1142.6206
722.6
1227.645
859.692
4365.7114
3392.2148
33.882046
690.30334
151.40184
1360.1456
12335.334
10626.523
274.88934
12012.605
821.53625
900.3258
2066.0815
910.33905
764.7576
1616.5306
916.5695
3485.6082
64.12811
697.37445
4928.3203
506.97794
1555.9634
6300.512
33.061295
1847.0297
2422.185
794.0893
1426.7035
370.62717
1542.4467
691.6367
1649.1433
1510.779
567.0982
2158.6885
1365.7445
384.9273
2316.8364
4186.7075
3047.8743
4064.4028
5265.588
3224.5278
314.37848
953.3092
3684.6016
149.31487
6615.218
10613.961
3872.7964
1167.5771
87.56167
1198.097
75.5226
2648.8862
16099.959
4979.9946
2731.4204
1332.9579
1018.72577
7.674492
152.34259
353.06076
3952.0562
82.03948
991.41864
752.1414
61.213833
1775.3854
26.460226
4606.4307
2242.3823
31.974655
476.97873
238.26982
388.0908
2682.201
4039.2612
998.97327
6764.4453
1165.917
4534.8716
1480.8281
1362.8888
2833.2595
4453.168
40.93336
731.849
39.091854
1434.5479
280.9618
2134.3328
3605.9011
887.59436
637.7675
956.8454
31.859024
2384.984
455.83096
1620.0177
741.2734
1456.8094
83.84191
33.038403
276.7415
835.817
815.84973
5326.1616
1090.4866
124.72658
1518.2651
3294.8105
1275.9359
12576.684
1596.9569
92.56618
1233.3176
1381.8423
93.51577
327.09286
21720.09
1541.4982
2052.3413
2781.1519
4019.3691
28.960493
361.23462
1274.8202
4572.405
249.84966
1934.8856
4477.6533
22239.512
6640.995
1612.0367
796.39764
1513.7678
163.22641
592.20074
4080.9192
1573.9534
3970.5225
5079.421
3278.6008
1291.7618
1210.0864
2450.8608
1147.6808
4350.2627
2359.3406
230.1851
519.2758
67.08481
1730.4764
561.62897
1149.9081
2956.1924
338.77963
105.72422
92.55841
347.59372
1203.3441
284.26285
2578.348
64.50951
797.8337
1712.739
164.68355
993.7544
3.127298
482.95898
847.26434
1204.1215
399.28476
2935.1113
35.250317
3931.6768
3391.5635
1159.0226
594.8691
1029.0358
471.39615
2472.9146
848.0058
1669.373
1386.8619
4135.8594
2043.8866
2062.3784
1837.7678
830.5214
4540.579
146.40637
703.001
532.5617
649.57733
649.90765
163.32376
728.8422
510.43555
1381.0862
3166.6733
10.475215
66936.56
8121.108
1332.9369
1457.54
2210.4727
46.632137
1276.3981
60.350655
57.865902
1174.6221
632.4516
15.78508
36.10252
3340.605
721.4471
3308.357
1646.5396
3180.1309
5711.882
23.695005
104.422386
1018.5558
5852.861
27.329544
1715.8041
202.03435
37.576458
1571.7354
35.347157
55.842102
1072.9479
450.46603
131.70824
1212.8381
2252.6328
217.84204
469.66965
4188.258
10822.728
6524.8896
8217.314
220.09395
8806.057
50582.625
12.248589
157.1163
256.22006
1189.0283
1341.164
10538.425
25.218386
9854.404
635.762
2486.717
15979.633
185.59312
225.34854
2092.3083
6828.894
2033.7014
2784.6743
928.78577
3241.6682
1363.9517
5386.3525
3949.084
632.7294
41.8926
3226.4019
97.8053
525.2202
62.59681
272105.94
3494.71
1130.6174
1192.3075
423.50424
5160.9346
1465.1395
3452.7676
5412.778
35163.05
713.625
115.33666
646.5333
2808.2454
908.946
1771.5924
3571.957
58.54722
5661.755
5319.712
422.5339
93.35708
2325.8457
26.495453
2484.5496
975.56085
3254.8486
6195.235
140.90323
1491.4877
8062.427
2068.7737
758.5173
111.56946
2479.2664
2.6747062
1500.5516
153.19603
903.66693
157.3924
634.89374
1768.4675
347.76923
34.430824
1658.5735
3574.099
2717.3599
12515.396
45.902054
4091.9746
1682.3557
95.872475
4859.079
1794.7219
100.80732
1569.8538
23.914307
23982.664
636.4221
559.99524
25.988585
86.1734
835.6501
317.6802
9661.524
1153.4901
1979.8551
49341.4
4657.02
687.6416
4675.004
1188.6022
4668.8623
174.94304
49.789734
421.90314
3694.005
1587.8932
56.872387
16206.018
943.3896
692.19946
262.67368
3753.8657
70.341576
2666.975
61.769936
1707.7676
6193.6724
39.31483
9.985297
1462.6853
990.8553
4022.4905
2967.2148
646.85596
569.5339
1077.7676
6475.709
1386.7727
4158.673
1347.2751
7403.454
1338.795
10496.702
14.169036
182.2341
3083.109
3917.2856
2027.6038
2450.2642
1950.2194
601.1484
814.9909
102.49324
8.682662
2134.7627
824.29156
8034.945
447.02374
1219.5404
57.725197
4480.2783
1732.826
98.36813
1718.5804
2855.849
1349.8063
1423.3457
621.3366
7.4994264
0.3243927
3755.3477
2777.0244
1584.0863
536.20435
1607.5604
45.660236
178.06734
599.9914
169.35873
1281.4781
55.48357
1901.1525
174.7658
106.549965
3114.557
1683.8274
381.12357
48.338436
1549.1649
33.94003
5314.32
1825.4888
916.9074
1873.9755
358.80606
213.16655
400.19992
724.1631
28.458601
1039.7275
893.29706
1288.5367
151.11508
1141.0719
247.68791
3018.6304
25.19779
14950.924
56.4393
4299.51
1162.0969
1812.454
1548.0214
8155.163
4733.362
3230.294
121.868286
311.76126
7682.259
58.502632
5.0829315
7506.9746
876.2736
1295.8893
117.59558
1198.0919
88.638626
642.4267
1479.7025
1169.4598
1629.5145
516.88763
5901.9033
4623.4204
1427.6552
6709.001
75.464676
109.65417
1668.4225
1272.3674
71.4469
105.30479
71.28305
1275.1211
2203.6787
3117.204
6123.2812
39.863197
6190.03
2176.6619
33.943256
3191.033
50.241028
77697.44
5481.8438
9881.134
1657.3665
1465.3275
626.34204
2430.7708
707.2354
724.31757
9915.943
69.841064
12383.796
2586.0005
855.16046
6192.9873
770.4927
6670.2134
2574.3127
2980.3535
1599.1161
1420.5634
408.2248
94.539345
365.65567
12132.246
3344.106
104.86858
240.07417
44890.54
1604.4641
10417.078
1314.0645
27.545252
819.5218
839.17694
15016.804
797.08344
1853.0972
61.06482
501.52353
388.2378
2047.2402
8247.893
211.59195
6685.836
46.288933
4261.0137
8465.347
2036.5637
572.12616
120.223114
3181.7827
2509.1975
79.723015
3536.7212
945.4186
108.730644
492.27
705.6575
1628.9758
3055.748
11540.934
1250.3009
2092.8435
1749.6439
17722.477
5245.4253
21680.246
1412.8378
374.15515
2716.5586
488.1328
1620.0645
89.099686
1894.8784
1450.3909
793.98676
34.374683
3228.6672
465.23618
4753.86
984.383
2266.7896
522.5495
3488.9558
4865.073
37.918453
3097.9587
79.68251
4346.4937
18583.91
701.8457
1119.1237
19325.383
938.686
4200.995
1268.582
92.93917
1255.35
4681.308
6987.0366
59.884888
2558.8994
2957.078
65.79545
7076.4785
194.14769
230.4916
286.75217
955.46954
1388.2943
137.31155
171.95966
310.3514
3540.5742
3411.935
197.00777
119.02136
4682.5654
212.5113
456.95068
23.9079
3213.939
4583.181
27685.0
211.985
1473.8679
951.5685
302.36996
1946.4626
1196.9451
3441.2732
1766.143
252.13622
55.92696
14.959549
59.89686
10388.307
1305.0653
1745.7191
7560.863
3249.1477
1358.2375
40.75343
9816.428
1313.6614
2487.4238
1339.7307
1531.4744
1932.6644
17253.121
2093.6987
433.9288
3046.023
1033.6129
705.24316
31.240488
796.19275
241.67625
4311.953
1689.8522
11092.238
1461.1249
856.7589
1844.2793
5650.0547
11123.9375
1408.7393
1500.7616
2370.126
1148.6703
1162.0448
1899.8073
2251.2212
1933.8723
125.90368
447.64194
8236.467
228.71346
1534.8491
2121.3582
30.363468
1112.8026
4908.466
84.750015
207.80362
3451.3809
5098.9146
2858.6152
8650.147
25175.506
153.29907
366.2166
804.1747
834.0849
222.76651
52713.293
4824.735
900.6097
76.97522
8.898936
3564.8057
557.41876
1235.7242
4695.841
4.088684
47.712048
396.1356
175.57922
42.66287
1480.1637
7270.0786
37.373497
6174.5547
16506.793
6164.2056
1293.2207
463.24933
1355.6273
51.83609
2768.0115
62.4045
817.0071
1745.3545
7027.3906
2644.2896
81.53334
1235.017
586.7972
1593.105
4430.604
1807.3896
856.993
1572.776
428.7055
3340.8518
20.679672
4172.3096
1054.2861
106.78237
32039.94
1316.6473
1562.667
2450.001
9.178696
1091.9186
790.5219
25354.795
1562.645
770.7105
2138.0444
2211.6912
2746.668
1455.6372
7271.038
10.751498
4811.4917
1625.7953
1389.7522
7.8415008
8479.98
3595.3613
1624.6641
3712.106
2476.477
17.298553
1450.5131
866.58514
3663.0298
23786.137
27421.14
8916.18
251.88521
5577.4053
272.8377
77.5191
26.062513
20820.555
149.85205
15.776911
11126.046
1367.2751
1044.6189
10196.989
2618.8552
984.3841
162.36754
794.8959
915.8851
3139.7266
190.52304
162.71169
4719.1577
22016.215
1214.1053
3754.485
632.9655
139.18262
777.7054
859.0991
1322.4496
735.5384
2558.1729
99.47398
0.69802856
1404.7122
552.60944
6876.9033
717.6101
2634.838
443.8483
6310.266
2375.3667
2888.7783
922.46893
1946.0399
6267.2812
2786.113
210.26677
445.96692
3000.9521
1832.0266
1625.5692
457.05902
122.003235
109.315994
1223.56
3192.392
53.669514
6663.0083
4241.4604
22.314661
1251.9066
4935.276
1592.1641
218.43204
1371.7502
1586.551
257.46945
769.75024
30.812714
2.1751027
69.52306
1600.1921
2661.8735
434.03976
7353.2417
11634.547
26.48857
20.79445
1223.5723
5015.4365
4798.4272
8978.636
107.44537
72.71154
1541.97
1815.8862
123.56643
1493.7277
3934.4316
180.57414
4409.247
4119.0596
5512.8145
679.15753
7452.0195
14225.478
1669.6053
117.71154
1898.4257
4741.914
1046.6625
4625.242
4282.749
3882.523
55.402493
109.61486
3432.988
1468.6774
1591.531
5128.187
1548.5099
6185.155
171.25023
613.4838
1193.1781
53.98633
958.32355
4960.877
114.15517
11.023878
259.8667
91985.21
852.6709
709.6602
41.245483
4230.4727
749.41077
3242.7573
2042.9117
558.63586
971.49493
1662.1956
902.94464
546.39014
42.941578
1674.2551
6528.383
2660.6313
1490.3694
196.94707
10892.027
1408.3788
401.77145
689.7285
203.21327
8469.012
756.838
640.14624
1962.6595
1408.6182
4288.366
2678.2263
96.66955
817.228
1573.4841
226.4851
6528.1406
705.1098
4823.924
427.68292
1953.7336
1673.2423
5292.4033
173.23149
3478.1145
880.9971
2354.3289
553.6319
1874.2877
723.73566
5005.534
4262.3057
2205.5535
2782.0708
81.246185
1799.5238
185.69217
1611.4358
2027.0927
1211.639
10398.831
4011.2866
3505.0686
2028.3645
19.41063
20.982557
669.69183
72.82593
45.17713
691.1735
97.71352
582.17914
3814.388
2522.4976
2278.4373
54.475414
2094.8591
1066.7158
11323.042
132.90076
312.0211
1942.8588
62.664173
47.969357
386.77414
69.63021
102.68487
1395.5098
317.85876
8396.464
1300.4204
86.65419
2020.9438
7857.164
2633.1875
1612.066
1233.1582
6919.4756
2185.171
673.2043
92.23008
1580.0059
18.330397
6601.9927
2693.0803
4380.368
2950.1003
1794.4512
581.35095
1058.109
1525.418
58783.824
181.69035
203.95523
14917.565
42.157738
4161.8604
696.26624
5.821869
3346.6582
63.166348
2475.3545
986.2138
760.4427
194.46335
159.27757
65.41701
754.38715
199.03185
21943.734
194.33455
8521.021
10348.201
148.11264
6517.0874
3053.7498
1453.9758
4296.851
1053.7734
856.341
22.130243
974.3875
42.608177
21.907932
116.50895
1482.5845
1052.308
440.07828
2467.3096
4001.8506
22.556583
6010.8403
1882.1431
1181.1813
825.876
898.69403
1592.0891
1400.8363
942.1832
36.60371
758.23505
40.765465
3410.9792
2758.0698
11.239514
1203.9609
31.437845
3197.226
750.7772
5206.5127
116.266365
4566.4517
16.509418
28.552
6717.9004
995.46094
19515.406
2000.2874
688.1266
10.26133
1225.5756
1338.745
1572.5237
454.5671
1494.0342
1549.1405
16234.354
24.51186
4849.436
1274.218
1577.7819
212.61552
4305.7383
36.764156
4724.6045
939.47675
90.56181
687.7992
630.93555
13199.12
2806.678
709.1802
2505.1167
1575.6971
2264.2593
63.727997
346.41208
2016.1307
3033.003
18637.184
3261.0208
1943.9136
2513.7473
9563.721
1467.3877
1351.332
35.106995
677.68445
1401.6042
1403.4824
55.437405
1453.3861
835.84534
106.47524
1974.8395
6624.825
3674.7656
5595.97
119.82808
2934.601
1373.0691
3444.165
30.202574
2536.4136
2315.571
19337.64
19927.375
976.7286
22137.875
1585.8108
21.957685
4114.0234
3102.9812
57.04261
23.425917
476.68222
774.96436
115.01103
2321.4058
5563.027
1742.2495
777.06006
3900.2258
2538.5437
1417.4808
2668.596
2924.4941
437.63004
3906.2444
88.06835
2905.3364
983.78204
18107.652
216.95784
1317.0211
13298.324
3278.4338
94.88711
473.0415
27018.473
679.64514
1343.7357
1629.4032
774.5741
4469.0
63.70224
4405.9844
622.5056
930.9728
99.2837
860.1287
94.75764
2431.7747
1621.019
2270.5754
874.43085
950.5983
11211.305
2528.71
363.12622
566.7035
1350.3973
108.359985
1535.0582
23394.885
4289.079
30805.578
4414.5625
23.836632
449.74936
1897.2806
1408.8114
4340.0347
1202.8187
187.0422
659.851
938.1673
2398.3767
3175.0413
1141.8512
59.62981
1366.3176
1241.8357
2361.791
3513.3472
5785.887
521.92865
6611.202
5684.2886
10663.713
613.5345
8636.881
2739.647
225.19759
1863.6364
2310.0366
44.241478
1722.6672
415.6332
12119.913
7915.006
4304.0435
751.7036
9206.557
2405.005
886.9484
1743.6731
926.0756
44.772736
70.55281
13807.724
6179.2686
2570.6353
462.24982
2249.47
605.4245
1881.6594
206.44302
99.22417
156.3709
17.368078
326.89005
94.17152
651.93115
784.0133
2245.4507
73.63271
185.44351
56.241962
970.9718
551.75525
1611.6311
1165.5658
172.76111
353.12616
100.59899
1133.9899
4377.676
1895.9661
196.30434
6008.6113
339.7906
1338.3193
8.479266
571.1803
176.9084
126.82853
102.569695
1201.8646
682.32904
2631.101
28450.812
2027.4758
1870.7172
29.826324
2054.362
437.83478
203.94737
3029.164
696.0195
1287.8309
1496.4358
293.6356
1541.4218
53.086212
91.20011
4136.3384
2149.4539
1351.313
2440.715
52.599854
6222.716
820.1092
914.49866
1159.3464
1682.6815
1014.9372
2096.2332
72.75124
3948.3213
415.85532
1662.6172
19909.549
532.0205
4.956009
1652.684
977.86566
56.84561
631.70917
22.131033
915.4665
4706.519
2246.3174
927.5013
2011.4495
9568.197
45.98512
3634.5134
770.46533
114.25659
4097.165
32.69569
1414.577
411.45993
2502.767
3008.505
273.76797
70.63474
1482.9155
42.760128
96.9303
1308.7665
146.9157
1015.9876
987.05
1054.3983
7292.5527
2825.349
898.1474
60.42738
3281.9922
110.78235
1344.4144
50.59245
7327.7183
89987.42
10.959373
9444.57
19534.148
1479.3079
242.13687
16.845966
1752.8463
125.890724
1747.834
1603.9564
253.82962
2356.4265
26.570484
1750.7557
124.34586
651.63904
2597.0964
2726.874
1068.7079
970.87335
27.289259
2963.6333
321.92416
32854.52
9.751643
55.005726
93.84935
13309.515
393.0649
547.5505
942.2332
5077.576
16158.807
8880.031
1412.347
1629.2948
4031.136
3557.106
1213.5729
17491.402
1645.8086
6328.8564
831.9088
576.83044
2720.1958
4010.7375
30758.879
3966.8809
30.03363
2059.8198
812.2247
136.93558
1736.1328
1793.0833
2016.1462
327.5094
949.5135
672.05634
30.95116
3492.7607
140.5744
677.049
1559.2686
3011.38
745.60455
5151.9385
109.19136
74.56458
367.3243
76.22797
2935.5007
195.79378
1157.2356
1640.5525
88.68784
38.13964
26.227833
46033.9
1783.97
397.81955
1181.0414
3.131642
179.28928
54.607876
1253.125
63.170788
864.1188
14.595548
1509.9735
387.69342
505.36826
756.1063
14573.203
12.041324
1289.217
3854.7917
1922.4521
2961.87
48.514603
43.54938
1051.1292
71.75671
23863.965
1154.5266
16996.66
21383.865
9684.534
1149.9994
11229.016
857.1616
359.31894
866.8092
8846.676
3523.1448
10915.406
6031.8955
1332.1136
6232.9297
214.83833
2750.8867
2156.567
137.39145
19.129549
104.13905
1475.2753
446.5467
3313.341
5.859108
3106.5981
22.851671
1917.4187
2519.9033
948.42755
162.2979
125.79215
508.20474
1307.3688
1495.7048
187.78178
2643.0195
6720.6396
733.11475
10255.717
399.0556
3883.214
32.970745
2794.449
1790.7479
3314.4805
1053.7831
17590.873
12.945253
13629.887
1503.8706
228.31621
1160.6366
1029.7716
2296.3342
605.98627
459.78253
3260.6074
466.72632
10.80737
169.63933
1740.5334
1165.0892
4450.6006
76.190094
19019.77
96.411415
19.183512
507.3753
2761.453
2059.018
5200.9927
15116.059
8978.521
2074.948
1083.2953
18119.29
67.919174
2219.867
4498.057
1900.6611
1304.2596
664.5288
5830.3022
105.53013
3166.4758
7827.6855
3247.7244
15191.297
5356.629
7.198663
2552.3362
3221.9004
23459.605
2973.0552
1137.6552
1829.9027
1411.6127
66.896385
16412.38
154.0506
604.81586
4032.7844
13210.108
30.02924
79.662125
1365.1283
53.540577
314.46854
231.5689
948.6959
2736.5046
2973.5771
3483.4058
20721.182
1529.7454
3370.497
2438.0298
64.1764
5803.772
54.24597
5144.3564
876.54706
3147.607
2514.3965
1291.6467
3188.3748
28.618183
3354.993
2677.4565
3821.441
808.8597
88.09066
874.15546
825.3962
2089.069
2557.907
1751.667
1093.3196
211.37637
2646.3047
1324.5836
45.984608
1147.5658
14805.807
46.764843
11654.301
1070.4642
32.02177
3574.775
77.54013
9556.681
3390.3125
1259.7184
15444.262
1224.5302
1935.1041
74.461975
983.1046
1482.4535
274.9321
1827.996
8955.808
177.31125
205.01976
10.972896
1946.3221
24580.434
2047.7311
6605.871
53.339558
17.468657
4531.654
2954.1816
4126.8574
1875.158
47387.76
616.76483
1549.071
221.17654
1206.9957
39.58906
10356.827
1068.8245
6127.743
88.024666
6942.9746
104.87508
1.5387207
2714.9072
2436.692
82.31802
215.19385
405.44943
20.377237
103.199394
3128.6401
2674.5884
1334.9236
8.750584
3214.5789
220.87584
21322.65
154.75497
3819.4653
1948.3129
1647.9843
5008.0806
1050.6337
4820.802
658.45544
16.251575
1601.874
1969.5161
973.7604
14.746747
105.725075
2097.1763
13584.734
74.69361
189.71062
216.98161
3838.7412
2502.7583
20.053616
879.22296
3615.0164
44.39195
6547.4043
3098.7168
1021.77356
1577.4749
1445.1047
51.24945
638.25946
1082.9282
3243.125
2261.6353
771.0949
5392.202
413.90268
18.259506
948.7176
593.24207
3165.0293
2908.1338
2010.8832
550.0199
1071.1069
1272.4674
9696.489
3044.8936
1163.4391
69.2889
97.23901
64.22812
10728.953
1225.4092
2882.0862
49.017406
72.92671
1339.1542
2887.7576
147.9113
375.94247
4281.0635
880.69305
5.896361
169.2599
1579.0479
4108.372
489.3028
703.3285
119.97457
23466.885
1451.0852
112.73112
1028.579
1111.0677
299.47556
1877.732
1111.6056
45.63157
4929.482
747.2472
2707.0908
3132.958
61.17859
3267.372
1646.8525
150.76933
718.79364
1597.8068
174.25523
55.66975
4016.5835
422.4182
24438.764
372.32593
1413.874
543.9669
1591.0729
2729.4087
397.54843
1040.7249
1317.5991
1937.525
3882.4702
2320.0457
4074.8394
2123.879
943.5295
1700.4172
4.6558914
1379.6119
431.1899
1422.2671
11748.85
100.75608
437.197
2994.266
17.794325
2955.8462
4125.907
2777.983
625.97186
47456.64
138.08032
72.544365
116.84164
1166.786
21.674423
1241.4003
390.78488
241.96602
2423.6216
1235.8815
5739.3545
139.56679
101.72029
1727.8524
44477.9
740.17633
17.66947
143.00912
20933.096
3288.7522
571.91016
43061.805
2472.9766
14879.006
1337.5591
58381.434
5501.2617
1647.8821
2225.0037
2525.8943
1462.8079
12026.822
1906.3031
7218.416
49.89615
1086.2426
713.053
1407.349
1329.6766
1219.3905
178.54291
737.77576
3795.6782
1091.5724
1108.5206
80.773605
195.36406
904.2599
1410.5839
1719.1741
1839.9305
317.44955
13077.122
1565.2151
2734.5835
1012.4103
6910.8286
755.3313
4568.171
274.27866
5351.822
1352.1136
2618.896
486.75635
44402.277
29.617233
3337.6377
2217.7986
87.72137
18.250378
565.52
3605.065
4242.2954
8719.088
79.19085
7539.67
13618.15
827.41815
2925.7747
2099.804
317.22028
3463.5466
89.40254
9043.152
2149.9675
1216.2146
1789.816
89.95019
57.193085
6.8266206
1928.6572
2084.0466
2807.213
3066.3652
446.52542
105.25144
6504.078
38.45937
77.15194
205.94908
3794.906
71.38402
39941.992
585.9528
408.1583
1330.3708
2409.841
1696.9205
20.82222
2530.4614
13598.099
3811.798
1245.5718
2047.1155
503.0147
1346.2273
1646.5438
96.37996
453.19308
45.628162
2624.5808
1546.2181
1278.54
2483.704
20520.236
548.0072
13891.667
637.25214
1978.9908
934.4056
341.73663
7267.8525
83.77464
2811.3657
2035.4476
1701.4908
1141.7047
5200.2793
55.70442
2708.9705
2610.4053
2079.4482
8374.396
433.63525
347.37512
102.13025
2003.0009
11965.16
72.64602
304.82016
5343.4346
209.1128
60.87588
1344.4939
2337.1538
10.874518
1094.533
10710.573
3773.8
1173.8582
792.9414
160.49745
33.801823
173.78214
9788.251
4605.152
1151.1589
1376.2395
2754.5176
2384.6924
5413.754
445.1958
1104.295
20.894428
7121.374
666.4579
645.16455
1846.683
3451.462
3580.7063
687.914
1278.4305
2797.0103
2053.7427
927.51807
6123.5703
2959.1467
3764.4502
97.98375
456.95825
68651.99
3967.9753
4084.48
2804.6895
939.88245
871.68634
514.3384
1537.1957
5109.087
224.56018
291.26953
1208.6039
6938.502
2921.482
1753.0527
4145.351
12702.844
2034.6335
1072.754
2725.2512
180.16011
6.9235153
1398.3168
5960.0693
3417.562
1739.7788
3774.1084
1900.5337
5810.3213
389.13107
165.31618
2171.6934
113.20684
4.0874724
12588.38
221.52567
226.04883
694.6752
510.03464
87.176056
489.89166
2708.4348
1274.8691
2702.7131
831.7853
481.7018
1325.0173
1416.0535
1076.0537
9570.345
1047.9606
54.452236
772.29846
4384.379
9409.61
302.16135
1272.6981
181.92442
555.65546
4712.323
1454.1588
5438.833
1704.6848
13830.844
1141.0975
453.21313
3778.376
1422.8954
1904.4899
3827.5886
1459.7782
3138.5679
2423.9956
1787.6337
248.3875
468.92627
62.36924
107.29174
29.872711
3569.8208
3519.1528
566.505
1720.8528
1249.5872
2126.2183
105.36973
1989.1265
3447.7861
28.55612
764.4915
611.1076
1292.5728
2282.1865
727.74786
45.349567
60.251873
964.0617
50.728634
1936.5432
1390.3613
110.88059
162.18962
45.38961
13.977425
111.47149
1213.065
2039.9059
625.31085
1933.017
1750.6223
4443.687
4805.3057
566.0986
983.1323
14409.082
2291.1968
931.5429
5772.3657
231.44054
50.705433
595.7492
1488.7222
18.635035
2552.5806
16.89482
1515.5991
72.25342
7.5194426
6917.7163
0.82355976
1391.1881
3214.1956
908.22864
756.26495
450.46884
1490.2776
903.38446
1931.7479
2074.7646
1413.659
2064.2625
1530.516
395.12286
58.3573
683.6653
25.099375
47.073597
3263.6775
2277.4983
163.76012
1016.9874
10577.048
61.54719
937.6046
1099.5588
1519.4012
16403.56
3942.6797
2498.638
273.2288
132.35878
106.8811
3254.6465
686.71893
104.50783
2930.694
1432.9219
881.80176
1063.822
18911.059
494.5415
1367.2604
290.2529
1168.4597
5540.064
30.411777
209.11575
36.936928
51.228962
557.9186
2681.6235
35.184895
1643.0087
3466.866
2389.8025
1758.888
6265.4155
127.092606
66.411705
1344.6622
41.69535
851.9409
893.7287
8167.3687
1382.7106
417.62158
287.51874
23.63687
941.51483
3120.2578
62.875835
445.37082
699.7501
2974.6628
2599.543
2952.1914
1567.2362
4189.445
4067.748
64.630745
1880.6522
34.95944
3318.5483
1905.7063
2122.6643
362.7153
108941.71
1124.8622
2212.619
1636.2477
731.2614
4474.324
189.76538
2567.0874
160.08493
783.7041
417.91885
3049.038
4171.8203
837.5543
2492.1792
446.40485
26093.031
115.68725
2216.1016
4202.1763
5517.0796
48.594215
44.43745
1235.7926
3542.4504
117.11239
567.80066
153.9596
83.14514
29545.246
2205.4534
6200.428
29649.234
67.74197
1192.8092
1218.692
382.67932
4627.112
152.28644
1337.1469
2567.87
1254.5764
596.5676
8.5202055
2742.055
6038.029
3992.9023
6092.9746
56.68186
2556.7944
1127.0819
5025.9146
3059.5933
105.45752
9008.86
5393.4316
1547.0287
250.23103
1041.8805
3114.7144
646.1906
59.007458
14342.432
11662.245
1084.9031
721.5623
259.88705
3562.248
14328.215
97.5124
75.02806
3118.9343
27.79074
147.78839
588.5779
335.57043
2534.9658
3658.1387
3061.8896
1789.999
8427.226
1708.9453
6734.085
15.430989
26.233707
1381.7616
4021.1055
2999.1685
54.477486
5470.9863
1543.5026
894.37823
20778.773
31.89253
3551.2783
2355.5137
970.4904
55.81629
4993.2173
782.3008
1393.3177
741.0575
3776.537
1052.7388
108.26397
2952.3857
128.39299
9696.842
8847.445
27.687317
3585.9893
47.330437
2863.1804
5630.649
1571.1686
5391.444
609.7845
1386.1322
261.4953
3092.435
22780.277
110.16314
29.09625
2770.9604
1280.6261
1120.1593
1554.3689
3692.1978
39.16345
225.03577
1648.0797
3578.95
160.45647
42.753803
719.63007
1416.7067
2515.8818
11.982088
3295.8074
47.621742
71947.64
10570.834
53.318092
1038.8892
481.5377
2940.151
44.557087
757.19476
1005.60205
4057.579
23516.754
1011.5553
842.04785
1573.8423
1199.2554
22105.541
2838.2266
186.84888
205.20303
34.870144
393.01096
621.6035
359.63007
457.5919
1480.9213
3160.501
246.0844
1126.2465
10516.099
2523.6157
68.10374
4538.0684
1233.8887
17.968336
1749.4271
6304.7393
56.77665
98.9132
1232.0314
1167.8461
3395.8
7234.127
151.83252
103.34718
2816.6062
3405.4558
1550.1351
3129.849
297.1337
19470.33
53.060665
141.68962
1933.6605
1712.1182
26.998432
1417.9272
55434.918
525.7194
1810.6389
1510.8203
914.73645
32.667778
1328.3215
1632.0421
669.37274
47.745342
8835.286
577.66565
1483.0377
3136.6772
123.456604
113.82417
12108.579
3139.0085
683.37775
1588.1471
2158.902
339.37497
270.33066
2723.0637
2675.9473
6495.274
181.60664
1234.0128
222.06491
1029.6492
789.4137
2359.2231
2143.4712
2977.0977
298.0833
109.03231
11825.625
5720.495
1236.6083
23.344004
0.7742508
304.40738
34.824
3142.6343
1196.7936
2072.5242
192.96518
992.07806
1625.1503
3168.1968
4299.959
6100.9463
2322.0146
19267.818
2391.8691
10803.0625
1195.6216
11553.904
2941.1833
2361.4744
822.6849
762.0212
520.8525
1542.1095
1620.5946
4394.779
134.5952
386.8342
951.21075
1128.6497
3499.1277
2478.4
1885.1516
502.00595
3353.049
1597.848
854.91016
805.7861
23.259903
1952.7847
1494.5173
55.721943
4015.361
198.42265
54.726482
36.628975
271.02075
73.30908
2594.3948
608.5838
523.86456
6727.395
3551.717
2715.202
83.19259
15.802501
1328.151
971.5456
99.058136
649.0372
648.9778
966.7652
465.31076
7988.181
818.59454
3846.6328
799.3011
429.40005
869.83905
865.0003
2804.7212
4461.533
3079.4172
1452.0211
27571.041
96.45236
44059.773
682.54315
442.81088
36.39868
330.27237
406.9342
57.495136
7100.131
1703.4011
1607.5028
3794.6995
2943.9456
3103.354
3321.5674
31.130173
3383.48
1087.3167
76.1121
1847.8961
4255.7896
12940.693
196.63768
3496.8591
540.7167
2283.0413
1384.5388
13698.375
1143.7799
1351.3052
2498.2764
7115.8027
1564.8134
1152.8036
122.266106
3184.9111
1722.8364
888.94464
31.857985
685.11957
89.96071
1279.1841
126.969604
1124.846
7.851238
46.553783
6988.3706
42.50121
129.53723
3847.8887
14473.925
2224.195
8989.906
2278.251
2786.1982
1976.5157
12817.213
1240.8116
233.94511
9.1239195
3860.2375
276.4769
266.7521
2393.298
841.20404
11102.568
20536.492
643.6369
1931.5159
53.01197
1.1998345
123.8865
20.54879
51.88498
62.673634
3159.0303
4905.6055
13507.99
550.50934
27.792515
74.55574
1159.3945
655.7542
3219.3525
118.60287
3596.219
20.154932
16.561134
5026.271
1768.2134
2176.784
5186.8965
259.0379
1157.6713
69.02124
819.3779
5349.158
3453.8643
28.029135
39.892376
570.1015
3004.8494
68.04358
104.77411
4235.8516
798.65576
306.18997
1479.3352
781.1961
267.48883
62.902107
47.74252
2539.6877
258.04202
77.32653
24550.121
1219.3584
13671.652
1232.7162
2602.5981
114.737236
1724.5725
1621.8207
1523.254
27377.812
3937.3513
21.543852
9545.786
977.4717
2193.78
11.236939
1509.6409
6892.806
29.521841
248.09062
1768.7411
4931.4805
1050.6113
732.0097
2689.0356
1431.6414
587.79474
16.645702
33.24623
4931.594
9.061658
516.1088
91.122925
670.19104
9445.617
1583.3158
1565.2903
1997.9382
1061.7346
6706.822
54.659634
1770.05
743.92194
678.486
1269.9478
73.10704
7510.7383
63.080444
15.216745
314.03824
280.33493
15393.967
1203.3832
2110.7283
4893.3784
51.78326
5877.0938
5313.404
1437.9698
2775.211
5438.177
182.64648
9.859877
354.07425
97.13875
217.32877
29224.932
802.80786
102.89978
84.05262
3877.4595
472.6976
5889.919
937.51074
9546.389
2593.104
84.50521
1958.9471
2231.109
3037.1963
1219.5323
15.073053
2040.6665
428.05786
469.56372
1219.3759
182.11008
1213.8795
239.5644
636.62555
82.76809
250.99596
1011.8686
234.72595
58.88351
632.0122
1516.9169
5001.5923
926.4549
11277.811
520.61975
13450.953
200.1514
6737.001
89.503044
685.02985
1002.44086
21085.465
762.5488
77.306625
2396.6157
1289.324
11.238283
1103.5176
30.711823
2906.4016
7958.606
60.009724
7371.458
1632.1887
2218.8367
197.3021
32.225605
11583.289
30.545118
92.48466
900.99445
133.41136
94.15169
1374.6602
2906.974
1977.7136
435.97214
65853.88
58.814217
15.4607725
1757.7207
1330.4667
115.899925
1828.208
595.30676
2829.9077
7348.751
455.78775
11365.376
72536.94
689.0001
7030.152
842.16876
6338.2744
50.89941
1063.1044
868.8291
1132.7994
932.5927
1577.8522
487.44708
32.794632
999.7126
29.795557
158.36723
3921.9204
2802.6135
12381.35
1330.6887
1626.8381
2219.648
20967.736
17218.52
1122.2559
86.36441
2900.0256
34.94742
6538.267
681.29144
8740.75
4818.007
1226.3383
2320.3474
3062.875
3025.1055
691.85297
3205.3826
1024.3544
8154.297
1063.3934
1084.6111
106.82597
145.8105
53.176876
303.6719
370.47745
2819.2173
220.02666
1292.7168
1275.8759
15922.992
1372.1716
946.27997
1201.387
2652.731
23448.402
8565.167
62.48518
78.109665
1434.6605
2188.2476
3223.7405
217.69307
45.32765
549.2697
10412.07
2453.358
235.90926
8084.6743
3146.2583
1002.35187
1170.5659
589.5849
4620.418
2055.7546
4385.5483
4274.6997
1021.60693
721.4189
1604.1918
2572.0479
25.961561
1055.3221
52.413002
22.2394
1675.9563
4778.217
1023.4041
453.2289
1436.1035
12565.329
10518.445
647.3674
39.424995
811.0553
120.22508
868.06555
3822.21
109.84772
31.779837
62.44861
1532.8137
234.96585
1305.9366
7658.458
1512.9332
474.1966
5519.8716
6352.462
13.064229
842.7365
57.227467
1649.136
221856.22
13685.343
12.395441
70.07053
1228.736
1693.8215
8803.669
1623.5377
5713.9014
112.66345
3751.6306
218.84758
680.87604
3780.284
309.8121
16.799793
6370.8945
2109.7358
2422.6113
84.472664
112.979355
188.8691
867.33685
1422.3948
8273.41
64.9077
233.0555
623.66064
30.481922
20317.854
73.69142
11809.612
5051.172
1347.9117
809.2072
832.4351
1021.60724
1525.3312
603.4571
496.14987
94.76946
38.410076
1628.5709
88.658966
8.512473
104.91691
1983.4625
811.8076
4230.2603
1437.4375
2239.1042
3284.0618
3046.0266
3352.0986
6985.2637
5527.37
206.48311
4125.594
2077.7947
2829.0273
1333.5215
3390.6738
4006.2827
847.36444
181.21068
144.17561
790.7454
117.68505
2303.8484
1261.5453
94.9674
13946.108
1830.5093
1175.032
1464.8208
1458.6522
2620.5835
2258.1162
1521.2325
918.42053
78.66022
1146.8378
19731.844
391.95248
1817.2838
338.04953
1402.5404
2706.5479
324.17773
15.602681
3201.444
869.0475
134.62372
1065.84
2549.555
1160.4076
23985.707
1044.0118
5.4874105
4401.559
1047.4589
1606.1484
2289.4326
18.077095
11560.984
72.14883
2452.6892
2735.4404
40.07118
11872.406
4591.4985
14794.301
1203.3788
11327.629
3682.2024
60.405506
4248.4326
1865.8949
1152.0549
10.933823
284.64767
49.333843
529.54694
2555.3613
9862.996
5173.813
5964.5723
836.9655
1359.8687
836.4609
1648.7919
139.64885
139.69724
82.812744
2534.287
2815.231
155.49063
165.17552
123.92504
4750.289
5259.575
3240.8457
6.427388
3528.4626
18.41316
2673.0703
1353.4573
175.99168
2904.7056
200.033
911.60803
1148.3939
937.8574
673.8503
1115.0975
1068.675
3482.3337
10553.511
106.260796
2920.813
7027.138
1450.6693
42.65933
1036.835
2622.0698
2945.0623
194.4167
797.3566
1336.3613
6322.7466
1378.5896
3229.8447
47.787212
2661.1963
397.736
2473.7966
121.973785
923.9249
6474.5703
56.375515
642.11163
212.8842
2547.0388
2531.9832
2842.0967
1472.3413
5434.71
2188.1025
740.6827
2645.992
5316.8154
4248.1665
1036.4988
3245.8423
3235.7495
6004.174
2193.155
144.22646
11465.279
721.73224
3132.5076
1471.3385
590.72565
7204.584
293.64337
2802.884
135540.97
8.198133
1464.8705
720.7199
190.48016
1327.4493
74.94262
1371.8568
1663.777
3638.5508
3481.4097
170.67436
2663.5166
52.572285
63.582153
234.53738
1640.4529
4189.377
38.296986
130.54082
179054.34
602.863
419.0916
103.81022
1617.1244
362.0336
5.4621124
217.4536
6282.7676
1403.6752
1052.555
23400.627
160354.55
31.736158
616.13104
115.45215
2751.229
14747.964
365.54523
1.0702453
222.56152
3.3555374
3560.2488
258.2638
293.873
1509.9349
5250.294
598.4262
91.55607
36.79111
119.66335
2970.129
573.3957
8271.788
10423.384
4963.4644
37621.527
212.52747
6080.967
712.47363
67.29452
683.74457
2655.9102
2050.6802
66443.07
12.021146
655.4787
28012.805
50.11073
14274.052
527.2345
2015.6584
1131.1029
1653.1119
3609.2258
944.6134
31.722015
2511.4314
321.0889
403.42764
20.684202
299.20798
175.98915
830.7457
794.09625
4390.377
30.742908
2213.8943
172.89803
7061.283
7066.8423
1755.8552
2677.5945
201.2573
657.7132
2960.1968
18.50517
1182.9032
790.8743
1086.7488
637.8667
1107.0399
2418.2515
53748.81
3991.2888
751.16284
56.318916
8660.315
1881.4072
685.4329
32.49289
1683.3118
7789.4985
78.21757
1162.5272
2423.648
875.8011
3077.519
1640.4983
594.1474
1108.6536
58.49325
1386.2345
40424.617
29.07642
945.8774
3990.272
8814.779
70.182106
717.11163
1595.8961
13030.07
61.035183
180.42271
919.86957
1138.7302
296.76764
1583.223
2065.2146
814.11096
51.353992
84.73583
42.7547
27.116352
1149.875
1304.7662
2534.0813
4476.1895
10038.088
4309.391
689.78766
1509.1123
3307.189
336.42422
44.98938
5956.037
10472.4795
3723.204
132.68254
88.38473
1218.217
1858.6549
89.22027
1151.1288
12011.24
630.38763
620.80115
260.439
1251.9905
4638.089
456.08618
657.62244
988.93085
25.908405
1225.6825
4716.62
2657.7395
1479.0054
1444.8185
1342.9972
29.165333
3554.564
1387.5107
2836.374
7697.2734
12595.295
150.574
1460.7112
1508.8378
45.09669
34.27328
1162.3534
165.16434
3666.7793
14852.705
48.61203
8959.623
565.8513
2255.099
2296.4338
1860.5104
7633.234
456.85474
408.28946
2822.9756
3609.1628
82.76872
2871.125
3915.723
4122.1895
131.61443
45.052483
580.338
321.83884
1313.3613
173.52895
1615.4252
291.5626
318.9821
132.27953
10032.733
4142.825
39.614685
6027.253
2860.0884
190.22128
1503.5944
3078.1455
352.8387
245.2533
4387.717
6307.8057
3271.648
1422.3658
336.507
4271.0444
898.4373
3138.27
38.6751
2818.4592
188.85883
427.08334
48.147373
883.11224
351.92273
533.9788
2359.4702
809.54395
81.577286
61.857735
770.2515
4660.6113
28.67874
6435.2114
4519.466
3073.8289
107.8588
1391.485
886.3558
1060.1224
271.43198
220.46043
1205.732
181.0181
933.69006
357.19934
6683.7983
41.073414
352.33917
1498.8163
572.4623
3199.1384
203.00024
68925.79
1365.7988
15840.014
64.36675
775.8271
1114.726
2279.4082
26399.96
53.919056
907.45776
1894.2406
266.87332
351.28156
27814.1
54.62547
1388.7904
70.619675
594.1365
1006.9761
2633.5364
68.29299
1243.364
870.8981
7.0999947
3699.3423
19.555904
20131.227
13527.612
5174.476
1796.1399
2774.475
2774.1802
220.76805
412.60852
1514.4038
512.8885
1451.032
768.14404
783.66
4463.3706
685.789
6662.9556
680.83374
1038.3824
1255.3684
708.6089
2243.2122
55.85284
131.73167
5416.9814
66.44936
2950.2322
1044.264
3024.4792
1862.8499
5183.156
1684.4602
2242.0679
1405.8118
3094.8093
3206.7988
1455.6238
2111.177
3618.2456
73.62015
3839.087
62.697083
7.558754
4834.301
8217.955
3456.728
13507.492
954.85266
2610.3794
89.65735
1102.9426
2058.5332
5188.413
3777.3066
2883.4587
77.23071
1403.7546
140617.23
1514.7981
67.26271
1287.1576
12266.564
695.50214
2134.9395
1418.4628
2390.8833
434.155
954.9261
3095.9585
878.0416
96.63453
544.0842
890.3173
1053.9408
12794.637
2160.8315
2095.4841
2114.9824
1.3834156
3.013114
38.984497
5078.932
1557.132
1381.2424
2177.674
57208.016
1232.9114
3559.5044
213.9455
1649.335
2651.925
1749.8036
609.29456
43.695946
134.61823
62.127735
49.270218
120518.08
19.007465
3053.3582
10592.15
102.00483
2083.5278
795.02594
8257.539
975.4759
688.77673
1398.3505
2420.2896
738.81885
607.7072
7067.324
179.55952
3863.0916
3356.0732
4397.83
1595.3842
3584.8384
590.412
541.4032
1526.7845
3370.5344
4443.65
5613.688
2577.588
1232.4832
2587.4421
97524.69
2012.6118
4247.562
2328.0828
311.9314
14224.031
370.76627
686.89484
16.567123
194.94041
574.37836
