285.8129
60.161324
312.8586
455.9459
2402.074
1810.6229
495.45596
2387.058
1179.2006
2463.5044
1267.0521
5095.2974
13435.079
467.26767
1972.911
2631.7842
964.6976
5168.6943
2795.8928
325.32797
144.67282
187.35263
1121.9817
1197.1036
2856.817
83.098694
20518.518
9036.471
42.503853
3543.5405
1535.6083
3041.7756
859.24084
3098.3481
224.04471
91.83003
6728.0693
186.66048
715.78687
69.80922
5191.9995
3253.3882
1304.3717
92.38385
10527.945
2.7634125
75.67201
5711.635
391.228
709.61035
3484.6152
3272.8643
96.471725
4376.042
703.21185
2.4967713
1373.5703
100.4338
708.66315
96.30814
12641.078
1130.0212
7000.7715
4317.3013
86.37455
2348.3113
81.00012
203.69884
3405.6355
202.03325
4208.0396
1441.113
416.23868
2392.9626
1093.3982
2670.3828
1108.0518
1314.3804
3069.9036
5885.0215
14.772754
1488.1582
153.2388
2621.347
114.814896
7950.648
82.249695
4941.9214
63.149364
411.85358
799.2041
1520.864
1202.7128
883.1284
1424.7395
1324.4639
2549.6255
2364.8904
773.3467
9441.094
792.62555
1518.0325
947.2734
1154.414
1997.5565
11391.8545
3739.8845
2316.542
1703.6061
895.1086
6.315863
23.106287
1795.2715
14102.533
686.8417
50.821316
994.88574
6347.9434
35.649883
63.128845
19464.986
1672.6488
4561.2134
3120.741
10622.612
78.06569
2227.94
1261.045
2551.3513
3018.9324
2888.4077
1595.1343
6577.826
3355.4385
351.64322
1150.8568
5983.6626
20.339178
491.35284
5537.397
2661.152
580.07465
13478.035
1178.2937
1276.745
12243.384
501.25937
378.06137
1003.8037
3646.582
5711.602
1362.3359
4194.748
1357.627
2100.2517
202.25063
84.14703
2062.1306
133.24792
57.031788
352.23666
2251.3298
27519.7
132.32881
113.28009
397.82275
203.08913
332.6037
10684.276
141.31047
167.00414
83.929825
3541.1064
4869.588
4629.302
1243.1427
3447.8604
3928.9675
6675.8643
24.887234
765.0832
2839.4773
776.55475
4304.087
1036.9408
3413.0845
42.73974
214.78087
5458.619
25825.98
7140.6265
9843.339
9800.086
1515.7158
1805.1635
44.717937
2265.604
1442.483
4425.35
1063.1926
2373.5166
46.79328
1706.3663
1796.201
1398.5121
2022.0201
1.4930573
3277.616
10843.715
273.42792
2049.7898
1809.6151
7523.538
6676.465
104.91526
2333.122
42.00097
5857.2803
277.23413
6589.1904
266.97882
43.025127
77.89864
2219.4226
345.89142
572.05914
104.83195
828.2006
33.303375
6325.9326
1377.2875
407.02704
651.9589
801.80023
44853.695
1863.0065
127.88773
9860.968
988.6058
3641.2422
2141.067
17.84165
11481.794
505.82104
25390.182
1309.4559
594.1362
1430.806
2015.5077
35.226173
199.3785
1313.8827
779.11707
8868.18
4191.561
545.5369
293.16782
2023.0436
3522.2979
12.155982
2344.732
918.2422
6206.334
1035.3447
3708.9084
9405.26
2065.5574
20056.125
206.52202
4119.9683
88.66418
3875.9185
4936.175
2841.6313
1257.5225
1107.9178
212.27713
6835.259
138.51944
5620.0186
1607.0015
3438.492
109.363014
43.191154
988.009
19946.207
570.6425
216.94377
42999.04
337.70016
2411.2917
1629.2455
3574.6538
147.84561
2251.3813
1016.33026
3590.8481
43.2279
96.51098
887.07733
1905.5172
889.10626
583.99164
1482.7308
176.45006
678.61926
4386.3394
1518.5701
39.47328
1580.6104
2389.628
1206.4325
1390.0924
521.8544
2999.2808
328.01846
3.9271424
604.1627
28.289759
5834.8076
853.9025
33.346973
6582.11
5480.4976
10590.08
1229.9336
2110.881
1370.7833
81.63762
28.490784
176.20393
1464.7393
2291.398
30651.527
660.7135
32.498634
1234.4332
613.9037
171.79404
1367.1003
34.84907
156.27641
7676.2954
17.765566
294.94388
1967.7606
3866.835
344.1695
736.77484
5577.941
34203.69
1828.6035
2221.3894
1614.2307
3755.0798
1264.6072
3371.5637
33686.13
739.6493
275.20557
16271.484
4148.603
5062.678
329.0119
4326.261
5093.826
248.73169
695.94525
1559.7083
91.09521
44.456097
3918.6294
95.62367
1391.1224
1637.0371
189.8274
1076.5618
5744.974
290.1291
354.8589
1136.3231
6924.6
103.18975
1275.7035
1253.5059
50.570755
8114.36
3403.8853
1482.5653
1079.8617
43.321682
85.203026
806.6539
697.36646
955.5422
5623.217
191.84314
3498.5815
2073.0928
1617.0339
2251.7651
756.26746
859.8309
264.86502
2877.4233
1059.332
4317.984
521.89154
2910.0244
222.98969
2830.7861
104.95943
1917.4369
3819.6484
213.62598
1490.5533
82.81681
79.51078
166.3108
3813.3906
5604.829
8322.501
335.8671
287.4219
3564.306
6008.5645
1499.7094
1685.4069
755.6927
1599.6368
169.45988
43.95712
1172.7089
1775.1678
5113.6704
93.40578
167.634
860.6896
18.916138
1169.6075
76.090996
846.85596
77.17104
154.34044
609.4904
2674.0586
205.61682
3755.7466
44.86584
37.6469
28.769117
2796.2517
66.95855
2225.0725
4302.881
32.86167
2136.8386
23.96933
61.36764
7178.3223
1127.7512
104.6701
63.248608
5303.5776
4627.619
139.664
3230.2957
674.94354
74.843834
133.53253
1123.8463
3821.5637
6244.381
6357.346
8323.439
5018.3096
4295.1104
2696.4722
2645.5237
24.228416
1992.1039
852.65546
1006.29297
64.46219
3926.2236
2387.0564
217.4439
4770.398
3223.0142
3513.0994
1673.3833
4694.1514
2743.3135
649.65985
106.85004
3974.0764
22.081614
1293.8479
2497.975
4326.059
912.0643
2993.5876
3048.6917
1228.0402
565.9407
797.3896
454.25156
1025.1132
976.11487
11.216552
1559.0552
128.79553
1218.287
867.63837
5095.2505
713.20795
401.76132
5369.7725
2455.5957
848.9294
1107.9752
2468.9067
19894.652
2365.1504
1641.7578
1030.5881
4593.9727
67.60639
1809.9404
11137.3545
3701.4702
48.175274
8229.097
4506.3286
743.4708
2658.8923
416.0244
8030.4937
364.63412
19.726065
6921.757
32.08322
3709.8699
5801.77
3400.201
5059.695
3555.9114
465.4659
183.1975
107.431946
948.63837
7.6970887
741.96454
1951.3059
3031.1736
619.32935
4763.256
59.625942
3638.9624
3281.4312
4240.3623
1005.3317
1742.0527
119.17986
90.21383
3976.7476
982.28925
3013.3154
37.47427
324.26645
233.99458
499.31125
3547.593
3512.102
835.9841
4079.6133
3377.9448
3968.9392
7004.4805
130.4158
763.29065
1082.4783
1113.7406
73.698875
5615.5664
902.0793
3676.0781
1353.6501
2467.2917
5425.532
2916.7754
4039.842
1225.9849
7795.971
5210.2827
1186.5106
92600.09
1534.3063
96.35897
13210.291
97.897606
1809.8861
2251.8994
1001.15497
198.34178
3428.287
109.31807
327.3403
3181.9004
6954.166
12032.885
1916.1086
100.25748
41.050266
15695.055
2001.8219
62.699184
12082.735
720.35754
830.1972
3158.4595
388.32303
8108.8975
3878.988
36.445168
1145.8917
1969.7528
41.375072
71.97829
119.54801
525.84106
732.86115
9004.732
3808.4363
2275.418
1354.695
922.59875
972.48553
698.04504
727.72943
990.123
891.33624
1389.2571
3870.223
969.60724
3023.5146
27.684584
889.4585
126.10348
3223.3748
1440.7057
922.31415
2904.205
1508.9346
3268.885
1084.3121
150.38063
163.57579
3420.6643
1057.4374
1330.4913
394.88867
3906.09
3517.3193
20988.244
270.95807
3237.864
17116.725
2032.1602
2227.7686
1870.759
519.02277
1011.88947
1147.7926
3530.142
677.3112
5991.6147
23.794926
2.31073
4544.9736
1030.4232
152.06604
72.61612
46.07148
1754.5947
1446.112
1712.9231
1022.4238
157.32555
5160.7373
1578.1171
194.8303
1255.9261
559.34827
2179.1108
793.4944
6516.32
31.613836
1253.9504
109.629326
784.7156
1493.7776
1858.181
17507.799
199.72368
2657.9211
4415.8555
1165.9109
514.78485
9589.524
2373.3809
3843.815
7279.254
4272.576
705.2768
5134.833
232.22343
189.76791
4630.8633
791.581
2193.0056
3791.2485
2606.8174
229.28386
2547.6287
2510.5513
120.333595
7267.848
113.25087
1232.4547
941.01465
9659.683
2706.3904
2376.487
442.2124
1028.8898
2850.4678
107.25425
1467.3145
1672.2734
7932.344
1346.078
1401.4554
34159.78
8448.98
126.22085
3186.189
2731.228
1341.7241
1371.5597
946.7373
2352.2332
44.7023
1022.4536
2040.4032
54.50357
2338.0662
7982.649
799.96906
2353.6543
1454.5414
1731.2758
6753.447
2160.1326
4088.1028
2244.8066
1890.6757
772.6444
274.14273
22375.803
6093.0557
33768.867
35818.54
19.25332
5860.294
51.992138
1336.3394
54.527172
1933.4901
1726.7463
8.191333
538.2181
993.2225
5140.9717
3138.3843
1462.394
1957.891
21.881607
54.56568
6028.636
1392.5443
21.287346
2853.3499
172.51468
1119.4882
570.49725
3918.8374
41.575893
5.6103334
1109.9335
23.592026
1359.679
4953.2974
826.52405
1808.1055
3570.0015
943.692
40.87739
1150.2908
3027.7998
5919.178
5718.051
3012.3945
1218.1062
499.84006
1056.7128
1911.9666
727.7568
128.90858
1587.3129
10006.439
15.494426
630.6345
55317.15
7996.7266
274.44333
5075.1445
3634.3696
818.23737
29.78794
2689.8774
3101.8208
1347.4404
997.6017
3898.428
380.7372
390.74643
211.3785
1575.7513
69.50063
2399.5378
3072.605
777.04095
11338.018
220.05418
649.7353
581.29877
261.14474
81.51793
563.7078
9029.654
21765.994
56777.523
5357.481
139.9523
7270.1123
4404.3374
3793.0818
92.4976
1037.0266
9.688632
3692.5862
1369.2401
29.385563
3227.8318
1072.0353
677.7946
35525.38
77.64997
928.477
196.46495
1260.2369
4242.435
797.1128
1120.8231
3154.3179
3746.405
235.92773
3869.6113
7594.939
1200.0436
2321.8708
575.6772
28.001087
4172.493
198.57158
4930.0776
5324.1665
137.5335
161.83916
4.2677827
6559.0645
20032.441
233.37064
1029.1136
2160.8867
5212.2046
1859.5713
2291.2917
498.45322
14111.153
2221.159
2339.4678
1269.4877
503.5379
1505.8221
908.4318
59.128918
582.7254
3208.3132
147.61806
928.6091
1802.8057
4909.3257
1724.267
1397.3958
450.40753
2153.7217
2522.1865
4264.4023
1657.8114
104.005066
6077.6304
1517.1895
1639.8091
270.4753
2335.9248
104.203606
4965.879
8907.594
310.94687
5259.685
1535.2462
3897.809
95.566734
184.73253
37.088715
705.7587
20258.309
1048.5878
1546.8595
3731.4602
1666.1891
76.974686
798.5549
65.63253
1068.0797
5073.871
1512.9414
7569.9897
874.4757
1252.9298
26.463947
4961.3994
1141.2737
2005.7709
8851.235
458.68066
895.6547
5978.6616
7055.129
677.7324
120.26044
35532.35
841.36273
1254.7054
8736.859
56.617683
448.93555
7158.5146
3.145134
678.8803
723.2844
1475.2235
26551.031
2583.7585
3058.8857
28571.857
5423.5737
113.14066
80.62646
1933.7129
910.1621
16531.586
948.0078
4985.0903
7544.2812
101.42507
5993.3164
1069.101
350.87656
3746.9658
888.4004
1139.2916
579.22955
1011.88574
1581.2756
166.04997
10293.906
201.84196
417.56027
1597.3043
5395.9185
34.381416
66.70291
540.0433
146.25854
1673.7733
1021.2555
5618.797
12922.108
162.14421
1582.4962
677.5193
66.66963
169.60693
4271.93
122.47515
270.46533
2726.5571
2192.8687
19.061035
41185.438
899.86
572.13666
3959.448
1561.518
1635.1218
2076.1746
1288.9047
352.55072
758.76984
52.16221
2196.6138
8040.3906
9087.464
4367.8105
1272.2992
11720.201
749.881
1897.1982
3133.2083
107.60339
159.84517
715.71136
2211.2285
3772.2896
1350.7124
26.088459
1344.426
1080.6957
1144.4669
2519.6543
1455.032
126.0854
5293.5293
13039.426
4433.451
358.7958
4452.4517
9129.586
3742.2993
8708.72
224.21529
638.64404
26.609735
213.84203
3351.4858
292097.03
3494.2788
1062.5961
222.65431
655.4282
14.602127
1668.5751
3927.6213
2985.9194
1027.8092
1511.4236
25587.162
5035.4126
3171.273
6241.413
313.7942
214.26746
2541.9343
2976.6707
121.67914
3481.0676
36109.13
2740.216
42.27293
808.1313
375.65118
1253.694
516.4338
5476.7183
741.8786
670.8505
402.8508
6493.6523
1490.5336
78.422226
1133.0264
56.59098
6090.5405
1540.067
1148.9371
1175.635
2268.7092
1172.517
1231.6279
9266.15
340.1277
2897.2178
15.459686
388.17047
10097.659
3489.8115
109.258446
1021.13544
16424.45
3260.368
44.65427
949.9174
40.78756
768.91815
865.6359
5802.91
8371.4795
263.98895
1175.3187
18.753363
1268.6484
43.688526
518.9666
94.56549
276.4775
7929.967
1222.7252
82.55862
62.582264
3471.6821
3872.6401
1172.8494
2101.6135
33.000423
11634.869
42.11779
1061.0573
1267.0442
89.91071
2960.425
1319.2186
4254.3267
3240.7874
98.9667
528.56384
4972.8984
1413.8011
20818.775
733.54193
801.6264
752.9324
1898.5741
49.78718
1430.6132
87.38557
211.21492
2080.477
75.352104
1189.224
4175.8774
1082.2072
972.2506
1032.3241
175.42374
2948.083
1399.4115
1649.2883
56.0955
3151.5725
1397.3131
94840.16
394.72668
244.78941
301.51718
76.40135
102.64398
2292.5195
2656.8328
17404.72
1039.8798
1827.2104
2805.9146
243.24132
477.663
587.93646
33462.344
6646.071
3272.2344
4380.925
544.425
59.61979
824.2983
6466.1865
3319.8176
1871.3536
80.60131
627.4461
1004.3458
1377.6317
8845.35
66.20744
5020.4165
6316.094
1407.0566
2568.9124
2444.9077
243.11702
23.981909
792.32465
1020.194
101.339935
1918.1692
91.608665
562.5448
11134.27
1035.6669
1698.6659
3526.8135
3139.1565
2878.3884
2271.0942
2701.1067
4353.9653
4624.0723
1839.0961
6659.19
511.4566
1941.142
269.64865
3331.4055
2255.4585
2501.2864
1024.591
5036.9443
161899.94
2567.3237
3858.5337
935.66095
8356.045
1632.1152
503.7679
1.0526965
2062.1492
2808.181
588.6268
243.9206
44.374874
27801.926
3255.4668
358.2763
27.02457
3969.9648
9486.961
323.59265
183.43651
1436.1117
973.0163
1484.2721
1558.4194
3927.7385
202.63628
3955.7346
1906.4891
5081.5044
1475.555
2456.6106
993.7265
78.96682
4563.3887
1169.5303
44.74046
1653.4489
665.8288
57.121155
278.5952
369.78476
87.6174
5168.0557
21.298065
3580.4583
177.68225
3449.7744
2170.9517
246.63887
81.80033
2321.5762
41.13654
12.037447
1739.6787
366.31885
3295.6501
424.02213
2970.5144
6977.582
3518.5405
20888.793
636.2913
3837.1287
5179.4375
322.01663
3095.016
3382.0017
1396.0442
3335.3188
8587.855
46.493965
4018.2656
2133.8604
3684.4124
3816.982
1583.9232
933.1458
15112.832
1025.5441
212.8949
74.171524
63.583263
36.077724
1403.3466
3378.3928
4629.0786
1411.0984
3974.7444
1221.3704
4286.3716
8107.0234
492.16733
162.15904
2633.2192
3778.7456
3380.9392
7312.2437
1377.5681
695.0155
40.419003
8146.3784
1112.3925
4164.5396
1079.3378
3586.913
810.99854
480.11505
368.5084
162.12053
4378.2095
488.67633
2430.324
19768.225
25144.139
1300.9393
3164.3726
676.41644
3746.6218
261.4694
3407.8142
1736.2109
4561.3853
2229.6565
10854.696
2201.1802
2198.9932
879.9809
673.1399
1864.7795
1807.918
1522.0879
2509.1396
942.2451
18852.955
928.5255
3899.6174
6.275682
14847.106
1290.7751
3602.0278
671.9438
2694.6448
2399.511
31.059958
446.23438
26.60763
1133.6072
2488.8845
15916.101
226.86583
44.00297
323.11044
30.61244
1270.0709
19350.29
10903.088
4485.8813
1211.9318
2939.649
24.496122
2324.8125
19.358185
353.84186
2736.79
3135.2563
4542.1694
67.253525
71.688835
92.504234
1502.111
127.875465
12928.046
5891.069
1255.2834
1069.2457
4419.296
355.5769
1966.723
2355.8638
3842.6738
1877.4557
82.81785
630.50146
1619.5654
1200.518
51.31181
3085.4465
2080.3352
1341.909
4632.0576
959.1375
1273.2063
14324.541
7562.9434
1791.7998
924.0942
4873.9927
1205.867
9186.326
858.84375
5539.0146
3619.54
3715.5059
1302.3871
1549.2556
12381.719
92.0628
1040.5999
1684.5746
87.479324
507.28775
858.2972
3975.4731
2737.1243
21.31172
770.5568
95.18337
149.91368
1405.6539
3317.138
139.39276
171.04735
4132.525
11.603088
612.65356
560.9168
6395.789
1526.0497
8077.941
5825.667
11196.446
935.4463
145.87929
51.037518
826.4302
2404.8757
1955.8229
2623.8127
423.2525
140.31995
23.26359
4890.145
12.433734
61.502285
739.607
557.9111
17.856165
134.66057
8441.389
114.82346
9.316552
86.32473
1415.8914
2209.844
188.49037
836.8079
1214.7219
562.9524
570.2876
81742.64
1578.7709
675.96906
2066.6162
97.05584
22.247343
255.10135
2727.6707
2133.7617
14165.127
1319.7941
1402.8972
49.107605
5331.4834
2405.5784
1.7637604
1737.0361
49.48594
2003.2444
42.853333
1941.4756
2327.7876
8199.938
11271.801
792.73553
2984.5747
1687.592
415.45172
922.3815
1443.9521
265.95685
362.08035
1179.0735
879.8719
34.18274
12533.145
1920.2766
846.997
2012.1918
4001.5225
1324.8258
1227.4906
178.70874
329.10773
5222.122
1246.8633
6292.7466
108.212395
3129.419
11549.432
832.42426
1465.1062
4145.3457
4924.8125
1479.4274
584.35156
473.80508
6849.6377
1263.8873
6292.3086
1533.2097
5215.212
3881.1646
1451.7904
1015.39594
8291.693
3802.0627
29.905516
27.55037
5970.784
1487.26
1510.43
790.84393
824.9595
975.6058
129.33372
1481.0825
3697.6812
65.14975
210.66539
154.33496
3614.0496
156.41438
2118.3875
719.90753
945.01263
853.43225
2731.0771
2898.6885
11548.631
100.61346
8321.148
1845.388
1416.1984
359.25104
1214.6777
4399.868
780.71216
3341.5608
25.64813
2077.288
6519.5747
1442.2014
2916.3315
180.38927
12346.072
5309.7153
8360.439
7446.8154
774.1618
3660.639
1097.7131
65.33704
12968.745
809.5609
40.271038
2235.573
1065.5814
4774.5337
942.1748
115.21203
78.2277
3883.6921
2749.4395
3625.6392
2179.1248
778.8169
331.66818
5061.6
7.1640625
5394.5366
3402.627
271.25653
674.7312
2623.2903
235.14574
3251.9727
2598.7576
8756.652
2026.7684
7.041321
2599.777
1903.3665
1467.8524
254.80333
18330.33
653.26416
403.13583
221.65668
2357.9648
427.13394
15291.721
16963.744
21497.406
109.23108
238.49307
2271.4775
1081.5842
2429.1323
93.51939
3932.7556
851.3374
1884.6957
4496.974
949.2121
2197.9714
1945.808
4327.0996
3818.8408
2091.57
38.087727
1618.298
8701.019
952.8548
72.11308
164.00621
117.61858
5477.6484
5522.224
2566.8735
4152.7085
3100.4067
17419.168
46.241077
3434.7234
120.782555
10131.502
325.55435
1677.1215
5196.582
5492.8794
26.964972
6853.638
1009.2519
963.001
676.64386
880.98584
2573.3877
138.22314
1370.0088
634.25226
1794.0527
859.36426
2253.9702
96.25581
719.5605
362.97577
3095.4187
8141.345
3686.7031
2283.5586
498.8108
2381.4421
1098.7343
6281.7725
2511.3206
38.76295
217.37276
133.25781
1047.5262
663.77136
1447.3287
538.54596
866.7921
891.8115
1666.9377
3607.6357
235.7688
1021.525
3625.058
2514.345
8302.983
1050.9056
4766.953
70.655815
3103.9634
9086.531
1980.2203
335.10254
2745.962
3789.5723
4056.8633
2717.8484
3416.2495
190.60574
2593.4219
2125.4304
122.68414
2267.4766
737.9545
43424.535
1143.3566
8340.031
2134.5867
986.76117
1653.1367
20614.434
1069.0759
117.25018
1752.2842
5529.4624
3502.5125
10100.303
3665.8083
3657.0186
5311.4287
39.720722
8492.31
11.675262
5809.984
1639.7922
109.25541
211.60672
7235.244
4075.2202
2148.9548
1665.3412
5932.9463
297.23932
911.9345
1432.1947
5121.376
1537.0143
1134.6962
3582.931
36.570534
27193.842
937.34296
1729.4055
3610.1672
203.31898
847.21967
332.67584
1084.8967
4908.731
1025.9789
1531.3583
197.99382
176.58464
4327.2324
188.51826
1786.3842
4268.804
900.4045
3878.241
647.47095
213.22623
156.42041
67.55833
33.182556
2155.65
6612.732
1008.83673
661.56635
4724.6978
3621.8267
1549.5579
2738.1167
1029.9344
579.81213
2326.7043
6120.218
15923.392
8879.428
138.23965
1012.1885
186.02159
5703.2935
2039.5992
899.6235
206.32784
160.97466
6627.894
776.992
2305.1848
2790.4497
464.28452
110.96358
1658.6561
1073.9042
7169.083
1055.5576
3092.5989
34.072598
929.94403
1527.486
3758.2935
303.2273
187.30968
961.371
4210.536
931.0947
3732.8252
980.9497
27.215986
3513.1897
1489.0428
414.19907
176.51299
2593.8733
552.87103
4865.8555
4267.7354
3948.2444
5177.283
1158.066
2392.5544
101.03357
1975.2797
7657.2324
3831.5403
6655.0347
7495.1562
5898.6597
17.094204
1280.8047
58.02254
1506.7932
2969.5598
2022.5704
471.11252
110.56451
1037.3978
1661.8319
3670.1501
75.32687
1438.9113
5350.3394
115.97931
164.61443
1201.469
683.84344
12422.842
409.16623
833.7104
1748.5344
322.23303
4193.3145
1394.9194
945.2851
6500.16
172.45737
10.583785
59.73047
644.9671
4766.4116
387.7474
1472.4486
2825.9375
1287.5427
4652.4287
46.278904
1523.4167
18514.58
3035.086
1865.9768
648.0555
4411.4746
4245.1206
454.9044
713.5175
795.7602
1654.4062
7.17948
354.37445
75.2579
6934.54
1016.41125
189.38379
1074.6079
120.0293
1988.2744
1677.8593
22.382288
14302.015
3012.6616
3371.4114
24.759161
925.61194
1265.2094
29409.879
3488.7812
48.222645
36671.17
7297.352
2019.7965
3260.2905
657.8211
5982.2837
854.56494
1435.8064
4518.3755
6044.9326
787.8305
1580.9296
6016.2075
312.39047
611.0114
586.3219
8780.364
904.3253
223.23526
351.17468
45.992634
4737.085
196.85133
964.4482
4212.3486
19.862787
20331.234
235.51445
6411.837
2661.5225
19432.744
4692.4062
5265.628
323.0374
1358.6918
5399.343
26035.533
475.1063
957.01074
5571.8657
267.31754
1139.6709
5886.8276
1817.9512
3347.3662
1427.2598
91.18764
1392.7177
15810.571
1413.2831
121.56756
751.61084
5127.317
667.8104
301.4834
2329.8528
3490.7344
128.99298
926.69745
67.497696
24139.598
1190.494
1239.1682
1719.5321
1844.2308
803.5536
395.72827
1888.1204
31.44748
2411.069
1016.98535
6248.1636
21.943174
619.4445
14.266492
8264.171
61.44466
1708.9677
7210.447
3711.2925
127.57271
3091.1846
1731.2356
148.63504
49.6426
56.337322
537.893
4297.008
1960.5194
550.278
3641.0354
395.57224
931.49493
1529.5878
1203.827
4468.255
5058.774
91.44652
931.81036
4135.33
268.70334
3247.0647
986.5864
6627.423
282.35162
323.51773
11396.61
10376.982
125.306175
1243.3159
89.84475
2728.2869
10172.933
122.09269
1335.5902
833.7033
1848.1796
858.6891
2666.9507
906.7583
2140.3838
920.153
3756.444
1644.4
144.53966
92.486694
571.28156
1512.3002
3144.1555
5813.7773
570.31854
52.094448
416.4213
2570.1733
412.80582
4050.0142
287.24973
914.4466
2520.8784
2719.6812
2248.1406
232.99576
3132.6606
22.986683
3785.2283
2034.5946
1456.377
51.53645
1678.0514
2004.1742
523.3368
1273.6086
3721.329
8137.623
90.93953
2323.2651
4348.774
170.95291
1439.296
1707.9164
1213.104
646.71136
2.770398
1828.7919
5185.8115
4799.09
1072.182
876.82635
479.24472
38.501835
151.03374
1175.256
759.92487
1067.6805
1332.7024
9359.779
177.87811
6038.2495
111.26099
37534.75
4218.3833
15072.447
1603.6512
4952.2637
4765.3354
883.436
1536.4456
1149.973
42.6357
232.6293
696.1593
278.96835
2420.2893
2104.5264
3698.479
1007.2166
238.49788
469.21613
5596.878
47.850506
630.80066
2435.9487
1639.6614
7540.0903
3131.7563
603.6411
11066.185
1324.9698
2268.8562
2446.5383
916.71985
4815.8228
914.65326
2800.392
6327.822
8562.155
3149.6973
543.43353
1168.91
83.72133
356.132
39.330917
26.197454
418.53036
531.7235
95.40867
879.1769
174.98082
800.5299
3356.41
1021.4382
158.60767
6022.7827
90.92727
260409.9
63.671772
117.75171
2091.1016
660.0804
748.6707
880.6994
33.33918
131.3888
2784.5457
1033.0569
133.59833
361.38644
823.0636
708.75885
3192.2473
34.91517
781.9304
2114.0403
6005.149
6960.728
2119.5808
3093.0657
1204.309
1660.4121
188.82854
1069.2576
2785.0928
89.44457
91.06564
780.37463
3978.8694
129.52176
3324.3015
207.50015
386.99368
945.7004
1055.3512
11631.862
6877.197
15728.076
2282.6067
325.91345
791.5517
4782.9824
1318.2742
1880.6426
2115.8086
6303.131
71.50282
705.2544
23.938456
1149.9402
106.517876
2070.1455
2496.0115
2355.4082
1107.7831
93.68691
1259.6439
8837.893
2062.5652
21.265293
502.9731
211.49515
41772.63
875.6881
3148.4358
608.7201
897.21576
767.8698
35.97096
2816.0386
88.90409
38951.99
55.538937
17125.723
121.37582
1415.4701
742.7702
866.1069
602.70233
1481.044
2064.8506
2963.9712
1915.5498
69.85373
101.108574
1058.7178
2951.984
103.891106
4124.2
6934.959
4877.8745
184.3781
13120.144
75.91679
389.66733
0.57519954
4011.936
660.0739
2855.7969
1752.9
4468.7163
1049.3331
13695.765
1258.0853
16126.57
109.848366
1592.9541
4287.046
6026.3657
5554.5664
2280.448
1613.9486
3240.9229
2894.1821
6637.4004
41.001404
139.07047
5141.0312
2921.0852
31.135855
852.40375
96.89526
221.2375
742.947
3817.4255
2369.9636
31.211142
488.16446
7555.6763
8697.745
483.64648
7886.716
4017.0715
51.84773
113.83817
172.2718
128.15416
13608.487
68.036606
922.74164
10370.785
2211.8445
9606.656
1808.4902
726.3577
4782.9634
731.58185
6774.732
1005.4338
2570.1108
564.8554
3861.0237
138.23085
4800.081
1498.2965
3973.8093
6308.0215
2269.335
4335.558
156.28645
3292.9585
3791.9175
125.452385
1707.5319
1142.9867
6161.6934
430.05997
4279.283
1014.0469
2895.302
1681.7122
1769.6941
1145.7135
1394.9912
2310.808
4407.248
341.41718
14.599402
1355.6849
1824.6321
393.21515
2552.9062
591.374
1929.1747
7124.202
86.4255
226.51595
3403.9065
623.60815
1287.4545
676.0688
1460.6116
13212.432
1565.599
1772.9371
32.39808
4422.5664
2129.1294
4027.532
5008.8555
4313.889
2283.8652
2475.9949
40.26773
24.128834
1594.029
185.46457
978.7172
325.98685
331.68735
4081.036
113.103935
6845.728
1646.6508
86135.42
128.35507
3289.013
1235.1587
993.5799
101.0522
1320.9159
9360.5625
1005.6891
2926.8276
3126.7097
11888.083
1175.8884
3979.0864
2071.5583
1444.5061
1724.0566
238.92911
4544.656
87.73697
1834.2386
6805.769
232.56961
3695.5698
1454.1425
3171.3677
4344.3936
30953.57
27762.633
7731.2744
1382.8196
5348.419
45.25518
1861.1766
27.505524
3200.2195
2987.8535
6136.074
69.40506
1134.5485
124.211914
791.35077
3284.3372
1446.9943
1852.0839
3243.287
8197.508
547.4051
1748.5826
541.9213
2037.826
1442.6953
1850.9261
1283.3129
23512.48
142.1483
6300.3354
350.8668
1037.2219
34458.02
2801.2327
6408.0728
82.80813
6868.836
1162.2794
54.802887
802.6362
6.8818316
3475.6824
1397.8782
939.59863
3194.203
5094.712
1818.1898
519.27454
9055.892
1966.7922
952.341
29174.074
1173.9017
7544.2275
1466.9259
209.12971
488.82184
1465.068
3753.486
1461.9996
4321.3257
3777.5105
94.51287
43.689327
4842.187
716.84
2173.7102
259.2804
545.6777
1439.2949
3309.9446
4610.1826
1473.3267
591.65607
1672.7083
10.054443
559.21356
1860.6649
1560.6699
825.7125
96.764175
323.01212
3038.8665
1175.5966
343.8221
4842.168
58.364594
1342.7582
1255.7363
8836.004
962.97284
1050.2524
22776.28
1383.8689
2727.897
4075.3755
2444.7393
3894.264
13550.549
3169.0327
1327.2175
3595.099
5917.1045
1185.5072
871.69745
142.96158
3650.7817
160.56194
498.65167
18789.527
3051.8684
2433.5955
804.28973
899.96906
3318.5576
112.41408
2644.469
5806.968
1148.8873
2022.7001
9746.338
60.532448
2194.313
379.70612
477.60275
4929.748
2567.9033
1041.767
8.279502
5146.659
4644.7446
4282.757
10433.6
6171.039
7.7761354
3494.9326
95.38989
131.15936
13298.168
4357.1436
886.77893
4368.2383
29.998322
1790.1256
4384.495
4270.69
3660.8994
1970.1442
10950.913
2238.1138
543.4934
455.5005
562.7267
49628.05
88.26763
6167.8467
490.869
20032.553
1238.4081
1624.6415
3508.4648
1994.0447
3691.2595
39.927418
353.15353
1052.6234
1682.7522
279.1253
76.13302
116.05359
1290.385
4006.8652
867.6837
19642.5
269.134
128.54732
2303.7393
35.538746
809.08466
771.353
2111.9934
4553.569
13.674454
2488.702
1211.4813
105.123436
1095.2797
46.979595
1070.6877
1000.457
3640.0435
1350.8757
29.24741
1490.6152
8727.148
8974.82
3959.4087
1212.5033
631.5224
6779.7617
40.88375
31989.918
152.06494
3891.0796
561.18256
1264.6464
3830.6
2765.126
1504.2153
871.83856
1160.8397
176.40837
583.4051
2149.986
2136.88
44.28263
1663.7637
47.60821
27.023869
2037.4338
3527.4346
1554.9889
1159.7723
1779.2393
101.438385
1131.1313
1310.4227
3426.9834
1130.8292
3119.4128
24967.402
10198.463
4174.7563
2856.1506
845.10693
4243.3555
1263.1346
170.95268
17851.75
4597.3604
2572.561
90.27183
2725.4927
1999.532
11882.718
881.0444
607.21533
1197.5724
695.903
4138.159
1486.6981
14754.194
4078.005
765.64044
1686.967
1096.7633
224.55779
711.68665
314.461
91.28384
6775.1953
854.0672
6111.6123
4229.7524
421.4855
1777.7397
5069.693
881.85315
3376.2122
1313.1473
85.44386
4475.076
2719.428
7.01572
1626.0891
1267.7345
68.8718
2641.7148
475.09546
177.8947
1903.8002
6498.1553
3663.8472
3089.5103
4105.069
85.40332
349.3795
6762.065
74.31731
989.96466
209.07018
3105.606
412.00763
392.69955
970.7892
2023.8391
19.698698
478.65988
70.483025
4036.366
5730.881
3911.0508
2365.2393
908.6385
44.64096
7631.3867
657.4524
6625.913
680.5773
1326.5271
5587.797
24.84975
2676.8408
2040.249
2416.1682
28.268646
1048.955
5139.102
812.08624
3880.412
4790.064
9792.729
197.82722
5268.927
1266.0865
130.69858
164.63034
3585.892
10351.819
1951.4365
930.3935
2936.135
1528.0756
127.00299
156.04808
1460.3776
597.1596
1731.6656
2017.6703
870.6553
1236.0062
79.66103
1128.6787
4537.752
665.2622
74.67783
2879.627
223.29149
1782.9098
2602.705
14473.823
2762.618
6990.786
61.042377
486.81918
45.59988
1.7622254
6275.3604
1682.5609
4588.8994
5627.7383
2967.393
2056.7644
45.61246
814.58374
1655.4229
572.1426
187.19853
395.77658
3014.162
333.99893
1639.2472
381.84784
811.40497
20925.27
2990.3406
313.30002
26.312214
3644.3328
1825.2758
3132.8574
4051.4878
3877.5496
122.26967
71.3996
2513.9194
371.6819
174.10179
376.55447
94.874214
542.1689
6622.6924
122.65447
1043.8757
81.32236
14028.257
516.8601
925.14417
3886.423
603.9609
1029.806
310.52933
56.487392
1875.1038
1437.5273
86.79533
1185.9272
9021.909
96.96859
861.3561
2560.287
14.98764
7684.6465
5759.55
2658.0808
1930.8981
595.0664
159.70497
16555.355
1220.7634
940.7487
2245.5774
1146.7028
2423.1848
2635.0742
7898.6455
713.9257
5483.871
3347.9338
11237.721
172.11081
3028.0774
3577.7197
13542.93
331.9715
3992.9639
506.1354
2170.7476
3165.827
106.52728
3926.5137
9193.826
586.4477
882.5932
81.94251
10362.756
5414.6396
3016.6995
2882.8767
3803.014
1065.857
1054.7699
53.00055
785.1425
948.6002
1517.8236
1711.8105
27751.87
12112.384
1573.9744
2337.3093
2775.125
259.29538
1300.2992
15.764129
732.7208
762.4607
3608.1023
2207.0332
297.5278
627.90796
1239.2502
628.2255
7681.563
53234.832
195.67146
6861.456
490.25168
2710.678
8788.619
1066.9515
1048.2589
2962.5222
822.6264
991.7846
1898.3821
6252.17
473.53262
2593.156
196.26695
873.29834
8.18998
1337.1216
2119.3901
1187.3248
2122.2896
619.89655
3688.5154
754.15814
138.11201
3284.5088
1432.658
4076.5122
5158.694
2081.1619
1266.1993
276577.94
949.1411
3545.8203
58.889095
47.31657
1734.0111
5418.945
2838.0605
800.26624
1707.5648
2929.8555
1871.3353
2289.487
754.9049
1793.6965
1233.3077
922.5745
125.45042
1315.1868
778.5936
2118.4014
700.0544
65425.863
820.3429
1191.3069
556.44745
1662.2399
309.05304
2058.7747
835.993
6706.3555
1995.1415
64.071846
271.73834
3117.1072
11981.477
572.3861
798.26154
170.06934
8788.37
2745.2224
876.3851
1647.3242
2770.2278
1559.2428
675.8344
1749.7645
333.19284
415.99973
2329.4368
803.47015
7.411734
1995.1381
1084.4476
199.34448
103.44586
698.957
898.77045
65.18787
646.61914
851.40375
3010.6526
107.34021
980.126
210.59996
1010.46234
3857.082
1208.8524
1042.1636
1173.0765
1384.2367
1456.7252
2837.2368
4169.7153
4497.946
2154.9841
4005.6191
3348.0354
5419.4604
299.96872
116.80542
112.853355
153.93494
712.69824
8626.803
96.86098
2788.1384
206.80559
1619.507
6414.23
15594.589
928.39465
3937.0693
1100.8821
3518.062
41.551723
46.72884
946.3343
1045.0273
4505.258
294.157
405.16263
1304.4354
3123.1316
904.98224
2221.7722
87.37312
3755.8013
1308.8192
1315.9111
2568.767
390.12717
47108.61
861.41064
3506.9907
2721.8384
527.4874
977.3508
699.1779
39.868847
6746.506
856.0719
124.537926
1730.4407
3459.0654
656.0769
14710.578
2542.142
637.49554
570.54236
365.92868
816.4126
94.78745
946.41846
3135.9888
206.02612
46.328503
163.15842
1056.9393
679.99524
1944.0051
825.1779
97.68861
337.1809
2848.4856
2923.508
62.558834
48.274
714.517
438.7359
2882.2866
1695.7393
27.240423
900.17285
1787.8079
2566.775
1137.8186
221.25072
2145.2168
87.37117
7246.701
3669.7573
4209.8335
131.45837
882.33124
190.84392
351.24957
63.617126
682.7224
731.326
2202.5654
101.039116
716.48773
1204.9452
143.71175
669.4394
3369.2957
107.65926
13680.248
1767.5598
135.73413
2379.9133
212.88179
2438.349
1230.4579
4064.3647
5241.468
19.01788
872.4091
411.6627
1375.1779
12012.1045
9460.499
461.13596
13380.41
1005.55597
1267.92
1477.7632
1010.73114
711.66125
2060.1877
763.642
2644.127
162.92696
1031.0742
6526.154
1028.1621
1684.1644
5988.634
134.28983
2007.175
2384.1404
971.64044
1520.4226
204.42778
1635.622
969.85645
3091.9844
1727.5292
554.8221
2089.298
560.2601
651.37836
2265.3826
2183.1055
3928.1775
4711.929
5032.468
3761.3516
2991.4617
930.78516
124.22422
2935.6619
6226.899
10787.241
3741.0037
3291.7559
112.981346
1303.728
22.903046
2796.5857
5234.393
4333.6704
3538.1348
1372.7054
1069.9827
19.977219
460.51553
468.15778
5029.3545
3.5439713
928.9132
804.40424
42.27436
1318.7277
35.58418
3126.6763
1422.3499
1630.5553
976.37305
220.32832
86.20153
2626.1343
2370.0652
1068.6584
6798.2256
244.51958
5300.253
1891.1781
1281.0515
1679.2211
4434.538
4.05611
988.022
17.785791
1408.8857
654.4506
1950.475
3537.6636
813.7917
797.45996
659.53534
72.705414
3140.5364
526.51385
1740.544
594.0432
1442.6266
24.121632
105.705894
94.90529
928.15497
1090.6871
5579.6343
1090.3241
98.12286
1477.0258
2890.7112
2564.6772
11915.629
2189.1892
21.21112
1323.253
1328.8314
167.54716
43.710415
21517.334
1817.3137
2531.1997
4308.2515
4559.457
33.36037
478.1376
1407.0126
5792.1504
262.38318
2422.402
5364.5874
23164.088
6462.0947
1633.9133
815.42773
1607.9218
508.0206
713.6474
5540.9697
1848.9076
4455.4287
6159.245
2847.2705
1438.8838
1249.5969
2919.4724
1152.5043
4293.091
2509.55
450.40234
227.21793
145.07019
2410.7354
746.0306
1006.8138
3719.0652
442.99423
407.25638
90.85901
788.53033
1214.4078
517.5436
2407.7976
37.876553
894.2383
2043.2441
145.25246
1367.5365
30.079987
3227.2595
823.3292
1127.1825
774.6094
4137.4946
24.699041
3461.6587
3458.3645
1319.2676
830.5031
1716.9153
680.4666
2501.275
956.28546
1777.1342
1453.6895
3853.103
2941.1365
2855.4949
2628.9292
1023.5885
3219.9297
117.518654
644.74286
350.39328
851.35297
681.96356
407.12238
917.2602
643.7045
1448.6405
3875.0635
94.006035
62721.945
7528.7876
1190.3594
1750.5498
2903.6
46.59855
985.6994
99.21088
9.882388
2913.8743
524.123
95.04363
73.55867
5085.0396
886.92267
2835.0886
3812.6104
2963.0876
5824.5615
86.202705
204.18745
1032.5457
6499.74
246.3378
1829.2731
31.322474
31.715326
2215.1282
49.559093
122.31148
1033.4241
698.58264
243.64035
1252.1876
3355.4875
356.10385
958.2382
3681.3586
10135.114
7138.7266
9249.472
185.3898
8764.608
64564.043
37.17034
3355.4785
422.08383
974.9831
1057.0118
10564.11
77.078224
9424.316
464.52863
2835.8208
16023.599
404.29352
37.822872
2324.7578
6410.7544
3050.5574
2980.9578
883.3384
3995.034
1635.2958
3871.1506
3178.9365
600.5088
289.068
4056.215
543.2278
515.26025
2255.66
407703.66
3573.5767
1291.9506
1536.5668
1009.5534
5479.2334
1720.3656
4890.235
4288.325
38046.13
255.12767
79.46963
246.17586
3652.433
1161.0448
1912.7825
3550.1536
131.82892
6157.2573
4892.4043
531.3828
27.299372
3604.0957
297.40616
2749.419
833.87396
3233.0642
6572.883
177.66486
1406.2904
6470.8403
2112.9766
931.58246
916.11926
4040.4883
6.985214
1920.6898
271.51804
1146.4198
148.35197
937.1706
3037.678
628.1271
122.10329
1682.6635
3223.4863
2498.3684
13607.87
110.54346
4032.0378
2208.9607
48.665596
5277.099
2632.5945
74.278465
1984.2574
99.78458
30499.715
901.72766
383.40192
19.068602
150.37761
876.9521
655.0749
10438.028
839.11957
2694.6978
55511.297
4804.2524
588.6955
5323.856
2240.3398
4875.9146
161.90727
66.00581
603.88007
4132.8926
1515.7008
638.6151
16705.738
1132.3235
1059.5527
167.51497
4064.1084
2304.6458
3416.8972
217.41093
1737.7366
6054.445
120.0178
88.10574
1614.7079
849.42316
4495.8774
2375.1946
653.37555
559.9252
1336.582
7080.4
1338.4114
3886.0527
1531.2278
5115.295
1552.8429
9578.3955
68.045494
38.96115
2977.929
3544.8818
2406.616
3568.884
3313.4878
734.94086
1014.2216
221.43425
71.83665
2673.4795
1618.7686
7971.5527
359.0639
1419.2583
35.72402
5290.907
1813.4609
133.72185
1733.1791
3279.1763
1259.8702
1600.8706
799.2453
128.54523
110.90694
3367.0789
2092.846
1484.7123
1040.9164
2003.0325
66.633835
222.71513
357.55728
373.71762
1114.4641
26.999176
1232.5173
187.52425
325.5225
4336.994
2093.9368
782.56824
50.418697
1613.4689
83.339485
6213.2773
2617.9895
927.96844
2407.3816
688.5568
156.96037
610.7786
627.4906
27.875296
1191.2163
1149.1431
1411.0217
270.4687
1374.8541
1056.9495
3918.6565
83.01281
16023.128
341.2108
5582.262
1265.0883
1722.8184
1573.289
9182.843
5324.9272
3236.23
163.72285
275.61475
7347.769
44.656536
169.33865
7867.3706
920.1956
1131.2823
174.61453
1235.033
198.99799
721.2409
1827.7582
1118.0754
1521.4567
326.02423
7359.381
4876.2827
1382.0614
6846.314
242.47847
170.24663
1878.2356
1401.4528
195.36523
46.611397
26.026178
1280.7491
2307.5903
3918.6404
5212.0215
56.576527
7698.0415
1183.2798
110.22256
3858.831
78.060814
136014.95
5979.2607
11636.912
1696.556
1595.8969
475.49323
3803.829
593.21356
927.1059
8491.451
2.5460114
12071.463
3036.3755
738.6638
5521.3677
1078.1323
7544.1953
2498.9963
3924.7515
1681.976
1440.8398
854.4368
65.3246
5021.87
12387.398
2792.433
33.588326
606.9378
43313.758
1812.274
11311.125
1432.3173
70.17882
707.9586
994.3581
20160.988
512.43945
2474.498
1166.8052
365.10608
973.8797
2187.2947
7706.2554
461.4558
7189.7188
48.138565
4539.596
7887.2373
1384.4249
852.4591
48.186962
2112.3428
3070.7458
415.01065
3990.735
921.4006
33.35043
527.22656
961.1281
1231.5197
4174.9414
12201.639
1136.4355
1115.7635
1729.4762
15634.671
6244.9014
25225.799
1532.8397
55.47168
2449.1238
367.5852
2640.2834
144.43459
3061.4224
1334.9362
481.90176
26.711939
3269.0254
239.13628
4876.9463
1322.184
2183.2778
571.40356
4620.1562
5332.6504
47.77549
5026.199
1916.525
3308.983
18983.592
580.266
1520.4917
19943.127
971.5014
4010.7002
1801.9609
178.20987
1151.3198
4225.3853
10461.182
215.0019
4054.1304
4660.2124
65.13822
6558.519
255.23106
105.73468
355.50137
1280.3901
1705.4385
231.57669
226.70674
215.96407
4033.1653
3500.925
371.7661
10.190036
4494.7075
209.83556
570.0503
187.9915
3026.9346
4209.227
34053.773
38.30113
2287.3728
1098.3126
241.14761
3029.8862
1572.8705
3543.4985
1603.8951
572.942
179.79678
12.010544
78.58931
10067.58
1177.6143
3876.325
6404.986
3784.7847
1403.8136
57.107765
10825.189
849.3387
3040.681
1337.7435
892.2871
2460.0435
15777.133
2424.2134
555.18353
3062.1685
1299.7109
839.3454
131.61726
746.5461
814.8007
5048.5273
2667.7422
11240.654
1470.4241
847.35297
2187.229
6686.846
11482.861
1316.583
1846.556
3312.193
832.4946
1100.7787
1966.7948
2324.5518
1685.0895
103.15048
429.98843
7418.901
787.61
1590.5393
2064.2783
89.81573
1190.6644
3400.2666
66.20359
381.1647
3345.5686
5271.446
2122.8542
8268.616
31836.234
193.62695
405.08176
791.2973
954.0046
626.4088
34226.75
4280.218
836.80536
101.36271
38.176163
3891.162
211.27623
1081.8789
4378.179
77.174904
70.73077
713.802
264.17035
158.33919
1369.8562
6015.3076
275.39313
5469.2524
8942.236
7092.8286
1143.4652
343.59506
1512.1143
77.82527
4288.9663
160.18607
923.0007
2191.9246
6332.2876
3062.914
120.57346
1172.3627
595.1764
2289.9543
4365.994
1571.3683
953.17303
1358.9106
915.8287
3685.3567
24.516844
4929.3657
1358.7272
142.25877
38805.594
1389.3707
1663.0475
3413.958
95.542625
1206.6727
721.19135
24280.969
1289.6154
1211.8998
3449.6213
2549.322
2605.0251
1538.357
7621.461
234.57051
6272.6323
1456.0708
1953.1373
65.70937
8799.692
2111.9673
2033.9153
1538.1877
2815.544
89.6863
2007.2852
811.6996
2809.1091
17677.146
22111.406
9693.369
45.716927
5696.2812
810.4088
139.97708
48.756634
21673.094
123.32478
13.051697
6037.987
1514.1918
3548.1155
9772.889
2942.187
946.1583
260.3874
1049.577
753.6554
3503.875
66.31117
254.27788
5360.74
22839.129
1389.5115
4316.5625
748.2695
64.40521
741.3671
1230.9772
1706.1312
993.7176
1390.2454
1954.5946
3350.148
1317.2748
400.34662
7921.3394
949.7314
3433.315
318.37128
5844.9683
4584.6045
3024.4775
845.0348
2043.2626
6023.293
2482.7354
434.3896
198.84845
3482.777
1902.2305
1742.5316
106.37139
35.21051
447.03995
49.023937
2847.5076
171.723
6636.007
3952.113
131.87515
1558.2388
4444.536
1936.9398
210.82051
1347.3934
3178.619
101.81092
593.8935
201.0709
19.21847
176.56705
1314.7307
2629.9658
504.3995
6064.357
12210.414
209.44075
102.369804
1644.6758
5237.4766
5529.7666
8322.124
1725.926
582.2038
1510.0021
4765.9326
273.94284
1595.893
5020.465
309.04263
6029.9766
4274.835
5034.3145
847.6162
9090.211
15436.84
1583.1389
77.62382
1773.927
6258.7944
1052.134
5194.6465
3040.474
2550.7983
39.214886
88.297134
2984.9092
1508.0897
3709.6687
5471.752
1687.7611
6824.219
180.36984
12.937854
1216.6534
177.54466
1002.62836
4282.4644
27.843287
193.22433
363.4832
96732.734
1124.9268
4091.6802
26.9242
4382.9575
578.9867
3710.206
2335.3943
90.2313
1110.0371
1774.6301
1211.9207
17.523258
124.00166
1784.4508
5419.853
2671.4265
642.9277
501.76407
11342.883
1445.3232
518.4193
764.21936
439.75146
8632.316
848.40106
757.77106
2447.3545
1684.4481
4045.343
3191.457
366.73767
987.935
1966.0944
437.97775
6082.2827
627.30524
5601.327
306.02927
3256.749
2993.4944
5983.0645
348.4917
1294.0184
728.5204
2384.2888
539.8835
1965.9618
804.6373
7246.2554
4202.315
955.927
3171.486
68.93626
548.16846
149.32506
1857.6527
2606.6643
1340.9238
8641.285
4089.8755
4736.3667
2465.8105
121.53918
31.84321
237.18677
164.94885
297.1528
995.82733
49.511597
443.22876
3603.1023
2876.1033
2725.4722
115.052185
2869.5105
1191.1877
11444.485
39.193974
747.0002
2670.051
130.21634
63.084145
569.48694
27.924503
14.624652
1731.2362
295.9179
8745.978
1086.1136
650.3139
3694.336
8859.691
4749.966
1634.0657
1437.4202
7158.8276
3206.42
837.493
53.054333
1590.8313
78.205635
5646.98
2723.1746
4603.2485
3377.388
2031.3668
601.42694
1278.9623
1616.3265
50842.062
502.63132
752.9884
13823.056
410.86392
4551.129
109.46502
92.683754
2954.086
34.80055
1966.0337
1117.1835
865.6211
56.756428
608.48944
59.182228
939.61926
9.952539
20654.463
47.75874
9718.993
10166.396
100.91405
7141.821
1766.4666
1329.1957
4537.554
1350.2678
940.44904
298.4622
1151.0394
106.92165
18.645308
177.31972
1148.7538
1581.7551
267.56815
2013.4059
3424.4165
106.58795
6449.313
2827.5718
1440.3636
1055.4846
884.35236
1462.8641
1137.7145
1127.7235
426.73477
1074.3049
3.644571
4408.549
3301.6765
727.74646
1283.6018
106.96023
3096.06
953.38293
5064.2007
452.06
4571.472
73.29116
175.01292
5640.6523
792.2221
22760.428
2406.9343
1002.73047
13.0084505
997.0258
1786.1371
1550.1483
744.5576
2114.3508
2018.8457
15958.706
58.417145
4806.1465
1385.9558
2648.0083
577.8972
4698.05
313.02795
5279.2383
1365.1874
204.50858
335.101
951.5656
13341.999
3523.661
921.776
2738.8599
1833.7341
2654.066
77.93591
106.7793
2707.6199
1995.6451
21356.07
2531.2122
1618.7927
3513.2424
8801.709
1282.3759
1089.8472
59.977295
791.1023
1733.1436
1593.285
311.4243
1554.6388
825.272
102.08097
2537.9453
6827.809
5583.5654
6050.5254
37.92093
2935.3394
1638.993
2684.8032
31.850117
2702.3345
2498.8706
26279.426
17679.74
175.67259
17057.252
2640.2578
88.50769
3209.1733
3636.3267
47.17651
4.3227906
134.42825
703.86694
111.36587
1504.9781
5959.873
3155.0706
954.6914
4262.404
3768.8743
1171.2141
3083.1055
2267.3967
553.0942
3713.8098
58.255215
3529.921
885.5428
18756.572
960.1967
1371.8533
13485.65
3696.1409
151.6648
719.1426
27758.25
388.2128
1611.0555
1879.8597
674.72473
5708.5796
105.37499
6333.8438
383.4568
1014.42035
101.33677
1035.82
88.86615
3413.0098
1588.807
2786.6423
968.27454
867.819
12043.204
3285.5579
554.4982
3530.5544
1289.0573
162.6126
1599.1777
26408.861
4002.486
26014.85
5049.125
536.3159
708.4167
4508.0405
2788.6404
3945.1577
1546.1635
37.146217
614.753
734.24066
2329.882
4651.318
1124.2559
28.958439
1402.3596
2712.7078
2565.9146
2724.8833
5268.727
673.31683
6088.2886
5470.409
10458.283
1246.6228
8334.042
3855.2034
432.62158
2431.782
2804.495
60.566128
2962.7002
292.0214
11334.311
8073.0186
4934.1113
1068.1256
10037.835
2791.3875
723.8039
2037.1487
917.083
1.8086731
118.93031
13458.004
6747.5063
3045.2964
616.84814
2710.4353
337.65973
2504.3901
48.20188
1104.7979
40.1956
486.57257
725.4956
129.56693
829.35315
725.3904
2139.8022
156.11607
156.71509
58.12611
203.17937
544.22
1445.8807
1177.5684
533.97943
401.17422
112.21914
1206.1093
4877.7817
2089.625
83.97665
6781.9307
269.90842
1115.8239
55.536854
738.73444
124.647095
364.2246
261.58658
1162.6569
3728.449
763.94946
21868.9
2920.2412
2095.8633
47.015656
2854.3176
79.53741
369.19073
4303.2847
679.71014
1426.8987
1774.7913
474.61758
1620.9789
39.982178
805.2963
5086.159
1273.4083
1019.31946
3937.8633
234.70044
6899.944
479.27515
408.25412
1146.9244
1644.9584
1329.184
2874.219
52.525066
5421.397
520.65125
1692.4375
23518.783
657.2613
82.995476
1939.3564
1049.59
67.16753
504.0555
30.543692
919.1733
6959.4956
2967.986
1142.7164
2888.6711
9232.789
14.098175
4056.304
3158.6606
167.80698
3406.6057
74.90792
1482.3768
683.19495
2601.9421
3724.0847
566.9778
131.04733
1574.1112
62.981434
63.263855
3026.862
338.06226
865.61194
1089.0939
1034.687
7518.9937
3349.831
1058.7633
114.867065
2984.93
107.33722
1128.4896
133.97522
7207.156
125662.17
85.75025
9310.53
17410.846
1309.4205
238.06229
642.529
1740.7133
198.44609
2016.4844
1841.0872
23.774038
3996.8535
79.95841
2069.3738
298.3071
218.93697
2180.978
3705.4915
1109.6835
3036.4487
21.94055
3894.392
1595.2756
35859.01
64.97272
85.65878
64.17738
15456.321
376.03516
814.5722
764.01105
5090.492
16521.94
11109.0205
1360.4823
2194.1057
4088.9998
5275.64
1107.6809
16217.002
1763.3262
5529.9355
946.44464
524.278
3033.5242
4873.7354
32623.408
3785.526
87.15654
959.5603
847.8381
97.951324
1646.2285
1960.443
3133.5176
211.53064
1091.2864
572.81354
40.185516
4234.0586
696.95776
744.40826
1912.9883
4342.464
475.3902
4924.8086
15.809931
237.72166
184.91425
586.9751
3260.5657
379.37814
1034.1494
2974.0808
125.129555
73.33744
144.31667
45883.74
2095.1655
426.33945
1329.2328
63.169277
41.287643
135.85942
1501.7784
94.97275
859.56165
80.34924
1718.1514
117.44802
143.83801
994.8024
16062.78
83.47184
1451.6659
4326.873
2934.1548
2752.7253
31.405386
138.77946
968.66486
184.55244
24434.332
1591.2352
26714.564
23326.86
10419.817
1272.3353
13890.004
894.58636
253.19786
281.9576
9691.628
3576.666
8057.707
6334.2705
1318.3475
6777.1587
157.06021
2987.099
1753.9529
399.13004
105.98163
101.37679
1416.495
635.32324
3234.9744
141.61897
3206.9226
124.89756
3308.2734
2755.8264
1040.3801
249.3002
547.669
716.1013
1261.6732
1693.4336
526.32965
4129.824
5945.384
522.111
9423.244
317.58325
5120.088
31.021168
3585.0166
1959.6669
2440.2534
474.0813
18610.3
99.35818
13420.663
1945.7283
284.38828
1417.4315
1190.6646
3329.6929
998.569
332.53763
4745.235
995.42285
61.648018
190.33208
1750.028
1537.9424
2672.142
21.487486
21980.824
130.46611
73.43339
785.11957
3429.8352
1274.0948
5893.0347
15310.245
10377.584
2437.2195
1067.3457
18103.76
33.401337
2663.016
3939.311
2342.1335
1059.3323
996.9223
4964.5244
70.94298
3412.3738
8509.122
3317.919
14353.43
5406.6294
99.99141
1762.932
3194.1716
21279.527
3130.0305
1076.9181
2800.4653
1375.1517
12.195322
15941.032
177.92139
843.3175
3994.3052
13073.066
43.204395
87.40029
1306.9417
153.93105
187.95679
397.48105
1071.3802
4111.8926
4129.6157
4583.5776
24229.113
1541.5035
4017.1042
3042.0347
27.665123
6818.099
77.85818
4957.5127
758.82367
4376.1494
2301.9363
1420.6083
2567.0303
88.055984
2133.6938
3324.2979
4298.401
835.1816
74.824615
894.1427
804.3621
1866.8333
3167.0898
2147.219
1095.123
46.069458
2843.1924
1207.808
126.64451
1069.828
15766.851
100.96702
11547.302
1151.826
1.16893
3863.4954
114.69773
9503.885
3086.0127
1411.5155
21601.857
1313.9592
1970.6119
528.8939
1142.3257
1745.3547
497.58847
3103.056
8593.66
96.69488
3783.4478
87.34603
2227.1868
23832.09
2098.9229
7725.8174
15.262107
42.12638
5259.6167
3586.4355
4200.8413
2580.9724
32800.7
333.649
1451.9634
523.8651
1099.6361
125.82933
9745.398
1324.0537
7154.876
260.5502
8593.445
104.11715
827.9222
3789.7356
1432.2721
49.008736
2709.452
517.38135
8.777496
78.14734
3534.9634
3816.8347
1436.7006
61.918396
4391.5894
444.93765
16805.094
213.07825
3378.546
2738.047
1470.0189
4374.7734
870.8843
6413.3735
863.03723
50.758125
1963.5101
3064.6182
957.9394
425.48834
44.637634
3936.394
12532.788
625.76215
398.45245
184.21515
2626.914
2947.2183
66.33828
907.01465
3191.4153
72.64229
7785.143
3700.9854
1132.7146
2587.817
1716.8684
203.35262
532.11615
1429.952
3273.511
2814.634
857.25653
6633.464
57.476826
111.129944
903.8538
534.2265
3169.0122
3613.3164
2613.3667
749.1823
3343.659
127.01593
8517.171
2498.3713
1504.6271
424.82135
723.61145
26.820623
11054.479
1213.5277
4309.457
145.05089
65.34584
1635.7699
3368.3909
67.986336
786.7511
3447.0288
848.2879
121.166885
167.97643
4697.4985
5071.3374
167.09416
801.0002
159.52544
21803.172
1264.7144
230.10645
1046.9133
1193.9628
101.3128
3071.879
1137.7938
76.00293
4897.3804
899.717
3979.1406
4034.5293
70.442924
4150.922
1992.8828
266.71155
538.1625
1628.9811
99.03064
23.667002
3010.522
371.0345
26245.99
672.8547
1492.8085
660.3862
3489.0298
2954.0723
233.54715
774.5713
1716.8213
2294.8987
4191.411
2001.2874
5385.9556
1628.2301
1155.8252
1805.718
43.97213
1880.0676
670.2619
1557.2456
14500.295
735.44434
563.5796
4748.8276
87.83483
3425.1543
5706.119
3066.6714
442.07468
46388.87
946.03107
226.14116
664.5245
838.6162
111.362236
1030.5413
424.22067
325.33575
1881.5587
1550.5488
6514.7686
12.225726
244.5689
1642.1514
37439.0
930.0757
95.09963
47.24483
17893.164
2674.0413
3203.987
52221.39
3056.415
16883.58
777.476
50574.69
6246.1777
1952.8359
2052.9636
2418.8003
990.77686
12578.084
2215.7566
8078.8457
74.27941
1898.4001
331.1278
1197.9117
1580.775
1418.0155
20.080872
3333.1091
3408.6594
1217.5443
1466.4706
80.60675
205.47583
975.2137
1283.4203
2527.7017
1981.1532
225.97949
11783.926
1599.1726
1835.0156
910.2757
7866.1436
1012.90106
4037.746
306.6354
4638.3496
1686.4365
3578.9343
327.5525
30970.34
199.07433
4131.788
2626.432
165.32323
100.8012
635.6042
4614.4424
3910.6738
8092.556
96.69358
7611.137
14669.992
754.4112
2252.0447
2740.308
479.19406
3618.3335
125.83758
8846.398
2218.5342
1316.6826
1751.917
120.82403
56.59391
164.96727
3503.145
2436.2107
3579.7678
3825.7437
998.1865
75.106514
6550.5356
290.46008
183.59236
316.28143
2952.1943
83.50962
49142.656
807.96704
503.50757
1452.8469
3203.2793
2553.934
151.61797
2591.5193
13385.314
4391.887
2748.5186
3600.4648
748.12195
1099.9126
1583.2697
62.455982
440.26108
32.01106
1670.5448
2137.352
1595.2667
2912.8845
21203.97
665.5638
15319.874
1396.6478
1546.0964
1425.9264
958.1012
8114.6406
227.13635
3468.2795
2964.4834
2052.8865
1003.73846
4712.3037
55.07028
2243.3677
4994.602
3106.7283
9325.451
604.48804
171.69821
322.87167
1864.3265
13254.299
109.96093
379.77954
6188.4385
205.02098
153.20322
2864.232
3275.7493
180.16553
1198.1907
10869.903
4006.5964
1356.017
631.4345
965.5917
61.71763
194.846
9230.078
5010.3506
2464.7964
1465.3564
4460.684
3394.1006
5831.491
892.1095
1070.0719
61.306244
7719.0723
2915.6008
366.03622
2194.2676
2654.2834
4096.622
847.49945
1205.4125
3014.006
1136.3745
1034.5765
5736.9297
3117.8828
3439.073
84.06008
64.09137
69022.2
3714.1577
6177.791
4234.3784
1216.9661
1129.4625
407.28427
1288.8876
6117.412
47.945496
590.7529
1405.2404
6544.3784
2917.9082
3422.4287
4885.392
13063.903
3957.6804
850.6131
2939.2559
57.64504
65.55819
1661.2542
5432.288
4248.18
1277.7947
4890.2603
2092.7642
6422.3403
496.4126
250.60306
3435.2385
186.74995
70.90648
13766.027
111.04415
11.28906
915.9873
959.5714
106.71468
287.556
3052.424
980.7641
3503.2039
1444.0508
765.7093
1412.6483
1344.8898
1252.9362
9204.251
1089.3306
95.58709
916.45
2693.5383
8235.432
878.2931
1409.0048
81.6017
486.06265
4547.8364
1379.163
4957.95
2012.6066
13644.861
1030.9539
384.56976
3757.1638
1428.6857
3231.806
5409.6753
1569.2949
3388.7498
3360.5315
2276.712
316.2376
752.1074
20.326277
341.55576
38.89917
4734.0264
3627.8813
705.0407
2600.8218
1412.1665
2430.5422
190.42082
1973.4873
3275.0098
27.23023
689.7153
407.68848
1576.9407
3233.6648
799.1302
48.279797
66.50498
1129.0724
67.43696
2387.2434
1420.0818
21.966324
417.73264
242.12569
94.8678
555.7276
3082.0002
2376.3445
719.46173
2421.3306
1716.2991
3285.2842
4434.4863
2.6878815
1149.0972
12789.0625
3841.3494
1060.3499
4660.339
950.35626
60.251198
494.12326
1773.7109
383.83273
2448.5093
78.36892
1504.5405
131.37427
88.799866
8648.549
57.40818
1744.6182
2039.4768
937.4669
828.31604
220.78941
1628.8662
956.4645
2284.986
2859.7852
1318.3235
3790.3096
1443.4386
870.04706
155.29723
876.8854
48.351944
197.05424
3270.0571
3073.402
222.27322
973.31165
10593.72
85.10869
3074.1626
1184.8975
1717.1239
23970.342
2062.973
3157.6313
105.746475
348.94498
148.42659
2402.3667
456.91953
200.84685
1995.0199
1427.3726
973.41437
1066.286
19391.46
102.97858
1754.8633
437.1395
2319.3599
5648.889
114.90852
153.35408
25.329674
68.16417
2906.1343
4345.455
354.1218
1984.8983
4758.353
2285.9385
1707.9811
6374.896
205.62183
125.31039
1538.2789
381.68478
985.89764
907.1342
8645.112
1640.6797
13.230384
499.4882
234.20335
937.6834
2837.298
262.45627
922.3586
732.28143
3441.232
3139.4038
3866.0615
1675.3373
4223.4346
4724.5703
90.84658
1736.4717
118.39282
1845.354
2089.8032
4260.7886
734.7727
76318.27
1109.3046
3174.1157
2252.5188
905.98676
4452.659
60.77141
2677.9265
105.58773
1105.9924
497.11548
4393.5215
3231.021
910.76654
3411.3396
524.8158
25676.36
48.35983
3415.8918
3578.5461
5171.4575
54.71222
119.93163
1272.1062
2981.5615
7.0150285
656.35944
36.717133
137.26929
25982.887
2852.5408
5449.144
11050.394
56.42219
1253.1273
1335.7806
922.8673
5154.543
165.25563
1290.7946
3181.3489
1443.2305
341.5869
27.8494
3989.6506
7272.4805
4839.627
5878.126
203.65074
2941.9102
1229.1409
5330.8906
4117.853
425.1821
7500.4287
4782.767
1313.4056
508.16086
908.1611
3942.0857
856.8631
80.22191
14636.727
15505.362
984.764
485.71094
253.86375
3543.4624
17380.076
46.618282
152.20267
3215.7966
161.61209
287.30362
70.834915
3880.6926
3186.0908
5519.196
3914.3428
1598.7959
8963.305
3756.597
7154.4053
33.655025
13.074244
1765.5482
4866.1953
3507.2979
176.84114
4042.1992
1763.316
997.91614
19741.732
165.71475
5778.642
2924.0974
658.2338
44.35528
4974.959
3502.579
1455.6385
370.25226
2287.043
1404.265
297.61887
3359.4963
124.90198
10165.094
8496.822
67.825874
3990.4102
103.291504
3639.8755
6717.5513
1383.9651
6048.6436
771.57776
1526.713
276.03293
4337.6333
22948.56
141.4872
65.47102
2689.3525
1513.8339
1123.0807
2303.9475
4495.434
52.182507
57.050655
2783.5051
3209.8855
2028.3744
69.218994
866.86554
1702.9325
1389.59
89.5828
5138.1055
28.559845
61428.09
11501.295
998.04364
2333.6174
256.97687
1596.2378
43.741856
662.99945
1050.64
3834.355
19196.12
1261.745
1012.8304
2142.1648
1340.751
15181.539
2179.9937
411.5497
282.71527
149.82283
615.163
598.3051
1011.3255
796.4188
1235.0469
2933.8591
469.66406
1260.0303
9301.154
3225.6
118.05331
3885.217
1410.0344
114.47188
2294.2993
4894.429
686.7675
139.3437
2523.6152
1139.834
3524.3457
8174.7695
249.86548
220.85962
3907.575
4051.1177
3110.1572
3232.527
716.7489
17129.055
226.34538
105.10819
2494.0396
2225.0066
36.557854
1544.0797
44014.516
580.6296
1368.4613
925.1676
888.7189
89.99334
1282.9188
2821.546
187.43282
86.56784
8856.609
489.8023
1375.9875
3008.8984
243.64708
65.644295
12695.69
3765.0657
889.26483
1943.6836
1636.7661
332.92953
128.28937
4101.2144
3291.1624
6860.165
78.63622
1338.053
1792.6019
1375.5311
961.2072
1713.7793
4062.6177
4579.504
331.30338
1073.5962
13886.793
6298.2944
1546.5455
61.473114
527.8332
464.9947
8.957038
2662.7786
1254.0105
2573.5374
257.60352
1067.547
1592.5283
4820.902
3981.5227
7067.552
2350.3665
19117.943
2924.2917
11120.212
984.0047
10779.556
2940.7761
3199.9248
749.1547
827.47656
703.4747
1980.9863
1538.9829
5187.6357
253.97063
317.3525
819.6129
1063.6877
3234.824
3551.839
1983.83
665.88477
3004.682
1465.2153
950.5756
543.5088
49.306408
2071.9897
1567.1836
107.12909
5635.1885
104.04153
34.441345
8.83644
1128.8807
107.86934
2708.559
87.23757
1011.3304
7329.2085
4195.2534
3110.3975
276.3233
133.75758
1369.5908
1255.9346
9.4615965
481.14005
832.45844
1919.917
563.5649
7769.527
808.0435
4361.975
337.65942
568.2537
888.3283
629.1069
1429.3983
5514.335
2935.46
1325.0533
27534.049
26.12323
43283.793
917.1868
460.01596
101.40379
415.99228
721.4406
47.089005
6770.1074
3181.3381
1750.2506
2770.529
3906.3875
2905.8374
3186.7573
95.25899
4943.657
951.97626
171.02542
2269.6003
3864.2444
11005.355
177.82036
3558.739
79.52425
1827.7465
1720.4799
11170.288
929.3299
1525.7585
3156.8628
7439.238
3110.945
953.99945
52.372738
3453.8142
1827.2136
3072.5024
53.936687
877.00586
156.07283
1306.472
251.29057
1461.7284
763.9228
60.178173
7706.654
50.24235
125.61365
1995.8838
16315.163
2905.209
11155.298
2287.4856
3302.5222
3242.8723
13563.582
1166.1332
179.06323
27.141218
5063.543
630.2376
490.20694
3236.4446
940.659
12021.14
15955.461
563.1017
2200.248
57.639057
107.55084
90.77587
28.50153
89.842094
881.73987
2448.7312
6030.3027
13663.883
645.6741
62.807766
366.23062
1083.3212
626.7846
3219.0696
89.20678
2279.2861
135.46593
84.652824
4991.3
3411.9133
2882.7864
4363.0127
144.7286
1000.80334
95.37292
803.744
4578.9297
4636.508
68.68182
192.77168
740.68744
4557.4683
28.513275
178.48643
3572.011
878.63477
2837.2017
1435.2102
1736.2582
536.4946
456.95026
184.46774
1437.615
424.5079
68.19088
23726.223
1204.8961
13486.8125
1298.9257
1882.6769
473.34952
1696.3235
1560.6443
1625.8613
50932.965
4798.2275
96.638405
8413.497
937.6494
2501.197
46.656105
1408.849
6568.3057
65.73138
328.97055
3493.37
4533.978
958.7585
607.44794
3623.8489
2378.818
15.526435
182.20297
100.49172
5143.076
38.344345
707.4932
157.20616
445.2754
9064.141
1817.5328
1402.0662
2927.919
1184.1366
6540.6895
7.7763796
2122.7935
745.97784
512.81146
1407.9589
46.4737
6771.254
56.39919
46.940613
63.542126
362.06738
15539.069
1020.3465
2727.178
6328.1484
101.94545
5769.7495
5922.318
1403.7023
2860.9524
5071.037
155.03667
54.735584
550.25696
53.653103
854.7902
28211.578
681.05414
73.15273
2500.7485
4754.7627
348.49216
5860.169
1229.5448
8880.649
2996.9663
5.2175293
2929.3179
2736.2056
165.66528
1324.8512
35.87862
2926.5796
877.84766
353.06683
1147.5398
422.3672
1269.5825
206.15471
667.4733
42.56928
149.67879
1210.66
1620.3268
39.05623
242.51924
2692.3447
5360.327
1012.6379
11370.716
538.8942
14724.656
187.6493
7537.027
44.732258
496.5525
965.9462
19226.352
596.5313
80.35489
3810.9116
2051.225
46.39722
1183.8226
5.5324965
3052.0645
8634.364
96.42966
7702.4165
744.2831
2072.7737
55.6089
47.270985
12106.504
91.682755
714.51404
1107.2639
186.98198
125.78603
1280.6063
2805.7075
3353.338
193.90388
77867.39
113.83703
36.28174
2030.1234
1271.196
529.86127
2123.8906
379.76987
2822.7517
7716.107
665.60394
10454.436
92380.8
601.9022
7869.304
2117.7
5603.3833
271.37027
953.2673
813.506
1694.25
858.0185
3773.2031
435.0625
87.420135
1480.2566
80.80231
212.00354
3291.7668
4296.4033
11939.196
1467.3673
1871.0204
2665.4712
22881.27
11528.846
1178.5543
134.13644
3898.6125
63.85342
6150.5034
740.82855
9915.941
4731.0786
1382.024
5167.5493
2985.2224
2540.273
807.43945
4110.8096
1054.4644
7541.8047
944.67236
1125.1698
92.05718
2388.4128
61.19221
934.4062
461.09512
4091.983
226.92534
983.53564
909.6872
14426.402
1618.4924
1083.0642
1249.346
2914.4094
20340.254
8780.734
456.09308
112.001915
1363.3998
2038.6073
4982.465
248.47722
82.18505
441.2295
9346.371
3338.5718
39.462067
7842.7734
3818.5286
1013.4883
977.85364
692.30835
4806.8613
2257.3943
3168.6284
4308.753
980.4687
959.1767
1637.7927
2648.5327
36.76976
1047.5469
125.89208
130.42908
3274.9224
5850.981
1085.4915
358.1712
2448.4326
12501.131
10328.761
534.3861
44.701473
434.9266
31.629633
875.5714
4240.9824
76.9027
84.0009
167.2823
1436.6504
49.661266
1675.1031
7617.8867
2119.8582
525.0026
4919.0024
5984.099
75.35159
811.2189
69.099945
1870.1161
247693.94
13144.756
28.977188
26.269552
1174.9015
2697.5083
7670.436
2189.5703
4564.491
353.9614
4241.0625
855.4843
500.9334
2628.827
407.94797
221.40816
7106.6484
2799.8582
2786.8142
107.848854
65.01929
199.88567
848.19434
1609.002
8772.253
266.4363
9.455683
734.91656
81.529144
25813.264
171.31133
12414.878
5551.6587
1793.2227
373.15704
2045.9568
1061.5312
1779.4156
676.207
680.05585
157.16985
21.00651
1702.7411
122.04934
186.6956
762.9589
1904.092
903.7793
5118.003
1655.6498
1751.5697
3364.8628
2167.9468
4318.47
7446.5854
4729.6533
54.251827
3769.9282
2308.355
3283.6094
1110.1523
4929.838
3670.6067
737.18256
52.794006
419.6008
571.0035
143.04425
2744.1638
1549.4174
295.7219
15878.814
2051.6675
1200.4429
1699.968
1564.0466
1950.8625
2951.0417
1643.65
1203.8495
23.472322
1040.3358
20297.668
367.04916
1485.9381
80.2406
1372.3812
2647.5635
544.9768
79.05564
4371.564
1089.3627
661.0536
953.9581
2445.1243
1364.4447
20980.098
1324.0529
39.24086
5834.7236
953.23694
1725.5887
2296.9058
51.64641
11369.758
19.547472
2203.3037
3640.3958
48.084835
11252.334
3482.1763
15087.029
1049.0221
10861.976
3959.3723
182.9691
5716.382
3636.835
1073.1339
159.52917
207.38516
98.25713
682.3554
2294.7559
9950.106
6066.2554
7264.771
846.0168
1722.9049
677.43475
2135.2498
459.08112
129.97112
153.32585
2844.063
3297.5693
2796.5815
232.59709
97.44139
4121.9136
5304.914
2270.8152
114.62164
3035.8293
41.12042
1923.5231
1418.6204
469.99265
3305.1277
148.27623
813.3313
1218.5004
1104.8711
265.79147
851.9238
672.8227
5034.3047
11036.225
259.08786
2849.7786
7323.7905
1592.9474
72.77343
1190.4318
2204.58
4749.096
228.50337
648.97925
2234.426
6370.084
1739.5999
2686.148
59.257812
3781.6663
3182.684
3113.4355
311.72647
1012.1624
7385.3154
128.51575
789.0054
775.08746
2733.8008
2477.8125
3706.2446
1247.7317
4636.901
2839.3528
513.5386
3247.007
5345.3823
4703.312
1168.3456
3305.716
3343.5293
6117.0894
2418.8862
78.254616
10861.95
667.7008
3728.6597
4060.0532
531.39014
8748.671
430.08005
3622.0063
219130.42
87.84603
972.20087
1072.3973
644.28314
1256.4154
80.44822
1426.6571
1736.7992
4817.6787
4898.875
204.90025
3875.712
148.81065
20.691772
288.84546
2043.9977
5819.4375
84.39713
27.348581
139757.47
898.207
340.93344
139.76018
1870.0465
97.73963
305.37726
164.06096
6484.529
1538.5668
1164.1483
23047.102
204525.52
108.72959
623.34283
657.57916
3257.9626
14073.276
60.229153
39.50315
70.979515
473.3526
3880.2034
107.273796
140.37975
1590.5771
5354.413
821.28723
42.729393
357.8658
163.29228
3065.5908
635.5688
9232.296
9939.477
4064.7664
34566.89
348.63168
6626.346
396.10925
37.580147
637.64233
2526.3062
3486.208
74113.055
51.833202
549.22485
29901.848
129.35265
20342.385
615.5396
813.72974
1276.7074
1709.5609
3844.052
1290.077
60.23936
3178.6753
1715.4888
99.46639
28.571278
846.0985
212.99014
1034.7391
1568.861
5375.773
65.90433
3276.5056
892.7255
6892.6445
8008.74
2733.0854
3676.0613
335.71744
832.3447
4081.5107
42.403103
1158.8545
1032.2792
935.514
726.4362
1521.5078
3962.7957
49145.03
2951.0906
494.37466
77.248405
9866.464
2279.328
731.5608
161.93033
1599.6694
7567.371
99.992325
1663.7106
3514.5244
825.7924
2647.5146
1944.0614
679.4315
2183.585
35.437546
2495.8433
46881.957
39.23065
1111.5973
4592.1035
9584.16
122.71132
1003.4943
1680.619
12713.915
151.75041
670.60205
1128.7596
1691.6757
163.72914
1917.6672
4033.2715
934.04535
125.45147
109.805084
67.56709
137.28693
707.7998
1426.118
3382.6255
5732.669
10225.931
3125.0767
415.5896
1557.1904
4819.319
950.95264
132.76309
5525.935
10279.524
3641.9478
149.19656
7.3654757
1308.0693
2469.3074
81.65866
1280.1931
13062.511
1367.4233
835.707
412.80557
1362.5083
5636.376
372.01138
905.00995
1077.2346
53.34402
1144.8096
3872.3184
4441.574
1672.1346
1337.931
1452.2601
161.99632
3073.1055
1545.3401
3343.38
7779.6187
11882.201
100.26852
3717.8938
1584.3436
156.60626
336.67715
1305.0621
276.09238
3591.4226
15297.071
246.35042
9541.985
1579.9669
2609.346
2081.5288
2049.285
8006.961
473.68747
434.13663
3750.1921
5647.0107
197.0823
4502.515
4266.1006
4378.673
90.318214
16.40585
729.0851
430.0838
3051.7773
169.40257
1653.2317
250.50125
315.38412
308.79697
8985.568
4545.3115
146.6704
6929.698
4752.772
302.6497
1390.8713
3401.7686
694.0257
10.04468
4139.262
4684.8564
4092.2878
1812.2272
686.58386
4190.22
1164.101
3201.4287
105.57788
4070.2695
201.41058
178.81297
39.9752
1082.2726
176.02295
569.5827
2333.4663
2288.7744
14.560638
78.20751
1154.4684
3584.16
63.50849
5495.8623
4558.5757
3793.5469
312.1907
1352.1908
900.8792
1939.306
370.22864
177.6079
1190.7826
254.02562
4262.4355
606.7861
7276.5938
26.8626
503.38312
1419.709
457.88858
1309.0592
522.38916
70993.27
1553.1644
16059.71
329.79944
712.98114
1241.0251
2873.8647
24919.906
67.75069
2621.3423
2076.7903
592.74713
245.50566
24494.36
37.004444
1673.4283
177.17891
719.0417
1089.273
4673.997
215.01953
2012.6768
674.3708
73.86279
4802.996
30.100378
22663.963
14939.3125
4927.1577
2030.3911
3948.2568
1334.5513
424.575
154.68733
1858.8333
446.444
2217.1587
331.49756
2175.761
4314.327
378.0803
6442.7456
701.8672
1040.6469
1174.7854
722.3586
4388.1895
14.259631
307.16135
6185.175
36.707314
4242.27
1210.6047
3449.5234
2189.6199
4656.94
970.4811
3172.4712
1558.6459
3276.717
3791.5437
3156.5842
2901.0747
1493.5337
109.901505
3273.7112
584.9998
151.27205
4149.3247
8805.14
4216.569
14914.057
109.60911
3316.395
107.757996
1176.0977
3092.7405
5619.1797
5420.6245
3360.4565
33.189705
1555.0337
128917.14
1436.1954
47.91435
1068.2177
13617.614
531.6886
2932.7239
1518.8636
4041.3545
615.87964
1299.0137
2141.0615
1075.9672
59.61134
216.97008
804.6907
2284.3132
12618.837
2914.5894
1834.137
3020.5383
16.762758
17.262287
82.86067
5793.8574
1558.972
951.819
2168.2903
48784.074
1180.1796
4691.551
28.698175
1603.4147
2983.156
1736.3573
853.6811
122.35262
289.77426
122.60265
98.45127
117114.336
3253.971
4532.823
10574.24
23.741735
2776.916
804.9062
9330.137
1071.8582
441.55948
1273.5297
2511.5352
799.45526
858.38165
5224.752
277.40643
4143.183
3289.2007
4686.5737
2295.233
3204.5417
703.0001
678.43677
1825.428
3376.6665
4808.117
5445.7314
3088.1228
1857.6456
3320.2039
98952.625
3788.725
4675.2036
2189.5178
257.99127
12264.431
799.18646
846.27814
6.299835
471.18237
929.70575
