251.44861
314.39426
189.32266
0.0
478.26767
1532.6682
790.54016
1736.5406
0.0
0.0
0.0
708.52496
3630.149
1851.9589
7728.8354
0.0
294.82062
0.0
990.33215
2352.7786
2319.2205
1379.2529
1614.5637
1833.1538
0.0
0.0
0.0
639.7629
1742.779
1016.5613
618.155
1210.2141
0.0
889.6512
0.0
2062.5618
359.70566
2802.3281
25471.709
0.0
0.0
1313.6488
1101.5165
2917.3933
2075.9346
0.0
0.0
0.0
0.0
366.71933
2885.0117
0.0
0.0
893.7711
0.0
0.0
2196.9658
0.0
3021.7163
721.88556
9620.789
0.0
0.0
0.0
1421.2583
0.0
7767.3965
297.12567
1350.0709
100.21495
2543.4727
1954.0287
1113.4601
0.0
0.0
0.0
4532.767
709.8668
1913.0835
630.624
556.3111
2652.7493
1832.0425
368.16077
9473.461
0.0
575.522
0.0
351.78058
1009.4289
1528.8115
10049.636
22495.441
0.0
0.0
5874.357
0.0
0.67925835
0.0
638.68274
2050.271
2813.1816
6331.6904
274.1052
672.3433
0.0
1771.3029
2421.135
159.93683
3151.3535
0.0
0.0
0.0
1445.1372
1450.8077
258.0571
1784.8716
11481.751
0.0
0.0
0.0
0.0
0.0
165.2396
1343.2008
0.0
0.0
26626.84
868.61633
0.0
1972.3513
1662.2933
0.0
382.58575
139.57486
0.0
1517.7208
4621.7188
0.0
0.0
0.0
2548.4756
0.0
4055.171
0.0
2835.7827
0.0
3273.929
0.0
1612.5559
1640.9299
1608.7544
1819.2688
0.0
5085.756
449.31824
409.08325
0.0
0.0
0.0
413.97913
0.0
939.5204
2551.189
0.0
3543.0635
791.14294
951.1727
0.0
2538.5618
9802.234
0.0
2035.9166
0.0
1730.5785
12546.416
0.0
968.01965
1114.4585
4781.9116
0.0
0.0
0.0
0.0
0.0
0.0
386.57376
0.0
931.2927
0.0
0.0
4401.578
1124.7561
2823.1455
443.52148
12412.628
1537.093
2353.1187
2330.165
1304.1299
482.3433
0.0
0.0
4764.714
0.0
0.0
7823.989
0.0
577.83734
0.0
1206.138
3291.8252
1882.9457
0.0
139.7459
0.0
0.0
0.0
2212.951
0.0
0.0
757.8095
0.0
1564.0825
2946.9775
1623.6011
5009.4775
998.6354
0.0
0.0
0.0
1706.1345
0.0
0.0
1237.4178
0.0
0.0
2760.447
6651.9233
0.0
0.0
1861.7914
724.38385
358.79556
118.18274
4628.502
0.0
1946.1895
0.0
0.0
0.0
1364.08
1155.0599
5632.3887
3012.485
0.0
71.0662
4616.7827
0.0
0.0
0.0
0.0
2640.3582
14698.691
0.0
198.81845
52.14254
321.12088
0.0
1417.3645
0.0
578.6069
6161.3843
0.0
2173.943
0.0
1440.8057
0.0
464.9323
15593.27
339.05502
444.2657
1694.999
0.0
384.62036
1369.2391
47810.098
1053.5098
15219.98
11671.943
1322.9417
11143.205
0.0
3588.6763
180.16776
0.0
0.0
2961.9187
0.0
5594.3228
1043.9365
558.2041
2266.5427
3641.7651
0.0
681.1337
1232.4547
1517.0012
1034.9219
0.0
0.0
0.0
78.495735
1629.4441
1659.6373
287.23282
6452.363
15796.004
1346.0073
187.4954
0.0
341.7485
0.0
768.02716
1381.9313
605.539
664.20087
913.0868
717.4263
0.0
318.3822
0.0
0.0
1448.8335
0.0
101.548904
4059.3362
0.0
1387.2177
2600.582
280.6501
1304.3147
2645.3398
1113.1476
226.05594
305.16638
3679.7778
18315.117
0.0
851.8783
1952.0679
0.0
1160.6803
0.0
1168.3408
1469.171
548.4796
1562.2764
4497.5664
659.3311
2089.5056
0.0
0.0
305.38727
0.0
3130.2483
0.0
0.0
4760.8364
0.0
629.9879
0.0
12686.973
301.94183
46.31543
0.0
2984.2405
0.0
0.0
0.0
6037.471
0.0
0.0
344.7035
3923.958
825.2042
0.0
0.0
37630.78
0.0
436.7782
0.0
1147.1125
0.0
7828.3413
924.3037
1598.6179
0.0
829.48596
1095.5526
0.0
666.12683
0.0
0.0
5881.544
582.3336
0.0
8939.114
0.0
3274.6191
0.0
1446.6597
6439.9053
4212.806
1342.9912
3667.6714
0.0
928.67725
15888.136
824.2756
154.75485
1336.9451
1316.9039
0.0
0.0
2836.8865
660.47815
0.0
1325.9949
417.81232
4926.758
1155.7783
1700.6045
808.3133
845.5764
0.0
0.0
5080.44
1103.3848
0.0
0.0
0.0
0.0
802.16235
0.0
482.88803
1096.6763
0.0
1072.207
650.0692
1231.5159
2347.6182
1901.1538
1231.3611
0.0
0.0
0.0
2277.4307
5482.7427
0.0
0.0
0.0
5439.292
334.6336
1663.8121
0.0
2894.896
1209.192
0.0
1582.6753
473.66626
1176.4514
1850.4718
423.8946
1336.0266
1365.2651
1020.9061
123.70615
2781.8315
970.8025
0.0
0.0
0.0
0.0
535.385
1735.8928
1130.1594
0.0
1473.1549
0.0
1095.1382
888.5555
355.81717
67.51321
1176.0894
3800.5679
0.0
3683.6868
0.0
5671.0474
5701.674
0.0
919.4674
8132.1035
9039.54
729.9807
0.0
2628.2473
1074.909
2429.462
0.0
10131.37
0.0
4203.2256
666.2051
1306.6306
2049.1665
15204.837
0.0
0.0
0.0
1410.1342
394.34033
0.0
3373.4004
0.0
2166.7698
0.0
474.92633
2771.8206
4448.655
5115.1274
0.0
0.0
0.0
1755.8405
1334.9233
922.09
0.0
2320.108
0.0
0.0
2588.5952
0.0
14.434096
0.0
681.2071
0.0
0.0
0.0
0.0
2575.3848
0.0
0.0
4064.3325
0.0
6336.7144
1835.8551
1589.0184
2246.6772
5405.8604
195.34512
846.09204
1965.9492
0.0
0.0
1122.5034
1349.0656
3207.54
0.0
0.0
0.0
554.4858
564.8393
10753.864
1574.2222
14306.924
0.0
8428.432
1604.0874
0.0
1139.2993
0.0
0.0
1693.0671
603.282
0.0
960.26074
1486.1317
1062.0486
6609.2246
306.70416
0.0
5211.881
0.0
4410.7666
2201.973
3956.8362
0.0
0.0
0.0
396.79694
0.0
1268.2083
0.0
0.0
455.4015
1016.907
0.0
0.0
392.46365
0.0
2106.2886
323.79016
0.0
1593.8549
1571.6299
2099.109
677.15533
0.0
3.717125
5391.228
1942.2319
1004.22375
0.0
5629.3506
4845.5786
0.0
0.0
0.0
0.0
0.0
0.0
0.0
1148.0374
131.81166
287.2544
358.64413
1967.6384
0.0
0.0
404.12265
0.0
1365.165
1608.0502
0.0
0.0
1368.1245
0.0
867.67163
791.7705
423.9179
0.0
0.0
662.4578
3996.2556
0.0
1213.1387
0.0
4282.1787
714.1219
1270.7374
2792.659
2577.7214
2316.0723
0.0
1138.3308
2865.037
1197.4363
0.0
0.0
1196.272
0.0
2374.282
1863.801
1082.3655
723.8149
0.0
0.0
0.0
24252.398
0.0
0.0
366.73483
636.72485
6093.078
962.81006
2798.9004
0.0
6845.4746
3122.4922
0.0
1917.5233
0.0
4211.825
319.65604
0.0
741.21423
87.354935
2612.046
10266.591
3675.308
44.24916
9431.262
605.9011
2512.5115
2026.4373
1278.2861
193.68214
86.08733
3832.604
1583.6648
0.0
5087.1274
0.0
1156.375
2353.444
1134.2377
2011.4468
0.0
0.0
0.0
1343.548
0.0
0.0
0.0
0.0
3084.899
3591.4531
2146.2715
3174.3855
0.0
3611.8625
83.291374
3209.9712
2486.6204
0.0
1334.1696
2991.914
466.87634
5224.0054
224.31354
0.0
0.0
3371.7036
0.0
0.0
0.0
0.0
2045.2681
0.0
1171.4089
1331.7491
0.0
1128.275
35.743362
0.0
1040.6809
3092.5566
1354.781
0.0
957.8624
12588.724
0.0
699.90564
1669.8257
0.0
427.55865
1918.6846
0.0
1346.7681
848.26306
0.0
2553.0205
0.0
1146.1152
2982.8958
2590.894
2210.8462
0.0
949.9142
1476.7876
0.0
875.7313
1055.6433
729.34314
2104.6912
0.0
0.0
0.0
632.09656
5803.1543
1334.2407
1105.2328
0.0
3883.3333
897.27814
1704.738
0.0
2769.7295
0.0
2508.2085
1228.2605
0.0
1143.6282
10121.256
11850.479
0.0
3365.4944
498.19684
0.0
0.0
787.7346
0.0
2102.2573
1253.733
2328.5046
0.0
0.0
1368.4211
1460.4727
720.8584
1550.1193
1102.165
0.0
0.0
3731.8909
0.0
0.0
0.0
3125.7153
0.0
1326.6072
942.1994
4555.7256
0.0
4224.3037
512.70074
763.7789
0.0
351.84274
3130.819
0.0
0.0
27.247076
1096.162
1648.3107
1188.7832
455.57513
0.0
0.0
2323.1003
8042.4175
2136.597
304.19348
0.0
8653.803
7448.299
5002.18
0.0
552.08655
0.0
4893.3604
1566.8218
784.73334
135.99484
678.2758
7198.784
1396.8794
1097.0854
3098.2998
154.61719
224.03256
1448.188
905.80853
2060.4155
1265.8969
1591.6194
0.0
2363.794
3980.4753
289.1876
2191.7668
1911.6862
0.0
473.56824
1716.8215
0.0
0.0
329.15698
6647.739
1391.9067
0.0
2705.3596
776.72797
18553.734
0.0
0.0
1012.7559
2067.9673
548.6971
505.33374
7312.048
0.0
3395.127
0.0
2772.6611
2625.6956
0.0
0.0
0.0
1333.5112
2062.0999
407.182
3749.2847
1028.368
0.0
3123.5977
1110.1736
0.0
152.99646
0.0
3532.0952
50.53676
102.32869
960.6483
0.0
1944.4763
1117.5802
0.0
8789.134
0.0
9385.896
70012.99
0.0
0.0
5528.4043
1441.7295
1003.17834
1247.4365
0.0
0.0
4026.5137
835.573
1452.0237
0.0
27646.945
0.0
0.0
0.0
0.0
6060.777
0.0
4120.066
248.18895
689.6426
235.70026
0.0
228.35396
926.54333
1567.6794
7053.6934
1285.4592
9015.782
0.0
0.0
2999.028
615.9602
1589.0724
1354.4724
2534.3564
4086.5742
1293.8229
115.514465
482.6188
8054.617
1122.8108
1533.2029
4697.4414
3628.7793
0.0
1185.5989
0.0
13388.218
3657.2944
0.0
779.24524
374.8302
7527.2285
1411.0688
3702.8674
0.0
0.0
0.0
590.76855
7220.9736
3479.9688
88.004486
127.4342
6899.464
64919.305
262.76602
1937.26
1947.2
0.0
0.0
293.80475
0.0
0.0
0.0
379.98718
0.0
0.0
2196.9653
1944.9563
65.533516
8465.821
1696.9836
3448.8691
2500.386
19368.953
3262.5596
3020.8926
0.0
0.0
0.0
0.0
889.62085
2573.3367
0.0
1736.0664
0.0
273.71286
20499.643
1149.0602
0.0
2985.0083
0.0
3412.8633
0.0
1896.6823
5518.199
45079.242
154.58228
1456.1938
0.0
271.4806
560.3081
1039.4562
0.0
11215.464
211.12253
1270.0773
3730.6077
5644.669
17503.434
0.0
779.85876
0.0
6354.074
0.0
66.2332
0.0
0.0
0.0
0.0
3905.6636
433.62408
481.6693
2124.6538
1585.4764
0.0
0.0
1552.2922
1509.0869
0.0
6143.7925
0.0
530.59607
0.0
0.0
2313.446
0.0
0.0
3309.2446
0.0
338.35443
1153.9167
0.0
1618.3752
366.87643
139.63266
0.0
2789.191
418.36703
0.0
0.0
0.0
0.0
1115.4335
0.0
602.6052
0.0
1227.9728
1715.776
0.0
781.31055
1206.4517
0.0
0.0
1067.998
5852.6216
1134.9302
5463.281
2064.9622
0.0
1865.5668
13776.656
5091.353
0.0
0.0
0.0
0.0
70.883896
2404.272
1792.3843
1062.1083
0.0
0.0
599.4056
1443.6882
16400.277
810.63574
0.0
2132.8623
2846.2778
0.0
12285.133
1901.0193
1347.1254
3248.6428
201.42519
2307.0933
647.7037
3547.6726
0.0
0.0
82.49537
0.0
721.9114
8049.0425
0.0
1559.2506
5792.6113
1643.385
4242.872
3767.8267
1521.1722
657.136
4403.271
65.7953
0.0
2461.867
1317.072
1637.5115
0.0
1263.3013
7046.1436
2517.4236
1456.5024
169.05692
0.0
0.0
356.7044
845.1449
861.41223
0.0
4570.036
7382.884
2094.9973
1750.4104
0.0
0.0
0.0
127.38856
5395.258
0.0
0.0
0.0
0.0
5097.884
0.0
4862.6133
350.6937
2117.421
0.0
766.34595
3605.899
1297.8301
0.0
0.0
769.3503
2014.8547
7756.3843
4404.3237
1193.9884
0.0
624.358
1303.4509
0.0
1380.5585
386.66464
2108.2803
491.76135
1826.4283
764.2653
1384.6135
0.0
0.0
6560.934
5121.624
0.0
644.2129
0.0
1229.4877
4909.0425
1042.5986
0.0
0.0
900.6718
4975.38
762.78015
0.0
204.70003
6640.503
0.0
566.88245
939.83307
0.0
6122.8857
1813.6873
0.0
5998.5674
0.0
3228.335
0.0
0.0
1807.3757
7213.912
2341.5188
895.42444
776.5487
2881.6443
830.7167
0.0
13022.252
2270.0957
167.57217
0.0
17.092716
4838.834
0.0
1493.9338
96.25901
1022.97986
0.0
0.0
1562.7649
8348.23
332.54504
1497.0125
1204.3318
282.24197
0.0
0.0
0.0
669.90125
869.5974
0.0
4287.8257
0.0
433.0198
977.8489
47555.395
5031.5806
1054.041
1573.4438
321.20828
2681.845
401.1313
0.0
192.861
336.96024
73.40412
10157.086
0.0
0.0
29691.795
1701.6787
187.28964
0.0
932.62756
3128.0295
6638.5264
0.0
436.81262
3286.06
0.0
1209.4736
310.4497
2348.8286
0.0
1200.1285
0.0
1265.175
1943.7163
12370.686
13615.55
282.22772
2139.9636
0.0
0.0
0.0
8978.078
370.05078
0.0
705.701
249.3161
4061.6306
3912.773
11096.328
0.0
2053.1677
0.0
3247.2046
9637.752
438.75458
760870.3
0.0
0.0
18147.719
0.0
528.03064
0.0
1052.5387
0.0
848.50446
0.0
3041.8936
0.0
0.0
9583.686
1715.6057
3540.9324
306.2038
2049.0454
448.7286
0.0
172.38818
0.0
1458.0262
0.0
1119.3757
1541.6543
2191.1643
2176.1172
0.0
744.2465
1672.2747
0.0
0.0
1936.1262
0.0
3123.6055
1854.0137
955.94775
7285.343
1555.0809
0.0
1447.0674
2851.1462
0.0
629.3496
2143.6755
1207.4822
1151.4543
0.0
0.0
726.7727
5150.9424
0.0
2757.0342
7068.1396
0.0
1267.3052
0.0
0.0
0.0
0.0
1736.7166
0.0
0.0
0.0
0.0
1281.596
0.0
0.0
0.0
0.0
1057.9827
566.0504
1782.6514
807.9903
5350.0747
1173.3164
2137.6233
709.4165
458.25934
1046.3955
0.0
1203.5823
0.0
457.3003
482.82272
516.3998
9684.285
0.0
1062.3328
0.0
1771.25
3665.1836
0.0
898.39294
0.0
616.6339
0.0
0.0
4856.921
7881.851
0.0
6029.9253
3095.0383
0.0
2469.773
0.0
0.0
380.33612
2695.0737
1532.9543
1806.3555
1378.8563
1359.9106
0.0
1953.2124
0.0
6063.4536
1006.53845
1234.8647
112.36348
0.0
0.0
0.0
1572.5759
1448.8993
1658.1099
0.0
0.0
354.12735
0.0
3195.875
0.0
0.0
400.27997
93.86275
569.2789
1031.583
0.0
0.0
14688.013
1722.2754
0.0
1521.7578
1783.5681
3366.983
105.12048
2737.166
0.0
0.0
316.33875
1431.9885
1270.6027
2030.2434
2522.1328
908.2654
1090.8845
0.0
1190.6265
0.0
1767.5579
0.0
5454.246
1793.835
0.0
1183.7283
1117.4569
2034.3439
772.9198
0.0
3639.2178
608.2476
2043.937
110034.35
2938.2268
388.36758
1301.3937
2529.7366
4918.8555
2000.5447
426.4875
0.0
13445.417
1533.802
1196.6482
0.0
753.646
3088.603
7326.4565
1813.1625
1343.5386
1185.4248
0.0
972.7866
2130.8933
1363.8632
1822.2861
1571.5717
831.1437
0.0
0.0
716.8605
1197.3204
2183.895
1664.3906
643.9961
619.2471
0.0
0.0
1407.2721
1815.1716
1942.5449
945.7836
12972.768
30.916626
798.16156
1435.3575
0.0
570.59106
0.0
581.6808
254.45117
1580.6078
5427.3535
0.0
1263.2238
0.0
5277.772
0.0
2007.0553
21.406683
0.0
0.0
2905.129
1363.6672
8203.047
0.0
0.0
0.0
1785.6228
0.0
0.0
3792.5474
128.20367
0.0
784.5769
91.76503
2408.295
2082.6084
0.0
2931.5457
0.0
4684.4224
9.710993
1629.1189
1538.6998
554.3948
0.0
0.0
448.60724
237.31839
3781.83
39.34889
0.0
0.0
1809.3762
0.0
1477.842
678.6467
1813.6973
1717.605
97.44123
0.0
0.0
0.0
2658.9019
0.0
0.0
2066.0112
2704.1543
3706.1313
1259.1024
0.0
7026.21
0.0
1863.2816
366.68417
0.0
3553.897
4455.7964
14682.545
4812.871
802.402
2049.4375
0.0
866.3281
0.0
3948.4915
7433.491
0.0
1872.2576
36.164265
1934.4761
1865.6978
965.5394
0.0
1972.6151
253.92026
3248.1963
2985.413
0.0
0.0
1245.0085
4940.238
287.02728
0.0
1804.5603
2397.967
3311.24
4424.8403
3048.3518
800.3472
4977.5586
1091.2147
1649.0135
706.2262
1209.6276
8048.494
0.0
659.7076
1575.563
1534.6973
373.9638
3584.5513
1267.7388
0.0
7659.3643
0.0
0.0
0.0
0.0
1636.4358
0.0
1052.7855
1707.7798
0.0
135.23479
0.0
2864.274
2667.083
320.32056
0.0
0.0
0.0
0.0
1590.2861
3095.961
1677.2578
0.0
0.0
0.0
2021.5641
0.0
0.0
1732.4635
3931.28
0.0
1521.324
2545.3477
2301.1138
0.0
0.0
0.0
0.0
0.0
0.0
1889.8679
0.0
350.91006
490.91614
0.0
0.0
515.6974
0.0
302.55414
0.0
750.03564
261.30627
2085.6174
179.16951
436.20596
267.61697
1433.307
603.8341
6065.939
22187.227
313.04803
0.0
1046.5842
3514.9355
0.0
0.0
258.31247
7170.0127
0.0
0.0
0.0
0.0
1436.2175
2387.8525
0.0
1488.216
1484.1094
3548.6301
0.0
1653.5071
0.0
8426.99
0.0
3055.2542
3991.2937
1284.4741
3141.4949
897.2413
0.0
0.0
1734.0687
0.0
1071.3528
0.0
421.8675
3783.2832
332.53232
5025.3
1308.6833
183.12244
0.0
955.0305
1440.0663
0.0
2147.523
1388.879
0.0
0.0
24937.09
962.7063
0.0
1126.2906
1738.7739
7697.759
916.7814
0.0
1160.9504
1554.6238
1959.5085
28417.086
0.0
0.0
442.691
306.72464
2566.0776
378.26318
3864.877
522.27905
2603.7668
327.73965
3046.969
5975.3325
537.3043
283.05
0.0
2049.958
0.0
2959.8809
2076.2974
1216.2247
0.0
667.91486
0.0
0.0
2437.2856
0.0
0.0
0.0
0.0
16137.24
9294.124
20768.469
0.0
0.0
0.0
1395.7454
628.5301
0.0
5039.5723
2128.3875
5105.745
24698.24
55.4541
355.9367
1317.1765
2614.8022
439.41992
0.0
4275.6826
292.6453
2269.7566
1957.5471
0.0
0.0
0.0
1299.0156
0.0
1174.6042
0.0
0.0
0.0
27.709461
1412.9005
5005.9287
1290.6315
209.35669
536.2971
83.247444
0.0
0.0
705.23126
785.9772
1239.606
1652.0543
62.125145
0.0
0.0
0.0
4541.338
2890.231
0.0
2616.1611
371.4586
836.90314
0.0
600.7407
0.0
3738.4102
0.0
0.0
0.0
9885.248
0.0
1125.2185
0.0
3790.2793
1355.9247
153.24551
730.87256
1799.7236
870.29083
82.44876
1408.8254
0.0
0.0
2278.3635
920.7046
0.0
582.42786
1509.029
1701.362
0.0
0.0
4132.891
5405.6206
2178.63
0.0
2252.42
3816.8955
3690.9653
461.89108
67.021614
28590.729
0.0
801.3275
866.4595
1834.7322
0.0
570.8479
1249.7854
4067.858
1375.5571
501.3413
0.0
4887.772
0.0
2274.391
562.57416
1483.6521
1837.5276
0.0
296.97815
917.32214
0.0
0.0
5169.7383
461.9754
0.0
2699.1987
5904.377
0.0
9211.814
972.4353
939.461
2258.6812
227.96765
2386.2588
0.0
2473.481
0.0
0.0
5579.455
0.0
0.0
68.92127
0.0
38.141876
0.0
1384.0786
663.49634
166.42444
2060.4666
0.0
3678.6743
4664.4033
4029.4043
1744.9879
7028.506
1281.2429
1718.6729
1462.2957
0.0
271.7146
569.6171
0.0
2390.8064
0.0
134.84995
3531.9424
0.0
0.0
0.0
0.0
3590.287
6059.735
0.0
1838.2483
2101.2146
2553.8906
183.26994
839.94336
1337.5527
912.9648
1535.5865
0.0
4979.28
6827.2334
315.59525
886.50214
3833.776
0.0
0.0
0.0
4128.9287
2263.398
0.0
1847.3783
0.0
0.0
223.91138
330.0348
0.0
0.0
127.761604
859.6672
0.0
632.23267
132.40846
1672.2261
154.15514
0.0
3933.0483
0.0
0.0
3572.9065
821.88794
797.266
351.4225
0.0
0.0
2396.8247
6347.564
0.0
9826.935
0.0
594.87854
0.0
964.52216
11696.764
2874.705
0.0
3216.3203
203.92053
80.54202
3886.7104
0.0
3211.0051
3033.4644
61.24789
0.0
182.98984
0.0
0.0
187.1413
0.0
0.0
1059.9518
0.0
4368.5083
372.98883
0.0
0.0
0.0
449.6598
3155.6987
0.0
0.0
3796.588
15533.436
0.0
869.8906
642.7267
836.1049
0.0
1122.4569
1005.1413
0.0
2403.3247
537.59485
0.0
636.4767
1579.492
0.0
0.0
16168.137
0.0
0.0
903.4199
0.0
0.0
0.0
0.0
43491.285
2292.664
1544.3105
0.0
2759.0596
0.0
0.0
3564.0044
0.0
1046.722
0.0
10287.524
0.0
0.0
0.0
10123.928
1475.1798
0.0
0.0
2054.9187
419.84595
0.0
1159.5771
0.0
0.0
559.68774
0.0
0.0
6026.292
2606.3418
2358.7268
1341.9417
3599.3682
556.502
3259.5793
0.0
0.0
0.0
1000.905
1091.948
0.0
3165.0852
35777.133
1803.5734
0.0
0.0
86.502495
1905.6814
517.10754
0.0
1332.1755
3817.38
2663.841
0.0
0.0
951.04675
1139.8926
490.84445
0.0
1445.696
0.0
1731.5454
942.0659
0.0
1866.7607
422.57816
0.0
0.0
0.0
4716.217
0.0
8915.596
0.0
244.47005
948.3493
5377.463
4420.9326
4025.8604
4222.433
0.0
525.6674
0.0
0.0
6856.2637
984.1988
7121.5356
4039.3184
1437.6359
1018.7209
0.0
0.0
407.66193
1026.9279
218.69821
1895.321
0.0
5349.1357
0.0
1332.4517
3745.895
0.0
2858.8953
0.0
1450.1545
0.0
0.0
1129.5189
1375.8962
274.9353
0.0
3432.3552
677.8104
2041.3761
0.0
0.0
3953.9478
426.9278
1728.1399
0.0
153.20735
0.0
0.0
1658.8706
2155.513
2235.768
0.0
1649.5715
0.0
6012.4917
2963.0234
1200.1482
0.0
1113.4202
879.3789
2311.832
0.0
1515.2375
5649.0903
314.75317
1068.2019
3900.9717
2692.7368
0.0
8750.747
0.0
0.0
3592.9426
0.0
0.0
1247.9392
389.17285
1779.9827
243.87161
0.0
1625.0813
0.0
578.15466
2970.312
8854.938
4298.836
0.0
2087.1018
0.0
51.188705
1197.1772
0.0
0.0
0.0
471.3306
0.0
0.0
319.54602
0.0
461.64963
0.0
1572.1958
0.0
0.0
400.10477
0.0
248.17343
0.0
682.0426
410.09778
1503.6545
1863.476
1277.6823
5173.49
205.39113
0.0
1336.9211
7341.844
167.03146
0.0
997.0011
0.0
0.0
368.77673
1596.7449
1028.2405
2596.105
155.28838
0.0
0.0
515.3475
364.259
2925.9973
1880.131
12593.307
2658.7456
953.5552
3616.9795
0.0
0.0
12451.831
0.0
1925.676
1745.2964
2523.3982
4058.89
509.21472
1228.9507
0.0
5986.004
1554.2823
1837.6287
0.0
1761.5128
479.88074
0.0
300.06464
1181.4001
0.0
1192.6171
2891.301
2112.2534
647.2686
0.0
0.0
950.05664
0.0
270.22812
1635.1091
2209.1196
0.0
3894.7505
3317.449
2757.669
901.7234
173.90881
3044.9858
251.2465
3340.7417
1300.4744
0.0
0.0
5132.785
0.0
0.0
5635.5225
1769.696
3378.483
1940.8845
9678.299
0.0
0.0
0.0
0.0
1852.1534
0.0
0.0
0.0
0.0
5187.6714
0.0
15092.885
907.0698
3495.664
1795.3811
4740.6846
3589.2222
2428.419
6762.5615
2833.0933
603.7236
1721.3135
1482.1023
3250.6506
784.7593
2179.512
80.440704
0.0
940.9598
0.0
7066.6006
4943.91
640.40515
2726.8838
0.0
0.0
0.0
311.2682
869.8974
1273.0624
221.36343
2419.0078
2591.9167
4495.8228
10100.428
0.0
1455.8508
371.85327
0.0
5939.1665
0.0
0.0
0.0
107.84496
0.0
11515.284
991.02374
0.0
1880.2324
1920.8141
3449.0376
0.0
6267.533
0.0
58.412277
2513.075
4064.2358
0.0
0.0
2313.1138
0.0
2218.4165
0.0
0.0
0.0
0.0
1299.6621
8202.025
615.4065
0.0
1513.6737
1407.2183
0.0
0.0
567.5703
3857.4756
431.65753
2740.0386
2543.9404
1648.545
632.49
980.03796
13220.76
829.4087
1084.9208
0.0
33.43859
1426.3787
1616.9443
3414.7244
503.91653
240.93945
0.0
552.8314
0.0
5461.927
0.0
0.0
0.0
711.8295
3873.983
0.0
1016.3508
1744.022
1305.0107
3034.1577
0.0
2225.3828
1493.8323
846.78296
1148.144
1578.7009
10.296034
2298.1978
0.0
1941.2429
187.2799
1231.4564
862.1999
1173.643
2598.405
0.0
1013.10144
821.7859
0.0
10583.727
1151.8175
8716.209
1811.4011
1760.9653
0.0
6728.7314
0.0
617.96246
0.0
2701.5474
583.66876
148.27875
65157.03
776.72186
3707.8374
1411.8909
3488.6704
0.0
1716.1505
1107.5673
0.0
1998.5544
0.0
0.0
1390.2175
1792.9995
799.5054
7476.348
0.0
1868.0641
0.0
0.0
1013.92926
1292.4261
383.48285
1907.083
1581.7834
0.0
0.0
408.4007
2003.7302
591.3879
1986.3127
0.0
1420.2135
0.0
6854.118
0.0
0.0
2780.3716
1429.3347
1187.7288
0.0
7191.8296
3576.2222
4124.58
1733.1919
3511.0723
196.64447
0.0
1545.253
1313.5327
1263.7089
2125.4448
0.0
0.0
1527.7598
0.0
1016.1432
4997.6836
204.62447
0.0
0.0
195.60721
1068.8738
1296.8411
2853.988
0.0
2007.9346
0.0
4643.218
0.0
3557.3054
0.0
0.0
636.8412
998.7737
963.2492
0.0
0.0
676.7251
0.0
555.1642
766.8411
299.60437
4014.7837
2019.5637
1147.2937
0.0
6746.918
1811.8491
494.76532
3166.628
0.0
0.0
1712.6619
2115.5583
2544.835
2236.607
7546.0845
156.60555
0.0
0.0
139.25977
4107.689
1862.8191
308.93958
0.0
2112.3062
0.0
0.0
949.4951
2177.901
0.0
0.0
564.22845
0.0
2311.5657
5802.502
561.07074
9022.089
800.4969
3673.0588
492.24713
1409.0317
0.0
1035.1155
0.0
1309.7799
0.0
80.47548
0.0
502.16663
0.0
920.0551
0.0
0.0
717.2019
0.0
1852.1869
992.89777
118.76804
2509.7825
499.64648
0.0
1253.6179
18844.098
1987.0596
3239.6973
327.37408
4065.7148
0.0
840.36975
0.0
0.0
0.0
5883.6465
0.0
0.0
378.2381
0.0
0.0
1153.6829
1002.877
0.0
0.0
0.0
0.0
0.0
974.57367
3735.7056
1497.5161
0.0
5427.6763
0.0
0.0
6832.25
385.8708
1083.0957
13223.461
0.0
1766.2311
583.5084
0.0
0.0
1508.806
853.6041
0.0
0.0
0.0
0.0
0.0
3469.9272
1488.4836
4614.707
3551.4785
0.0
3171.052
1412.0533
775.7898
200.45035
2019.1221
101.55327
0.0
1552.0015
0.0
0.0
1342.8259
1048.1239
3.514847
1167.9272
0.0
276.67725
4566.188
0.0
0.0
3945.5205
988.3274
1642.2457
183.72394
428.19727
1260.9812
1999.6367
0.0
0.0
2483.377
1557.2056
0.0
25.654016
384.00604
0.0
0.0
929.6128
1764.0723
1756.6511
0.0
0.0
0.0
3302.037
0.0
481.90915
630.30273
578.22107
1327.5809
2166.7722
953.2073
5148.8115
0.0
0.0
174.98225
0.0
752.9074
4641.5244
1069.1595
7369.425
1598.4187
5949.3447
0.0
1600.2593
0.0
0.0
1138.6946
2226.4363
694.6745
0.0
4578.631
978.4856
2011.5662
790.7101
698.5095
1197.6294
25656.145
0.0
815.1628
4166.71
0.0
0.0
0.0
378.4504
784.66406
0.0
2150.5986
3343.038
308.18756
818.16956
3643.6938
1971.9751
0.0
19372.467
5030.1973
0.0
743.1332
0.0
0.0
4650.5723
0.0
0.0
0.0
707.3118
1850.4983
1307.4683
2887.8352
0.0
855.03235
1374.2029
730.4646
2008.3307
399.24573
0.0
2004.5149
418.54315
13317.494
206.19452
0.0
1161.8335
1695.8235
3693.6907
3800.3223
206.35674
114.76318
48.14362
0.0
0.0
1625.2725
1097.107
342.57257
681.5021
1599.1595
1980.8887
0.0
62.92446
0.0
469.50052
0.0
0.0
2358.8198
1380.039
0.0
0.0
5525.3906
1232.485
1413.2786
2301.669
3112.2927
0.0
301.17923
2907.651
505.6961
0.0
0.0
857.7738
5198.714
0.0
4734.081
20671.924
0.0
161.62476
1686.087
0.0
2685.7854
2471.7373
1991.8772
3691.0383
0.0
0.0
5163.2627
1310.0336
5281.1353
1098.8918
0.0
0.0
0.0
0.0
1401.58
0.0
610.50183
0.0
939.5691
0.0
0.0
603.71094
1288.0496
8650.632
0.0
90.10704
1241.0745
0.0
3205.195
0.0
3498.4893
0.0
1478.1604
504.3761
4503.493
0.0
0.0
473.72797
1119.7548
0.0
0.0
0.0
0.0
420.0755
1746.1731
0.0
1151.7704
688.1167
2883.0542
1065.4341
0.0
1454.2938
0.0
3206.6035
981.67334
0.0
108.56117
0.0
2526.8142
584.7842
16961.309
0.0
2156.616
12172.285
20258.729
1594.3082
3478.1758
2741.525
1593.3245
0.0
1005.68604
697.5796
986.84454
10386.875
0.0
347.73352
3507.2993
0.0
441.18518
0.0
683.47955
518.7634
1283.7007
0.0
14270.73
0.0
2923.7183
707.19763
5773.582
3042.0864
942.17615
1837.7056
5767.838
751.82294
3381.1995
352.98758
0.0
0.0
3280.4897
5585.0254
3650.5977
0.0
5731.895
287.5289
509.63477
25662.402
1780.853
1542.6359
267.2582
1900.6455
647.8139
1166.094
2524.264
1704.419
0.0
407.2129
440.00818
0.0
4749.8027
6845.508
819.1232
677.3112
254.17984
2193.5408
0.0
3987.5967
537.4368
2415.4897
0.0
0.0
336.46106
81.30724
0.0
0.0
1372.7625
0.0
0.0
4544.9365
61.25875
126.19117
2308.4922
3237.429
0.0
2282.1611
0.0
2010.2064
3551.844
2037.9956
0.0
0.0
1009.43176
1355.3302
2390.5447
318.63538
0.0
820.8612
1339.2123
1420.9176
0.0
687.09454
1614.2087
3106.1714
1079.4567
1388.6827
1326.7814
1365.3652
163.24963
0.0
1721.7888
0.0
0.0
2787.019
0.0
1131.5055
2041.927
1203.4905
1046.6345
0.0
0.0
883.65533
1353.3016
0.0
0.0
1732.1235
5419.833
5060.3535
0.0
3338.5771
2478.6091
1867.2107
0.0
935.2472
424.4199
19189.678
0.0
3763.4062
2125.1812
0.0
0.0
5020.948
6101.3965
0.0
263.39557
1462.7031
0.0
3746.067
1114.4463
1496.5681
5844.491
1247.3708
0.0
2042.4614
0.0
4576.652
0.0
1848.5322
2202.2256
0.0
557.17834
2132.7864
708.45135
1852.4897
2591.7927
0.0
2596.3828
4991.8755
3650.693
3099.3506
33676.113
3596.7593
1703.679
1359.867
4360.5635
0.0
2792.6965
89.784004
1106.1638
9621.433
540.9622
0.0
1211.358
1062.9448
1798.7236
2004.6282
0.0
1964.3811
2086.6326
1583.2004
3445.9224
3107.6738
233.8395
1032.5037
1129.2021
0.0
0.0
2988.96
9284.265
288.1226
9033.688
0.0
4606.14
1272.664
1983.3105
2466.44
2243.6138
0.0
1544.0231
132.56757
1548.9558
0.0
0.0
0.0
0.0
306.1107
828.56586
257.13486
1503.3809
153.49937
820.5207
730.50684
0.0
643.1659
0.0
802.8571
488.67487
0.0
3197.328
324.19397
0.0
0.0
1010.8379
0.0
0.0
1610.1711
0.0
0.0
47338.875
559.00757
360.04422
0.0
187.00923
728.04395
3237.045
0.0
0.0
1127.0454
783.5621
1263.2626
1254.459
0.0
570.0321
0.0
3722.024
664.71375
207.31924
1980.876
271.1368
1505.9358
8.384798
1977.0991
256.63834
0.0
0.0
0.0
63.999756
1043.331
0.0
515.19727
420.98715
1287.2268
14398.137
1909.2166
8304.862
0.0
14072.668
0.0
414.72064
2456.446
0.0
1426.6113
0.0
1403.4297
0.0
1740.8928
2418.2112
0.0
0.0
15252.322
0.0
2399.3472
2749.6174
105.07777
0.0
802.81995
449.4865
0.0
160.12628
341.61127
123.49405
5594.908
0.0
0.0
1330.1741
137.59853
76.66412
0.0
0.0
2660.2983
923.8021
0.0
0.0
0.0
150.42734
0.0
2025.2842
803.7925
0.0
983.30286
9619.835
1475.1829
976.739
3006.9998
0.0
1396.4298
1380.9934
487.46432
431.23157
1935.8617
640.375
14068.285
233.941
1305.3599
9249.46
0.0
1177.5614
4828.836
0.0
20.503622
1805.921
1697.1682
0.0
7320.953
0.0
7918.5923
0.0
2205.0146
740.81006
0.0
911.9093
1141.3821
1467.4163
1257.8235
1798.1748
1412.3647
1415.6083
1794.2876
1101.1556
2716.5635
1080.0505
869.2666
0.0
146.32217
0.0
0.0
0.0
0.0
0.0
100.88695
533.52435
9573.558
2712.9365
4551.3076
1046.6814
0.0
0.0
2041.3724
1957.8611
0.0
2077.2246
0.0
5161.1953
0.0
4853.7437
227.13202
3986.5657
0.0
0.0
2083.5059
0.0
1758.3877
2260.3032
320.8678
5354.363
1510.8651
1029.4355
0.0
2603.935
832.8361
418.48013
867.8252
0.0
0.0
1582.3981
20710.066
310.8847
2680.9126
0.0
1074.7219
4390.9326
0.0
0.0
0.0
14240.377
0.0
3064.551
343.02847
1195.2826
0.0
900.8146
0.0
0.0
1162.2446
0.0
1029.1931
10960.786
0.0
3228.1274
0.0
0.0
0.0
0.0
0.0
1495.9722
2645.6655
1933.0745
1502.5015
0.0
2741.9258
21053.156
2031.3262
127322.78
347.89807
4136.155
1940.8956
34789.16
2548.8865
0.0
1918.9297
0.0
0.0
2323.498
0.0
0.0
566.0223
354.04517
2621.1855
0.0
7546.9443
441.74606
4761.135
0.0
1069.6877
1389.0352
976.69556
1195.7344
487.29456
5234.2725
0.0
1021.9752
347.11078
95.69448
4715.604
936.61755
0.0
0.0
3630.9956
0.0
2469.3333
125.1104
0.0
0.0
0.0
1716.7201
6726.8984
1862.7769
148.99754
479.77744
325.9248
3238.8706
881.4464
0.0
0.0
0.0
7555.8857
2463.3506
62.156082
0.0
1952.209
1584.6509
446.7725
1586.5786
890.9449
5181.583
0.0
0.0
0.0
0.0
182.00027
339.77353
660.83966
2839.9165
528.3396
1202.1849
928.24963
2565.2886
720.02563
2019.8956
0.0
6649.5537
187.07986
2084.0254
767.3119
2005.2385
8862.645
1022.4319
0.0
1548.0066
0.0
2987.784
0.0
0.0
2899.0564
1931.3477
1509.5776
0.0
3731.3376
1999.5526
739.9178
0.0
0.0
875.06165
0.0
5353.5156
0.0
6829.523
74.02717
0.0
0.0
0.0
487.61807
0.0
5203.8926
0.0
510.88614
3646.4985
3239.7036
2456.2034
1778.2858
325.55392
538.0914
617.82825
149.3382
751.73285
534.23346
3025.5437
1843.2144
14230.937
2495.6218
0.0
491.13928
2145.3801
857.8484
315.89108
4647.2964
404.02515
0.0
5320.957
1555.9468
2847.991
4420.7646
2344.9053
710.12213
499.26126
0.0
261.71774
690.9631
7021.681
2070.3071
0.0
326.70544
849.691
0.0
0.0
0.0
0.0
0.0
0.0
4169.0044
0.0
2014.172
0.0
470.58725
10753.815
5087.9004
1654.0847
0.0
334.6628
1123.24
1874.5586
0.0
1666.2542
938.0266
6796.381
6007.3623
0.0
164.81046
2557.9404
0.0
1675.8766
1572.3354
2551.13
20.333773
0.0
424.1789
8242.492
409.06842
3545.607
0.0
1301.2595
0.0
5667.616
5055.447
0.0
40621.805
472.84436
0.0
988.4757
327.03195
0.0
786.7911
562.3975
11252.233
3043.1448
1040.0118
3099.0024
1138.3711
515.1482
0.0
0.0
0.0
0.0
0.0
22938.572
127.150276
1437.999
0.0
0.0
0.0
295.80023
1598.0094
2205.1436
1660.1284
0.0
6094.7734
0.0
0.0
5247.554
561.2839
0.0
682.962
647.0628
2120.548
0.0
12.345643
0.15169144
323.58774
2132.398
4007.1206
2914.4487
1377.4941
2134.3574
939.79346
958.8534
0.0
1407.4357
1324.9639
0.0
2526.1753
759.2671
3556.248
1849.6047
2067.8938
1126.2456
0.0
0.0
9047.025
1183.9958
182.05212
487.85962
23740.652
0.0
1279.5265
186.48438
1383.2137
954.93774
1536.9867
1515.6594
0.0
287.504
1895.0945
973.9175
1706.0256
406.13638
312.84058
0.0
2994.8125
0.0
0.0
0.0
1790.3005
0.0
2642.0574
598.79834
0.0
1302.9889
185.73413
0.0
374.14886
0.0
1290.438
6089.6777
862.94104
54241.484
536.46735
0.0
2115.9692
1479.0049
5270.964
3575.329
804.32477
2398.1035
57.03304
2523.6182
0.0
3805.4634
870.47565
452.599
2542.915
0.0
809.1547
3825.7153
810.2328
978.2151
135.44983
308.56158
4376.4736
4880.396
1155.4036
0.0
2703.6887
807.5018
1241.8955
917.13416
2255.9844
523.63806
0.0
329.7634
3206.2766
602.9884
3007.2012
0.0
0.0
0.0
3027.4458
88.49168
442.00372
0.0
0.0
505.4848
1730.1453
1028.404
964.38293
0.0
2450.4255
1821.2161
594.3476
0.0
0.0
1582.4174
0.0
2617.7734
1631.6086
867.3565
1108.2703
1602.3257
2389.7793
1335.7827
0.0
784.6317
865.01733
820.07996
0.0
5755.1216
1562.8572
1000.2722
2751.4011
1079.3218
2512.1025
0.0
1009.80286
0.0
0.0
2231.9717
0.0
4446.478
0.0
1418.7932
2639.8296
0.0
306.9525
2628.8843
798.88904
0.0
0.0
0.0
1784.6116
1106.5315
0.0
4579.591
0.0
0.0
1856.784
0.0
2483.5024
289.14893
395.15018
3621.1611
1947.3508
1998.0477
1045.6577
667.3537
0.0
8672.869
1257.6548
1475.7529
3864.1636
911.5963
4754.2856
0.0
1096.6575
149.92303
0.0
6852.957
1800.3302
0.0
1915.7133
0.0
2213.3984
1446.9299
1437.4845
0.0
0.0
0.0
0.0
0.0
0.0
0.0
2061.5095
0.0
1162.1461
524.19037
1521.7124
0.0
0.0
3265.042
275.73547
0.0
1732.0925
3638.5713
3059.497
0.0
2183.893
6377.7515
0.0
866.787
545.43036
2074.8667
1586.8816
0.0
1845.8628
15481.741
5723.345
2372.773
0.0
0.0
1221.3925
25450.367
1408.8026
36.699326
1403.4966
698.8105
0.0
1511.29
21387.906
0.0
3138.4783
0.0
398.76382
2977.8208
119.750565
0.0
2153.2512
3462.747
2682.1873
6839.617
1298.7094
17772.084
1395.9298
1520.4775
0.0
0.0
0.0
10044.857
0.0
7936.187
1071.2375
1379.7345
4516.012
0.0
12870.42
356.187
0.0
3829.7888
1290.0623
3618.8022
0.0
2618.3572
1074.0767
0.0
603.4274
1820.1484
1785.9658
17.522062
421.20764
302.40747
2689.5242
3150.3
0.0
2353.4697
2010.7428
0.0
0.0
0.0
2786.3943
1778.146
0.0
3727.044
3770.7617
0.0
0.0
762.53033
0.0
210.2547
0.0
0.0
0.0
823.41943
2030.8655
32516.555
22629.248
1946.5322
558.86554
2195.5042
0.0
0.0
1077.9832
0.0
1006.6184
895.0314
251.54062
9377.116
0.0
2774.3438
2110.5234
2543.0618
364.54196
0.0
21249.213
663.03284
2358.8462
2963.3218
0.0
88.37186
80318.98
2116.6865
16848.701
0.0
0.0
2370.6724
0.0
0.0
705.50946
0.0
0.0
0.0
687.28406
369.8286
161.0698
296.31534
0.0
851.29004
0.0
27.149708
2657.0461
2571.3762
2277.6663
248.38203
3711.5298
2908.1233
933.19226
0.0
2033.8038
387.25342
2309.3003
0.0
5266.1045
2064.7715
1284.8564
1528.6716
1029.0569
4975.8413
676.4481
0.0
1835.6576
1654.3035
4367.127
0.0
0.0
0.0
2528.3376
13299.808
0.0
23794.232
0.0
1886.5918
1592.7854
26.68908
2389.9922
620.7442
0.0
3366.436
2016.2971
0.0
688.6952
0.0
0.0
0.0
0.0
2088.489
0.0
1937.6104
923.9275
9595.59
1601.841
1851.4504
2164.019
0.0
1712.499
0.0
2937.9941
2256.0112
1999.3699
0.0
0.0
2599.2847
3084.871
0.0
1371.4202
2089.8745
0.0
0.0
2333.0718
0.0
4288.3667
0.0
1086.3245
0.0
0.0
873.75574
0.0
0.0
1439.0542
659.4849
0.0
2863.2942
8520.698
2496.4639
2882.3767
1391.117
784.23987
609.45734
3503.737
2877.433
1861.0653
0.0
2208.1848
1573.5989
1306.6288
1524.6957
0.0
530.54004
0.0
0.0
2965.241
0.0
3545.4104
966.37634
0.0
2634.3042
0.0
0.0
1587.9509
0.0
4069.4248
725.28735
0.0
823.8815
0.0
2775.5903
1618.4639
0.0
0.0
869.3605
0.0
0.0
2136.4739
0.0
0.0
0.0
3903.3896
0.0
0.0
0.0
1637.35
1192.4061
195.62585
1815.0195
4142.528
0.0
0.0
0.0
0.0
1184.0186
468.83615
0.0
897.6024
817.9495
2351.7627
275.8785
0.0
0.0
0.0
1535.1532
0.0
1634.7783
0.0
7859.6143
0.0
0.0
118.993576
1234.6796
2838.1514
1007.8417
0.0
3407.3906
5793.7456
0.0
0.0
0.0
2882.7764
1086.4169
0.0
0.0
5978.994
1095.1511
1142.0095
4262.89
1141.3369
751.0418
1666.1387
544.4963
0.0
2239.2551
730.05396
0.0
0.0
0.0
0.0
1299.6006
0.0
0.0
2610.2915
0.0
0.0
0.0
497.24472
2977.1504
785.5559
0.0
1825.9666
2236.4004
485.83792
2613.3875
1037.1893
362.0777
14558.668
0.0
1105.623
654.4774
1637.4722
1006.427
1202.4996
0.0
1897.7903
0.0
0.0
0.0
898.9758
885.93066
0.0
665.3737
1273.6027
785.47644
1618.7574
0.0
1543.5322
0.0
5174.0654
2588.3838
3799.026
2454.5386
698.13556
1835.1294
3542.7156
1223.9712
1789.1149
0.0
0.0
1383.1428
627.1238
2188.4111
0.0
3044.2148
821.5856
0.0
0.0
1745.491
113.2117
0.0
170.60547
0.0
1437.1354
1798.6947
13900.943
761.4204
2267.8083
56.485695
0.0
3155.7651
1822.4683
0.0
990.27673
0.0
18562.857
0.0
2198.057
935.28577
1379.9967
0.0
1409.4762
235.43446
0.0
763.2993
1927.7217
174.1247
6006.8096
1400.6965
0.0
2093.9626
671.4399
544.7938
1592.3215
50098.516
108.08548
0.0
1663.568
0.0
1488.3673
0.0
5321.9604
0.0
729.4774
1508.377
4836.33
1038.7913
5278.1504
2238.1113
268.98465
0.0
3139.436
346.8907
860.5896
0.0
1311.2307
1783.5076
0.0
207.65633
0.0
0.0
6136.894
1679.288
852.68604
674.624
0.0
407.3349
721.26514
0.0
0.0
165.08136
0.0
0.0
0.0
2099.39
0.0
1461.64
2648.7666
3045.539
1867.4338
0.0
400.68945
0.0
0.0
11870.617
0.0
0.0
0.0
5143.136
1279.1875
1808.0659
7066.6084
0.0
0.0
21617.574
2623.052
0.0
0.0
0.0
0.0
559.47675
4207.785
0.0
841.39026
818.24255
3055.2803
2183.4297
0.0
4343.203
5467.1924
0.0
1618.6807
986.82117
0.0
339.1703
0.0
585.0804
712.93713
99.63873
6886.996
788.75336
3478.817
0.0
354.13074
0.0
1035.1241
2729.1494
604.9405
0.0
0.0
0.0
787.92194
0.0
0.0
1025.116
988.614
932.15063
108.16099
0.0
338.31827
2210.2278
183.52257
2400.8833
4446.6846
0.0
0.0
0.0
258.87332
0.0
1154.4736
1729.1987
10359.539
7761.7734
20034.014
241.38742
0.0
1981.4597
2380.8762
0.0
13825.746
4202.6553
0.0
5595.848
20643.727
330.6416
0.0
0.0
10357.21
1605.8344
5948.8696
872.20605
1527.7502
0.0
0.0
1520.427
0.0
5254.1963
11664.863
0.0
0.0
3434.5862
3216.3796
25.6797
1070.266
66.3668
1914.5349
1221.7866
581.53424
1301.5374
2593.49
972.6676
1235.5754
1441.0365
371.8192
189.6401
0.0
1086.1337
0.0
0.0
2593.0342
2227.9827
1056.8931
640.8186
1202.5256
0.0
0.0
822.4925
0.0
4325.5938
3481.5098
2084.7583
0.0
821.99304
0.0
456.58362
0.0
725.2778
4210.242
0.0
0.0
1109.3678
1355.5049
504.50867
654.6089
552.599
0.0
0.0
0.0
532.79333
1985.3855
4799.788
0.0
6006.7544
0.0
1198.0618
0.0
2908.337
0.0
2236.1353
0.0
0.0
831.9007
0.0
55.034954
1104.2771
5784.7285
0.0
2272.5154
0.0
1714.21
1947.823
0.0
2724.0552
1910.1412
1829.0864
9198.18
257.00806
0.0
1716.9845
105.31495
0.0
1361.6552
0.0
2557.705
1135.8074
0.0
0.0
0.0
917.33124
2913.314
0.0
978.40234
0.0
1645.2134
4780.5
2533.9714
0.0
205.34982
0.0
296.11182
1946.1732
151.7522
0.0
0.0
0.0
1336.3766
3097.4695
1833.0597
1424.8094
73.99335
671.3384
16774.352
0.0
1295.054
3347.974
13807.951
1275.4696
0.0
16316.966
0.0
0.0
14522.51
1140.2219
3558.2698
0.0
0.0
881.183
3317.39
0.0
977.2668
0.0
44.570526
371.35666
1404.9089
3318.906
28793.48
1519.2891
1489.885
1433.7338
6933.2617
1653.029
139.91699
0.0
121.29094
0.0
0.0
0.0
347.02057
2761.0957
0.0
0.0
414.96582
4481.1187
375.5916
1202.9462
3033.5527
5048.457
10243.962
0.0
1017.7615
1105.1384
1771.2318
1609.0332
0.0
0.0
50.301662
0.0
1691.0278
0.0
1714.3995
1042.7847
586.39575
0.0
441.98743
0.0
0.0
0.0
2100.2202
2424.2935
0.0
1308.15
0.0
1540.2493
2354.2083
0.0
969.2488
0.0
409.32867
2811.179
5294.923
2974.3257
2118.6853
0.0
856.87616
785.9044
0.0
0.0
151.3256
0.0
3186.3162
0.0
7728.534
0.0
0.0
1027.75
1831.1576
0.0
2063.8535
0.0
1730.203
1133.979
327.47513
1285.7721
1533.4144
1138.5428
3631.9639
1694.1145
2428.5186
576.84894
0.0
2753.7578
0.0
679.58057
904.83075
12099.788
0.0
0.0
0.0
1292.3162
0.0
0.0
0.0
0.0
3149.4368
5994.4224
0.0
2406.025
443.9995
0.0
0.0
2878.8694
0.0
889.7287
204.78564
2350.4204
564.2593
0.0
16420.562
3024.4702
0.0
1083.3499
1934.033
7125.283
169.57379
0.0
0.0
1864.2893
0.0
1393.3766
0.0
0.0
7137.628
719.08295
0.0
9199.29
1391.3977
1517.679
384.84155
0.0
1438.3721
1051.002
0.0
0.0
6062.595
503.2621
0.0
0.0
1218.5587
142.1291
1384.6119
2659.8386
2732.0452
587.8615
0.0
0.0
0.0
350.1528
2046.4795
2677.6882
495.36493
2087.0796
4115.4
3591.9897
0.0
0.0
0.0
1917.6835
567.7489
2141.824
19467.688
0.0
0.0
1080.929
0.0
0.0
0.0
0.0
19351.7
2674.942
2339.5354
1850.377
0.0
0.0
0.0
0.0
0.0
0.0
293.41608
2365.9097
0.0
530.18744
0.0
3043.002
7621.2705
8168.559
4904.101
1222.2296
594.68866
52.17485
0.0
4197.85
2746.338
3518.5967
0.0
11314.418
1454.8882
305.1766
2660.819
0.0
0.0
1623.4042
8808.922
0.0
2760.1638
1876.1709
0.0
1228.6526
257.6532
2781.5037
4241.4326
0.0
2318.568
857.817
1485.5608
0.0
0.0
4222.545
1482.8439
1202.4302
0.0
14580.33
189.56769
538.4639
2423.5251
0.0
2031.023
19915.207
0.0
0.0
0.0
3311.6997
0.0
16342.402
3649.4043
0.0
0.0
729.44116
1760.5798
506.45142
222.65662
0.0
23813.37
0.0
0.0
0.0
0.0
0.0
0.0
2730.7188
0.0
1662.0509
41679.547
1500.5406
845.3527
0.0
416.38995
2399.0762
12.308001
13011.053
0.0
0.0
1019.8423
0.0
1461.8596
0.0
4085.1243
1596.382
1461.3418
1630.5929
0.0
0.0
0.0
571.1896
3026.1191
8256.789
0.0
1094.4287
0.0
0.0
5369.015
3850.445
1806.7495
328.15533
0.0
736.1239
191.83025
1400.6316
0.0
953.7106
0.0
4657.8525
962.257
0.0
1742.3497
1054.1807
1310.8589
0.0
962.18933
3417.975
6091.874
266.44073
5169.6094
0.0
0.0
0.0
0.0
0.0
0.0
0.0
0.0
1190.809
628.68854
782.5727
359.03644
0.0
2559.8901
3774.6426
0.0
2081.1763
610.9751
10529.707
327.8865
234.99222
1750.2059
31284.207
3666.8052
186.7586
4325.3726
0.0
1679.3135
6414.287
850.8262
595.80383
12282.075
3034.8494
0.0
835.1205
0.0
0.0
0.0
1316.2659
0.0
845.5559
0.0
0.0
0.0
0.0
6196.897
330.88318
1993.3801
0.0
495.64056
171.41302
14450.133
6803.2305
1114.477
2230.7375
2209.7
391.4072
0.0
1123.8242
1301.4987
1953.264
0.0
0.0
0.0
2129.176
1248.1879
0.0
0.0
4048.8923
3218.268
3026.7698
0.0
0.0
841.72473
1325.552
817.35046
2906.4333
0.0
2440.3762
1216.6516
0.0
0.0
0.0
7634.5596
10477.914
0.0
2305.6807
0.0
6214.1875
1134.9722
486.17355
0.0
2580.624
4650.089
2387.6614
630.0635
1052.9849
0.0
1150.8258
1233.7964
1686.5623
0.0
0.0
1310.9314
973.9143
0.0
0.0
12044.854
0.0
0.0
3853.5952
0.0
379.04565
3934.7778
0.0
0.0
759.69934
210.86514
297.25366
3950.876
1676.0315
1884.4283
5631.756
270.5144
432.60596
89.31813
2809.4197
0.0
0.0
3418.9087
3023.776
0.0
0.0
548.4751
0.0
4045.9463
0.0
150.67078
0.0
1946.7358
0.0
807.41003
0.0
0.0
0.0
32193.928
0.0
2851.484
0.0
0.0
0.0
0.0
815.785
0.0
4452.8223
2929.3513
1798.6155
0.0
0.0
0.0
0.0
0.0
658.0138
0.0
0.0
1248.0317
0.0
873.3135
3535.1885
4622.432
706.7263
722.4968
357.3846
1965.2571
0.0
2673.6675
0.0
0.0
0.0
771.3241
119.616325
297.14038
19323.73
2257.1816
0.0
4614.4937
0.0
305.44382
702.4186
583.09973
0.0
0.0
0.0
0.0
0.0
1558.3667
1757.5166
10921.023
50.695877
1111.2435
618.26636
3143.982
0.0
1647.2614
0.0
700.6994
0.0
5660.908
6097.3237
0.0
0.0
3123.6465
873.1956
885.304
229.03717
0.0
790.21466
1157.4253
1571.0464
2460.8354
1267.2374
1391.7429
1823.5159
0.0
5319.9404
47.358433
0.0
0.0
0.0
11340.045
0.0
2532.6006
179.40805
43043.83
472.7298
8337.393
765.9651
0.0
2133.5664
0.0
0.0
0.0
419.5299
1491.8486
0.0
0.0
930.7511
2343.3445
1146.0654
866.321
2520.7368
1157.7463
571.95966
910.55444
304.57693
0.0
0.0
2259.094
1309.266
599.1214
1452.458
1656.9866
2445.0737
6246.38
2397.9812
0.0
0.0
1252.03
0.0
3286.6636
1537.7844
0.0
0.0
1303.7971
933.73346
0.0
6358.7393
0.0
360.73303
0.0
0.0
0.0
0.0
2716.9968
299.98035
943.01263
591.06287
0.0
2958.7246
0.0
0.0
0.0
1508.153
107.096695
2282.7498
5837.0415
956.3948
0.0
0.0
681.5231
781.0156
0.0
3226.1216
0.0
13605.014
1969.0026
0.0
5226.503
0.0
1008.0319
0.0
845.6239
2450.0889
605.9219
0.0
0.0
1185.9514
0.0
583.78485
1256.5092
575.6344
0.0
0.0
0.0
1573.0664
0.0
400.81476
1101.795
0.0
1056.0868
0.0
1136.5026
58986.29
0.0
1749.6431
14778.572
0.0
8347.951
0.0
1002.78723
518.15845
5517.5107
8627.619
0.0
431.24445
465.44925
3413.4749
2960.1274
44.589672
0.0
1302.128
0.0
1791.5883
973.2527
0.0
38.99215
1299.7977
204.56062
0.0
805.7901
1227.2921
0.0
0.0
0.0
0.0
0.0
0.0
1733.3047
145.97406
0.0
2871.4175
2014.4646
0.0
1212.9506
0.0
2025.3855
2231.8743
0.0
8578.084
534.0576
16080.068
87.06947
0.0
830.7611
0.0
0.0
1337.7361
2992.2275
15603.701
470.12
2482.2144
599.37823
1417.5831
935.78357
3112.7583
0.0
2246.481
1835.6743
7746.97
7867.9727
0.0
0.0
0.0
0.0
1047.0151
0.0
28289.717
435.89874
0.0
0.0
329.0084
4544.573
1655.1982
0.0
0.0
0.0
1480.7008
232.84013
3006.3413
726.62897
0.0
0.0
2200.4978
1680.7881
5517.9688
63.137997
400.90015
1874.6005
0.0
0.0
44243.023
0.0
4988.7734
0.0
0.0
0.0
119.36659
0.0
17532.812
1125.8257
52.21692
0.0
2041.4836
0.0
2116.52
0.0
1322.9619
0.0
197.73041
0.0
1068.7229
0.0
138.67868
1208.562
720.69855
2013.001
0.0
3435.896
617.9168
0.0
1447.5554
490.62567
0.0
3435.2979
0.0
5506.051
558.90204
409.8283
4911.841
3451.6711
111.89406
598.79285
753.4931
195.86963
0.0
1153.4408
0.0
0.0
4970.5684
4334.976
0.0
2734.514
0.0
0.0
1442.701
0.0
484.83627
5525.1885
0.0
7336.9185
1989.2538
0.0
0.0
1345.8644
0.0
404.2889
0.0
0.0
1219.8027
0.0
0.0
1809.4786
0.0
0.0
2588.454
271.32782
15211.131
3473.9858
0.0
6900.0693
412.76553
1081.092
0.0
0.0
0.0
0.0
0.0
1330.456
1357.0184
4045.5835
1005.5382
0.0
824.84814
768.1759
0.0
1361.9247
7837.255
176.72964
0.0
0.0
141.08142
0.0
1190.7354
2908.4836
9352.3125
35785.74
611.2444
0.0
0.0
2317.2017
0.0
0.0
24858.662
2359.37
337.6665
5285.626
0.0
1767.8262
0.0
0.0
1585.7153
1599.6722
50.21998
0.0
4331.6055
25238.97
0.0
365.68265
0.0
0.0
1323.6697
29086.262
1299.6648
569.542
0.0
12971.705
3293.1204
0.0
2255.5479
91.68719
53.99643
1620.2681
0.0
5875.6704
7411.574
964.59125
1422.046
2470.607
0.0
0.0
0.0
2268.2544
1821.3564
3836.9592
5358.885
0.0
0.0
834.4632
0.0
0.0
1302.5265
0.0
955.0117
1813.0709
0.0
5029.2114
2227.043
1170.6493
943.30975
1978.1794
734.48914
0.0
0.0
0.0
0.0
459.49603
0.0
8522.852
0.0
0.0
502.00006
0.0
1622.1665
3057.9458
410.88028
467.70276
2151.2075
2653.1345
0.0
0.0
938.5069
0.0
0.0
2878.308
0.0
5173.4062
0.0
11885.804
0.0
620.64685
1095.1476
3162.3467
1947.4526
2095.6055
0.0
2104.4692
3568.7036
996.03577
694.8473
1479.6334
0.0
503.3407
6083.8076
4566.503
1222.6294
1355.6918
0.0
0.0
2850.5945
2593.031
2950.9878
0.0
0.0
176.61467
54.026665
437.96527
2241.6199
0.0
3445.0596
601.14514
0.0
2157.134
319.1092
0.0
0.0
1119.7311
37.82608
0.0
5485.3887
0.0
508.6239
23738.955
1019.90814
6588.134
0.0
1203.0712
476.01447
3988.2063
2327.1694
274.93124
2539.9155
0.0
0.0
0.0
0.0
2604.0093
0.0
3907.0278
0.0
53.25244
82.238556
349.3896
1859.6377
0.0
2408.3716
0.0
2600.079
1648.3324
0.0
131.81079
2808.7527
0.0
59960.445
659.29944
0.0
8947.866
33765.77
646.36523
0.0
2060.498
0.0
0.0
1160.4258
786.66833
1422.8188
22.023972
0.0
2139.8372
2276.5623
690.01666
0.0
834.16364
3314.8228
3096.6477
7.678406
1237.0175
484.8545
1245.3234
0.0
748.2693
0.0
0.0
3191.7695
1490.9138
8461.067
672.1224
0.0
1375.4706
23335.834
627.39233
0.0
4587.142
359.4096
22890.63
4198.3965
0.0
0.0
441.97797
118.06117
0.0
49.516552
0.0
0.0
3519.2393
630.07697
558.2545
914.431
0.0
4947.5684
196.83069
2340.7039
0.0
0.0
0.0
0.0
0.0
789.89166
4564.127
0.0
0.0
0.0
639.03845
244.29315
3302.6057
1428.1311
71.940414
13465.409
0.0
0.0
0.0
587.73535
0.0
1875.2109
187.24675
8353.532
0.0
1221.9839
311.56885
8758.482
0.0
0.0
240.6542
1034.9768
1159.3903
270.48047
257.12244
1854.5334
735.99774
7632.123
6983.4316
3056.0422
0.0
596.1809
2422.104
1697.5161
899.52136
0.0
572.35486
125.19193
0.0
135.09488
0.0
3112.1323
2449.9185
313.10645
12144.219
41269.32
0.0
2457.9312
0.0
0.0
1199.9404
2307.5112
2753.7588
0.0
312.10782
1256.521
117.47174
1441.9583
3645.2524
0.0
0.0
0.0
7043.4014
0.0
1709.7401
0.0
23.290186
0.0
1402.5437
0.0
0.0
0.0
1286.43
509.1115
152.68785
0.0
126.75066
5625.2876
485.23865
26806.906
0.0
0.0
658.7521
2378.0752
0.0
0.0
308.859
242.48798
0.0
1184.1602
1827.7219
179.03996
0.0
0.0
0.0
1337.5806
0.0
13385.941
3271.8406
941.7698
0.0
2171.9707
0.0
0.0
4089.8193
0.0
1191.6566
542.3318
1455.0718
1337.9866
0.0
554.2915
1985.3667
5338.129
0.0
0.0
1461.2505
0.0
0.0
275.73032
0.0
0.0
46.80931
0.0
0.0
0.0
1820.3259
2283.6243
1564.5134
2204.4927
0.0
0.0
1728.7992
0.0
802.8152
0.0
1111.7056
1759.7181
0.0
0.0
1336.7408
2390.2815
0.0
1068.236
1558.3398
0.0
0.0
1896.5559
1023.83093
3103.8916
530.6828
0.0
0.0
0.0
1411.2081
689.4638
6431.593
2393.6797
1550.5087
0.0
0.0
0.0
567.7822
276.59625
5139.929
3438.541
1512.5176
0.0
276.7917
1923.1576
305.67484
1261.2954
0.0
0.0
0.0
8066.0566
0.0
1876.2793
2731.347
1537.1833
2008.2705
1440.1766
1627.6874
0.0
3152.5337
7025.858
515.39966
0.0
3131.8774
29759.395
3420.6343
637.4167
0.0
1448.8877
1933.0109
1127.234
834.8686
1079.0674
1803.7941
0.0
2748.249
0.0
4406.005
2943.961
862.4311
5317.446
2557.2551
1404.1605
1342.3413
0.0
1539.0669
0.0
0.0
265.26776
7455.427
5904.939
4022.7046
1327.9706
1229.6467
597.2262
0.0
530.58374
0.0
222.17068
0.0
0.0
0.0
0.0
0.0
0.0
612.9354
4790.981
0.0
1369.3953
5207.796
2549.1018
7630.58
0.0
0.0
0.0
0.0
0.0
0.0
156.38177
1337.1489
887.0851
955.36176
6354.493
3943.9702
0.0
106.36354
0.0
5060.6396
1038.9521
550.7301
607.8519
9120.469
267.98602
461.1596
0.0
1050.4514
3034.9414
1116.553
947.8434
56.399155
17747.156
0.0
0.0
0.0
1055.8357
0.0
300.24347
0.0
0.0
1807.8448
1353.5461
2770.1836
1029.9883
2473.0156
3077.2317
4514.005
930.44446
3965.1592
0.0
0.0
2310.0325
33161.312
7643.645
731.5566
0.0
2697.4734
10899.369
0.0
559.7739
1547.9215
1635.383
0.0
1728.9817
919.43225
5838.6313
15593.965
2096.6719
641.1572
437.72952
971.4198
545.2844
1070.6368
4000.0234
2410.663
0.0
457.4594
517.8077
28796.803
1297.1799
2158.1501
74.07088
1093.5635
2954.3635
1181.8645
643.2609
414.23212
352.99246
8508.741
0.0
528.58026
991.4114
0.0
1117.6301
1274.6881
4614.97
421.41626
0.0
1623.3665
2800.2114
1387.7616
293.9724
1897.2871
0.0
938.58496
290.89114
538.79297
3333.6455
4000.0767
292.93835
1734.3054
793.3301
0.0
0.0
613.0722
2240.519
3666.3118
287.36182
0.0
6455.5264
0.0
7105.828
0.0
1197.2351
1267.6237
4056.21
943.68115
0.0
1504.4915
88.34697
2091.141
0.0
0.0
0.0
2402.156
1971.8633
0.0
0.0
2635.9993
3403.0413
203.09805
0.0
549.9063
735.5635
0.0
0.0
0.0
0.0
21890.316
1197.8545
0.0
0.0
2406.482
692.7786
4090.6045
150.6597
0.0
531.5977
0.0
0.0
2355.6335
555.23267
5419.412
0.0
3205.8062
132834.28
2903.1018
1633.9379
24890.67
0.0
0.0
0.0
0.0
2793.3438
584.91235
0.0
0.0
5178.1694
0.0
0.0
0.0
12058.256
14342.218
0.0
2061.5144
2020.2524
0.0
628.4001
0.0
237.3361
392.6496
447.0455
205.43942
0.0
0.0
12301.586
0.0
2776.5293
4262.4272
1795.9347
0.0
2668.8728
486.35168
0.0
3714.0312
454.66882
0.0
2087.1936
265.41776
2032.5789
20695.14
0.0
2831.5903
0.0
1281.3054
0.0
1095.0463
3573.584
67755.625
0.0
344.7041
0.0
4148.8174
476.65906
0.0
0.0
0.0
378.5321
0.0
1475.3578
0.0
0.0
1414.7717
920.7274
4704.849
0.0
0.0
0.0
0.0
0.0
4679.3213
2234.5635
219.22296
5690.8022
440.17645
1529.6738
263.17877
0.0
0.0
65.02588
797.26404
1601.5137
0.0
0.0
1188.6653
1687.6636
0.0
214.34659
1340.81
1531.938
0.0
393.37183
930.6674
0.0
2574.9321
0.0
29741.748
714.8174
454.12662
0.0
0.0
1435.9712
355.79257
2578.837
0.0
0.0
0.0
0.0
0.0
0.0
0.0
0.0
0.0
4768.708
1984.573
0.0
0.0
3526.0005
0.0
1168.9246
2477.149
723.9547
0.0
6763.6807
2344.464
724.426
0.0
568.00964
357.5808
181.37358
1019.155
3125.251
214.87004
231.04903
0.0
1661.9426
0.0
4613.128
121.45604
508.28738
299.17487
2249.6008
1842.5188
538.84973
0.0
1859.7449
1516.7014
0.0
584.5227
1946.5754
2663.2537
8978.825
0.0
1083.4062
586.2318
2503.0618
5449.2393
271.53247
0.0
241.58405
1126.479
7244.2183
0.0
0.0
0.0
0.0
0.0
2893.4675
2294.0586
2928.172
2353.9365
3211.9058
0.0
1593.3456
1513.7781
1918.2859
1407.0593
0.0
1067.1779
3827.692
2421.0508
2609.467
0.0
329.56357
1680.1665
0.0
1529.1731
2877.43
1222.1266
4521.006
0.0
0.0
0.0
1636.219
891.24695
2366.4648
327.63965
0.0
7454.9756
227.60081
0.0
0.0
1649.7845
1697.9502
2334.1738
3375.581
1655.1561
1481.6233
3961.4893
0.0
2034.9218
2513.6606
811.0157
3269.32
0.0
102.380936
0.0
2762.459
360.60358
0.0
2429.541
0.0
1063.1434
3851.4463
1335.343
0.0
53695.297
0.0
1788.0446
0.0
2848.9368
0.0
1484.6423
0.0
2033.1504
0.0
0.0
1346.1582
108.40568
682.8071
5423.3545
2500.0674
124.86328
2497.5823
134.5312
0.0
1557.78
0.0
0.0
0.0
9443.459
312.37613
0.0
0.0
1760.2046
2201.5007
0.0
559.42975
0.0
0.0
0.0
0.0
2679.005
711.1428
1151.8188
0.0
247.67433
5642.385
78.46613
12947.064
250.89752
0.0
1156.0004
16096.129
24886.541
1774.4419
2254.4966
0.0
872.55896
1929.6971
461.92633
1327.9836
3894.692
0.0
1810.344
10623.751
3753.9495
0.0
0.0
6971.5767
13363.236
176.29662
0.0
0.0
1210.152
1401.524
2679.5083
0.0
0.0
302.62247
2614.893
273.33307
3607.0947
0.0
843.3748
28495.29
563.0097
714.7832
963.1781
4356.035
2178.545
3025.6045
1764.2913
0.0
3045.0017
0.0
0.0
1714.4943
2811.1328
833.5814
0.0
3326.5706
2872.5784
1419.0135
32166.44
1236.3947
0.0
0.0
7750.3115
371.85724
211.73706
0.0
10590.075
196.60098
362.92123
0.0
0.0
2760.1438
2506.7664
0.0
67.303085
6410.1113
3503.1675
0.0
157.92064
0.0
0.0
13986.878
3595.6555
0.0
0.0
1756.9419
1081.4326
1918.863
4373.829
0.0
0.0
0.0
193.7878
757.4579
1140.1771
0.0
11286.35
511.58456
2081.0005
9958.424
647.6004
0.0
1152.803
0.0
0.0
2532.906
862.031
1171.0961
2303.6677
0.0
0.0
2569.997
0.0
3644.2874
1675.3145
4333.218
1256.6564
0.0
1874.4236
1044.158
0.0
0.0
2082.052
2551.1614
630.71576
0.0
442.63245
871.4432
2817.6646
595.6902
1511.7083
2540.8618
1649.5747
4640.253
0.0
0.0
295.92224
1836.1417
0.0
1031.6927
1577.5751
877.4897
1296.5955
0.0
826.12115
2639.3523
1294.8087
0.0
11705.75
17551.639
1124.1952
2459.028
0.0
1436.5286
0.0
263.83313
822.8485
2710.414
685.25354
283.21365
0.0
0.0
0.0
0.0
0.0
2079.4854
5358.2227
0.0
755.05164
0.0
257.77625
0.0
0.0
0.0
15635.543
1176.284
519.2685
1446.744
1529.5681
4931.6895
0.0
0.0
0.0
5295.531
3116.8926
287.77487
1484.9102
23066.227
0.0
457.77853
24948.582
818.06995
1711.7566
1731.6212
0.0
16473.146
767.4111
3876.2463
172.17087
4343.962
4.2653723
2946.974
0.0
429.463
3258.3552
289.46085
0.0
6745.0254
4229.7783
0.0
1236.8773
623.0603
0.0
371.68173
410.64035
2202.103
2176.9478
3939.6848
1559.751
1121.177
778.5599
0.0
587.3543
0.0
0.0
5845.704
187.54214
0.0
0.0
0.0
0.0
0.0
0.0
0.0
3477.4321
301.715
653.9496
1585.3145
369.0848
707.2317
0.0
212.61732
0.0
1231.8761
0.0
0.0
1693.2184
976.96625
503.4664
2393.115
0.0
613.1611
0.0
0.0
0.0
0.0
6767.9873
0.0
0.0
2220.183
2451.4788
4619.6587
2127.3367
511.62378
1040.4524
279.28134
0.0
0.0
0.0
0.0
0.0
22932.5
0.0
387659.66
937.6648
3061.6138
0.0
2956.9883
1710.4529
369.9823
0.0
30111.287
99.4586
2108.1836
2255.0771
0.0
0.0
3339.2378
116.86458
986.8152
4796.498
4725.78
0.0
558.9005
0.0
0.0
4703.0254
0.0
0.0
1400.3733
0.0
32906.75
331.39136
1240.062
2592.4185
1369.6978
2354.3608
736.3954
4312.421
0.0
8660.914
366.7665
370.74695
1850.0978
0.0
0.0
0.0
31.110222
0.0
3355.732
0.0
875.32477
1117.5293
0.0
0.0
2860.8367
1122.6499
0.0
1041.1062
1131.5361
11705.698
0.0
2498.8257
0.0
1414.0803
487.30505
9.392087
16694.033
1314.9774
0.0
0.0
0.0
246.04831
0.0
39.49337
2752.2507
11927.578
0.0
1644.3806
2041.1921
0.0
4288.584
0.0
0.0
0.0
274.4473
0.0
1650.2109
1526.9578
0.0
0.0
0.0
1148.6019
2915.7046
0.0
1353.8381
2466.549
1318.7451
230.70091
3569.919
855.8522
0.0
346.5748
423.0213
0.0
