127.33536
673.7921
262.61273
0.0
747.44104
1139.3346
1076.3145
1704.7238
0.0
0.0
0.0
607.9312
3869.4666
4136.1826
16046.924
0.0
1269.6091
0.0
2380.8105
3204.5723
5117.3916
2495.8167
2985.051
3669.8506
0.0
365.90094
0.0
1038.6398
3495.8833
4976.9785
3764.8652
976.77295
0.0
662.9043
0.0
568.87256
794.35406
7328.6055
62285.81
0.0
0.0
1924.264
2244.794
5017.919
1758.3177
446.23856
0.0
0.0
0.0
0.0
7191.835
0.0
0.0
1563.3835
216.79776
4528.7666
2783.0642
0.0
3807.6707
1661.9915
17593.576
0.0
0.0
0.0
2874.496
0.0
7617.468
5973.5405
1963.1517
1757.3402
3355.391
84.43251
2965.0796
9340.748
0.0
946.6553
9315.054
1451.752
10143.656
1812.7261
434.85327
4855.093
2125.7783
645.254
10500.9
0.0
161.79184
611.45886
1096.1036
2251.8064
2500.27
18935.348
28196.703
0.0
0.0
9623.646
0.0
1249.0348
674.35565
1190.4939
2889.798
3636.6138
9127.873
2751.439
2663.7227
0.0
6061.886
5895.73
732.146
5536.5796
0.0
0.0
0.0
1243.0051
2428.298
2240.2253
4233.5913
15104.517
0.0
0.0
457.8957
0.0
49073.336
314.1994
3831.5718
0.0
0.0
37212.57
1282.6443
0.0
2906.4702
4568.117
0.0
1015.25793
3409.894
0.0
5953.372
7319.7095
0.0
0.0
22203.074
2930.3472
21113.984
10256.81
0.0
3534.3604
0.0
4117.163
0.0
5487.7217
3290.7883
3793.2163
3409.0088
0.0
17848.723
286.70004
492.4668
0.0
0.0
0.0
723.74396
0.0
1790.7595
4277.4595
0.0
2700.4539
6163.052
4522.899
0.0
5040.663
37755.727
0.0
3582.5786
0.0
2565.8716
14168.906
131.33438
2576.4
1754.9849
11875.527
0.0
0.0
32412.98
0.0
2824.459
1577.6093
2295.2717
0.0
2880.5366
0.0
12103.395
8775.806
1365.2468
10973.284
804.2466
11861.992
3574.0784
6525.409
3930.398
2410.3098
755.1169
0.0
0.0
7924.6953
0.0
0.0
8669.629
0.0
2220.825
0.0
2240.9995
4978.927
7545.084
0.0
760.07886
0.0
0.0
0.0
3793.4036
0.0
0.0
1362.9595
0.0
1417.9229
6681.12
2940.5771
6585.483
1553.0406
630.46765
23882.045
0.0
3264.591
36.609833
106024.266
1151.9514
3482.183
0.0
6699.9585
8344.955
0.0
1629.2134
3492.4502
1223.2085
3200.4106
285.17468
9044.88
0.0
2561.9346
0.0
0.0
0.0
12155.949
950.1559
9432.485
1508.7104
0.0
249.84926
6671.0537
0.0
1901.375
1384.6609
0.0
7044.1855
101543.22
0.0
546.03784
611.78503
299.47922
0.0
158.35736
0.0
201.25546
12291.635
0.0
3933.1052
0.0
1746.6414
0.0
1678.3208
0.0
856.82324
832.7903
2298.7117
0.0
344.3102
2929.7546
100939.56
364.0188
18043.766
21178.87
2142.9355
39531.32
0.0
10944.215
441.1941
0.0
0.0
4206.0244
0.0
17034.297
4443.061
923.7851
4085.591
14188.852
0.0
1937.9641
23946.812
2145.3223
0.0
0.0
0.0
0.0
124.87023
1970.6143
3578.5034
8618.257
13605.16
17669.965
1805.4158
176.58699
0.0
675.5455
47.15503
1114.0941
2198.1687
1663.2039
1232.7412
507.47037
1738.1483
0.0
3283.1646
0.0
175.424
1701.8263
0.0
4716.292
12622.391
41067.4
2872.6555
29176.467
1594.8643
4641.9434
8524.413
2220.8042
1363.6885
732.23376
7073.246
31402.207
0.0
1481.724
3657.6294
0.0
4470.4204
0.0
1242.4923
2458.3352
292.7299
2317.3726
3169.8828
1243.691
6879.0225
149.3712
0.0
26.970345
336.7908
7273.2344
0.0
185.21907
5736.7285
0.0
2403.641
0.0
15555.148
602.1929
5212.387
0.0
3054.9668
222.4928
0.0
0.0
11305.993
0.0
0.0
354.98434
13237.383
1353.5082
11735.765
0.0
43745.86
0.0
551.9551
0.0
1188.0317
0.0
8946.223
3881.3003
1477.7706
0.0
2995.127
1177.796
0.0
773.08276
0.0
0.0
9285.177
805.5314
0.0
17972.094
383.64844
16101.521
0.0
0.0
10780.651
7862.667
4094.5059
9356.144
0.0
0.0
27073.34
2256.5532
347.6041
1925.6926
1362.5928
0.0
0.0
4226.6025
1016.66956
1485.0564
6920.6953
519.26416
15687.596
3136.7559
2973.86
973.5741
1169.0704
0.0
0.0
9322.275
1728.7947
0.0
0.0
0.0
0.0
1915.6035
0.0
362.11285
6111.883
0.0
4502.6997
1230.9249
1048.7141
3890.794
4822.13
2052.8135
235.0368
0.0
10315.164
3560.6548
14209.895
1347.8153
0.0
0.0
1912.1035
802.1113
4340.942
0.0
7404.119
5939.5137
0.0
2613.6846
722.1528
1793.9756
3163.3896
578.64026
0.0
2373.7554
101.79908
181.72064
7316.245
1864.9951
0.0
0.0
0.0
1021.89044
2081.4243
3302.646
2581.9243
0.0
3608.8848
0.0
2886.1233
2574.2866
1678.1106
266.87454
4843.534
2926.2476
0.0
7632.5796
0.0
6419.732
10570.947
389.8758
4069.5474
10136.106
6671.002
3656.1133
0.0
6093.815
1888.2545
2761.5015
0.0
14732.029
75272.83
10896.458
1852.6509
1652.5841
7079.4863
33260.03
0.0
0.0
1007.2409
2969.3643
439.45718
0.0
6791.908
0.0
3569.8506
0.0
851.9769
4049.9282
3289.2236
65528.492
0.0
0.0
0.0
4237.3325
13925.734
3414.792
0.0
6471.208
0.0
0.0
0.0
0.0
149.94319
0.0
1688.5424
26288.621
5949.3657
825.2073
0.0
6316.4106
0.0
0.0
13737.449
0.0
20246.166
3879.6392
2579.9187
2360.8262
8916.641
163.10071
6086.219
5937.092
2013.9833
0.0
2411.862
1536.6624
8975.809
8464.202
0.0
549.6693
796.64856
1005.1218
20753.453
2912.522
18873.176
2351.4368
5733.5293
3424.0474
0.0
2713.3496
0.0
0.0
5514.73
1850.6914
39885.555
1248.4812
2733.869
677.647
4479.1807
231.64212
36748.035
2093.547
355.5138
1253.803
5756.0884
4786.624
0.0
0.0
0.0
486.26743
0.0
3933.934
0.0
0.0
717.2837
1752.4728
144.11794
1093.7155
664.36346
0.0
6296.9395
1153.5361
0.0
2049.042
2821.2551
1605.948
1499.1517
0.0
1999.7119
11567.627
2968.4146
752.7361
0.0
12146.401
7317.2686
0.0
796.4024
0.0
0.0
0.0
33998.72
0.0
2473.9868
198.6994
585.38776
1357.5416
4336.6445
0.0
0.0
4472.3193
0.0
2449.3853
2333.4146
0.0
0.0
10294.398
1267.8525
1956.2207
1229.6716
665.77124
0.0
0.0
3042.998
13120.393
0.0
2778.489
0.0
7392.5615
582.5348
3854.7297
51759.43
10766.146
5682.5303
0.0
2688.9863
9015.935
4626.8433
0.0
0.0
3859.999
0.0
6903.0654
3531.2617
1905.054
434.2636
0.0
1513.7882
10440.273
71565.61
0.0
3042.3047
602.0553
447.4185
12596.897
7566.7314
4372.593
0.0
73945.555
4703.558
0.0
3824.619
0.0
8520.7295
0.0
0.0
581.1039
241.82303
3853.7212
18034.766
14547.928
196.81519
12680.434
1698.5945
3795.937
5011.316
1585.6635
161.61957
248.92343
5479.76
6323.4233
0.0
7153.492
0.0
715.5123
4300.113
1410.1489
4934.9927
0.0
0.0
0.0
4897.2812
0.0
226.67377
0.0
0.0
3850.455
6140.4614
4914.7383
10176.32
0.0
8467.648
219.03262
4964.7256
4879.2656
0.0
3512.1726
3497.2842
2207.5742
7712.161
242.66177
0.0
0.0
18722.867
239.3628
0.0
0.0
107.2048
1952.3967
0.0
5641.697
5305.498
0.0
4378.593
426.8207
0.0
3074.2678
18182.082
3792.4072
0.0
1547.7756
21150.69
0.0
494.37976
3439.4202
0.0
1077.4644
3384.0981
0.0
2557.1328
5375.3354
0.0
16671.016
157837.2
2411.891
1210.7229
9766.195
63612.133
0.0
2085.6133
1734.2356
0.0
2711.4753
2466.1858
1152.4045
6430.9004
0.0
1843.8763
0.0
1034.6403
7916.436
2256.9363
876.7232
1620.1176
10604.066
5364.2764
2024.542
0.0
11951.846
0.0
7802.8
1469.8024
0.0
1524.2485
38692.09
52534.055
0.0
5839.5703
48630.7
2544.6118
0.0
1634.773
296.88214
2561.373
171.4792
3522.9812
0.0
538.9132
2629.0068
4514.684
15413.186
0.0
2481.7358
0.0
0.0
9556.786
0.0
0.0
0.0
8394.8
2785.0688
1563.7104
1924.5515
18275.486
71642.85
10719.004
704.2894
2017.6956
0.0
1776.6276
5109.298
0.0
0.0
110.842354
9059.43
5696.3203
3984.8804
1943.4316
0.0
0.0
4969.9165
18694.469
4610.16
289.3434
0.0
10290.489
13747.73
11705.742
0.0
1092.5193
0.0
72259.125
2067.62
1657.3013
212.40839
2144.2068
14906.309
2951.9521
2682.3784
7190.5186
672.5098
318.0384
3397.7954
4828.845
3690.586
2058.5022
962.31024
0.0
3842.4463
6659.7505
466.02353
3270.428
4548.6123
2446.0076
1033.3082
799.67163
0.0
2738.4695
785.9331
5474.1206
9886.012
0.0
5600.6343
1928.559
67827.2
0.0
0.0
1383.1909
2469.3467
854.1459
1535.7932
11402.741
0.0
12994.503
0.0
3413.9531
4432.1797
0.0
0.0
0.0
846.34314
2470.2139
934.77856
8824.341
3613.4
0.0
2523.8315
4044.1338
12798.004
2286.345
0.0
10565.572
2851.2112
778.4615
2091.8552
0.0
3562.4062
1073.1576
941.3971
22681.008
0.0
11521.284
56350.01
0.0
0.0
6702.9834
2169.1504
2313.561
2495.7036
0.0
0.0
6158.731
3614.393
3704.8892
0.0
37099.402
29950.074
0.0
0.0
0.0
10307.77
0.0
9677.955
272.13953
2020.9312
1312.0671
1885.2334
750.73413
8030.0454
3741.8628
26631.137
2184.252
28645.215
0.0
2447.2095
7172.802
856.9584
3417.704
994.8026
4253.6367
4040.546
2175.1987
70.090096
1720.6357
22741.473
2798.6763
0.0
4686.9233
5322.6167
0.0
2443.6238
0.0
12387.15
8976.824
0.0
2153.612
371.81512
10851.544
2394.651
6155.8857
0.0
0.0
0.0
1910.519
11037.473
6422.827
178.86636
383.8692
21225.254
78440.414
2897.9932
0.0
10873.935
79.9711
0.0
581.41785
0.0
0.0
0.0
1296.7256
0.0
0.0
8628.989
3125.6182
295.76328
12785.703
3879.3765
6641.134
5655.6284
13198.422
8241.205
5649.2935
0.0
0.0
0.0
603.8352
2159.923
7338.8745
0.0
2467.6401
0.0
1452.6614
44822.844
3620.42
0.0
10311.396
0.0
5863.897
0.0
2722.3735
10080.776
32080.371
343.43164
28948.664
0.0
326.96924
899.3589
3839.6367
15.26174
13768.126
377.43387
3583.3672
6267.0137
12938.227
19052.902
0.0
4391.534
1493.4084
7877.3027
457.25684
1370.7853
167.43144
0.0
0.0
0.0
10005.658
928.19324
1384.1775
7157.116
0.0
35036.02
0.0
0.0
3715.1816
0.0
16276.668
1041.8976
1165.3236
643.23096
0.0
4476.423
0.0
116.953674
5819.0195
5945.8335
479.9082
2633.2102
0.0
565.36536
330.0279
296.64432
0.0
5561.7046
817.0606
0.0
0.0
0.0
0.0
1749.4113
0.0
1304.0171
3411.3442
3160.3694
4709.8403
1714.2932
1169.4155
2648.5027
0.0
0.0
1875.9448
7036.296
3340.1082
13432.121
2666.4128
0.0
4091.4507
10246.885
7593.571
0.0
422.46655
2064.6685
0.0
0.0
5165.685
2223.8083
771.8395
0.0
0.0
3933.4229
2708.0598
77127.875
1577.4518
0.0
4044.7563
3667.5889
4784.896
23711.791
4159.175
4938.8125
5591.2607
445.05646
71461.31
2311.6067
6929.663
0.0
0.0
102.19655
0.0
2865.2
31343.41
0.0
3142.6516
11498.911
3111.7212
9413.88
7873.502
1407.1954
684.15784
5468.56
527.9772
0.0
2795.587
17227.68
2727.6536
0.0
483.64703
25673.043
6461.602
2101.896
222.95325
2657.7039
19.710007
733.20166
4612.498
1675.8069
0.0
49518.67
17148.695
3047.535
268.5611
0.0
0.0
0.0
132.78096
3865.18
0.0
0.0
2689.7095
0.0
6953.771
0.0
7500.752
1261.0311
1568.1892
0.0
2391.6975
7716.1006
2171.421
0.0
0.0
2424.053
2920.4365
32515.016
4568.4
0.0
0.0
1494.0654
1721.979
0.0
2653.7402
3692.4917
3175.0464
963.1841
6150.87
1514.2582
2116.5508
882.27826
152.17657
9882.455
9388.849
1153.0381
1702.3992
0.0
1820.303
7049.034
2323.9756
0.0
0.0
8210.591
9419.961
1171.5674
0.0
1528.9387
14346.08
26113.178
530.1982
9095.385
44.515312
9389.922
75131.51
0.0
16383.189
316.17828
2597.647
0.0
0.0
2809.591
4271.3467
10353.855
686.259
1670.7914
6772.868
1273.5405
0.0
20607.867
5129.074
267.78433
0.0
554.9906
26406.75
0.0
1108.8953
293.76535
3409.3657
0.0
0.0
75.64641
11865.963
2005.9797
987.62244
4676.385
224.46979
484.1972
0.0
0.0
1757.8907
2878.6265
1025.543
15313.02
877.8082
670.79224
2782.1316
39002.73
8733.094
2832.0164
917.6582
1296.1102
4001.8545
491.08972
0.0
248.82681
2776.1367
978.7324
18410.043
174.08817
0.0
252883.62
2885.4163
1104.2341
0.0
2311.4136
5924.4136
21419.242
0.0
379.1317
5748.0645
0.0
3452.0913
1636.071
6394.238
0.0
1760.3436
0.0
2005.7734
4686.572
9034.943
36705.516
454.45197
2104.9065
0.0
376.94244
0.0
9588.769
2088.5488
15.867739
3904.2515
291.41443
6292.919
6574.4136
22979.047
0.0
2401.287
0.0
34885.426
42988.473
559.31335
318229.12
0.0
220.1948
53787.86
0.0
1017.557
474.8084
1988.1531
3961.0576
2448.438
0.0
6007.236
4983.346
0.0
22777.14
3936.5537
8717.991
1827.1243
4398.4844
1659.1476
4137.18
614.86743
0.0
4071.8281
0.0
3370.2053
2960.8071
2589.3386
5703.1895
0.0
924.0525
2620.585
0.0
0.0
4056.3254
9080.042
7013.2017
1384.1974
2159.526
17311.867
3214.9595
981.2094
3452.77
3862.4712
0.0
953.77325
4937.9404
2187.5706
3215.131
0.0
0.0
1327.6897
16423.064
0.0
5996.94
17855.172
0.0
2280.0803
0.0
0.0
0.0
0.0
4837.9873
0.0
0.0
0.0
0.0
1369.6611
0.0
0.0
0.0
0.0
3233.9666
1157.4915
4117.104
2255.0208
11836.24
10304.284
1563.905
2979.391
674.20764
513.2976
0.0
2315.1428
4574.4985
935.3351
993.5617
1197.3513
18239.889
0.0
7822.7144
392.1092
4586.606
10708.442
0.0
3637.6326
0.0
1496.0935
0.0
0.0
2269.0042
43891.547
0.0
3611.3892
33154.945
0.0
3663.4426
0.0
0.0
328.43835
5962.7783
2004.1427
4303.4575
3364.2805
3133.8958
0.0
19013.8
47646.08
14124.668
6458.577
4437.757
310.17896
0.0
0.0
183.81747
5775.1963
1586.289
4092.3638
10386.85
0.0
186.47751
0.0
4174.94
0.0
0.0
380.28882
137.04263
759.0978
2688.7803
0.0
0.0
152482.34
2229.0623
0.0
2050.6572
1973.0192
4838.505
373.87216
15847.041
0.0
0.0
0.0
5516.59
3934.107
5076.456
2512.5688
2436.2542
3932.017
1670.6255
3503.5198
0.0
4431.271
0.0
4950.5312
1228.5815
1397.044
2439.6006
3492.919
9935.06
1736.0117
0.0
11013.559
1158.5854
2571.1333
93818.64
8631.128
943.73346
1838.3442
4958.138
4998.749
4613.0005
511.8482
0.0
16350.695
1934.4221
274.6001
0.0
1232.4495
7216.1826
8035.5996
4478.2417
4451.283
2119.0889
0.0
1866.1786
3279.8232
2270.8132
3589.6433
1542.8047
1384.3635
119.30109
0.0
1235.5615
0.0
4446.6826
3338.6948
3319.7349
899.01514
0.0
0.0
2481.5479
6416.358
3128.8354
2029.2717
7858.2812
212.94568
1446.7366
1933.5745
0.0
2496.0674
0.0
2141.3652
1174.2811
7725.9253
7693.051
0.0
1727.7036
0.0
6697.083
0.0
2285.8318
198.91905
800.83264
76067.78
10810.821
3120.829
18975.992
0.0
0.0
0.0
2077.378
0.0
193.152
7419.617
237.5623
0.0
1729.4781
94.83046
4695.9204
4768.868
231.88364
8027.8315
0.0
6305.1855
729.53345
28485.914
1835.7611
567.00946
2363.1748
176.67802
619.9531
1061.3606
13713.623
776.806
0.0
0.0
7150.45
0.0
3863.588
4856.7744
2356.2432
11514.369
1220.1489
0.0
0.0
0.0
7363.7725
0.0
0.0
4586.084
6376.1387
5347.912
2753.4526
0.0
9014.414
0.0
4921.162
648.7902
0.0
18161.86
19861.34
26344.723
6828.0957
1558.4668
3342.9604
0.0
2106.5908
0.0
16094.291
8184.2393
0.0
3109.3882
235.74515
7509.698
2322.0315
3700.569
5099.0024
3634.8325
271.34695
4872.749
3683.2515
0.0
655.5932
1414.0142
8228.969
933.8611
0.0
2504.9272
6168.962
8378.153
12231.553
0.0
2074.1409
6179.802
4450.1045
3430.5405
5803.408
1395.202
20793.65
0.0
604.6266
2155.7925
4271.367
452.6983
7890.0107
3791.6924
0.0
19153.596
0.0
0.0
0.0
0.0
3451.1687
0.0
2059.2126
1935.0994
0.0
744.70245
27.235909
3696.9338
5139.403
4894.781
12586.201
0.0
0.0
0.0
2719.5286
11397.771
2977.479
0.0
0.0
0.0
3683.099
0.0
0.0
2852.836
5844.7495
0.0
1940.106
7538.957
3121.5928
269.86902
0.0
0.0
0.0
0.0
0.0
3297.15
0.0
785.3804
1126.1796
0.0
0.0
962.3081
0.0
571.9912
322.0588
3276.651
1080.1163
3325.7014
240.59325
1232.6584
268.6144
2226.3164
3096.8784
8802.7
0.0
298.74622
0.0
1543.4722
11610.734
0.0
0.0
3169.4495
25762.254
0.0
0.0
0.0
50.674473
2706.7476
3140.5474
0.0
1759.8042
3593.5654
12873.434
5991.38
0.0
0.0
29939.86
0.0
5225.8545
6570.128
1622.962
4396.005
3518.4558
0.0
0.0
3555.0261
0.0
2314.7651
0.0
600.9434
6019.3276
669.9325
6741.322
9595.896
1212.7413
0.0
1425.086
1552.9033
0.0
3278.7827
2578.7625
0.0
0.0
24996.273
2097.8652
0.0
1658.2776
2707.3667
19600.395
2189.6619
0.0
752.8548
2887.501
3894.5874
9134.5
0.0
0.0
801.155
227.79678
6432.165
0.0
6696.8
1340.7075
3049.7876
663.0933
8203.633
9491.981
1084.2703
61115.48
0.0
3189.6616
0.0
5473.48
4624.0854
2984.607
0.0
2601.1724
54336.99
0.0
4350.936
0.0
0.0
0.0
0.0
39055.105
10092.477
110360.766
0.0
0.0
0.0
90.24834
2890.7522
0.0
11838.487
6345.9214
10461.814
23380.23
688.60583
687.3073
2805.0923
2703.1028
1014.6478
0.0
6055.3813
1569.5731
3982.8323
2829.2192
0.0
0.0
0.0
2028.2695
0.0
2488.4558
0.0
0.0
0.0
42.948616
1378.4198
5843.0283
1763.2078
7.346657
2034.4209
42.49927
0.0
0.0
1107.1752
2255.8538
3161.3738
3144.4414
119.63052
0.0
0.0
0.0
12467.54
0.0
0.0
7252.88
627.19745
2520.5168
0.0
2847.1887
0.0
6944.4087
0.0
0.0
0.0
21431.096
0.0
3256.6775
532.4536
6303.6787
2053.8005
548.376
726.6703
3511.2769
2576.9844
121.92328
2728.9692
0.0
0.0
4534.1753
12193.135
0.0
791.28894
4879.5215
3600.377
0.0
118.727
5145.406
5055.3657
5037.7256
0.0
5427.8667
7775.135
8376.492
3375.2053
11884.592
78951.78
0.0
1195.2192
2815.762
3299.4062
0.0
1920.5837
1575.9287
5768.177
597.6201
645.4303
0.0
12434.338
142.66348
4292.377
3359.42
1578.9088
4971.4473
0.0
2468.9155
3712.2744
0.0
32002.928
15078.565
3141.146
0.0
6072.5854
16528.338
0.0
18132.328
3127.2659
1523.8259
7814.339
371.10535
4821.935
0.0
2187.1953
0.0
0.0
6803.797
0.0
0.0
204.86513
644.4928
1592.862
0.0
9700.341
1669.8771
0.0
3825.69
0.0
7876.999
1204.7864
4850.6143
2042.739
18453.602
1809.3625
0.0
3245.3037
0.0
1339.6414
693.32495
0.0
819.1048
13596.189
12821.251
5624.658
0.0
0.0
3234.2556
0.0
9400.945
9208.469
0.0
3571.042
7351.2637
7643.567
1979.8701
6055.328
3324.7363
3148.438
5719.3906
472.74545
8990.784
12291.904
2121.6501
1415.1748
7841.9355
0.0
0.0
2675.568
11153.897
3498.4333
0.0
4827.04
0.0
0.0
426.37173
1361.2532
0.0
650.05865
854.20276
1691.0382
0.0
1229.3671
363.69638
1159.7883
240.75565
0.0
6292.5713
0.0
0.0
11060.035
1607.5709
5135.9546
555.93665
0.0
0.0
4669.095
13188.3125
2370.8086
16465.426
285.74728
941.5902
0.0
2917.692
21423.701
1943.4353
0.0
6499.198
409.076
189.04033
7222.139
0.0
13496.428
5174.866
208.19833
0.0
228.52411
0.0
0.0
1527.8374
0.0
0.0
2804.9077
2009.0012
5709.4253
568.3374
0.0
0.0
0.0
1450.6742
10215.624
0.0
0.0
8077.3755
22394.3
0.0
1698.9126
830.18854
2895.0496
0.0
2802.7954
4162.6
0.0
2296.316
382.94635
0.0
2140.5059
1902.305
0.0
0.0
3933.3643
0.0
0.0
2770.8843
1389.622
0.0
0.0
0.0
55506.9
9965.654
2885.0488
0.0
3718.5864
0.0
0.0
15411.389
0.0
1946.0374
0.0
11875.994
0.0
0.0
0.0
17370.48
3443.5103
0.0
0.0
6972.7334
1241.4866
0.0
2835.8906
0.0
0.0
868.7935
2202.7566
0.0
9358.621
4716.1494
4533.04
1635.2504
10847.219
780.48975
10299.336
55899.3
0.0
0.0
2164.292
1078.3522
0.0
10185.401
93042.8
3889.123
9037.33
0.0
4297.806
5744.7627
57.034763
2377.9421
3004.5605
3888.8389
3258.997
134.18259
0.0
1891.2681
4102.207
7653.6084
0.0
5464.284
0.0
3042.1328
2409.8657
372037.34
3293.9097
828.6253
0.0
0.0
0.0
13779.674
3555.8315
21044.742
247.20578
2188.748
977.9637
12562.614
6236.496
9360.665
10761.672
0.0
425.75946
0.0
5483.1895
13532.18
2814.9634
13175.369
13490.848
2077.0217
1677.5773
0.0
0.0
678.5469
1388.9376
213.07126
3253.032
0.0
14842.55
3810.1382
2407.6055
4977.5986
0.0
5063.395
0.0
2535.4001
0.0
0.0
1458.2148
3756.417
218.34705
0.0
10063.572
3063.687
1076.0887
0.0
0.0
7348.544
528.8989
2654.5305
936.22974
951.9938
0.0
37324.086
3240.4302
2196.3618
8187.129
0.0
4251.501
2435.2412
9171.48
7137.9766
3208.7842
0.0
3586.354
2399.918
3848.1226
0.0
2262.8655
31297.168
885.2582
1366.3223
9422.1875
4883.2754
0.0
15463.143
2314.534
0.0
6734.3857
1398.6378
0.0
2835.311
368.63614
4297.6323
114.98015
0.0
2966.9346
0.0
2079.9111
6529.126
17680.629
4956.914
0.0
6217.5034
0.0
345.5936
0.0
0.0
2305.4941
0.0
1072.2657
0.0
0.0
1096.2821
0.0
3289.8447
0.0
1674.6694
0.0
26962.16
3849.9746
1461.9475
241.58743
0.0
1683.7046
222.5256
3940.4336
22135.385
3716.811
15354.439
975.8154
743.6843
2651.8677
15207.711
366.67587
348.63138
1794.6687
15059.525
0.0
284.15002
1023.3071
1901.0642
5131.9253
252.39893
744.0007
113.31754
0.0
672.3938
2688.9922
5360.473
22092.688
5521.5146
2628.5474
6344.129
0.0
0.0
15152.941
2316.6316
4388.7744
9882.009
5131.1133
4668.325
540.1227
2423.6929
1273.4905
0.0
5263.3774
4283.1875
0.0
2435.8894
547.91003
0.0
0.0
1925.744
0.0
19181.969
8300.074
4764.719
2041.4722
0.0
0.0
7061.4126
0.0
641.0007
2162.2517
2610.0547
0.0
1787.7388
6460.2017
4033.521
1038.2257
283.72983
6583.4775
71.30661
10082.455
2399.8733
1085.7869
0.0
8406.762
0.0
0.0
11478.904
7187.3584
3469.6099
3353.3887
17211.531
2309.9966
0.0
0.0
0.0
2683.6372
0.0
0.0
58755.22
0.0
10886.058
0.0
17628.785
2387.3474
8114.3022
2664.7139
16016.712
7139.916
2998.522
17263.328
5955.6064
2904.321
4168.7705
1563.7274
19168.459
2931.1074
3579.0083
778.87885
115.93303
3141.6636
0.0
11287.547
8419.979
435.68915
2398.195
0.0
0.0
15355.725
222.45012
2070.9175
4167.0566
324.95374
3421.9312
2641.3425
9200.268
24384.125
0.0
2109.645
799.6073
0.0
3709.9236
0.0
3237.401
0.0
3599.9678
0.0
12320.441
2373.5457
0.0
3040.0933
4498.144
8502.236
42578.12
12197.242
0.0
627.12866
3849.19
10519.828
4765.792
0.0
4070.5723
13918.3125
5198.118
322.28015
6319.906
44992.977
0.0
4651.659
15691.656
938.9142
5637.248
4822.56
3647.6667
53272.637
0.0
2174.9836
6718.451
522.44476
6209.9434
4969.5586
41.9451
2230.3555
2142.4265
35109.89
816.99194
3398.83
57262.92
209.01846
2325.2485
4119.5293
6097.5728
834.6343
2187.517
0.0
2140.5981
0.0
11261.084
0.0
0.0
0.0
1549.7493
15593.196
0.0
774.2368
71.35862
5027.721
6950.8047
0.0
7760.071
2388.9624
7588.1655
2182.8064
3927.4053
1284.2488
2924.642
0.0
3021.2656
3899.0913
1964.3287
5347.626
7933.0474
5682.6577
0.0
1628.1946
5544.334
0.0
24816.03
682.2974
23664.7
1155.9695
2744.2927
98.386475
13704.85
0.0
1262.5159
0.0
3915.529
1672.2343
180.11371
0.0
1437.1162
5077.9644
0.0
6403.585
0.0
3447.936
2629.522
0.0
3823.8958
0.0
0.0
2581.8135
3679.1501
2116.5278
13560.891
1299.343
3053.857
0.0
126901.5
7.0337677
1091.4618
616.27
4424.865
1309.7935
0.0
0.0
873.56354
1252.8772
2005.2672
2859.2712
0.0
2002.3354
0.0
10465.112
0.0
224.68472
27892.336
2804.0986
1859.0569
0.0
10484.135
5767.1484
5598.186
3183.4175
6070.4727
1233.6394
100.11206
4047.8062
3334.2515
1301.7378
2607.644
0.0
0.0
1892.2401
1036.1791
3072.4338
14386.132
342.12183
0.0
0.0
305.40906
2199.0837
2756.102
5554.0527
0.0
4569.217
1071.4716
14502.2
0.0
16481.68
0.0
0.0
1110.1416
1257.5735
2224.2312
1751.9517
316.15076
459.70258
0.0
2301.471
2160.77
571.903
3295.38
5027.5273
2103.111
1622.3135
10743.879
3236.705
2230.6763
5698.032
0.0
10773.012
2637.2947
8127.4004
5424.205
3386.1094
13509.31
215.5862
0.0
1037.8524
3477.0234
4816.0312
4000.4858
427.1894
0.0
3761.8298
0.0
0.0
2025.6122
4177.255
0.0
0.0
1012.17175
0.0
4923.5674
20153.598
1649.3439
11389.815
1597.0844
3195.3
900.71265
4491.244
2995.471
552.59546
0.0
35.539413
0.0
527.3505
0.0
615.2846
0.0
2409.063
0.0
0.0
1004.9011
18.094368
5261.6646
3053.7449
3630.3335
3666.2793
1583.5525
0.0
1379.5813
20799.357
2962.98
6078.25
3377.3716
7761.4727
0.0
394.35498
0.0
0.0
0.0
28355.682
0.0
0.0
521.53687
0.0
0.0
2961.6013
11852.84
0.0
1169.218
0.0
0.0
0.0
424.22766
33634.094
3058.2964
12702.032
4551.899
0.0
227.86523
14049.666
758.6709
1675.0128
33067.902
0.0
2884.4224
1342.5898
0.0
272.76724
3991.5679
5769.366
0.0
1203.7583
3548.9421
0.0
2245.2744
11023.46
3792.7817
6515.6914
5058.7207
0.0
7377.94
15319.221
5994.637
161.51953
3983.77
141.14644
0.0
3750.5479
200.44214
50364.42
1782.8306
2925.6555
350.361
4782.2925
0.0
1159.9888
14151.586
9521.35
0.0
8609.239
2973.0776
3625.1719
289.41028
1096.8296
1430.1755
3802.9844
0.0
0.0
5553.296
3194.8296
0.0
47.056686
643.21106
0.0
0.0
38.051544
8101.0864
2592.8467
0.0
0.0
0.0
5263.996
795.48413
1242.9565
1139.0276
1733.5048
3200.128
2591.648
1658.6831
9614.164
0.0
0.0
1715.4067
0.0
2775.3027
12300.843
6203.4014
12322.7
2570.4824
15010.3545
0.0
3137.6475
0.0
0.0
3126.6057
5134.205
1220.52
0.0
44094.28
1801.5942
4074.6157
440.2761
2162.6282
2659.1738
72337.05
609.322
1770.6147
3958.5447
0.0
0.0
0.0
865.2654
1223.4192
0.0
3932.3076
9528.244
539.2439
2060.3213
4586.8257
3218.0981
0.0
65926.8
7424.2734
0.0
4202.822
0.0
0.0
5354.9688
0.0
0.0
0.0
6557.09
3953.2322
2158.968
3603.7979
0.0
3397.668
3909.6167
1026.0962
2773.4802
236.94228
0.0
4579.8813
356.36234
36576.297
298.31696
398.04337
2714.6743
3802.5786
9698.568
5676.918
71.70881
883.2838
191.49413
0.0
324.27466
3588.7842
4051.292
1528.9991
2057.4233
9202.751
1851.442
806.48865
47.40531
5305.595
569.91125
0.0
0.0
3823.8555
3658.393
222.65228
0.0
15032.279
2673.6577
3092.6284
3711.5203
3901.8801
0.0
327.36584
5752.1685
100.632225
0.0
0.0
384.08618
10840.797
0.0
3849.666
32982.926
0.0
0.0
3792.3584
0.0
10489.466
4172.328
4015.1611
6913.6094
1946.9357
0.0
3857.7554
2034.645
6959.369
2108.684
141.9314
0.0
9729.6875
0.0
2280.8733
0.0
851.87585
0.0
1355.9553
0.0
0.0
706.41565
6998.161
14276.664
0.0
4897.4414
3993.4634
366.54242
5496.007
0.0
8972.59
0.0
0.0
1784.088
5965.422
0.0
0.0
1571.1804
6272.193
0.0
0.0
0.0
0.0
906.34033
4447.842
0.0
1999.206
2415.8667
13480.037
6697.1353
16416.94
4160.0513
1220.5714
3889.082
3536.7415
0.0
80.811035
0.0
2811.549
1875.5696
22678.25
399.85043
4178.2207
1089.6646
79734.09
1384.9861
6977.25
10561.32
0.0
0.0
2850.0679
1748.0554
4015.4478
14265.117
0.0
2259.24
4644.8296
0.0
1056.9233
0.0
1765.4341
1077.1113
2610.1392
2714.5044
21340.965
0.0
10950.197
1546.2642
13079.894
4294.9814
1239.1466
470.98724
9708.753
1187.7886
9219.256
1211.9409
0.0
0.0
5445.3193
8294.179
3235.3845
0.0
10443.117
1739.8962
917.2557
34077.637
1963.6912
4658.2993
320.95
3749.0547
3984.2468
2174.5198
1780.705
2446.321
0.0
785.1146
260.16122
1435.9597
6630.1357
8901.374
2465.4646
671.48975
2140.533
3524.8357
0.0
9951.73
0.0
7848.245
0.0
0.0
762.3984
308.57977
12638.9795
0.0
3347.634
0.0
0.0
5734.502
185.52832
308.98425
2074.0332
4875.9937
2681.838
3435.4329
0.0
7345.2275
3557.954
19623.963
0.0
0.0
2493.3147
1617.3016
4598.8335
224.22485
0.0
1795.6812
1895.3107
3478.67
0.0
2007.6877
2686.1748
1376.6057
2556.7468
5844.331
26402.652
2040.2657
1543.6128
0.0
2931.1848
0.0
0.0
5320.876
0.0
3624.189
2269.0269
2115.2153
1621.0715
0.0
0.0
1085.282
2800.1494
1693.8577
0.0
2429.005
5228.904
10443.9375
0.0
8126.912
5291.0586
2099.2769
0.0
18.171791
7248.671
0.0
864.8958
4482.96
4627.2026
0.0
0.0
9234.118
20321.266
0.0
574.56775
3365.2314
0.0
9636.515
4199.43
1702.7618
10542.937
1871.4537
0.0
3236.2954
0.0
13563.373
0.0
2977.2603
3335.7024
0.0
645.2578
6526.456
1057.4789
3570.3442
3310.128
208.80542
3145.4941
5857.635
5931.8706
7848.0083
77698.29
6928.9355
1716.2275
3107.1226
7807.3965
0.0
6062.7676
73.705246
2177.39
15926.012
2588.621
0.0
7513.7295
1789.6305
3947.1338
1530.9948
95.18486
4784.439
2956.4883
2324.7449
8345.864
3953.5823
238.46542
1986.9098
2194.4243
0.0
0.0
4198.747
10958.67
272.06238
17064.805
0.0
7074.669
501.3559
3873.588
4786.9775
0.0
6885.1816
5446.6396
101.78703
0.0
0.0
0.0
59.373535
0.0
471.67712
3194.299
1276.9547
1028.3928
184.63979
936.5898
749.17444
4464.6807
1479.0894
0.0
1877.32
1621.3308
172.43513
5575.003
2591.236
1068.7626
0.0
2669.6953
214.0876
0.0
850.53076
1850.1299
0.0
141519.98
1594.7473
612.3766
0.0
839.068
1165.0974
3803.0588
0.0
0.0
1790.0466
2395.8616
3835.0032
3113.8003
0.0
2178.5645
0.0
5953.543
6547.288
446.42816
5453.585
436.41394
2239.4524
593.41455
1437.2737
514.24084
0.0
0.0
6813.542
56.221916
3412.3203
0.0
1070.6272
853.12933
2340.025
19769.02
1113.7736
7663.3594
0.0
67108.86
680.8336
1722.2148
2542.961
168.14934
2387.3867
0.0
4542.5146
0.0
2724.6587
3010.0723
0.0
0.0
31110.512
0.0
5202.6665
4427.959
405.92395
0.0
982.1734
801.46375
0.0
43.179848
4574.885
248.28304
14604.737
5815.477
0.0
2838.271
50.002888
2633.7913
909.1434
0.0
9430.909
1716.5709
0.0
0.0
1645.5789
244.51251
0.0
4260.9946
1037.2393
0.0
1967.0739
12163.435
3328.7668
2328.1968
5159.0903
0.0
3379.707
2406.8926
420.4538
283.18954
6931.622
4403.092
17457.535
309.12003
1478.2025
14092.605
0.0
1480.0244
13033.377
0.0
343.54114
2960.365
1534.4475
0.0
24019.846
0.0
16189.978
0.0
6924.037
2839.0383
1659.9844
3247.9375
28754.316
1656.4407
2245.841
2797.0996
7346.122
2323.7688
3768.6643
3289.165
4444.1084
1885.2446
2799.831
0.0
302.0118
0.0
0.0
0.0
1264.4473
0.0
141.99814
1050.4646
23818.395
3795.982
8401.949
4261.3555
0.0
0.0
1575.9104
1638.7346
0.0
3243.9155
0.0
5622.2236
0.0
5495.159
1174.7169
10431.11
0.0
0.0
2941.8364
0.0
6886.692
4329.8613
8041.2734
5360.692
3696.434
842.9749
0.0
8567.259
2010.5806
1126.2439
3901.083
0.0
0.0
3188.799
14218.256
404.3833
4691.8086
0.0
2226.8867
6955.9487
0.0
0.0
0.0
30930.916
0.0
4279.639
369.6153
2874.3154
0.0
2122.551
1420.829
1576.6603
1709.7573
41564.215
3672.9597
15370.326
0.0
2463.323
0.0
423.94498
33.415756
0.0
0.0
551.85675
3486.661
3483.5059
4327.2637
0.0
4709.073
28807.25
2815.9062
122160.01
474.30035
7655.669
2993.4937
33566.5
3435.919
0.0
5181.7617
0.0
0.0
8422.854
45659.79
0.0
3746.5486
748.97
3268.2207
0.0
20928.512
1236.9008
11568.214
0.0
3059.0835
2641.4666
1366.4617
2433.0945
1021.3411
7545.1963
344.71786
5778.633
477.2614
952.63574
6853.209
4736.748
0.0
0.0
3580.272
0.0
93.65219
227.39822
2333.2952
0.0
0.0
4359.36
11117.472
4544.422
213.01347
564.80945
155.55396
5917.397
1091.3408
0.0
0.0
0.0
29525.293
4230.524
1378.1272
0.0
2495.7256
3079.9434
2126.0503
2926.3699
2855.2075
7432.427
0.0
0.0
0.0
0.0
260.6026
715.93
777.0042
9701.295
1943.8452
2122.571
1183.61
1967.0132
1189.9951
2633.1582
0.0
13899.296
185.45358
2031.1917
1835.9734
3917.461
10770.763
3244.964
2481.5747
3492.6858
0.0
22810.664
0.0
628.5313
48755.617
4127.2344
2916.5012
0.0
6789.6016
10645.708
531.859
0.0
8522.132
1129.9725
0.0
8880.74
0.0
6645.211
461.74396
1560.6616
0.0
0.0
839.9381
167.33273
4356.973
0.0
1447.4851
6187.674
6558.238
2312.0635
2352.079
1067.7031
2681.8994
2041.9458
3883.9985
365.47394
2139.9985
5317.624
5035.055
18486.936
6015.4204
0.0
1761.8447
3421.1724
2233.1013
450.23602
11784.625
647.1289
0.0
13819.202
2570.7131
5362.959
5867.7046
2525.3103
1351.9789
1526.3839
6706.2666
553.42786
3698.208
8164.6226
3308.6104
0.0
305.92407
1664.5603
0.0
0.0
0.0
240.55907
0.0
110.67156
5613.935
0.0
3387.79
1371.4034
1269.4208
15239.414
6414.586
3714.294
910.52966
116.709015
0.0
2529.4448
0.0
2553.7095
5902.34
10090.932
5916.7666
0.0
167.21198
5542.8643
2869.1013
2583.7883
1961.0122
12822.787
765.5447
0.0
419.9085
15114.119
583.458
5322.8164
0.0
1288.3075
0.0
5200.0977
8240.853
0.0
104738.31
1432.4364
105.72914
2638.47
501.29504
0.0
1563.7435
3016.4941
11372.044
5176.291
2181.5278
3745.265
10147.819
895.26697
0.0
0.0
0.0
0.0
0.0
35093.36
1409.1777
2662.733
0.0
0.0
0.0
3794.9897
2563.441
2546.1091
5564.15
0.0
13244.004
0.0
0.0
7673.021
1715.1725
3038.5012
1642.7435
5034.5327
3240.067
0.0
337.2
560.36993
5219.1133
3325.8762
10598.788
5939.759
2298.1714
5647.5435
2241.647
2255.2944
0.0
2974.877
6567.1445
0.0
3740.7764
2325.4614
7072.294
4751.235
7368.4385
2265.6191
59952.46
0.0
23153.426
1907.1971
8504.986
2888.1143
30603.68
0.0
2240.9756
2854.7527
2192.4785
3564.4346
2007.0541
7791.5244
0.0
2126.316
4065.289
1660.1316
4698.2173
461.30264
572.5171
0.0
9646.455
0.0
0.0
0.0
2293.811
1382.7004
3954.2305
1059.0367
1619.9797
1838.9653
3746.9858
0.0
1565.5135
0.0
3012.9314
19642.55
1917.1589
67238.75
920.6267
0.0
4098.53
3771.4875
8562.393
17456.17
1197.5369
3425.5537
3856.0908
5910.2295
0.0
9336.942
2133.666
780.01514
2499.4465
160.60495
5715.3037
7119.113
1865.4407
1782.5055
309.55804
7216.185
1858.2654
11740.218
2164.9417
0.0
6126.169
1325.3821
3399.7192
1073.9434
2968.2964
1277.9409
0.0
9194.922
4898.0703
677.5696
3851.4722
20296.92
0.0
113.05188
9246.24
208.99985
743.0707
0.0
0.0
5308.74
2689.3086
2285.0747
1189.3503
946.3933
5352.3984
3781.7708
1084.4985
0.0
0.0
3351.376
3609.9976
5348.559
1526.9786
1557.9861
2053.309
3747.9497
3617.984
890.1559
0.0
2549.7327
1137.2281
5159.548
0.0
8408.673
502.21808
2202.8755
3498.772
3678.3584
3100.9358
0.0
3089.8853
0.0
0.0
7708.239
0.0
9700.88
0.0
6481.162
3813.3794
1807.6177
850.181
0.0
5083.294
1283.3351
0.0
0.0
2167.6025
262.02777
0.0
7628.5776
234.70706
0.0
2602.9778
0.0
5456.5566
0.0
1981.2767
4607.1025
3258.14
2594.856
2169.0054
1029.637
21661.025
13202.923
2882.3982
2419.2104
6078.292
4111.06
13929.242
0.0
2010.5359
1699.5436
111.178116
6363.2334
4275.8076
0.0
3431.2747
0.0
7023.466
1620.531
0.0
0.0
1358.4368
0.0
0.0
277.2613
0.0
0.0
4414.5645
0.0
2745.3345
1272.7952
5279.3643
0.0
0.0
6958.574
4447.1855
4598.957
2671.8384
15435.152
7458.954
0.0
1152.7605
13265.862
190.94067
1724.0182
791.96265
4329.6826
5032.579
0.0
5021.016
32046.03
13151.491
1639.5656
0.0
0.0
2765.441
38335.375
2299.3142
2610.6897
3671.0693
732.87537
0.0
2619.192
22043.852
136.07979
3484.2734
0.0
0.0
2542.226
251.19223
767.73267
7674.4736
4507.441
10969.479
15695.639
764.2743
25512.766
2615.3452
2147.3643
0.0
17487.014
0.0
19715.992
1900.4058
10200.4795
2424.8445
831.33673
8587.195
0.0
8886.65
2513.6948
0.0
7578.9355
1872.8496
1479.1168
0.0
2208.3032
1422.448
0.0
3516.815
2793.769
3567.4111
720.9944
1792.2385
804.4335
834.6776
4641.7993
0.0
4103.869
6500.1353
349.3556
0.0
0.0
9850.094
2350.7876
0.0
21127.412
5111.225
478.52606
667.94666
2122.9512
0.0
1078.5906
486.9438
6105.1816
0.0
859.8978
4797.7134
108466.97
84158.63
6576.687
1072.8633
4137.6387
0.0
0.0
2979.788
0.0
1971.6505
1683.7739
4388.0547
16969.027
0.0
6367.197
2691.774
7684.3516
769.4315
0.0
39359.01
638.4024
3158.8198
4368.9585
0.0
384.19223
248680.16
3057.5889
21881.436
0.0
0.0
8105.9263
0.0
0.0
1222.9762
6190.5063
0.0
2947.5938
802.2255
105.383354
8.719223
777.427
0.0
1144.2755
0.0
514.49146
3327.4175
8045.37
2201.7842
426.46503
4561.326
4952.034
1123.1823
0.0
6251.116
261.08963
3585.2866
0.0
13391.04
9628.845
4336.455
3263.9097
1120.6082
15222.297
2028.9155
0.0
6662.771
4225.6714
9837.124
0.0
0.0
0.0
3643.039
55011.875
0.0
21352.049
0.0
3266.8535
10117.246
1758.1941
3039.8186
1678.9376
996.0177
487.54645
3050.8157
92357.9
964.02454
0.0
0.0
0.0
0.0
5351.514
0.0
5385.8154
3679.3628
12356.664
2638.839
3210.0383
4164.464
0.0
1715.0922
0.0
7331.5293
8583.245
2113.856
0.0
0.0
5897.7183
5635.869
0.0
5544.0327
3240.61
0.0
0.0
699.55035
0.0
7223.747
0.0
12577.377
0.0
0.0
1969.7822
0.0
0.0
3286.1675
1034.6323
0.0
1734.6461
25438.934
4004.36
7518.2437
8045.9604
2295.4998
2367.0452
855.1665
4675.7773
3349.9163
882.6459
4573.04
527.03345
2312.1826
2157.2126
0.0
705.73035
0.0
0.0
12062.512
3253.167
9549.038
3343.9126
0.0
7492.898
0.0
0.0
4646.421
0.0
8562.828
2098.8474
862.0489
5217.015
0.0
6140.76
3922.6423
0.0
12205.975
1297.0208
0.0
0.0
3123.7542
0.0
0.0
0.0
4042.976
0.0
0.0
0.0
1778.2839
3011.975
166.35905
3198.1987
6913.712
0.0
0.0
1602.7523
2011.2659
2823.7502
3164.5896
0.0
1928.2539
3325.6577
6305.9785
1055.5255
0.0
0.0
0.0
3462.4475
0.0
3781.856
0.0
12759.426
0.0
0.0
315.32486
2754.268
5326.62
2950.3516
0.0
3209.016
9429.944
0.0
0.0
0.0
14631.604
2492.0532
0.0
0.0
10196.959
9764.867
419.7204
6527.6577
1604.5134
1226.9412
2875.5928
738.1709
0.0
7336.0254
3335.7769
0.0
0.0
0.0
0.0
1941.6356
0.0
0.0
5112.649
0.0
1228.0629
247.44
777.13074
6121.997
2144.3013
0.0
1231.1033
5099.843
1708.7601
3931.9512
2500.6404
0.0
39513.9
0.0
1449.1584
2460.4805
3769.3413
1937.1394
111.81284
0.0
3216.065
0.0
0.0
0.0
1095.3647
1955.6422
0.0
2141.061
2266.8638
10423.704
3401.8252
0.0
3347.6328
0.0
11348.584
3861.7559
6007.5137
9084.205
1355.1995
4153.776
8648.745
365.697
2797.594
0.0
0.0
10172.705
720.97437
3881.168
0.0
7220.6904
5105.433
0.0
1300.9683
2396.78
157.95547
0.0
129.58495
0.0
3438.3818
2999.056
26803.105
1882.219
3507.3413
655.7756
0.0
6722.491
1713.8579
1206.9713
2579.7456
0.0
32210.832
0.0
2081.2288
2155.7476
0.0
3887.4614
2841.9634
405.09998
0.0
1306.0485
3139.6694
231.43753
11031.626
1948.1066
40575.453
2794.43
2990.5032
2827.7854
1610.3796
66202.95
107.531624
0.0
4093.4731
0.0
3446.9097
0.0
13799.162
0.0
1214.403
0.0
5361.51
1448.7937
5778.339
4617.871
226.25406
987.9204
4889.351
515.24896
2358.4897
0.0
2145.4434
645.49243
0.0
318.71225
0.0
0.0
18659.883
3737.9224
1605.7809
1336.925
0.0
639.9697
389.18488
0.0
0.0
133.28929
0.0
0.0
0.0
2227.023
7263.799
11945.854
5712.8823
4130.745
3788.9866
42790.844
472.78848
70.569565
0.0
14325.227
0.0
474.13806
0.0
15269.794
5062.6475
2720.4375
8722.451
0.0
0.0
111150.89
5240.8438
0.0
0.0
0.0
0.0
691.56665
5574.5967
0.0
4176.995
2403.4458
5093.801
4100.944
0.0
8214.849
10142.432
0.0
2723.1455
2121.6719
0.0
275.72168
0.0
2632.9277
1415.3514
437.93964
13705.482
1797.6537
9749.627
102.91075
546.4889
0.0
18926.334
5954.133
818.5128
0.0
1217.3999
0.0
1055.0605
0.0
0.0
5245.6797
2401.5352
2394.3862
2300.0403
0.0
1653.3477
7628.5176
439.48984
8620.167
16920.37
0.0
0.0
0.0
27.00748
0.0
1885.7676
2625.6907
15121.643
7668.9194
2385.065
1130.5522
6765.175
3765.91
10618.888
774.4376
67020.04
11591.825
0.0
7977.544
15849.967
176.81023
0.0
0.0
15970.291
4019.026
14075.084
1686.4563
1506.6519
0.0
900.7941
2021.287
0.0
1842.2119
19685.365
0.0
0.0
35079.105
6764.1143
185.938
4299.114
25.166138
255.61618
1657.1783
1647.0378
3581.807
4739.88
4523.677
2586.8223
38815.508
369.2721
2622.7546
0.0
2137.4695
0.0
0.0
5372.9243
3310.5366
3007.9175
111.81741
705.50116
0.0
0.0
3555.2078
0.0
11115.726
6531.7246
2907.7449
0.0
2229.849
0.0
845.08923
34483.906
1872.1094
5382.9707
771.3751
0.0
993.06085
2060.1702
1326.2585
1999.3348
996.3496
0.0
20682.281
0.0
10173.428
7479.7856
15789.268
2178.8843
7318.953
0.0
1868.3925
0.0
5721.803
0.0
2727.7725
9701.934
0.0
1943.3135
120.901566
679.60297
2411.9287
9289.675
0.0
7056.324
0.0
3043.8286
3935.2178
883.43396
3802.2378
5435.662
6476.7188
19148.537
285.22418
0.0
3191.9365
176.3936
10478.666
2171.7336
0.0
3055.9712
2148.6816
0.0
0.0
0.0
1355.7853
5183.538
0.0
1465.2233
0.0
1460.2968
25809.984
2530.285
0.0
381.7897
0.0
261.31238
3706.4028
0.0
0.0
0.0
0.0
2187.7163
8812.622
3742.2864
4830.041
243.3634
1460.7766
22680.93
45041.914
2391.7642
5943.8936
30650.434
4560.0264
269.14926
125746.43
0.0
0.0
31277.984
1722.6979
7305.316
0.0
0.0
2637.7593
3713.045
0.0
2442.9844
0.0
211.76962
562.0341
3859.524
4792.231
103375.56
2630.1562
3129.8516
3359.085
8717.205
2379.4
192.08928
0.0
197.8025
29382.654
0.0
0.0
68.237625
4488.0107
0.0
0.0
655.3516
6777.609
294.09955
3885.023
3313.001
13098.775
11426.916
0.0
3101.9727
10218.904
1518.6179
12490.256
0.0
0.0
65.05208
0.0
3067.5103
0.0
6501.756
2981.7578
4877.9355
0.0
626.7169
52530.22
511.3776
0.0
4394.9097
850.01965
0.0
2486.17
0.0
5391.4565
2989.5383
50698.492
2174.0447
2466.6833
224.92874
2066.573
20695.664
4992.838
3590.729
0.0
2039.1606
2618.4355
0.0
123.96988
246.66919
483.86795
5957.655
0.0
10248.547
0.0
0.0
1522.1096
4203.4165
0.0
8403.361
0.0
4952.24
5081.4395
300.8446
1969.1702
3506.5508
278.54663
5088.8525
4124.997
5369.627
2047.3507
0.0
9747.138
0.0
3133.849
2290.6475
16331.275
0.0
6687.631
17853.791
2128.3833
0.0
0.0
0.0
509.56396
8150.6377
11672.893
0.0
8431.958
741.8893
0.0
0.0
3600.961
0.0
3424.9072
1242.4402
3289.724
863.4713
0.0
43648.297
2280.206
0.0
3087.3298
2097.3162
9781.237
361.0147
0.0
860.9811
4374.4053
0.0
3125.4639
0.0
0.0
12129.061
2786.3093
737.407
15491.135
3346.9956
6675.093
256.67218
0.0
1989.2896
2884.9976
0.0
401.32352
12490.389
786.89734
0.0
2639.2805
1598.4832
187.38939
2672.407
4288.6484
10601.299
6812.6484
0.0
46389.64
0.0
642.0244
4763.369
4303.4487
851.6872
3231.1184
6478.5117
3787.6846
33393.48
0.0
0.0
16830.773
2071.8838
2396.4749
21402.766
94622.766
0.0
3063.4395
0.0
3816.572
640.51166
0.0
22410.068
4706.9263
8292.505
846.46643
0.0
1232.3833
0.0
0.0
0.0
0.0
0.0
3772.0547
809.6626
371.118
0.0
2496.222
11955.488
18725.932
5313.1807
2059.088
1363.5228
105.22761
0.0
5674.823
8317.11
5579.4014
383.92148
15224.826
741.1125
635.3241
5466.488
867.17975
0.0
3627.6323
10702.678
0.0
5530.8345
12324.398
0.0
1550.8241
467.91022
3628.5032
16338.213
3057.4607
4019.2173
2600.8325
1986.9949
2709.715
2940.7139
4666.527
1747.3179
2438.3018
3860.6313
16518.88
2591.9224
1038.7496
4571.0996
0.0
3110.9854
28876.762
0.0
278.06808
0.0
6963.456
0.0
21346.023
28904.434
1279.2473
0.0
2116.573
1237.6464
1200.3442
2407.669
0.0
98023.3
0.0
0.0
0.0
2577.7234
563.897
0.0
4356.3794
0.0
3137.1865
20081.441
1991.2107
1497.0269
0.0
0.0
5439.3496
541.1913
23407.42
0.0
1521.3167
2594.7432
0.0
0.0
0.0
64423.14
2944.2383
3794.5518
2820.349
43009.008
0.0
2289.5947
1190.0223
5663.5728
11317.47
325.063
40590.58
53106.062
4149.366
10282.499
9448.185
554.7472
3009.731
0.0
2036.5327
323.41464
2896.4714
457.2952
1393.7322
0.0
20463.31
570.2118
0.0
4610.629
2301.6584
31205.531
0.0
15219.355
130965.36
10866.734
140.64337
5698.842
0.0
0.0
0.0
0.0
0.0
15713.715
0.0
0.0
2086.1208
893.69556
2719.477
697.4696
0.0
4681.786
1759.915
0.0
3415.8599
3487.7883
25138.68
672.2323
3177.5225
6146.2427
59661.58
6486.9155
186.9129
7890.865
0.0
0.0
19756.293
1737.0884
1910.9984
87234.0
6665.326
0.0
1352.8004
198.7627
0.0
0.0
2191.7827
46074.344
4260.924
0.0
0.0
0.0
0.0
11930.099
6.5026093
5852.21
0.0
1703.0413
295.20844
35050.402
9269.973
1199.1227
8367.793
4436.8384
788.3714
0.0
9437.347
7564.7246
2285.9543
510.41077
0.0
0.0
3795.9614
2639.9653
0.0
0.0
50071.85
4980.942
10604.718
0.0
0.0
2971.8652
3759.183
1518.4475
10026.046
0.0
6543.646
1553.4553
0.0
0.0
0.0
20991.701
18404.688
0.0
3597.3218
0.0
32394.242
5056.4775
1366.1104
21897.87
775.9617
6226.509
4788.5444
1557.3989
1383.001
0.0
4096.4365
1632.8326
3856.964
0.0
0.0
5966.806
251.13113
0.0
0.0
18943.203
309.52667
0.0
4504.5815
0.0
886.96106
10985.015
0.0
419.84302
979.8356
562.36066
2568.1792
8904.758
369.30063
2024.9634
9463.087
557.9776
664.53033
64.05998
2910.3252
0.0
0.0
4790.6553
2535.9424
0.0
0.0
864.3111
0.0
8790.938
0.0
314.8558
151.61487
3433.6719
3767.1428
903.85333
0.0
378.98184
0.0
10455.206
0.0
8417.2705
0.0
2284.3948
0.0
0.0
3222.0342
0.0
69134.3
8278.746
3276.8127
0.0
0.0
444.66318
1219.0474
0.0
1758.7789
0.0
0.0
1263.5037
0.0
4368.913
15240.843
9134.542
796.9503
1007.9954
1432.3862
3701.4175
0.0
3783.5508
0.0
0.0
0.0
2475.453
290.25864
342.63434
11126.003
3731.8525
0.0
16096.92
54391.1
322.7796
5130.8774
3680.6086
0.0
0.0
18446.883
0.0
0.0
11600.872
7339.3745
18632.041
132.27379
3095.0298
989.52954
5576.521
0.0
2414.696
0.0
4312.194
116.163376
11794.191
10187.227
0.0
0.0
5905.842
1094.6022
1417.3259
350.354
52777.22
1351.0276
23389.145
1414.583
2861.63
2051.6846
4041.7043
2772.1064
0.0
14848.684
0.0
0.0
0.0
128055.45
21185.512
0.0
4076.4001
598.244
50261.805
2848.2004
4709.512
2414.9568
0.0
8861.0205
1064.2185
0.0
0.0
1310.2139
4910.606
0.0
0.0
1694.7153
1056.1099
5451.9966
1835.623
2501.521
3439.6785
365.32324
7648.3486
377.49475
0.0
538.76337
3793.2485
2122.796
1657.3362
4636.9287
6134.4766
1856.2595
15103.516
3376.8113
0.0
0.0
6447.0244
0.0
10667.827
2282.5486
0.0
63.302544
1042.774
657.3375
0.0
42232.85
2469.272
3182.8538
0.0
0.0
0.0
92087.47
3025.8135
1067.2876
6474.832
1987.1951
2426.4783
6777.583
2628.5264
0.0
72.89036
3267.9053
220.16061
2475.8176
11177.326
1707.9108
63335.996
0.0
3322.6191
0.0
0.0
5739.3076
0.0
77153.945
2740.5881
0.0
12619.511
0.0
903.84436
0.0
1834.2083
2814.0554
842.7861
0.0
0.0
2906.3508
0.0
566.8803
2060.2363
1741.6377
0.0
849.08765
0.0
1160.3578
0.0
6085.0234
2165.4177
0.0
2036.2723
0.0
2575.904
90692.14
0.0
3131.0913
34793.32
1636.0953
43681.797
0.0
1553.5957
2511.1577
9391.299
12422.184
0.0
292.58237
5013.2617
4641.8315
5260.641
770.53094
0.0
2131.371
0.0
3770.9956
2075.686
0.0
0.0
1731.0786
231.97256
0.0
2285.5996
1754.487
0.0
10774.689
0.0
17557.098
0.0
1079.1929
2509.1758
216.16122
0.0
4751.0
3000.6978
0.0
1420.0062
0.0
9562.465
5455.8125
842.5807
27263.777
2408.0168
16979.734
175.23276
0.0
943.70624
0.0
487.70184
2471.2227
6585.14
29046.338
1165.973
6851.743
1269.0768
2853.4834
453.08203
6255.824
2073.0598
4250.1494
2821.4968
20648.309
11324.355
33152.23
1395.0385
0.0
0.0
2187.0652
0.0
9054.493
624.25305
0.0
0.0
770.69794
8743.54
4147.08
17737.13
0.0
0.0
2409.12
1237.6964
1827.1664
1425.4475
0.0
0.0
3397.3557
5472.3315
12963.579
259.64313
397.01654
10837.637
0.0
0.0
258279.42
0.0
9166.176
0.0
0.0
0.0
713.4547
135.73587
13167.875
1602.0135
269.9715
0.0
3583.4255
0.0
3129.8396
684.31287
1798.4021
0.0
235.91336
0.0
2233.0261
0.0
398.91763
4456.541
1213.7797
8303.946
0.0
8157.8486
1011.25757
0.0
1443.7505
5363.7974
0.0
5496.5615
0.0
7077.6035
730.3638
632.4697
6039.58
8013.339
216.49829
2805.3347
1417.97
294.25983
0.0
3040.4663
0.0
61955.418
8097.209
10899.228
0.0
4680.0254
0.0
0.0
3136.9321
0.0
398.04956
7761.877
315.24695
11495.221
3673.7444
0.0
1860.358
4956.6763
5790.8604
768.4329
0.0
0.0
835.1775
0.0
0.0
2867.7593
2153.4688
0.0
3321.8394
529.8353
32105.582
9758.883
0.0
14093.275
633.714
3100.9448
0.0
0.0
0.0
667.0253
0.0
674.8247
3395.2224
6452.5645
1153.6527
1774.6929
1720.6655
4833.317
0.0
2429.498
24555.652
29.276085
0.0
0.0
660.4872
147.48376
2351.0806
19503.898
43637.19
39741.984
565.1575
0.0
52634.117
4534.421
0.0
0.0
51213.535
13962.166
43417.9
8259.543
0.0
3254.2993
16369.773
0.0
1276.478
4588.054
193.00423
0.0
16113.506
32261.043
0.0
6783.6147
0.0
0.0
1767.8947
53412.266
1758.1543
3264.0706
0.0
42162.535
5704.1567
350.56583
6197.8716
440.787
228.96138
1870.888
0.0
9567.111
13642.725
2184.9297
4069.0347
4472.282
0.0
0.0
0.0
0.0
4290.9663
7861.0083
20785.695
0.0
0.0
2879.6628
0.0
0.0
2942.61
0.0
730.54114
13896.754
0.0
11494.758
4070.358
7787.5283
1680.1909
2321.1643
1254.7002
3313.358
0.0
0.0
0.0
564.39453
7880.254
0.0
7310.034
0.0
833.158
0.0
8033.6387
6545.724
1582.0565
550.0728
6636.159
5424.873
0.0
0.0
3989.1548
0.0
0.0
5519.473
0.0
7258.9756
0.0
17936.72
0.0
820.0182
1713.6191
3981.7778
3495.6743
2177.5056
0.0
3699.1584
8155.5547
1246.2894
1042.3284
2288.357
1626.825
662.73865
16699.518
5916.997
1872.0779
4914.9824
3720.4375
0.0
3999.1516
4258.8564
4648.2173
0.0
0.0
15.566929
86.83479
638.97034
4082.569
0.0
1381.4253
931.6867
0.0
1619.2078
123.91303
40.897614
1228.488
9469.727
1108.3572
25688.209
7254.9404
0.0
2136.812
19150.775
16300.718
24757.375
491.224
1649.4236
1061.1283
31545.602
11480.533
899.7218
2958.0576
0.0
0.0
0.0
0.0
5025.2334
0.0
10160.713
0.0
228.79335
490.1385
1131.0881
595.06726
0.0
3813.7075
0.0
4601.255
9488.431
0.0
239.7511
4539.417
0.0
54510.29
2678.1145
0.0
7609.65
41432.984
5839.302
0.0
3420.8057
0.0
1512.1104
1875.8032
3775.243
2806.041
10148.53
9774.73
2841.44
7164.213
1139.6665
0.0
4169.3564
2568.7134
7635.714
151.11235
2584.6184
753.27576
5128.3394
3238.4883
1645.8118
0.0
0.0
6136.943
4429.891
23378.79
1367.1167
0.0
1326.8201
53045.062
337.526
0.0
6544.6772
257.03433
26081.02
6882.21
0.0
0.0
669.21533
226.50629
0.0
301.49295
0.0
0.0
8488.748
1951.7444
327.08682
900.72363
0.0
7155.465
487.22607
5019.6436
0.0
0.0
3130.8564
0.0
0.0
2693.1226
11619.399
0.0
896.9481
739.99097
972.23315
456.40405
8853.141
1247.9844
0.0
22845.53
0.0
0.0
0.0
2138.3787
0.0
4997.0054
3813.3044
21635.945
0.0
2218.9243
557.9391
98094.58
323.64417
4384.622
238.31708
2683.0906
4093.9858
1258.7375
768.53015
2189.4238
1371.1693
14416.952
19501.16
9241.525
0.0
800.301
5361.6855
3612.7676
2343.3918
16298.456
795.2119
286.65207
0.0
1457.7675
0.0
4464.0757
10336.963
503.23212
11068.83
0.0
0.0
2885.7866
5003.3813
0.0
1774.3896
3982.6975
5102.9585
0.0
2699.4402
2409.0354
2458.0742
4336.215
4317.7764
0.0
0.0
0.0
23715.48
0.0
2717.4326
0.0
0.0
0.0
3914.8472
0.0
0.0
0.0
6383.9146
1061.1122
935.3629
0.0
246.39064
19153.54
1496.1033
29762.635
0.0
604.94946
2967.5737
3022.2166
0.0
15085.529
477.89368
348.00702
0.0
1647.8638
1225.167
149.66261
0.0
0.0
0.0
3024.3555
0.0
11566.291
8440.459
3308.5176
0.0
703.18463
0.0
0.0
9375.769
0.0
1199.765
1852.464
3437.3672
3255.832
0.0
769.91284
2130.9302
9353.846
0.0
522.0599
2453.3376
0.0
0.0
1558.2858
315.66266
0.0
244.41292
0.0
0.0
0.0
2665.417
3729.4766
3251.4678
4083.5872
0.0
0.0
4708.585
0.0
1317.7833
0.0
1161.8518
2896.8052
0.0
2080.1128
2830.102
10414.244
0.0
672.1118
10503.453
0.0
0.0
8393.531
1956.1454
4523.831
1070.4838
0.0
490.1706
0.0
1571.1711
365.34082
11567.24
4654.585
3356.8086
347.00137
0.0
169.36476
818.87585
528.99884
11156.748
9266.538
5680.963
0.0
279.1806
2077.455
875.92444
3649.5122
0.0
0.0
0.0
14495.11
0.0
4706.9375
5250.299
2144.7432
3064.3008
2808.5068
2040.9385
0.0
10849.18
16999.525
697.28723
0.0
5181.759
37624.082
9530.1455
2486.8594
0.0
2853.0112
2360.6855
5026.491
1747.3005
1514.8333
4913.13
0.0
7821.4053
0.0
5747.238
18328.07
1510.1572
6485.782
4742.649
3004.4092
2135.219
632.09454
2435.6655
0.0
0.0
2586.5024
15293.849
12341.031
5637.796
1163.4387
1131.5696
1028.1869
0.0
2744.3691
21930.295
454.63345
0.0
373.8291
0.0
0.0
46587.46
149.65881
807.2237
8247.135
0.0
5707.9434
13715.034
2010.6328
8383.557
0.0
0.0
85.995384
0.0
0.0
0.0
4360.634
1980.7769
2236.8655
2749.085
11643.6875
265.50705
1818.3401
1630.3982
199.97972
8614.903
0.0
58.531937
1153.2399
5446.5664
379.53604
3100.1423
0.0
800.219
6538.3247
1261.5724
1564.6011
391.5475
60444.477
0.0
2351.7375
0.0
1626.8206
0.0
564.25433
0.0
0.0
4026.229
6869.434
4550.33
729.461
3723.6372
4948.795
9935.387
2166.3398
11209.031
0.0
0.0
12098.673
3603.6155
9137.447
4973.0103
0.0
4853.7793
15401.396
0.0
1071.8677
2315.1377
5319.9272
0.0
2490.097
3257.768
9214.528
40464.684
890.8345
1015.40076
314.68567
4068.0957
1034.8527
10739.617
8969.641
4747.665
0.0
470.0247
20.781715
59322.195
3254.2979
8129.3223
441.33917
1904.4705
5247.495
1858.6111
667.75195
538.9215
533.80273
11619.874
0.0
841.0746
1699.7948
0.0
3066.1492
3035.66
8485.598
1619.0312
0.0
1804.4495
3647.997
2767.1492
882.45557
8808.775
2275.5698
3669.9304
462.80084
1427.2434
7606.132
5235.1646
274.60303
2360.769
318.0518
0.0
0.0
0.0
4844.2104
8112.0396
853.9689
370.10858
8862.692
0.0
20062.723
0.0
1533.3835
1762.1506
14028.379
1460.7324
0.0
2180.5815
254.09369
8806.777
0.0
0.0
0.0
5270.559
4315.45
0.0
0.0
3172.2383
3106.0066
1276.8208
0.0
2073.174
6433.8457
360.89178
961.69946
0.0
0.0
31672.094
2695.3596
0.0
0.0
8009.5693
1234.6205
5882.6553
91.78753
151.47346
851.5899
0.0
0.0
4380.332
1424.7114
10718.432
0.0
6144.686
289304.12
2573.6719
4964.4087
3095.3232
10.085237
0.0
0.0
0.0
4022.4646
1314.39
0.0
0.0
10474.58
0.0
0.0
0.0
10333.176
12475.664
0.0
4619.094
4475.2017
70.624954
1359.7865
0.0
3700.0015
0.0
3035.0813
22.160763
0.0
0.0
19654.951
0.0
3411.9807
15263.807
4203.964
3687.1492
9155.068
1172.255
0.0
4870.718
1573.2466
0.0
7460.884
278.30804
3216.579
35382.86
0.0
2991.5503
0.0
2240.61
12949.986
2555.2185
7439.8555
292242.84
0.0
745.2117
7209.118
4273.0156
0.0
718.9241
0.0
0.0
532.8392
0.0
748.0875
0.0
0.0
1940.7125
2086.0442
4832.5005
980.7661
0.0
0.0
0.0
600.1061
5523.8877
1067.898
11663.828
7896.639
12958.322
72.592896
312.05997
0.0
0.0
509.9015
1782.3496
2963.681
1992.2489
0.0
1713.8956
5827.911
0.0
268.95566
2626.138
2377.213
0.0
678.09204
2850.768
0.0
2763.475
0.0
128559.375
756.70447
729.01794
3582.7773
0.0
1749.1658
698.87427
3547.5322
0.0
0.0
0.0
0.0
587.1735
0.0
0.0
0.0
0.0
10970.619
3818.5547
12296.368
938.05383
12516.927
0.0
2553.812
4195.3887
1939.9097
0.0
14642.021
6475.776
1123.8943
0.0
1072.6143
1109.0641
51.134277
2022.9115
10642.715
972.32214
718.0266
0.0
3142.8003
2171.425
8173.354
137.34679
3586.976
363.3701
12974.537
2944.1238
698.1704
0.0
2885.3677
1850.2614
0.0
882.0709
2712.759
4064.9492
11826.6
0.0
4093.8271
4450.3726
3473.333
15763.076
414.67212
34380.46
862.1327
17302.867
0.0
0.0
0.0
0.0
17088.227
0.0
2654.0647
3934.1653
5714.6743
3938.5117
4755.907
0.0
6047.685
3336.0186
6149.172
2906.5767
0.0
10058.152
14449.746
1266.2881
4745.2104
626.03955
1113.2051
3837.1938
714.16876
2710.566
3869.1538
1273.5845
7724.4873
223.41368
0.0
139.01639
2970.9924
5473.438
3508.9546
718.66034
0.0
14803.105
1072.1968
0.0
0.0
11238.768
4083.0796
3824.6257
5680.49
1219.2178
2990.9844
5999.4224
0.0
4426.0005
2926.4385
1929.0142
2026.8129
0.0
230.09476
0.0
4161.4326
1912.5487
3461.1143
6021.4404
705.9805
1490.0842
1913.594
1933.1421
0.0
109611.58
313.11456
3094.3213
0.0
6826.159
0.0
3929.6628
0.0
2909.4941
0.0
0.0
1930.4004
2332.9985
2299.6592
7425.8584
5235.1655
406.4496
6286.8003
283.02435
0.0
1546.029
1296.718
0.0
711.31366
13409.027
229.34149
0.0
0.0
5758.793
3988.64
0.0
824.3473
0.0
0.0
0.0
1377.5691
4579.576
2654.9617
4134.947
0.0
1047.963
7849.5156
275.9162
71735.37
356.2025
219557.81
2399.1692
48493.28
32550.938
2386.1968
5256.0166
0.0
6040.5376
3808.5635
604.25714
3401.7522
5526.1353
0.0
10958.202
3583.1406
12782.667
0.0
3782.2861
6918.664
24950.834
188.61374
0.0
0.0
3284.7598
4208.299
2141.105
0.0
0.0
691.4509
3003.853
1219.0057
9223.23
0.0
3645.8667
113960.07
3821.0293
1791.7223
1613.0359
4613.0347
3861.5117
5465.9346
2220.3638
0.0
8809.505
0.0
0.0
3960.8433
7506.242
2225.0684
0.0
4782.6465
1877.835
2430.4844
28309.258
4199.6313
210.89514
0.0
8635.417
124.196
484.5152
10080.878
21898.412
945.57
732.5396
0.0
7030.666
5109.7524
4402.21
3079.0283
102.44598
10514.93
5923.418
0.0
2790.071
0.0
0.0
73397.445
6370.7715
8883.823
0.0
756.25037
5060.08
5177.8076
8570.295
0.0
0.0
0.0
307.02875
970.3416
5378.042
0.0
28993.934
14189.428
3501.1895
19293.61
1604.7764
0.0
1724.5295
0.0
1878.2124
15061.203
713.79016
4074.3604
1498.9006
0.0
0.0
7481.2236
0.0
5574.965
2350.9062
8920.864
552.1218
0.0
4050.0981
1846.9653
0.0
0.0
28981.518
4078.0117
3377.1252
0.0
2803.2769
1555.0061
3926.0461
1243.844
2748.23
3953.2437
3692.7693
8959.973
0.0
2216.8674
2428.4207
3718.9912
0.0
1326.271
2742.6504
7404.8853
2782.643
0.0
746.75684
3197.7324
6014.631
17878.27
13438.6875
13981.791
2988.5864
7328.424
0.0
1731.0637
2585.371
626.7741
45896.87
4933.596
1145.1335
382.54413
0.0
0.0
0.0
0.0
0.0
4379.7896
18965.184
0.0
654.0875
187.204
2175.4812
286.93762
20971.734
0.0
81903.84
1023.5619
1429.5072
1936.6387
2604.9043
11060.953
605.23676
0.0
0.0
9201.066
4500.45
1390.1842
3502.011
37248.492
0.0
1972.771
36612.926
810.78235
1988.9822
6693.5146
0.0
20419.375
2522.7012
6270.667
343.58997
10577.2
90.82568
2936.4888
0.0
1044.9583
1258.0588
2065.5547
0.0
6130.045
6742.272
0.0
10003.666
2169.504
0.0
358.6364
875.0066
2171.123
3702.2385
21596.883
2594.937
1355.5201
5356.001
0.0
2256.35
33906.35
0.0
21661.7
127.9433
0.0
0.0
0.0
0.0
2059.3145
4954.837
6.2030826
3381.8418
430.2317
745.9238
3318.4854
643.30695
5678.025
0.0
556.0331
31244.248
12462.014
0.0
402.9288
3034.4375
4611.343
1642.5455
5974.404
0.0
1760.217
0.0
6801.0166
0.0
2585.4863
10779.342
0.0
0.0
1327.5728
5049.949
11154.309
5341.1514
906.9814
2221.4302
210.68188
0.0
0.0
0.0
0.0
0.0
36693.383
0.0
0.0
1165.8784
6599.8184
0.0
6168.256
2469.8508
531.93695
0.0
85460.31
2484.398
5238.718
9080.549
0.0
0.0
8038.2256
0.0
1826.752
9751.943
16965.705
0.0
1105.044
180.19116
0.0
9348.525
0.0
0.0
3191.7288
0.0
0.0
161.98825
1491.5587
7018.1797
3614.0593
4970.2363
1700.0708
6057.9985
16913.518
0.0
631.6214
0.0
3197.6099
0.0
0.0
0.0
3622.9712
0.0
4460.6436
0.0
2104.3477
2201.3174
3165.369
0.0
3757.4326
2141.2373
1808.0769
1385.2228
2235.7473
14387.998
0.0
3787.2744
0.0
2435.252
849.7019
0.0
20658.193
2090.8965
0.0
0.0
0.0
333.78406
0.0
133.39415
4545.399
76648.35
0.0
4776.795
4096.605
0.0
6464.593
0.0
0.0
5712.0396
2026.7483
0.0
4780.941
1282.9791
0.0
541.0409
0.0
3257.4858
5516.427
0.0
4571.1367
7596.2646
0.0
5021.702
7757.7017
1495.641
0.0
82.54465
3588.9226
0.0
