1156.0736
0.0
138.8829
0.0
220.30695
5503.2617
1031.7427
2558.883
0.0
1409.779
0.0
676.28345
3503.2427
1794.513
0.0
0.0
1511.8018
0.0
2273.7656
4944.137
3496.7878
6404.9863
3974.8235
1686.336
0.0
475.22125
0.0
219.43372
1370.723
1973.7379
5439.8
1310.5979
0.0
659.2567
0.0
1354.9808
1018.34125
6160.0024
180047.58
4628.817
0.0
680.6583
826.16315
4222.247
2768.7878
516.2013
394.73273
0.0
0.0
1365.8457
9582.104
0.0
775.0564
482.95972
0.0
1462.8717
3015.0225
0.0
6475.3555
731.4977
22510.197
295.46423
1449.3281
724.77954
3088.9443
0.0
10984.895
5305.3057
1404.6084
0.0
4721.4443
1358.6902
946.90027
81125.46
0.0
980.1632
4754.9414
1160.7423
3688.4893
2247.2002
214.38463
4400.3765
4968.1636
276.18933
13759.04
0.0
629.581
6357.792
147.78142
762.7151
2168.609
24407.465
36335.43
0.0
0.0
10848.719
0.0
3040.5786
1072.3494
750.3528
3558.4705
5494.8604
10509.426
432.30063
1320.6704
0.0
2093.1833
1354.6145
646.6116
9085.039
0.0
581.5884
0.0
4977.0225
4555.87
326.03275
4202.102
26428.91
146.44485
0.0
3433.583
0.0
41705.016
39.43071
1389.8289
0.0
0.0
51616.562
474.74713
0.0
2846.4111
1964.4312
0.0
1445.2606
0.0
0.0
2342.7993
7260.773
0.0
0.0
0.0
4115.6865
79622.57
0.0
0.0
6724.924
0.0
3370.3906
0.0
2788.4795
3349.079
1637.8446
2210.1777
0.0
16758.352
7840.3438
319.54837
0.0
0.0
0.0
810.5301
0.0
1536.212
4739.748
1095.5597
2749.956
8118.4004
1532.1248
0.0
6464.3564
36822.223
0.0
3464.9536
0.0
3512.797
23943.887
0.0
1612.6144
1582.1914
10668.0
0.0
119.71041
9729.117
0.0
8359.365
1225.8569
845.44946
0.0
2938.4287
375.30695
0.0
3253.4888
1180.0239
9926.682
3891.3574
23661.605
2868.7
434.52768
4960.8594
3062.6558
1524.865
0.0
397.45715
6447.6426
0.0
0.0
4654.3716
0.0
598.6795
0.0
993.3968
9996.209
4326.299
0.0
0.0
0.0
615.4505
317.01654
557.15436
1202.6096
0.0
1072.326
0.0
2166.2273
8408.141
1020.8164
8271.329
1506.098
4753.1963
0.0
0.0
4695.3296
0.0
95477.29
2132.5046
8363.612
285.6717
3813.9048
11659.741
0.0
1905.0723
4580.788
0.0
757.11597
0.0
12683.633
0.0
1710.8938
1396.3943
0.0
0.0
1745.2727
2798.792
22271.133
1924.9795
0.0
105.70942
10324.886
1623.5878
772.1266
661.18225
0.0
5305.9565
0.0
1007.1604
167.61337
770.9286
616.947
0.0
2587.725
0.0
301.19196
11507.955
536.78
2288.296
290.91748
1316.8174
0.0
5416.414
27931.6
9.732544
1137.4106
2991.9192
0.0
508.9734
890.30695
377242.1
35.784485
27159.16
25092.396
2258.3098
33349.24
0.0
10486.734
197.43933
0.0
391.2833
4257.983
0.0
9395.53
5550.474
529.9978
1172.819
12639.09
0.0
1130.3623
13525.025
2098.1682
1834.0901
0.0
0.0
0.0
0.0
1453.6477
2319.7502
0.0
18482.262
27447.814
1433.5363
0.0
499.2211
29.054138
747.35
2158.5771
2114.533
499.904
318.79224
2469.601
152.54056
0.0
1219.3016
0.0
465.8805
1307.4065
0.0
2519.312
7362.1836
192939.7
3688.2969
15226.105
302.3193
1552.0914
3871.1772
550.0781
2455.6714
449.9942
6249.8193
34303.234
0.0
770.0082
703.02454
40.87294
2705.0945
0.0
764.19403
681.59924
428.59137
2876.5298
9448.885
523.0032
5039.799
0.0
0.0
144.83554
8.693512
2929.8506
1029.0984
0.0
5176.348
0.0
1345.992
0.0
21923.26
321.4554
6321.1924
647.5403
356.8983
327.38202
0.0
1452.6952
5015.0327
0.0
0.0
352.2909
12171.539
654.4667
7379.808
0.0
19146.818
716.69745
708.6129
426.05298
725.59845
0.0
6558.7544
3298.8633
2787.7163
0.0
1681.9819
1749.2266
0.0
424.1874
0.0
0.0
10786.363
536.61383
805.3192
18540.143
1050.018
6887.3096
0.0
1866.2993
11845.729
6125.981
7632.58
13461.51
0.0
2124.731
9804.825
1211.917
454.75912
3673.8025
1268.8655
0.0
0.0
8371.785
635.8011
1063.4712
3714.3364
359.78845
11850.21
2173.38
1216.4092
1801.6866
926.8948
0.0
0.0
9483.388
1924.487
771.68994
0.0
0.0
0.0
1347.3123
33.488556
510.543
1354.0632
0.0
2962.376
1548.2354
934.2052
6098.4565
4150.0586
1858.346
130.21848
0.0
4747.8403
4929.55
17614.36
876.4656
77.13402
1447.0803
18650.447
445.97314
3779.628
0.0
2098.8455
5532.4688
0.0
1637.7468
353.48566
2006.6301
2416.126
356.55322
1860.7697
1312.8309
1208.3333
0.0
4309.0034
670.5752
1022.0802
0.0
0.0
1310.783
0.0
1086.7595
739.49347
0.0
5138.0254
1343.6296
4685.087
1598.4202
1781.8921
0.0
4143.4097
6879.7646
0.0
4502.7515
0.0
4209.795
15569.376
305.77924
3802.4297
25794.262
9334.177
672.80505
0.0
3947.0156
2288.1228
2933.5977
1499.8696
30045.56
4398.9307
8421.753
1798.0656
2035.2855
1087.4929
57642.195
0.0
0.0
1092.7618
1618.1567
475.5379
0.0
4052.4297
0.0
3745.0762
123.57916
464.55588
2451.1445
0.0
54252.906
0.0
0.0
0.0
5017.3945
6904.7217
2208.3965
0.0
1213.6238
0.0
489.18475
0.0
1245.9419
0.0
352.03232
3889.6191
12872.572
1535.53
2625.7947
0.0
10028.436
152.88184
26.681328
10508.157
0.0
12091.007
3763.1118
1871.352
2200.7676
8739.346
0.0
1446.4529
4198.5645
192.18436
0.0
1563.367
2244.3706
4444.577
9621.045
877.1189
670.84576
285.7567
1330.9136
22176.33
3868.461
31094.93
1257.6206
11488.41
3309.9983
316.3003
2451.25
202.31664
509.9395
4155.635
654.88446
15340.848
1213.2339
2557.724
691.43365
35247.17
258.0228
4043.0151
9190.465
427.76245
15126.691
4291.465
7621.102
0.0
687.51685
668.94806
541.61896
0.0
2343.477
116.06893
0.0
296.37857
767.85455
234.17404
242.74194
0.0
862.9636
11713.729
192.4759
0.0
2551.62
1290.6523
4102.1226
1426.1815
0.0
0.0
18107.414
0.0
869.29913
0.0
10615.631
11475.621
0.0
1020.20654
0.0
3733.0303
0.0
0.0
545.7971
1621.1248
166.76923
115.63522
358.17908
448.68842
0.0
1161.6266
1627.0166
8632.21
1810.4785
3514.5698
0.0
1276.995
6885.3633
719.4134
1901.746
325.16232
506.50223
1085.3218
0.0
489.56186
15497.502
0.0
3539.9531
0.0
6125.8564
1504.1682
3837.558
40891.15
2669.3533
3865.4917
0.0
1824.6725
10696.723
1684.9238
0.0
0.0
1977.0015
0.0
4127.4077
3874.5347
578.6889
1452.565
0.0
964.81287
8098.485
23448.3
0.0
4256.279
202.0105
0.0
12100.66
3953.4226
3592.629
384.78204
114724.09
3644.5142
79.667336
1219.7115
86.99153
8188.556
362.59775
250.4342
3983.3477
49.917984
2643.2305
22026.656
3883.7822
0.0
12851.391
815.4101
2653.3906
6788.1875
2759.6255
418.41394
152.49939
5779.378
3030.4478
0.0
15090.492
373.4732
1836.3334
6547.319
2674.4434
3879.3804
0.0
0.0
118.19096
2744.537
0.0
307.62543
481.3227
0.0
3323.294
7374.6753
4658.202
4410.881
355.3128
4179.3877
0.0
3910.3892
6374.792
1510.0624
1142.3868
6132.615
2317.7893
10106.516
563.35864
0.0
0.0
12268.771
0.0
0.0
146.47336
1025.7266
1910.3279
0.0
2998.063
2023.8357
0.0
414.86588
167.64148
7373.298
2049.569
5669.1514
1636.4241
653.67786
1125.7632
19479.004
48.964844
3466.4507
1044.0051
0.0
1090.3423
2388.0142
1271.0128
2835.2373
4190.0967
0.0
13562.643
234185.03
804.53577
11558.588
3658.2024
40845.42
0.0
1378.6279
4303.697
0.0
3758.4412
2284.154
1164.0131
8689.781
0.0
5874.413
1397.722
733.28375
10231.203
1769.217
1934.1467
1792.5374
11105.361
2394.9775
1719.1565
0.0
10984.751
3.7454453
9700.084
352.77075
5579.009
1599.5458
0.0
25528.336
0.0
5119.8965
0.0
8535.178
494.09375
813.7462
29.368164
3034.4316
2366.707
2170.734
0.0
613.8146
3490.7456
2836.0276
7605.9355
8650.289
1732.2845
0.0
0.0
7069.1807
1691.3647
644.0578
0.0
6886.9253
9299.921
2814.4172
1567.2124
12851.838
175311.88
14015.613
606.4542
541.24615
97.87193
242.72054
5093.8086
193.68172
1016.3259
215.05876
12563.17
5674.565
4699.3945
4085.6658
636.3888
0.0
4970.6973
20545.758
557.1034
121.5099
0.0
12808.582
19264.715
24524.871
0.0
5109.685
0.0
80406.664
2189.141
1069.896
15.527794
982.2427
0.0
1748.5264
1565.013
8418.5625
421.59656
268.44534
1760.9292
1693.8142
4452.528
2026.8824
1833.2544
1538.4417
4098.0044
3091.2947
164.5306
2529.8398
7673.0894
18008.754
1299.3524
1304.6266
2048.9966
1561.1202
1258.8029
6557.709
9442.778
0.0
10289.839
653.9022
620681.4
0.0
0.0
1432.8982
2002.2615
760.5682
408.53604
4617.5566
0.0
13566.834
1220.4309
4068.286
6496.452
0.0
0.0
542.2561
3447.1572
3912.1802
547.0697
5433.161
2769.0437
2368.482
3040.606
2017.2737
17787.33
962.59174
221.75873
5796.283
1698.1641
896.06323
0.0
0.0
2062.8345
0.0
1540.7107
24051.82
1806.272
12893.098
735579.6
631.5235
51.099777
9706.43
3704.3618
2270.3408
1382.2219
0.0
10769.689
10214.363
1822.9756
6201.099
0.0
0.0
0.0
2411.8716
0.0
0.0
14893.996
0.0
10050.816
459.50342
618.7643
0.0
3308.813
1323.1606
1291.25
1649.7863
0.0
1210.7881
23247.754
0.0
1718.7135
9666.891
569.4578
1538.0876
2176.704
4371.4434
9511.972
614.82764
0.0
915.54395
14073.119
1155.4116
2039.8389
7521.6313
4120.1445
0.0
1409.075
0.0
0.0
5648.7495
0.0
806.3898
174.50356
16952.223
2691.7815
2366.596
0.0
427.44635
0.0
1976.0432
11130.811
10618.939
93.13031
15.047821
12373.92
0.0
2336.8967
4732.3184
6214.701
0.0
113.73122
336.8969
185.8103
0.0
204.72656
923.8834
0.0
0.0
925.05615
2244.2188
291.27438
19185.973
769.8475
1046.3217
2676.1904
10411.023
9245.709
4146.8086
0.0
115.158554
0.0
217.3367
1461.0908
4904.4873
0.0
2449.5227
0.0
1562.0177
41711.61
1879.1902
0.0
7584.832
206.2486
10737.164
451.79645
2360.8499
4164.368
51235.508
12.041557
10182.022
143.05911
197.33804
594.9364
3754.4854
0.0
26102.775
221.43742
3623.7358
1484.634
14827.811
68057.67
2147.8784
4085.4536
0.0
10488.395
356.85626
595.9188
0.0
0.0
990.4114
0.0
5229.8486
199.8022
755.8936
2170.2383
4294.7646
9482.046
0.0
3991.245
1861.4296
0.0
14288.577
3203.2478
120.68796
0.0
0.0
1586.3032
0.0
739.32275
6570.051
0.0
316.16064
2888.078
0.0
2636.7651
610.0492
0.0
0.0
5178.9937
359.86334
3633.8938
392.2279
0.0
0.0
1670.3955
0.0
861.7634
0.0
2880.9915
1701.6588
1787.6512
594.9221
2264.234
4333.5366
617.0471
1884.6028
14188.762
2743.087
8621.546
3285.87
0.0
2705.1948
20090.695
9716.765
233.61588
353.96094
4697.5283
828.71063
0.0
5505.6436
1445.1929
1353.7784
967.96344
0.0
6617.1997
3108.5527
275667.75
101.722565
0.0
5544.7
1744.4641
15648.198
23555.824
2971.685
322.67584
5701.9414
59.98976
62213.68
593.7239
9276.465
0.0
0.0
0.0
0.0
470.76892
21892.652
0.0
2028.3413
8608.943
2861.5327
4145.0864
11435.58
2645.6702
283.16946
4562.6367
0.0
0.0
3822.1377
12356.456
2163.2622
0.0
1015.57764
10312.211
0.0
2059.4373
180.41165
3225.9395
3557.0715
576.0597
745.2042
1317.0829
0.0
32197.941
16570.648
4108.4272
3768.8628
0.0
0.0
0.0
0.0
0.0
270.008
4192.221
2486.9678
0.0
9567.437
0.0
9212.155
181.08041
3350.6973
974.01953
6259.9956
9076.289
1785.575
178.21176
0.0
337.21625
2522.565
37086.625
10238.608
1886.2634
159.49599
1054.1218
1746.6261
7184.121
1249.4307
5639.628
2332.8806
372.7399
9671.01
0.0
1250.2405
11073.09
7190.7305
14047.1875
1035.7344
1416.5529
1005.3287
1193.4917
1766.6456
9070.455
2035.0591
0.0
0.0
5062.548
9046.306
829.06995
735.84973
3013.7039
14902.695
10998.77
738.7312
3562.6855
0.0
9961.649
58606.965
0.0
8890.267
462.86835
14428.301
0.0
333.4548
2066.833
6940.286
10887.82
960.82904
793.70605
7709.2686
929.42883
0.0
26993.89
3391.876
296.27722
0.0
0.0
17601.969
332.20435
2025.5538
16.657028
1580.0757
2323.6235
0.0
3879.7603
17312.033
959.5534
1253.4502
1488.7211
435.4401
0.0
491.46704
1047.235
120.233734
1612.4152
567.8986
19212.904
0.0
391.3954
774.10364
26840.996
6986.8867
2384.7632
3041.0137
786.7456
5149.255
359.97534
309.75198
0.0
0.0
1119.9188
14583.803
5499.508
0.0
188412.16
1898.1396
876.96204
0.0
1015.97595
579.6221
15068.578
0.0
584.0818
5331.2227
0.0
1372.3892
413.06885
4071.4866
0.0
1291.2161
0.0
2297.4172
7037.504
39232.26
31305.766
0.0
2728.1812
2100.157
0.0
0.0
0.0
746.25024
36.23001
1603.1066
0.0
6907.666
4557.9336
27390.93
0.0
2992.8865
0.0
27335.707
23902.674
483.23953
0.0
0.0
345.01276
28193.508
0.0
554.7385
394.85562
1447.792
17608.06
4792.8145
0.0
4410.3877
7433.969
0.0
0.0
2700.5146
12199.561
1776.907
3012.6143
362.14105
7079.591
0.0
0.0
1564.0708
1018.0358
2434.382
2292.4229
3064.1443
1910.741
0.0
1967.6204
4214.6987
0.0
668.8689
2567.7952
0.0
4093.9219
6275.3877
812.64294
13367.226
2975.6694
796.2936
3253.0366
2910.9773
0.0
474.0496
5821.981
1024.6094
1901.1611
0.0
0.0
0.0
8961.022
0.0
8037.1846
17592.527
1135.2004
1594.3638
390.97882
0.0
0.0
0.0
4770.029
0.0
0.0
0.0
0.0
1938.6616
0.0
982.0757
0.0
172.57585
698.0315
392.37033
2425.3672
671.74805
7753.248
8960.254
1517.8564
949.54706
701.32495
1339.7411
0.0
2188.25
3675.104
480.87738
798.1124
1401.8269
21164.543
0.0
2243.634
424.00616
1198.3057
11757.574
82.18096
1836.6166
0.0
727.3957
0.0
0.0
8774.83
38103.99
0.0
4646.434
21020.781
0.0
1816.5421
0.0
172.73846
383.20712
5796.259
2855.912
3581.6895
1822.678
1286.5659
153.8154
5200.2793
23110.46
7070.575
0.0
2738.426
0.0
396.84625
0.0
0.0
5493.873
972.12
5104.945
16068.665
0.0
229.90453
0.0
8962.3545
0.0
0.0
1359.5166
207.31024
403.6445
1180.6335
233.50397
0.0
192296.03
2151.1912
0.0
2344.4844
220.37686
4112.6855
231.93782
16109.986
0.0
1245.5042
260.45886
3277.893
3576.1104
3284.927
5354.186
1094.6631
1862.6313
383.87186
1446.5369
468.9939
5826.703
0.0
13989.2705
1864.9299
1176.1384
652.8778
2972.7905
6300.379
1507.4777
0.0
5782.9062
578.58124
4197.425
388130.7
5510.6387
210.51157
2256.0864
1607.3042
9029.436
2122.8643
911.2744
0.0
24332.738
3749.237
2507.9797
0.0
347.65768
3976.122
21743.883
1890.34
4094.1104
1971.8888
0.0
1521.0857
1038.8096
2778.092
3366.9753
3245.1785
996.9129
0.0
0.0
831.953
2568.3005
5850.2065
3491.1401
215.89423
273.2476
0.0
0.0
1227.6873
1970.9751
8698.9375
1216.2885
25678.941
0.0
1538.2897
1836.7483
0.0
559.6874
0.0
928.8599
568.1954
6994.842
6746.208
0.0
1804.3007
0.0
8916.016
654.8299
0.0
159.60568
617.6028
26765.42
12275.268
11997.826
20256.5
0.0
0.0
0.0
2809.253
207.51219
0.0
4263.911
118.61159
0.0
794.70325
0.0
605.58716
5128.5684
843.88074
11223.611
0.0
10945.035
0.0
31704.598
1410.0762
238.2311
2339.63
0.0
1192.3943
1304.4224
10683.976
748.3789
774.4832
0.0
4262.4146
263.89075
3917.4333
1409.6296
4419.589
9748.075
0.0
0.0
0.0
0.0
5784.1084
500.55554
842.1339
1115.2065
4864.171
6485.4746
4330.323
0.0
21122.812
0.0
4437.7285
165.71307
0.0
5003.003
22831.988
23182.256
10877.35
453.48395
5003.081
398.70166
864.39984
1165.8582
38252.88
17135.104
530.53864
4547.3135
0.0
1259.6927
6146.692
98.054214
10027.952
3321.5762
216.06454
2574.8154
2551.329
0.0
2585.2239
1464.9768
9207.73
241.54977
0.0
1844.1243
12825.783
2938.0415
9164.5
0.0
1603.5903
8613.582
4383.9683
4199.3564
0.0
941.9693
11582.151
0.0
175.87779
2704.1382
3990.8975
269.71512
11385.744
5069.807
0.0
17869.111
0.0
360.35974
0.0
0.0
2004.7574
0.0
1437.744
4019.7183
500.0974
836.3043
0.0
3710.1277
950.54675
1321.3086
41221.23
636.81836
0.0
0.0
1483.6027
7560.08
2551.2356
0.0
0.0
0.0
2329.649
0.0
489.1733
1481.2976
7581.5957
899.9
1260.8579
4815.3276
3867.091
1913.9163
0.0
611.9773
0.0
0.0
0.0
1575.9497
0.0
121.98692
676.3742
0.0
0.0
738.9227
0.0
365.9602
360.89172
1985.5786
55.847473
2936.863
181.70947
848.61096
104.52596
2470.7036
393.28082
12451.559
21285.393
390.26056
0.0
2637.764
23671.018
351.0303
0.0
338.39838
0.0
0.0
0.0
0.0
0.0
294.13092
3934.022
0.0
7434.021
2943.1836
12135.665
6600.5264
0.0
721.37976
19247.908
0.0
4893.962
4917.704
1859.2074
9880.594
2516.1416
0.0
496.97427
952.59784
0.0
408.614
0.0
261.1375
4905.453
1227.8616
11574.057
4942.521
969.96375
0.0
1111.9165
2510.8813
0.0
4867.9062
5887.8823
0.0
1838.1719
35661.574
1153.3639
0.0
1506.5614
4297.806
14684.561
575.69
0.0
1671.6451
754.7614
4228.4775
35764.574
0.0
801.5872
1026.8674
284.72528
5369.047
0.0
7124.658
1201.244
5669.952
428.79865
5455.996
8010.13
3922.057
0.0
0.0
2923.068
0.0
2096.9268
2295.9531
538.1391
0.0
1654.0715
0.0
364.6958
3648.918
0.0
170.84114
333.55692
0.0
39915.367
14673.264
123250.31
0.0
1043.7324
0.0
1835.1477
792.3033
0.0
4152.637
3248.1836
13413.889
31810.863
730.068
484.3924
3428.0437
2854.1604
218.26193
0.0
3689.9941
985.41864
4269.392
2654.042
0.0
0.0
0.0
1242.0253
1888.271
1853.7461
0.0
542.01196
0.0
0.0
1848.0253
9647.878
3719.6743
200.95087
363.25656
230.65111
909.2932
0.0
706.2456
1460.0378
3328.9292
1573.3004
0.0
117.29907
0.0
0.0
13610.102
4211.2334
0.0
9658.479
341.97186
807.29254
0.0
1057.343
0.0
7752.9917
0.0
0.0
0.0
64436.17
1876.7625
2956.8252
3128.4653
1288.1455
1496.5032
0.0
559.09656
2575.8528
991.2757
266.89377
974.57184
0.0
0.0
6159.997
6043.2
0.0
440.19315
5319.4014
1007.84845
703.2494
44.262726
7283.363
6242.5474
2855.4746
615.49756
2114.9124
8332.115
5675.9883
1509.7473
53914.53
179774.97
95.45519
1053.3665
1511.4175
3424.4268
0.0
1330.7383
1749.5333
2133.3147
1674.0553
702.3849
0.0
13052.591
0.0
5075.867
2652.227
2148.9353
1166.5422
0.0
398.106
4130.22
0.0
0.0
9503.392
5082.584
0.0
3406.6917
5860.8765
578.6413
20932.82
937.86993
1093.7644
3330.0625
150.72919
2382.5522
0.0
3659.0535
0.0
354.54266
4444.5913
0.0
0.0
46.33522
0.0
2399.7524
0.0
2907.6108
802.926
10.860733
1758.8833
11496.148
3397.81
3035.567
5251.693
2241.0269
17755.953
2178.574
2678.8242
1388.9668
0.0
827.3511
612.9448
0.0
5262.542
67320.75
1673.4946
2272.1848
0.0
102.560616
0.0
0.0
3369.9136
6564.1616
0.0
2874.9138
13806.672
8699.126
1900.6671
2373.0142
1431.4358
938.7428
7328.166
590.4463
7673.295
16688.412
893.353
710.88434
9765.83
546.9656
449.6426
8969.9
8296.822
929.4435
0.0
4076.1987
0.0
0.0
0.0
275.98883
0.0
574.49744
0.0
1034.8218
395.892
713.36755
6.562523
2864.7683
85.008675
162.83896
6382.9688
0.0
0.0
6139.953
1101.509
4172.6206
999.8904
0.0
0.0
3277.3413
14822.174
14644.651
11323.411
0.0
825.66284
0.0
872.3862
20282.902
3871.9146
0.0
3928.4116
381.6291
53.92157
4718.245
4951.0117
9920.486
8522.353
0.0
0.0
258.45383
0.0
640.1322
2298.831
0.0
0.0
2751.525
2081.5452
5077.67
481.1106
0.0
0.0
456.05005
406.14526
3351.042
0.0
0.0
3509.796
20346.607
1527.1218
957.1716
513.123
0.0
0.0
3270.5723
3344.1064
0.0
0.0
374.6546
0.0
644.9901
316.73715
1882.6168
777.5188
29276.38
0.0
0.0
1310.3584
1439.4031
5637.4785
126.70499
0.0
51139.117
8622.687
3113.5146
0.0
3365.1
318.34796
4228.374
15304.041
530.7561
938.14124
0.0
13623.766
0.0
0.0
0.0
21376.723
1636.455
545.6727
0.0
1197.4875
627.08936
327.42557
2817.463
0.0
79.38452
514.37585
800.70166
0.0
13504.227
4591.783
3838.1924
1520.0911
9210.967
310.31976
5365.425
43057.21
1126.5471
1063.1406
1901.2366
1261.7571
137.19302
2994.1128
137617.17
2614.6567
0.0
0.0
2695.523
3775.249
473.66296
14057.936
3544.0825
0.0
2695.648
0.0
0.0
1519.3823
1588.0106
1491.8229
0.0
3693.5337
0.0
2858.599
879.01483
0.0
837.3706
252.10754
0.0
352.5632
742.18353
14657.193
8964.718
19066.102
0.0
496.07922
1521.4626
7847.123
6532.9946
15694.372
10279.221
0.0
367.8361
283.02267
8938.723
17718.809
1521.3812
13240.309
9031.65
822.1057
1799.8398
0.0
0.0
233.51407
1096.8271
384.02893
2524.4348
0.0
10645.241
3263.7834
1459.6174
6387.258
0.0
5642.6313
0.0
1112.1259
0.0
0.0
0.0
689.19794
421.49484
0.0
10706.319
1401.7046
4053.705
1333.0347
0.0
6663.591
343.70956
2482.5664
1360.5251
625.141
1222.6091
14128.186
977.44617
4711.151
5130.875
597.78613
1045.968
1686.3384
13152.076
2727.2769
1562.2007
0.0
5831.8994
257.6767
3762.4067
667.07874
2006.4915
24026.373
746.51733
1086.519
5386.3174
2583.0203
0.0
19264.037
21490.719
585.5155
4711.446
0.0
1176.2076
1954.7639
0.0
10654.053
0.0
0.0
2232.771
826.527
200.2045
7785.3813
6411.0977
6815.812
72.129
8472.922
0.0
148.15169
2404.004
1330.039
2813.0042
0.0
468.5938
0.0
0.0
441.5797
0.0
502.5306
0.0
2372.9197
28.877487
14928.477
1325.2639
0.0
61.24214
786.79346
944.5359
113.82605
1782.179
32161.824
1766.9772
14686.566
491.72134
273.1352
1357.8354
19207.61
484.4546
390.2926
1768.5438
37455.543
0.0
77.93227
2809.3472
1617.9501
2455.5796
252.06775
288.65314
0.0
1391.0472
327.2694
2872.9429
2918.7832
0.0
3894.334
0.0
5166.9756
0.0
922.44867
18538.27
4380.3086
3668.0686
3780.0098
4357.558
4310.751
386.73117
990.20905
1196.0878
8870.936
3785.3208
3897.7825
361.7635
1417.2131
1545.9902
1389.9839
1760.3531
2947.2234
0.0
9620.39
6779.7393
3570.6992
2076.6318
0.0
0.0
1655.5564
0.0
455.3612
2265.5337
4253.5146
0.0
7214.0615
6612.796
5001.755
598.2937
309.92694
11085.02
119.33014
14352.814
2110.7585
0.0
0.0
13746.233
16.213612
0.0
6512.204
6152.565
2696.9358
2058.2563
11570.2
3295.9592
0.0
0.0
0.0
2520.0938
1042.5696
0.0
38349.426
0.0
9169.938
0.0
10930.258
1332.1157
9352.291
1937.5925
7819.6064
3945.7236
4162.9795
0.0
5845.642
855.1467
3378.5513
1890.0845
15647.477
5376.053
2759.3516
228.40652
3175.6199
3024.6787
0.0
19164.137
12746.635
1339.8269
4028.6895
0.0
0.0
3390.6147
34.19126
1309.5193
1893.8584
134.03117
4096.5557
0.0
7571.58
16462.578
0.0
1686.3558
612.03876
342.25888
9369.9375
0.0
2812.488
0.0
2281.0093
1186.7844
0.0
1099.2507
0.0
4720.8184
6574.627
9836.918
36915.46
17236.66
0.0
682.9414
6066.045
9356.548
8757.711
707.7956
10819.898
6162.151
3396.1895
6142.1035
23620.354
38334.86
941.13666
2439.231
13618.527
649.7395
2523.8274
2577.644
2421.6392
31431.791
0.0
1132.7375
4759.735
294.1447
5735.796
1967.4519
1812.5061
2341.041
744.14453
27562.77
1014.17737
588.5545
90391.36
0.0
1712.7571
2941.2373
9642.018
4743.4263
0.0
0.0
430.7459
540.8971
13126.115
860.16754
0.0
0.0
791.9499
4713.047
1677.4218
1388.0674
4095.9204
5054.2466
8441.344
539.98865
4755.2285
1191.9097
3729.3232
1299.772
4268.3433
933.12506
2001.9001
0.0
3869.045
2768.5317
957.3374
2252.9048
1325.0228
2269.3242
0.0
1207.9844
3252.9932
0.0
16479.262
1006.6556
19078.525
2730.7798
6297.416
0.0
0.0
0.0
451.42688
0.0
1341.323
1066.0054
0.0
232101.5
1112.9183
10763.158
4.79126
7689.6133
0.0
1818.9524
2150.9727
1790.1887
3074.4524
0.0
234.47531
2974.8926
3362.2434
2260.095
8305.496
4720.131
2151.1047
12920.594
0.0
2587.8118
1843.7327
396.6757
895.26355
1331.8956
0.0
0.0
486.08655
3583.353
154.58499
2183.135
0.0
1973.8593
0.0
13234.696
4696.633
5.624634
21311.803
3357.0537
1515.0674
0.0
14853.375
2422.6733
3873.5947
1759.6862
11377.977
534.6378
124.38918
5498.692
2604.4583
1069.636
2214.0415
102.15642
790.98706
3214.3013
5886.836
526.1069
8435.852
246.51682
0.0
0.0
122.83098
2315.1284
1845.3181
3526.1443
0.0
3528.7837
1306.9441
8325.971
0.0
12522.895
0.0
1053.3829
1009.06506
501.5838
1654.0029
570.9567
223.26985
683.5032
636.25256
699.8735
1206.3853
53.615692
4104.683
1175.2917
1300.9009
0.0
11733.973
3031.038
89.453514
2851.226
0.0
1972.2766
1940.3096
2289.4448
5104.865
2294.607
10893.487
0.0
0.0
3736.3672
7222.086
8552.154
3815.5786
454.77454
1237.7373
2765.5466
0.0
0.0
1012.2046
4951.597
0.0
0.0
992.69104
235.1993
2599.9836
29255.676
746.9659
15904.035
0.0
7095.443
467.89456
2425.7297
2963.6753
3500.8252
0.0
1616.646
0.0
424.7785
0.0
1143.2169
0.0
1476.1421
665.0074
0.0
2011.2759
0.0
2685.4858
3391.6824
1263.3213
3185.5688
477.9838
0.0
1577.2883
28022.566
1904.148
6113.7393
2008.5605
8426.002
0.0
4378.29
1268.3008
54.92088
112.7975
24046.13
0.0
0.0
680.564
0.0
1371.6598
1792.623
2303.898
0.0
1559.3356
0.0
758.995
0.0
2782.062
23808.357
3850.6187
2902.6392
1241.4858
0.0
394.0609
16853.512
2498.7627
1960.6388
26421.223
186.0842
5850.448
767.40344
0.0
878.3275
2493.1777
1600.4445
1122.2983
351.02533
4619.408
0.0
0.0
7244.6533
1355.5781
5644.612
0.0
0.0
7776.7227
2671.5266
8669.885
0.0
3894.0176
129.52316
0.0
2535.065
372.4694
23633.08
1224.9487
731.19464
167.62552
2224.764
0.0
347.354
4997.718
68157.65
4.2109604
6916.5117
1231.6257
3500.52
0.0
832.60565
1591.076
3092.0762
0.0
1707.5142
5048.7734
1233.7935
2227.2874
0.0
406.79144
0.0
214.46315
347.1783
5550.329
2671.817
0.0
0.0
0.0
3896.7935
3374.565
821.0851
591.34906
760.0864
3010.327
1005.0315
4362.031
6458.8066
0.0
405.44437
3435.3464
0.0
2325.9573
1577.6184
2804.8564
38359.344
2882.6387
13229.977
0.0
2420.33
0.0
0.0
2529.102
7062.623
1674.7288
218.6401
106102.03
999.5609
2726.6519
14235.701
1163.1803
4663.378
60391.297
0.0
976.84863
3470.8918
0.0
81.746124
0.0
656.70795
0.0
0.0
1837.0823
0.0
378.3239
632.07513
7745.647
1177.9216
0.0
0.0
5905.4634
0.0
1638.4996
0.0
190.79338
5097.3784
693.68665
549.8236
584.2294
1592.7507
3930.426
1436.186
2681.0742
0.0
1898.7533
2725.3616
971.365
3263.6814
724.98645
0.0
1555.1392
2086.7754
36054.57
24.362854
900.9468
1561.2202
3096.962
5035.234
3934.9634
89.25235
790.7229
229.61664
86.72305
78.83981
3203.9473
2404.521
662.97345
1236.467
3840.1157
851.97
622.5117
290.84958
1380.0662
517.39575
12538.431
195.86795
5150.8457
4362.0303
170.27176
0.0
14084.633
972.9227
1281.874
6140.44
7099.907
0.0
219.1716
2016.1973
117.16084
0.0
0.0
1219.015
4438.0107
0.0
7826.369
18857.586
271.60226
0.0
3044.6006
0.0
11937.598
2620.3318
6136.2397
5485.8066
12947.837
0.0
8557.15
2194.3228
2781.5664
1363.25
0.0
0.0
8562.135
0.0
1677.6101
0.0
720.1938
0.0
1369.0769
0.0
0.0
705.7878
3298.7534
13976.134
0.0
4202.4697
2447.9148
0.0
2965.4414
0.0
8848.047
136.70966
6931.618
543.0883
5077.6304
0.0
0.0
688.1088
1830.8146
0.0
0.0
41388.23
0.0
222.0327
2292.667
7452.3813
1688.658
3776.7593
9272.088
4878.55
11245.182
5968.7686
785.5874
6152.868
2533.9343
0.0
0.0
0.0
5507.1934
521.7075
29087.258
0.0
5433.186
29934.611
41366.125
2160.0498
7479.857
8293.481
3818.153
0.0
2659.923
0.0
7458.997
20182.828
0.0
1537.27
2460.0864
532.36487
426.1714
0.0
771.7761
980.7447
2652.142
14003.262
38834.047
0.0
8338.697
250.11772
0.0
4280.154
1253.9366
4072.3584
10452.627
684.91797
1973.5443
0.0
144.93893
0.0
6528.3833
24573.766
4875.7974
1145.6031
6211.4766
1149.7556
110.06643
0.0
3766.931
2596.606
134.99623
305.96698
1719.8451
786.9846
10920.428
2424.591
0.0
682.5673
1116.5886
0.0
8942.766
8900.446
97.942444
2265.4805
1985.7146
3519.637
1133.6327
6592.849
3027.824
3904.4521
0.0
0.0
181.16393
0.0
39611.242
747.7075
2530.687
124.813965
0.0
17243.957
0.0
11.9744835
5720.0605
4739.3857
0.0
860.9863
0.0
0.0
5200.2217
8152.239
296.4199
0.0
1261.408
1431.5217
3678.6575
122.41652
561.0599
1552.0994
856.5676
1248.9504
0.0
472.5946
3908.9412
2706.9658
2392.921
2524.5986
12444.444
1317.5654
1794.1991
0.0
1600.367
0.0
982.39886
4065.558
1013.7768
2583.7446
3245.6875
2503.0278
1426.1804
0.0
0.0
667.4465
2473.6157
3104.0544
0.0
1928.5176
6350.189
9625.372
0.0
11606.191
2774.3752
2052.3977
1019.6852
1326.3665
2524.705
79243.86
673.92535
5705.126
1179.6724
0.0
0.0
0.0
7112.879
0.0
0.0
5715.3643
887.7517
8105.8887
1420.7646
156.26236
8264.512
993.40625
910.15735
2574.2136
0.0
6585.6387
1077.3065
2424.3071
666.5056
0.0
578.64417
8102.55
2353.4265
1967.2539
9803.487
108.50729
4818.519
18826.305
7047.872
5936.883
60907.3
6689.8594
2056.3633
2620.313
4669.5503
0.0
4125.664
153.18729
2496.9468
9185.27
546.9038
0.0
1259.301
1780.5208
4530.6123
4277.516
17.028938
4439.7524
3418.5974
2216.8472
12421.169
4474.8115
176.95007
511.28076
1854.2009
0.0
0.0
1514.0426
13003.192
319.51447
18248.092
0.0
11319.16
3602.091
4837.5186
6478.8267
4947.6157
8940.7705
2970.3066
191.306
4297.787
0.0
0.0
928.06226
527.1378
145.33777
3086.047
82.851135
1718.4548
25.665512
782.81934
1901.2515
1439.7847
1899.1675
0.0
1904.6803
3504.7002
0.0
5091.452
4361.5527
4818.5938
0.0
2037.1125
31.959503
583.0973
4144.2056
9518.922
826.6998
300963.88
1008.57837
182.16663
0.0
95.6763
816.3122
4540.527
0.0
4897.232
1355.2507
1169.5146
2008.2412
1658.0641
0.0
519.1183
0.0
2010.7877
86.61319
282.0456
9769.073
91.605515
2746.375
52.37854
2798.1084
305.3326
0.0
0.0
4237.591
0.0
3502.3264
0.0
383.80298
408.1047
1919.4666
34039.08
6218.787
6500.6973
3149.77
18685.219
0.0
738.17865
3051.4626
73.23966
5952.49
0.0
3156.3687
0.0
2004.9263
3067.7136
914.7782
0.0
23939.646
0.0
7430.801
3140.3022
0.0
1458.024
3193.2642
433.3878
386.9082
87.82208
1428.5859
206.77542
12278.365
7410.38
115.36525
1884.7456
0.0
0.0
0.0
0.0
4043.6125
2196.9097
133.29578
731.9028
4723.0903
214.45392
0.0
8714.199
1249.5276
0.0
1468.9037
22752.04
1097.5713
1198.624
403.1687
208.81042
1064.3071
1905.5815
0.0
280.88727
1617.2527
5642.0874
25329.705
110.86267
2097.0955
12261.217
0.0
1847.9185
12462.175
600.6671
280.9412
2287.7852
3346.796
0.0
10743.38
0.0
14701.505
1007.99805
5295.3984
1236.7041
0.0
1376.9922
16045.207
2554.8706
2395.4229
2431.975
178.03647
1627.7916
4432.212
3361.4612
8028.376
1203.311
995.3351
0.0
0.0
0.0
0.0
2780.9485
1044.1292
522.3332
0.0
838.55725
14408.355
3937.4895
6623.3965
3846.2144
0.0
0.0
1515.4766
1824.3484
218.09737
1521.9031
0.0
8752.565
0.0
15756.257
1557.1736
10977.508
361.64078
184.51245
2954.0884
0.0
7752.2773
2371.2847
6973.942
5836.616
2516.63
1467.5422
0.0
4668.186
1379.4612
690.1437
2024.9695
0.0
0.0
3804.795
40412.082
381.91885
4136.5073
0.0
1751.9618
9715.285
0.0
0.0
3.4428253
150.29651
0.0
5140.326
689.9324
2537.4043
1497.069
1431.3367
928.42456
560.3594
1761.7961
9974.26
1628.2744
12083.986
0.0
18849.926
0.0
278.58984
11949.627
500.2196
0.0
1776.4866
5248.802
1453.4718
1265.4241
900.85846
3057.9355
44819.58
4812.6504
129755.81
186.74716
7547.45
5554.088
0.0
4951.751
0.0
2537.4468
534.77844
1131.0
2869.818
28894.955
0.0
0.0
290.51724
5438.78
0.0
13967.296
1544.9294
9566.896
0.0
2336.9526
1816.3807
1722.6025
1894.8926
1466.3606
11039.615
313.83334
5404.1753
192.82626
0.0
6971.919
1652.6765
0.0
0.0
14811.368
120.75069
4226.2495
251.52368
0.0
380.5418
0.0
2933.6714
6894.006
4710.3525
298.7316
489.67883
494.19
3911.1611
336.04495
923.41455
0.0
0.0
17797.771
3318.7673
1103.3213
0.0
1989.4513
3506.9082
788.13605
1251.2513
8639.666
0.0
0.0
0.0
234.57266
0.0
270.6125
1326.4341
506.88055
4437.32
811.6013
2075.651
687.42316
3957.3206
1611.6011
8549.489
245.06783
9018.454
411.53085
4240.545
0.0
5381.395
10036.218
1523.393
3691.3037
1416.8235
0.0
4892.34
276.35718
945.72516
21186.771
3328.9644
3534.7783
1075.056
9982.572
5929.3945
998.59674
0.0
50991.25
1165.6462
0.0
22311.207
0.0
6742.6367
0.0
0.0
203.43054
0.0
0.0
5440.586
3382.7393
0.0
472.42517
10312.375
4432.802
1487.5664
5573.083
577.4794
1086.6771
1316.3569
1254.3594
179.89519
1281.5347
3827.2158
3493.4443
28900.148
8487.6045
0.0
2253.646
2538.8408
756.8302
420.2647
12057.762
306.29083
767.5115
13280.768
4255.288
3170.4321
6559.207
4581.81
521.78485
731.8186
16968.09
285.85376
2418.0564
10785.431
2717.108
10848.408
360.753
1187.6166
0.0
0.0
7890.454
62.230972
225.4254
23.509735
9979.496
0.0
2743.18
13780.451
456.20038
22684.371
8149.6025
5959.2866
0.0
340.14413
0.0
2792.378
0.0
1565.315
1818.0828
18158.516
6656.1562
635.5144
0.0
5180.942
910.3604
2344.5686
3525.7622
11692.214
1029.1394
0.0
1680.6248
10660.023
524.3919
2630.6196
0.0
744.1115
0.0
4394.546
10000.65
0.0
80418.37
647.25415
178.71211
1119.6487
463.20877
0.0
602.02606
1353.5586
30969.215
3836.4634
1240.5869
3293.059
6167.008
668.2326
152.45401
597.32385
447.94284
322.08856
0.0
24409.152
989.2173
2044.8938
744.69727
0.0
0.0
3741.039
5562.4395
2543.2202
2668.4395
357.7527
18228.104
0.0
467.88593
9233.727
1478.1174
689.05896
714.17786
0.0
3342.6816
0.0
283.61505
1004.6843
1133.7637
23478.625
13050.225
5916.3623
2266.371
3904.0112
566.28284
1054.3339
0.0
1069.1787
7145.8516
1115.0647
7952.8223
1043.2722
2879.7998
1278.2837
13177.268
1122.7784
28307.2
0.0
17583.646
1081.4386
7868.089
2375.3247
23665.354
0.0
1124.501
2200.669
1670.189
2672.136
2121.8845
672.87366
72.253975
657.55334
2554.208
2525.2065
2701.3057
459.2179
116.11308
786.9375
11521.523
0.0
791.2742
1328.9175
1721.001
4242.0703
6442.1504
698.3639
1089.1062
1762.7886
2492.882
0.0
731.79376
0.0
1899.9152
16188.032
877.8766
115185.8
352.43658
0.0
2921.8489
1318.7592
12647.387
16087.119
0.0
3859.4175
5119.996
1315.0515
1178.9098
15060.675
929.2632
455.84406
1935.1704
237.7186
7267.869
7995.647
18.028137
3101.127
336.81372
4941.831
3990.2358
13207.9375
1803.1698
0.0
7990.1035
1682.4138
621.1298
0.0
3333.5732
612.4519
292.60303
3738.613
4229.0337
478.49664
3015.6208
71351.59
0.0
0.0
4814.76
0.07821655
449.0924
0.0
0.0
4785.592
1821.5447
632.4657
1129.8835
1167.1882
2209.6326
1973.2551
558.058
145.70442
0.0
1895.6561
0.0
6837.6426
2059.6074
1471.4106
1097.8785
1526.3782
1848.044
5401.384
319.23813
4536.9424
970.88245
3620.0955
431.36478
2668.0771
1091.0809
1081.5869
5624.872
955.1609
2445.3784
1938.1748
4870.7485
0.0
688.6759
3489.6013
0.0
10072.049
0.0
2157.9036
3994.2373
2978.2268
0.0
9673.203
3854.9668
527.37054
909.7268
0.0
2107.2585
3703.2612
0.0
8365.648
147.38245
0.0
2038.4636
0.0
3769.7227
0.0
219.85301
7633.497
2590.5757
2440.8298
2460.9072
758.79474
13664.641
11955.177
1934.3557
1154.7793
3573.774
4384.7324
10752.567
290.19296
1939.8247
1099.6947
0.0
11004.372
3122.5474
309.67075
5663.048
0.0
3612.5898
1423.6093
995.50635
207.12321
943.6905
0.0
0.0
0.0
0.0
0.0
4029.3403
1207.7708
2550.685
1449.9131
4046.4287
0.0
0.0
3113.067
1971.8794
0.0
8202.424
19365.508
3872.1272
0.0
1106.9307
16370.544
264.99896
0.0
566.5398
2100.6672
4483.383
0.0
4642.365
34396.867
10857.775
1817.3918
0.0
0.0
1308.9319
33168.246
4771.5327
1969.7175
1257.097
822.36487
0.0
1692.648
17456.281
3990.6958
2886.2363
0.0
0.0
2873.0298
106.20505
527.3666
4223.4824
9463.786
9092.99
14532.617
1516.0508
19401.164
938.37585
2419.479
1328.6565
6918.591
0.0
22361.904
1800.6178
16791.473
2702.9731
1824.256
0.0
0.0
15526.426
2940.8887
0.0
8468.461
4172.1367
8259.115
657.9332
1623.7522
1159.529
0.0
1288.71
3526.876
1648.7968
361.4954
1510.5789
565.48315
3587.817
4778.0806
516.30505
4596.1807
5930.3154
0.0
0.0
0.0
5160.675
2668.2732
0.0
4048.396
8883.804
263.5395
666.12335
969.8878
637.876
0.0
0.0
3285.9353
370.88458
1091.165
3610.401
79179.15
62739.08
8947.316
1149.1884
4846.1357
45.07451
0.0
540.23706
1284.0605
1220.1812
1716.973
2280.588
27113.527
0.0
6980.295
4095.1575
8233.824
313.06146
0.0
29078.074
598.06305
4472.405
5209.908
218.46323
391.11438
0.0
3064.2876
37286.703
0.0
0.0
5916.4126
777.4525
0.0
269.98022
0.0
348.84204
11470.908
661.3957
295.08212
0.0
530.42145
0.0
1166.3104
0.0
0.0
4890.8525
351.5186
5493.2
222.633
7030.045
0.0
1401.1282
0.0
10520.14
199.01959
2099.3945
532.0746
16836.254
6548.9795
2037.8127
397.62305
2049.3896
18523.016
1334.0879
337.18604
2071.1055
1069.2217
5633.21
1678.1702
564.36694
0.0
3411.434
46242.715
0.0
12681.212
0.0
3678.4214
5059.0293
4430.9585
4080.2407
1260.5176
10775.825
12285.783
2734.6191
64804.07
123.75842
0.0
0.0
0.0
0.0
3716.6255
0.0
1571.2056
2602.5166
26524.441
2090.7744
2768.813
3155.7456
236.13846
7052.712
0.0
14178.185
5395.496
1568.6187
0.0
0.0
4676.119
6863.33
66.55562
3034.7354
1390.6804
0.0
197.74634
4954.5474
0.0
18852.824
0.0
4346.7183
0.0
0.0
1118.2521
4335.7666
0.0
2417.9197
1684.3202
214.74236
4040.3179
14728.137
2211.1055
6665.456
8231.604
374.97675
433.67322
5950.4414
7107.831
2300.1697
746.13965
4335.7173
738.7021
1623.8792
362.56805
0.0
1784.0547
0.0
0.0
7913.3125
695.2084
5503.135
1317.1764
441.37775
7159.4556
0.0
2385.8088
2374.4092
0.0
5975.451
840.2278
176.2989
1025.8949
938.23865
5794.082
60.12262
0.0
0.0
1008.04956
975.2533
0.0
2870.0518
0.0
1140.4948
0.0
4685.783
306.5128
0.0
0.0
2312.2332
2324.1462
0.0
6462.9316
6869.1895
0.0
772.0726
0.0
415.57828
3862.6646
285.9099
0.0
2684.8655
942.54517
4575.33
608.5748
0.0
763.3601
0.0
2196.5403
0.0
3940.6328
0.0
17899.674
0.0
0.0
29.555779
0.0
2299.3164
4529.3564
0.0
11666.451
9575.963
591.9744
214.13336
0.0
1221.324
4124.825
561.7698
141.76854
15523.8
1474.801
1512.9258
6839.4326
1927.084
1313.192
2472.0752
682.5962
0.0
5699.035
4223.926
0.0
143.91605
1077.8533
0.0
1745.8625
79784.516
0.0
3965.013
0.0
703.2278
1483.9366
965.1363
7060.9663
1270.2563
1517.7911
2693.8115
5015.4585
11137.829
4753.9775
1663.0771
0.0
45484.723
0.0
1367.886
771.5764
6176.283
1840.7217
262.6177
0.0
5426.5684
58.016533
0.0
0.0
2070.5232
1781.6122
0.0
1159.3705
2803.413
5674.544
5638.673
0.0
2532.4834
0.0
8492.9375
3915.0742
1964.4897
6881.8276
936.4454
3878.776
2883.7776
3974.8374
2158.514
0.0
204.6485
6002.913
1100.567
817.2058
0.0
2656.2686
4034.3042
0.0
752.9139
6116.1426
166.48221
657.8046
46.960716
0.0
3329.9563
2442.3462
18450.143
546.5831
3761.856
496.3631
0.0
6563.8936
5053.419
0.0
2568.452
363.08063
34306.434
0.0
3833.3984
1821.2566
7589.709
8828.33
1406.125
442.29813
0.0
826.31055
4085.2637
0.0
15712.35
3060.9194
2701.934
1428.8721
258.5619
903.17847
2957.4111
51278.47
127.78526
0.0
0.0
0.0
1722.6777
0.0
9867.123
0.0
351.81796
0.0
9066.078
1435.8806
4758.662
3822.4512
391.14825
539.4954
2270.6362
213.16995
1172.3142
21.104004
904.8513
3138.491
0.0
198.59837
0.0
0.0
6143.6343
1892.8534
829.76086
1472.8518
21.078545
430.28027
389.32446
806.0188
0.0
0.0
0.0
0.0
285.24402
1687.3485
637.1876
8413.924
7424.1553
2351.9512
5107.887
7798.862
417.2912
260.24478
1235.6324
25898.977
0.0
830.50854
0.0
14204.635
1875.5476
3001.274
11940.31
3524.142
0.0
0.0
4847.6743
0.0
0.0
1757.9225
0.0
946.3619
3002.4746
0.0
2740.8809
2466.5815
7807.0986
3677.0012
0.0
10919.473
11042.59
309.31342
6503.8105
791.30084
5712.113
183.0721
0.0
2752.5576
895.9719
882.9935
8650.701
684.8816
0.0
0.0
230.96106
0.0
14525.432
4738.221
314.0331
0.0
0.0
566.20026
828.96313
0.0
0.0
2553.844
2299.3755
1368.9382
2129.3284
0.0
2121.441
6788.257
512.6258
7519.4863
4000.7297
0.0
0.0
0.0
192.938
0.0
1959.8467
1296.4231
8014.408
8146.658
76253.56
3063.06
0.0
1473.1824
7191.3223
52.07068
43108.22
8742.464
0.0
4245.0776
46351.4
1047.9071
0.0
358.8095
22798.506
1868.3591
9096.137
551.15247
2453.4739
1074.7051
5359.288
3102.6235
0.0
10596.561
22779.496
0.0
333.34152
28954.957
5930.577
105.122635
1925.1455
0.0
1901.6
3038.267
685.7532
4433.5503
1860.5347
2802.3462
2358.8062
19498.232
97.347626
2043.1731
0.0
997.9663
171.96544
398.8119
6202.299
6040.0884
786.5741
272.4284
866.3277
0.0
561.7237
2675.204
0.0
7545.4004
3271.7466
4813.205
592.1441
1085.4697
0.0
476.04434
17113.74
1355.8789
4728.5815
551.46326
0.0
1763.9602
1830.6736
362.1453
0.0
1916.3058
0.0
16292.701
0.0
9655.061
2932.9717
6366.7563
5792.6895
8389.716
0.0
2182.3306
0.0
6321.398
676.19495
891.7672
98040.555
871.58923
1026.4564
9361.389
499.16907
3160.059
7832.6387
0.0
9263.271
0.0
3698.0474
3120.1135
1731.9202
2368.438
5971.7563
5588.4805
14812.461
160.86815
0.0
3326.5947
0.0
9080.675
1461.8685
747.95776
5693.7295
2009.6113
0.0
91.41825
0.0
1212.8099
2524.5647
723.11505
888.2915
0.0
996.3519
22476.193
912.0574
0.0
121.19495
0.0
294.6671
2020.787
395.74222
0.0
967.29895
0.0
1768.406
7831.769
4546.2676
2561.3218
6.3847466
670.752
0.0
18438.559
1654.1626
3883.4907
8854.189
3175.5752
236.14253
176026.44
696.2915
0.0
36142.27
1101.2356
6141.495
0.0
0.0
2206.9373
4964.6504
464.02304
1074.7032
0.0
229.89409
422.38275
5081.6865
7592.9404
86521.5
3043.6162
1460.4683
1130.3884
12953.723
1041.3591
176.63675
952.55743
0.0
11948.017
0.0
10424.97
188.36581
7296.8853
0.0
711.18854
479.62155
11434.553
0.0
1282.7695
6235.1943
14440.963
0.0
260.5975
784.0483
4850.4336
8910.732
6838.4756
0.0
489.2135
0.0
2517.2454
3271.6572
0.0
2569.0652
688.765
4886.651
247.42296
314.8679
182312.06
0.0
0.0
6990.3975
6293.3066
258.11996
1587.0211
0.0
4379.664
6900.1064
37585.984
535.2062
1613.4188
292.86047
7751.58
7487.8916
6751.631
4297.4365
1524.8054
1876.7319
722.6483
0.0
0.0
0.0
548.1542
5742.2666
0.0
10798.984
0.0
0.0
1347.2998
4208.8027
320.57178
5824.075
665.94727
3842.2202
3350.308
282.20667
2709.8125
3465.7144
1928.092
5536.3203
379.0022
2565.7273
616.98
0.0
6881.089
0.0
1731.9177
2076.4717
19481.29
0.0
4181.172
49589.35
1576.7405
0.0
0.0
7401.843
234.77098
3949.0898
18039.852
84.20734
10049.473
0.0
888.1912
0.0
3509.0376
0.0
263.07004
803.744
3343.484
664.761
0.0
66431.08
4716.9067
428.12787
2319.202
2385.9316
17708.54
684.02655
0.0
394.4919
2046.522
316.5145
1379.5454
531.2913
0.0
14683.844
1391.0688
279.01227
21148.492
2522.829
6866.3364
75.68814
0.0
4579.4414
1695.6322
0.0
0.0
12235.924
380.1386
0.0
11551.148
1244.9729
32.181
2264.286
2552.3833
9243.162
4991.048
0.0
70736.98
330.69745
258.5194
2358.1821
2001.9795
494.3739
3609.8838
6868.0234
1820.8005
80046.44
0.0
0.0
8811.569
3736.4067
2649.0728
79180.05
286702.7
0.0
2075.7659
0.0
0.0
629.0155
206.2944
23489.902
4436.472
2032.9434
3349.877
0.0
2037.1155
0.0
2025.0524
0.0
0.0
0.0
4625.6143
579.62085
351.4613
0.0
19258.9
12460.605
1383.5093
6371.5547
2020.3485
296.0267
221.0577
0.0
5662.828
411.01447
4883.382
501.32272
16690.258
1910.4409
516.05774
4271.678
346.8878
173.52509
2096.4536
9253.281
140.84738
5851.0684
7779.921
1038.0319
1062.8906
230.6132
0.0
18338.16
1301.8276
5369.4585
2017.0847
2971.3047
0.0
3188.5051
12077.235
2871.8838
1838.9795
1325.5853
14900.776
2735.2954
1184.9331
2529.4602
855.1892
3015.558
32119.395
0.0
0.0
1887.2794
5432.1367
1177.6815
31041.906
14827.484
0.0
291.2028
1006.84924
586.0197
281.4709
608.41693
0.0
130269.39
986.4808
0.0
0.0
2641.252
328.9747
0.0
5142.9346
0.0
2754.8516
24939.482
3157.1475
1169.9224
1035.1248
1414.2329
3737.0066
319.15967
25332.9
0.0
10249.715
2882.7444
0.0
5175.5195
0.0
10999.535
2409.9192
2968.7373
3301.6362
30444.031
0.0
0.0
2313.0513
4250.2783
11856.164
399.46997
11791.131
27298.295
0.0
12558.035
8323.233
3311.3237
5183.623
0.0
684.12335
284.05994
1215.4668
214.54965
1327.4642
0.0
18924.84
842.2228
0.0
8488.841
604.57715
21116.203
1852.6132
15576.684
145951.22
13370.719
213.26611
37471.71
0.0
12.817562
15.221455
0.0
0.0
645.8782
0.0
0.0
1763.7764
2658.1091
766.0717
0.0
0.0
4508.4717
7794.7153
0.0
4166.0796
2264.6577
13854.142
570.53345
1236.4635
2742.4814
38199.316
4116.366
0.0
12646.027
0.0
1198.5093
20127.924
1458.9272
1322.1301
95667.69
6164.198
29.218018
754.0552
0.0
0.0
0.0
801.03674
111185.945
6093.616
0.0
0.0
95.58698
0.0
5363.3047
301.0351
4504.881
0.0
340.09906
43.047462
0.0
5738.7812
1334.9564
1819.5096
1533.0474
354.3358
0.0
1709.5542
1104.8365
4539.209
346.025
0.0
157.42303
2984.1523
4013.087
0.0
0.0
26237.344
6792.836
1565.1394
0.0
0.0
1520.9038
1606.2356
1262.0762
18.071716
0.0
1517.489
1836.7302
0.0
0.0
0.0
13889.791
0.0
0.0
3450.7773
0.0
16077.1
7661.5024
298.55093
0.0
2723.0864
7025.928
6418.97
1082.278
3149.8022
0.0
2699.9604
1332.6013
2238.984
437.97424
0.0
4371.3813
4478.902
767.67773
0.0
27451.52
253.46976
0.0
9828.517
1200.4087
10.74028
4148.0376
0.0
447.1593
778.94946
249.53848
1573.0896
6182.725
2112.481
4710.9062
5198.0303
190.77191
306.8052
0.0
3943.753
0.0
0.0
0.0
3983.976
521.7421
0.0
395.98065
0.0
10407.92
0.0
136.5311
0.0
2276.7996
4353.5493
355.75522
0.0
349.66403
0.0
76919.81
0.0
4190.1523
8525.684
0.0
319.25253
0.0
759.5122
0.0
50763.633
4910.4214
2627.9775
229.83261
550.2597
1905.7954
2941.509
1399.9031
656.63306
0.0
0.0
1837.3254
0.0
4197.8877
15486.574
7266.124
1067.231
983.18036
544.29944
5867.6367
12098.798
4950.789
0.0
0.0
138.64587
1271.8381
0.0
384.7052
55890.105
4736.749
788.0535
8957.424
63203.695
1504.8701
2332.7512
2602.245
0.0
0.0
27058.537
0.0
0.0
9482.127
7004.037
25545.846
258.74216
2186.4448
527.5071
2363.1265
841.657
2461.585
108.54676
1525.3926
0.0
15598.416
14226.488
0.0
0.0
6623.8105
619.23425
648.5368
263.6247
38172.4
1155.4131
76661.44
1900.5824
5478.086
3525.1975
1624.2299
1193.3716
332.67548
14392.523
0.0
1201.8116
990.34296
48511.145
20587.277
0.0
1997.1035
398.54407
135442.4
4085.5176
0.0
1821.534
0.0
15115.998
318.85944
80.95294
0.0
204.71805
1411.8015
0.0
0.0
455.64508
9723.291
8343.113
980.51935
7151.4707
857.30884
694.6074
2849.8145
276.41888
0.0
0.0
5399.4385
852.5162
5069.4697
3956.082
5803.32
8364.421
0.0
4008.752
0.0
0.0
8850.996
601.4832
5582.2627
1288.2666
652.168
2312.5376
1989.4795
0.0
0.0
22298.865
2631.5933
2445.7834
324.65375
434.73553
0.0
71202.08
1613.5698
0.0
6523.0913
578.85486
0.0
5500.752
0.0
1454.5647
405.1151
1837.0038
5.0578766
2308.5894
7979.4155
743.11005
82162.25
922.09973
0.0
2615.5308
0.0
3238.1187
0.0
0.0
2348.2603
321.70905
17232.96
0.0
1856.614
1141.1965
1304.6904
4287.155
715.40393
0.0
0.0
2303.164
706.94806
0.0
1233.4346
829.52075
885.8756
612.8782
307.86847
1581.0352
0.0
4271.748
801.24176
0.0
1916.3083
693.1732
1875.3296
0.0
0.0
5617.425
36535.043
764.6758
22753.219
124.68671
1539.6396
2713.3833
13242.664
8756.546
6638.2944
745.5531
4553.5244
8398.968
3684.7634
0.0
0.0
1516.1631
0.0
7540.2227
533.35205
0.0
0.0
891.6091
189.2629
0.0
602.94543
2373.9458
0.0
232.60648
0.0
5413.038
0.0
0.0
3354.2358
97.10092
0.0
4753.993
0.0
0.0
2091.208
0.0
10271.002
4551.8887
1002.67444
21088.336
1244.7423
38390.355
31.770782
845.1083
791.286
0.0
13612.195
2134.7144
0.0
20079.762
0.0
4969.914
1612.604
914.8533
336.06387
2864.6182
1998.9929
1935.5603
5619.732
23410.406
16371.678
18214.328
0.0
0.0
0.0
1690.5322
188.84554
35516.36
404.86603
376.76407
1083.6083
1282.6774
4516.6514
1421.5728
6992.534
468.16397
0.0
1910.1311
1284.7358
3869.668
1673.5311
0.0
551.34375
3640.4893
3017.4321
9199.447
353.16293
0.0
4519.165
236.70956
291.07355
267257.88
0.0
11850.64
214.67009
1861.3479
0.0
337.29703
0.0
8161.2427
1358.0669
211.74066
0.0
2806.3608
1377.747
1175.8911
716.2438
1766.9128
0.0
202.57127
0.0
1698.9055
0.0
216.6649
1012.62756
1111.9468
6685.469
0.0
8265.474
1368.1826
657.0123
1861.7883
8853.768
555.3922
4877.0547
0.0
6846.1064
194.65607
421.5993
7390.929
5366.2373
236.61578
0.0
658.7604
225.4419
0.0
1140.0183
0.0
13456.002
9084.035
17255.43
10265.592
5466.6826
0.0
76.484985
1862.4641
0.0
533.4379
12496.82
0.0
11565.514
3302.4883
0.0
1373.1111
5366.325
12530.383
375.26282
0.0
0.0
1864.2307
0.0
0.0
2607.1423
0.0
0.0
3845.8354
167.8877
14245.68
14983.251
0.0
14727.734
544.73596
1287.5928
698.3191
1167.0851
0.0
585.68445
0.0
1143.9429
6359.8335
4985.3047
375.81097
2412.1448
1073.2424
1836.8956
0.0
1496.18
18653.592
213.49332
1156.9059
0.0
130.93234
0.0
938.506
13754.311
21095.879
97894.15
0.0
0.0
0.0
3371.4517
0.0
0.0
46716.055
8426.98
29586.154
20807.676
623.93085
1699.7175
17078.812
0.0
877.95483
2085.345
0.0
6681.1772
17087.133
41750.555
0.0
2084.6392
0.0
0.0
2036.2258
37451.72
1922.8031
1164.0042
0.0
28636.309
10254.821
0.0
3042.5408
329.95834
158.72008
3550.5127
0.0
8815.532
10190.809
1744.487
4128.06
1984.7238
0.0
1699.2456
0.0
5594.809
2683.1597
3321.1294
0.0
1139.096
0.0
1441.9132
0.0
206.88849
1060.6575
564.8897
2480.795
8127.53
0.0
8219.381
7229.941
1200.1959
1620.0381
2019.2998
692.8816
5207.0557
307.7522
981.3321
0.0
180.2561
0.0
2422.5608
32449.75
0.0
462.47952
0.0
0.0
4471.414
1553.0623
514.301
2936.4802
4642.0273
0.0
58.721985
524.21954
0.0
764.94934
6098.9844
0.0
9101.999
183.37291
23588.04
0.0
697.70166
608.3727
5989.826
1322.8179
1033.1814
0.0
3413.6704
6065.269
1702.0842
904.31067
2594.2676
6464.4883
512.3149
11706.719
10814.467
976.2168
3969.939
2069.2793
0.0
7882.542
6278.962
1796.3528
0.0
0.0
0.0
0.0
513.5117
3829.833
1370.1599
9951.061
522.7918
0.0
4850.088
54.204865
0.0
0.0
0.0
1490.3904
129747.61
6151.466
0.0
666.7073
53212.66
0.0
20581.266
616.8285
1359.842
789.46844
9219.425
7041.6777
578.2813
2652.155
3568.2834
1319.7395
654.9189
0.0
3264.1978
193.91269
5653.3574
247.81721
91.17842
557.83606
339.4422
5520.541
0.0
4530.6504
0.0
6187.12
5550.0996
0.0
103.51496
3974.0024
0.0
28611.406
1031.5911
0.0
19639.64
37989.504
2629.302
0.0
3430.163
0.0
0.0
2024.3683
4793.0146
2155.1992
6738.9707
20994.246
1490.9224
10911.174
849.2705
0.0
2389.635
2569.3145
2580.6353
0.0
2514.921
262.93533
3124.3086
0.0
396.53632
0.0
224.57965
3045.1436
5153.1357
19608.322
866.71265
0.0
4039.0403
468319.28
582.7727
0.0
16734.926
158.0932
0.0
9177.939
0.0
784.7844
180.58527
13.520203
0.0
44.963226
0.0
0.0
12652.02
1659.6553
365.89655
1977.1501
822.1389
14783.406
107.62535
2504.4648
0.0
0.0
4049.8354
0.0
0.0
2119.4512
12166.994
0.0
71.58377
0.0
875.5141
303.97336
5816.1333
6387.3813
0.0
24885.666
0.0
0.0
0.0
748.19507
0.0
2336.0579
8299.044
30890.963
348.34204
520.11664
2129.755
42213.695
0.0
4130.0015
0.0
889.49365
4406.5356
0.0
2774.9448
2656.67
450.47598
13513.615
14872.824
12064.934
0.0
595.9371
4139.3213
5106.199
1637.4155
59418.508
319.19836
192.80508
0.0
1438.7599
155.91762
3053.0796
3219.992
214.13531
21919.688
80473.055
167.86832
2863.6118
2494.026
1764.7095
1605.0835
1952.6277
4742.334
0.0
565.9597
1134.2351
272.01575
2000.9786
6234.1064
1222.7429
0.0
0.0
13696.484
1.4822693
2586.5889
0.0
696.7991
1264.5735
4494.3135
0.0
0.0
0.0
2586.2378
857.88605
192.14491
0.0
0.0
6225.5615
1988.6353
24425.05
0.0
0.0
2449.8003
3669.2637
263.702
0.0
230.98236
242.24825
0.0
1232.7832
2909.595
0.0
333.38452
0.0
0.0
3754.517
0.0
0.0
4021.8203
2020.9982
0.0
2804.5933
635.52
0.0
3606.0095
546.0748
1765.741
1142.0752
565.3875
5078.5605
0.0
447.5261
5315.33
6355.6206
0.0
718.8561
2395.729
0.0
452.7683
109.00101
0.0
0.0
187.99461
53.33899
0.0
2238.3013
1207.6887
7088.9062
4368.0117
2470.8687
0.0
0.0
1802.5504
0.0
549.66675
0.0
7993.0435
2211.3745
65.664825
2072.0933
1862.8735
5507.153
0.0
12795.818
1232.1838
673.34644
0.0
9886.431
1496.3813
4936.424
525.2902
0.0
387.63727
0.0
1381.4751
96.34793
5140.3604
2792.7642
2654.6826
0.0
727.97815
129.71068
696.2016
130.90805
15291.764
11845.127
11577.086
0.0
194.009
6412.178
312.49493
2535.4858
0.0
18.52858
1432.7263
11671.057
2192.9775
2487.502
7241.3413
3033.3672
4621.84
2605.1072
1325.0676
0.0
12245.346
18616.164
443.3704
0.0
5117.5557
0.0
15076.799
580.1
1623.8903
2715.7832
2545.1675
0.0
1121.8137
969.0065
3318.1562
175.01105
11055.179
0.0
4482.445
8083.878
229.37839
9707.711
10472.941
2530.7722
226.99516
0.0
894.5685
0.0
0.0
2860.7578
19875.863
7848.1963
7329.5723
1611.8906
979.68243
964.44214
0.0
727.9004
0.0
238.68431
556.6388
1074.6968
0.0
0.0
33185.87
8.957031
440.0881
0.0
0.0
4655.9004
23322.863
3002.225
18487.613
0.0
465.26004
0.0
4268.418
0.0
0.0
5637.6846
2072.4724
1688.553
5732.93
9532.289
12031.032
6516.119
5070.9785
0.0
2070.424
933.8012
2810.334
446.8496
22905.148
225.36017
1089.5946
0.0
1079.8384
7219.3687
1776.1982
632.1616
118.062614
68516.38
0.0
1235.4153
0.0
1331.1086
92.05435
387.30533
788.52905
0.0
1796.738
1754.1904
7177.586
1791.3684
1649.8188
6079.4927
6955.594
1484.9583
13270.119
0.0
0.0
0.0
16597.107
17903.887
393.02875
13189.933
5483.875
19300.13
3401.5369
1108.3535
2222.982
2276.5728
0.0
2229.7554
2166.0154
8032.222
0.0
1907.6948
597.6437
198.17696
4298.2676
643.4059
0.0
3512.5376
3440.2415
0.0
1208.4583
193.69775
6611.9453
2839.3271
9849.689
0.0
913.1
6043.4414
1756.458
1571.3956
378.10114
4150.255
13269.078
671.0323
657.1184
558.9717
2301.1018
1434.8907
2544.171
5296.049
1194.7164
0.0
1960.491
3054.053
4399.902
481.47253
8532.937
8465.269
2358.4983
466.42358
294.4043
0.0
5408.142
458.24072
3703.663
1356.4432
0.0
0.0
0.0
3954.3328
8938.396
442.08984
348.4833
4070.1335
0.0
22901.64
0.0
1770.8016
919.97534
14960.411
1055.6888
0.0
1978.314
93.394516
5639.127
0.0
0.0
0.0
7952.1284
1292.2887
0.0
0.0
5865.036
3116.9302
1176.1875
971.0486
877.74207
4869.413
0.0
401.57745
964.92847
264.70807
36933.65
4502.085
0.0
1139.278
8799.175
993.3418
4406.032
372.31503
351.224
1259.2151
381.30298
0.0
6739.706
1526.3857
0.0
0.0
9798.255
257995.11
1371.388
3222.9387
65169.21
0.0
0.0
0.0
0.0
4850.6377
1202.9777
0.0
0.0
12782.617
0.0
0.0
0.0
6657.9443
26108.844
354.14484
1773.8586
11846.424
2352.6084
0.0
0.0
3844.5508
0.0
642.557
0.0
4060.2231
1511.9631
16426.223
951.7224
3743.719
15386.089
1433.3335
47049.05
0.0
460.4804
0.0
9883.135
444.0161
0.0
2885.937
503.38043
3551.7192
24965.648
400.7606
2790.0503
0.0
1610.2635
8893.713
2800.0923
6518.1787
525853.6
0.0
145.03662
8043.1914
18723.176
0.0
4249.1196
0.0
0.0
374.90344
1472.6223
1123.7832
0.0
676.1443
819.3922
755.0919
4819.652
1029.6526
417.76248
0.0
0.0
303.06848
5848.0186
586.3845
5291.33
11520.286
4350.2065
20744.322
310.01855
827.2017
0.0
4271.929
2135.3203
3134.041
1849.8453
419.25766
907.51184
1565.5195
991.04895
319.79218
804.28723
767.07245
701.4818
744.5447
1917.9462
756.16235
3217.372
0.0
0.0
732.1426
495.25266
3412.1548
882.6055
2539.4854
260.10712
1337.4215
0.0
0.0
491.2511
0.0
3308.063
0.0
0.0
882.0172
784.75525
14784.186
1509.9841
46859.305
1295.4437
5057.166
0.0
2038.2593
3626.166
1789.1458
0.0
11484.131
8252.747
1158.65
0.0
747.09875
698.27905
0.0
2056.1758
6706.4707
79.30107
461.70282
166.89055
3260.4963
2574.6353
16367.379
0.0
4814.6714
113.16169
8165.8794
1327.6948
447.928
4437.4272
3586.7766
1693.958
0.0
379.71082
2930.3718
7068.617
15225.636
0.0
1856.0039
6312.5693
3887.1362
7816.261
88.47159
6184.8438
585.09393
12418.908
22128.99
0.0
0.0
0.0
35143.883
370.68976
2401.1956
2329.3936
5213.2036
1770.4144
1901.8502
0.0
2924.813
3093.4702
1724.1772
1848.7307
0.0
0.0
9142.621
2078.189
5933.297
956.28973
6.3563538
4289.698
782.31226
3561.1445
6397.573
1101.2444
9234.036
275.0218
0.0
0.0
2144.6562
4836.75
5541.4688
365.04688
0.0
8969.721
1210.4058
886.64856
667.60333
5152.248
6054.2686
6730.836
4664.2334
2052.6587
959.2362
4089.402
956.54974
2853.4084
3815.6895
678.2445
6624.125
633.05884
189.10146
512.486
7576.4414
505.15616
12625.607
1892.8667
821.2794
5231.213
957.89264
1705.6819
545.19403
130994.375
233.62721
1846.6495
228.73637
2805.5513
927.4717
2281.878
0.0
3410.2195
0.0
9111.844
1740.4756
1157.5222
2920.7683
8270.639
6779.296
244.837
1251.3679
165.69742
315.98236
3690.1958
882.8253
553.4572
343.57617
14735.452
485.74536
0.0
0.0
2094.155
3969.9946
891.89185
191.0826
0.0
259.15326
0.0
0.0
1393.9376
1405.8647
5425.4385
0.0
496.8034
8545.227
0.0
0.0
57.27148
149353.66
1263.2614
20297.635
20959.668
12587.956
5381.566
0.0
4198.0
2101.8176
2209.66
1469.9722
6057.3
0.0
8771.57
19724.02
11649.566
0.0
7003.659
9976.555
29724.02
809.5316
403.27994
0.0
1066.6661
625.2554
5528.1675
0.0
0.0
493.30997
4272.639
660.4743
14235.102
1335.276
1886.5271
71084.49
6276.116
0.0
1426.6384
7634.5166
3559.3213
6887.2246
616.80096
0.0
15926.166
0.0
0.0
4380.481
7458.965
1826.355
0.0
2388.453
5286.174
2631.2131
0.0
833.9005
125.23673
441.46674
4987.056
352.6676
0.0
24708.559
22929.262
591.3417
426.8083
0.0
9744.268
9036.294
4326.9526
0.0
0.0
15721.628
9261.957
0.0
1128.6982
0.0
0.0
66744.88
3718.245
19697.012
0.0
6083.885
1827.0834
2743.1233
11726.477
140.42978
0.0
1047.3718
0.86676025
800.7927
919.9579
126.82738
23202.922
5285.6035
2203.2622
22389.594
3808.4287
0.0
1238.0382
21.03173
11108.612
7474.7686
658.96814
1732.6372
2713.169
0.0
1019.73486
7162.3213
0.0
6134.5615
2101.2397
6163.5166
2220.1675
0.0
3568.8403
4043.979
143.53296
992.10535
8759.847
3888.9436
4488.632
604.2041
5563.948
1163.5918
3827.424
476.2549
1047.3291
4552.9736
1904.3574
6445.2803
0.0
1764.4791
1871.6699
4027.5742
0.0
963.3595
4540.0386
7649.925
3666.4248
0.0
2341.0056
3620.4526
0.0
11933.338
20308.877
38441.426
1234.561
2536.4077
391.75067
2922.5273
3300.1333
233.79384
33325.215
8334.832
277.85938
401.49582
0.0
0.0
0.0
246.7019
0.0
2017.492
9005.608
0.0
1580.563
95.23811
2491.5615
264.7133
4727.493
0.0
69824.27
3526.8281
1356.3779
2089.1523
1198.7336
14506.998
3209.822
0.0
0.0
12599.762
5122.159
885.787
2534.024
47543.594
0.0
627.6686
42070.887
1159.2219
5231.1577
7002.091
546.1985
37431.117
1581.6877
3778.0068
83.07451
6511.852
0.0
10245.426
0.0
1455.633
5225.871
1172.9744
1536.5168
11407.594
21506.309
0.0
6912.159
577.69763
0.0
452.227
1217.5583
3918.1643
4070.461
13874.353
2308.166
1813.8842
2963.635
1912.2582
1875.3784
93276.25
235.53096
5067.3193
41.2619
0.0
0.0
0.0
0.0
10073.749
243.85565
0.0
4188.465
249.27322
755.66003
837.30237
253.29745
7613.8203
0.0
0.0
13787.316
5559.662
0.0
0.0
1072.843
7378.4546
871.8039
3311.102
0.0
1237.6647
0.0
23937.37
83.73416
413.81705
11495.25
0.0
620.33124
3928.3171
989.1305
14429.961
3365.2854
595.8039
965.0486
351.15408
858.586
0.0
1535.8735
1898.5713
0.0
36372.777
0.0
0.0
296.51767
5811.821
1035.4044
4579.5435
2453.4517
406.1109
0.0
80322.98
1941.893
5098.8887
11261.434
0.0
208.26372
5825.3027
15950.767
1137.9194
11570.164
10089.548
2307.9326
979.662
158.48846
0.0
3882.9292
581.6774
0.0
2460.3872
0.0
7778.886
178.06975
2977.4253
9339.888
2121.0537
3802.3616
2268.6182
5071.9136
23635.012
9261.298
256.10263
3691.4844
1874.8347
0.0
199.61511
177.4357
1218.3767
0.0
2254.0671
992.9641
1864.6533
922.8367
7620.051
0.0
3612.1
2295.6816
1191.0913
2235.4663
1663.7068
24644.547
200.46771
5467.59
0.0
8307.535
432.86243
269.3847
28351.418
2229.9888
0.0
0.0
176.95624
265.99844
3958.1426
55.981552
9002.604
57760.13
0.0
2445.2627
1543.6621
0.0
5092.0835
343.48325
190.92455
11405.039
738.8202
1219.4858
734.0365
5198.839
810.61523
0.0
0.0
4384.581
3781.8452
0.0
1596.7961
8415.085
1101.4995
2966.774
4953.649
706.65265
0.0
143.6134
1489.8359
0.0
