25.48523
25.350838
25.29307
10.394341
25.399082
25.612183
25.601173
25.583914
7.4445257
25.517132
9.690031
25.507755
25.614183
25.589966
25.656433
6.3599195
25.591349
11.1142435
25.36184
25.597715
25.590384
25.616924
25.517382
25.620728
17.270866
25.49435
9.724778
25.54281
25.563684
25.615133
25.561485
25.547935
23.43499
25.490292
24.21072
25.555317
25.447884
25.577774
25.777983
25.557516
19.62629
25.518005
25.581627
25.589348
25.601183
25.363066
25.415434
11.581094
20.674622
25.573586
25.648617
23.09616
25.511364
25.571518
25.077593
25.639334
25.602554
24.06433
25.644154
25.525095
25.62276
25.203663
25.4823
25.55197
25.584175
21.746622
25.598686
25.590187
25.60316
25.450901
25.570774
25.511812
25.535557
25.724026
3.0504117
0.0
25.611786
25.596819
25.648216
25.609161
25.451944
25.575289
25.611893
25.451004
25.706081
6.5432816
25.468481
21.707787
25.5071
25.613014
25.596722
25.637108
25.695011
25.14283
23.908747
25.652124
6.941202
25.5364
25.488945
25.534605
25.629402
25.588099
25.689266
25.57591
25.607166
0.0
25.618652
25.636997
25.393456
25.571852
25.32598
25.36343
14.112006
25.623825
25.554155
25.526512
25.61756
25.715376
25.55327
25.424831
25.606441
0.5874584
17.852432
25.279339
25.573462
22.638191
17.924587
25.575596
0.0
19.551401
25.617838
25.582619
13.378477
25.516762
25.562256
2.031518
25.638535
25.69593
25.513847
25.3234
25.610035
25.621124
25.70713
25.680042
7.725424
25.620045
23.606564
25.641636
25.458164
25.621565
25.633617
25.609219
25.180782
0.9168408
25.743317
0.0
25.467325
9.913808
17.225857
23.789194
25.510246
3.3324213
25.567257
25.53992
25.526833
25.554596
25.602518
25.425686
25.3246
25.647675
25.65998
24.016415
25.541946
2.5618463
25.615242
25.703226
24.233715
25.601986
25.585634
25.658394
25.530699
25.347324
25.633232
24.985119
25.554893
25.569672
25.51767
25.5065
25.565704
25.575466
0.0
25.597073
25.537004
25.611694
2.4307148
25.60809
25.638832
25.553982
25.531294
25.598358
25.50861
16.115334
25.411337
25.593534
23.62606
25.218945
25.634653
4.9751477
25.566723
25.368982
25.556225
25.636189
25.65035
14.318982
25.386292
23.462444
25.500965
0.0
25.582539
25.08545
24.381641
25.116993
17.28482
25.611332
25.579601
25.539072
25.648258
25.504923
25.572586
25.617023
22.366776
25.660828
20.343304
25.713993
25.586391
25.664589
25.488
25.647532
0.0
0.0
25.582401
25.560154
25.475113
25.579119
25.189917
25.638483
4.129836
25.563042
25.555931
0.0
17.251156
25.613564
25.553852
25.68064
23.622267
17.994034
0.0
25.577919
25.567028
25.549036
25.481
25.532906
25.63848
25.725891
25.543125
25.298986
0.0
25.403666
17.779003
25.62778
15.470184
25.437597
25.637825
25.543625
25.60859
25.386467
25.549675
25.56323
25.57346
25.695889
0.0
25.55058
25.57611
12.283525
25.377811
25.568943
25.770388
25.4753
25.668037
25.702248
25.607792
25.624485
23.015652
25.555075
25.371765
7.3868656
25.459326
25.555658
17.35993
25.669239
25.634022
25.50283
25.613182
25.617413
25.529968
25.495453
25.702045
25.52784
25.61953
3.8847985
17.954868
24.978657
24.737656
25.580809
25.585701
25.569443
25.672161
25.654778
25.563232
24.199951
25.374266
25.39949
25.502594
25.571543
25.566051
25.459084
25.490372
25.548717
25.522877
24.380932
25.587307
13.473755
24.919132
25.530922
20.53916
25.64493
25.606995
25.701872
25.555302
25.709476
25.552967
25.601833
25.608505
25.613052
25.574652
25.51759
25.600353
25.715485
5.3261824
25.570038
25.577858
25.004654
25.652092
25.509277
25.468405
25.572865
25.424717
25.60139
25.656998
0.0
25.625973
23.825565
25.545162
25.101831
25.103825
25.614588
25.539253
24.262749
23.660713
11.013771
24.90139
25.180801
25.633408
25.49406
25.52435
25.462252
25.564148
25.138397
0.10929996
25.605652
25.61922
0.0
0.0
25.368046
25.64835
25.590088
0.0
22.615309
25.689415
25.517822
25.44015
25.488651
0.0
25.437904
25.647507
25.624437
25.546303
0.0
25.568508
25.5775
14.20821
25.502846
23.428658
3.9452586
25.67238
25.542969
25.505249
25.656609
0.0
25.649471
7.178191
25.544817
25.656736
25.62096
25.640488
25.664585
18.028128
25.512627
25.64616
25.549578
0.0
25.623533
25.620157
12.004293
0.12997735
0.0
25.5415
25.583557
25.633179
25.560265
25.629753
25.346634
25.521458
25.589834
25.528793
0.0
25.51086
0.0
25.543259
25.566021
11.496067
14.065958
21.896713
25.55272
25.297169
25.500889
25.51751
12.970037
25.62135
25.573257
25.551912
25.568409
25.621498
25.629366
24.903824
6.585079
25.631126
25.575764
25.608711
25.49929
25.197886
25.524776
25.706558
25.478561
0.0
23.988277
25.410805
25.639765
20.804953
25.603428
25.505802
25.591572
25.559715
25.323078
25.620598
25.582245
25.525684
22.741987
25.578777
25.510937
25.544323
16.110268
25.353474
25.558691
25.542694
25.618341
25.605976
2.156979
25.60878
25.556564
25.592052
25.558697
25.61382
25.152178
25.610046
25.606857
15.305971
25.470364
25.562752
25.618626
25.592567
25.4202
24.853565
25.353432
25.575089
0.0
24.492556
0.0
25.568478
25.615494
25.529964
25.708204
25.729374
25.691397
25.587355
25.541262
25.532787
25.678885
22.78067
16.514013
25.442238
25.586851
25.468008
23.83488
25.663792
22.834812
25.584566
25.357265
25.52129
25.558945
25.575573
25.755123
3.6136713
0.0
21.04968
25.579506
25.624863
25.488525
15.041107
25.58562
0.0
25.537798
25.547443
25.535149
24.609648
25.456675
25.633512
0.0
25.650696
25.527885
1.6385393
25.614666
25.336885
25.28507
25.661903
22.89891
25.638245
25.542347
25.62167
25.585579
25.715538
24.133598
25.628048
25.649113
25.550789
25.458904
25.54485
25.567873
24.993464
25.576885
25.446377
0.0
25.513678
25.491646
25.673832
25.61258
25.644806
25.586113
25.636345
25.598446
25.298588
25.547388
25.505886
25.370682
25.535696
25.583305
25.700813
25.587225
25.604164
25.526451
25.608559
25.388521
25.749535
25.579361
25.263432
25.656464
25.620949
25.642128
25.489666
25.516603
25.396118
25.435043
10.5196085
25.614256
25.393682
15.566436
25.483002
25.57086
25.09669
25.506271
0.0
25.482002
25.639763
25.529423
8.417004
25.581963
25.61401
25.550266
25.511295
8.031175
25.357903
25.647524
25.44899
25.480751
2.640642
25.669542
25.634933
13.605501
25.553984
19.707684
25.53305
0.0
25.638357
25.59539
25.479206
25.12778
25.439182
25.545626
25.628681
25.459957
25.427671
25.624924
25.60492
25.180477
25.563204
25.39647
25.541174
25.585728
25.478659
25.531342
25.542898
25.470627
25.442406
25.563023
25.608759
25.646763
15.960574
25.62436
10.317581
25.638943
25.547272
25.640461
25.68885
0.0
25.576202
5.767909
25.568756
25.64807
25.62099
25.362448
0.0
25.541245
3.5202127
25.579784
25.627544
25.537676
25.531685
15.858244
25.50357
25.694714
25.609808
5.5727453
0.0
25.457172
25.52712
25.608822
25.616615
25.610456
25.110792
25.709152
25.530722
25.380932
25.552341
25.143232
25.574219
25.35612
25.43279
25.572315
25.235718
25.622917
25.672657
25.604721
24.672224
25.610888
25.569963
25.619736
0.0
25.556337
25.29317
23.408985
25.564838
25.615597
16.805002
25.673513
25.445509
25.58546
25.625792
25.592855
25.586174
22.00396
22.089966
24.291626
25.605396
7.321176
25.021463
25.509197
11.171395
25.582832
25.645935
25.591011
25.657545
25.472687
25.639715
24.687302
25.59225
25.569729
25.54395
25.55857
25.522732
25.573181
25.620743
25.5076
4.516992
0.0
25.613928
25.404602
3.4658818
24.531704
25.53648
25.598759
3.3833106
25.581646
25.673878
22.188692
25.61316
25.393627
25.556358
25.595444
25.620962
25.536892
25.501839
25.55431
25.67393
25.364548
25.640255
25.527725
15.091562
25.478006
25.610695
25.579922
25.60611
25.536663
25.435047
0.0
25.641014
25.560783
25.628521
25.652105
25.707726
23.787277
25.572506
25.578129
7.5335703
25.620062
25.582954
25.580898
25.586258
0.6456257
25.576437
25.564548
25.504799
25.601997
25.558914
0.0
25.577381
25.628445
25.60491
25.590752
25.606606
25.592972
25.438671
25.610403
25.539257
25.592693
25.56776
25.645954
25.615196
14.649363
15.429676
25.65703
25.62844
25.48993
25.548153
25.267971
25.600075
25.494867
25.614782
11.272705
25.51767
25.602802
25.550375
25.591301
25.538937
25.58057
8.861486
25.509724
25.60656
25.552402
25.451574
18.840635
0.0
25.60816
25.573643
25.621922
25.654156
25.544983
25.648376
25.546474
25.600788
25.268312
25.539412
25.603172
25.232336
25.621258
24.889664
25.640461
25.600393
25.546572
25.069948
25.469913
8.319305
25.572475
25.54271
25.555653
25.346535
19.583036
25.63339
25.681057
25.651638
23.796694
25.577559
0.0
25.719292
25.55349
25.555035
24.934032
25.50822
25.656054
25.520575
25.440804
25.607311
25.490871
25.292934
25.598806
25.556688
25.639057
25.527184
25.610935
25.53956
25.618885
25.610743
25.479305
25.591143
25.62585
25.637518
25.389225
25.626183
25.512932
25.576763
25.497025
25.63868
25.658672
0.0
25.638554
25.59523
25.75083
1.7868398
7.745446
25.51704
25.599003
25.49443
25.497446
25.635057
22.042126
25.647886
25.532576
25.561691
25.638351
13.0898
8.671875
25.205664
25.592995
25.516504
25.45969
25.636532
25.60176
25.561142
25.527166
25.612717
25.638653
25.552036
25.337482
25.659508
0.0
25.537811
25.533031
25.386848
25.594315
25.43272
25.547565
25.614906
25.514023
25.62667
25.773676
25.59655
24.7573
25.658697
25.56437
25.622528
25.500221
0.35303715
25.609352
25.648098
25.556702
25.626251
6.680867
25.659807
25.646471
25.551548
10.091697
18.610342
25.653202
25.395172
0.0
25.430883
0.0
25.422285
25.583553
25.587263
25.624992
25.600552
25.583195
25.51459
25.680637
11.708824
25.635166
25.653587
25.121029
25.598072
25.523008
25.615503
25.644558
25.508364
24.810507
25.555168
25.63969
25.568705
25.435005
25.632805
25.648819
0.0
25.499298
18.020212
25.555244
0.0
21.24187
25.59318
25.49207
25.69187
25.517353
25.647846
1.4262373
25.522865
25.09882
25.61491
25.65575
25.609303
24.953854
25.10307
25.612162
25.744934
25.521145
25.567093
25.608648
24.358639
25.310223
25.489777
25.418165
4.9107637
25.426453
25.539663
25.256199
24.5416
25.5944
25.576874
25.499985
25.656586
25.594185
25.607643
25.62583
25.670387
25.5738
25.627586
19.122852
25.580719
25.460054
25.421593
25.563347
25.627216
7.6769257
25.566803
12.634584
25.453316
25.702778
25.63308
25.268646
25.67866
24.103779
0.0
25.501286
25.52789
25.6213
25.73589
0.0
25.668114
25.334555
25.399517
25.518017
25.616077
23.882126
25.66513
25.427788
25.566473
25.576485
25.687668
25.713177
25.422108
25.632156
22.994757
25.625109
25.429993
24.322805
24.137905
0.0
25.550642
19.616505
25.588776
25.472935
25.513462
25.608208
25.616137
25.676245
14.000452
25.607107
25.634846
0.0
25.66201
25.567245
25.526798
25.35705
20.703693
25.570097
25.206455
0.0
25.55917
25.468616
25.423302
25.592094
1.4773511
25.54905
25.416447
0.0
0.0
25.600445
25.464495
25.545128
25.488804
24.79567
12.649679
25.280273
3.297914
25.518387
24.74383
25.630226
25.527351
25.55178
25.553867
25.571701
25.606003
25.54969
25.565197
25.628157
25.556446
24.284082
25.563953
0.0
25.633018
25.651676
25.680923
25.454918
25.308321
0.0
25.543417
24.021194
25.60609
25.63329
25.508614
25.484047
16.59365
25.60104
25.556517
25.650051
25.517704
20.72222
25.598362
25.164742
25.626701
25.724537
25.47853
25.590889
25.651672
0.0
25.711502
25.589708
25.627182
13.783249
12.6776705
24.522144
23.76414
25.579468
25.66077
3.951056
25.572235
25.645159
25.6167
25.537025
25.631374
25.60268
25.521736
25.598795
25.285278
12.845146
25.613226
25.635212
25.579971
23.132256
24.793728
25.676342
25.595486
25.437061
25.020763
25.602451
25.5447
25.437054
25.534645
25.57965
4.3384314
25.74258
25.637728
25.611576
0.0
25.087921
16.659931
12.796968
24.559761
25.60574
25.395414
25.585348
25.592869
22.966238
25.585533
23.256577
25.630116
25.393803
25.606
25.57654
25.609627
25.648968
25.508972
25.43008
17.894283
0.0
25.575195
0.0
25.630287
25.572765
25.384535
25.530453
25.59893
25.441502
25.565815
25.582256
25.56338
25.564594
25.657618
25.554333
25.557188
25.643251
25.576668
25.630032
25.513569
25.50547
25.596514
25.474848
25.587814
25.604187
25.559328
0.0
23.30471
25.634659
25.601152
25.551388
25.423079
25.559998
25.659239
25.695717
25.454082
25.62629
22.892424
25.590824
25.728344
22.933334
25.553946
25.45352
0.0
25.463825
25.346973
25.559666
25.608963
25.63687
25.317215
25.505032
25.55648
25.501308
24.776634
25.713634
20.633131
25.305275
15.84757
25.125095
25.708061
25.449041
25.583582
24.863178
25.520197
25.538345
17.685665
25.513474
25.643059
25.561829
25.575733
25.59116
25.256416
25.204071
25.504286
25.544458
0.0
25.611382
25.537132
25.686523
25.418976
25.485023
25.570036
25.716366
25.604134
25.570599
25.568539
0.0
25.608017
25.422909
25.50565
24.958458
25.563503
25.505608
25.67804
25.578182
25.422443
25.695042
0.7073773
25.486923
25.478577
25.471245
25.610325
25.641687
17.260664
25.43282
25.62241
0.4063095
25.486542
25.514164
25.633245
25.541
25.55754
15.311691
25.526348
25.613926
25.681725
25.686733
24.95971
25.54647
25.564785
25.273748
25.412626
25.56576
25.558374
0.0
25.559017
25.101192
25.607267
25.565996
25.683502
24.823923
25.577206
18.278008
25.636766
25.704727
0.0
25.709858
24.925999
25.269424
25.719042
23.730316
25.526865
25.44821
25.570854
25.683243
25.56493
25.37291
25.5418
25.653961
25.22791
25.639814
25.58155
25.660946
25.60242
25.607876
25.505785
25.603573
25.281265
20.22925
25.556541
25.537243
25.609838
25.557232
25.599617
25.613705
16.0531
25.578003
25.616936
24.165726
25.523954
25.540165
25.631977
25.61875
25.639275
25.594854
25.495506
25.59848
25.548565
25.571579
25.635681
0.0
25.512497
25.633121
25.606707
25.54013
7.130886
24.985285
25.440134
25.622343
25.459702
0.0
25.643572
25.537743
25.553787
25.477236
21.71043
22.678406
2.0292726
25.64857
6.2727284
25.550514
25.512806
11.043906
25.568588
12.672018
25.501488
0.0
25.388126
25.60786
0.0
0.0
25.558453
25.622736
25.653107
25.626411
25.61737
25.449228
25.572258
24.842625
25.592606
25.625887
25.532133
25.51679
25.584213
25.640987
25.44814
25.363554
25.400038
25.603
25.643372
24.518265
25.433064
25.264084
25.556429
1.4566377
8.612335
25.626148
25.720848
4.9731407
25.619583
25.531832
24.221897
25.609978
0.0
25.311823
25.418549
25.642689
25.562622
25.573467
25.589365
25.603632
25.409119
25.621548
25.619644
25.606255
25.595009
25.440226
24.912558
25.545395
10.753836
24.259365
25.605682
25.566471
25.593842
25.649067
25.410477
0.0
16.1134
25.606333
25.48584
25.08636
25.449951
24.944517
25.529346
25.535229
25.563013
12.519911
25.736954
25.57796
24.685081
25.57502
25.598911
25.623667
25.363117
25.642937
25.178007
25.539692
25.284473
25.65502
25.568367
25.625607
25.621796
25.206043
25.536036
25.541077
25.48552
25.482323
25.635338
25.390602
25.664003
25.57967
25.453293
25.45541
25.559597
25.616821
25.541273
23.415699
25.638004
0.0
25.676811
25.754524
25.632015
24.964584
25.583595
25.616673
25.605532
25.621857
25.513786
0.0
25.694202
25.597425
25.535086
19.994596
25.511597
25.571535
25.668144
25.667202
25.591679
25.601803
25.467728
25.618603
25.57594
0.0
25.638906
25.618166
25.529501
24.863968
15.847067
25.597229
25.540382
25.612812
25.56684
25.568531
0.0
24.042305
0.0
25.602264
25.598743
25.62348
25.600922
25.62143
24.940222
25.611958
25.595354
23.388226
25.559647
25.453653
25.513865
25.51669
25.620216
25.663319
0.49101177
25.59784
10.137489
25.603535
25.520567
25.496136
0.0
25.505356
25.722786
25.638496
25.624012
25.672474
0.0
17.655632
25.471401
25.570992
25.328861
0.0
25.643867
25.281883
6.849922
25.586601
24.47296
25.610188
25.586098
25.28934
25.606339
25.346432
25.510155
25.396067
25.650162
25.587261
25.45441
25.545258
24.87828
25.553345
25.508385
25.654312
25.45578
25.566961
25.494267
12.932588
25.451792
25.563663
25.584229
25.58068
25.596075
25.170433
25.500088
24.714914
10.060004
25.574028
25.485933
25.490574
25.616383
0.0
25.613216
25.602999
23.812778
25.624794
25.214329
25.6289
0.0
25.486343
25.679993
25.642296
25.659794
25.660799
25.55
25.614136
25.594498
25.50201
25.546778
0.0
25.702757
25.459621
25.605453
0.0
25.583288
0.0
25.610748
25.537899
25.602264
25.250502
25.60574
25.6054
9.004822
25.600195
25.549458
25.621906
25.475174
21.939226
25.602972
25.62321
24.225971
25.657114
25.618698
25.56249
25.65102
25.634779
25.583492
25.547358
25.554695
25.578295
25.492786
25.52486
25.58096
0.0
25.372938
25.620518
25.593094
17.485258
25.653898
10.79096
25.479534
25.48589
25.297007
25.59792
22.036827
25.595396
25.565594
25.487177
25.253448
0.0
25.545765
25.555489
25.576103
25.612907
25.500725
25.419422
0.6656332
25.536541
22.372969
25.643559
9.181893
25.529835
1.0201805
25.584145
14.223413
25.495632
25.538929
25.650337
25.53564
25.58714
25.478893
25.495102
25.252209
22.323347
25.568214
12.174441
25.542248
13.347452
25.55788
25.440786
25.5357
25.557364
14.529501
24.9276
25.50129
10.550834
25.469799
24.949085
25.615648
25.483421
25.54216
25.260685
25.523113
25.168037
25.420486
25.568775
25.221489
25.658043
25.253277
2.8597088
25.542316
25.665367
25.52042
0.0
25.509956
0.0
0.61892444
23.052486
25.436926
24.281124
25.56075
25.64844
6.8308716
25.628548
25.61195
25.660887
25.566687
25.536827
25.552555
25.7107
12.580013
25.576998
25.601824
25.564697
25.619827
25.608952
11.6455555
25.58062
25.552547
14.6701565
25.547298
0.13824132
25.52974
25.627148
25.53836
25.65786
25.669147
25.580818
6.6509027
25.581755
25.48137
1.9820276
25.603079
25.581745
19.144787
25.54066
25.710266
25.567421
24.96387
25.571163
25.57077
25.72426
25.610123
25.452896
25.58601
25.580482
25.556194
25.649189
0.7794837
25.566334
25.524466
25.281681
25.621248
24.00512
25.660992
25.474953
25.594492
25.45864
25.618149
25.63117
25.609406
25.71965
25.162075
25.615898
23.99566
25.571293
25.557167
25.605255
14.613025
25.581505
25.64726
25.441807
25.571651
25.118324
25.317669
25.456379
18.580849
25.693226
25.647621
25.714481
20.002659
25.424788
20.689287
25.579247
25.603386
25.199234
25.60838
25.63028
25.674751
25.674725
25.477673
25.533768
25.612274
25.573092
25.4921
15.41676
25.61679
25.541128
25.57838
25.570824
2.5224848
1.6094749
23.678846
25.582897
25.51831
25.613304
10.615066
25.532778
0.0
24.670355
25.59078
25.651783
25.579247
24.592083
24.595018
24.868397
25.583141
12.914153
25.547401
25.406994
25.589388
25.612823
0.0
25.448895
23.000559
17.515432
25.565458
25.605919
20.10698
25.640118
25.472061
25.549252
25.440027
25.574644
14.49887
25.630222
1.7819917
13.760449
16.87867
25.677452
25.565891
25.623253
25.254658
25.571877
0.0
25.059422
25.557219
25.60755
25.493591
24.283947
21.54386
12.539628
9.792789
25.651382
25.643213
25.602901
25.481747
25.621487
25.620354
25.494576
24.584406
25.620417
25.608503
25.549004
25.501629
25.61983
25.59922
25.642826
25.608345
25.704586
25.765652
24.978085
25.571465
25.547432
25.590893
21.185959
25.628086
25.58125
25.634592
25.557756
25.56552
0.0
25.599268
24.276855
25.617472
25.586988
25.58733
25.512173
25.442036
25.499037
25.588585
4.00025
25.655468
25.674759
25.617737
25.43015
25.593758
25.637428
25.506332
25.667603
25.595093
25.556894
25.6404
25.303059
25.416664
10.4959345
25.56326
1.0616549
23.522842
25.627783
0.0
22.323704
24.056377
24.958042
25.512709
24.832285
25.588554
25.556454
24.734035
25.591972
25.605556
25.620583
25.617332
25.588333
25.585783
25.681683
25.591295
25.460579
25.644794
24.574188
25.496342
25.49561
25.267242
25.590824
25.645441
25.586916
25.603584
25.620607
24.436779
25.499151
24.923985
25.634369
25.613731
22.72336
25.562922
25.6911
25.536339
25.548187
25.622078
25.497292
25.568035
25.556488
25.426308
25.630243
25.593235
25.53822
25.524197
25.607327
25.547777
25.450111
25.648026
25.653114
25.595467
15.763716
25.594177
15.729584
16.523668
0.0
25.49464
20.22457
0.0
25.383385
25.540401
25.54382
24.536188
24.421968
25.508188
25.247398
25.378712
25.553356
16.102186
24.198103
25.629333
25.483109
25.620487
25.543056
6.0450068
22.161404
25.631933
25.633415
25.647392
25.714268
25.375687
25.559563
8.947837
25.583996
25.69437
25.527191
25.542034
25.637882
25.332691
24.47779
25.574282
25.579319
25.71136
25.619148
24.865501
20.300028
25.202206
21.911411
25.523804
25.573015
15.235295
25.401052
25.52087
25.577604
25.615822
25.052166
4.1413603
4.6170197
25.318542
25.487158
25.656075
2.598506
9.425106
25.613754
25.713484
25.551445
25.528534
25.449156
25.53241
24.98904
25.544407
25.608158
16.068113
25.505241
25.45581
2.9576895
0.0
25.562788
25.494211
24.594162
25.61884
22.267187
15.60577
25.617556
25.52377
25.62259
24.164803
17.468895
25.667532
25.62022
25.598188
16.530233
25.623726
25.196049
25.614594
25.714767
25.479073
0.0
0.6580523
25.65269
19.08477
12.5413
0.0
25.699516
25.405268
25.180347
3.3267336
25.649446
0.0
25.502121
25.602282
10.2625885
24.963737
25.501099
25.494852
1.5473692
25.61724
25.592014
25.590618
25.596216
25.645254
25.51926
25.639557
25.743027
25.571386
25.526222
25.578632
0.0
25.41322
25.626862
25.69785
25.630333
25.588135
19.645874
25.65549
25.60757
25.374857
25.600124
25.574728
25.577929
25.605446
23.67754
14.903008
25.607395
25.60678
25.62795
6.286933
25.608116
17.764042
25.643658
25.532204
25.745556
25.593079
25.544933
11.6045685
25.432331
25.473019
25.645214
25.655216
25.590656
24.29544
25.54454
25.477287
25.617626
0.0
25.612831
25.576881
17.020119
25.453201
25.422812
25.543987
25.638968
25.544193
25.608837
25.498339
25.498714
25.565086
12.12585
18.874794
25.487576
25.585564
25.182224
25.612534
25.467941
25.653059
25.53587
25.567581
25.61404
24.091496
25.624638
20.470886
25.624554
0.27277094
8.903937
25.57267
25.598808
25.345055
20.805233
25.615585
25.548788
25.472208
25.596453
0.0
25.683712
0.0
25.574306
25.527077
25.463036
25.57938
0.0
20.53426
25.59039
25.61509
25.558472
25.581566
25.563545
25.629898
25.599403
25.570099
12.855501
25.615173
25.544237
25.615252
25.565659
25.570133
25.704468
25.437962
25.585003
25.686165
25.635967
13.678795
25.67418
25.419949
25.548977
25.600777
25.364115
25.438831
25.560572
25.334433
25.673805
24.688908
9.362302
25.588978
25.565773
0.0
25.651165
25.651855
25.60343
25.395199
0.0
25.459358
25.309406
25.579945
25.480732
25.533796
25.396778
25.461548
14.293959
24.81942
25.451527
24.325993
25.564701
23.910635
25.576216
25.315113
25.674171
25.618427
25.514874
0.0
25.588737
25.586002
25.47005
25.562635
25.6787
25.619339
25.647184
25.505203
25.504665
25.55241
25.614101
25.438915
25.317595
25.614552
25.699944
2.5381184
25.396858
25.555988
25.550007
25.46839
25.119839
25.367718
24.559917
25.558586
25.422054
25.614252
25.613735
25.603365
25.58043
25.596193
25.62854
0.41762567
25.35603
25.677837
25.55181
25.589779
25.636387
25.572266
25.649231
25.486057
25.526428
25.5432
25.661041
25.626877
25.582226
25.392618
25.542786
25.539677
25.574703
25.562302
25.619884
25.539421
25.647865
25.644527
25.63453
25.577488
25.013592
25.392529
25.608109
25.372627
25.422394
25.604837
25.4253
0.8734789
25.634258
25.603678
25.638025
25.450294
25.267616
25.616833
25.43179
0.0
25.481567
25.531794
20.14456
25.544981
25.384457
0.0
25.614067
25.587543
25.634916
25.649574
25.702797
0.0
23.878357
9.806259
15.235249
25.609043
25.47107
18.943604
25.721333
25.494778
25.6618
24.506346
25.718847
25.595737
25.633636
25.590006
25.600433
25.58297
25.57455
25.662622
25.563585
25.532635
25.451675
25.586248
0.0
25.617727
25.6282
25.391277
25.55817
25.624031
0.5054921
25.682388
25.668186
25.454899
25.592926
25.525093
3.4154456
25.683376
25.287106
25.565357
25.630833
25.356821
25.595055
25.588272
25.54993
25.684177
3.361126
25.606575
25.456951
25.42336
0.0
25.02832
25.584496
5.8843727
25.650496
25.53841
25.700798
25.51476
2.6387324
25.587425
25.567719
25.63282
25.718185
25.678764
24.404606
25.514633
25.60073
25.631336
25.609718
25.49771
25.62718
25.694592
13.836145
25.557095
25.645617
25.68962
25.517063
25.612564
25.65818
25.506327
25.619099
25.639473
0.0
25.608318
23.810682
25.43705
25.563185
25.494854
25.66772
25.603092
25.567049
25.585667
25.559414
25.704124
25.535202
25.611198
25.628193
24.086226
25.503105
25.572111
25.626312
25.557835
25.55072
23.636967
25.57131
25.435095
25.66389
25.61845
2.9712286
25.58846
25.547295
25.59941
25.58007
25.546074
25.576267
25.632214
25.59071
25.344368
25.605173
25.608646
25.564114
25.55573
25.572289
25.511078
25.628643
8.293569
0.0
25.597168
25.545338
25.554844
25.63824
0.0
11.008642
25.537262
25.634163
11.488182
25.62908
25.562147
25.726112
25.582184
25.619555
23.294569
25.564087
25.530859
25.556967
19.825281
25.559649
25.395287
25.17862
25.735527
25.485184
25.623932
25.512877
25.62492
23.015207
25.539772
25.462372
25.582344
25.60923
25.572586
25.241373
25.609337
25.519062
25.374365
25.612654
25.582544
25.602177
25.636631
25.699762
25.570501
25.5577
25.503181
25.622284
25.56157
25.398636
14.862086
25.508692
25.607204
25.536396
25.593622
0.0
25.580687
9.882223
25.621964
25.594604
24.879288
25.64497
25.51587
25.505424
12.890654
25.647738
25.594143
25.65269
25.59975
25.584038
25.552053
24.298672
25.628475
25.400513
0.0
25.599882
25.566017
25.490513
25.454113
25.48747
25.584698
25.656769
25.362465
17.56481
24.445568
25.310192
25.547867
25.598185
25.595375
16.017685
25.560131
25.468964
25.705639
16.237392
0.0
25.471264
25.52169
25.50609
25.567703
25.543037
25.499834
25.244987
25.482975
25.552443
25.537056
25.456038
25.410412
25.575552
25.604645
23.527998
25.51448
25.616478
25.560146
25.599358
25.6008
25.523643
25.626173
25.610207
25.58319
25.643549
25.596928
25.599253
24.991344
22.759466
25.601114
25.577179
25.629135
25.581745
25.409986
25.611607
25.613773
25.527641
0.0
25.519995
25.611176
25.578835
5.382534
25.543745
25.346256
25.617352
25.721928
25.526016
25.64596
25.560493
25.612762
25.44321
25.64309
25.606293
25.620827
22.539654
25.59179
1.6296761
25.423176
6.448613
0.0
17.601572
25.52678
25.353273
15.798266
25.543093
0.0
25.589848
25.58117
23.731602
25.603863
25.52354
25.296978
25.544575
25.68423
25.631264
25.569916
25.612404
25.607052
25.35682
25.61099
25.559328
25.371355
24.978735
25.704666
8.411055
25.559006
25.413567
19.527987
25.52396
25.533428
25.599176
22.72477
25.557583
22.395588
25.55344
21.920527
25.526035
25.622154
25.59865
25.671669
0.0
25.369457
25.304348
25.638634
25.536846
25.605764
25.685974
23.938019
25.604378
25.601803
3.3970568
25.358427
25.50957
25.599262
25.45034
25.455915
25.5789
22.934002
24.703186
25.62427
0.0
25.553492
25.62416
5.6171217
25.62249
25.67139
25.562847
24.85096
25.604242
24.066113
0.0
25.607435
25.358196
25.680767
25.58017
25.563847
25.207413
25.556965
0.0
25.415478
25.655533
25.697586
0.0
25.613289
25.602646
25.594975
25.14075
25.568024
25.551311
25.59625
19.054007
25.605312
25.614641
25.55104
25.552708
24.292463
25.50734
25.548738
25.490168
25.524422
25.613895
25.569107
14.116182
0.0
24.379118
25.627312
25.569847
25.576883
25.534876
25.566216
25.616016
25.589645
25.565193
25.658691
20.079845
25.552883
25.544579
0.9687675
25.565205
25.476135
25.596962
0.0
25.54824
25.638302
1.8359858
25.632843
12.031804
25.397856
25.545502
25.620302
25.502733
25.43779
25.676159
25.523956
25.62289
0.0
25.574633
25.647266
24.390026
25.145199
25.578497
25.554592
1.0542964
25.00332
21.602722
25.51487
25.544
24.703884
25.623734
25.603897
25.444122
25.51465
25.701912
25.533958
18.176144
25.613941
25.626137
23.53024
25.626953
1.2707999
24.892017
13.011581
25.352787
25.41485
25.543608
25.566925
25.584152
25.53054
25.604897
4.030723
25.52482
25.546127
25.563576
25.481304
0.0
13.739618
25.495872
25.48872
25.708775
25.380318
25.472168
25.628826
25.583935
25.64618
25.55183
25.07439
25.503687
24.356012
25.331585
25.066067
25.582218
25.578526
25.556675
25.551437
25.628511
25.539997
25.48387
25.169437
25.591755
25.509308
25.661304
25.513424
25.626839
25.542618
25.34318
25.374556
25.664227
25.550499
25.568748
25.602634
25.57904
10.929729
0.0
25.612936
0.0
25.288277
25.514805
25.475021
25.65147
25.328815
25.624176
25.725151
25.318758
24.73946
25.526527
25.193735
25.64739
25.570477
25.55069
25.63377
25.660149
24.345612
25.639652
25.616577
24.888103
25.571285
24.789692
25.276155
25.623466
18.873135
25.507683
13.884298
25.468647
4.6083155
25.496899
0.0
25.529747
25.46148
25.621254
25.636303
25.579643
25.58156
25.587708
25.390057
25.619835
13.286007
25.681759
25.36634
18.371307
25.514677
25.597971
12.956572
1.2817411
25.564661
25.655186
25.434776
25.178337
25.528584
21.604486
25.556274
25.55555
25.576698
25.61245
25.596718
25.638288
25.586176
25.634829
25.629837
0.0
25.604465
0.0
19.9864
24.505077
18.120789
25.608707
25.554832
0.0
0.0
25.58532
25.59019
25.711258
25.562483
25.65955
0.0
25.597572
4.447152
25.429573
25.496706
25.571964
25.66999
12.467337
25.604137
25.623123
25.388165
25.460709
10.452045
25.569021
25.445084
25.596523
25.577267
25.69609
8.27923
25.686218
25.475182
25.5019
25.64254
25.503796
25.552847
25.644176
25.285004
25.638252
25.468979
25.195034
25.41076
25.632269
25.610119
25.594402
25.537174
25.581078
25.579014
25.474852
25.661781
25.598001
25.579987
25.282429
0.0
25.657948
25.56479
25.5822
25.59221
25.345943
25.50315
25.46725
25.603432
25.61203
25.710152
24.067123
25.600653
25.61351
25.61071
25.623085
25.603935
25.625523
25.624245
22.51796
17.050364
25.50489
25.010078
25.69163
25.508942
25.648188
25.398535
13.895626
0.0
24.93456
25.29853
25.627697
25.639835
25.560898
25.585114
25.57066
25.610588
25.63911
25.678684
25.35397
24.886093
25.522095
25.559109
25.666332
25.224949
25.497675
25.610348
25.571238
25.487663
8.999777
25.59061
25.60482
25.587063
25.611813
25.61539
25.650652
25.553452
25.626556
24.222645
25.261036
9.431212
25.610947
25.527603
25.538704
25.577461
25.585037
25.499205
25.519115
13.387583
12.699742
25.551811
25.593521
0.0
8.917898
25.593353
25.597256
0.0
24.460064
25.613369
25.603397
25.552698
25.570778
25.540442
0.0
25.646685
25.37449
25.521835
25.462614
25.410164
22.352863
25.59696
25.643139
8.840808
25.364822
25.592167
25.478348
25.650139
25.610859
25.542553
25.506306
25.46178
25.580261
25.560944
22.300407
25.63041
25.592365
0.0
25.604832
0.0
25.452215
25.617352
24.742636
25.604584
25.582844
24.970938
25.521023
25.651154
25.618313
25.631996
25.692162
25.23244
25.577393
25.566727
25.582033
19.135023
25.651379
24.95472
25.573809
25.588646
25.571714
14.684544
0.0
25.588154
25.60888
25.63504
25.407139
25.651358
25.617626
25.511105
25.678814
25.604912
25.062893
25.575783
25.557135
16.512268
25.509563
25.601547
25.643797
25.365055
25.650465
6.053089
25.663517
25.59468
25.605152
25.63314
25.612988
25.62864
25.584162
24.930595
25.615223
13.146479
21.596556
25.321617
25.238537
0.0
25.652534
25.413712
25.511585
24.99643
25.527142
25.623491
25.579086
25.564936
7.9148445
25.571735
25.520607
24.956043
25.55706
25.574402
25.598574
25.42585
25.575466
25.336147
25.557608
25.584377
25.60467
25.532223
25.764488
25.527737
25.498817
16.723291
25.514147
25.558989
25.629423
20.457308
25.578968
25.594452
25.563946
25.590473
25.554382
2.3313992
25.588243
24.398329
25.58062
25.59959
25.461754
25.642765
25.444567
25.582169
0.0
25.621984
25.493942
25.443775
23.872742
25.629387
24.412802
25.616003
0.0
25.517788
25.523869
25.603458
25.678516
25.578228
25.663828
25.554813
25.736984
25.321331
25.549583
25.60773
25.151983
25.561142
22.48908
25.593487
22.445477
0.0
25.594868
25.535065
25.31071
25.631824
2.3386097
25.621576
25.610264
25.207058
25.515743
25.628056
25.501144
25.47255
0.0
23.0011
24.861122
25.650614
25.601692
25.393398
25.556227
23.976454
25.530304
24.142902
18.390577
25.648296
25.494282
25.448946
25.520218
25.591188
25.290096
7.562711
25.579714
25.558786
6.5677137
25.56162
25.65651
25.614086
25.57463
25.62912
25.510784
25.58013
25.611439
25.231564
25.4059
25.609158
25.534264
25.683804
4.063503
25.619453
25.64652
25.098763
25.556313
25.59855
25.57972
25.083649
25.55727
25.575848
0.0
25.62964
4.3289824
25.692257
25.5397
25.560162
25.625538
25.297249
25.537893
25.662926
25.635105
25.591146
25.577888
25.58725
25.612259
12.956764
0.0
25.496367
25.540234
25.611763
25.345207
0.0
25.661663
23.511047
25.558714
25.555487
25.534134
24.845766
25.553461
25.645157
25.598516
25.635159
25.608944
19.037498
18.642088
25.551983
25.574718
25.462875
25.58564
11.180199
25.603779
25.344322
25.624317
25.455738
0.0
25.3856
25.499592
25.61586
25.501722
25.589756
25.520683
25.661642
0.0
25.551273
25.591198
25.564995
25.659538
25.562859
25.499763
25.539913
23.607449
21.52555
25.634575
25.676577
25.253721
22.573967
5.2642193
25.514961
25.593647
23.066885
25.53239
24.915768
25.662895
22.845133
25.647781
25.48993
25.644508
25.519335
25.527046
25.597092
25.514688
25.542637
25.66559
25.579266
25.67418
25.400028
25.543802
2.0724602
0.0
25.58284
25.488213
23.19991
25.596321
25.604858
25.604881
25.577847
25.526253
25.610199
25.694572
25.613377
25.767563
25.437662
25.675339
25.523218
25.694397
25.625277
21.543356
25.630043
25.143574
25.585613
25.627228
25.716732
6.64668
25.527042
21.22934
25.597958
24.609325
25.693214
0.0
25.627043
25.471828
25.597527
25.567554
25.557547
25.554718
25.517185
25.67746
25.349384
25.561256
25.397224
24.98357
25.592682
25.559128
12.646454
14.783526
25.6273
22.195934
25.602016
25.146671
25.534744
25.484264
24.707851
25.581356
25.629833
25.596172
25.12127
25.502296
25.400543
25.621216
25.537613
25.582874
25.34758
25.29919
25.68341
25.649473
25.504826
24.033348
25.61644
25.554928
25.56037
25.607586
25.609106
25.603474
0.96626574
14.164198
25.48082
22.050426
25.32186
25.522335
25.572098
0.0
25.540743
25.593393
25.566093
25.58308
25.576225
25.578661
25.236553
25.654343
25.313566
25.560226
25.514454
25.578289
25.661575
25.600546
25.565235
25.496412
25.234268
25.668139
25.436373
25.469137
25.71589
25.543888
25.64273
25.580568
25.642973
25.648327
25.485006
24.477154
0.0
0.0
10.462845
25.722977
25.367329
25.612288
0.0
25.49281
25.103046
7.5293045
25.466507
25.589382
25.591354
20.267452
25.572632
25.61016
25.612484
0.0
25.614899
25.541222
25.57539
25.611103
25.568659
25.494476
25.592327
25.593758
25.59309
25.650171
25.652021
23.6932
25.58226
25.613482
25.57276
25.426762
25.624895
25.531841
25.516846
25.583454
25.61746
25.615341
25.650517
25.566647
25.486147
25.548256
25.56832
25.420147
25.609722
25.669125
25.603712
25.607346
25.348484
25.566666
0.0
11.52779
25.549564
24.922346
24.63253
24.803839
25.667852
8.148275
25.531229
25.695114
0.0
25.6777
25.655876
25.62891
25.304352
25.494343
25.654547
25.594952
24.607037
25.524395
25.604239
25.66638
25.65362
25.55829
25.03665
25.609241
25.531507
25.630634
25.576145
25.642736
25.51461
13.055421
25.509848
25.680683
25.467075
25.575176
25.419798
25.560406
17.081263
25.637741
25.633162
20.977081
25.714458
25.515884
25.477
25.601395
25.169277
0.30220336
0.0
25.574509
25.564495
25.614944
25.571335
25.635384
25.70008
25.508993
20.794939
25.575657
24.851171
25.422573
25.510971
25.64994
25.510271
25.603226
25.57412
20.823689
20.429092
25.533371
25.602343
25.603865
25.65142
25.418133
25.644205
16.696934
25.517727
25.683352
25.53133
25.595806
25.521593
25.614872
25.45522
15.230659
25.32162
25.449718
25.626472
25.646042
25.64903
25.57063
24.62338
25.625484
25.586374
25.534435
25.3191
25.574745
25.585339
25.510979
25.618523
25.57957
25.635015
25.575584
25.620745
25.518839
25.728302
23.420227
25.707748
25.582802
25.70296
25.595512
25.730547
14.471824
25.579973
25.617666
25.586359
5.4672403
0.0
25.595703
25.3798
25.57431
25.45697
25.571678
25.548214
0.0
25.229347
25.421955
25.656773
2.6904974
25.536041
25.507244
25.545132
25.591389
25.622292
25.49437
25.566406
25.590843
25.603506
24.846989
25.570517
21.865822
25.603224
25.598652
25.567139
25.740475
25.518417
11.077108
25.60354
25.581633
25.663498
25.657768
23.357195
25.631592
25.634653
25.62297
25.5005
25.614227
25.560932
0.0
25.546799
24.847622
25.613075
25.6512
25.49326
25.554258
25.139
25.61948
25.638954
25.697533
25.57508
0.26209974
25.628101
25.584042
25.554985
25.429375
25.609371
25.487246
25.51022
25.509071
25.610207
25.437456
25.559734
25.693996
25.421074
24.84507
25.567692
25.105207
25.492897
4.9943686
20.8471
25.575268
25.188187
25.375599
25.569614
25.494545
25.610958
25.647451
25.527256
25.093643
19.049797
25.599228
25.577139
25.592045
25.57971
25.547535
25.548763
25.58926
25.563568
25.630943
25.467674
25.551025
25.564339
25.580917
21.86861
25.642738
25.315187
25.57209
25.625908
25.519693
25.50767
25.48861
25.637566
25.446196
25.516968
25.61273
2.5314384
25.605476
15.253506
25.604988
25.584532
25.611187
25.14295
25.635624
25.598999
25.462238
25.53416
23.434143
25.497116
25.49364
1.9833567
25.616367
19.677628
23.488697
25.575197
25.513496
25.638763
24.668934
25.504835
25.629969
25.611572
25.534687
25.559885
25.545965
25.699453
25.658592
25.652973
25.606657
25.62695
25.600708
25.682362
25.544474
25.582481
25.572386
23.78939
25.485228
25.569887
25.566477
25.59153
23.943665
20.869402
0.0
25.513788
25.463781
25.537846
25.516426
19.080782
23.78518
22.333195
5.3464136
25.657188
25.520895
25.612186
25.562853
25.65913
0.0
25.34232
25.64413
25.597017
25.295393
25.534096
25.658442
25.60344
24.257702
25.573639
25.65974
25.202374
25.46865
25.39407
25.587097
25.557518
24.823954
25.386738
25.665089
25.64097
25.352993
11.430725
22.530582
25.600758
25.628231
25.618975
25.551472
25.52594
0.0
3.5813892
25.591038
25.67342
25.630651
25.5942
24.603064
25.033274
25.606606
25.162748
25.512716
25.580753
25.651325
25.62498
25.649498
0.0
25.731003
25.549982
25.573051
25.528072
25.601986
6.7733374
25.709318
25.593098
25.722971
25.525753
25.63068
25.500393
25.542942
25.635267
25.60284
17.516495
25.603521
0.0
25.633577
25.544136
25.618523
25.59847
15.694815
25.607376
25.510244
25.613546
25.444698
25.539715
25.504623
25.620407
25.61975
25.495842
25.618496
25.603477
24.810154
25.267761
23.254158
25.66063
25.613056
17.108814
25.574898
25.636646
0.0
25.41283
25.525372
25.480583
25.485044
24.457546
25.592249
25.34144
25.508652
25.58692
25.683395
0.0
25.652037
25.55056
25.611141
25.387562
0.0
25.59238
25.507006
25.548868
25.563831
25.596859
25.656006
17.425426
25.623274
25.583584
25.626165
25.453827
25.497059
25.698086
25.493221
25.582813
25.65973
25.455227
25.425375
25.79859
25.623737
25.731651
17.948832
4.209991
25.681318
25.553814
25.563574
25.502857
25.61353
25.424452
25.6125
0.0
25.423918
24.078178
25.47667
2.196874
25.513777
0.0
25.048065
25.581482
25.557194
25.597408
25.395891
0.0
25.564856
25.576042
25.364557
25.624035
25.331543
25.627672
25.539299
25.672531
25.618782
25.606213
25.577461
25.604414
25.611301
25.418608
25.414417
25.63654
25.56346
25.648602
25.563513
25.513943
25.453133
25.648905
25.714655
25.556477
25.636726
16.747723
25.58959
25.67735
25.541725
25.58913
25.603144
25.63912
25.620972
25.595646
25.713469
25.55328
0.0
15.106288
10.954119
2.7647843
25.660975
25.256826
25.567274
25.585684
25.594873
25.582867
25.622475
25.635063
25.38781
25.547993
24.971199
25.574207
25.667622
25.625298
24.85764
20.071327
25.579485
25.61611
25.382874
20.238422
25.543932
10.86976
25.510082
25.59101
25.448078
25.588894
1.4800485
25.57772
25.579071
0.94701743
25.564144
25.545643
17.351778
25.62863
25.61726
25.449205
25.616074
25.653019
25.512926
25.636515
25.590473
25.565495
25.54552
25.637352
25.562084
25.606983
25.504055
25.61705
25.51147
25.535824
25.53081
24.595127
25.517708
5.6273384
25.507374
25.64517
25.590405
25.590832
25.580654
25.511242
25.566187
24.154568
25.587383
25.584602
24.7739
25.645145
25.553917
25.477528
25.61679
25.587032
25.612186
25.634754
0.34164187
25.646725
25.522675
25.576176
25.471676
25.63802
23.518684
25.517262
22.805828
25.581985
25.399635
0.0
25.425129
25.597355
25.594498
24.47464
25.635439
25.65498
5.637772
25.59503
25.357395
25.565231
25.661829
25.584093
25.549898
25.539375
25.559452
25.590012
25.539867
22.466656
25.563835
0.19062191
25.626795
25.59771
25.627045
24.723667
25.670013
21.206287
23.757448
25.30373
25.556446
25.63298
25.606941
23.378605
25.399261
25.628807
25.441063
24.715982
0.0
25.65074
25.597456
25.378439
23.475264
25.63625
25.650627
25.506447
25.635702
25.572014
0.0
25.584936
25.492073
25.452055
25.588226
25.622448
3.913447
25.469746
25.48396
25.456871
25.577244
25.65731
17.302387
24.579685
3.6808681
25.537643
25.452993
25.491299
25.626251
25.59512
25.548603
25.566044
25.586758
25.583855
25.612164
25.564716
25.248558
25.270061
6.985777
25.567024
25.54507
0.0
25.560673
0.0
25.334923
25.613262
25.11081
25.495258
7.478181
25.526814
25.393368
0.0
25.559973
25.569592
25.606186
0.0
22.475904
25.56807
24.831127
25.110151
25.628712
0.0
25.682533
25.590475
25.564007
25.604626
25.602348
25.555992
14.132723
25.495296
25.64066
25.471401
25.07877
21.55381
25.563618
25.567936
22.210236
25.53476
25.6146
25.158813
25.482735
24.788605
10.153782
25.616169
25.571985
25.658957
0.0
25.59372
25.37822
14.805804
25.644283
25.596127
25.407972
25.569227
25.455212
25.659105
24.85585
25.639475
25.42834
25.579296
25.60822
25.549816
25.459684
25.414883
25.522358
25.562912
25.175583
25.660027
25.553154
25.691616
25.606157
25.541656
25.645063
25.535019
25.765526
24.95642
0.0
25.558407
22.108467
25.579723
24.95042
25.539452
7.568404
0.0
25.52518
25.583801
25.538883
25.581087
25.641674
25.40955
25.506063
25.577494
25.424778
0.0
25.115051
25.601217
25.666805
8.884733
25.379063
24.313467
23.6697
25.70077
25.592514
0.0
25.571817
25.186213
25.472738
25.505764
25.544422
1.0007902
24.911322
25.4236
21.719576
25.448547
25.607105
25.577887
25.660402
0.0
25.603622
25.627346
25.634338
25.369205
0.0
25.594313
25.722864
21.884306
25.47338
25.297419
25.588608
25.57011
0.0
25.609089
25.596336
20.486404
25.744045
25.63076
1.8343143
12.584582
25.569695
13.866335
25.431137
25.67789
0.0
25.571562
25.540382
25.615486
0.0
25.48712
25.601334
25.663635
2.1538978
25.65881
24.90941
25.609173
25.297523
20.14537
25.558529
25.549076
0.0
25.622417
25.610106
25.511549
0.0
25.25977
25.430332
0.0
25.562706
0.0
25.531662
25.562927
25.56659
0.0
1.0066004
1.2920817
25.567493
25.560413
25.586237
25.541473
22.375341
25.569054
25.622566
25.431389
25.629751
25.643578
0.09748393
22.038975
9.1573715
25.099789
21.044865
0.0
25.526182
25.660416
25.6289
25.651638
25.531078
25.427452
25.625748
25.66561
25.485823
25.669579
25.65689
21.337074
25.596025
25.690294
0.0
17.643475
25.315414
25.665154
25.211655
25.656013
25.565964
25.596117
25.528442
25.573772
25.539482
10.619555
25.592955
25.634796
21.998346
25.49768
25.640076
25.611961
24.78925
25.597662
24.853498
25.60939
25.57293
0.0
25.58839
25.605076
25.4635
25.542953
25.677418
25.222488
25.609453
20.077204
25.59712
25.43908
25.526909
25.629276
25.635738
25.608322
25.425545
25.48565
24.517088
25.54887
25.617905
9.736328
25.554008
0.0
25.565666
25.474243
25.565887
24.021912
25.517345
25.67701
25.576218
25.605133
25.469173
19.590055
25.543953
25.581732
25.54617
25.490847
25.513926
14.476724
0.0
6.442029
25.643345
25.631245
25.631504
25.599676
25.698578
25.478928
0.0
24.77234
25.633163
25.49622
25.51764
25.652508
25.500748
25.611897
25.606432
25.476133
25.565033
25.613548
6.00389
25.600498
17.343538
25.59539
25.57721
25.483786
25.649809
25.628002
16.130615
25.65812
25.43741
25.285263
25.62661
24.478966
25.698483
25.584492
0.0
25.622555
25.57254
1.7292184
25.33725
25.421637
25.13467
25.588821
25.520798
25.581448
2.9576774
25.561922
25.700977
25.566523
25.57381
25.40118
4.139624
25.397106
25.459728
23.735245
10.965362
25.569546
8.392852
25.54982
25.649792
25.6329
25.519812
25.247347
0.0
25.673647
25.725384
25.585468
25.566359
0.0
25.64415
24.479683
25.75979
25.397556
0.0
25.751312
25.554913
25.694485
21.75478
23.700005
25.545734
25.614395
25.480917
25.609634
23.060886
25.207136
25.471535
25.628986
25.59339
25.714031
25.595356
25.447449
25.601206
25.59772
25.529186
24.952469
25.526733
24.956932
25.658348
20.853962
25.648602
25.05505
25.579807
25.554382
25.527012
25.46938
25.677612
25.272358
25.57416
25.613176
25.639118
25.631372
25.45118
25.670704
0.0
25.609537
0.0
0.0
25.508018
24.524654
25.531816
25.584188
25.400776
25.619038
25.602293
25.638664
25.377844
25.427425
25.579475
25.306873
21.735
25.594978
25.587101
25.45126
0.0
25.405476
25.590195
25.608059
25.698845
25.607521
25.529617
25.44683
0.0
25.687038
25.637222
25.581242
25.51586
25.53711
25.522343
22.903397
21.942953
25.027729
25.322823
25.609058
25.50039
25.642014
25.393696
1.9173473
25.57125
25.604294
24.651016
25.64876
25.450317
25.616535
25.549652
0.0
25.517176
25.602695
25.535496
25.518642
14.27275
25.608055
25.557446
23.591396
25.61092
4.8180065
0.0
25.60782
0.0
25.105726
25.60941
25.655296
25.553383
18.682203
17.467424
25.616436
25.323814
24.975014
25.632957
25.459377
25.637383
25.408112
25.540478
16.80401
25.62264
3.4889681
25.591816
25.521183
25.601038
25.543041
25.52286
25.71964
25.6688
25.301727
25.588106
25.632423
25.628136
25.435598
25.308247
25.470715
25.575216
25.351625
25.54778
25.54449
15.461777
25.649412
25.458984
25.372162
25.698593
0.0
25.613018
25.360487
13.526009
25.586151
25.532001
18.794205
25.099937
25.671898
25.53463
6.1978045
25.594501
25.3289
24.981056
25.574673
25.597607
25.635773
25.586336
13.604181
25.698093
25.376095
25.418343
25.580976
25.586105
0.0
25.594288
25.633049
25.610157
25.698326
15.51466
21.32356
25.652872
25.615429
12.973837
25.740679
25.732822
12.774809
25.617706
21.663046
25.603077
25.464546
24.580727
25.736204
25.645096
25.583622
25.570522
21.870802
25.573664
0.12114747
25.54802
10.687326
4.983573
25.00316
25.627043
25.515759
24.190481
24.961948
25.613655
25.632504
0.0
25.543594
0.0
25.463276
24.55833
16.870687
25.6436
25.604153
25.633991
25.439743
25.681519
25.485897
0.0
25.648941
0.0
25.420876
25.563278
25.582561
25.155357
25.634087
25.65049
25.44247
25.494408
25.371773
25.533209
25.48275
25.570213
25.640219
25.540634
25.51902
25.571457
25.574408
25.649544
25.603413
25.53165
25.586742
25.658169
25.57836
25.565483
25.594978
25.517788
25.58078
25.65454
14.2427845
24.713215
25.500523
25.104702
25.572025
25.650406
25.663837
25.139318
25.51041
25.577175
25.578152
25.569084
25.294558
21.097427
25.735725
25.528145
1.3967202
25.225313
25.597015
16.95744
25.338455
25.578623
12.143782
25.584587
25.696728
25.570477
25.525269
25.509972
25.555485
25.604042
25.366253
25.616623
0.0
25.394306
25.642918
24.11029
25.56706
18.4255
25.649525
25.592094
25.665606
25.544569
0.0
17.817505
25.550335
25.499918
25.619694
25.68953
25.323261
8.3773
25.665535
25.638409
25.520962
25.42508
25.599613
25.561262
25.526714
25.53796
25.37238
25.540466
25.264357
25.515993
4.5534363
25.667278
24.912685
24.664639
25.57282
25.599907
25.692972
25.536722
25.6343
25.760086
25.664377
25.228745
25.611765
20.756826
24.90779
24.183018
7.745472
23.57956
25.707726
24.75705
4.848606
25.593895
20.069853
25.570786
25.445755
23.353199
25.613731
25.61309
23.257614
25.571499
25.62502
25.7406
25.496742
25.61007
25.654377
25.778006
25.624945
24.627438
25.640465
20.008053
25.587547
25.64045
25.586815
25.55615
25.700222
25.521427
0.0
25.567177
24.847534
2.8628957
25.206772
25.603691
25.669407
25.596355
16.39083
2.8834834
25.253586
25.517162
25.634346
25.195486
25.62928
0.26013404
25.581497
24.513496
25.686287
25.580276
0.0
25.449528
25.584768
25.479568
1.896586
25.556337
25.648703
25.525219
13.360514
18.242962
23.733027
25.625284
25.621262
0.0
23.841824
25.662674
25.654764
25.669598
0.0
11.183375
25.572704
25.570004
25.55289
25.55706
25.510078
25.612837
25.582123
0.0
25.378092
24.637215
0.0
25.64206
20.948126
25.59763
17.186415
25.715853
25.645004
25.560274
25.590923
25.608574
25.60279
25.634403
25.562263
25.5889
25.52005
25.532276
25.60349
25.49691
25.407776
24.61445
25.615578
25.59095
25.535484
7.7749076
25.659935
25.245148
3.9884858
25.614243
25.514824
25.434505
25.677689
10.513823
25.28319
25.534334
25.464993
25.593061
25.617943
25.554888
25.577507
25.639513
25.44508
25.48238
24.808237
25.570526
18.176449
25.41515
25.65037
0.0
25.48572
0.053692915
25.529041
17.30442
25.655643
25.510162
25.204107
24.607138
25.601944
25.640903
25.527239
23.886604
18.033865
25.473999
25.67268
18.275291
25.628235
25.605396
25.507103
25.456028
19.4524
25.527023
24.433388
25.709564
25.537209
25.553516
25.217716
0.0
25.60979
25.583641
25.538137
25.543983
21.172367
23.840683
25.569248
25.385887
25.609894
25.695004
25.659378
25.56107
25.529041
25.554955
25.584206
25.550909
25.634502
24.53798
22.974167
25.3909
25.425505
24.929058
25.436993
25.698315
25.480858
25.572317
25.689434
25.704926
25.335041
25.5713
25.607113
16.183855
14.668401
25.66521
7.187033
25.553757
25.625118
25.65118
25.6414
24.60966
25.621153
25.491028
25.448458
25.569105
25.377007
25.312891
25.58649
24.487228
25.65136
25.636688
22.24216
25.51164
25.62329
25.161383
25.531471
25.392342
25.630463
25.530529
25.661222
25.58979
25.579533
25.572483
25.627802
25.517017
25.521376
25.663048
24.06171
25.606636
25.510105
25.767464
25.723186
9.112498
25.639654
25.398544
25.712326
25.480228
25.595558
25.594612
0.30215463
25.63411
0.0
24.880217
9.076666
25.478971
25.6047
13.074381
25.511517
25.546993
25.626654
25.599258
25.598186
25.6058
25.504044
25.483887
25.604342
25.458178
21.052677
25.390228
25.58796
25.57251
25.547756
25.617292
25.611187
25.586529
25.636314
25.576637
0.4835443
0.0
25.574669
25.556332
25.649685
25.55337
25.53587
25.60097
25.49181
24.512974
17.880419
25.698374
25.520597
25.48443
25.146727
25.278751
17.013056
25.732265
25.607872
25.474182
25.680853
25.492645
25.1903
25.603062
25.510014
25.550123
0.0
25.51146
24.99917
25.600536
25.695312
0.0
25.727844
25.586123
25.580296
25.548882
23.58074
25.623478
25.522034
0.0
25.564964
25.471176
25.679214
10.576176
25.47216
25.512436
25.564266
25.583267
25.56342
21.717566
24.728025
0.0
25.351055
25.484589
25.541393
25.555946
25.46543
25.528645
25.423101
25.567818
16.484888
25.578712
25.535519
0.0
25.54372
25.590862
24.915655
25.733086
20.286242
25.59557
25.700512
25.582355
25.690136
25.452118
25.60194
25.600449
25.639309
25.675385
25.590012
25.461737
25.651344
25.613724
25.605686
25.144188
13.351456
25.536526
22.618454
25.649666
25.547344
25.452993
24.537708
0.0
25.359547
12.491578
25.561224
25.538376
9.443289
0.0
21.435118
25.663929
14.916472
25.57674
0.0
25.196505
6.025606
25.52584
25.531372
24.118284
25.59425
0.7565186
25.620417
25.607693
25.525333
25.70871
25.577896
25.596256
25.126205
25.437977
25.514
25.533043
25.601858
25.54215
25.596355
25.685991
25.424992
25.634918
25.517822
25.497192
25.485367
0.0
25.60959
25.616234
25.560741
25.665672
25.689917
25.650002
25.549849
1.556216
10.656155
25.582138
25.315155
0.0
25.46752
25.454588
25.528677
25.521296
25.631382
25.602814
25.587502
25.426147
25.501541
0.0
25.523397
25.661453
25.545574
23.347616
25.527058
25.634865
25.525623
25.631287
25.242126
24.9351
25.626022
25.346447
25.528097
25.754137
12.448331
25.627193
25.394049
25.60387
0.0
0.0
21.303621
25.569359
25.472597
0.0
20.306156
25.654276
25.46666
25.60284
25.358648
25.525032
7.4326344
25.34124
0.06236137
25.623241
24.281878
25.335384
25.601912
0.0
25.645018
25.546936
25.61355
25.568233
25.547726
0.0
25.574238
25.3587
25.628431
25.581333
25.66383
0.0
25.52983
25.58424
25.621632
25.151531
25.570415
25.536549
25.33965
20.983671
25.572384
23.96764
0.0
25.595898
25.66132
25.558647
25.653698
12.7279415
25.428734
25.593586
23.589651
25.48563
25.630894
23.921679
25.624561
25.593647
18.044765
25.493317
25.626032
25.653091
25.504625
0.030616175
0.3031887
25.582376
11.275875
25.433475
25.633713
25.556515
25.049417
25.584259
25.377426
25.659822
25.6777
16.951912
25.540874
25.485195
25.559803
25.53957
25.424973
7.0200768
25.397438
0.99025846
25.511974
25.600925
25.571207
25.085117
25.321932
17.238783
25.59758
25.26075
25.387241
25.637596
25.051403
25.399475
16.059448
25.401463
23.493946
25.534
0.0
25.338406
25.716324
25.5502
25.182238
25.581284
25.61027
2.0362866
14.957386
25.701683
25.648626
25.700502
25.613388
25.533764
25.585808
25.663849
25.481632
25.479324
23.920923
0.0
25.584112
0.0
25.66932
22.432858
25.611366
3.6805964
0.0
25.429558
25.654192
25.588387
25.538681
25.561634
25.661793
25.650572
24.56292
25.586283
24.666542
24.86028
25.579933
5.719815
25.687939
25.698524
25.56062
25.660864
25.615982
24.223629
0.0
6.4169645
25.58154
25.608778
25.600906
25.677582
25.596848
25.467491
25.529688
25.268745
25.576672
25.617695
25.59048
25.61361
25.664206
25.312756
25.678236
25.497753
25.601658
25.579433
0.0
0.0
25.574713
25.575315
25.498222
3.69142
25.44291
25.59258
25.580103
25.6442
25.497164
25.566648
23.612877
25.536278
25.649733
25.593088
25.36414
25.517479
25.597467
24.94614
25.326885
25.59967
7.896283
25.512875
25.644333
25.554808
25.648632
25.398193
25.705236
21.678988
25.475193
25.605732
25.59832
25.571533
25.600006
22.407972
25.585623
25.665417
25.552887
25.550875
25.596758
25.651897
25.521973
0.0
25.625824
25.602818
25.497917
25.600435
21.590027
25.64795
25.552647
25.560713
10.032327
4.014085
24.597282
24.431892
0.0
24.769634
25.546268
25.597374
25.453995
21.88243
25.597801
25.308445
24.543436
25.45377
25.616146
25.466286
25.715874
25.613754
23.757431
25.51508
25.735523
25.534546
25.622921
0.0
25.590708
25.564032
25.730759
25.604536
25.474651
25.618362
25.530544
25.501587
25.498135
24.679153
25.630278
25.245296
25.671513
25.503843
25.285318
25.44399
25.423754
25.62068
23.869232
25.54105
17.598154
25.642712
25.6002
25.510624
25.041668
25.672441
9.479667
25.698788
25.584057
0.0
25.686195
25.709795
25.617733
1.1445044
25.596104
23.055634
25.553036
25.589375
25.59256
25.523312
25.58751
25.647415
25.556053
25.620796
25.519354
18.559002
25.57039
25.587948
25.620304
24.202164
25.581951
25.494457
25.606676
25.62799
25.594845
12.91465
25.392519
25.645487
25.575579
25.612175
25.517666
5.2362127
25.594486
25.750895
25.515799
21.254932
25.689995
25.158
25.64586
25.617094
25.206226
25.542358
0.0
25.057663
12.531812
25.206127
15.553208
16.685919
25.666138
0.0
25.488487
25.622406
25.570412
25.62457
25.316456
25.56906
25.082924
25.59697
25.581728
9.06675
25.53249
25.58015
25.665543
1.238928
25.45068
24.494354
25.519794
25.313217
25.602701
25.578907
24.207787
25.686184
18.781658
16.067484
24.993427
25.573872
9.231745
25.608362
25.579643
25.295837
25.380692
0.0
25.589653
25.716549
25.564236
25.56461
25.029648
0.0
25.59625
25.261087
25.560728
25.630554
25.595268
25.70777
25.652714
25.590847
0.23908117
25.503242
25.668827
25.605394
25.591011
25.595612
25.442038
25.255463
16.052227
25.57409
24.890789
24.8702
25.594059
25.46506
25.63133
25.659626
25.53607
25.55507
25.546186
25.54198
25.370712
25.626568
25.6194
25.393618
25.546906
25.53519
25.544943
25.628532
25.54358
25.518875
22.841162
24.315071
25.673922
25.249588
25.568424
0.0
24.238146
25.546179
25.574753
4.2328887
0.0
10.275588
25.568691
25.559486
25.503857
25.531166
25.193104
25.664448
25.571552
25.483948
12.189244
23.370895
25.541708
25.613853
25.1305
25.55088
0.0
25.368761
4.90057
25.579031
25.555168
24.973381
25.40119
19.382908
1.6644282
25.609936
25.399311
25.643198
25.640116
0.0
10.009047
25.581642
25.504427
6.9550943
25.554249
25.546719
0.0
25.572655
25.592768
25.566391
23.282364
25.508638
25.617361
25.682747
25.471634
25.493557
25.60841
23.784122
25.487862
25.549772
25.17605
17.792055
24.979801
25.32462
25.319103
25.615927
25.590042
25.603542
25.58917
25.615185
18.456394
21.014614
25.570164
19.096651
25.474915
20.86347
25.621832
25.644413
0.0
25.576172
25.573696
25.619778
14.456755
25.686737
25.609812
25.545948
0.0
25.662157
25.49213
25.570644
0.0
25.492287
25.488625
23.553852
25.544739
25.479517
25.688356
25.608185
25.586971
25.172743
25.558231
24.546555
25.467964
25.413963
25.663864
25.68811
25.645264
0.38522553
25.161999
25.59822
25.490465
25.627811
24.948874
25.198374
25.592758
25.654202
25.58991
25.343952
25.600855
25.55946
25.615288
25.582857
25.576115
20.66996
25.642181
25.679554
25.53646
19.022554
25.612366
25.722778
25.570847
25.564428
25.514992
25.67498
0.0
25.600727
25.553593
25.553825
25.512358
24.819895
25.636152
4.806741
25.60001
25.642487
25.57884
25.69439
25.647636
25.646072
25.317585
0.0
25.557835
1.3529782
21.977692
25.57558
25.660088
25.619907
25.59777
25.562756
25.542229
25.54998
4.8192954
25.574879
25.593271
25.463642
25.532957
25.428982
17.692493
19.846561
25.74641
24.879948
25.487072
25.58155
2.003251
25.615028
0.0
25.57082
25.612883
24.2261
25.441235
24.34999
25.552975
23.528034
24.731274
25.627062
25.62722
24.407093
25.539417
25.607136
25.670326
25.546383
25.508595
24.618065
22.949108
25.536987
25.544407
25.56356
25.655962
25.383673
25.584877
24.046734
25.547318
25.66866
25.578384
25.566086
25.21106
25.728092
3.1408315
25.499851
25.448948
25.570356
25.49316
25.480766
25.45809
0.21254063
25.587448
25.656971
25.63435
25.593788
25.512457
25.640121
25.643738
25.597206
25.594425
14.457684
22.440006
0.0
25.663433
25.655184
25.611725
25.592367
25.57315
25.668365
25.603567
25.543465
25.536816
25.593569
9.02967
25.585909
25.579239
25.640707
25.58357
25.598284
25.518173
25.453205
25.620716
25.53245
25.650517
0.0
25.589764
23.049194
25.542965
25.384945
25.718643
25.63583
25.636429
24.898228
25.579239
25.59509
25.53097
25.567877
25.482277
25.61921
25.620258
25.626766
25.496017
25.558365
25.485252
25.578144
25.590483
0.0
25.574104
17.78481
25.51408
25.602074
25.522762
25.43006
25.694738
25.614134
25.553596
25.480595
25.5032
25.536785
25.632568
25.460331
25.597721
25.49557
25.12204
18.424978
25.507923
25.537088
25.603916
25.503542
25.365881
25.657276
23.964186
25.148174
24.316364
25.581757
25.59779
25.678623
25.526726
25.363766
25.321651
25.247913
25.593323
3.0606053
17.10483
10.173541
25.612274
25.614437
18.5363
7.0824738
25.594719
25.635406
25.507462
25.500008
25.584076
25.652912
25.098696
25.605284
25.543098
25.504333
25.691067
25.579254
3.530344
25.56334
25.633167
25.542816
25.61272
24.896538
25.343134
25.557182
25.489655
24.978472
25.57648
25.567259
25.635485
20.751759
25.622047
25.7335
25.554142
25.583794
25.64506
24.170124
0.8993775
25.539127
22.883268
25.50252
25.507412
23.363773
25.529829
0.0
0.0
25.526978
17.530384
25.618885
25.641052
25.585052
25.578972
25.577103
25.55011
25.55044
8.746324
25.59067
24.469925
25.59465
24.941166
25.50689
25.571728
25.669258
25.575752
25.635609
25.681177
25.576424
0.0
25.584538
25.532608
18.482471
25.63802
25.534477
25.536373
18.35358
25.352043
25.614803
25.706314
25.532982
25.612438
25.548454
25.569393
0.0
25.592064
25.641304
25.767757
23.171135
0.0
25.621239
25.569183
25.2546
25.584522
11.245718
17.782848
25.48781
25.570274
25.485142
14.503313
25.440763
25.530167
0.0
25.679085
25.561665
25.524847
0.22826341
2.3550668
25.17335
25.560902
25.506222
25.712376
25.615435
25.545765
25.637774
25.371178
25.538483
25.49798
24.505245
25.601454
25.560696
25.566723
25.435223
25.48243
25.579973
25.544474
25.12423
25.544716
25.55542
25.459076
25.536465
25.555029
25.590734
25.56076
10.508316
25.707394
25.534733
25.508339
25.666248
25.512386
25.302347
25.49409
24.783188
21.088516
4.1962633
25.346489
19.871883
25.529018
0.0
9.747109
25.003983
25.530392
25.60455
25.608791
25.634007
25.562702
25.673689
10.794529
25.529522
25.585949
25.604897
25.357334
25.612154
25.612286
25.554058
25.578701
25.557858
25.502077
24.752457
25.608406
25.038109
25.49528
0.0
25.34581
25.641117
25.51004
25.613876
24.877598
25.611958
25.138107
25.66544
25.569675
25.544058
25.539234
25.623466
0.0
22.505089
25.571548
25.579006
25.611423
25.649555
6.3103304
25.518364
25.590054
25.583754
25.69566
25.441525
25.724201
25.538895
25.703447
25.663116
13.7215605
0.0
24.397987
25.662758
25.401772
25.596226
25.636288
25.627384
25.548779
25.618336
19.834158
25.624065
25.588776
25.583456
25.573036
6.6026344
25.620846
25.612877
25.559158
25.675257
25.540638
25.491922
0.0
25.460922
25.597977
25.56147
25.628248
25.500877
24.71342
24.339306
24.371891
25.629765
25.617142
25.572468
25.462732
24.417747
25.667057
25.494114
25.536621
25.490112
25.62648
25.599749
25.615532
25.59586
25.571428
25.551542
25.60404
25.477947
25.581837
25.527624
25.529512
25.60313
25.517971
25.164143
25.506676
25.630892
25.518394
25.579113
25.632534
25.532867
25.548462
25.58537
25.51899
25.559864
25.714483
25.459915
25.520267
25.317831
25.407372
25.549488
25.665981
0.0
25.59504
16.776093
25.645477
25.483532
25.53876
25.56671
25.664509
25.617128
25.406055
25.57199
25.00557
25.537949
25.567965
25.523722
25.356253
25.53281
25.62907
25.414524
10.7201185
23.826256
25.585155
25.450233
25.57484
25.483501
1.2056627
25.515766
5.136228
25.514444
25.479877
25.542542
25.503777
10.1219225
25.182053
25.518007
24.689785
25.715723
25.298693
25.524124
25.578747
25.659313
25.644789
25.634022
25.59924
16.404522
25.613174
25.60865
25.462002
25.39503
25.611725
21.59385
25.603188
25.687218
25.608887
25.40432
25.65611
25.65168
25.683537
25.413406
25.454494
25.438343
25.5955
25.619137
25.586294
23.78313
22.739439
25.515331
25.590477
25.425829
25.589247
25.489052
25.565449
25.71758
25.639305
25.515312
25.56108
25.635458
25.542252
25.595697
25.56398
1.7972761
25.694042
14.088829
23.411888
25.615421
25.644257
25.579607
23.233295
25.597755
25.54679
25.531185
25.575123
25.603703
24.199331
25.58395
25.619993
25.437866
25.237762
0.0
25.655544
25.54137
25.490135
19.645378
25.609818
25.43562
25.644722
25.393164
24.888355
25.654076
25.623032
25.325195
25.552402
6.9612255
23.644182
25.745436
0.0
25.608356
14.865715
25.579473
25.377888
25.593708
25.61721
25.385214
1.2339935
25.560745
25.316124
25.575525
25.602833
24.966995
25.741417
25.664286
25.628569
25.686617
25.594261
2.1850896
25.57957
25.136301
25.646908
25.664064
25.481995
25.600039
25.611147
24.59643
25.495909
25.665447
25.538685
0.0
25.568245
25.680878
25.566582
0.98142135
25.580597
25.594135
25.485863
25.553364
25.675
25.622046
25.215595
25.477448
25.569422
25.419485
25.600811
25.527328
25.575356
25.619425
25.58624
25.686176
10.665806
25.52063
25.523033
25.602343
25.500603
25.584576
25.529955
25.621098
25.580635
12.383434
25.488667
25.620996
25.483833
0.0
25.676949
25.661787
25.604511
25.557858
25.539083
25.588528
25.619915
25.448515
25.67055
25.597347
25.54888
25.436657
8.559691
3.718594
25.265713
25.4295
1.969482
25.452795
25.354477
25.56495
25.603653
25.042173
25.607006
25.053547
25.671051
17.064096
25.743172
25.568333
25.460018
25.583664
25.600666
25.64126
25.58711
23.936352
19.727125
25.589104
25.607605
25.550583
25.594238
25.737637
9.537506
25.569576
25.63501
25.516102
25.54597
25.658592
25.520088
25.055622
25.567682
25.648375
25.338564
25.605768
24.18366
25.631496
21.217928
25.530197
25.580349
24.912407
25.527567
25.138409
25.658197
23.986
25.646456
25.563574
23.892506
25.412529
25.52641
25.58635
25.594547
25.615284
25.612389
25.56883
25.571384
25.381893
25.574108
25.582897
25.45364
25.637596
0.0
23.594254
2.525936
22.552498
14.201034
25.589203
25.374176
24.491642
25.602648
25.39901
25.315184
25.601149
25.48481
25.621239
18.27887
25.13964
25.715881
25.620653
22.346554
24.947842
25.575954
24.738503
25.545364
25.582432
0.0
25.633419
0.0
25.641577
25.24902
25.471903
25.61326
18.759575
25.531702
25.597727
25.599907
25.684486
25.642574
25.503727
25.593931
25.333895
25.549623
23.410673
25.54747
25.572763
0.14984484
25.758888
22.862444
25.649147
25.497005
25.649601
25.485619
25.607658
25.573902
25.432442
25.545464
25.688437
25.555002
25.574928
25.631664
11.348627
25.26228
25.66512
25.586565
25.563938
25.60331
25.663326
25.53003
25.565516
24.76717
19.918219
25.668358
25.459492
16.298853
25.554693
25.311066
25.633347
0.0
25.587387
25.616577
25.572393
25.609665
25.573269
25.653378
24.852201
25.569904
25.538551
0.0
25.620415
13.348564
25.53901
25.443851
25.572704
6.3601413
25.601711
25.288975
25.58876
25.5713
25.615294
15.338617
25.590475
25.600567
25.586784
25.593586
25.58253
25.687038
25.524422
25.59303
24.312298
25.52671
25.482698
24.84953
25.653488
25.580353
3.7953758
0.0
25.358532
25.388943
25.614458
24.591175
25.597431
25.746628
24.466705
25.58179
25.523281
0.0
25.606886
25.500656
25.345177
25.671211
25.541359
25.554386
25.585793
25.559734
25.428486
24.895512
25.480381
25.548275
25.642897
18.694485
25.531284
25.65173
25.442162
25.611883
25.499695
25.59063
20.770552
25.307234
25.5708
1.4635878
