289.97766
564.65137
132.14786
0.0
581.93005
4746.1646
800.6695
2552.5322
0.0
3138.5562
0.0
1375.4196
5501.2314
2628.6118
9883.374
0.0
568.8568
0.0
2606.162
4235.037
5674.2275
2778.89
1611.485
3262.6968
0.0
704.68835
0.0
726.8269
2378.909
2427.4333
3467.7588
2854.711
0.0
1509.4183
0.0
3894.8853
460.68292
4250.2793
135123.95
10936.434
0.0
1632.2415
1212.8259
5536.3276
2885.0974
0.0
0.0
0.0
0.0
4790.9194
4754.106
153.29843
0.0
1153.4148
373.8571
2139.1084
2844.559
0.0
2723.2546
424.59482
18073.44
0.0
0.0
0.0
1341.2089
0.0
9642.801
4191.44
1772.9769
232.04099
2774.831
3262.9536
1891.583
0.0
0.0
238.49016
5516.336
889.0553
5357.6147
1323.9664
603.5149
3696.7573
2039.5441
215.29315
10997.015
0.0
660.53784
1648.701
453.33734
1304.7448
1461.1597
10095.588
34131.35
0.0
0.0
10816.173
0.0
704.7252
0.0
430.5175
2562.9248
2999.8652
8542.659
1353.2655
1658.9572
0.0
3457.8188
4304.075
720.43494
2789.5266
0.0
0.0
0.0
2611.681
3533.083
829.47455
2400.7612
18680.57
0.0
0.0
1452.5668
0.0
44868.02
103.13011
2132.8389
0.0
0.0
35844.113
0.0
0.0
1655.9464
1920.7751
0.0
608.626
2036.1565
0.0
2575.8035
5382.2246
0.0
0.0
1795.979
3957.844
34010.54
18301.682
0.0
4395.3774
0.0
5765.419
0.0
3928.3687
1770.448
1858.6008
3018.1345
0.0
13089.441
0.0
647.4995
0.0
0.0
0.0
218.96643
0.0
1340.2522
2450.7886
0.0
4953.92
2520.226
3639.9324
0.0
2830.5554
16590.434
0.0
3132.8735
0.0
1945.0735
16811.62
0.0
1567.5579
2005.6877
11784.505
0.0
0.0
20551.086
0.0
732.07495
1556.3109
895.8896
0.0
2265.529
0.0
4310.0513
4672.9243
823.47186
4463.9688
6188.1367
12160.32
2673.154
1770.5258
2409.8457
2246.064
1395.4766
0.0
0.0
3636.9248
0.0
0.0
8792.25
0.0
924.0415
0.0
1903.2136
7817.914
3789.4255
0.0
432.43774
0.0
0.0
0.0
2172.9705
0.0
0.0
486.971
0.0
1583.6658
3420.4048
1676.6321
5840.7573
891.104
2330.224
6275.6436
0.0
2916.8572
105.93724
56616.39
1786.7009
4413.7295
0.0
3917.2466
10264.691
0.0
401.745
2130.4128
743.145
2989.378
475.27942
7040.432
0.0
2118.4924
0.0
0.0
0.0
6032.0903
931.9873
9695.566
3081.4578
0.0
0.0
5797.214
0.0
763.5373
622.8817
0.0
4033.8584
25673.1
0.0
0.0
1607.5822
0.0
0.0
4036.9995
0.0
621.39667
6947.8496
0.0
2926.5186
0.0
1504.9326
991.17267
2102.2207
36005.914
613.02136
1020.3633
2550.1057
0.0
208.6561
2483.2686
44054.65
1002.30396
11525.453
13768.101
2582.592
31042.453
0.0
5996.291
119.062744
0.0
0.0
4134.2173
0.0
9970.159
3062.113
470.10645
2201.9607
5793.5513
0.0
998.6028
21364.865
1935.9713
3721.8787
0.0
0.0
0.0
0.0
2045.3347
2354.9673
4278.2637
7140.634
18094.002
1061.793
398.1034
0.0
62.445118
710.9894
4228.514
1202.936
773.9708
654.0209
1771.4133
1455.8921
0.0
1393.5188
0.0
204.69586
1270.4614
0.0
2144.4224
12919.715
74529.5
1752.1746
11462.475
667.447
2758.3943
7602.798
1160.9252
1028.943
475.66302
3570.0894
22617.166
0.0
852.603
2026.7474
0.0
2678.8467
0.0
1914.2119
2674.6252
357.22046
1287.6578
11425.307
508.5398
3699.8987
0.0
0.0
288.21057
174.01227
4975.88
0.0
0.0
5556.9062
0.0
1553.1978
0.0
14285.066
150.55565
4723.151
0.0
3135.1372
58.628445
0.0
0.0
3817.9453
0.0
0.0
198.10205
9866.932
541.1577
5312.902
0.0
47117.504
0.0
0.0
0.0
1555.4352
0.0
8459.168
2464.0566
1703.3618
0.0
1399.2727
1634.7272
0.0
716.90015
0.0
0.0
7617.5884
194.42857
0.0
10131.238
1225.8247
10845.59
0.0
3280.769
23016.047
7437.2646
3442.717
6312.199
0.0
2500.3877
14513.908
1856.5308
327.94055
2853.8945
1793.2623
0.0
0.0
0.0
311.45312
711.79834
4482.136
517.5687
5634.394
1627.334
1284.2411
1518.6926
86.019
0.0
0.0
6265.9473
1041.7139
0.0
0.0
0.0
0.0
1024.7692
0.0
304.67426
4413.8164
0.0
4376.1553
516.1709
1428.1866
4191.773
3667.9143
1327.955
185.23341
0.0
6461.0757
2474.589
9484.74
297.3595
0.0
0.0
14153.854
17.358322
3275.629
0.0
3504.684
3425.775
0.0
1483.183
342.66977
1499.1338
1804.2664
221.54906
3820.623
1131.626
949.4778
0.0
5720.3086
456.40002
0.0
0.0
0.0
206.81894
1135.291
2009.9878
1211.9619
0.0
4870.7314
0.0
2244.416
1527.6746
1052.7972
140.81174
3115.8086
7527.667
0.0
4318.1724
0.0
6129.793
8944.316
147.60458
2937.1936
13947.0625
13146.822
1553.7751
0.0
2225.2776
1143.3306
2227.9739
0.0
20767.557
67135.63
6454.7114
1206.5337
807.67004
4570.957
34885.156
0.0
0.0
739.6374
1054.224
219.06932
157.36658
3244.067
0.0
3669.8938
0.0
613.6637
3415.9773
2247.8271
54808.875
0.0
0.0
0.0
4270.8125
8734.865
2544.8984
0.0
3122.962
0.0
0.0
4252.1484
0.0
0.0
0.0
3096.42
19472.379
2189.6055
319.81497
0.0
5473.0435
0.0
0.0
5825.1963
0.0
13205.523
2597.3433
2037.2986
2787.9224
15485.97
161.1947
2798.469
3644.2087
1076.8837
0.0
997.5077
1309.6096
4849.6406
3153.99
0.0
0.0
806.682
406.16742
17399.348
1914.9792
13653.531
1874.5593
16126.951
1840.8445
0.0
849.4589
0.0
0.0
2031.5205
977.0571
31206.828
564.01263
2002.892
1715.5254
21246.93
313.2901
31041.475
9325.178
114.11502
11071.561
2894.2441
5487.5073
0.0
0.0
0.0
448.7259
0.0
2647.8843
0.0
0.0
561.64606
740.82697
157.28789
462.38022
0.0
0.0
6637.635
641.8926
0.0
3768.589
2397.825
2549.6064
637.64856
0.0
83.53706
9913.525
0.0
2357.9968
0.0
5818.655
7630.6226
0.0
74.126175
0.0
219.20847
0.0
11835.988
2001.9764
1299.896
276.28156
234.94519
476.63892
2071.3398
0.0
0.0
2220.1978
6750.7
1391.895
3400.1643
0.0
0.0
7258.7354
738.7064
1328.5037
1207.4988
343.06152
0.0
0.0
1950.5486
6707.2393
0.0
1127.0728
0.0
8476.323
932.5916
1725.5066
50759.273
0.0
3798.3584
0.0
1739.9011
4928.9546
3347.31
0.0
0.0
2356.9204
0.0
4647.1797
4231.19
1421.6558
1146.2446
0.0
413.21045
14459.768
36074.633
0.0
1614.5044
372.1763
1601.8066
9409.718
4855.583
5067.379
0.0
64924.633
3727.3298
0.0
2942.8608
0.0
5685.4937
372.81616
0.0
3350.4858
117.38542
3437.4375
9768.559
7895.254
224.69946
5530.106
375.74118
3424.3218
4455.3535
996.8336
300.9947
168.56317
3821.5889
3432.9873
0.0
6738.798
0.0
1436.6707
2779.6055
1703.4592
3504.0986
0.0
0.0
249.56155
3701.1204
0.0
152.68335
0.0
0.0
3053.5254
4706.928
2643.3713
6230.8496
0.0
5793.666
50.25997
4114.286
7027.583
0.0
2193.9714
4286.5913
975.9203
4822.275
811.907
0.0
0.0
10570.986
710.2805
0.0
0.0
664.70917
2436.6873
0.0
2719.0935
3686.147
0.0
3126.022
318.07446
2464.9712
2330.7378
6935.3223
2181.1963
0.0
894.5282
13013.563
0.0
5581.488
1590.6525
0.0
377.7315
2819.7402
0.0
1197.5676
3041.0798
0.0
0.0
116564.99
2108.3882
11988.587
6016.323
41207.957
0.0
1131.6909
1856.9744
0.0
3302.333
1522.2406
671.6796
2524.7122
0.0
1155.4143
0.0
0.0
5784.4775
1367.0732
0.0
332.88486
8427.43
3339.3462
1656.0488
1418.2395
7618.3516
0.0
1585.4875
228.64844
2755.8098
943.2499
16667.723
48605.086
0.0
2356.433
7113.3496
3337.4922
0.0
1178.1807
103.816986
2427.442
2747.2515
2865.591
0.0
0.0
1435.308
1992.9518
12645.672
5440.479
925.41016
0.0
0.0
5263.3945
3360.514
0.0
0.0
0.0
1960.3542
2611.8152
1111.968
13414.912
14271.316
6326.0815
259.58685
804.2692
0.0
609.5251
4238.92
0.0
0.0
48.50965
7152.505
2998.124
1904.2427
2349.8804
0.0
0.0
2704.5479
11043.102
2222.9062
382.73187
0.0
6910.506
8541.637
10673.933
0.0
3100.3596
0.0
74054.2
1602.9316
865.09766
247.45166
700.5294
1622.0549
3155.5332
1091.8811
4031.02
722.7301
360.82343
1559.7097
4265.0986
3478.131
911.14014
3737.1987
0.0
4033.5103
5528.1196
304.38733
2091.2402
5964.5977
3946.4473
1000.1344
2559.1853
4928.4365
685.32776
244.84451
7610.331
9176.831
0.0
5286.701
1762.4358
23463.7
0.0
0.0
890.9811
1647.2864
267.46533
773.5077
6252.291
0.0
7663.8945
0.0
2764.7563
3139.4143
0.0
0.0
0.0
3257.5986
3017.9426
283.75394
4371.2466
2374.0186
1287.1267
3405.1577
1933.8269
6409.003
769.69446
0.0
5337.9316
2123.8643
95.922485
1524.9722
0.0
2711.998
277.3601
107.97591
10244.377
0.0
7779.207
133225.97
0.0
0.0
7316.46
3730.8955
1765.9514
0.0
0.0
3112.3193
5476.6855
3239.418
4571.8965
0.0
23022.23
4688.9185
0.0
0.0
0.0
7121.9424
0.0
6641.1836
381.91946
1408.9147
229.12598
873.6669
1137.7302
4578.589
1963.3589
11018.292
1275.7856
11025.455
0.0
1449.9515
2719.4944
0.0
2429.6997
1843.6086
2655.071
4717.18
1687.7966
39.612144
643.94214
11375.585
1811.7144
2174.4312
5596.5474
5257.0146
0.0
2123.7124
0.0
17165.178
4322.8174
0.0
1119.3807
637.19794
11295.487
1547.0922
4662.315
0.0
0.0
282.148
2321.7063
7418.4355
4988.966
299.25983
311.36145
10553.168
81967.266
2319.9272
8493.275
6996.189
0.0
0.0
725.34863
0.0
0.0
0.0
629.00757
0.0
0.0
3950.2188
3044.6875
544.7634
10687.6
2467.385
2946.7905
4175.8325
27364.6
7789.1553
2357.6204
0.0
0.0
0.0
0.0
2417.647
3531.8828
0.0
2592.9922
0.0
810.7985
35767.285
2204.8843
0.0
4030.8955
0.0
0.0
0.0
2273.1118
5427.179
91939.3
272.60187
18287.16
0.0
256.43878
211.77124
3063.6973
0.0
12395.986
866.1759
1826.1035
2158.37
5605.29
33634.156
0.0
3233.892
848.33575
5268.2954
24.107616
380.8374
0.0
0.0
0.0
0.0
4439.4263
87.76296
475.47473
4686.034
9492.055
26880.799
0.0
3642.0464
2193.173
0.0
10338.072
987.78186
607.83484
556.5241
0.0
2659.4456
0.0
0.0
3300.1536
177.89468
172.5887
2213.5342
0.0
2076.6177
544.7236
142.40488
0.0
3586.0522
340.1853
3930.92
0.0
0.0
0.0
1366.2205
0.0
435.1641
375.30652
2310.429
4023.0725
1004.77686
813.02844
884.0786
1718.3501
0.0
1906.8265
8736.069
2375.8699
8341.695
2360.597
0.0
2226.4194
17352.24
8519.957
0.0
0.0
2176.4336
0.0
0.0
3233.141
2023.3804
947.1138
0.0
0.0
4923.1333
1567.6389
15727.146
1496.9268
0.0
3736.021
3451.4844
3567.9668
17888.195
1919.4141
2401.031
4228.3774
96.26472
63969.008
1826.3652
8877.556
0.0
0.0
0.0
184.2756
1385.3579
23920.883
0.0
2280.366
6980.7046
2584.4443
5061.236
6514.3604
2297.323
512.1999
5041.2637
174.20758
0.0
4193.9062
8380.17
2265.748
0.0
1878.4388
29365.791
2178.5469
1366.2784
356.1676
762.5602
4712.241
71.64474
3642.116
1046.5608
0.0
40527.777
11067.418
2037.1892
3254.79
0.0
0.0
0.0
221.3323
4780.579
0.0
3133.5195
2164.802
0.0
5788.526
0.0
4775.7
97.89104
3873.3267
0.0
2789.686
4725.616
952.16394
0.0
0.0
0.0
2060.8408
0.0
7176.9463
4427.695
0.0
547.7678
390.4331
2092.6665
1948.6848
2463.8877
2340.4014
258.58426
5233.1484
1587.5466
1047.3824
2145.2002
1882.7631
11715.176
3806.3074
126.26318
1108.4581
0.0
1481.9741
1873.116
1358.2605
0.0
0.0
4401.0024
7573.5576
636.28687
0.0
594.8662
8341.98
21742.229
265.48135
4801.9443
218.27429
5405.1855
49054.43
0.0
9322.69
111.93743
21979.602
0.0
0.0
3258.2236
11433.323
10709.211
409.86783
554.05853
3913.1538
1567.7634
95.772934
11412.65
4016.4333
206.14407
0.0
119.006645
22616.396
0.0
2962.1362
0.0
1680.3794
940.20654
0.0
3909.88
6653.2695
499.0294
1620.1248
2437.5312
572.36993
153.31714
0.0
0.0
1201.5493
2157.1318
306.59583
10906.286
783.82166
160.98944
1856.1056
64301.87
5455.3467
2085.8608
1728.9539
0.0
2710.3206
248.20724
0.0
135.19208
6101.2407
206.87059
30444.648
3573.2666
0.0
304986.28
1976.7708
271.9544
0.0
1017.7864
3289.6099
14312.896
0.0
0.0
5595.238
0.0
1821.3046
922.9464
3809.6606
0.0
735.83234
0.0
1467.6816
2913.5396
25257.176
20398.334
354.4694
2560.9731
1336.9341
319.5636
0.0
3757.331
1432.1318
594.05383
1515.0957
292.7403
6563.948
3719.1294
16501.914
0.0
3040.4204
0.0
31130.45
29957.95
0.0
1471696.0
0.0
512.0826
37099.492
0.0
399.06537
0.0
819.92786
3531.148
2955.441
0.0
3617.2324
3292.4358
0.0
3236.1833
3808.873
4825.214
944.19604
3156.5894
1429.2607
3516.5388
361.59097
0.0
1801.5057
0.0
2877.1694
548.9142
2657.6802
3504.825
0.0
1187.9078
2697.5586
0.0
0.0
3004.3389
5589.4126
4581.799
3029.31
1691.7194
5404.643
2593.8823
0.0
2832.697
3343.6035
0.0
429.6352
3069.372
1141.3873
1589.6168
0.0
0.0
216.89093
10187.279
0.0
6574.922
10084.414
0.0
961.7734
0.0
0.0
0.0
0.0
4214.576
0.0
0.0
0.0
0.0
1119.2664
0.0
0.0
0.0
0.0
2994.7388
0.0
2283.8125
1701.3232
9156.273
9250.375
2616.1401
1686.7408
86.57626
1505.9277
0.0
1013.8087
2116.0005
500.10175
173.32205
342.49292
13606.022
0.0
4130.3633
47.22941
2841.113
4711.613
0.0
1977.269
0.0
645.60913
0.0
0.0
8470.164
30797.307
0.0
8235.383
27083.793
0.0
3093.5796
0.0
0.0
438.09857
4301.0083
2306.047
3030.6116
2314.2256
1993.6294
0.0
3630.9463
37535.105
6253.579
984.00726
2678.4575
63.48918
0.0
0.0
113.36876
3362.56
2122.7507
2685.8196
9177.587
2624.6218
0.0
0.0
4800.176
0.0
0.0
309.9443
216.33878
478.05893
1028.5803
0.0
0.0
93609.96
2464.4463
113.938675
1484.787
1441.9363
4543.5703
417.503
7775.454
0.0
0.0
468.549
3435.6414
3787.3188
3666.4949
5210.717
1306.2777
1632.1128
361.07776
1832.2981
0.0
4397.557
0.0
11243.751
3542.0479
182.2449
1885.9187
2742.125
5909.984
1753.1392
0.0
5545.8823
0.0
5661.234
235086.31
6583.0435
497.08047
1035.227
4736.7764
10005.02
3609.0996
120.603516
0.0
30621.79
2565.2683
2064.5913
0.0
836.91705
4307.792
27262.832
2837.9167
2598.1885
1297.9143
0.0
1642.268
2310.4395
0.0
4033.858
1400.9644
636.1369
161.655
0.0
408.77747
3656.5693
5427.3936
2027.5782
2541.2148
462.6202
0.0
0.0
1822.0343
3959.799
4461.4277
938.16846
21903.164
49.313854
2369.3743
1395.404
0.0
1665.4658
0.0
1071.3439
558.13715
5711.377
4816.9316
0.0
1648.6249
0.0
5128.7974
0.0
1447.9324
51.695972
0.0
76358.08
8722.368
13471.584
11734.187
0.0
0.0
0.0
1636.6769
0.0
0.0
5758.5796
108.360374
0.0
837.2013
104.99521
3673.8245
4000.9216
282.45514
4629.0576
0.0
4899.1377
53.5373
12247.963
2331.4814
589.4734
1407.6804
0.0
250.08167
370.64114
8452.218
0.0
0.0
0.0
5169.96
0.0
3080.3076
2036.5913
2439.4324
4293.7393
53.561752
0.0
0.0
0.0
1097.616
0.0
0.0
2732.6367
3176.6885
4833.108
3020.1304
0.0
8308.234
0.0
3109.1738
337.03088
0.0
7218.202
32892.58
17850.557
5784.7007
222.59074
3399.0303
0.0
922.8085
0.0
0.0
11146.833
0.0
2408.1338
224.78387
4006.689
0.0
1964.907
1186.109
3067.3535
0.0
4241.4717
2925.9675
0.0
895.56683
1186.7217
9008.151
441.06235
0.0
2118.0044
6499.943
3641.3276
11061.003
9275.557
655.7132
6147.9424
2820.6685
3171.2417
838.8488
1618.701
12402.998
0.0
472.91858
2369.2869
0.0
324.33514
8810.675
2533.6794
0.0
16643.475
0.0
0.0
0.0
0.0
2114.881
0.0
863.42737
5024.6333
0.0
413.13104
0.0
4044.7607
5104.87
2178.711
11868.842
0.0
0.0
0.0
1609.7732
6582.1357
2595.6897
0.0
790.7386
0.0
2392.2722
0.0
0.0
2001.6226
3669.3916
0.0
1958.9585
4198.828
2116.5374
604.6894
0.0
0.0
0.0
0.0
0.0
3142.1934
0.0
439.9192
371.54645
0.0
0.0
289.08804
0.0
344.30954
0.0
1647.1758
747.4149
2794.4363
641.9386
350.21704
176.53784
1361.3164
1841.2349
5998.342
45942.508
290.4901
0.0
982.0736
23204.512
0.0
0.0
1555.9194
0.0
0.0
0.0
936.09015
0.0
1515.7122
3071.2424
0.0
3953.2139
2578.2866
12947.203
2381.894
4248.5137
0.0
26772.223
0.0
3890.271
5578.5767
1627.8269
6798.044
2054.9148
0.0
0.0
2472.654
0.0
1765.5339
0.0
222.2077
3682.0107
0.0
5012.711
7282.2583
2242.897
0.0
1382.0134
1397.4314
0.0
1463.4165
2945.3467
0.0
0.0
32265.469
663.88293
0.0
2127.4976
2448.602
24133.781
1550.9102
0.0
1846.7014
1924.9155
2431.3284
48086.734
0.0
0.0
73.21423
278.91336
3403.567
315.0839
5921.5054
607.4749
5661.5977
161.81776
4474.878
7584.419
1733.8315
17326.441
0.0
3672.0872
141.69243
3517.8203
2943.6802
1388.834
0.0
905.1388
14652.195
0.0
3369.4907
0.0
0.0
0.0
0.0
27360.373
15956.496
66464.234
0.0
0.0
0.0
3955.7046
1865.083
0.0
4992.907
3747.1387
7082.576
35755.562
127.68996
425.68765
3869.4758
3114.409
355.43933
0.0
6200.836
233.92264
2208.1543
2780.07
0.0
0.0
0.0
1349.666
0.0
1020.6084
0.0
0.0
0.0
96.07059
2248.7695
5251.602
1893.8696
57.913216
993.6411
301.63208
0.0
0.0
483.77264
989.3095
1442.3453
2366.0576
0.0
0.0
0.0
0.0
6727.574
5423.051
0.0
5500.137
286.9682
1273.3868
0.0
908.53546
0.0
3604.246
0.0
0.0
0.0
26447.094
0.0
2638.2932
124.502754
3472.1045
1654.9421
214.30574
1000.5056
476.76556
1325.6505
62.888687
1527.2944
0.0
0.0
3348.1152
8288.352
0.0
0.0
4792.594
1629.573
0.0
0.0
5165.405
5656.256
3563.4463
0.0
3544.6506
4798.96
5496.503
2112.4392
19387.094
89126.07
0.0
666.4241
1487.0117
4382.7627
0.0
847.61005
900.62555
4661.644
3166.8735
136.50291
0.0
8084.6255
426.5376
3213.609
2326.1348
1582.4592
3096.9246
0.0
1119.8563
4204.852
0.0
0.0
7823.5547
3279.1343
0.0
4262.287
9464.404
0.0
11342.912
2150.6165
480.76468
4623.5566
541.0898
4060.3223
0.0
2057.3386
0.0
0.0
3958.6733
0.0
0.0
219.63971
0.0
0.0
0.0
4088.4185
802.9054
198.3786
3202.475
2821.2258
5137.0283
9717.274
4604.822
1713.2395
11332.09
2032.6007
5800.936
2042.2393
0.0
507.03516
466.08115
0.0
6215.005
26407.582
7618.231
6408.119
0.0
0.0
0.0
0.0
3575.8394
6131.7627
0.0
3747.1357
9920.604
5748.1084
1393.8118
3258.713
1670.1644
2019.415
3151.808
0.0
8648.017
12552.535
1245.1338
1075.5396
4486.03
0.0
0.0
2280.3142
5111.976
2795.3247
0.0
2194.0034
0.0
0.0
0.0
834.2931
0.0
0.0
498.636
436.38284
0.0
1048.7076
158.9983
2701.0806
143.99435
0.0
5639.3066
0.0
0.0
3946.8147
736.16895
2688.7307
1370.5785
0.0
0.0
4528.585
10236.875
3085.4546
11459.907
153.41469
532.22156
0.0
2394.23
13135.973
4122.686
0.0
5610.853
315.09796
0.0
3822.782
2952.6392
10140.959
2749.159
120.27008
0.0
230.83492
0.0
0.0
957.5043
0.0
0.0
2365.7295
606.1518
3102.607
200.88446
0.0
0.0
0.0
700.0808
6473.8154
0.0
0.0
4210.868
17989.336
0.0
596.6041
0.0
1932.793
0.0
2285.1433
2209.3867
0.0
1638.8201
490.72452
0.0
0.0
1775.5566
0.0
0.0
35594.664
0.0
0.0
2048.7036
472.38766
4386.67
18.096115
0.0
53286.504
4142.359
2868.3564
0.0
1891.4714
0.0
11443.296
13750.458
0.0
2160.9016
0.0
18744.361
0.0
0.0
0.0
10857.655
2863.098
0.0
0.0
2853.2651
0.0
0.0
3469.0088
0.0
20.34327
506.95343
1435.9174
0.0
10622.584
3035.3254
2813.16
1910.2341
6963.034
632.82904
5196.142
47037.72
0.0
0.0
1212.5101
1785.1135
0.0
4466.2007
105325.86
3181.7417
1744.7273
0.0
2676.3245
3912.8906
273.95483
3369.7305
1567.47
2727.3389
2603.7742
41.90699
0.0
990.4424
2962.0496
2836.6836
0.0
4642.077
0.0
2474.8628
1627.2446
363799.56
1974.3779
500.15106
0.0
0.0
0.0
9532.836
4130.8203
10971.394
81.19622
646.712
2489.8438
8980.581
5477.834
4958.4434
8158.1406
0.0
661.4591
0.0
4640.08
7290.5654
1141.8706
8464.714
6305.424
1767.6234
858.0177
0.0
0.0
648.54846
1010.1508
289.18835
1520.9324
0.0
6626.0073
2667.7617
1015.0868
4551.794
87.162735
2704.9119
0.0
3349.0508
0.0
0.0
2462.219
2884.6584
260.9055
0.0
5585.287
1254.4105
2802.348
2091.684
0.0
6905.2783
0.0
2013.1572
26.426086
563.649
0.0
0.0
2347.8716
3187.625
5072.834
0.0
2323.4224
987.29767
12794.033
3445.9497
1761.76
0.0
2714.2803
1736.0494
3462.3938
0.0
2168.2
13845.719
370.73065
1592.2267
6203.985
3534.9995
0.0
8221.553
6077.716
0.0
2649.1052
197.13101
0.0
2524.539
424.4933
7449.8857
0.0
0.0
1774.601
0.0
1075.1165
4585.3755
10055.674
6293.968
0.0
5333.7817
0.0
163.75533
3871.3086
0.0
1292.1755
0.0
238.53644
0.0
373.06573
288.70813
0.0
1645.5685
115.53676
2344.279
0.0
19330.016
1937.0605
3178.4907
156.73526
0.0
1083.5256
711.0239
2584.587
15584.549
2756.1018
8900.226
718.0916
350.63187
1754.9143
8441.186
224.1654
0.0
1407.0066
10657.15
0.0
452.9274
2123.4048
1231.4783
1959.3267
191.97217
0.0
205.22615
4044.465
426.94138
2512.8706
2752.4915
7103.294
4441.4316
2327.9136
4983.7407
0.0
0.0
11439.023
1769.2505
2103.0317
3682.4
3161.3706
5110.583
366.90027
1142.1556
644.06866
30212.96
3272.7686
3796.5894
0.0
485.55328
790.9239
0.0
5678.7324
1335.9968
0.0
13579.539
4818.573
3603.5317
1867.9675
0.0
0.0
3900.5442
0.0
38.62716
1410.5765
2315.4785
0.0
6045.1777
4275.456
3153.2778
903.551
109.64803
5975.288
1025.3331
8603.061
1155.1927
548.24585
0.0
7800.7793
0.0
0.0
6765.1025
4251.5195
4727.399
3801.407
11162.778
892.7664
0.0
0.0
0.0
1321.2317
0.0
0.0
44103.098
0.0
6363.0664
0.0
44024.473
953.09204
3258.5986
1729.1704
8577.986
4689.8066
4503.254
8771.393
2836.1218
2253.106
1315.8035
2387.0715
15045.322
2675.0144
1749.7876
187.87842
1730.8088
1368.0383
0.0
8032.153
7339.1123
490.45105
3872.9302
0.0
0.0
4363.0293
303.1216
1010.2905
2323.4116
158.82074
2957.9182
2875.5688
2656.419
11106.734
0.0
1378.0704
210.69815
0.0
0.0
0.0
1503.689
0.0
2237.4734
0.0
21093.07
1290.3314
0.0
2982.6177
2805.293
7561.18
35380.133
7752.717
0.0
1135.4666
2701.9795
5170.5205
3514.656
0.0
5360.486
10319.893
2035.5775
2502.3699
4624.8706
30911.45
0.0
3895.671
9451.195
411.66577
3111.254
3702.4473
2472.5066
41491.133
0.0
1250.6865
2700.4333
318.32953
4000.1792
3138.895
2900.4453
1386.7163
748.9276
18675.605
348.29736
1361.8013
0.0
153.4795
1628.3927
2945.9888
5226.5576
493.42282
759.25903
0.0
948.145
0.0
6539.2617
0.0
0.0
0.0
1273.3461
5133.19
0.0
1226.5012
2836.3896
1913.1096
4406.5156
0.0
4203.453
1537.3389
3953.963
1218.653
2526.713
306.85147
2860.9834
0.0
0.0
2529.323
1740.5247
2813.6296
6324.8027
0.0
0.0
479.7889
3790.4126
0.0
18511.723
2087.4473
12564.725
3789.349
3313.9202
3.7083879
3509.0056
0.0
693.6765
0.0
2939.0444
1386.7963
286.42606
149097.34
931.4999
7522.14
2552.0894
4305.279
0.0
1412.1199
1248.4805
0.0
2119.489
1793.99
0.0
3508.0835
4651.3335
1272.0516
6553.031
1473.0784
1571.8881
12988.722
104660.95
2337.685
1826.2646
127.71759
2833.2388
1272.4993
0.0
0.0
458.38
3214.6213
1475.2092
2110.3462
0.0
1517.8759
0.0
6411.253
1134.3788
376.42236
11108.91
1813.6309
1197.531
0.0
7295.885
4723.6846
4112.85
2484.347
6104.8486
249.54326
0.0
2971.576
1381.9225
1525.2375
4046.3237
0.0
0.0
1696.824
3265.1392
1484.533
10139.277
49.590942
0.0
0.0
239.45753
1115.065
2720.7114
3602.9385
0.0
2041.3577
266.2366
7051.0684
0.0
10230.813
0.0
0.0
174.59833
961.4259
1179.3656
874.65845
232.85132
419.546
0.0
608.69904
1041.5146
407.15564
5172.4087
2551.928
1678.9456
631.5737
8899.941
1066.7693
1048.6027
3287.538
0.0
5026.823
1716.3978
3572.5488
4313.558
2533.935
6123.7383
192.97983
0.0
1037.9883
1903.5417
6290.455
5078.2256
146.66434
0.0
3136.209
0.0
0.0
1134.268
1732.0869
0.0
0.0
68.329414
0.0
3217.8003
12225.34
1103.5404
12982.435
3007.1367
6077.77
237.21193
2564.38
1695.3705
2265.8843
0.0
3307.8274
0.0
0.0
0.0
162.66663
0.0
1486.5942
0.0
0.0
854.0926
301.22296
4484.472
1706.1631
1965.1204
4717.455
783.8008
389.14496
1584.5599
37456.785
3086.6313
3710.0288
1955.7349
5476.5464
0.0
4995.2705
0.0
0.0
0.0
17688.645
0.0
0.0
117.42697
0.0
0.0
822.62427
8167.3135
0.0
1121.6937
0.0
0.0
0.0
1799.8972
24347.516
2343.7751
5898.445
6732.6807
0.0
80.92393
8607.484
390.8875
1212.788
32496.383
0.0
7249.577
1210.9006
0.0
0.0
2764.5215
2756.904
0.0
0.0
2585.7988
154.8992
0.0
2354.326
2879.6865
5102.318
1778.5063
0.0
6576.7295
6754.994
3240.0928
155.37323
3461.091
142.79306
0.0
2558.5212
272.08737
41908.39
1557.4153
2524.568
0.0
2472.8623
0.0
261.73358
7347.835
0.0
0.0
7443.4087
1734.6045
1885.8153
526.4503
1126.0519
1322.3585
2911.9214
0.0
0.0
4000.9958
2043.2031
0.0
54.29923
490.91727
0.0
0.0
987.4171
5732.1396
1496.1141
0.0
0.0
0.0
3317.7908
770.6915
1419.6191
1331.7831
702.39966
3032.7856
1251.703
2123.8384
4649.2734
0.0
0.0
717.2887
0.0
1356.0205
1416.0447
3480.8477
0.0
1579.0906
15723.323
0.0
2695.7288
0.0
0.0
1795.9248
4522.9326
0.0
0.0
27963.367
904.7581
3195.5283
9470.854
1268.8455
2022.1787
53101.957
731.5432
928.98346
4482.42
0.0
0.0
0.0
251.46463
1244.5957
0.0
2644.8076
1367.1641
367.96695
513.77924
8992.578
2405.0024
0.0
45740.836
1840.0691
0.0
3234.911
0.0
0.0
6172.1064
0.0
0.0
0.0
5956.9746
2460.643
2941.2002
3214.36
0.0
1529.948
2378.6165
536.19073
2127.6426
458.95
0.0
3206.1055
140.78885
27813.227
417.23764
0.0
1558.375
2032.6667
4402.241
2119.6143
341.7372
153.0786
0.0
0.0
9.9306965
4539.885
2549.8018
627.91956
952.2834
5754.275
3144.667
41.13764
47.916946
1946.8949
222.39816
9051.252
0.0
3402.1838
2577.6401
212.38289
0.0
8925.113
1385.8722
1464.1456
2949.2212
3158.0796
0.0
0.0
3142.2407
428.31824
0.0
0.0
675.7778
7889.2275
0.0
6430.519
18341.953
0.0
140.59303
3394.3064
0.0
7433.254
2700.818
2831.7441
3805.6196
4069.078
0.0
6699.555
2233.4688
4488.5596
1239.395
203.22113
0.0
3812.5737
0.0
1515.5382
0.0
643.59436
0.0
0.0
0.0
0.0
41.976738
5940.967
12029.661
0.0
3670.266
2474.4272
214.5019
3657.4912
0.0
8593.7705
0.0
5284.168
1129.9681
7651.658
0.0
0.0
617.2064
4096.9185
0.0
0.0
0.0
0.0
583.5797
2371.9805
2366.5544
1223.6819
585.88446
6165.8525
4740.0474
5314.703
2819.5671
356.15295
4845.751
3032.0938
0.0
0.0
0.0
4403.1396
922.46136
21214.457
0.0
2499.8032
16906.637
78400.56
1724.7465
4876.9
7670.496
5229.356
0.0
2042.7205
1670.6572
3590.7622
10916.141
0.0
1587.4415
5651.338
0.0
164.04137
0.0
743.5171
258.7868
2380.3413
2166.4067
35215.008
0.0
6044.176
902.59485
2245.6357
5631.959
2789.1145
2038.385
8018.452
47.599403
6109.336
124.66019
0.0
0.0
4645.7065
9206.168
3687.8203
0.0
6199.5024
698.76697
384.43762
30395.117
4015.6345
3549.3472
179.67148
3808.615
3047.4158
1093.5531
4163.4883
1581.3765
0.0
293.58743
405.27136
2421.3164
7000.9624
15366.671
1588.9092
1625.2454
1264.0934
2984.9956
0.0
6633.5693
3880.7505
6105.913
0.0
0.0
228.44785
406.52042
16819.006
0.0
2634.3474
0.0
0.0
0.0
163.41855
84.09298
3977.7002
3305.2412
675.61194
3210.6536
592.03406
2423.2864
4547.0195
15638.82
0.0
0.0
1230.8499
1444.4644
7429.356
167.50864
0.0
0.0
1809.7831
1778.2112
0.0
2238.8257
3137.3594
9519.831
1562.0854
2189.9614
15474.838
1981.6945
5272.8013
0.0
3744.1704
0.0
0.0
2859.4304
0.0
1738.8877
2562.0334
959.71716
652.86707
0.0
0.0
786.8655
1629.5728
0.0
0.0
2406.1873
5385.8306
6434.8057
0.0
6339.8467
4320.8076
2580.6084
0.0
1542.2119
0.0
31640.31
149.83197
5758.9463
1958.3108
0.0
0.0
4814.397
10480.931
0.0
220.25446
2434.1145
0.0
6133.1816
1579.6716
1390.7009
7802.0703
1876.9182
0.0
2050.3494
0.0
9920.326
0.0
3764.1665
4088.4028
0.0
393.19858
2952.9675
1648.63
1976.0784
5402.5747
0.0
2699.9746
8638.0
5454.4946
4723.8857
64831.63
5656.135
2122.0225
2320.3108
5435.3066
0.0
5675.5103
188.26343
1189.004
7346.1836
1659.9558
0.0
4218.4575
1139.0759
1936.3256
3557.1133
382.29883
3870.8953
2121.5896
1685.3607
5459.065
5490.4365
357.38782
1529.3612
1205.4299
0.0
0.0
3238.386
10382.778
259.87808
11264.057
0.0
5685.7793
2761.6382
2575.8103
2739.5903
5054.264
2498.7007
2430.5376
258.09546
7579.6904
0.0
0.0
399.34277
261.87033
464.04315
1379.7083
943.3168
3376.1814
0.0
0.0
3436.478
1349.5986
1251.9836
0.0
1657.1428
1658.5172
207.4321
5113.5537
1717.6218
2077.2568
0.0
1335.3293
702.98267
0.0
3188.2432
2709.3342
0.0
228347.06
594.7709
95.38722
0.0
513.48206
507.70828
4401.934
0.0
563.9582
947.05414
1106.3154
2805.1946
1963.6477
0.0
1596.1362
0.0
2701.5737
2703.6523
267.09253
10556.163
100.80327
2223.7402
442.35776
3324.4482
162.4771
0.0
0.0
4677.221
331.7394
3038.0884
0.0
443.35266
95.0558
1414.7296
22725.996
2561.641
11779.83
0.0
58609.504
0.0
364.82846
2818.1008
130.69228
2409.7588
0.0
3380.1284
0.0
0.0
2902.1824
0.0
0.0
30088.498
0.0
5835.923
4078.914
62.26114
0.0
4067.7944
266.93646
0.0
164.80576
2481.8071
131.95964
5952.1133
3389.9297
0.0
1512.3231
0.0
1016.5628
0.0
0.0
6014.0347
580.7938
0.0
0.0
1024.4775
278.61545
0.0
4469.4395
1110.5406
0.0
992.1135
27138.434
1523.7458
1545.1008
3121.5508
0.0
1365.3019
1457.288
328.37668
311.71893
4588.8496
3247.4067
16526.035
65.767654
1334.5892
5977.4404
0.0
1109.6481
6819.33
0.0
176.69328
1863.9087
2178.643
0.0
15890.576
0.0
11247.408
0.0
3410.1719
2068.0742
0.0
1817.4236
25924.16
3106.2197
2484.2886
2663.7341
2970.619
1443.1411
3656.7969
0.0
3136.261
0.0
1250.405
0.0
238.10352
3173.3975
0.0
0.0
61.12004
0.0
35.34934
457.33966
17406.883
3743.8677
5658.226
1748.0343
0.0
0.0
3310.253
2715.0693
0.0
2137.527
0.0
6859.2764
0.0
6952.884
0.0
0.0
0.0
0.0
2972.5676
0.0
3886.105
2850.866
9617.913
5476.2915
1268.9978
1642.9824
1674.4828
3464.3079
991.52856
481.78244
2423.885
0.0
0.0
1634.4844
32175.605
155.01709
2810.333
0.0
1131.4521
11404.454
0.0
0.0
0.0
10841.587
0.0
3761.8938
330.18274
2016.0752
0.0
1535.5779
267.8258
453.4256
1273.551
31457.969
3275.014
13076.713
0.0
7919.3477
0.0
0.0
3172.754
0.0
0.0
4160.7783
3607.433
2341.6177
3397.6187
0.0
4125.1475
31780.297
1893.3835
426598.84
462.86084
5353.7207
2972.093
55243.82
3979.3389
0.0
3178.5483
0.0
0.0
4606.707
37931.85
0.0
1554.1854
141.22015
2129.571
0.0
13743.073
872.92224
6891.549
0.0
2798.1448
1316.8394
581.90326
1376.1221
1194.0728
4519.268
112.01552
3248.545
260.36734
109.00957
4632.849
3700.753
0.0
0.0
10323.644
0.0
6847.562
159.30902
864.6737
0.0
0.0
2017.536
6705.726
2464.7397
273.98798
250.4386
0.0
2730.2278
1392.6846
0.0
0.0
0.0
18907.898
2541.4155
198.99944
308.11847
2470.5068
2842.248
1256.8009
1450.987
4090.831
10092.422
0.0
0.0
0.0
0.0
263.96942
749.8784
2708.2302
5355.8257
816.1207
1529.5471
1553.2112
3078.734
475.04974
3646.2651
0.0
7468.621
171.67987
4100.6074
1004.75757
4309.5063
19412.355
1615.0713
1300.4902
2083.9082
0.0
11534.939
0.0
220.42084
38875.516
2613.9624
4215.99
0.0
6679.704
7579.6455
376.44125
0.0
0.0
0.0
0.0
11518.163
0.0
10165.931
0.0
505.015
0.0
0.0
358.24915
1775.2715
12789.387
0.0
620.77563
4389.296
4558.48
4190.856
2336.8628
804.4039
2492.399
570.47205
2041.7133
850.57306
2662.1118
4165.276
2413.585
20596.246
2976.3074
0.0
1376.0825
2656.1409
1334.7512
63.132748
6669.9287
208.0271
0.0
7168.799
2332.3318
3706.3564
6306.449
4125.1367
821.76196
730.99347
2499.4717
576.81793
1855.8225
8340.447
2038.6624
2791.973
221.61603
807.19324
0.0
0.0
2581.4893
63.732994
0.0
238.70802
5348.1035
0.0
1123.6106
3647.5664
0.0
14168.754
8143.533
1822.668
0.0
711.9202
12011.799
1917.6826
0.0
2303.4775
2343.6963
15147.187
6418.7324
0.0
62.462494
3205.7908
718.61523
1759.7905
2851.728
15240.365
129.52788
0.0
603.43756
15883.984
61.61631
5903.536
0.0
1615.4661
0.0
5435.1177
6894.5537
0.0
71252.86
335.37787
729.37427
1487.9567
121.12856
0.0
735.24304
1391.3839
34874.617
3154.1597
852.4766
3049.9219
6708.118
484.20892
0.0
0.0
0.0
0.0
493.9426
45780.18
438.1073
2665.5825
0.0
0.0
0.0
1525.0951
2488.681
5012.668
4010.1035
0.0
6157.4453
0.0
0.0
4876.171
730.0367
1279.3784
778.4987
4650.859
2447.6733
0.0
396.56152
0.0
1940.6287
8860.5
6027.7783
5572.5557
1626.0859
2784.3901
1936.5901
0.0
0.0
1265.1488
4511.7334
0.0
7325.5254
1218.5624
3920.982
3360.522
6288.689
1099.9269
46545.9
0.0
17009.172
1480.3992
5266.6973
1240.6926
43585.32
0.0
1990.6924
2742.558
2025.8016
1197.5405
1693.0137
3873.2905
0.0
919.7686
3251.2437
1641.7771
2103.8757
0.0
75.28635
0.0
7633.1396
0.0
0.0
0.0
1945.9023
1042.4204
3809.1787
272.70044
132.41026
1165.4089
2382.996
0.0
727.59845
0.0
1787.5911
8839.66
1106.1847
96216.86
531.50287
0.0
3360.6797
2123.8213
5954.7344
18649.586
0.0
4986.6646
2628.2144
2902.198
218.50157
8701.873
1094.9265
0.0
3403.5928
150.9993
3614.0854
3817.5854
416.5901
1727.0664
64.98047
3219.1604
7455.915
8760.634
1058.354
0.0
3231.4146
1466.0923
2278.1274
1286.9269
2857.9895
835.9305
0.0
4494.661
3585.1577
428.46863
3905.412
0.0
0.0
28.29991
5388.203
0.0
347.78638
0.0
0.0
2601.7847
1715.5284
1488.622
2044.8403
135.36768
987.7257
2057.6333
280.5533
0.0
0.0
1950.3622
1311.1611
4529.4624
2386.8423
674.696
431.7065
1522.325
3849.3672
4429.498
0.0
1738.6925
611.9897
3024.6265
0.0
7522.8037
2540.1284
2407.7983
3858.0657
2318.4277
1973.5339
0.0
2437.94
0.0
0.0
6302.537
0.0
3179.8245
0.0
2210.747
2223.2368
488.8424
915.1325
25067.355
4844.615
531.4158
0.0
0.0
1842.9585
1661.3312
0.0
8792.6455
0.0
0.0
2525.461
0.0
4212.513
150.8638
901.2577
4571.236
1338.5942
2244.8833
2174.7146
273.04376
19327.934
11178.909
1766.0886
1578.1031
5647.6704
2770.5461
6201.164
0.0
1564.3135
871.85474
0.0
9768.762
3641.6921
0.0
2435.2253
0.0
4099.4707
0.0
0.0
0.0
274.54785
0.0
0.0
168.65988
0.0
0.0
3087.294
0.0
1785.1592
393.23572
4197.3335
0.0
0.0
6003.8926
2591.393
1264.5166
4106.205
13631.67
4219.8213
0.0
2929.248
17193.162
0.0
1665.5247
410.95633
3599.2776
2321.955
0.0
2702.4336
21125.41
6461.8003
2942.3408
0.0
0.0
2340.3696
39318.074
2552.8384
1608.926
1485.7462
0.0
0.0
1376.3566
35318.637
1612.8082
5051.275
0.0
579.3386
3443.129
433.51532
395.2937
4797.0337
5525.281
7095.2646
4855.7373
1274.3174
25874.824
1511.0459
1022.7846
0.0
2855.2207
0.0
26626.355
867.9807
21870.443
1583.0063
3431.7974
327.20087
0.0
23399.254
1138.216
0.0
3897.5999
2854.43
11483.941
0.0
5268.8774
981.786
0.0
1856.8816
2036.911
1013.50806
128.16742
858.11584
376.51013
4907.456
4728.4814
0.0
3136.1562
4222.586
0.0
0.0
0.0
7838.5444
2109.943
0.0
13049.709
3943.3079
0.0
128.79361
836.9673
0.0
586.776
0.0
4162.063
0.0
635.8998
3205.4844
130493.76
87302.875
3510.392
124.51294
3473.0571
0.0
0.0
2093.145
0.0
1352.5858
1057.8513
2122.3867
16681.93
0.0
3948.9565
4714.0234
4080.8813
216.1528
0.0
30338.145
691.38574
3478.2483
5445.257
0.0
395.90784
413253.3
2343.2124
21641.072
0.0
0.0
7589.3574
0.0
0.0
652.2749
884.00854
0.0
3538.9683
0.0
319.68884
58.5841
112.5947
0.0
625.11847
0.0
35.475945
3407.8171
5061.6636
3233.5383
436.65485
5622.624
3572.7256
391.20422
0.0
3269.5195
316.5628
3430.6155
0.0
15377.508
6350.2725
2667.9614
2506.5762
1466.0784
10138.283
899.1872
0.0
3686.6538
3305.8398
3841.5732
0.0
0.0
0.0
2367.4595
40805.406
891.24243
33027.418
0.0
1645.2869
4926.1914
4919.4414
2836.018
184.72505
1941.6372
9704.26
2653.0374
78827.72
1920.7548
0.0
0.0
0.0
0.0
3348.5483
0.0
3508.5444
1800.3756
17169.115
2108.9214
1765.6459
3792.1987
0.0
6682.049
0.0
3782.0386
6446.9795
2876.7896
107.492256
0.0
5062.324
3978.9253
0.0
4186.037
2447.2078
0.0
0.0
4531.709
0.0
3972.0308
0.0
5548.073
0.0
0.0
1430.0083
1320.0757
0.0
3888.5403
9846.014
0.0
2984.7104
13064.824
3274.4211
6372.12
4520.834
1197.9514
367.90546
13286.406
4420.014
2482.0986
183.36734
3718.1768
2007.9529
973.4872
1433.1006
0.0
1452.1215
0.0
0.0
6843.414
1688.643
5539.2495
1309.9597
0.0
5888.3013
0.0
2193.6248
3746.166
0.0
6644.464
1453.2637
75.782196
2303.183
0.0
3443.558
2649.547
0.0
8739.09
629.0322
0.0
0.0
2040.7527
0.0
0.0
0.0
4816.3584
0.0
0.0
0.0
1856.7178
1782.5526
171.0653
3667.9456
5030.7144
0.0
0.0
203.32385
1353.0273
2709.8235
2355.2227
0.0
3260.247
1328.6846
1769.6975
645.03656
0.0
0.0
0.0
2151.9846
0.0
2992.6917
0.0
9914.629
0.0
0.0
265.31808
1359.9879
4088.8953
2006.697
0.0
5412.193
6789.732
0.0
0.0
0.0
13516.443
1246.958
0.0
0.0
6937.6387
4792.9844
840.78296
4358.6475
1565.9885
1174.1259
1374.4093
307.88428
0.0
5145.181
2061.5974
0.0
0.0
0.0
0.0
1308.0852
8629.648
0.0
3477.093
0.0
376.9792
420.38217
1257.6367
5644.8574
566.062
0.0
3867.5386
2628.891
4971.739
2808.2402
1015.63715
615.8341
29330.582
0.0
777.0829
725.59814
0.0
1665.7793
1722.5804
0.0
2347.0256
0.0
0.0
0.0
1707.8091
882.2429
0.0
769.4427
1398.3337
3895.9058
0.0
0.0
1499.2717
0.0
5592.1094
2682.4546
0.0
8244.271
586.14136
1714.4708
6003.128
2995.529
2186.2407
0.0
0.0
4319.8037
1484.4194
0.0
0.0
3767.2422
4282.093
0.0
0.0
6893.0156
140.58849
0.0
0.0
0.0
3074.9336
2073.3628
13351.197
0.0
4496.2744
163.83351
0.0
4316.396
4951.135
591.3706
1886.3564
0.0
23195.441
0.0
4245.271
564.0775
12570.443
2293.5295
1891.3315
477.76965
0.0
370.98633
5545.5464
310.73944
5901.2
2567.0334
29068.44
2714.6003
1666.8389
1966.6407
2288.1519
87025.56
202.8089
0.0
0.0
0.0
2185.8833
0.0
5816.407
0.0
0.0
2877.546
5825.3276
1159.5132
4761.44
2926.2026
408.61063
0.0
2873.6226
226.57532
887.9169
0.0
2459.797
3953.7397
0.0
173.307
0.0
0.0
9569.605
2414.3333
1346.4988
122.77414
0.0
330.4837
879.33374
0.0
0.0
178.98357
0.0
0.0
0.0
2292.9746
6258.9346
6062.6133
4846.1216
3894.211
2741.6375
6601.8164
400.9054
294.86847
0.0
34558.047
0.0
0.0
0.0
7930.115
3038.9722
0.0
6886.9014
2627.7974
0.0
56980.28
4116.1953
0.0
0.0
0.0
0.0
616.2968
5980.472
0.0
2498.8384
954.2486
4692.6094
0.0
0.0
3700.82
8321.666
0.0
5406.3325
1764.0791
1770.3518
214.55638
0.0
2349.228
332.22855
571.51135
6863.404
1078.3694
5101.341
0.0
247.89743
0.0
18053.19
3535.0144
0.0
824.183
5668.745
0.0
437.02206
0.0
0.0
2806.6729
1288.3394
996.31335
1269.6355
0.0
663.95123
4620.8687
0.0
4491.218
6857.8105
0.0
0.0
0.0
311.57343
0.0
1449.2622
1442.2151
8618.248
8932.008
33581.043
966.10284
2108.2593
2236.95
7169.96
101.29955
48544.094
6235.8467
0.0
4064.7117
21472.78
587.30597
0.0
0.0
10970.785
2587.117
8454.375
771.7922
1378.817
0.0
1865.9128
1540.7903
0.0
10174.58
18490.88
0.0
0.0
24631.738
4197.8623
301.78918
2292.7832
212.26141
3221.0662
2682.3486
961.6711
2328.0044
4001.82
3661.3381
1027.4948
30219.453
330.5688
2313.9128
0.0
1334.4963
0.0
0.0
3305.5054
3000.3394
1812.9156
808.27014
1357.6326
0.0
0.0
2935.5037
0.0
4399.8584
4787.7075
2775.5938
0.0
1203.8801
0.0
421.43713
26202.957
955.1975
5939.753
76.30086
0.0
1778.0776
2217.7827
515.95605
471.76035
1721.7937
0.0
18532.455
0.0
7322.041
4398.9995
8946.654
1172.8972
7655.796
0.0
0.0
0.0
3609.8726
0.0
1369.5767
33293.203
0.0
727.16736
3957.9678
68.390564
476.16156
5216.9785
0.0
5335.899
0.0
1805.1514
3372.081
169.8257
3930.0542
3362.5068
1844.217
12552.928
281.77127
0.0
3774.3398
105.56814
19065.021
1967.938
0.0
3082.8235
1550.6067
0.0
0.0
0.0
748.8494
3930.879
0.0
970.1332
0.0
937.02124
34479.97
2116.538
0.0
235.91806
0.0
333.46655
3366.954
117.05055
0.0
0.0
0.0
1212.4609
7430.421
2868.3567
4524.2056
162.8949
0.0
10240.72
35811.035
1304.0203
2902.9446
22931.934
2355.5674
0.0
130776.36
0.0
0.0
23366.182
1886.6177
6666.7544
0.0
0.0
1006.956
2478.8955
262.51978
1379.3036
0.0
86.63823
224.95703
3104.6304
3564.1628
80917.19
1926.6659
2069.7725
2731.035
6277.087
1089.9678
295.06934
0.0
276.88098
18812.463
0.0
10839.368
268.7317
3251.3052
0.0
0.0
437.95038
9357.968
339.76523
2249.4248
4507.5566
7405.2393
9557.652
0.0
2036.28
0.0
5726.168
7918.504
0.0
0.0
11.686734
0.0
2412.977
0.0
4087.4531
1764.3691
2864.1484
0.0
28.603024
11119.287
508.9474
0.0
4126.384
5114.0684
0.0
1858.1849
0.0
2956.6133
3117.438
48344.33
1999.5979
781.88806
532.2317
6645.525
15713.082
3586.6802
3025.9397
0.0
702.9892
1050.158
0.0
0.0
333.10193
77.36454
2982.5952
0.0
10958.242
0.0
0.0
2321.3945
2226.0664
0.0
5634.384
0.0
3442.6196
2484.163
183.96188
1452.3511
3114.0674
2705.5886
4542.0415
3122.335
2922.4514
1215.685
0.0
5257.414
0.0
1077.5457
1663.7588
12192.889
0.0
3124.5269
15970.318
717.08203
0.0
0.0
1778.6721
0.0
5281.504
10089.508
0.0
5315.6587
317.65567
0.0
0.0
4324.437
0.0
2417.9983
323.79773
1944.8646
527.4831
0.0
51630.816
5380.2446
0.0
1143.3676
2938.3945
7638.2324
0.0
0.0
326.08633
3000.7625
0.0
2178.9277
0.0
0.0
17214.5
2148.4766
192.04095
11562.528
0.0
6764.2476
650.95966
0.0
3261.4148
1061.8867
0.0
0.0
10090.01
299.20288
0.0
4054.2312
0.0
114.41709
1388.1345
3378.3228
6975.7695
2872.749
0.0
31885.852
0.0
291.6236
3324.3247
2279.9265
476.51434
2377.6519
4045.7234
3507.9966
28846.55
0.0
0.0
10150.035
1913.6924
3638.3806
75801.26
84087.945
0.0
2186.2595
0.0
4605.533
124.03773
0.0
54853.902
2158.2493
4087.127
2615.442
0.0
653.23737
0.0
0.0
0.0
0.0
286.60065
4118.8003
0.0
479.33008
0.0
11486.895
10586.011
5932.3213
4285.5264
2134.3809
679.6768
132.51057
0.0
6308.064
3918.0452
4355.0684
75.60916
7933.7305
2006.0383
0.0
3694.9893
285.13568
0.0
5083.496
5635.428
0.0
3282.671
7617.504
0.0
1183.3296
280.1039
1959.315
17309.625
2302.5405
2548.9543
1333.4131
2574.8176
1624.6418
1346.1498
11008.832
1787.1396
862.442
2238.1377
13321.031
1355.8563
350.3068
3764.5784
5009.1143
2592.3042
42002.727
0.0
483.99585
0.0
3163.3652
0.0
15875.454
16954.52
0.0
0.0
1821.815
2271.7346
565.03577
1141.316
0.0
70923.74
0.0
0.0
0.0
1032.0874
141.44264
0.0
2105.468
0.0
2108.649
58303.2
1959.7034
503.78192
0.0
463.92813
3031.8857
98.8934
17483.855
0.0
4670.7407
1372.2584
0.0
4755.1973
0.0
50371.08
1774.3964
2246.2485
1656.0148
0.0
0.0
526.9594
683.60095
3708.9482
10484.457
152.04356
27970.822
39610.766
2092.9573
9713.561
4445.8955
3771.2754
2361.8345
0.0
1374.698
191.98358
2891.6265
0.0
1032.8425
0.0
20953.855
1263.8605
0.0
3494.0427
1478.7291
16543.822
0.0
12788.945
85480.2
7161.061
218.60182
6786.5396
0.0
0.0
0.0
0.0
0.0
7970.8037
0.0
0.0
769.96155
1455.6804
1400.8335
270.3721
0.0
2447.1702
5462.999
0.0
3100.021
1850.1433
23831.326
231.63803
2150.17
4845.041
70714.57
4038.7568
215.90494
8435.223
0.0
3647.6172
16426.0
1052.3397
1256.9202
92161.74
5065.1367
1848.1709
336.67233
196.67944
0.0
0.0
2470.7925
17064.44
2955.8643
0.0
0.0
0.0
0.0
6362.0986
501.23505
3098.2776
0.0
527.4173
171.5554
24406.78
7463.407
1550.7836
4074.857
1562.6892
102.9278
0.0
4496.409
3592.0508
2174.1199
162.30008
0.0
0.0
4770.05
1170.5583
0.0
0.0
40589.168
3709.2197
4968.7266
0.0
0.0
1443.56
955.339
194.9961
2487.659
980.6786
3686.2476
1832.1213
0.0
0.0
0.0
0.0
5958.9854
0.0
3128.6885
0.0
15447.795
4205.8574
809.3894
1224.4003
5962.6826
7282.6426
2595.9502
448.92435
1806.2208
3303.6519
1721.3125
1800.5085
1741.3109
0.0
0.0
2527.206
3450.688
0.0
0.0
8146.539
203.9995
0.0
8875.931
0.0
408.12906
5658.799
0.0
139.71246
485.49634
193.12819
1502.109
4787.3096
5041.204
2746.476
3983.8481
465.83194
373.11978
151.95618
4717.2783
0.0
0.0
5889.324
4848.5625
0.0
0.0
328.83685
0.0
6157.1484
0.0
100.8637
71.50271
2411.3394
1125.834
930.44336
0.0
156.13858
0.0
44743.547
0.0
3552.647
7198.8555
947.34357
0.0
0.0
2533.755
146.1077
56192.707
3875.8057
2911.6226
0.0
0.0
3721.3777
4105.865
0.0
918.6272
0.0
0.0
1255.4124
0.0
4005.6794
18054.105
6661.754
282.19308
244.45506
608.15625
6240.4395
3680.732
2743.837
0.0
0.0
0.0
1102.6079
402.76294
310.0695
34932.26
2330.5293
0.0
13725.878
10204.613
351.40314
2827.8638
1760.5769
0.0
0.0
14360.235
0.0
0.0
7613.857
7075.2607
14537.598
0.0
2332.8577
466.22864
2178.7207
0.0
1853.1782
0.0
2371.669
0.0
10727.702
5805.914
0.0
0.0
3848.0562
831.517
598.1761
414.5055
35385.34
386.8964
18149.65
2146.4497
2041.8193
1944.7484
1482.9783
1373.3193
0.0
6998.586
0.0
0.0
0.0
100246.984
11684.068
0.0
2880.334
510.9403
93557.54
2177.3374
8827.738
1683.638
0.0
6971.9287
0.0
0.0
0.0
205.12918
2547.417
0.0
0.0
1014.4075
4772.613
4376.596
2057.501
3354.7012
2032.8372
349.2053
4980.6396
304.51135
0.0
502.2052
2472.5178
1383.0361
623.1655
2272.2937
2887.0068
8269.655
2320.006
2160.579
0.0
0.0
6543.233
0.0
4995.394
1670.7593
0.0
942.7517
1313.4552
426.1358
0.0
30272.646
803.6425
2223.6272
0.0
0.0
0.0
102461.67
3288.7192
511.70557
4131.878
1066.1615
0.0
5854.5767
1386.8392
0.0
208.83224
2538.7124
104.42732
2547.5354
6558.928
0.0
38257.49
0.0
1546.9554
2018.8732
0.0
3660.0918
0.0
39523.5
1106.3412
0.0
18152.61
0.0
933.9759
0.0
1442.4585
1841.0657
245.21906
0.0
136.57101
1359.2572
0.0
882.22955
871.11285
627.19495
0.0
0.0
0.0
2333.3604
0.0
2564.2544
1509.1499
0.0
987.05505
0.0
1400.5061
76122.61
0.0
4373.1284
27624.133
824.4116
27908.164
0.0
1130.0787
2161.9148
7317.8203
8674.869
2594.429
405.84677
3726.6748
5182.3013
4480.424
119.10448
0.0
1439.2635
0.0
5575.483
1528.9463
0.0
0.0
1835.9369
440.78406
0.0
1207.689
1636.9436
0.0
7574.493
0.0
16602.828
0.0
1113.6643
3133.8398
0.0
0.0
1328.85
1109.4003
181.63448
3154.1418
0.0
7616.795
2642.2947
104.9378
31579.043
1784.452
24009.24
95.849686
0.0
1046.7585
0.0
6606.199
1253.7954
3112.9365
33718.9
754.1708
5576.8516
699.30414
1880.1266
1003.2454
3783.255
638.1394
3625.6948
5961.894
6346.413
8214.537
26460.166
657.1732
0.0
0.0
1209.5488
0.0
0.0
222.78624
0.0
0.0
588.3102
8720.547
3262.997
10533.002
0.0
0.0
820.46906
186.85799
4682.195
1250.604
0.0
0.0
2653.767
2817.4321
4929.28
468.67746
77.511284
6682.994
0.0
0.0
178677.81
0.0
8229.912
0.0
1288.5042
0.0
393.5626
0.0
24611.982
816.7324
143.11865
0.0
2653.2139
0.0
2973.5444
182.79858
1327.468
0.0
123.61505
0.0
1461.0413
0.0
549.53345
2728.318
764.0829
5263.6436
0.0
5188.424
0.0
0.0
1823.079
2454.9287
0.0
4135.1846
0.0
15206.1875
0.0
210.65671
6518.973
6452.372
106.56498
1666.4945
618.0316
146.30258
0.0
1703.7949
0.0
0.0
4719.0674
8107.7817
3040.5933
4100.9917
0.0
0.0
2163.0942
0.0
29.254223
6015.048
0.0
6880.6426
3146.2876
0.0
372.4519
3959.4468
4634.9287
298.37833
0.0
0.0
1810.2703
0.0
0.0
1891.7974
923.6577
0.0
3051.497
287.1578
15355.873
7266.1113
0.0
7880.3813
62.969273
2146.813
0.0
0.0
0.0
555.70935
0.0
2247.8699
2754.9717
7354.4756
1184.3862
1706.5881
584.90857
2685.1255
0.0
928.5479
19065.795
311.25034
0.0
0.0
0.0
0.0
1928.343
9669.035
18898.908
81993.17
1135.6273
0.0
2345.1191
2599.5354
0.0
0.0
47773.664
7174.654
23797.787
12540.787
0.0
3018.519
7471.414
0.0
2834.1145
2608.1396
109.0309
1744.6835
0.0
34798.56
0.0
3681.6523
0.0
0.0
1716.1929
34011.566
1423.7551
2199.4185
0.0
32758.664
8081.121
0.0
4642.573
2.3553867
0.0
2990.2437
0.0
5014.352
10558.676
735.3822
4528.292
2491.0493
30.890423
862.0753
0.0
5593.1094
1778.0614
6060.402
4879.335
0.0
0.0
1437.7493
0.0
0.0
1344.5161
0.0
2177.8872
11173.916
0.0
4816.3364
3337.0679
4722.496
917.0729
1861.4398
768.7069
1321.9758
1795.6636
0.0
0.0
384.7849
4488.043
15782.509
3950.3022
0.0
1829.1611
0.0
1643.448
2701.4167
709.2899
568.72205
23473.773
5272.3286
0.0
579.4018
2441.1016
0.0
0.0
4603.5
0.0
5439.67
0.0
23955.936
0.0
347.54352
1303.4512
3629.626
2570.1118
2388.5105
0.0
2893.2957
4469.152
3040.9258
437.0874
1869.9784
3502.3796
462.6457
11122.62
5748.198
1797.3142
2850.2922
2381.9146
0.0
5276.3237
2545.7302
1688.3524
0.0
0.0
55.307793
7.8346987
916.0073
3231.823
0.0
9567.506
245.26141
0.0
2330.7588
381.07056
57.792458
252.82489
3635.9482
384.2261
28630.594
5805.2637
0.0
752.3608
45521.8
792.5024
21023.186
0.0
1273.7952
285.67523
16837.594
6917.025
0.0
3245.9995
1787.9513
0.0
0.0
0.0
3321.9517
0.0
5743.552
0.0
188.35237
128.1044
370.32996
4464.435
0.0
2392.5115
0.0
3262.7278
7020.15
0.0
200.84671
3756.2632
0.0
87606.836
1757.9956
790.7511
19137.525
39240.805
4347.639
0.0
2772.8337
1.2342672
988.1863
773.9425
2584.978
2793.5354
5300.77
16336.33
1972.8491
4998.039
290.69904
0.0
2612.1003
5058.6074
5882.5537
0.0
1477.2834
350.755
2413.091
4327.004
897.9429
0.0
0.0
3748.689
2296.9229
14069.304
296.47455
0.0
3044.3882
47242.906
771.2134
0.0
9726.85
190.25983
26823.61
7729.455
0.0
0.0
0.0
224.29884
0.0
211.89218
0.0
0.0
7118.1045
0.0
650.9972
1149.7306
0.0
15493.473
145.36905
2553.2776
0.0
0.0
1594.498
0.0
0.0
1728.8766
6547.9556
0.0
233.06561
0.0
126.98048
0.0
6201.468
5280.8916
160.4379
15800.438
0.0
0.0
0.0
850.0728
0.0
2525.163
2724.0874
22470.285
0.0
0.0
3144.6235
104178.5
1891.5957
3800.1934
157.78061
1159.5767
2398.3167
599.2635
1643.5474
1174.5631
1078.9315
9144.262
10796.373
7896.7954
0.0
491.4088
4077.143
3004.582
1850.2134
5583.1475
571.5382
338.7824
0.0
1059.4158
0.0
2649.1328
5863.204
356.26205
12515.031
73610.3
0.0
2904.9065
6951.419
0.0
1125.9248
2524.7769
4339.896
0.0
1172.4175
1734.2034
1004.28674
1972.0656
7313.6436
0.0
0.0
0.0
11205.686
0.0
2513.5923
0.0
150.98805
0.0
2500.5903
0.0
0.0
0.0
2891.4226
1154.251
422.00824
0.0
84.55699
13994.576
1107.8064
35713.914
0.0
0.0
2854.3164
3030.6582
0.0
0.0
0.0
215.56183
0.0
1001.47864
1967.8596
234.3549
0.0
0.0
0.0
1046.9293
0.0
12786.99
6259.034
0.0
0.0
3752.7808
0.0
0.0
5884.848
0.0
2305.808
830.9728
1081.2334
2942.2937
0.0
349.72675
3300.1313
6353.1494
0.0
786.16364
1825.0315
0.0
0.0
529.8274
1020.3233
0.0
138.67834
0.0
0.0
437.50378
1012.78735
2313.4395
2533.5183
3400.2983
0.0
0.0
3714.464
0.0
847.50354
0.0
5846.5625
1884.8882
0.0
685.83435
2133.9717
6041.452
0.0
20813.621
5097.207
0.0
0.0
5866.299
683.4132
5293.7866
914.5815
0.0
205.4032
0.0
1240.5034
1076.2119
6875.1504
2760.967
2752.1187
214.25531
0.0
0.0
115.92471
332.21222
10133.361
3235.2563
10889.555
0.0
429.0843
4375.5767
353.19708
2234.084
0.0
0.0
0.0
11702.929
2303.7205
2092.5098
4035.2163
2332.7903
2636.4077
1986.8059
1914.1362
0.0
5587.056
8601.219
426.10706
0.0
7433.0693
30971.102
7171.9443
1408.4447
4005.3252
1773.4626
3265.335
2108.1606
452.87115
611.7413
2848.0312
0.0
4392.733
0.0
5923.6924
12711.129
760.3638
9428.953
7897.8877
2096.6013
0.0
0.0
1804.612
0.0
0.0
669.79333
8927.644
5689.4473
2602.6516
2011.7085
914.945
314.27237
0.0
1596.0676
8571.623
164.69034
0.0
0.0
0.0
0.0
37793.22
0.0
558.5906
1682.5042
0.0
5668.7905
11289.461
2510.0688
24456.39
0.0
0.0
22.53962
2082.9941
0.0
0.0
2289.63
1460.594
1017.45154
8673.193
7123.2456
14216.998
1262.9156
1418.7722
125.88719
4657.7466
2796.7935
1822.7595
429.38638
17388.64
145.63057
2009.4824
0.0
2558.4385
3320.1392
2055.104
1205.0212
459.63208
50615.47
0.0
1456.4368
0.0
1321.5625
0.0
383.2177
0.0
0.0
3488.423
3811.2617
3384.9536
1972.1287
3391.6714
4115.5425
5463.628
768.72595
7081.1807
0.0
0.0
0.0
47771.797
13004.371
3986.3252
4283.653
3785.2227
12158.967
6901.4385
527.71216
2607.196
2124.7827
0.0
1519.9216
2071.1284
3561.1707
3002.4927
1422.2635
206.3469
440.1742
2065.5098
59.397278
5055.1123
0.0
2777.3882
0.0
291.99408
379.96918
44243.58
1709.7711
4231.741
306.68213
2947.0403
2329.746
1307.7201
1952.5276
305.84335
1880.2979
9810.891
0.0
328.49072
894.07745
0.0
2417.6267
2438.1
1744.1256
687.28674
0.0
2238.9385
3386.0518
1436.9141
616.4757
6655.916
7503.534
1645.44
310.29205
451.50983
3936.3423
4616.3223
328.39963
3070.0522
1323.1545
0.0
0.0
2862.79
2981.1477
5987.884
210.13527
0.0
10033.235
0.0
18447.346
0.0
878.9068
1328.2003
6516.147
1251.9498
0.0
1972.082
142.20917
3515.1252
0.0
0.0
0.0
4032.8906
2655.5469
0.0
0.0
2454.8003
5527.152
149.7736
0.0
1475.0049
4460.912
0.0
1762.7456
0.0
0.0
44423.367
2051.752
0.0
0.0
7371.8433
234.86542
4952.413
105.0117
416.46234
1720.5444
0.0
0.0
3657.8848
1449.754
8762.559
0.0
9787.231
473640.34
2965.3975
3308.4878
39895.836
0.0
0.0
0.0
0.0
2689.1345
490.477
0.0
0.0
0.0
0.0
0.0
0.0
10007.032
20588.402
0.0
2685.7275
10799.371
1891.2002
867.1588
0.0
1959.4817
32.608093
1238.6788
330.42908
3991.0894
0.0
10611.125
0.0
3530.317
12647.135
4092.4912
0.0
4271.871
383.24265
0.0
3864.9238
727.9061
0.0
3569.6812
61.094166
3148.3347
21725.346
0.0
2860.1519
0.0
1313.023
8610.848
1203.959
3910.0015
421492.56
0.0
371.80502
3053.7412
17022.652
539.4021
3525.1
0.0
0.0
131.50182
0.0
0.0
0.0
0.0
2226.5735
0.0
5372.422
0.0
0.0
0.0
0.0
316.27533
3619.9268
2200.2495
7645.115
7027.1025
9703.454
7603.867
353.25732
0.0
0.0
319.41638
1855.0825
2014.5676
597.83923
0.0
0.0
2358.3894
0.0
198.5379
3125.2148
1644.0669
0.0
813.42017
2306.9475
0.0
3391.2876
0.0
94515.164
972.6389
286.29987
2163.65
0.0
1020.85767
247.95782
1689.7208
0.0
0.0
680.25964
0.0
1785.592
0.0
0.0
0.0
0.0
8680.879
2658.2812
16902.887
246.55475
6776.8604
0.0
1226.1831
4465.639
844.44824
0.0
7034.441
4118.21
650.7872
0.0
541.2886
202.52533
152.2738
1387.6577
6222.841
456.21216
334.5375
0.0
4696.5654
901.37634
14558.83
61.112606
2441.3025
194.39471
12281.607
1575.704
557.9685
2608.2292
2341.883
1643.6985
0.0
598.78345
2767.4739
3864.1775
14662.146
0.0
2186.7654
2615.6758
3121.1438
12771.392
255.40602
24483.865
467.4099
11317.397
33654.703
0.0
0.0
0.0
4049.6875
0.0
3288.149
2494.3022
5509.832
2954.5742
3873.041
0.0
3033.895
2562.158
4052.2832
2314.6929
0.0
3698.2937
12395.592
4385.768
3549.4126
1135.122
562.03253
0.0
19.604668
2612.9246
4261.016
1373.2928
5386.3926
69.62254
0.0
172.21701
2325.8474
3388.82
3411.5017
264.36887
0.0
9025.158
0.0
0.0
0.0
4798.506
2378.7207
4357.945
3919.269
2264.3296
1290.0828
3397.4795
0.0
2342.9346
1580.9047
786.44586
6139.133
0.0
97.44313
0.0
3569.0083
1152.6636
1931.2283
2820.0193
106.31491
2481.4888
10665.3545
899.1718
0.0
149863.56
343.76062
2320.2305
0.0
4172.2866
0.0
1397.1646
0.0
2559.259
0.0
2775.5903
1798.7192
1079.0658
1533.8561
9067.681
3307.5623
215.1516
5484.207
226.0805
0.0
4009.4097
440.9441
0.0
995.0498
12717.09
572.4898
0.0
0.0
3675.8096
10299.136
0.0
678.18066
0.0
0.0
0.0
788.3519
3798.5457
932.254
2695.7898
0.0
476.2469
4877.6113
92.49347
38237.977
244.71631
80381.25
1007.94775
31972.377
24074.514
9260.702
3178.2937
0.0
2968.4956
1745.9761
2911.7366
1977.7234
3568.8682
0.0
6197.796
23072.92
7059.7764
0.0
3609.9644
7653.3022
23170.475
292.13513
0.0
0.0
2037.4698
2155.3215
3443.875
20.948528
0.0
551.91486
4366.8555
140.8193
11438.629
0.0
2308.5503
94733.375
6794.6055
1221.1538
930.80896
7240.5083
2622.3535
4975.2495
2209.759
0.0
10091.019
0.0
0.0
1277.9144
5059.3726
818.02966
0.0
4620.248
3231.0962
3244.5376
35834.6
2600.088
106.417595
0.0
5113.1396
957.3863
394.83008
17621.828
13460.206
242.89462
486.03766
0.0
7227.737
4782.255
2818.3833
1.2448807
143.9287
8849.629
4354.7812
0.0
1300.2286
0.0
0.0
61978.016
0.0
0.0
0.0
7654.1035
3459.692
2475.2478
4197.975
0.0
0.0
0.0
249.23315
1655.8843
2914.9028
0.0
13851.072
7267.6787
4391.0337
11571.502
1545.8918
0.0
1546.7611
0.0
4196.047
8729.16
649.63324
3882.8354
1749.4895
0.0
0.0
7649.6846
0.0
4362.9585
1796.0856
3866.982
2035.284
0.0
1773.6155
1858.2789
0.0
0.0
14146.396
3430.6814
1086.3066
0.0
1523.0388
0.0
4523.3555
695.70856
937.35986
3130.9956
2676.6123
5256.3926
0.0
1157.7783
1342.6913
2928.1658
0.0
2626.6274
2190.4102
3272.7651
2893.0657
0.0
1098.1608
2891.0945
2799.3545
0.0
11129.387
30157.64
1390.279
6218.663
0.0
1628.5767
1202.8687
324.15918
46961.55
3751.1313
484.5415
493.52386
0.0
0.0
0.0
0.0
0.0
2203.9106
13458.422
0.0
1353.5681
40.341564
584.3506
152.97694
18477.697
0.0
76582.14
3409.124
0.0
1476.9545
1920.413
7837.869
1585.5343
0.0
0.0
5512.2607
1633.8142
734.5332
2895.773
43794.86
0.0
867.18884
39778.418
922.97534
2363.1187
2360.082
0.0
25657.906
1359.8827
4110.055
188.5932
4004.0498
39.358196
2995.794
0.0
547.2006
7148.7734
0.0
0.0
8267.232
8941.988
161.75441
6491.099
1402.6997
0.0
469.34042
1342.991
4275.3667
2326.5881
13715.973
1904.2932
391.56625
2738.249
0.0
1297.8069
899.47186
0.0
11156.876
0.0
0.0
0.0
0.0
0.0
5892.0747
0.0
99.09645
5115.0215
141.82552
0.0
1072.4662
285.2904
2434.7722
0.0
125.09062
27668.188
9732.88
0.0
0.0
2234.8843
2895.6367
905.2881
3438.266
114.48709
1687.0505
0.0
4760.9067
0.0
1748.469
6749.3867
0.0
0.0
4092.1763
1393.1803
6977.385
1235.6455
313.12122
713.7129
258.77856
0.0
0.0
0.0
0.0
0.0
40694.62
0.0
628316.4
1349.3108
5756.581
0.0
2582.8594
1084.2369
72.76164
419.29053
63947.15
636.52026
3338.956
5232.145
0.0
0.0
5482.624
6450.631
810.7185
8509.993
8934.428
0.0
848.9736
0.0
0.0
8168.997
0.0
0.0
2165.7734
0.0
68432.28
0.0
2185.5542
5451.143
3063.2102
3432.1438
822.47986
5260.8076
6920.941
17317.732
234.73224
3451.351
1924.1825
0.0
0.0
0.0
1945.6704
0.0
5646.3486
161.72711
1266.1841
1193.498
5833.4854
0.0
4180.581
1355.5378
468.95972
568.20483
1487.5867
27778.418
0.0
2813.438
0.0
3942.0693
180.26968
0.0
18440.412
1493.329
0.0
0.0
0.0
193.79077
3854.793
47.6262
4499.372
62190.246
0.0
3444.771
2037.8992
0.0
5958.172
0.0
0.0
4377.5454
844.9168
0.0
3263.1196
3548.5503
0.0
420.9881
0.0
1954.5852
4647.9414
0.0
3155.1665
4755.0254
3358.2085
3563.0376
5335.6387
654.24744
0.0
330.26547
2292.994
0.0
