1407.6576
33.572235
356.54596
0.0
608.7135
9557.61
2045.032
5610.6216
0.0
2511.5945
0.0
1473.3895
6961.6147
2151.3076
0.0
0.0
1867.6786
0.0
1742.6013
10265.668
6538.14
2844.0752
7335.681
3003.9294
0.0
1563.128
0.0
1127.8685
3162.7676
3751.1943
8859.327
2599.0974
0.0
1714.9788
0.0
2359.6572
309.9293
8343.701
262647.62
16157.968
0.0
1438.6182
1527.8771
6286.898
5020.825
974.4394
0.0
0.0
0.0
4124.3574
13625.404
0.0
0.0
1810.4341
1001.01746
3585.1067
6371.8945
0.0
11130.83
1539.0339
31467.885
0.0
0.0
0.0
5575.3936
0.0
11720.23
8112.111
2786.8477
0.0
6876.5293
1881.0447
1772.0709
70319.125
0.0
2305.4707
6063.9155
2568.266
4100.564
4495.0093
856.2187
6442.1797
6675.864
630.9133
13871.321
0.0
1712.8027
12150.749
947.1244
1243.1194
3296.496
25588.281
40097.457
0.0
0.0
14907.984
0.0
1081.7911
1523.2317
1178.3945
5399.052
6032.0547
15368.469
1591.0665
2333.081
0.0
4565.4355
3614.5518
628.0083
11483.775
0.0
772.14246
0.0
5513.1353
7184.871
674.64575
5655.4727
28880.129
0.0
0.0
11337.194
0.0
66854.914
318.17938
3373.7173
0.0
0.0
24027.492
1489.6157
0.0
4661.691
951.5001
0.0
1336.4995
11474.011
0.0
3917.3418
8841.309
0.0
0.0
6551.3325
6179.775
39155.586
20981.318
0.0
8664.888
0.0
7204.002
0.0
5047.821
4386.3027
3573.1575
1460.8591
0.0
26409.895
7615.2676
784.5176
0.0
0.0
0.0
1616.3872
0.0
1896.7363
3719.9375
0.0
5209.0176
9709.836
2628.5837
0.0
8879.023
34770.3
0.0
4877.8057
0.0
5374.034
27496.04
243.75082
2300.0234
2971.6416
14751.473
0.0
0.0
37171.664
0.0
559.6116
1888.4857
1710.7449
0.0
5630.5557
0.0
27061.096
5371.283
2273.5974
7389.879
12846.092
21139.371
5419.9136
6718.71
8429.201
5370.1113
2888.242
0.0
0.0
11405.158
0.0
0.0
8628.057
0.0
1487.1477
0.0
2237.117
12333.654
7164.032
0.0
137.57494
0.0
0.0
0.0
1526.7169
0.0
0.0
1556.0581
0.0
3625.9756
12041.826
1446.9144
11280.887
3113.7957
12510.731
28121.441
0.0
5800.9795
82.18977
98166.21
3228.5327
12773.817
0.0
7020.6045
8624.186
0.0
2862.0435
7321.5054
0.0
2584.6638
179.0253
8719.08
0.0
2619.3135
2758.7268
0.0
0.0
8879.021
2290.0178
17424.46
3897.416
0.0
136.81369
13325.121
0.0
1581.0781
1061.2041
0.0
9482.0
0.0
0.0
354.351
2472.0942
864.2046
0.0
7049.823
0.0
600.1274
12657.802
0.0
3868.2903
0.0
2030.5287
8531.927
8015.6494
11337.67
607.53
474.21887
5698.922
0.0
652.74023
1210.2512
0.0
1156.5511
16754.854
29564.441
3260.3406
23079.924
0.0
2530.9485
545.11426
0.0
0.0
4645.777
0.0
11895.508
7969.601
1239.868
2616.1738
13393.776
0.0
1631.9958
25276.895
3253.711
3909.3582
0.0
0.0
0.0
0.0
3043.0483
2399.0518
16165.773
17638.705
26589.176
2407.004
0.0
3050.0183
453.4554
2164.6753
1441.347
2875.1824
1706.8533
1225.2905
5062.3394
1523.8121
0.0
3142.4326
0.0
325.0549
1727.168
0.0
3931.2373
15518.979
49884.46
5369.392
26994.701
921.5539
2987.7134
9344.234
1207.9858
3544.8916
827.75684
9803.156
37024.883
0.0
1312.3428
2028.3467
409.95193
5371.8315
0.0
1052.482
1545.593
823.9362
4665.936
15591.19
1222.8231
4546.128
0.0
0.0
193.41681
456.01462
5357.409
0.0
249.35486
10482.706
0.0
2531.1318
0.0
20607.555
760.7516
10414.836
1348.5701
4298.6953
641.58405
0.0
0.0
0.0
0.0
0.0
720.2766
12860.61
1642.9905
16193.764
0.0
40056.36
0.0
1237.8726
0.0
1290.3892
0.0
8498.926
5745.725
4495.01
0.0
3627.94
817.5947
0.0
782.6489
0.0
0.0
11349.99
1138.242
0.0
17795.98
3033.129
11968.913
0.0
2715.8506
15461.622
7834.1323
626.4144
17548.934
0.0
2036.3765
11773.821
2655.5806
657.24915
5346.102
2353.1558
0.0
0.0
8414.0
1264.3765
1993.9575
9928.545
849.96643
0.0
4228.2764
2105.8833
3096.3013
1568.1012
0.0
0.0
7514.6367
3603.039
0.0
0.0
0.0
0.0
2742.6
1049.8289
1052.2235
4092.4048
0.0
5403.1953
2934.786
2015.7681
8457.907
5729.935
2830.8157
298.46036
0.0
12506.912
8233.742
25200.506
1426.4552
330.339
0.0
21765.717
681.09595
3028.38
0.0
2905.6262
9024.686
0.0
2844.7705
1199.1526
2610.2668
4089.1533
785.20337
5096.484
2622.097
951.26074
246.34006
4957.245
1655.4313
0.0
0.0
0.0
1440.7422
603.9511
2392.817
1917.0022
0.0
9374.121
0.0
8596.35
3141.1646
3464.7983
275.61044
6820.3184
10901.316
0.0
6292.903
0.0
1104.4834
16867.959
957.4005
4909.8726
5034.9775
9735.398
1800.4097
0.0
5166.4746
3099.5403
6299.0454
0.0
37142.562
93441.64
11839.961
2956.337
2930.7231
3817.4336
47410.05
0.0
0.0
2031.5574
2446.928
1200.0353
0.0
6624.033
0.0
5289.999
484.04007
898.39465
4621.501
3424.0786
55367.39
0.0
0.0
0.0
7704.828
11686.442
4848.427
0.0
2601.2915
0.0
0.0
4090.024
0.0
194.39868
0.0
8291.38
21203.316
3224.3545
1270.9043
0.0
15178.127
0.0
373.54877
6639.8984
0.0
19985.324
6106.159
4168.9673
2667.423
22151.426
0.0
2791.7778
5829.872
1147.9633
0.0
2598.9717
3572.854
2501.0474
14908.783
0.0
842.21594
1203.3882
2327.5786
29207.773
5826.775
28471.04
4501.116
3902.4202
6162.8643
0.0
4215.4375
0.0
0.0
5306.834
2483.6057
48039.387
2388.2175
4382.5674
2387.1912
5072.258
543.33765
54308.45
7516.079
640.3303
11899.273
4157.3716
12205.24
0.0
0.0
0.0
207.6876
0.0
3725.8774
0.0
0.0
864.77893
1619.8053
316.39905
933.236
143.84415
1791.4929
14627.345
512.80615
0.0
6597.6426
4497.5513
6854.6465
1578.6089
0.0
0.0
19951.66
3561.6733
1537.9045
0.0
13002.036
10594.431
0.0
1047.8943
0.0
2372.6396
0.0
31272.977
18513.95
2766.7637
52.890244
465.74976
919.0449
2621.233
0.0
0.0
3792.5083
14561.954
3907.5679
6388.5815
0.0
0.0
13606.662
1057.1488
4213.556
1350.5088
720.21625
0.0
0.0
1309.0441
23253.535
0.0
5233.2646
0.0
13563.286
1987.8076
5690.5205
41038.9
6561.814
4261.1836
0.0
3911.5974
18681.88
4085.8438
0.0
0.0
3557.3672
0.0
6762.8325
6929.078
635.2372
2752.1753
0.0
593.78906
20775.773
42993.547
0.0
7718.8105
729.1416
1176.6932
9766.742
8395.184
7503.1543
0.0
120052.75
3772.9048
0.0
2435.841
0.0
8008.6987
665.3067
0.0
7490.7407
166.42734
2930.561
17316.059
13348.028
99.70112
5010.1772
1672.0222
4659.9907
10509.549
4647.4556
562.83826
245.46915
7961.7163
5267.414
0.0
21548.479
0.0
2417.299
9021.595
3652.238
6647.4653
0.0
0.0
282.95306
5305.006
0.0
331.61978
0.0
0.0
4721.3174
10752.833
5955.2544
4279.115
0.0
6562.0737
71.77617
4891.6514
10479.209
1557.1919
1183.2634
10699.781
3626.7761
7696.285
1721.8743
0.0
0.0
17073.416
0.0
0.0
0.0
4703.453
3434.367
0.0
6838.7236
3664.931
0.0
2243.4055
463.8408
14740.996
3686.4272
10459.009
2460.1921
0.0
1897.3019
16971.277
0.0
10911.27
2363.453
0.0
526.92773
3758.696
0.0
4764.572
7125.433
0.0
18630.117
573152.8
1783.0956
23854.707
5222.358
42637.89
0.0
2362.6108
6700.628
0.0
8739.156
2483.771
1981.7355
9601.495
0.0
8953.406
3135.071
1454.5298
13010.633
2771.9365
2800.2288
2228.2104
15461.699
4959.1
3074.4983
9398.849
13666.975
0.0
10328.4375
2530.4995
11105.285
2813.1338
0.0
37093.984
0.0
7375.1465
19092.684
17787.535
0.0
2097.6143
19.717377
5766.1523
4776.17
3444.7998
0.0
753.2845
4250.1357
4187.4155
16931.434
2729.9368
3290.0493
0.0
0.0
10175.088
4748.282
1016.928
0.0
9594.655
2360.2646
5313.54
2274.2822
17190.326
0.0
13965.938
1365.5757
1122.7776
0.0
1210.9624
6180.863
0.0
0.0
362.16525
6661.4727
3528.0417
8106.282
6625.9287
1350.3417
0.0
6871.6064
15537.969
1351.2267
681.1715
0.0
9717.152
2442.27
29510.62
0.0
7119.7603
0.0
82622.58
2415.3784
1944.3014
117.34766
1371.0024
0.0
2640.1777
3073.8457
10790.712
735.2174
478.0583
3191.2195
4005.502
5832.224
3494.6943
4698.674
0.0
7082.3906
4023.8171
558.38495
4707.115
10947.045
25523.24
774.8456
1490.4789
0.0
2094.1587
2963.8672
11503.654
28996.307
0.0
14888.718
1558.698
0.0
0.0
0.0
2981.6733
3771.597
1501.2146
851.70294
8844.691
0.0
17114.455
0.0
6613.165
9882.106
0.0
0.0
0.0
7796.9893
4144.985
1219.011
4421.039
5860.5674
8306.393
7837.4375
3058.528
29198.742
1576.4397
0.0
4204.184
2436.9158
1699.374
2679.62
0.0
3221.1506
983.71875
1753.313
22456.064
0.0
10668.284
75639.81
0.0
0.0
14849.697
4829.203
4061.7363
2308.8896
0.0
16594.508
11092.029
4010.8237
9041.74
0.0
18080.482
18276.014
0.0
0.0
0.0
10414.18
0.0
13263.379
821.05133
1531.5238
519.9336
6213.023
3576.859
4963.683
2131.6687
24867.201
2553.679
16651.242
0.0
3091.8557
8991.521
1395.3396
2887.1558
3736.7954
5236.806
14245.076
2095.6099
344.01364
1656.9106
10638.179
2239.6274
3003.649
11261.865
3534.579
0.0
2953.0027
0.0
1346.0673
8392.437
0.0
1963.3752
918.4595
18877.256
4698.5957
4466.8677
0.0
0.0
330.71716
3436.5203
12553.77
14515.28
186.71716
138.87717
11520.327
45957.35
5450.6187
6101.5044
11477.48
0.0
0.0
894.8093
0.0
0.0
0.0
1546.4645
0.0
0.0
1690.4363
2973.7488
2151.4556
24110.773
2382.0784
2076.274
4500.256
11872.982
10784.664
9491.483
305.70215
0.0
0.0
826.1434
3048.8171
7290.6484
0.0
3634.6946
0.0
2377.2632
52076.754
3870.163
0.0
10125.5625
0.0
12299.822
0.0
3796.8726
2678.2488
123569.0
320.5699
29462.906
0.0
503.63757
1102.8401
2419.1313
0.0
19556.672
488.72147
6776.746
2953.742
16536.615
20693.44
0.0
8274.114
3533.1404
11404.666
523.85864
1024.2623
0.0
0.0
0.0
0.0
5317.497
923.01105
1529.4152
4881.3857
20240.523
38208.605
0.0
5596.746
3519.53
0.0
21082.629
331.021
891.4756
582.09686
0.0
2744.6753
0.0
557.64185
8583.378
0.0
801.4542
5390.6816
0.0
4845.8413
690.5221
201.59872
0.0
8089.3154
780.17505
3996.7524
0.0
0.0
0.0
2864.883
0.0
1397.328
0.0
4754.333
2803.0186
4910.3047
1667.8635
3794.0771
11402.158
0.0
1164.09
16430.422
3953.001
11463.588
4874.388
0.0
3565.9517
18994.28
8949.1455
0.0
570.8427
8247.99
0.0
0.0
5552.681
2929.9663
2199.0
0.0
0.0
10192.078
5701.357
54161.496
1072.3997
0.0
5298.082
4408.5703
24155.957
34712.656
3467.64
1724.85
5288.325
676.4549
73427.34
1470.0159
12399.793
0.0
0.0
413.38428
0.0
1139.1973
38046.918
0.0
2960.392
9431.379
4691.6055
4023.0515
12676.312
4564.7197
1160.4938
8302.203
12.438865
0.0
4194.0654
18604.143
3119.8882
0.0
916.66974
35277.668
6466.1387
3486.2034
224.38893
7409.266
6371.205
1238.6254
2177.6067
1308.3916
0.0
28554.523
21228.867
6858.554
5997.002
0.0
0.0
0.0
61.59615
12843.014
0.0
9158.238
4436.7383
0.0
14580.932
0.0
8633.319
866.27045
4849.7583
0.0
10408.531
13180.156
2373.5356
0.0
0.0
1604.3499
3924.644
21017.486
7632.8765
3546.526
0.0
1896.3743
2559.4397
19706.355
2598.1152
8030.347
4448.9033
723.4668
12456.195
0.0
2107.4663
17817.684
6595.0923
18412.57
8087.07
2076.6062
2430.396
0.0
2769.767
6539.085
3697.164
0.0
0.0
9696.361
13115.768
1616.6746
0.0
4621.4375
14668.672
19870.744
1162.4121
7779.8604
91.83105
8689.753
97102.125
0.0
10000.64
542.33136
6709.592
0.0
706.08765
4526.413
8363.541
17666.889
1053.7397
1747.44
6893.9517
1498.0024
0.0
24548.566
5343.884
492.8346
0.0
526.1065
25344.865
0.0
2698.2468
247.68607
2912.4678
3651.1128
0.0
3501.3599
18636.473
1980.3762
3181.9692
3415.6382
379.39767
373.89523
0.0
0.0
1062.5607
3202.194
1832.0491
25762.355
218.22282
1167.4663
1980.7667
59829.945
15263.246
3679.4507
3448.8364
1409.9033
8281.548
761.8894
0.0
205.04784
19348.479
1842.8647
34610.953
9963.413
0.0
347584.5
3820.7222
1280.4067
0.0
2378.5576
1920.03
22712.402
0.0
818.3965
6893.0566
0.0
3638.3801
1124.1741
6875.02
0.0
2019.9951
0.0
3213.9668
10771.901
24452.473
31834.3
0.0
4487.043
15394.371
0.0
0.0
8797.398
1796.0939
830.1955
2559.9556
318.7229
7603.7324
8637.577
15292.384
0.0
4422.8716
0.0
31288.805
35286.715
963.04016
57402.76
0.0
633.9236
33854.133
0.0
1246.5137
549.5057
2316.0842
29711.46
7068.129
0.0
3630.5625
14293.567
0.0
0.0
3782.5137
13140.296
2581.8464
3422.654
1048.5256
11388.649
394.54102
0.0
1836.9419
0.0
4530.0396
3195.8135
4843.6714
3525.6555
0.0
2516.206
8045.6836
0.0
0.0
4479.776
36111.527
6792.953
5885.263
1326.9072
16673.885
5866.049
1468.842
4129.2065
4702.338
0.0
1012.9663
10175.688
1991.6259
2077.5874
0.0
0.0
677.7734
10768.674
0.0
12233.101
18126.21
0.0
2099.9841
1034.543
0.0
0.0
0.0
7564.0415
0.0
0.0
0.0
0.0
3390.1099
0.0
0.0
0.0
0.0
2464.399
1238.4602
3849.01
1709.7759
8603.376
15447.098
1591.3785
2463.371
1288.4889
3294.0156
0.0
3437.3271
5879.6978
741.2375
1225.7314
2144.9004
23130.117
0.0
6278.681
622.0842
2483.576
13944.715
0.0
3727.5417
0.0
1224.771
0.0
0.0
8851.213
66016.875
0.0
4410.399
30267.84
0.0
4153.6836
0.0
0.0
895.8512
8332.164
5253.9233
5891.092
3020.8208
1722.4407
0.0
0.0
33891.312
6290.9473
6901.8896
4557.706
144.32622
0.0
0.0
25.166527
7943.951
1298.0582
8838.19
23572.738
615.28394
532.34015
0.0
13804.503
0.0
0.0
715.8287
180.90372
1044.3383
1415.8673
0.0
0.0
147389.86
3861.1501
13.637463
4310.753
3099.3408
4791.0303
469.33112
23868.676
0.0
0.0
525.13715
5687.7446
7229.8105
5433.91
6420.401
2228.84
3409.5356
1053.4341
3202.246
0.0
6759.0293
0.0
14091.934
2107.3252
296.32098
1849.0002
6265.061
8808.183
2492.088
0.0
8075.4404
1028.9576
7368.3066
146497.17
7891.5635
87.442894
3763.0596
6203.922
14162.211
4439.088
1039.446
0.0
48611.105
6645.221
4156.432
0.0
1046.005
4536.502
52577.117
3123.29
6221.7437
3013.6992
0.0
2663.6868
1771.7565
3889.6724
6935.4487
5654.375
2055.076
249.31871
0.0
1519.6451
4791.5815
9744.109
5592.9067
1317.6628
1121.0112
0.0
0.0
2471.4004
4420.4644
10583.727
1786.5134
2518.743
204.45312
1478.2004
3456.2954
0.0
1111.6523
0.0
2090.5078
1320.7861
9961.554
4758.89
0.0
2692.196
0.0
11995.715
0.0
1854.883
511.50613
1033.0071
111588.91
8582.867
15796.611
29006.043
0.0
0.0
0.0
4875.4214
0.0
113.4163
6431.4395
241.83076
0.0
1354.1812
0.0
2805.648
7855.264
0.0
12556.204
0.0
11431.42
893.73444
25277.668
2096.5269
727.79205
4473.8696
267.99344
1857.9019
509.38336
13602.927
1642.1624
0.0
0.0
10577.556
0.0
6432.6294
2989.8977
6755.6006
9877.088
1034.2424
0.0
0.0
0.0
8436.989
0.0
0.0
2389.5312
7246.733
8280.27
6584.124
0.0
13966.361
0.0
6512.545
504.64062
0.0
25780.84
48223.844
16957.336
11860.805
1367.0342
8268.631
0.0
1458.5636
2472.4463
33322.03
19831.543
0.0
6486.9253
0.0
2139.1304
9297.296
1254.6075
7013.619
4394.585
383.60358
3002.9722
5340.418
0.0
5302.8496
2367.7417
10108.948
618.00543
0.0
3204.899
11860.229
4285.336
1226.7124
19506.15
3306.4805
5875.8438
7087.9175
8123.692
509.12738
1660.6924
14718.705
0.0
771.29663
3755.9329
3795.6455
808.9977
17138.91
7929.272
0.0
24065.16
0.0
0.0
0.0
0.0
4260.5015
0.0
2576.6194
4528.286
867.1105
0.0
1250.6624
8312.058
4358.0723
3395.4712
33301.77
0.0
0.0
0.0
2565.856
6512.5176
4684.4272
0.0
10555.803
0.0
2918.9487
0.0
0.0
2649.336
11768.654
0.0
2528.296
6675.3447
697.5604
0.0
0.0
0.0
0.0
0.0
0.0
3767.7998
0.0
796.0412
1300.1382
0.0
0.0
1552.4573
0.0
379.6577
811.2288
3202.683
1011.14075
4063.7654
218.2496
1239.7131
399.5588
3592.8628
1212.5135
12694.215
0.0
663.9689
0.0
4398.326
43469.977
0.0
243.80154
1517.8851
45694.48
0.0
434.48694
752.83105
0.0
975.9866
6459.471
0.0
3933.1143
3184.602
21181.117
9938.872
2494.9375
0.0
33061.07
0.0
6637.716
7273.251
3781.4412
7740.4546
3802.2227
0.0
0.0
2209.3171
0.0
1128.2826
0.0
986.3158
6281.245
1880.1083
15017.759
15192.777
3444.708
0.0
2530.991
3843.3804
0.0
6818.257
10139.805
0.0
2435.0117
53971.277
2049.215
3970.079
3116.173
6034.2783
25107.201
2132.4028
0.0
2920.0085
2946.4043
4052.816
21338.85
0.0
0.0
1721.6277
561.1492
5907.108
217.62112
6572.8105
802.58673
4975.8076
822.03406
9152.136
6788.8696
7260.336
0.0
0.0
3885.0005
0.0
3629.4
4162.663
1651.1602
0.0
2090.542
42800.707
1063.8505
1821.8308
0.0
0.0
0.0
0.0
43114.324
11413.227
120958.81
0.0
0.0
0.0
1619.5828
3273.9238
340.38135
5237.3643
4446.6113
13727.224
16735.992
988.86755
1106.9646
4564.023
4886.106
1039.8568
0.0
4650.006
1952.8755
6138.0435
3166.7852
0.0
0.0
0.0
1932.1567
0.0
3288.1711
0.0
0.0
0.0
218.00204
2661.7817
12873.767
6001.3145
378.58673
747.8334
291.20203
0.0
0.0
1362.0928
2416.6035
1478.43
1600.862
0.0
0.0
0.0
0.0
16192.238
4218.9214
0.0
16891.074
850.6289
1551.852
0.0
2440.119
0.0
11955.514
0.0
0.0
0.0
24645.01
0.0
5451.539
0.0
0.0
3129.7583
0.0
1171.7207
2274.618
1742.9023
153.51749
2100.6863
0.0
0.0
9081.306
16860.516
0.0
676.30145
7426.504
1269.0474
0.0
125.179565
8478.529
10567.522
3274.699
1197.6569
2950.668
7824.801
6928.018
2599.923
15946.256
169026.64
0.0
1873.5071
3160.9265
6673.9478
0.0
1799.1704
3075.466
3689.081
2082.0757
1222.2834
0.0
14616.947
0.0
6064.1934
5722.5225
3436.6216
2425.2095
0.0
1214.6704
7373.99
0.0
122634.445
11979.953
7002.8633
0.0
4819.3145
7090.569
0.0
24029.508
2345.164
1997.6932
4958.868
582.5081
4372.7905
0.0
5680.116
0.0
278.81973
3945.567
0.0
0.0
0.0
0.0
2288.378
0.0
6579.316
1828.6687
276.56064
3461.4272
20209.473
7133.374
10982.502
7596.5933
4040.2427
19631.568
945.9696
4531.747
3469.847
0.0
499.88394
1232.1377
0.0
7440.8164
17801.807
8074.547
0.0
0.0
0.0
7770.3696
0.0
7579.2744
5179.701
0.0
5910.325
24237.26
12535.465
2794.9595
5224.712
2464.2212
2535.6743
8303.354
684.19696
10270.883
9299.719
1225.9607
1587.3872
12608.994
0.0
0.0
16745.13
10766.858
1699.8424
0.0
6006.664
0.0
0.0
182.92592
1148.2622
0.0
975.3567
400.9132
1739.794
0.0
1280.3966
188.68988
5045.6104
209.23792
0.0
8565.042
0.0
0.0
5158.869
1727.1936
6381.092
1988.5388
0.0
0.0
5679.4033
15508.526
22624.621
12891.768
1065.1577
1577.9999
0.0
2415.728
14466.466
4678.38
0.0
4234.6016
611.2942
46.948326
4120.1895
5362.807
13611.793
11589.187
0.0
0.0
397.31848
0.0
623.86005
4640.849
0.0
0.0
4531.919
2720.9458
7121.325
1012.0309
0.0
0.0
0.0
1142.1594
7008.966
0.0
0.0
1656.4153
18287.207
0.0
1786.7676
966.76636
8230.048
0.0
4393.222
4941.831
0.0
2557.1738
1153.9294
0.0
1552.282
2026.6998
0.0
1427.8448
25079.059
0.0
0.0
2615.2314
2943.8262
10515.684
372.60834
0.0
57609.527
6641.7734
4428.92
0.0
5776.7383
0.0
24008.332
23333.166
0.0
2955.864
0.0
9083.523
0.0
0.0
0.0
21481.047
3299.3005
629.8775
0.0
2229.2732
1217.0571
0.0
4837.066
0.0
123.67417
1122.1372
3398.403
0.0
19396.434
6298.4175
5012.3203
2997.363
13051.652
672.0453
8332.33
60944.72
0.0
0.0
3779.6565
2225.874
0.0
2247.958
217853.73
3925.871
0.0
0.0
4188.549
6092.243
836.0116
22216.578
5820.042
3615.0027
3263.0156
0.0
0.0
1924.623
3017.6997
18605.576
0.0
7558.4326
0.0
4166.467
1123.5728
639384.0
2061.34
845.2588
0.0
0.0
0.0
18701.113
19689.367
19075.148
137.56479
609.85657
1875.7437
10266.495
9048.021
12885.842
12099.977
0.0
485.5677
0.0
12783.539
20271.756
1704.5344
12871.861
9152.867
2017.1135
3242.7798
0.0
0.0
1094.9443
1745.8143
144.68335
3343.678
0.0
7831.7393
6113.874
1919.5046
12506.846
0.0
9500.001
0.0
2886.2266
0.0
0.0
946.5254
3369.7478
817.6591
0.0
15944.865
1350.509
4957.172
17490.543
0.0
9499.025
834.0878
4872.91
2138.7173
1075.2764
0.0
27656.055
1966.6079
7229.339
8770.512
0.0
1477.7474
2551.59
18433.725
3830.4097
2933.9883
0.0
8529.986
1125.223
6300.741
0.0
3404.833
37358.055
1120.622
2520.3645
6385.2056
4533.8003
0.0
8586.396
9459.24
0.0
387.2963
269.0567
0.0
4587.7236
499.84906
18932.344
28.668686
0.0
4704.606
0.0
1043.1268
9986.254
10564.57
11213.153
0.0
12830.585
0.0
253.92464
4458.9336
0.0
3759.689
0.0
1179.6741
0.0
411.62897
47.130745
0.0
2195.9192
0.0
4381.214
0.0
17092.945
3862.312
10619.283
436.4855
0.0
2049.914
415.41754
3480.3953
58697.203
3493.3423
15848.584
1117.6853
790.4021
1939.8835
9093.646
693.9711
549.8566
2516.6392
23331.992
0.0
341.85956
4192.2275
2644.0044
8469.601
502.624
784.65375
117.705
732.67
768.13696
4625.423
4598.377
12413.274
6707.4414
1907.1917
3610.879
0.0
0.0
5970.51
5201.057
5219.6035
339.1217
6808.9014
7483.7217
789.2307
1554.4918
2319.5693
42682.36
6016.2583
5971.4883
670.0119
1720.5397
1198.7014
0.0
0.0
4974.0435
0.0
7773.0454
7818.252
6820.044
2357.0532
0.0
0.0
3706.0857
0.0
1011.1908
3116.2437
4748.9863
0.0
3134.8447
9995.772
7437.9395
1518.4833
419.81677
10786.402
1581.9634
13832.964
2622.3672
1460.687
0.0
14658.165
0.0
0.0
7282.504
6217.3325
7631.4663
3887.055
12403.673
6489.216
0.0
0.0
0.0
4305.833
0.0
0.0
52783.977
0.0
9859.5625
0.0
66146.91
2573.9812
10995.008
3561.4292
12500.072
5109.5015
6533.988
7395.9966
11893.125
1999.0879
3052.3662
2778.233
35848.707
10258.98
5078.823
314.41962
9154.192
5275.6
0.0
21905.066
15554.842
1560.3843
6638.872
0.0
0.0
14522.014
173.20671
2364.0894
3779.033
304.098
4904.2466
2112.376
0.0
18439.57
0.0
3120.767
1062.8123
0.0
10686.234
0.0
4193.5625
0.0
4355.577
0.0
42090.1
2239.2788
0.0
7712.197
9220.125
15891.824
51625.14
18157.082
0.0
1178.7018
9941.151
9406.418
12958.918
0.0
12569.089
17342.852
6410.6143
17061.867
3366.2231
40660.93
0.0
5015.2
13234.706
1470.0626
10925.41
4983.212
5732.7695
56200.082
0.0
2430.586
1788.0206
715.0958
9479.568
3190.0012
1523.355
5361.2534
1948.3987
34006.805
1836.1278
826.83075
0.0
207.1998
3190.9426
3474.62
13409.609
3328.3953
755.4872
0.0
1429.2396
0.0
16862.672
0.0
0.0
0.0
1626.4196
3695.4883
0.0
2126.7583
2916.0828
5216.164
11199.041
0.0
4581.434
1923.0361
4735.805
2567.5205
8150.3306
1479.5835
3558.441
0.0
5477.2197
4327.9043
2534.4211
4183.7197
8001.53
3030.793
0.0
1913.5079
5238.2905
0.0
37597.6
2357.5916
17965.475
5105.868
8284.35
0.0
671.8492
0.0
867.4433
0.0
2813.6968
2190.947
158.5464
130484.2
2373.7292
14172.986
1386.6488
10422.842
0.0
2020.7009
3656.0195
0.0
4990.5605
20565.287
0.0
4960.5
2523.5837
4115.157
6825.883
5368.158
3497.121
11100.859
142261.55
5187.6626
2493.8074
939.3679
2453.001
3193.5876
0.0
0.0
1069.5448
5547.3735
1298.9613
3225.01
0.0
2833.3977
0.0
17853.031
8176.839
660.36017
31875.535
4345.319
2589.5637
0.0
8576.724
4789.536
2959.8926
2087.2935
11424.631
754.67456
101.10329
9584.976
3428.7915
2468.8206
4287.0
0.0
0.0
4517.742
7626.964
1054.6923
11542.344
422.51184
0.0
0.0
484.73804
2759.692
4566.091
5089.12
0.0
1834.4786
2410.0437
12371.126
0.0
16404.059
0.0
2030.6267
1588.4307
1615.2809
2494.258
1391.6906
770.30945
864.36145
0.0
1845.8896
2424.3
505.15198
7858.4136
1298.4434
2625.8848
3553.0352
10382.346
1982.3245
1109.0598
5322.474
0.0
7718.55
4204.0386
2275.039
6621.127
2250.4736
7028.488
479.66342
0.0
8648.119
9803.6045
10957.252
6167.3613
853.5712
0.0
4436.901
0.0
0.0
1334.9154
6437.1504
0.0
0.0
1739.6038
458.76785
3253.224
6353.4937
1609.9677
10412.656
7044.3457
10725.891
1287.3707
4628.657
10081.765
8142.409
0.0
3788.1558
0.0
360.4743
0.0
1938.3323
0.0
2199.605
0.0
0.0
1376.4258
179.789
5216.1733
4471.9077
1920.2059
4532.2637
1126.7617
1884.2083
2503.6497
30097.367
3681.2285
6300.9985
3875.724
8640.3955
0.0
3089.6157
0.0
0.0
163.68031
36551.492
0.0
0.0
1154.429
0.0
0.0
3109.227
9361.643
0.0
6549.7085
0.0
0.0
0.0
5808.823
26977.092
5579.1807
7216.8657
7924.6455
0.0
476.97507
22168.023
349.17435
2969.3723
42143.992
0.0
14023.355
630.2177
0.0
897.9724
4177.0996
2293.48
0.0
326.12204
7196.8833
9.348049
1698.4822
6523.6
2743.0605
5832.6045
8070.605
0.0
11056.951
8149.3364
9143.988
176.58383
6713.1924
30.59533
0.0
4211.251
495.8645
55456.36
3172.0266
2305.1316
494.0782
2982.6318
0.0
347.80685
22547.99
13513.667
0.0
14626.2295
2267.2764
5908.617
256.6708
2293.9976
2830.1501
6065.754
0.0
0.0
6493.9663
2353.1438
0.0
0.0
891.93756
0.0
0.0
1164.4814
7242.028
4259.1475
0.0
0.0
0.0
4238.676
9961.173
1478.9811
932.75885
997.68506
5911.18
1228.1669
6460.089
5106.1636
0.0
0.0
3596.541
0.0
4657.052
0.0
4381.4697
0.0
4508.4224
25472.535
0.0
4578.253
0.0
0.0
4077.89
13636.787
2813.84
0.0
49344.703
2392.4424
4136.142
15197.88
2030.0833
6536.1616
60874.805
771.4411
2147.3066
801.3273
0.0
0.0
0.0
1477.2742
915.0037
0.0
3445.7424
0.0
865.37524
0.0
23053.16
1822.4058
0.0
21230.283
7584.214
0.0
5617.906
0.0
0.0
5253.4155
0.0
0.0
0.0
4625.744
5866.829
2892.3835
6310.6294
0.0
4324.0215
4731.2524
1612.5647
5241.8286
1604.0247
0.0
3481.6418
802.84924
34566.387
471.83527
714.4899
3032.9324
7486.196
6462.2246
3886.8823
267.21243
1449.7819
0.0
0.0
342.64908
5482.2686
4653.06
1128.0786
2120.5024
9555.46
2628.6677
1128.4978
259.09567
2532.3162
1035.2727
24914.076
0.0
7632.215
6792.6343
362.6395
0.0
15346.893
1742.8875
2763.9639
9376.307
10312.863
0.0
357.8407
3865.3542
542.4679
0.0
0.0
1510.9084
6287.4863
0.0
11145.717
13888.375
527.2854
249.49664
5119.1377
0.0
16164.877
2667.5361
6097.3574
4384.9956
24057.535
0.0
8823.411
3494.0178
10881.91
3003.7424
196.43127
0.0
6739.7773
0.0
3394.183
0.0
374.2166
0.0
1760.8547
0.0
0.0
1342.9216
1649.3885
11041.34
0.0
6407.592
3918.792
0.0
4733.038
0.0
13807.995
0.0
9637.421
1474.8767
10461.6045
0.0
0.0
1521.0675
2919.1296
0.0
0.0
0.0
0.0
992.2354
3061.4758
20483.86
3082.6829
5764.489
12231.63
9735.115
24401.824
10631.804
1333.9625
6196.577
3361.588
0.0
0.0
0.0
8024.501
1806.3362
28912.602
90.69886
6286.086
0.0
79984.06
4115.743
7835.625
12900.063
9770.049
0.0
5017.75
1993.4663
12187.078
21138.54
0.0
3044.5803
8537.876
0.0
1028.0844
0.0
1690.1841
1757.4565
4284.9365
261.00467
39556.95
0.0
8745.674
1089.2646
5011.406
6546.1055
1725.2761
5588.205
13370.939
1324.7622
4365.707
0.0
0.0
0.0
6735.243
22150.88
4848.8975
0.0
7332.0254
1839.3236
319.1828
34534.047
4321.8003
5590.8623
324.96118
2881.7979
3478.6
1382.1302
7014.122
3845.1553
0.0
1077.2731
682.6692
12484.261
10867.419
32153.004
1082.9543
3050.9248
4447.075
3744.922
0.0
9311.432
7416.3594
6315.639
0.0
0.0
365.53598
256.25244
33574.35
0.0
5883.958
0.0
0.0
9777.191
295.86917
271.59833
8648.9
4200.4067
3214.6812
2560.711
9786.487
0.0
3972.9531
16894.82
0.0
0.0
2422.9517
2538.0771
8211.8
280.39938
0.0
3066.4717
2376.5598
2245.3403
0.0
1468.212
5485.124
12535.691
3910.2915
2377.7402
43807.72
2198.025
4746.707
0.0
3467.813
0.0
0.0
3970.9148
0.0
4824.408
4175.387
4210.917
2527.471
0.0
0.0
1578.2245
4429.2046
4074.8965
0.0
3534.2073
4024.2092
13504.364
138.4498
13737.153
4601.6553
1895.1162
0.0
2592.4404
2947.8801
0.0
0.0
6698.128
1758.815
0.0
0.0
0.0
8899.115
0.0
369.20926
8621.284
0.0
12646.988
2575.4338
986.17004
13076.648
1695.5236
0.0
3309.8904
0.0
18155.785
0.0
3925.2354
2748.01
0.0
673.6453
11581.975
2043.9193
4228.26
13764.952
177.49483
7922.585
12523.544
6683.0254
8149.9126
75294.3
10100.723
3414.6724
3778.6294
5629.313
0.0
4333.309
40.019665
3885.0132
3130.7246
2006.177
0.0
5516.0254
2937.7278
6548.3647
7072.3223
109.41438
7033.0957
6451.9277
3678.9502
14801.412
7465.4707
391.62238
1149.9478
2871.8828
0.0
0.0
2839.3364
13196.835
715.2122
17069.438
0.0
16096.92
5665.0205
8046.342
8900.745
3356.8953
9103.762
4926.4155
313.88477
6907.1084
0.0
0.0
0.0
0.0
542.05383
5450.8257
0.0
2298.8413
176.4112
955.57874
4061.853
1743.5686
5292.383
0.0
2973.812
3850.021
232.86354
6420.998
6903.0366
8849.795
0.0
3421.9448
600.97
0.0
7283.1333
20080.98
1341.956
452943.9
1433.598
705.4381
0.0
513.4142
1898.8137
4348.522
0.0
9739.005
2772.6167
2378.7893
3386.4656
2871.9905
0.0
1350.7089
500.71002
2237.4778
2035.6924
700.9452
13799.514
476.9108
3484.9421
432.8498
4371.6133
475.27878
0.0
0.0
8779.8955
190.61153
7414.823
0.0
894.85583
855.8766
2041.7837
8917.674
6484.3164
11400.297
0.0
42583.594
646.92114
741.7501
4227.331
301.0119
9572.072
0.0
6326.8203
0.0
3799.5798
3970.1658
0.0
0.0
12542.308
0.0
14556.037
5336.545
303.12424
0.0
5046.293
1000.7487
0.0
199.14543
3093.4648
294.79498
12738.894
10550.526
559.19617
2819.3228
0.0
496.2638
0.0
0.0
6115.785
3056.7563
0.0
0.0
3757.1099
381.30463
0.0
11662.176
1909.5618
0.0
2890.706
25152.074
1692.9456
2469.2954
1516.3606
0.0
1904.4224
2999.0315
486.15485
511.25427
3989.0303
7079.25
11684.091
406.73254
3399.0767
12826.899
0.0
3183.983
14151.72
0.0
360.30078
3105.4565
4743.8125
0.0
16278.243
0.0
17670.633
0.0
5954.608
2251.9385
0.0
3050.7805
24134.52
5031.7617
1925.94
5403.6445
2956.254
2766.7131
7069.747
5542.7705
11391.77
2146.8096
876.1419
0.0
276.3324
22089.494
0.0
0.0
1923.6284
0.0
388.23688
2691.9905
16537.398
6354.965
9243.928
4042.9326
0.0
0.0
2678.3245
2948.94
0.0
3676.9385
0.0
8785.223
0.0
7655.258
1796.7917
12525.895
723.76373
0.0
4594.7476
0.0
8709.436
4557.039
23931.729
6095.606
2726.073
2691.996
14593.764
6928.704
2263.2974
1009.9935
3382.6536
0.0
28.378845
3847.461
8237.636
641.7915
5486.5757
0.0
2477.7021
12335.41
0.0
0.0
275.8542
15626.746
0.0
7690.423
849.4909
5221.968
0.0
1812.8602
1731.0486
1507.949
3724.5537
44947.312
2845.7153
16431.453
1434.886
5806.2983
0.0
178.77472
26702.816
0.0
0.0
3931.934
9502.075
2701.4365
2619.399
0.0
5184.009
27788.549
8312.751
449835.94
533.75653
9706.655
8559.743
56195.344
7676.7764
0.0
2805.214
0.0
0.0
4786.301
60049.016
0.0
1376.3832
379.3495
1999.9064
0.0
12219.243
2062.5122
11155.219
0.0
2938.1685
2635.2407
2309.3152
1033.8872
922.5603
12496.967
379.404
4705.9756
665.2074
0.0
10738.853
3546.7627
0.0
0.0
0.0
0.0
9525.172
218.31784
2542.6528
0.0
0.0
5433.756
6549.1006
7183.672
327.34503
1346.6852
874.2385
2080.2366
1105.6458
1725.3334
0.0
0.0
34382.94
4959.1914
1841.478
0.0
1988.9691
996.156
1513.0614
2398.7815
14465.288
28558.186
0.0
0.0
0.0
0.0
303.78595
2243.5361
3667.0776
4522.832
1149.7421
2518.638
1788.4888
7073.8125
2404.4644
3956.5327
0.0
10848.883
633.61224
3140.2637
1592.5251
8570.144
21311.68
2621.6743
7331.8096
2608.1672
0.0
15219.123
0.0
705.5213
32500.04
2355.499
5858.728
0.0
13849.5
10853.525
1410.1619
0.0
28742.36
1461.5479
0.0
16811.6
0.0
2457.6575
237.40416
0.0
0.0
0.0
658.2691
6894.139
10305.305
0.0
1442.492
11602.904
4437.853
2800.6958
7051.0576
1692.4838
567.975
2251.705
3417.6523
631.7612
2843.2622
4582.675
4632.083
27135.78
8563.986
0.0
2184.984
4569.9297
1662.849
695.11035
5962.6816
901.12317
0.0
11693.391
7238.922
2799.1375
9527.85
9768.1045
1204.26
1540.472
21282.723
873.64624
4779.251
10242.88
3873.8293
22557.55
636.0762
1638.3463
0.0
0.0
18696.0
138.14647
0.0
0.0
7953.2017
0.0
5487.8047
21114.863
902.9684
26818.164
8708.091
7480.7
0.0
1032.7673
28099.51
4974.213
96.68541
3918.949
3341.722
26072.273
8617.319
0.0
35.976933
7275.176
1501.3174
4119.6333
7529.7295
26446.668
1726.2534
0.0
1994.8909
14249.802
813.00586
8118.702
0.0
1604.9009
0.0
8874.193
7729.2554
0.0
87593.65
1512.2407
0.0
2362.621
184.90706
0.0
1560.8182
2745.8047
38713.07
6877.2744
1947.3047
5458.211
11131.729
1142.4463
0.0
0.0
0.0
0.0
6484.8916
30881.016
2802.4465
3531.5178
0.0
0.0
0.0
4740.3926
6296.2964
5717.431
4205.992
0.0
16522.91
0.0
0.0
13114.546
2474.13
1323.498
1230.6646
3681.5786
5560.691
0.0
497.20953
1591.7386
456.8209
8825.852
10412.639
885.3532
3912.0837
5292.1787
1036.5374
1758.5574
0.0
2601.4915
9178.2705
871.60645
12017.926
2110.6577
2718.7349
2831.914
11863.399
2300.654
47022.414
0.0
24027.68
1450.2261
15370.656
4856.5596
69052.87
0.0
2682.257
4243.3853
3012.5933
4103.541
3509.4307
3858.729
0.0
1974.7833
3444.956
3948.5999
5361.0664
948.3348
266.7939
0.0
18437.986
0.0
0.0
0.0
3159.2732
12190.754
8983.394
1361.72
2028.6533
2833.5632
4228.238
0.0
1344.492
0.0
2835.7917
13881.908
1094.821
96081.875
1177.5093
0.0
6347.4873
1835.4939
12164.283
35324.63
128.35568
5050.0557
9372.514
4014.2883
4336.9263
24392.39
1147.3984
1190.9061
3423.065
0.0
7310.6367
12495.92
1098.0516
4177.2637
223.90881
9513.424
4864.195
7904.635
2618.907
0.0
12831.838
3045.9722
1841.2922
1279.7831
6488.069
975.5717
0.0
6612.039
3719.0435
1080.6978
2691.1152
95270.28
0.0
297.99203
5924.508
228.05914
1007.35974
0.0
0.0
3709.562
3434.3103
1511.6044
1852.2369
1655.0969
2917.753
2398.0234
1302.1328
0.0
0.0
2544.0684
4240.5625
10340.202
3454.0366
2115.9521
1418.605
1186.6328
4135.4175
3954.4592
0.0
6579.9224
1898.0842
5918.854
0.0
2226.8225
2239.5754
1970.0851
5531.8574
2011.4608
2931.4968
0.0
6530.379
0.0
0.0
8429.694
0.0
12017.46
0.0
3787.1729
6170.805
2155.5325
3031.2441
32193.42
8098.302
1647.7559
0.0
0.0
4244.2256
1718.2869
0.0
1383.8193
251.29517
0.0
4342.7344
0.0
5327.8477
0.0
1117.4182
10241.276
4174.6455
4469.1733
5004.059
1576.281
30212.969
13800.887
3821.1384
3280.5215
7962.1553
8203.743
12854.947
0.0
5437.363
3370.8972
0.0
11518.089
4945.0576
0.0
9251.959
0.0
4508.5327
1547.4347
1256.4254
0.0
2173.401
0.0
0.0
339.33524
0.0
0.0
7061.091
0.0
4103.3613
1991.8071
7260.421
0.0
0.0
5166.5166
3268.3496
0.0
10774.764
32699.04
5347.7646
0.0
4508.7144
23522.723
514.8823
1689.0045
1262.5188
4486.4854
6413.365
0.0
8992.12
46803.93
11443.158
2699.949
0.0
0.0
2998.6992
38692.605
7748.77
4560.8203
1621.5211
1694.3921
0.0
2871.0183
27909.852
10107.158
5128.615
0.0
196.82527
3400.4224
435.94806
1543.0535
8069.258
12473.031
5095.4775
10871.803
2467.0762
18805.105
1522.9435
4193.172
0.0
6592.814
0.0
31535.668
2634.898
12180.808
4408.248
3911.9414
0.0
0.0
13296.65
5375.3135
0.0
10793.199
4954.8643
5659.397
0.0
2788.7246
1573.832
0.0
2780.212
5763.1045
2559.7139
324.86548
2412.4165
807.92505
3061.6936
7327.848
0.0
6632.1743
8125.193
280.48077
0.0
0.0
9102.268
4710.962
0.0
14333.918
11985.506
690.78705
1049.416
905.88794
1241.6284
427.16766
713.682
7103.0205
0.0
1865.2816
5521.0186
128667.55
93603.96
14224.566
1927.8695
5277.2573
0.0
0.0
1914.8866
0.0
2244.646
1725.4806
4750.132
36274.22
0.0
7228.3457
4160.172
9235.816
928.45984
0.0
28607.895
1520.3937
3159.1895
9782.737
0.0
704.4219
550321.8
5068.249
38106.71
0.0
0.0
9757.357
0.0
0.0
601.5146
4261.877
888.8451
22055.674
1457.5016
540.3179
0.0
1192.2816
0.0
2166.5957
0.0
400.43097
5652.2773
7333.618
9829.716
608.1373
9955.609
1576.2136
2189.578
0.0
10686.197
378.64435
3256.724
0.0
29401.742
8750.298
3186.9595
1830.5878
2675.0212
28570.686
1848.9283
0.0
4456.9834
2463.4023
2925.6257
0.0
0.0
0.0
5696.4897
62779.31
11209.359
9092.307
0.0
5115.63
8078.2344
7097.3193
5671.616
2443.8706
15509.309
15809.309
1711.2115
118935.72
435.2475
46.203953
0.0
0.0
0.0
5305.954
0.0
3456.9038
4351.1177
22934.459
3667.3135
5311.7666
4036.415
0.0
7634.8867
0.0
6180.926
10655.091
3623.98
0.0
0.0
8346.644
9188.848
0.0
6088.2363
4730.485
0.0
0.0
5926.089
0.0
9169.114
0.0
8552.857
0.0
0.0
2488.6653
9542.664
0.0
4139.738
14862.389
0.0
5634.4175
7173.9683
3404.8987
9819.787
5532.071
1471.4127
1970.9478
11014.885
10457.224
3865.0474
1064.5028
7488.2666
1773.0869
2910.2983
1843.2642
0.0
3526.0288
0.0
0.0
9530.656
3262.4382
7304.6743
154.2631
0.0
2705.3857
0.0
11444.991
4864.578
0.0
5173.2275
1969.159
600.2371
2025.1367
0.0
8475.881
801.39124
0.0
10107.61
2034.0872
0.0
0.0
4661.662
0.0
0.0
0.0
4208.911
858.68335
0.0
0.0
3714.206
3243.1736
122.5439
8326.85
9779.812
0.0
0.0
2282.0864
2206.2483
7678.459
1580.1031
0.0
6642.2
3085.3164
0.0
770.8922
0.0
0.0
0.0
3447.258
0.0
4868.3843
321.19846
23497.592
0.0
0.0
348.1317
1101.9326
4408.0938
8945.6455
0.0
11852.474
11995.057
0.0
95.08343
0.0
14648.615
4640.694
0.0
0.0
19876.94
4941.3145
1881.383
7016.9336
2697.4976
1949.4467
4116.4443
1325.542
0.0
7508.883
7778.67
0.0
0.0
0.0
0.0
3174.0154
0.0
0.0
6299.5913
0.0
1559.0234
1416.5735
870.53955
11216.676
2388.9006
0.0
8178.911
6922.3213
5462.5186
7648.277
2465.3936
609.7595
58782.97
0.0
2649.218
1696.6956
8760.571
3092.0117
773.7077
0.0
8167.7637
0.0
0.0
0.0
3713.7656
3252.0347
0.0
1814.343
4267.664
9949.7
5715.618
0.0
3976.5623
0.0
4341.9927
5376.2236
2058.7546
9787.354
1773.6063
5512.926
6168.3105
8413.555
4746.5986
0.0
0.0
7021.3965
2378.5745
479.16492
0.0
8000.305
4903.0737
0.0
1435.9224
11221.597
199.04832
0.0
0.0
0.0
4624.6274
2799.1025
14387.63
1104.7987
7299.583
896.06903
0.0
7021.619
10110.873
84.39242
3653.1921
0.0
34631.42
0.0
5720.7407
2840.515
0.0
8975.259
2773.4297
323.1997
0.0
1108.8344
5943.42
353.09024
15742.736
5462.058
57035.75
2590.123
0.0
2669.8303
3494.7795
58315.594
227.29822
0.0
0.0
226.77072
3059.238
0.0
8747.757
0.0
892.26556
976.48334
13038.175
2438.9995
6019.2837
5613.801
808.47394
1263.1722
3704.7236
770.7322
1918.5005
270.3546
2905.329
6510.129
0.0
391.5005
0.0
0.0
7130.158
4594.175
1270.1106
2303.9192
0.0
872.77893
1176.5586
2408.6353
0.0
17.22191
0.0
0.0
0.0
3234.393
15662.023
17177.977
9150.811
2212.3047
6868.4443
0.0
902.91516
0.0
0.0
57344.387
0.0
887.10443
0.0
18168.5
3736.1152
5084.7437
13295.593
9835.476
0.0
67374.19
7370.4746
0.0
0.0
0.0
0.0
1762.8413
5428.7607
0.0
5548.3516
3170.229
11792.613
3059.1504
0.0
0.0
9888.475
0.0
11322.576
2435.8389
13247.3545
374.0285
0.0
3817.4092
1709.3784
926.67896
7295.029
1879.6277
22173.848
0.0
581.02026
0.0
30589.76
5024.6064
1099.8464
10262.629
20241.69
0.0
1533.3674
0.0
0.0
5080.2163
4374.978
2627.7485
3093.0505
0.0
3602.7249
10656.176
599.3216
8235.589
7450.0933
0.0
0.0
0.0
365.51477
0.0
2586.4692
1406.125
7480.116
6292.214
6739.3345
1411.7733
5985.8926
1920.8481
9764.214
475.76196
42561.285
10875.572
0.0
7487.177
14636.636
1332.8203
0.0
0.0
23427.771
3034.3816
11445.093
1228.9368
4096.5454
0.0
13839.913
4760.542
0.0
9107.023
26677.227
0.0
0.0
43602.184
3740.599
297.85397
3405.1987
81.060104
3068.7573
3968.9702
1733.2864
6936.4683
4347.263
5874.555
2768.733
26656.564
0.0
4310.6025
0.0
1395.1284
0.0
0.0
9434.711
8417.26
2356.8176
861.05286
1713.2449
0.0
0.0
4436.2017
0.0
7782.061
4486.0645
8931.182
0.0
1941.3043
0.0
1074.7332
44314.223
1632.3708
6453.0493
961.8054
0.0
2855.3447
1465.0702
1229.0011
0.0
4992.959
0.0
34550.016
0.0
18948.78
7182.8057
5696.663
10484.566
7527.288
0.0
3786.3823
601.1225
7901.7837
1500.2979
2699.691
37755.41
1438.2034
2196.8662
23538.566
677.6378
6457.4077
9460.404
0.0
13072.31
0.0
5816.7896
3077.784
342.41995
3690.4326
9052.781
2758.4412
16897.57
441.6277
0.0
5768.909
147.1212
39176.082
2478.2183
1328.908
7478.2695
3385.4907
0.0
0.0
0.0
2469.8064
5482.264
0.0
1909.5294
0.0
1037.594
39263.258
1986.8673
0.0
472.92603
0.0
574.13745
3828.6172
263.91418
0.0
0.0
0.0
2687.041
9818.229
6253.7686
6168.204
181.68893
1402.1208
6867.7656
36237.36
2877.4282
5816.609
18774.756
6193.1636
626.2946
303178.94
0.0
0.0
42729.61
1687.2314
6080.874
0.0
0.0
3152.6665
7013.677
3998.4526
2613.6865
0.0
216.02077
871.6862
9378.193
11646.775
131154.12
5484.515
2710.9348
2993.1138
12671.262
2516.7124
210.49532
0.0
492.32672
21536.738
0.0
27003.436
70.0279
10303.38
0.0
0.0
957.5239
13571.194
305.30414
1595.3186
6992.457
17695.639
6147.3105
0.0
2532.5176
5147.837
13891.658
15436.484
0.0
0.0
1.0068531
0.0
1728.2499
0.0
3990.8647
1820.2362
9734.965
0.0
991.3917
0.0
2080.0706
0.0
7714.8213
4696.5137
0.0
2455.7607
0.0
7786.4297
10518.316
62558.14
1595.9022
11120.529
820.8458
7660.518
19408.043
9802.771
8089.616
0.0
0.0
2242.232
0.0
0.0
176.62134
145.53354
5722.716
454.0124
11630.651
0.0
0.0
2606.6208
6455.115
0.0
7871.9585
0.0
4208.1465
4396.2275
501.78015
4591.371
5770.4287
4286.363
9185.96
2511.6711
2475.1274
1852.0072
0.0
8195.48
0.0
3736.171
3235.4312
13267.55
0.0
15157.644
25887.393
2902.0894
0.0
0.0
14201.078
1613.3483
5422.8926
21182.21
2848.0874
10725.684
393.41272
0.0
0.0
4101.81
0.0
1664.5433
1159.4048
6183.3633
1345.8723
0.0
50215.55
7483.6855
499.04956
3849.0396
3902.3638
20998.7
946.25964
0.0
815.2479
3008.0115
411.263
2563.8855
0.0
0.0
20229.885
2998.8667
553.713
9729.088
3211.1465
10312.713
514.9463
0.0
7437.1094
2763.1616
0.0
0.0
16620.78
1086.3596
0.0
26414.22
2459.5889
253.32034
3127.2341
5241.3726
9941.051
7777.826
0.0
89596.62
0.0
631.9353
4489.52
2439.3157
1004.0879
5998.5176
11346.838
1443.6091
130507.04
0.0
0.0
12915.414
2465.4907
6339.325
61302.1
376991.78
0.0
3687.2854
0.0
13057.912
759.85815
524.30444
91141.07
6215.6147
2766.7542
6784.6533
0.0
4012.892
0.0
0.0
0.0
0.0
320.08743
7784.5537
1227.5315
507.4948
0.0
4456.8765
12563.535
0.0
8114.844
3208.7798
1315.5266
134.534
0.0
7414.4004
2194.08
7615.5405
549.0047
9445.157
3627.6223
561.8259
8313.707
1182.5935
0.0
1968.8165
11111.158
0.0
9590.757
8995.383
0.0
1951.3444
622.55414
3263.0508
35592.926
2425.2432
7503.474
3306.6978
6222.621
8136.552
6311.1064
18712.635
4402.5522
3371.9976
3230.543
10782.26
5037.5645
1853.8428
3719.6362
1287.1675
4672.45
48539.574
0.0
230.20224
0.0
9400.183
0.0
26858.438
17888.766
673.1026
0.0
2216.9133
1828.3354
879.3988
920.4485
0.0
117998.94
0.0
0.0
0.0
3676.9292
1401.2008
0.0
6923.6875
0.0
4587.9233
41778.008
5038.5586
1808.6581
0.0
2632.7375
5182.727
829.52295
34210.977
0.0
25689.926
4836.587
0.0
12817.531
0.0
58043.16
3211.5305
5584.1504
5037.2764
50127.016
0.0
678.45825
1592.4968
5282.5537
8517.375
539.9233
60214.227
41930.29
15539.8125
13440.15
11021.605
6159.591
885.5606
0.0
2031.5881
563.9636
2324.7974
206.86536
1926.3069
0.0
38075.07
2030.2604
0.0
8379.163
868.0152
35260.75
0.0
27584.11
137716.33
18179.588
311.46124
0.0
0.0
359.9678
0.0
0.0
0.0
31693.64
0.0
0.0
2623.196
3317.3237
1958.3179
638.0096
0.0
6284.5845
12923.667
0.0
7203.9824
5565.369
21856.842
997.4756
2703.8965
4034.098
84725.92
4920.909
288.6129
12422.172
0.0
2798.2512
33187.15
2453.6926
2052.3975
113798.375
8527.592
13670.559
1708.5664
27.927143
0.0
0.0
2873.8281
98503.59
7153.7007
0.0
0.0
0.0
0.0
3942.9233
0.0
8081.4287
0.0
1234.0992
474.8985
25905.096
7437.855
1548.6871
3439.1978
1940.3855
1127.2043
0.0
4986.5596
2581.7217
10079.796
891.45465
0.0
0.0
5062.0244
3063.0278
0.0
0.0
43414.254
7796.717
4189.1494
0.0
0.0
2652.1538
4032.1426
2125.1838
0.0
13291.84
3033.754
2630.549
0.0
0.0
0.0
11552.508
3635.274
0.0
5485.283
0.0
20817.918
12767.759
1344.1578
0.0
7097.7817
11428.557
7389.753
1813.572
4305.0107
0.0
4184.3105
2063.464
3916.0437
858.1726
0.0
7397.1294
4240.9365
2446.907
0.0
16966.688
178.6265
0.0
16973.842
0.0
503.00214
5101.2383
0.0
964.4282
1652.7753
526.0534
2390.5894
7251.306
6192.4453
8826.482
7708.312
715.2842
803.5075
222.87357
2787.5042
0.0
0.0
15388.679
5374.216
0.0
0.0
1095.3511
0.0
12846.065
0.0
369.70007
125.12451
2633.3706
7472.1606
1168.0819
0.0
588.14026
0.0
17165.533
0.0
4300.0083
7078.9355
4421.624
0.0
0.0
1807.9797
0.0
53345.613
5099.171
2982.7324
0.0
1548.9523
25565.53
8166.585
0.0
1224.4113
0.0
0.0
2919.56
0.0
7535.134
30021.566
7529.542
1697.4668
1575.0789
1129.9897
10282.952
16126.36
7680.6274
0.0
0.0
0.0
360.28146
31.714699
658.1422
36046.39
8794.904
0.0
24563.742
52638.54
771.84265
4790.202
5640.898
0.0
0.0
39017.71
0.0
0.0
13441.828
10415.674
27485.502
475.51056
3680.33
1439.1764
3957.3428
0.0
4286.3877
0.0
3388.693
155.15125
17088.637
18638.059
0.0
0.0
7639.2573
1519.1647
1592.776
363.51382
53296.5
2147.2866
19037.031
3870.5647
7852.7354
5505.9053
2241.0667
2279.6338
0.0
18919.049
0.0
1358.9763
0.0
149098.72
18038.262
0.0
4178.666
486.46024
77975.81
6385.67
6279.5654
3183.1794
0.0
22331.648
673.3746
0.0
0.0
630.0215
2181.3345
0.0
0.0
1591.1257
6955.996
12616.347
2134.3892
10889.302
2462.1484
1074.9893
7499.2417
706.6013
0.0
1482.8901
7915.539
1720.5502
2493.4863
6367.134
8676.785
192.72424
8643.7705
6193.157
0.0
0.0
14181.385
0.0
7254.888
2054.0537
0.0
9995.958
2247.5312
447.31732
0.0
32329.115
4396.842
5215.717
0.0
0.0
0.0
139271.45
2038.6344
459.50848
9899.697
1910.4539
0.0
7209.146
4154.232
2010.7012
134.00575
3048.8987
132.55215
4096.7373
7585.3896
1067.8811
83164.06
0.0
790.2401
5307.971
0.0
3901.2356
0.0
32506.266
3307.5396
1345.1847
31401.064
0.0
3532.4072
0.0
1584.6235
5865.7305
1440.9032
0.0
350.68604
3799.394
1208.4244
573.5795
2574.9282
1383.8597
0.0
1727.2327
0.0
2887.4497
0.0
6738.351
1860.5479
0.0
2528.3376
0.0
2487.2368
85353.33
0.0
6337.0674
45282.156
1317.5266
38666.71
0.0
2805.952
4864.6577
14170.989
6401.838
15762.629
644.38293
8150.902
7116.1084
5403.6567
207.5802
0.0
3165.4807
0.0
9874.259
646.2628
0.0
0.0
1318.8783
583.21216
0.0
1243.7485
3920.4565
0.0
23261.688
0.0
20688.873
0.0
8086.6226
4253.751
448.84232
0.0
5818.0435
3690.6592
0.0
1239.5134
0.0
11307.057
6874.8843
1062.7576
37001.79
3736.4973
22579.35
243.84518
1696.5854
2052.2102
0.0
25639.795
2955.8662
2436.6638
32828.062
370.1972
3841.446
1640.117
1144.0735
967.66394
2181.5464
3310.25
2189.9238
7761.115
15970.557
15490.295
36772.695
1083.7977
0.0
0.0
2530.579
0.0
38606.445
1009.4767
0.0
0.0
1974.4226
0.0
2482.1377
21066.78
1806.1394
0.0
3305.5786
2541.844
4066.3052
1895.2515
0.0
0.0
7289.1416
4183.455
7879.842
359.7533
0.0
14953.578
0.0
0.0
225554.66
0.0
9844.025
0.0
11162.373
0.0
547.3484
0.0
20804.18
2162.5415
320.9275
0.0
4119.065
0.0
2964.3882
1420.3217
3216.7017
0.0
303.79993
0.0
3006.9204
286.30188
730.43414
3406.1838
2112.4248
10151.988
0.0
8075.1406
2075.3098
0.0
3226.498
0.0
0.0
4323.381
0.0
0.0
840.92737
1021.50305
4661.9834
9299.173
176.55635
7578.5947
1832.9966
496.93298
0.0
1789.1351
0.0
69012.1
8850.542
22921.793
12269.469
8934.803
0.0
0.0
2891.4055
0.0
1290.2156
15451.342
0.0
8044.4585
5140.6265
0.0
0.0
7571.3906
27813.246
1079.374
0.0
0.0
2738.1763
0.0
0.0
2965.2844
4817.0166
338.74295
6706.6543
351.7851
14697.31
20502.71
0.0
21697.03
1164.4375
2469.8545
0.0
0.0
0.0
1216.3088
0.0
2086.446
9117.397
9044.539
1116.9977
14709.16
1725.177
5692.5635
0.0
1476.5051
22191.107
0.0
0.0
0.0
361.30103
0.0
1874.8027
18517.33
29295.512
132368.31
1087.8834
0.0
0.0
5623.7153
0.0
0.0
57493.176
14990.057
61916.71
9301.776
0.0
4521.183
18877.625
0.0
2070.9075
3916.003
99.481255
11769.281
27586.08
34917.223
0.0
4559.293
0.0
0.0
4089.3398
24643.42
2907.5623
3065.4414
0.0
17671.457
7634.834
1310.9026
5277.5234
0.0
136.35822
4863.029
0.0
6563.846
9249.924
2485.2053
7969.044
2991.467
0.0
5257.969
0.0
7430.366
1293.0135
4681.382
21328.283
0.0
0.0
2864.1208
0.0
0.0
1552.6893
0.0
3331.0793
13240.444
0.0
5755.8755
10346.993
3762.2375
2407.5537
3090.3157
1466.9562
6879.7236
7524.6187
0.0
0.0
501.82355
19128.305
886.35266
55393.047
0.0
2039.3623
0.0
3273.4443
2935.4893
2022.6462
1345.3994
19384.59
5651.58
0.0
1097.3999
1466.3403
0.0
0.0
7039.8086
0.0
13468.895
722.9255
34455.312
0.0
1435.1016
1814.6221
7158.6562
2224.7937
2149.134
0.0
4323.4946
4787.298
3865.565
1563.1008
3528.0845
28520.36
1187.8513
12637.644
13035.579
2072.7644
7727.1675
5340.672
0.0
12787.44
9396.553
4416.8296
0.0
0.0
149.95218
171.53854
1130.2388
7956.44
0.0
18738.242
1360.689
0.0
6206.3286
666.1871
303.7781
427.95117
10618.609
2030.2573
26988.736
7233.617
0.0
1561.4615
49909.15
0.0
26037.0
792.8963
2993.069
1623.3615
20227.299
11669.25
982.39844
3493.0874
10045.8125
0.0
0.0
0.0
4763.113
0.0
7408.5474
0.0
170.1794
926.36365
840.6798
8436.307
0.0
6941.3447
0.0
6993.9395
9400.006
0.0
274.83032
6650.291
0.0
64095.805
2755.5906
7877.501
7087.466
33580.79
5062.3345
0.0
5483.275
36.228363
4927.282
2871.113
7401.051
4036.1528
10449.012
20529.885
2392.6643
13387.302
1569.3469
0.0
4261.9688
4524.957
6296.8438
45.374626
3388.9944
962.7579
5530.9375
28839.117
1347.5928
0.0
0.0
3515.938
7351.1255
21431.227
1194.3806
0.0
5879.989
0.0
1516.3286
0.0
14012.45
396.40347
0.0
14983.289
0.0
0.0
533.23016
66.41502
0.0
284.3404
0.0
0.0
12735.256
2594.9736
669.02466
1520.475
0.0
15778.106
411.13498
3087.8867
0.0
0.0
6776.154
0.0
0.0
3564.0364
13974.847
0.0
225.91708
585.04706
1525.0935
605.78296
7866.475
6513.863
14.211784
27977.375
317.01483
0.0
0.0
2193.8499
0.0
4193.4946
4114.606
41908.855
0.0
1571.9806
4778.4204
115375.5
11859.6875
10334.679
225.96426
703.016
8216.358
0.0
6366.5103
3410.4712
1623.3423
11164.261
9570.472
16477.445
0.0
1443.6545
5102.9956
7450.448
2366.4177
7869.209
1127.7455
279.65088
0.0
2542.2825
116.677734
4521.7334
10315.88
962.37933
11218.129
0.0
0.0
5391.7676
11390.709
0.0
2520.3794
2895.177
10735.707
0.0
1473.2366
1652.8723
1181.0775
4131.5503
8666.805
0.0
0.0
0.0
9937.977
0.0
4058.6958
0.0
712.1384
0.0
7597.589
0.0
0.0
0.0
3740.5403
1720.3712
543.8065
0.0
200.5136
20020.967
4487.4185
15679.246
0.0
0.0
4227.3276
5427.222
0.0
7334.0933
627.4768
483.53842
0.0
2615.5256
5061.538
61.7606
578.53015
0.0
0.0
5569.883
0.0
9588.233
6091.7715
1542.5967
0.0
2183.4978
0.0
0.0
6333.802
0.0
3168.0454
2405.535
321.58218
8079.3115
0.0
1216.7361
6280.3657
6979.5947
0.0
824.20105
4453.904
0.0
0.0
994.84204
2271.1785
0.0
222.87267
0.0
0.0
11145.789
2574.96
12015.243
6936.1104
3950.025
0.0
0.0
3407.015
0.0
1408.7933
0.0
11282.467
3160.8552
493.69724
4010.654
3331.0718
8274.254
0.0
34054.086
4689.7603
0.0
0.0
13742.346
2360.7295
6794.012
995.7713
0.0
990.6223
0.0
2323.266
860.91504
4937.3696
3214.2651
3886.1174
182.54982
0.0
543.5241
1377.165
418.91803
16739.508
10060.865
4294.964
0.0
678.86206
7559.043
650.0884
5164.2393
262.96054
0.0
0.0
13530.925
16151.931
3296.1406
11078.6875
6071.294
6959.4126
4307.042
2238.6887
0.0
16156.553
19083.246
999.7098
0.0
5628.473
0.0
14436.848
1385.6552
0.0
4331.9146
3413.248
9909.978
1876.2339
1752.0879
4207.757
0.0
12643.881
0.0
4480.55
21005.977
1033.1678
3648.1987
13040.776
3704.7505
1487.7703
0.0
2335.017
0.0
0.0
5231.831
16038.154
6293.4287
6100.0684
4852.24
2260.1118
1710.634
0.0
1570.4343
35355.5
666.3186
0.0
1673.0638
0.0
0.0
48015.062
361.38947
1101.6117
6285.4854
0.0
8477.452
15001.936
5117.281
42528.184
0.0
0.0
349.46625
9727.768
0.0
0.0
8982.105
3635.8767
2213.5115
21120.432
11805.466
11787.645
4301.799
2443.2913
0.0
5021.3994
2505.0872
3991.181
1130.3019
12082.744
605.3596
1852.4457
0.0
3430.267
6217.61
1373.2062
1655.7523
179.90019
77980.64
0.0
1316.52
0.0
2786.7412
1177.1436
802.0006
0.0
0.0
3829.5376
4675.808
5824.979
3247.325
3195.6846
8457.413
12610.237
2265.9487
14267.658
0.0
0.0
6502.8584
22125.094
14007.395
2937.6558
24151.145
6945.164
18660.676
8473.078
1617.9565
4648.2524
1928.645
0.0
3797.1147
3876.9155
11129.179
0.0
5825.773
1101.8328
799.0224
6823.843
1292.5575
19874.424
9949.017
5645.4766
0.0
1056.1995
615.37445
39894.207
4215.4424
13989.819
100.51882
1998.2996
7521.957
2488.105
3744.9087
879.7256
5352.1904
14419.369
0.0
1089.834
1178.6786
0.0
3195.2185
4271.906
7063.909
1313.5691
0.0
3907.7551
4244.04
7260.468
623.6109
10593.641
16450.596
4462.6777
615.51953
830.449
0.0
5746.256
701.72217
8846.359
1697.5134
0.0
0.0
1537.6119
5762.82
14313.627
804.9677
602.33057
8848.783
0.0
32782.984
0.0
2903.9133
2396.4946
5312.185
1862.5227
0.0
3464.3057
241.27264
6614.2017
0.0
0.0
0.0
6495.232
2092.1821
0.0
0.0
9319.05
4021.3477
2371.0005
0.0
1725.6334
9241.962
298.02606
4072.8188
0.0
0.0
39310.758
6419.2153
0.0
0.0
12661.884
1498.2008
4239.0186
163.06186
716.48083
2670.8916
0.0
280.96106
9012.113
1295.3275
4389.0513
0.0
5436.6914
352402.03
2747.4797
5628.05
5291.671
96.11076
0.0
0.0
0.0
5558.356
1072.0087
0.0
0.0
17502.094
0.0
0.0
0.0
0.0
24467.898
0.0
1993.54
17856.68
0.0
894.37256
0.0
5372.319
0.0
1259.6147
154.67433
17891.377
0.0
18060.29
0.0
7045.943
17492.816
3579.2656
19002.727
0.0
832.0707
0.0
8637.1455
1681.5402
0.0
4170.869
751.44476
5387.114
29678.756
0.0
3781.5657
0.0
2996.9485
16300.213
4881.175
10368.644
465717.84
0.0
595.9825
8115.6387
28304.793
563.1186
7650.716
0.0
0.0
778.7003
0.0
1299.8933
0.0
0.0
2001.8097
2068.3135
7391.1455
1241.2932
0.0
0.0
0.0
0.0
5250.773
1167.5234
14588.258
10427.308
12344.273
1080.7318
842.5582
0.0
0.0
0.0
3558.4878
5590.7734
4554.9507
915.23224
2084.0115
5339.7256
0.0
560.3477
2419.8154
2192.624
0.0
1489.8784
3310.3262
0.0
4820.5986
0.0
120383.836
1502.0896
899.16205
6396.618
0.0
4016.0386
930.89026
1890.4956
0.0
0.0
7460.6816
0.0
8623.296
0.0
0.0
0.0
0.0
16385.303
2747.5073
14734.301
2413.9915
8678.219
0.0
3274.2666
5530.4316
2801.6382
0.0
10023.135
11113.111
2294.8872
0.0
1496.073
1435.4642
0.0
3003.2961
8540.406
695.162
836.2298
0.0
5731.7407
3576.9858
20621.062
290.06317
7176.767
324.92218
20353.96
1977.0538
710.22595
8950.049
6604.2363
3223.441
0.0
1400.3484
3382.2502
10088.988
4898.951
0.0
2978.5173
10131.334
5684.75
12766.604
710.194
33324.02
845.2106
30344.176
13342.71
0.0
0.0
0.0
48737.61
1133.4421
5293.984
4193.76
8090.386
3190.5837
2529.3525
0.0
4077.9019
5354.813
5450.3545
1827.1895
0.0
0.0
7680.451
2606.8281
7611.5596
2706.7395
615.1104
4846.717
491.83026
6481.5835
10065.608
2576.0415
11146.947
517.668
0.0
361.05988
3258.6353
8912.609
8210.258
611.0456
801.1376
13021.546
1816.8501
0.0
0.0
6590.9346
10359.896
11977.928
5142.8193
2541.1172
1141.2202
4206.375
680.72485
4391.0386
4599.9062
1723.1035
3313.0764
0.0
278.9429
0.0
3315.108
1508.2106
1900.1193
2140.6162
1522.6425
7825.781
1825.021
2962.3364
0.0
145461.94
1102.1906
2758.1897
0.0
4165.5073
0.0
3925.0972
0.0
4978.771
0.0
18935.377
3482.21
2190.126
3185.7498
11121.413
6896.966
445.0301
2959.674
0.0
0.0
1251.5839
1670.5049
0.0
3914.7773
19612.932
852.38116
0.0
0.0
4443.7603
13359.042
0.0
944.7992
0.0
0.0
0.0
5612.0493
3346.2246
2615.4802
9013.514
0.0
1159.9271
8717.987
340.1277
44421.336
199.79395
135905.16
2106.7544
42645.57
6960.491
15820.114
9810.48
0.0
7142.5156
3147.4453
1005.7141
3223.7622
7698.3223
0.0
10572.354
17216.672
19165.635
0.0
10538.745
10405.551
30436.932
931.0133
0.0
0.0
2908.3635
2132.442
8421.334
0.0
0.0
614.96893
8493.2705
437.5744
20460.34
0.0
3368.0906
197906.0
15995.623
948.8855
2616.451
12516.581
3994.826
9411.923
2249.06
0.0
21580.496
0.0
0.0
4718.001
10132.111
2802.934
0.0
3627.9207
5774.751
3575.2148
37895.098
1859.7241
224.16162
0.0
7107.5776
775.9315
0.0
33228.023
29559.469
998.00806
928.01685
0.0
29163.322
12782.998
6261.949
3074.237
0.0
13097.464
10863.85
0.0
2060.4524
0.0
0.0
120514.33
3952.4702
22832.701
0.0
15605.26
5223.4897
4697.658
13237.066
0.0
0.0
0.0
369.58282
2273.4907
1954.4962
0.0
26757.455
16597.42
3413.668
24234.797
1872.2848
0.0
2789.4062
552.3003
18825.97
9956.494
1490.7098
3756.0796
5602.7236
0.0
1484.9755
12097.356
0.0
7271.082
3880.8008
6585.135
1108.8833
0.0
4676.714
4231.8057
0.0
0.0
15161.611
5535.905
4924.8564
0.0
0.0
1937.0
2713.9558
1682.8182
3212.5493
6242.4883
2641.4636
6429.952
0.0
2448.01
2752.4932
5685.86
0.0
325.38507
6362.7085
10148.865
5759.757
0.0
2755.3186
4223.0244
2232.4326
26020.613
16086.02
31470.78
1672.3016
4170.626
0.0
4116.835
7125.8335
623.00885
52788.992
10812.524
1093.9971
698.2912
0.0
0.0
0.0
0.0
0.0
3241.8245
13957.858
0.0
3278.3984
186.88184
3696.1055
214.64532
38042.22
0.0
77315.25
5121.544
2403.867
3166.028
1869.2129
13411.068
8296.914
0.0
0.0
2951.5493
6448.6284
1737.0098
3272.5364
48977.914
0.0
1585.4739
19685.31
1328.0392
2716.8628
3621.2087
0.0
33955.15
2752.1182
5378.878
287.89215
4339.332
269.90698
4779.6123
0.0
1024.3344
8712.068
2243.5132
0.0
12298.644
10485.127
0.0
9996.596
1462.1897
0.0
1192.2853
2772.0706
6381.1533
4982.0015
19161.014
3403.5684
2790.0288
4499.52
0.0
2356.8335
0.0
0.0
3864.8406
84.22308
0.0
0.0
0.0
0.0
8791.193
0.0
153.00484
5709.429
613.53424
1523.0964
1728.0525
550.45026
8262.019
0.0
0.0
58298.14
13326.342
0.0
0.0
1532.1998
8126.729
1411.3721
6081.4155
557.1498
1782.7611
0.0
30227.88
247.26952
1688.9312
12852.753
0.0
1471.9163
3837.583
1650.4127
13009.08
2712.0168
1169.605
1855.1609
338.3437
0.0
0.0
0.0
0.0
0.0
46410.86
0.0
207886.72
520.9774
9098.373
0.0
3559.3057
3855.6099
923.27844
8137.898
79773.64
2498.8381
8893.353
14061.014
0.0
0.0
10236.037
718.6673
2609.0537
13029.744
12541.818
3789.8384
1687.8917
114.014984
0.0
5980.3413
989.4641
0.0
2850.0955
0.0
0.0
813.5813
4528.591
13543.182
4813.872
5371.0186
3117.1184
6015.2886
32313.32
1579.9639
875.6389
9888.996
3533.3462
0.0
0.0
0.0
2398.6409
0.0
4095.0547
288.16125
3845.3848
1640.0114
13756.317
0.0
5746.6416
3747.8003
1728.3
3286.4756
2248.4402
34359.62
0.0
8291.766
0.0
11345.666
1086.3837
465.01294
4789.697
3488.352
0.0
0.0
0.0
464.1554
21247.648
172.50038
14773.629
67797.36
0.0
4605.141
1039.218
0.0
4552.498
0.0
0.0
17518.162
1162.4836
0.0
2709.5422
7032.617
0.0
0.0
0.0
7248.075
5838.833
0.0
3146.0388
10154.654
3812.8167
7193.1606
4558.0786
1305.3445
0.0
120.60806
4233.674
0.0
