371.4311
1674.1587
223.04697
0.0
921.036
2973.0864
747.7805
1740.5935
0.0
0.0
0.0
1773.1642
5086.214
4634.414
20459.477
0.0
0.0
0.0
3282.292
2872.3599
6242.343
7357.289
1639.4478
4466.8125
0.0
0.0
0.0
1166.8418
3494.662
3420.719
3865.6821
1841.01
0.0
1385.6631
0.0
2699.2888
1650.0747
7703.9214
169639.6
3644.0298
0.0
2577.5596
2533.4084
8135.403
1407.0996
16.940647
0.0
0.0
0.0
855.92596
7309.9785
0.0
0.0
1685.9597
0.0
4052.044
1575.1118
0.0
2576.9067
1317.4398
26738.232
0.0
0.0
0.0
1696.1517
0.0
12702.36
6361.9463
2200.2808
0.0
3367.4102
2858.4946
3617.0134
0.0
0.0
0.0
9743.598
1047.5537
10824.942
890.48413
803.58484
5467.5513
2284.6084
481.3127
15506.762
0.0
284.28366
0.0
833.0641
2082.1055
1284.3909
22498.98
49788.047
0.0
0.0
13759.697
0.0
4218.2695
0.0
873.5011
3270.554
4397.2197
10702.2295
2131.5615
2372.5288
0.0
4797.316
5377.532
1331.9949
4019.3083
0.0
0.0
0.0
4043.36
4630.954
1696.8146
2884.9924
24384.021
0.0
0.0
0.0
0.0
58064.04
207.09102
3604.0483
0.0
0.0
64783.93
1705.7156
0.0
1940.159
7133.918
0.0
1332.7498
644.49963
0.0
5793.2285
8985.936
0.0
0.0
0.0
4322.936
29800.084
15542.251
0.0
4142.673
0.0
4656.824
0.0
5616.018
1837.7616
3954.52
6082.5845
0.0
19794.348
4220.714
435.17365
0.0
0.0
0.0
106.56732
0.0
1443.9309
6409.667
0.0
6181.467
4663.758
5890.2056
0.0
4490.7524
43496.81
0.0
3538.1616
0.0
1806.8787
25923.691
0.0
2404.9402
1537.4009
15868.278
0.0
0.0
29011.334
0.0
5673.187
1867.9814
1644.3531
0.0
2666.1318
0.0
2091.5793
7507.088
1489.1562
12334.556
5950.9775
19878.664
3436.8594
5080.68
2956.5034
3188.022
886.2324
0.0
0.0
8298.311
0.0
0.0
12536.208
0.0
1728.4346
0.0
1999.8772
9347.5625
7080.5527
0.0
737.7465
0.0
0.0
0.0
3750.4238
0.0
0.0
1058.3872
0.0
1061.5107
6569.0684
2627.2598
7549.4478
1038.446
0.0
6684.8574
0.0
2206.9453
0.0
66190.93
926.82043
1742.2576
0.0
5272.7617
17124.094
0.0
0.0
2614.4849
1405.3301
3010.8435
500.61847
12523.033
0.0
2087.2292
0.0
0.0
0.0
11885.455
3048.1528
16913.682
3836.1372
0.0
87.47604
7445.2783
0.0
219.40051
1902.305
0.0
6873.721
2001.0156
0.0
403.41528
2690.8455
438.37323
0.0
1223.2239
0.0
749.64087
15595.061
0.0
4152.3
0.0
2471.601
0.0
1348.7891
11241.461
697.9811
1674.4017
2236.6152
0.0
466.87177
4212.596
160589.53
478.44568
24722.258
24079.254
3196.2227
50276.94
0.0
15875.283
232.80997
0.0
0.0
6441.494
0.0
20627.64
4945.6123
531.4527
3914.8125
15181.676
0.0
1594.4559
29780.824
2334.945
2502.3252
0.0
0.0
0.0
196.49677
2831.9019
2883.687
5687.7383
15983.193
28861.334
1488.1527
260.109
0.0
647.5052
0.0
4271.198
1481.0312
1408.9656
1147.9336
344.4174
1890.7605
0.0
3010.859
0.0
87.467255
2802.3833
0.0
3696.0823
19416.248
83031.36
1667.4971
27269.482
1370.708
3933.2373
9829.986
1951.9303
267.54266
828.0631
5538.0757
41550.375
0.0
1383.5448
3194.2612
0.0
4077.6902
0.0
2200.6685
3657.23
391.65466
263.51996
9145.063
1151.0186
6569.3857
0.0
0.0
292.9123
0.0
9000.694
0.0
0.0
6049.5557
0.0
2225.009
0.0
25410.523
411.71558
6039.699
0.0
2610.4685
19.034454
0.0
0.0
15186.005
0.0
0.0
461.65762
15835.383
1253.2394
9052.618
0.0
74282.445
0.0
472.30737
0.0
1387.5051
0.0
11918.654
4414.601
1364.9473
0.0
1686.6052
2738.7798
0.0
1256.9559
0.0
0.0
11986.031
604.0799
0.0
22563.037
0.0
19271.764
0.0
3288.1167
23826.975
10385.526
8524.565
9668.881
0.0
1753.2251
34250.945
2571.2788
359.35468
1667.239
1779.708
0.0
0.0
6252.9956
682.44464
0.0
6892.246
673.52954
19604.652
1915.964
2443.014
1303.0281
377.80414
0.0
0.0
13580.586
1217.8225
0.0
0.0
0.0
0.0
1462.5161
0.0
618.5113
6600.3545
0.0
5892.5747
862.4638
1329.7146
4706.6655
5693.4854
1530.8208
96.64168
0.0
8681.291
1353.0265
15561.275
0.0
0.0
0.0
12634.855
504.9065
8084.5073
0.0
7636.0703
5142.5435
0.0
2338.123
636.0955
1936.9756
1893.221
457.52615
1001.8734
2126.7139
1352.6958
195.48506
8251.471
1421.6663
0.0
0.0
0.0
63.36251
1732.9028
2392.5964
2386.4905
0.0
3859.1729
0.0
2621.3467
1726.3584
1494.1637
35.460728
4808.068
5949.6914
0.0
8654.041
0.0
12529.602
15858.682
80.56907
4364.0615
25968.848
15217.798
3468.185
0.0
7460.024
1460.2812
2679.3071
0.0
25517.92
88326.2
11375.673
1467.9868
922.82056
8113.236
55291.258
0.0
0.0
1586.074
2445.8408
507.903
0.0
6215.4014
0.0
5005.689
0.0
1080.211
5236.833
3512.0889
78245.83
0.0
0.0
0.0
4051.1123
13642.215
4052.1855
0.0
6702.013
0.0
0.0
3017.8132
0.0
107.918365
0.0
1026.2592
29036.533
5894.8687
1538.2378
0.0
7236.3804
0.0
0.0
14716.977
0.0
25957.57
3333.7437
1563.4839
4456.432
17491.586
273.44943
6839.448
5829.429
1259.6396
0.0
1862.737
1385.7207
9651.406
0.0
0.0
0.0
603.19104
652.7654
26458.0
1575.2133
25721.668
2186.965
20128.906
1957.7656
0.0
2366.45
0.0
0.0
3898.1646
1464.5188
41904.227
680.6875
2231.977
1069.9899
18770.326
381.69757
40457.438
10650.975
0.0
11325.305
5751.1924
5969.337
0.0
0.0
0.0
582.81415
0.0
4567.273
0.0
0.0
854.5168
945.7538
0.0
239.85385
0.0
0.0
8793.661
1187.306
0.0
2330.5488
2458.294
1233.8733
950.9308
0.0
0.0
14068.883
0.0
1858.2432
0.0
13316.188
10595.625
0.0
0.0
0.0
725.94934
0.0
12232.125
0.0
1876.4316
345.80994
638.6887
1223.2721
4829.856
0.0
0.0
2926.369
448.42892
1511.3014
3082.1367
0.0
0.0
10620.242
642.6602
819.65106
1429.8358
463.23145
0.0
0.0
2787.9429
11726.021
0.0
1559.5686
0.0
9341.023
0.0
2760.6663
65713.32
11081.632
6683.5596
0.0
2136.4558
7209.7896
4735.133
0.0
0.0
3765.7192
0.0
6648.0815
5662.397
2921.0166
439.11435
0.0
596.6626
13337.161
52464.71
0.0
930.9271
585.8433
1341.3925
18029.59
7928.291
6367.7134
0.0
91516.47
3752.3364
0.0
4110.74
0.0
11481.717
277.88452
0.0
1451.1433
197.71927
5799.0894
21616.805
14908.682
126.74594
17182.09
1189.7816
4028.6177
6180.296
760.4341
380.50385
174.31004
5297.9253
5653.8857
0.0
9887.715
0.0
582.8069
4041.978
987.1052
4734.8965
0.0
0.0
0.0
5281.7085
0.0
115.77572
0.0
0.0
3763.4922
7157.9834
3493.2944
11086.925
0.0
10549.783
90.795555
5006.343
8512.681
0.0
4575.969
4210.1035
90.01413
9483.31
551.4275
0.0
0.0
18916.219
0.0
0.0
0.0
0.0
2722.893
0.0
3513.1614
6241.514
0.0
4269.0146
301.60446
0.0
3184.9558
16129.884
5485.706
0.0
1000.3833
28299.996
0.0
3037.1235
2602.7532
0.0
673.49133
3777.3042
0.0
1504.8096
4516.9287
0.0
22729.95
0.0
3234.3257
8557.922
10218.599
69276.14
0.0
2358.21
979.05115
0.0
2876.3923
2458.7063
802.2639
6415.9243
0.0
0.0
0.0
931.6911
9411.577
1778.0212
938.9854
577.9566
14834.337
5898.8003
2398.7578
0.0
12097.145
0.0
9281.558
0.0
0.0
1297.9701
0.0
72318.78
0.0
5280.2295
18092.773
631.9929
0.0
1303.485
206.80978
1852.2306
1377.3328
3559.9644
0.0
0.0
1278.956
3478.106
17531.95
3264.2324
1927.8613
0.0
0.0
10170.83
0.0
0.0
0.0
10230.901
4933.3955
1926.678
2293.073
23375.098
0.0
13982.382
706.9994
1517.1007
0.0
1274.4545
6002.001
0.0
0.0
122.19442
12388.678
6060.7812
4456.7793
2422.8965
0.0
0.0
4442.4653
22921.11
4479.7236
636.99976
0.0
15669.385
22633.982
16625.469
0.0
2315.6658
0.0
92871.625
1697.3082
1226.5881
255.92992
1603.3252
2709.9302
3073.236
2013.718
5680.3193
772.2624
403.67935
2320.6135
5253.22
4891.1855
1405.5277
2095.9646
0.0
5737.3037
7805.654
508.37653
3384.8896
7222.9062
0.0
1780.8759
2239.8152
0.0
609.0218
0.0
8803.444
10401.93
0.0
4768.633
1851.8301
101799.71
0.0
0.0
813.77795
2667.6973
627.0254
1750.2391
9191.7705
0.0
15158.281
0.0
3229.421
3372.7485
0.0
0.0
0.0
1180.4626
3116.2527
582.11346
9882.827
3040.4736
0.0
1447.2104
3857.7375
0.0
2422.3394
0.0
11525.018
2344.2544
162.14883
556.0102
0.0
3444.0483
623.46497
0.0
26395.559
0.0
15624.086
230096.06
0.0
0.0
8485.226
3606.9521
1566.9482
2432.353
0.0
0.0
7311.8916
4762.1294
3751.231
0.0
35228.44
2391.2026
0.0
0.0
0.0
16182.82
0.0
9993.997
374.80353
1749.216
0.0
0.0
800.9805
8670.407
3534.9194
22187.451
1467.8657
32868.08
0.0
1657.0248
7493.901
817.78955
3513.4106
1103.0068
4811.4995
5018.799
2012.8042
0.0
911.0585
30717.703
2519.0776
1612.7257
6506.173
8521.486
0.0
2482.0874
0.0
18692.574
11139.521
0.0
1811.1941
652.29565
17111.715
1861.6189
7586.079
0.0
0.0
0.0
2171.1875
14501.461
6986.4497
344.5265
203.19525
25066.574
102376.25
4468.4893
3818.4792
10925.148
0.0
0.0
622.8101
0.0
0.0
0.0
969.3154
0.0
0.0
8178.5527
5182.7236
0.0
19091.623
3690.4697
7139.4863
5219.7637
28756.523
12508.687
3656.9348
0.0
0.0
0.0
0.0
3144.5535
7208.1597
0.0
2823.5596
0.0
618.6593
60153.07
2319.7036
0.0
8295.552
0.0
7359.9556
0.0
1909.4568
11387.143
96912.49
373.7664
35343.17
0.0
251.9049
647.58777
5620.175
0.0
22500.703
497.97552
1968.7998
3655.8162
13177.639
40962.508
0.0
3355.796
0.0
8656.813
0.0
451.12024
0.0
0.0
0.0
0.0
10637.934
184.02045
1066.8894
6837.2793
3617.4438
37181.984
0.0
1994.4612
4582.4023
0.0
20505.105
2006.6267
878.552
1449.0393
0.0
3803.191
0.0
0.0
5309.6816
0.0
472.84186
1846.9987
0.0
1323.3494
610.6211
289.61328
0.0
5203.184
740.8079
364.2787
0.0
0.0
0.0
780.27704
0.0
989.21094
0.0
3234.1216
6056.5244
965.75085
1224.4973
1374.4065
0.0
0.0
2579.6096
11631.633
2979.714
14885.579
2808.8047
0.0
3600.3784
19071.74
11291.283
0.0
56.225143
717.2097
0.0
101.10587
9994.314
2665.3687
819.84094
0.0
0.0
4394.2583
1899.5941
39027.82
2076.419
0.0
7426.7686
4708.1445
0.0
33111.727
3222.8838
4929.173
7316.8457
181.36282
80912.08
2119.3765
11441.6875
0.0
0.0
33.392334
0.0
2149.3604
38229.605
0.0
2172.4224
15236.049
3472.2515
9852.139
10049.088
1355.2667
910.38916
6886.672
331.43384
0.0
5008.033
17688.496
3194.882
0.0
2098.8699
38986.71
5052.3506
1967.4648
298.03165
0.0
4394.7197
357.78064
5084.0493
2056.0205
0.0
63453.133
20912.584
2283.5215
2084.049
0.0
0.0
0.0
109.21992
3784.8413
0.0
0.0
3442.3003
0.0
6994.7095
0.0
8185.8623
631.87976
2880.522
0.0
2489.1367
8429.497
1638.674
0.0
0.0
2251.8394
3115.211
43711.78
10120.131
2528.6797
0.0
1163.7194
1227.667
0.0
2524.3486
3477.3877
2991.058
943.7011
5503.7114
2441.413
1782.116
0.0
0.0
15237.357
6233.151
0.0
1234.222
0.0
1151.0103
7817.72
1892.9204
0.0
0.0
7270.9395
12052.381
1030.4004
0.0
127.002815
16026.527
32836.98
843.874
8139.5293
117.925804
12589.543
89966.625
0.0
18952.967
0.0
16197.949
0.0
0.0
3929.7437
13393.025
11910.343
798.1716
1280.1127
6377.6006
1924.9563
0.0
25652.59
5566.6816
290.33615
0.0
0.0
35689.805
0.0
3291.42
184.20848
2108.832
0.0
0.0
3650.0532
13427.363
897.3921
1826.347
5199.6714
363.38345
142.95886
0.0
0.0
1422.634
2808.4304
0.0
17729.012
839.04034
602.43445
2498.999
74067.37
8390.847
2540.898
2102.1416
1580.0415
3755.6606
479.0531
0.0
190.97047
3768.1382
0.0
38211.324
107.49626
0.0
340462.44
2822.2795
221.10742
0.0
1743.7278
6434.495
24544.648
0.0
733.3248
7411.502
0.0
3444.4185
1545.0931
5724.061
0.0
1541.0625
0.0
1775.7976
3539.2383
30686.344
43296.29
383.10825
2543.9478
0.0
372.55045
0.0
10806.678
1853.0269
24.539307
3306.86
241.0242
8923.64
5782.9775
32610.555
0.0
2948.5376
0.0
44694.38
51011.08
741.63153
694264.0
0.0
29.637257
65023.62
0.0
629.8407
0.0
1600.3336
0.0
3906.1692
0.0
7028.3223
4992.6045
0.0
9775.551
3920.0425
9334.446
1322.8577
4407.342
1985.2373
3501.039
750.81824
0.0
3920.6929
0.0
3931.8735
686.018
2349.4834
6676.9966
0.0
458.43628
2597.0234
0.0
0.0
4626.373
1043.1396
6657.652
4415.8125
2208.6472
18007.16
2925.5193
0.0
3829.6323
4895.833
0.0
919.6031
4643.752
1825.6997
3295.5168
0.0
0.0
0.0
19063.164
0.0
7966.392
20204.55
0.0
1897.3242
0.0
0.0
0.0
0.0
4591.1914
0.0
0.0
0.0
0.0
1027.8915
0.0
0.0
0.0
0.0
3829.2856
1434.5203
2971.6028
2108.1423
15125.861
14170.83
3604.6213
1848.6423
395.34497
1198.294
0.0
2532.047
3639.481
624.5582
464.29703
656.8176
24553.0
0.0
6312.8896
157.8042
5187.9697
7708.703
0.0
2532.88
0.0
1204.945
0.0
0.0
9705.178
63167.844
0.0
10929.144
41986.43
0.0
3302.2246
0.0
0.0
504.6765
4770.605
1597.6343
3767.231
3148.9883
2849.587
0.0
0.0
55108.562
13294.881
0.0
3377.5713
310.78214
0.0
0.0
0.0
4520.9756
2577.4338
2774.407
11874.108
0.0
381.1544
0.0
4477.613
0.0
0.0
783.66614
281.3178
647.11084
2805.2412
0.0
0.0
189758.56
2802.7324
0.0
1279.2489
1122.0688
6483.756
453.28918
17996.992
0.0
0.0
373.96927
4832.4673
2799.205
7140.995
4024.3215
1873.9209
2806.5193
158.34721
2527.446
0.0
6190.8145
0.0
15379.691
3114.042
468.16943
2888.942
3505.7998
11306.773
1923.5532
0.0
11010.388
953.65704
4924.1113
208634.84
9601.791
468.74615
1579.5829
5546.3623
10361.351
4855.8877
693.99817
0.0
38135.02
2350.8713
699.228
0.0
1369.219
6648.9033
25918.46
4453.357
3685.4448
1894.8818
0.0
1649.2197
3178.4507
3041.6677
4126.702
1668.3652
792.4617
109.82584
0.0
1088.9946
1207.3604
5575.5713
2095.8962
3759.7434
586.9438
0.0
0.0
2455.4004
6744.718
4399.207
1554.8403
27020.793
111.27171
3418.108
1442.4512
0.0
2097.9585
0.0
2222.8274
792.57043
8041.3643
7860.0303
0.0
1625.772
0.0
6331.499
0.0
2002.5087
0.33083248
0.0
92278.08
17051.93
14313.91
21716.906
0.0
0.0
0.0
1747.1987
0.0
0.0
7999.4507
220.48666
0.0
1357.8748
146.9142
5229.2134
4535.4365
396.9485
10128.568
0.0
7632.4014
112.25365
30655.613
2505.0417
525.33813
862.7833
0.0
708.4591
1181.6145
15744.463
0.0
0.0
0.0
6682.3965
0.0
3741.1523
4294.4565
3450.4358
9509.097
0.0
0.0
0.0
0.0
4762.9155
0.0
0.0
3820.4734
6795.5366
5934.2837
3133.7773
0.0
20154.582
0.0
4182.794
578.8605
0.0
17545.14
41323.58
36065.01
9178.475
1393.1458
3682.9946
0.0
1706.2998
0.0
24908.46
12521.206
0.0
3076.0396
217.5525
7501.1963
2473.3635
4039.4238
2902.8833
4628.4336
262.40744
6780.6157
3674.7336
0.0
0.0
977.03754
13341.557
723.758
0.0
2782.2004
9646.039
7582.051
18513.33
6272.129
2051.0078
8885.386
3494.147
3653.4111
2969.1675
1931.8005
25919.303
0.0
841.5448
3155.1455
3601.9482
543.2161
11743.842
4302.7915
0.0
23991.242
0.0
0.0
0.0
0.0
3104.4934
0.0
1435.7095
5310.131
0.0
1773.4331
0.0
4162.6245
7519.9375
3224.6782
12918.961
0.0
0.0
0.0
2072.0513
14606.451
2618.3704
0.0
0.0
0.0
3275.54
0.0
0.0
2913.876
5581.114
0.0
2698.7954
8245.195
6182.4243
583.4391
0.0
0.0
0.0
0.0
0.0
4529.358
0.0
809.533
672.0493
0.0
0.0
228.40869
0.0
838.43115
0.0
1269.1564
991.9342
3038.2842
256.4073
779.0999
324.919
1012.7907
2981.8054
9834.953
0.0
273.8313
0.0
375.48175
26283.69
0.0
0.0
2642.23
30107.307
0.0
0.0
0.0
23.496132
2171.74
2346.7002
0.0
5776.285
4145.189
18470.812
2234.7036
2257.758
0.0
39920.336
0.0
5000.0093
7760.5215
1787.8743
11818.697
2913.975
0.0
0.0
3296.9556
0.0
2787.5273
0.0
600.63696
5539.9517
137.6442
7862.7
9128.535
1977.4414
0.0
1943.6978
1607.0055
0.0
1653.458
2472.7798
0.0
0.0
44255.273
1401.7135
0.0
1836.9352
2461.0176
30181.605
2235.78
0.0
1186.3287
2411.993
6006.081
41678.18
0.0
0.0
265.26154
533.7538
6213.2383
402.18347
9391.86
1598.0906
7862.1377
386.8647
8275.723
11308.711
0.0
0.0
0.0
4868.5605
0.0
5447.646
3710.6772
2221.9766
0.0
1095.5029
14408.8955
0.0
5417.7686
0.0
0.0
0.0
0.0
48802.586
20945.879
132242.47
0.0
0.0
0.0
2768.8083
1644.4725
0.0
10923.439
5698.144
14043.885
52312.71
282.29965
606.415
4116.9854
3215.5571
930.2731
0.0
8669.621
0.0
2191.3794
3148.8472
0.0
0.0
0.0
2086.0193
0.0
1501.36
0.0
0.0
0.0
117.17217
3722.225
6772.3945
366.15076
219.4495
1839.8707
289.48096
0.0
0.0
913.6592
1536.7761
4196.338
4228.9727
69.1743
0.0
0.0
0.0
12919.852
2681.901
0.0
7528.9473
476.67297
2301.8442
0.0
2664.9863
0.0
7118.7285
0.0
0.0
0.0
35215.11
0.0
2570.8674
0.0
5470.8154
2255.1885
647.81506
923.0481
2936.9197
1678.385
75.22302
2368.5198
0.0
0.0
4873.71
10490.433
0.0
1114.6244
6151.099
3854.9167
0.0
0.0
7953.001
4530.8
5722.736
0.0
5834.9883
9175.153
10582.198
3302.6824
22533.13
127501.19
0.0
1259.1523
2931.8816
4498.0957
0.0
1459.8994
1274.1884
5958.468
2377.9849
408.18823
0.0
13340.574
0.0
4259.7007
1900.8403
2327.1492
5939.4004
0.0
1495.3749
6272.034
0.0
0.0
17939.234
4859.422
0.0
7012.032
18699.885
0.0
21731.865
3019.8245
1279.4183
8876.545
409.4223
5187.6934
0.0
3032.0708
0.0
0.0
6710.818
0.0
0.0
140.4981
0.0
2303.0361
0.0
10325.199
1548.0005
118.20273
4399.26
0.0
8783.053
7576.515
4493.4907
1651.0281
22071.592
3180.0872
2454.0793
3621.4941
0.0
674.29407
713.06665
0.0
5891.881
27178.459
12002.768
9626.498
0.0
0.0
0.0
0.0
7238.6504
10300.329
0.0
4486.5376
9175.946
8678.607
817.7833
5327.4004
2616.1294
2772.9973
6566.5386
0.0
11414.605
17019.816
1715.2107
1952.4503
7345.1357
0.0
0.0
0.0
10570.1875
4096.758
0.0
4960.3574
0.0
0.0
440.30472
1368.9539
0.0
0.0
365.263
1178.9471
0.0
1942.0559
466.99582
1812.7958
292.03064
0.0
8506.206
0.0
0.0
11406.702
1200.2799
4490.538
1386.3517
0.0
0.0
5736.539
16022.801
0.0
22744.98
0.0
685.1561
0.0
2938.0244
29547.709
4779.2793
0.0
8079.5254
382.0954
220.99722
7249.673
0.0
15097.739
4829.475
101.1239
0.0
268.01443
0.0
0.0
0.0
0.0
0.0
2380.774
0.0
4988.0806
426.71585
0.0
0.0
0.0
1239.3547
13414.535
0.0
0.0
7964.404
33364.926
0.0
1426.6569
1096.429
1942.2166
0.0
3190.1956
4032.5596
0.0
700.90125
412.01093
0.0
2147.9653
2667.6084
0.0
0.0
30538.602
0.0
0.0
4163.7637
51.40322
0.0
0.0
0.0
85489.69
11088.639
3305.651
0.0
2795.9214
0.0
4954.981
17908.781
0.0
1726.9966
0.0
25609.973
0.0
0.0
0.0
23533.406
4782.499
0.0
0.0
5672.2334
974.71045
0.0
3834.731
0.0
0.0
641.9719
567.6688
0.0
13208.547
4227.94
4135.333
2957.5312
11248.796
1373.2356
9871.646
66174.27
0.0
0.0
1342.3029
714.55505
0.0
10513.904
161184.81
4097.803
6014.3496
0.0
3990.5435
5821.1455
408.01556
0.0
2789.0688
1766.4496
2800.747
0.0
0.0
900.4929
4662.13
5721.158
0.0
6449.2104
0.0
2875.745
2074.842
0.0
3933.2163
677.53204
0.0
0.0
0.0
15209.664
0.0
23472.89
0.0
2101.412
2133.3076
13759.646
6399.6553
11010.719
14571.863
0.0
961.0952
0.0
5913.2354
16052.99
1570.2794
16591.838
16147.129
2842.9824
952.38635
0.0
0.0
665.8219
1702.9695
416.61392
2985.3306
0.0
17154.652
3287.0122
1983.2959
6296.2295
0.0
3716.0088
0.0
3791.625
0.0
0.0
2449.0312
4059.0535
148.20947
0.0
13449.906
2981.4434
1852.5176
0.0
0.0
9981.599
459.7644
2424.4126
0.0
390.05997
0.0
44342.902
3899.2673
2873.463
8665.061
0.0
4130.091
216.36041
17104.424
7544.8955
2336.478
0.0
2704.7747
2390.7112
4536.93
0.0
1598.4148
29964.79
421.92938
1621.6716
12172.295
4763.503
0.0
19274.807
233.10352
0.0
6248.7495
114.603165
0.0
3617.5063
444.10663
5654.05
147.69734
0.0
2590.4268
0.0
2174.828
6638.348
22872.795
7203.963
0.0
5394.4883
0.0
278.68524
1838.8519
0.0
0.0
0.0
807.56683
0.0
0.0
785.16486
0.0
2796.3896
0.0
1309.9456
0.0
31004.008
2622.8591
2364.342
596.573
0.0
1325.07
622.33716
2313.2136
27445.387
4022.905
16820.227
773.2516
171.28925
2754.411
18329.445
275.32346
0.0
1811.8213
0.0
0.0
689.0571
1696.5288
1815.1405
6282.613
233.28845
0.0
235.96735
2658.6492
700.1279
1377.3177
5431.5156
13616.869
5698.535
2799.6125
10252.985
0.0
0.0
25211.834
1300.1484
3548.1611
9669.872
4297.7793
5716.4805
777.629
1901.0403
110.46088
20183.057
5007.285
7086.92
0.0
1747.2976
1190.8499
0.0
0.0
603.3579
0.0
22684.314
8225.938
3676.209
2025.1346
0.0
0.0
5978.732
0.0
224.41998
1966.4806
2674.1895
0.0
7828.6675
6406.193
4030.6265
808.5922
158.7685
9534.172
305.93042
10713.495
2563.6904
0.0
0.0
12284.095
0.0
0.0
13034.158
9827.139
5879.687
5534.5186
24299.443
0.0
0.0
0.0
0.0
1098.6687
0.0
0.0
66246.79
0.0
11598.113
0.0
44992.28
1699.7732
7964.1064
2387.094
16342.53
8369.503
4784.3066
19698.65
4058.7026
3237.1245
2621.9253
3412.7224
21281.527
1838.5273
2145.4893
306.81702
0.0
872.85315
0.0
12359.818
11101.011
880.97797
2694.292
0.0
0.0
7002.636
427.47174
1658.262
3992.6418
279.0038
4033.936
3825.2236
5916.3354
26731.771
0.0
2024.606
431.1766
0.0
7526.5254
0.0
924.6942
0.0
2643.4172
0.0
25947.168
2524.609
0.0
1808.2441
4019.5596
10427.538
45456.47
14574.777
0.0
824.3446
2739.677
9598.136
6373.593
0.0
6876.414
14612.67
4460.488
0.0
9867.691
45217.96
0.0
4958.2935
18717.14
530.104
4216.742
5631.374
2606.7588
57632.688
0.0
1700.9047
8024.9595
614.8281
6778.042
4396.043
2542.3835
516.2943
1709.5889
40349.367
653.8314
1992.3074
0.0
0.0
2236.277
5311.47
6565.7627
1548.3586
2016.7079
0.0
1915.3292
0.0
13013.895
0.0
0.0
0.0
1658.0723
16134.654
0.0
996.9337
2417.7092
3401.3584
6778.1553
0.0
8086.419
2419.3682
8361.058
1514.1978
4188.9067
1077.4419
3640.975
0.0
1795.4236
3475.6797
1918.0278
4388.9844
8470.51
5597.4844
0.0
1018.44385
6434.7407
0.0
31890.39
1677.9475
30454.33
3940.7192
4036.435
0.0
11157.39
0.0
1263.0208
0.0
4501.6514
1757.3846
301.7919
95714.16
1460.9241
7570.3584
807.5255
7367.173
0.0
3121.679
1904.9729
0.0
3790.9595
0.0
0.0
3883.636
5891.65
909.97784
17876.441
2862.5
2436.9766
4019.8347
156860.5
238.67809
2231.3755
478.41
4285.252
1592.498
0.0
0.0
864.59607
2113.8877
1911.6731
2748.8857
0.0
1828.1667
0.0
11788.137
0.0
0.0
24611.975
1913.5726
1711.5386
0.0
16982.951
6927.045
6951.9155
3043.197
12760.41
713.8712
0.0
3767.478
4034.1172
1531.3993
5132.7095
0.0
0.0
1222.1328
2816.8093
1965.4607
15919.145
397.01147
0.0
0.0
335.94534
1848.0225
3094.6548
6154.6943
0.0
5040.041
0.0
16441.555
0.0
17353.867
0.0
0.0
599.77844
1621.2876
1607.2698
955.84937
263.4405
670.12646
0.0
2042.0188
1534.4087
500.46564
5985.9204
4225.266
1498.4736
81.911896
14828.816
1979.2676
2605.9634
5790.446
0.0
9259.711
1982.8376
8965.4375
6689.8784
4528.59
15716.184
177.7269
0.0
0.0
4759.854
5725.2754
6266.5684
465.19632
0.0
2999.2302
0.0
0.0
1383.923
2191.1033
0.0
0.0
388.31085
0.0
4704.754
30349.73
1770.6487
18133.885
2003.9443
5765.9014
494.7588
3045.42
2526.1343
515.06165
0.0
1743.8744
0.0
0.0
0.0
454.7236
0.0
1490.2277
0.0
0.0
1616.8497
0.0
5493.9995
3498.3555
2883.7603
5730.8774
1304.6073
0.0
2242.7302
46140.477
3392.0564
6273.2754
2577.9998
9458.318
0.0
3812.3345
0.0
0.0
0.0
31866.527
0.0
0.0
338.28003
0.0
0.0
1648.6833
12389.125
0.0
0.0
0.0
0.0
0.0
326.06564
40434.79
3473.2585
12959.74
8869.07
0.0
0.0
14750.009
1634.1887
1712.4316
40744.07
0.0
4102.2383
1663.938
0.0
0.0
3767.9253
6426.039
0.0
0.0
3878.0615
0.0
0.0
9316.054
3442.3828
8267.646
3934.225
0.0
8585.673
13161.865
5370.1377
313.36243
3990.235
257.34674
0.0
4003.161
0.0
56311.926
1288.2322
3340.2354
156.79147
3622.1943
0.0
855.2656
12319.724
4379.5503
0.0
9420.9
2377.5186
2523.182
218.86743
1068.6343
1237.2327
2677.7524
0.0
0.0
5924.28
2346.0288
0.0
115.09407
656.6163
0.0
0.0
1073.322
8183.9814
1885.3833
0.0
0.0
0.0
6416.406
0.0
732.6925
1334.8883
1497.6309
2968.6287
2687.1255
1238.1547
11709.302
0.0
0.0
3950.5015
0.0
1505.4617
5335.2144
5680.043
21004.621
2220.663
20556.01
0.0
4677.5117
0.0
0.0
3021.9827
5303.5127
948.87555
0.0
58605.406
1402.7817
5053.0234
8101.799
1835.502
2178.5532
86358.63
0.0
1847.4548
5906.609
0.0
0.0
0.0
597.72437
1445.6179
0.0
4760.6973
3375.3335
562.2587
2373.4094
6713.369
3232.9463
0.0
75727.53
6646.847
0.0
5299.568
0.0
0.0
10118.038
0.0
0.0
0.0
8805.41
3586.5447
2885.8845
4638.6084
0.0
1701.5588
3737.8838
736.19714
2891.1843
246.66696
0.0
4874.309
1075.5989
47013.918
363.66357
0.0
2767.7983
2973.3994
8836.98
4290.632
280.7512
530.81323
135.86789
0.0
23.13396
5421.079
3665.279
926.8642
1206.2258
8526.745
2594.115
144.6654
122.06966
3700.801
508.5186
0.0
0.0
5404.7646
3680.4746
18.840355
0.0
17244.781
1956.3757
2892.3076
4891.4316
4202.3154
0.0
362.43924
4610.1035
516.242
0.0
0.0
1139.9006
14104.1875
0.0
5061.8813
42571.758
0.0
43.083065
4203.718
0.0
11810.351
4124.968
5931.3115
6682.118
0.0
0.0
7949.1787
2494.0342
5705.3613
1796.0042
0.0
0.0
7398.3057
0.0
1709.858
0.0
686.66235
0.0
1659.6892
0.0
0.0
433.79456
12417.99
22008.697
0.0
4681.7715
3549.3228
170.74788
5604.417
0.0
12338.683
0.0
2460.5093
1346.599
10241.951
0.0
0.0
1364.913
7623.894
0.0
0.0
0.0
0.0
929.5943
4463.115
0.0
1489.6796
667.0504
13786.579
6691.3516
9915.468
4297.8936
513.66547
7820.0693
3562.4722
0.0
5.302105
0.0
4552.0933
1188.8838
34008.54
0.0
5256.7637
12619.379
102722.53
1380.7023
6680.823
14306.631
2560.6426
0.0
2621.6033
2224.2522
3547.148
18125.031
0.0
2319.3027
8686.039
0.0
732.5488
0.0
1546.231
508.70172
2601.2727
4615.1787
44282.61
0.0
13226.788
1572.7493
784.8362
4844.671
3092.67
2782.6873
16026.071
87.335
11313.953
240.56827
0.0
0.0
6849.714
15380.885
5592.8877
0.0
11130.0
906.5171
838.7289
41540.203
3288.3735
4571.4434
371.6081
5535.654
4329.1265
1932.1951
8145.801
2264.5918
0.0
489.97946
565.39453
0.0
9549.375
16659.67
2202.9646
584.0476
2803.6016
3912.6436
0.0
12700.044
990.22894
9200.302
0.0
0.0
656.41736
863.2423
17287.027
0.0
3700.7725
0.0
0.0
14174.768
130.14713
239.65002
2740.1562
5584.442
296.80756
4610.9624
0.0
10714.301
7282.8906
22411.168
0.0
0.0
2151.6025
1716.883
6180.214
275.43756
0.0
2194.7168
2724.3213
2870.2651
0.0
2750.455
2775.9521
6954.217
2554.272
6002.0083
25760.447
2392.004
2556.1428
0.0
3122.3037
0.0
0.0
4431.418
0.0
2876.458
5575.1016
1184.2006
1368.9812
0.0
0.0
1155.0828
1660.6074
0.0
0.0
2285.6685
8750.678
10813.969
0.0
8341.178
6079.745
4694.97
0.0
858.20966
8211.775
0.0
0.0
6439.466
4196.5664
0.0
0.0
8423.263
25357.646
0.0
471.86548
2725.8186
0.0
10817.639
3520.5208
2070.624
10955.305
2265.6873
0.0
1597.4685
0.0
15069.936
0.0
4312.0376
4855.4346
0.0
854.6843
6259.6304
2876.4497
2497.7168
6568.0566
0.0
3262.7852
11222.459
7177.5107
8776.164
109766.97
7767.149
2185.2944
3112.863
8475.866
0.0
8521.718
306.84076
852.81213
16900.883
3055.362
0.0
6465.174
1999.5469
2826.8948
2718.5884
947.9392
3273.003
1261.0723
1441.8129
8524.647
6662.5103
140.89133
2524.9395
1240.5981
0.0
0.0
3551.5679
14139.796
386.7171
21988.773
0.0
6034.44
1641.0359
2327.7883
3618.647
4938.1675
4349.0254
4583.043
147.0557
4005.6199
0.0
0.0
0.0
0.0
551.6698
1502.69
1489.6053
2993.0986
303.75888
1465.7047
1881.7786
2840.3596
519.3289
0.0
2756.2844
2542.7805
28.920692
7848.4727
158.84857
0.0
0.0
1908.5852
0.0
0.0
1382.6587
0.0
0.0
321753.72
709.9463
567.5576
0.0
596.96405
1190.3406
6358.746
0.0
0.0
1506.8878
1831.6725
3761.8975
2278.3833
0.0
1942.3015
74.52813
5916.624
5898.921
523.47375
9911.66
356.2926
2426.1392
350.6386
3567.4565
365.60556
0.0
0.0
7652.0522
89.10538
2889.608
0.0
723.3447
609.8275
2753.0977
35528.44
5739.2607
15781.312
0.0
84981.31
0.0
1171.7236
2388.6208
26.349855
1571.7927
0.0
4133.4243
0.0
2761.6492
3777.4639
0.0
0.0
50244.188
0.0
5190.8916
4427.4785
199.54552
0.0
2800.585
598.89233
0.0
334.98975
3121.9214
159.98923
17235.824
4668.0127
0.0
2413.447
183.614
2076.6968
0.0
0.0
10345.847
616.1225
0.0
0.0
2449.2715
304.61444
0.0
4750.7905
1275.4017
0.0
2128.0525
31660.637
2591.9912
1409.166
4610.1387
0.0
2754.626
1507.0269
612.4532
233.63898
7481.204
3459.306
28872.113
322.403
401.77545
14852.391
0.0
899.3054
12510.4
0.0
313.74045
1990.3601
2913.1655
0.0
30107.127
0.0
21440.457
0.0
7626.2505
2403.4502
0.0
3484.5352
38625.305
2427.647
2693.3926
3201.7017
6741.087
2504.5684
3363.415
2852.2625
4243.4834
2180.509
2408.0835
0.0
325.35938
0.0
0.0
0.0
0.0
0.0
109.64328
627.70184
33078.36
3408.2527
8630.373
3141.008
0.0
0.0
2361.6592
3117.9512
0.0
2587.7803
0.0
8731.078
0.0
14007.399
619.21484
9658.802
0.0
0.0
4031.1055
0.0
6637.657
4398.3774
8835.86
7579.176
3533.7944
1828.8154
0.0
7654.6733
1809.2577
925.4845
2798.6938
0.0
0.0
4715.036
40564.918
344.77094
5445.509
0.0
2280.4937
14925.278
0.0
0.0
0.0
29203.852
0.0
4439.249
557.75354
2797.2378
0.0
2037.7002
141.12495
460.51233
1380.6528
44604.8
4391.5947
20857.793
0.0
8161.8184
0.0
90.89632
0.0
0.0
0.0
2111.9595
2915.6465
3853.5103
4661.8267
0.0
5081.4434
55188.047
1404.0742
384872.38
628.75195
9096.14
2657.8818
63869.79
4298.0723
0.0
4781.229
0.0
0.0
9545.6045
53894.375
0.0
3216.5186
386.4379
4964.6797
0.0
23542.26
543.68884
13935.449
0.0
3464.6
2410.0068
838.5043
4168.8413
962.5152
11011.739
0.0
6586.046
567.9099
0.0
6168.052
5577.8457
0.0
0.0
17629.746
0.0
3895.1304
242.18762
265.05594
0.0
0.0
4020.6953
13069.088
3947.9097
183.86436
359.38953
450.0466
5560.446
1848.0349
0.0
0.0
0.0
36420.867
2445.2942
497.5249
8.133221
4028.0366
4107.6953
1893.603
2978.859
2982.1348
7908.232
0.0
0.0
0.0
0.0
272.93585
759.4232
2475.144
11076.665
1641.517
1488.4692
1946.369
2582.91
899.3738
3725.1465
0.0
16417.227
254.74297
5335.928
958.9874
5442.294
21618.621
2344.2456
1054.736
3246.4832
0.0
23275.46
0.0
506.5465
61300.14
6239.144
4832.0054
0.0
8729.426
10403.52
568.63184
0.0
916.60254
605.45496
0.0
19613.375
0.0
14255.711
157.56256
199.14825
0.0
0.0
736.1398
27.888458
13401.137
0.0
1228.2181
8313.994
7479.6167
4101.4443
1044.8173
924.255
2723.0725
1519.2441
3084.7266
954.1383
2550.3513
5116.576
5174.6724
31524.047
6098.502
0.0
1616.9851
3475.6104
2182.7227
242.49265
15304.484
517.6509
0.0
15980.578
2034.6804
5782.3037
8176.8477
1705.71
1292.837
1119.8374
0.0
697.35504
3324.7827
12305.84
3438.2583
0.0
371.6055
1434.6638
0.0
0.0
0.0
0.0
0.0
17.655472
7416.1943
0.0
2402.0647
0.0
1225.7443
24368.094
9491.519
3326.9272
0.0
145.06183
4335.6147
1983.0898
0.0
2081.779
5660.7646
18388.318
6298.613
0.0
233.6955
7241.5464
1180.7251
1172.1106
2534.1335
17175.717
0.0
0.0
0.0
24085.998
537.8988
7787.8525
0.0
2144.3855
0.0
8306.247
16894.371
0.0
130936.72
749.4946
599.4585
2382.7612
272.20087
0.0
1452.1
2658.9043
32613.043
4664.471
1813.645
3775.1653
10215.835
971.3243
0.0
0.0
0.0
0.0
0.0
66350.84
210.87054
2970.4707
0.0
0.0
0.0
2600.7183
3362.915
3435.1643
6188.8496
0.0
15862.619
0.0
0.0
6720.918
989.0728
1724.959
1530.8141
4690.513
2523.0457
0.0
340.26172
0.0
4878.1904
9336.9
12694.768
9010.31
1292.053
4648.5205
3100.696
2525.615
0.0
2643.135
5880.5176
0.0
8603.244
1892.2844
6663.863
5356.794
8119.397
1266.3304
65454.855
0.0
29522.969
2192.2146
7971.1807
2047.3228
55833.312
0.0
2978.446
3285.5688
2014.8542
5437.0063
1509.6089
6091.927
0.0
2016.9739
5309.128
1381.9991
3781.1243
385.55453
429.66132
0.0
9203.473
0.0
0.0
0.0
2544.137
0.0
3754.1675
797.0383
428.83038
1548.8855
3880.5608
0.0
857.3012
0.0
3139.2566
21900.848
1879.1317
100921.35
590.717
0.0
3844.395
3470.99
11947.377
20597.68
0.0
6348.9053
1856.7766
5511.766
0.0
12823.29
2143.916
1023.2117
3788.3823
54.407864
6102.099
6069.1235
19.609535
2500.0227
101.50303
6066.5947
7525.4873
17283.59
1617.7422
0.0
5605.1396
1786.122
3693.1226
3139.0928
1989.5929
1723.8748
0.0
7878.3403
6979.911
718.7051
5444.595
0.0
0.0
0.0
10669.899
162.73067
480.97473
0.0
0.0
6967.458
1806.0385
1944.7507
1304.4785
0.0
4036.4639
3448.2314
757.3569
0.0
0.0
3448.4448
1200.1772
6316.42
2071.385
1298.4395
0.0
3673.3696
4056.8008
5741.361
0.0
2073.7764
961.07495
7106.176
0.0
14111.816
2023.8201
2486.7754
3002.2563
3711.5984
2565.503
0.0
3646.157
0.0
0.0
8535.136
0.0
8295.291
0.0
5126.747
3620.5156
2452.8816
0.0
15120.516
6195.005
351.63556
0.0
0.0
2177.0137
2028.7771
0.0
16357.861
0.0
0.0
3250.497
0.0
6750.365
189.32277
1416.1177
5069.8423
1952.6129
1899.3755
1812.6157
627.2698
23662.754
19777.035
1337.9836
2670.7202
8189.1855
3055.6309
14170.131
0.0
2262.5415
1628.7441
0.0
13248.982
4344.1895
0.0
3026.1084
0.0
7099.658
1461.1741
1990.1204
0.0
0.0
0.0
0.0
73.67313
0.0
0.0
3974.616
0.0
1938.3907
0.0
5772.6978
0.0
0.0
7920.209
4526.2227
0.0
4352.6064
19428.043
7564.676
0.0
1485.283
21312.203
0.0
1029.0437
627.3459
5863.673
4398.29
0.0
3784.1616
46182.43
13631.25
2090.6519
0.0
0.0
3189.3774
56879.78
2347.1265
1242.7903
3534.4973
885.624
0.0
1626.4656
39847.46
0.0
4717.7144
0.0
246.87225
4255.579
262.96478
0.0
6864.1885
7136.1064
13393.336
14749.148
1073.4951
38566.684
2879.418
1338.6123
0.0
0.0
0.0
35049.22
898.6026
25398.883
1872.2211
2967.6992
531.38605
0.0
26479.912
681.348
0.0
7235.1895
2670.3298
10727.135
0.0
5070.036
1855.6377
0.0
4077.2139
2176.6445
1776.2937
646.6534
675.1225
725.1998
5488.1865
5902.9385
0.0
3879.0308
5477.252
0.0
0.0
0.0
11417.875
1361.9037
0.0
22398.701
8566.754
0.0
27.586178
2345.544
0.0
681.155
0.0
4952.241
0.0
957.0165
4682.128
148460.53
109319.47
6392.0713
685.4824
4077.5183
0.0
0.0
3153.4197
0.0
1905.6855
1326.7517
2686.5952
23817.23
0.0
6513.357
5015.207
7437.68
372.28867
0.0
56875.895
836.907
4682.1157
4035.1301
0.0
504.03458
462199.5
2802.0422
34090.4
0.0
0.0
10294.9795
0.0
0.0
1236.7601
4411.997
0.0
0.0
733.7389
367.8603
53.062714
390.57452
0.0
978.537
0.0
0.0
4262.581
7781.531
2620.9463
653.1814
5786.538
5926.9033
909.7155
0.0
6541.4565
366.59183
4501.2554
0.0
17896.941
11280.889
3591.4268
4093.4155
1774.624
18029.963
1168.7788
0.0
5366.663
4953.669
9402.622
0.0
0.0
0.0
2434.0342
71407.18
0.0
40173.938
0.0
1951.9601
9821.071
3250.2312
2840.6143
835.9799
0.0
6489.826
5149.5776
107397.59
1828.5642
0.0
0.0
0.0
0.0
5307.172
0.0
5607.1523
2769.8235
23330.791
2649.0415
2789.8237
4806.997
0.0
7680.381
0.0
10437.24
9288.053
1965.6362
0.0
0.0
7576.9497
5881.2466
0.0
6069.019
3973.3662
0.0
0.0
3996.959
0.0
10793.777
0.0
11409.965
0.0
0.0
2177.03
0.0
0.0
5298.0215
7252.0977
0.0
3362.0063
28952.055
6024.7446
9833.686
11904.822
2616.4927
2060.937
9503.389
5416.4595
2530.301
0.0
5950.247
976.3004
1821.593
1498.1183
0.0
1500.1875
0.0
0.0
14301.453
2571.983
10349.755
2813.1157
0.0
11581.941
0.0
0.0
4726.5405
0.0
11613.899
2265.3618
0.0
4751.562
0.0
5616.582
4991.243
0.0
13035.328
1295.698
0.0
0.0
2218.7617
0.0
0.0
0.0
6115.799
0.0
0.0
0.0
1553.9631
1926.3303
233.1789
6086.033
8421.089
0.0
0.0
0.0
766.15674
1573.12
3512.1775
0.0
1575.6078
2560.6567
5905.2744
1138.308
0.0
0.0
0.0
3907.8267
0.0
3726.3787
0.0
15057.701
0.0
0.0
252.80765
2246.267
6018.744
1780.0331
0.0
3765.6782
11104.455
0.0
0.0
0.0
21012.012
4117.3154
0.0
0.0
12779.885
9065.236
614.89197
6682.239
2004.9033
1009.15924
1594.0566
876.7408
0.0
7542.102
1727.9977
0.0
0.0
0.0
0.0
2350.6692
0.0
0.0
5979.1826
0.0
0.0
19.108574
1468.3229
8157.231
1139.4772
0.0
1862.3585
2801.029
5373.9385
3380.67
2257.9258
431.23108
52360.22
0.0
732.60046
1901.0068
2968.1147
2283.1655
2285.17
0.0
2490.581
0.0
0.0
0.0
1387.315
1317.344
0.0
1982.6996
755.4981
6398.0215
1899.4152
0.0
3796.8384
0.0
10581.037
3760.171
6938.2803
11713.854
895.2324
4319.482
9715.049
571.9956
3193.2603
0.0
0.0
9880.869
1188.4688
2585.2163
0.0
7269.884
6910.5996
0.0
985.1662
7651.7827
144.15907
0.0
237.70398
0.0
3970.497
3413.6353
30386.156
1758.8972
4298.364
117.5536
0.0
6332.5225
3635.8354
1249.5244
1885.141
0.0
46620.812
0.0
3550.6772
1624.59
0.0
3925.2017
2620.412
581.39594
0.0
997.0379
5185.704
305.2402
12559.081
2365.8496
39078.28
3859.847
3636.1587
3334.4675
3052.7246
95445.5
211.18698
0.0
2057.502
0.0
2628.6614
0.0
14904.15
0.0
1017.65344
2133.9272
7234.443
1309.9907
6459.9795
4649.671
348.96008
0.0
4623.1973
476.59778
1971.6735
0.0
2674.113
1521.0269
0.0
323.98492
0.0
0.0
18922.383
3561.4312
1381.998
374.95764
0.0
487.0775
996.15454
0.0
0.0
0.0
0.0
0.0
0.0
2534.0273
9801.758
10555.52
5236.461
5788.88
4756.0713
0.0
572.2954
0.0
0.0
35628.883
0.0
0.0
0.0
15960.916
5108.503
2081.9932
13043.414
0.0
0.0
112488.0
6498.215
0.0
0.0
0.0
0.0
359.96844
7245.333
0.0
3322.9646
1437.9116
5813.2734
4395.579
0.0
10882.773
13904.745
0.0
5477.7363
2547.269
0.0
547.6051
0.0
1864.5781
975.5225
571.8445
13952.17
1530.1545
8896.25
0.0
571.91656
0.0
24095.86
6110.2046
962.53815
0.0
928.5085
0.0
743.75793
0.0
0.0
4359.253
2235.3726
1428.4285
594.3165
0.0
408.80438
7455.2676
248.6201
7774.5225
16772.084
0.0
0.0
0.0
243.33115
0.0
1920.5276
2399.5176
21130.164
16110.393
30618.824
1812.3966
3632.4395
2910.5273
10013.705
381.9605
81171.516
14056.074
0.0
6629.09
33441.824
292.86218
0.0
0.0
23086.277
3896.1233
15763.587
1764.721
1255.2185
0.0
0.0
1328.6868
0.0
10490.703
28828.867
0.0
0.0
41139.62
6811.5757
222.66148
4105.07
2.6094284
1338.0688
2568.8281
1624.0669
2642.48
5154.3647
6498.5635
1629.7892
45633.215
371.09045
1905.5771
0.0
2112.3955
0.0
0.0
5129.3916
3580.187
3306.4753
577.84875
1460.0057
0.0
0.0
4331.1807
0.0
13701.018
7709.651
2686.49
0.0
2413.3203
0.0
772.0393
37061.617
1117.0491
6709.3784
98.68143
0.0
1972.3372
2570.6182
1262.0917
1336.1484
216.70006
0.0
23287.879
0.0
9602.002
8134.8184
16042.834
0.0
9836.293
0.0
1734.1965
0.0
5202.299
0.0
2261.2773
19689.896
0.0
1503.9648
0.0
370.85114
1454.6631
10619.3955
0.0
7841.592
0.0
1822.0048
3971.5767
170.4365
5637.298
4749.0654
5060.3677
24028.455
282.72354
0.0
4588.609
109.39842
13388.705
2039.9773
0.0
4270.19
1370.2854
0.0
0.0
0.0
1290.159
5744.501
0.0
1912.074
0.0
774.14307
40559.207
4633.9766
0.0
290.76465
0.0
392.63266
4420.5693
159.54134
0.0
0.0
0.0
1933.4901
11331.405
2987.575
6872.616
224.46877
920.93066
28670.531
49490.547
2386.5134
5804.04
49585.29
2344.0645
0.0
239960.44
0.0
0.0
40651.35
2663.2446
9534.6875
0.0
0.0
1023.1233
2053.9883
0.0
2057.0894
0.0
81.71263
455.03333
3870.9775
4996.2036
135766.3
1875.0256
2863.3914
2926.7966
11717.258
3145.8909
284.15524
0.0
213.05447
32111.887
0.0
0.0
323.52158
3762.212
0.0
0.0
685.66614
12221.061
409.5066
3727.8608
6651.0796
13022.493
14671.848
0.0
3391.7207
11699.138
5714.926
13265.78
0.0
0.0
6.9046173
0.0
5049.5947
0.0
6576.1885
2927.6606
2980.607
0.0
433.30765
0.0
0.0
0.0
6466.0664
4159.876
0.0
1876.4193
0.0
5652.2266
4052.956
60144.836
2261.2476
0.0
574.1207
9536.033
26108.258
4901.3164
2486.0
0.0
3197.247
2261.064
0.0
0.0
268.40366
26.522636
5884.6216
0.0
19919.186
0.0
0.0
2425.7646
2979.2976
0.0
9732.986
0.0
5511.0957
4337.3394
238.61331
2118.4
3616.0332
1078.1058
5617.485
5753.3423
5037.307
2030.7886
0.0
10273.996
0.0
1483.1313
1949.2842
25268.637
0.0
4158.4795
20315.59
1565.6199
0.0
0.0
0.0
18.747742
9881.496
15043.945
0.0
7782.705
372.4066
0.0
0.0
4896.6484
0.0
3530.4915
345.0858
2451.4927
709.57275
0.0
75328.984
3790.1619
0.0
2138.5137
2956.1562
12022.953
399.25397
0.0
345.05478
3905.4912
0.0
2891.5068
0.0
0.0
26815.127
2778.6367
427.08133
24169.02
3980.0588
7724.3994
621.16644
0.0
2643.273
2000.7745
0.0
0.0
17822.648
720.4241
0.0
0.0
2182.6528
177.10823
2802.5798
4135.8623
14034.441
6428.682
0.0
53755.22
0.0
556.0242
4586.702
3550.6335
754.036
2096.08
6726.3604
4711.1665
16206.434
0.0
0.0
20521.867
3629.0903
3037.6611
74864.98
0.0
0.0
3213.016
0.0
3346.3855
0.0
0.0
56122.906
2848.524
7200.9287
528.8757
0.0
0.0
0.0
0.0
0.0
0.0
321.73175
4115.251
0.0
856.46173
0.0
11400.408
15475.213
11484.792
4288.7715
2437.4924
1216.1848
168.57173
0.0
9267.3
9130.801
5249.702
0.0
19873.828
1612.3018
697.637
5775.336
0.0
0.0
6195.524
14728.461
0.0
5827.723
14535.382
0.0
1159.721
484.1566
1295.7152
20252.31
2964.8374
3399.6763
1652.4873
3293.35
254.32596
725.5217
10093.177
933.62976
1505.3058
3416.6064
23115.877
792.849
290.73755
6524.089
0.0
3813.6875
53415.094
0.0
329.17996
0.0
5365.7427
0.0
31862.85
31726.047
0.0
0.0
2483.2222
2342.6982
1106.8438
1795.0807
0.0
127166.945
0.0
0.0
0.0
0.0
0.0
0.0
3942.745
0.0
2264.3652
67754.54
2146.8503
992.5254
0.0
332.481
4909.3438
184.48282
31927.81
0.0
0.0
1256.6537
0.0
1225.0038
0.0
69489.49
2029.7836
3050.2039
1867.2883
59503.594
0.0
1035.247
534.23474
7363.7217
18249.354
77.4129
48150.723
58854.445
0.0
14589.62
10315.371
2662.2856
7358.05
0.0
2066.791
185.4347
4074.2385
137.63898
1217.1774
0.0
28299.02
866.3179
0.0
4866.6587
1791.4012
32451.176
0.0
16299.607
125512.79
15609.766
308.87094
13627.941
0.0
0.0
0.0
0.0
0.0
2485.3477
0.0
0.0
1056.8348
1184.7385
2644.119
487.26102
0.0
3502.9497
3531.551
0.0
2721.202
1919.2456
34953.88
452.75784
2622.4756
7579.202
102936.06
8471.18
370.27823
12025.272
0.0
1254.7567
25569.688
1371.8323
1528.654
115582.1
7285.8174
0.0
1060.3123
118.20499
0.0
0.0
3261.6953
48256.707
5808.3765
0.0
0.0
0.0
0.0
13021.15
260.52765
4986.6294
0.0
1347.3727
281.16922
55261.08
10736.183
2640.1824
9007.336
4492.838
471.0805
0.0
7600.1025
6752.7764
1791.9082
0.0
0.0
0.0
6671.965
4400.0356
0.0
0.0
62498.363
6537.7427
11814.6
0.0
0.0
3172.1733
1189.2659
1526.1907
6450.152
0.0
7553.3965
2233.2974
0.0
0.0
0.0
25773.816
14626.391
0.0
2901.9824
0.0
39613.793
4308.4165
1367.8116
0.0
4335.8887
9731.921
4544.6064
795.9473
1575.5267
0.0
4196.8916
2236.6772
3322.376
0.0
0.0
3504.1404
2891.908
0.0
0.0
24325.023
28.101437
0.0
7503.0215
0.0
721.30444
10516.937
0.0
0.0
1087.0308
364.78836
1874.7014
10360.172
3125.1172
1006.6367
9347.466
471.84497
771.572
170.18051
5643.7686
0.0
0.0
3637.3328
2834.13
0.0
0.0
716.1596
0.0
10125.839
0.0
222.1613
0.0
3917.4639
1302.2329
522.04675
0.0
0.0
0.0
43346.875
0.0
8408.203
0.0
492.94226
0.0
0.0
3364.068
0.0
76732.54
9872.655
3873.41
0.0
0.0
0.0
3930.729
0.0
1552.6013
0.0
0.0
1286.3407
0.0
5098.719
24478.734
11460.729
719.3605
702.2938
1227.7965
6251.205
0.0
2707.499
0.0
0.0
0.0
3686.5134
101.41981
336.9937
34993.777
3697.7358
0.0
20286.691
0.0
735.5504
5458.503
3114.187
0.0
0.0
25047.13
0.0
0.0
12935.27
9730.713
25103.395
0.0
2806.1333
848.9561
4676.941
0.0
2183.8354
0.0
4338.332
0.0
16323.807
12983.4
0.0
0.0
4536.217
1218.0734
1425.0372
528.5133
56843.418
845.11035
30820.332
1312.8162
1510.294
2377.1484
4085.5693
2121.4993
0.0
15152.08
0.0
0.0
0.0
147480.1
26132.508
0.0
4195.797
664.1522
110394.7
1468.0481
7266.4697
2455.03
0.0
8914.952
0.0
0.0
0.0
1139.3057
4559.4717
0.0
0.0
1863.8894
4518.1553
6394.2344
2325.7588
3068.0674
4006.021
554.87695
7669.894
454.8523
0.0
326.9398
3740.8018
1524.1427
1430.9185
4302.955
6724.383
9545.027
8533.451
1842.4149
0.0
0.0
7892.3203
0.0
10760.74
2621.7183
0.0
0.0
1672.7722
345.76874
0.0
48180.305
0.0
2739.9385
0.0
0.0
0.0
118408.09
4182.6943
389.99506
6167.877
1583.4327
0.0
9616.214
0.0
0.0
0.0
4238.147
132.61499
2100.4558
12609.78
1911.7849
70979.22
0.0
2547.9958
68.94308
0.0
5874.2217
0.0
76929.87
2642.9026
0.0
17578.814
0.0
401.45822
0.0
1408.0901
2383.8042
507.237
0.0
0.0
1883.6427
0.0
191.52629
1582.1309
1282.9766
0.0
0.0
0.0
1311.8433
0.0
4866.954
2591.6587
0.0
1407.844
0.0
2566.2666
126020.86
0.0
4357.1875
46388.992
1520.075
45874.555
0.0
867.41144
2578.5967
11680.678
18116.326
0.0
707.0622
4987.777
8657.267
6023.337
476.5849
0.0
1233.8741
0.0
6272.3096
1840.3826
0.0
135.32733
2329.36
494.7732
0.0
2333.3801
1576.0457
0.0
8433.601
0.0
20393.436
0.0
0.0
4320.316
188.04832
0.0
1680.0007
63.83435
0.0
2887.4023
0.0
12749.03
4323.7954
9.808811
41613.8
1744.8359
24896.748
160.54555
0.0
509.98645
0.0
0.0
1563.87
5689.1304
53456.016
1462.9634
8667.837
1617.3645
2472.876
1242.3911
7225.923
0.0
5104.4043
7385.2754
25472.197
18161.266
36626.59
186.62556
0.0
0.0
1405.9315
0.0
42640.07
499.8181
0.0
0.0
0.0
14748.033
5160.831
21678.219
0.0
0.0
1236.2036
138.42905
3604.4424
1413.7303
0.0
0.0
3869.5916
5341.408
12292.441
485.05753
356.14508
9692.57
0.0
0.0
336935.5
0.0
13713.52
0.0
0.0
0.0
602.31665
0.0
25504.707
1617.2368
282.01758
0.0
3239.2793
0.0
4615.9043
0.0
1741.1106
0.0
463.72714
0.0
1743.3237
0.0
0.0
3490.1921
1088.7952
6379.256
0.0
10167.529
875.59143
0.0
1554.4824
7207.6655
0.0
5710.432
0.0
17832.09
723.2313
492.0881
9793.77
8851.39
189.65079
777.68915
1064.8906
98.64807
0.0
2779.9712
0.0
83710.7
9076.371
12459.451
3399.952
6406.211
0.0
0.0
3454.1968
0.0
282.23688
12200.104
0.0
16549.24
4593.0386
0.0
1092.6201
4991.755
0.0
608.3834
0.0
0.0
1995.5259
0.0
0.0
2866.3218
0.0
0.0
3350.5676
509.3991
38523.188
10627.697
0.0
16942.959
250.15298
3320.0864
0.0
0.0
0.0
0.0
0.0
2263.509
4185.5635
9352.918
1741.2292
0.0
1404.7761
5615.1533
0.0
979.7968
36365.914
302.90082
0.0
0.0
0.0
0.0
2748.9436
20367.215
46375.812
90907.4
1873.7002
0.0
0.0
3895.7456
0.0
0.0
81960.086
13857.7295
46388.094
19400.648
0.0
2907.892
12271.016
0.0
3362.2532
3821.1973
118.31856
0.0
21711.588
50793.664
0.0
7578.359
0.0
0.0
952.6355
74715.63
1317.36
3792.8638
0.0
55532.72
14269.172
0.0
8985.424
0.0
254.34868
3833.1377
0.0
10679.682
19517.418
1947.5048
6088.1426
4461.0474
0.0
0.0
0.0
3153.1077
3739.4106
8707.773
16604.436
0.0
0.0
1959.0886
0.0
0.0
2193.12
0.0
1317.0094
18950.271
0.0
11553.153
4458.163
9888.359
1014.82007
1574.2451
970.8114
0.0
0.0
0.0
0.0
700.0233
4995.602
0.0
0.0
0.0
1545.52
0.0
1331.0085
6241.3804
849.63794
607.5855
18501.455
7310.355
0.0
0.0
3960.862
0.0
0.0
5482.085
0.0
8229.722
0.0
33714.51
0.0
797.3256
1595.3623
3600.3242
2767.4055
3537.0479
0.0
3694.3423
7582.51
2747.4497
674.38544
1702.8359
0.0
653.64575
20354.404
7129.7593
2867.7935
5140.519
4246.295
0.0
6084.3877
3177.5955
5508.6377
0.0
0.0
197.61615
0.0
637.5356
4646.7603
0.0
8312.607
578.26086
0.0
2800.2468
542.2949
0.0
238.2333
5812.772
0.0
27263.441
8268.487
0.0
1872.7764
51322.164
0.0
33821.457
115.20455
1939.2095
825.1427
32778.99
11798.6045
1102.339
4948.7266
0.0
0.0
0.0
0.0
4332.045
0.0
11693.124
0.0
130.37903
0.0
879.1451
3893.7656
0.0
2891.2432
0.0
4623.452
12024.288
0.0
251.22638
3841.394
0.0
102788.45
3078.6953
0.0
21890.48
57823.246
6261.63
0.0
2999.4434
0.0
720.06915
1657.5349
3001.8115
3337.5154
9427.427
21844.107
3086.602
8406.336
935.56055
0.0
3193.9631
5717.2812
8261.182
0.0
1884.4121
592.6609
3188.977
0.0
1396.8767
0.0
0.0
6009.171
6241.593
27813.812
708.89276
0.0
2449.24
91631.1
677.3229
0.0
11538.156
441.3352
40172.16
9936.061
0.0
0.0
585.8442
229.3151
0.0
275.10242
0.0
0.0
11156.385
2930.4265
1086.9783
2376.139
0.0
17033.81
241.40436
4229.632
0.0
0.0
1414.2493
0.0
0.0
2278.9475
10978.025
0.0
17.638256
0.0
386.18503
214.66794
10773.573
5059.876
174.70947
29758.203
0.0
0.0
0.0
1373.7637
0.0
3993.1816
8609.734
28846.22
0.0
2828.398
2051.4243
124743.14
0.35446167
3630.9585
204.22113
1758.0947
3960.151
0.0
0.0
1565.2703
1538.4618
19734.342
26383.605
12383.334
0.0
782.9099
6145.9053
2274.3525
1789.7988
12828.334
610.83167
263.2577
0.0
721.29895
0.0
3623.677
10020.541
357.84705
20487.014
5450.9473
0.0
2270.2334
5540.9497
0.0
1637.4758
3462.3145
6306.696
0.0
2461.7756
2757.4468
2037.5359
3834.6323
7107.0913
0.0
0.0
0.0
28752.938
0.0
2716.1763
0.0
178.89845
0.0
3065.9976
0.0
0.0
0.0
5724.3447
2021.4208
961.0508
0.0
0.0
21533.195
704.76917
55972.816
0.0
0.0
3919.359
3298.683
0.0
0.0
401.59674
225.17023
0.0
1419.3534
2509.7
222.22487
0.0
0.0
0.0
2460.8687
0.0
15177.232
11163.095
3660.7827
0.0
4200.7725
0.0
0.0
10873.734
0.0
1729.9908
1330.6432
2936.5974
2021.9114
0.0
808.37866
3122.3806
10772.95
0.0
319.3517
1620.357
0.0
0.0
1141.8973
0.0
0.0
155.89473
0.0
0.0
0.0
2588.572
1374.7102
2037.5831
3928.211
0.0
0.0
5547.5854
0.0
946.78925
0.0
4531.3545
3314.9048
0.0
0.0
2782.26
9418.8125
0.0
14000.416
9882.739
0.0
0.0
8032.2266
1391.3547
6016.78
1546.2725
0.0
0.0
0.0
1407.6228
594.17615
10991.133
5761.6406
4029.5776
0.0
0.0
0.0
718.76495
453.38696
16092.963
10489.057
12922.76
0.0
506.5204
3917.4844
765.05505
2844.1099
0.0
0.0
0.0
22039.855
0.0
4417.7324
5623.7783
2283.1052
2113.505
1682.7544
2253.451
0.0
9561.085
18636.57
779.3716
0.0
12315.431
20273.277
14569.223
2187.486
0.0
2745.1216
2465.6904
1348.6765
1538.2769
1032.6755
5099.2188
0.0
8784.324
0.0
9077.602
18819.377
1366.9677
14874.722
7639.2373
2916.4683
2387.508
0.0
2191.359
0.0
0.0
787.5021
19194.535
13548.99
8098.6167
1789.0137
797.47205
663.2965
0.0
1912.0173
20788.0
275.57916
0.0
0.0
0.0
0.0
48439.516
0.0
930.535
7501.3506
0.0
7621.3965
20306.254
4947.5938
20676.98
0.0
0.0
0.0
0.0
0.0
0.0
2525.018
1802.9661
1171.2668
7114.874
14635.397
12501.727
3565.0747
3504.2239
106.83279
8294.61
1070.4275
934.79456
897.34485
14679.4
447.5067
2782.423
0.0
1901.9417
7409.3994
2843.2375
2082.1694
538.3246
72712.664
0.0
2167.8376
0.0
1857.0239
0.0
470.87518
0.0
0.0
3850.0037
6749.2666
5093.325
1360.4827
4043.9624
5017.15
8476.669
1645.9758
13058.27
0.0
0.0
9396.613
23344.229
16254.332
5784.3687
0.0
5787.888
21898.967
2183.6245
1318.5482
4822.2354
5301.9424
0.0
2118.1233
2182.337
8100.6753
7841.5
361.17465
730.38153
656.1465
3044.332
699.42444
11606.173
12007.507
5585.702
0.0
837.521
505.64868
72818.24
2736.2805
4936.5137
413.96045
1870.1925
5184.9707
1320.9413
1323.7921
524.78986
941.29065
17389.736
0.0
721.52246
1301.308
0.0
2930.8416
2006.5424
6956.65
1231.3578
0.0
1978.1552
4443.6987
1533.147
946.2494
8938.872
6333.6216
2622.9182
542.34607
1168.0399
10065.764
8192.869
430.70798
859.7964
1316.1173
0.0
0.0
1143.0022
6245.5186
6639.627
628.6172
51.31443
15797.408
0.0
28202.848
0.0
1152.2527
1318.095
18487.758
1155.9746
0.0
2410.2644
198.31334
7386.5483
0.0
0.0
0.0
7690.967
4422.4536
0.0
0.0
2432.5188
5877.275
432.19525
0.0
1996.7489
5895.4746
4.6683464
1173.1891
0.0
0.0
57877.062
2105.5571
0.0
0.0
10214.268
797.249
7992.504
207.17596
222.76859
1166.6366
0.0
0.0
2883.8965
1867.0078
12155.023
0.0
14277.971
514534.8
3502.8489
5158.5566
28811.213
0.0
0.0
0.0
0.0
4131.824
807.85864
0.0
0.0
11472.824
0.0
0.0
0.0
14151.967
25481.164
0.0
6484.3022
12121.505
2057.0815
1285.0651
0.0
3065.9531
310.59894
2166.4023
165.53406
0.0
0.0
26558.55
0.0
4471.8125
22093.8
4676.711
0.0
14438.224
707.7195
0.0
6928.4824
1432.6824
0.0
7405.4365
314.09637
4278.876
51008.867
0.0
4077.7856
0.0
1204.5874
12562.141
759.01483
6328.1255
435439.94
0.0
644.1987
6360.492
17364.715
464.6134
905.4195
0.0
0.0
414.14645
0.0
1872.6688
0.0
0.0
2740.173
2465.8506
6820.4053
0.0
0.0
0.0
0.0
340.10602
6619.298
1583.1372
11453.963
12281.225
16033.928
4921.4795
138.48949
0.0
0.0
0.0
1650.3828
1629.5726
0.0
0.0
1750.1299
5139.8945
0.0
138.28235
3561.567
2909.8875
0.0
612.4981
3079.0986
0.0
3716.6465
0.0
170169.34
806.62683
748.36615
2151.694
0.0
1344.4641
648.0082
3336.838
0.0
0.0
0.0
0.0
0.0
0.0
0.0
0.0
0.0
12946.535
4111.72
21888.535
0.0
12498.32
0.0
2172.1074
3161.6038
1255.0068
0.0
15041.234
5359.463
1016.6023
0.0
979.0291
598.5475
316.46204
1833.9537
12452.794
670.5115
606.046
0.0
4917.4717
0.0
15881.301
109.10589
2834.1992
242.6626
16566.781
3028.942
1047.0217
0.0
2933.3376
1397.1743
0.0
791.8081
3458.0044
3617.417
19608.986
0.0
3738.434
2480.2314
3833.004
22269.992
229.39505
36248.977
651.4091
16629.027
10039.75
0.0
0.0
0.0
0.0
0.0
2914.0347
2712.9277
8106.1396
4802.5156
6222.034
0.0
5065.626
3320.8547
7535.408
3969.7798
0.0
12486.421
18933.055
3503.195
5604.2373
319.09515
1133.3341
3244.7842
0.0
2799.985
5570.954
1494.1858
8093.8027
0.0
0.0
0.0
3270.1343
3747.6807
3172.4963
564.16504
0.0
17172.262
26.225025
0.0
0.0
11748.379
3525.692
3920.7092
5524.1655
2450.6028
2838.045
6146.552
0.0
3254.6123
3669.1929
1448.312
9368.286
0.0
327.2232
0.0
6545.1543
1597.383
8314.029
6412.6147
0.0
949.6616
3298.3857
1653.1498
0.0
165668.9
274.72308
2991.3174
0.0
8005.749
0.0
2735.6487
0.0
2837.833
0.0
0.0
2476.8354
1469.8359
2219.362
11666.553
6896.4585
351.66022
8043.9243
262.4671
0.0
4074.7322
0.0
0.0
1335.1028
20208.324
516.587
0.0
0.0
5277.4316
9703.982
0.0
1157.3495
0.0
0.0
0.0
0.0
5462.8887
1290.0298
3286.1743
0.0
579.1499
8767.119
150.02243
89223.64
355.9911
197546.31
2019.2437
58133.387
51721.05
7403.465
4758.346
0.0
5140.494
2921.311
2124.2942
1933.0674
5585.397
0.0
12225.041
19084.613
10646.242
0.0
4435.6035
11078.785
37913.156
882.6461
0.0
0.0
3100.8354
2709.4224
2888.8176
0.0
0.0
881.55365
4514.8384
5.362755
12362.067
0.0
4150.1187
165166.98
6407.9014
2327.2915
1588.4565
7429.872
3749.987
7379.2734
3672.1216
0.0
11513.57
0.0
0.0
2669.437
8104.6045
1637.4531
0.0
6264.687
1626.8688
3014.436
41585.105
4132.013
234.34076
0.0
8661.395
467.34143
643.4981
15050.83
25042.398
555.907
784.2225
0.0
0.0
5498.242
4365.4155
0.0
136.74072
15085.711
5129.376
0.0
2092.27
0.0
0.0
96610.47
9037.09
12621.366
0.0
5127.451
4206.8867
3422.3623
9092.888
0.0
0.0
0.0
295.13007
1680.3552
5586.989
0.0
32541.422
12610.167
5750.3096
23316.867
4184.009
0.0
1343.8096
0.0
0.0
18195.453
1345.2054
5271.288
791.7649
0.0
0.0
9143.081
0.0
7422.4033
1840.7936
7223.706
2013.1995
0.0
3079.915
3075.2314
0.0
0.0
30735.414
4856.0317
2909.456
0.0
3988.9475
1425.0905
7997.339
1309.1437
846.40216
2218.7712
5073.7563
11321.141
0.0
761.5386
1847.8152
4116.1772
0.0
2866.4368
2579.9136
6177.1934
3494.9248
0.0
1548.1084
3962.5435
5645.2866
16816.766
20647.607
33931.54
3330.04
9358.732
0.0
806.0465
0.0
513.4089
61003.71
6250.7666
1056.7555
410.10178
0.0
0.0
0.0
0.0
0.0
4082.8772
23419.098
0.0
1245.6062
56.377007
406.22583
0.0
23120.271
0.0
97549.766
3357.3918
2512.3418
1649.3224
3018.3416
15927.162
0.0
0.0
0.0
10855.058
2514.4468
1212.3247
3956.683
59202.49
0.0
1865.3356
50163.68
1209.2717
4847.205
8012.311
0.0
35288.254
2154.5889
6724.9893
314.30945
12021.541
0.0
8634.767
0.0
1154.8936
4626.557
2277.728
0.0
9758.038
16485.607
0.0
10811.968
2252.4556
0.0
809.9173
901.786
4266.9414
5333.2217
25704.277
2844.8567
482.34592
4241.57
0.0
3900.6567
0.0
0.0
23734.428
290.04803
194.57785
0.0
0.0
0.0
4147.0254
0.0
0.0
5343.538
267.76245
605.8156
2362.1575
611.8982
3106.435
0.0
304.96512
31885.258
13299.547
0.0
226.31647
2889.0627
4954.2407
1465.9796
4908.293
0.0
1851.3467
0.0
0.0
0.0
2264.1248
13914.362
0.0
0.0
2834.5552
2568.2954
13856.07
3813.143
558.1462
1733.7954
413.2622
0.0
0.0
0.0
0.0
0.0
61499.332
0.0
269480.7
291.95105
7675.951
0.0
8082.2373
1628.0935
445.90973
0.0
108756.44
0.0
3956.428
7214.1475
0.0
0.0
9390.508
2236.4495
1446.5591
10423.432
18985.68
0.0
1079.0884
0.0
0.0
11870.469
0.0
0.0
2754.9304
0.0
0.0
195.81358
2030.3788
8362.849
4706.952
4726.1025
453.58423
8433.086
8911.469
0.0
579.1029
481.98315
4096.666
0.0
0.0
0.0
3178.0322
0.0
9114.819
0.8148804
1652.2375
1987.2715
4020.5474
0.0
6744.1865
2729.3936
0.0
488.65067
2397.566
31862.746
0.0
3682.6306
0.0
4841.6436
640.1076
65.01884
36007.574
1898.7649
0.0
0.0
0.0
379.76056
0.0
124.10363
4356.3594
99955.32
0.0
5260.6426
3328.8875
0.0
8019.3906
0.0
0.0
4012.2466
1596.8402
0.0
5900.1963
4149.8574
0.0
94.919205
0.0
2037.066
7536.3613
0.0
4744.5977
8287.769
1141.5873
4048.2734
9204.473
1494.6841
0.0
488.77124
4353.711
0.0
