578.3795
671.96387
260.24634
0.0
554.31604
3044.9631
1591.8263
2486.0132
0.0
0.0
0.0
1081.3649
4324.5283
3686.8027
12214.292
0.0
2181.2754
0.0
2675.4053
3896.7258
5152.98
3907.7466
3734.8435
3775.9985
0.0
1249.2677
0.0
813.8676
2978.5552
4992.001
5223.148
1726.2585
0.0
702.49274
0.0
1325.5946
769.0814
8525.415
49583.055
854.8862
0.0
1434.7778
1579.856
5056.166
2594.1006
860.9735
0.0
0.0
0.0
0.0
8490.175
291.35278
0.0
1293.9775
471.66486
4180.1797
3656.3076
0.0
4624.7295
1666.8679
21879.912
0.0
0.0
0.0
3740.5999
0.0
7803.2715
7222.098
2041.1024
923.82983
4315.615
1327.3193
2070.5005
0.0
0.0
1727.8904
7460.9707
1734.6094
7698.9487
2622.832
365.94952
5500.8154
3457.1519
613.26843
11311.963
0.0
255.65497
4816.331
692.29425
1802.1803
2775.2236
25554.18
33168.625
0.0
0.0
10947.17
0.0
1918.471
1162.8285
1178.488
3483.8552
4525.129
9708.355
2120.045
2386.7188
0.0
4916.84
4557.92
724.878
7605.1265
0.0
0.0
0.0
3041.191
3905.599
1789.899
4680.0347
20559.938
0.0
0.0
3990.4402
0.0
43629.7
284.39093
3132.4827
0.0
0.0
35080.83
1150.5337
0.0
3599.0867
4081.1309
0.0
1175.5845
4074.4229
0.0
4683.5117
7429.339
0.0
0.0
11709.227
3912.9072
23304.49
11000.129
0.0
4858.05
0.0
3890.1982
0.0
5579.435
3932.0767
3158.227
3433.002
0.0
19583.773
3877.847
441.4798
0.0
0.0
0.0
949.4603
0.0
1723.8508
4903.855
0.0
3804.517
7383.205
3742.0864
0.0
5881.1196
44435.344
0.0
4105.1094
0.0
3450.705
21530.717
109.54449
2437.9214
2087.949
13177.794
0.0
0.0
25672.643
0.0
1386.3914
3495.204
2034.1416
0.0
3357.0938
0.0
11762.144
6516.799
1614.0309
9378.296
2514.0544
17874.07
4028.2766
5376.6953
4522.0977
3095.9656
1055.0
0.0
0.0
7717.409
0.0
0.0
9122.986
0.0
1786.4324
0.0
2448.3062
8013.325
6981.0776
0.0
484.07874
0.0
0.0
0.0
2626.1553
0.0
0.0
1277.2686
0.0
1945.5984
12198.453
2630.6536
7529.24
1842.6814
3795.9458
17297.236
0.0
4258.22
0.0
83121.1
1361.5564
6864.037
0.0
6181.458
8902.417
0.0
2225.3506
4418.1104
882.0095
2769.4453
145.23152
10077.99
0.0
2527.4893
0.0
0.0
0.0
9137.861
1037.5284
11078.404
2697.2896
0.0
152.186
8196.316
0.0
1903.1017
1747.9446
0.0
6709.742
64232.297
0.0
0.0
2028.5518
0.0
0.0
1423.0671
0.0
297.96472
11148.564
0.0
3905.4814
0.0
1602.3447
3011.315
3947.457
0.0
654.3148
757.3531
3154.3135
0.0
429.70087
2156.3948
104645.66
526.448
19890.629
26264.904
2407.9817
33963.285
0.0
8557.525
426.18213
0.0
0.0
4937.585
0.0
14694.847
5656.7744
802.42737
3453.5168
14407.24
0.0
2082.316
24101.812
2196.538
1493.2881
0.0
0.0
0.0
99.23839
2204.647
3377.9663
10996.0625
14748.572
23115.55
2022.9441
74.3521
1100.2925
430.31238
729.02844
2261.1748
2449.973
1309.2205
829.7974
1345.9126
1421.1692
0.0
2812.3096
0.0
244.40887
2150.5386
0.0
5008.1064
12527.807
44370.81
3497.6338
32582.504
922.5231
4096.5376
8329.339
1570.7477
2557.3145
771.6577
7458.5938
41603.848
0.0
1552.3092
2963.9907
0.0
4579.2544
0.0
1251.6986
2170.764
406.54117
2202.1897
8007.9653
1322.6005
6091.798
0.0
0.0
129.23396
253.97827
6460.575
0.0
230.44339
6434.0845
0.0
2492.3303
0.0
17014.254
659.71375
6347.5947
0.0
2327.5156
540.32404
0.0
0.0
8405.871
0.0
0.0
501.58112
13622.533
1277.2118
12696.853
0.0
43035.555
0.0
0.0
0.0
1028.9818
0.0
8868.413
5243.443
2169.8137
0.0
3338.3186
952.09985
0.0
492.05316
0.0
0.0
8679.376
921.1019
0.0
17434.521
1533.5681
13585.87
0.0
1665.8298
15673.215
8272.995
3321.8984
10954.76
0.0
973.50037
28830.773
2441.087
393.32925
3471.5413
1613.1813
0.0
0.0
6324.508
896.21387
2914.3647
6863.413
497.1836
10319.906
3133.483
2306.033
1523.7228
1177.562
0.0
0.0
9700.279
1986.0676
0.0
0.0
0.0
0.0
2452.8613
0.0
509.0796
4910.287
0.0
4666.7446
1511.1587
1382.2833
4704.908
5554.1924
2148.2178
172.17511
0.0
9743.453
4764.9585
16413.754
1641.309
0.0
0.0
8199.701
724.95233
4001.6555
0.0
5657.958
6748.2295
0.0
2374.4604
750.95215
2315.304
3131.834
580.8737
469.87204
2188.0317
225.63882
184.5063
6867.1187
1727.7804
0.0
0.0
0.0
1855.6752
1352.8541
2484.1377
1796.4431
0.0
5001.6963
0.0
5303.5874
2705.7463
2018.6682
253.12524
5123.575
5974.245
0.0
6893.3975
0.0
7375.8457
12364.93
641.44556
4159.1143
16558.473
8743.753
2986.221
0.0
4848.9473
2468.637
3892.4333
0.0
14532.756
89657.8
10329.165
2270.62
1887.5498
5964.2905
44164.797
0.0
0.0
1774.7158
2579.0117
726.56573
0.0
6175.1255
0.0
4195.205
0.0
833.6986
3867.9712
3195.206
56457.08
0.0
0.0
0.0
6022.0176
13154.566
3684.9866
0.0
4474.8057
0.0
0.0
1958.3976
0.0
156.77815
0.0
3925.5708
23292.422
5067.9873
1685.2847
0.0
9064.99
0.0
0.0
12242.016
0.0
19682.402
4222.456
3044.6797
2546.4583
7039.4023
64.41484
5340.678
6079.6064
1552.9448
0.0
2490.8987
2063.323
6435.9004
262.70175
0.0
741.0696
669.3857
1448.6285
24598.42
3575.497
29208.635
2910.0051
8895.875
4605.327
0.0
2897.8286
0.0
0.0
5661.234
1906.6716
31203.432
1580.855
2871.49
1002.75446
7673.7256
370.76627
30054.29
5087.7324
478.74255
5815.7944
6024.899
7162.332
0.0
0.0
0.0
509.24902
0.0
3985.8914
0.0
0.0
633.6645
1344.5792
418.41983
1399.055
345.21344
0.0
9605.124
1085.428
0.0
1912.8911
3032.6196
2466.5298
1147.9153
0.0
1374.8164
13009.373
1896.2727
1099.3978
0.0
12470.419
9272.662
0.0
1296.2263
0.0
1079.7854
0.0
24280.67
4630.9253
2646.9878
207.3345
449.59415
1049.7268
3217.223
0.0
0.0
4127.6646
4830.4937
2507.2964
3453.6138
0.0
0.0
11028.887
1667.3223
2595.031
978.272
616.4244
0.0
0.0
2387.1973
22054.672
0.0
3354.807
0.0
5386.1445
1137.7273
3983.9956
36920.125
8233.748
5090.275
0.0
2864.207
9725.391
4453.284
0.0
0.0
3350.5068
0.0
6275.192
4569.451
1512.0504
957.61005
0.0
1460.956
13950.545
55035.867
0.0
4204.1006
475.9913
1321.1661
12063.2
7835.0137
4946.628
0.0
85072.39
4137.9917
0.0
3131.1958
0.0
9119.947
315.15674
0.0
1950.7993
186.06097
3928.2773
23291.703
12149.424
140.49097
10971.379
1582.3914
4199.5933
5993.516
2325.978
173.3449
236.20541
6406.0264
5863.737
0.0
8594.844
0.0
1266.2136
5637.0513
1965.1729
5213.5005
0.0
0.0
89.376045
4767.132
0.0
287.65933
0.0
0.0
4187.1934
7463.3306
4811.792
7958.337
0.0
7517.3613
228.08034
5292.373
5961.1255
0.0
3829.0757
5342.9565
2501.753
8585.123
478.46356
0.0
0.0
16950.762
838.0361
0.0
0.0
1672.7056
2499.337
0.0
4980.0186
4432.4585
0.0
3225.6624
388.3305
3544.7583
3192.4453
13386.658
3557.8516
0.0
1573.4523
21202.348
0.0
1830.5754
2829.9082
0.0
750.61487
3360.8076
0.0
3160.561
5789.9873
0.0
18564.256
90787.17
1956.3628
5783.717
7365.3706
50939.547
0.0
2240.1553
2483.5142
0.0
3574.1973
3013.581
1656.3604
7345.822
0.0
6723.624
0.0
0.0
9466.922
2217.2734
1493.5566
1704.5787
11014.627
4841.1772
2456.0566
3753.6616
12371.5
0.0
9223.344
1118.2944
4263.8086
2036.2905
25699.27
45153.945
0.0
4816.8945
29438.695
7236.544
0.0
1728.9625
587.99677
2673.1814
1239.616
3436.753
0.0
747.27155
2935.02
4242.2163
16876.32
0.0
2615.887
0.0
0.0
8644.868
366.2082
0.0
0.0
0.0
2197.6187
2658.6143
2374.6924
19196.174
35561.96
11171.553
881.0343
1276.9944
0.0
1314.1638
6216.532
0.0
0.0
196.09047
9489.913
6178.789
5102.764
3019.4534
0.0
0.0
4881.833
17132.066
3041.3262
362.41162
0.0
10763.842
11519.889
17395.117
0.0
2034.7988
0.0
75644.52
2642.451
2001.815
125.287415
2053.1055
10534.889
2668.6914
2521.9822
7836.9873
861.4428
348.86588
3003.61
3991.998
4295.6904
2578.1265
1600.5571
0.0
4140.645
5807.4395
417.50354
3704.9104
6871.872
11154.438
1050.5559
1229.1135
0.0
2299.284
1192.1897
6547.8145
9121.933
0.0
7974.839
1762.8882
65923.76
0.0
0.0
1772.2163
2635.792
935.7696
1179.2252
10780.257
0.0
14439.486
0.0
4161.1665
5812.9854
0.0
0.0
0.0
1864.6311
3064.3096
857.4474
7563.335
4076.4497
3022.041
2673.8657
3616.1128
0.0
2384.2288
0.0
7381.9873
2593.245
1244.2815
1822.8601
0.0
3616.1538
718.4544
1427.9728
28214.184
0.0
10669.5205
103985.484
0.0
0.0
8598.372
3664.0454
3228.547
2104.648
0.0
5836.3438
7614.126
4078.3447
5336.089
0.0
28928.82
17024.79
0.0
0.0
0.0
9921.662
0.0
9407.163
394.7556
1531.9587
779.1964
2733.6455
929.1996
6065.166
3601.8599
20313.21
2244.3755
27895.129
0.0
2728.533
6896.414
0.0
3384.1538
1848.8816
4614.6885
7251.0684
1662.4517
473.02585
1744.0327
20045.93
2585.2852
606.08887
6417.5693
5188.5586
0.0
2524.2183
0.0
7326.628
8308.93
0.0
1956.1611
386.05273
12985.652
3267.915
5547.952
0.0
0.0
380.00534
2641.7104
11787.743
8615.828
96.90939
373.88245
16822.703
66618.17
3643.0732
0.0
10343.414
118.774536
0.0
501.12305
0.0
0.0
0.0
1288.9238
0.0
0.0
5749.5303
3445.2341
671.0901
17145.102
2897.9028
4715.271
5209.704
16045.535
9720.507
5943.7324
0.0
0.0
0.0
0.0
2547.2988
7347.126
0.0
3385.5986
0.0
1941.1245
55753.14
3600.8694
0.0
9118.146
0.0
6856.0127
0.0
3018.0283
6624.1694
26720.81
328.15094
28297.8
0.0
323.23932
923.91565
4412.7383
0.0
17895.61
270.90027
4254.129
3793.817
13710.264
25281.36
0.0
5310.108
1960.2144
9474.582
535.9474
1348.365
38.13416
0.0
0.0
0.0
7982.241
888.61224
1369.7213
5649.6206
2932.862
29289.22
0.0
2345.266
3625.46
0.0
18085.621
1790.7943
784.8586
474.1654
0.0
3613.8096
0.0
450.64056
7546.833
2739.9883
526.14606
3711.2466
0.0
1842.8126
350.2159
167.38664
0.0
5557.5596
723.5144
0.0
0.0
0.0
0.0
2188.6929
0.0
1332.9115
2127.3235
3507.0742
4034.6694
2714.121
1271.1052
2994.254
3523.373
0.0
1686.8516
10238.633
3983.4941
10387.336
3544.294
0.0
3840.1895
12885.67
8545.982
0.0
776.2915
4455.871
0.0
103.621025
6387.9453
2183.4338
977.1443
0.0
0.0
6436.0947
3697.9302
45070.156
1193.9218
0.0
5187.6953
3571.0884
16372.117
26080.562
3814.435
3420.4038
6058.243
511.16034
66480.086
1673.19
8667.605
0.0
0.0
185.1004
0.0
2027.8741
32451.904
0.0
3152.2556
10457.861
3231.6138
7101.814
9907.316
1892.0347
696.6591
5574.48
357.5562
0.0
3972.8967
17085.691
3009.6558
0.0
835.08075
27624.066
4732.207
2379.983
249.1191
7497.2393
2902.2808
796.34375
3738.0884
1573.8187
0.0
37047.125
18874.81
4279.4453
1993.5857
0.0
0.0
0.0
122.144775
6222.3613
0.0
2102.0713
3305.558
0.0
7832.45
0.0
7832.8643
675.11597
2924.9329
0.0
4735.1904
9050.472
2544.066
0.0
0.0
1848.4795
3205.3396
25607.479
6867.2065
2344.904
0.0
1451.0508
1848.3677
10500.583
2407.036
5652.7246
3814.7231
780.83514
9000.34
1104.4728
2108.7898
8967.655
1708.0693
12058.705
7425.419
1856.0632
1670.3608
0.0
2168.9248
9110.519
2725.8413
0.0
0.0
7723.064
11383.861
1318.6793
0.0
2582.4956
13761.804
21598.107
735.4624
7183.49
226.37709
9172.923
90032.19
0.0
14109.785
683.2815
3523.2095
0.0
0.0
3348.4602
7994.043
13425.284
942.4684
1456.9055
7138.824
1110.1024
0.0
27314.281
5328.45
470.0813
0.0
397.628
26016.057
0.0
1855.0144
284.70822
3470.622
1692.8694
0.0
1408.8567
19510.195
2109.9111
1343.0968
4107.5425
255.15158
668.97424
0.0
0.0
1186.6411
3020.8489
1747.7649
16612.297
1043.0087
832.133
2365.7139
33415.184
9506.896
3385.804
2046.8695
1268.7144
4763.242
496.44293
0.0
158.73286
4884.4014
1313.7109
24323.238
3584.1487
0.0
198118.6
2892.5366
1311.4377
0.0
2235.0989
4027.191
20095.752
0.0
532.72766
6440.9043
0.0
3344.4963
1309.3021
6084.615
0.0
1978.0051
0.0
2756.64
6163.157
13815.892
35697.04
246.74252
2496.7297
5408.829
449.88287
0.0
7200.5303
1933.1494
699.12555
3547.9268
178.34514
6141.9473
6635.916
25363.023
0.0
2937.577
0.0
32665.52
40043.406
0.0
207377.22
0.0
402.84836
45383.188
0.0
1047.21
640.8745
2181.8228
18458.254
4607.615
0.0
5893.2373
8657.242
0.0
14159.29
4463.125
9594.122
2298.6738
4466.8174
1621.0417
6210.0303
544.2619
0.0
3361.3774
0.0
3971.6409
2740.1736
3480.8704
4264.0483
0.0
961.52075
4083.56
0.0
0.0
4150.5874
17422.018
6397.036
3076.185
1707.8364
19757.316
3440.045
0.0
4426.799
3858.908
0.0
779.94556
5943.9424
1729.4117
2822.7798
0.0
0.0
826.349
13716.414
0.0
6936.8535
16764.01
0.0
1941.5251
0.0
0.0
0.0
0.0
5644.922
0.0
0.0
0.0
0.0
1791.8257
0.0
0.0
0.0
0.0
2730.14
0.0
3660.0376
1944.0742
11038.659
12653.187
2355.3735
2567.5422
821.53345
899.1068
0.0
2433.342
4772.698
687.7622
913.6006
1471.5677
19434.17
0.0
6165.617
559.7523
3471.0835
9482.012
0.0
3680.3794
0.0
1408.4338
0.0
0.0
4642.1797
58466.14
0.0
4059.814
34014.16
0.0
3209.642
0.0
0.0
527.93823
6799.315
2755.2756
4730.888
3119.8237
2794.0107
0.0
12025.5
37000.69
11134.541
4456.193
4384.336
210.53476
0.0
0.0
222.11255
6926.41
2083.8428
4960.3154
16769.674
0.0
340.65216
0.0
5083.138
0.0
0.0
673.60077
127.39213
722.3389
2716.3833
0.0
0.0
165305.56
2697.927
51.259045
2688.3225
2413.405
4659.4355
313.51025
17646.398
0.0
0.0
179.10185
5913.3467
5015.521
5120.6064
4135.3228
2317.0151
3652.0564
1620.7308
3694.0713
0.0
5437.0713
0.0
8336.287
2190.1104
1312.0746
2065.4312
4006.191
8674.988
2278.5183
0.0
9313.87
1097.6984
3030.8062
75522.1
8268.756
746.5131
2312.8472
4223.691
6888.742
4430.7407
770.3091
0.0
7898.5566
3008.6987
1104.9268
0.0
843.8712
6222.5293
6295.711
3972.7427
4226.98
2629.9253
0.0
1937.3472
2807.6206
2703.0464
4141.5757
2722.1716
1640.0142
221.03157
0.0
1132.4933
0.0
5151.162
3946.937
2527.0156
809.6996
0.0
0.0
2415.1897
5079.8184
5810.0693
1799.2583
12372.797
107.21367
1797.2133
2354.4812
0.0
2016.9087
0.0
1795.9863
1113.7917
8645.774
6784.292
0.0
2098.5952
0.0
8479.896
0.0
1485.9175
338.25446
0.0
97726.58
9804.903
8793.271
23583.518
0.0
0.0
0.0
2750.0254
0.0
316.75598
6373.268
235.43462
0.0
1388.5363
146.82199
3693.205
6263.7617
464.8923
10137.6
0.0
7948.115
811.04144
23914.814
1904.647
649.8767
3598.5913
0.0
1183.2688
801.895
13658.117
1240.5088
0.0
0.0
6885.8857
0.0
4443.0996
4191.422
4095.7695
11369.461
535.81494
0.0
0.0
0.0
7242.1816
0.0
0.0
3713.8052
6174.915
6724.5464
3396.2454
0.0
15948.443
0.0
5384.3394
369.2918
0.0
18410.09
24513.598
22840.314
8464.896
1263.7147
5187.8735
0.0
1931.8247
0.0
0.0
11369.697
0.0
4356.675
143.74326
5183.177
4137.7295
2392.169
4396.9287
4008.2388
0.0
4341.799
3762.7832
0.0
2395.7222
1631.4906
9422.921
882.88257
0.0
2443.5615
8041.326
6477.948
8611.383
2304.1772
2238.7444
5841.575
5245.1616
4421.2354
3340.7148
1553.0549
17072.465
0.0
536.3469
2824.2146
4048.0688
379.8374
10247.816
5286.107
0.0
20361.484
0.0
0.0
0.0
0.0
3251.7856
67.401306
2060.0564
3181.483
0.0
674.8267
0.0
5000.1006
4396.5176
4348.248
16639.146
0.0
0.0
0.0
2715.924
10467.29
3918.8076
0.0
3049.971
0.0
3682.2144
0.0
0.0
2503.799
6871.2715
0.0
2062.553
7050.081
2826.9106
908.49115
0.0
0.0
0.0
0.0
0.0
2620.9126
0.0
604.462
1186.8389
0.0
0.0
1083.7307
0.0
724.3884
389.24478
3400.9087
926.9501
3568.515
199.74022
1499.0862
206.5981
2338.7349
2318.8652
9204.36
0.0
495.32123
0.0
2288.7715
18510.354
0.0
0.0
2447.8694
28954.252
0.0
424.79742
1472.4708
110.555916
1993.1865
3915.106
0.0
3119.0942
3626.8813
15415.182
5834.3613
788.9143
0.0
30524.9
0.0
5656.236
6848.7617
2440.565
7118.579
3789.2393
0.0
0.0
3078.0693
0.0
1838.1406
0.0
654.1391
5782.9404
1004.0945
9763.256
7484.3027
2559.1045
0.0
1401.6895
2270.954
0.0
3778.821
5024.5693
0.0
0.0
32563.621
1934.7461
1328.8989
1882.1323
3967.728
21110.268
2101.0884
0.0
980.22266
2737.063
3275.873
10545.92
0.0
0.0
1180.4055
288.5892
6660.597
25.455246
7144.755
1239.092
4060.7773
600.3457
7773.8936
8625.123
2070.81
32539.766
0.0
4232.04
17.300823
4279.0986
4151.8457
2035.5103
0.0
2297.7097
38683.414
0.0
4047.2192
0.0
0.0
0.0
0.0
48245.93
12547.374
117115.8
0.0
0.0
0.0
1499.9641
2992.0876
0.0
8040.4736
5706.9595
17193.225
23437.242
885.713
721.52594
3495.2546
3448.4387
895.2276
0.0
5314.0166
1367.3177
4439.083
2941.3882
0.0
0.0
0.0
1804.9263
0.0
2758.6167
0.0
0.0
0.0
131.25655
2140.5957
7887.84
2979.276
308.5595
1493.6926
272.86203
0.0
0.0
1223.5444
2530.9128
2694.9712
2785.7014
45.52126
0.0
0.0
0.0
13082.778
1802.0841
0.0
9161.881
581.1041
1805.8014
0.0
2795.9407
0.0
7542.1387
0.0
0.0
0.0
29082.59
0.0
3693.2168
1094.6097
3900.9502
2427.6807
540.4883
680.8456
2865.8982
2354.658
165.91602
2064.379
0.0
0.0
5830.034
9482.094
0.0
0.0
5785.3003
2705.3508
0.0
164.82176
6083.1494
6321.6533
4577.306
0.0
4566.7974
7786.7266
7481.411
3006.8132
12444.127
86190.08
0.0
1430.5029
2999.2778
4524.9243
0.0
2019.9421
2086.1123
4199.915
1545.7563
845.6378
0.0
12925.725
47.452396
4737.2305
3632.2585
2057.7427
3818.4326
0.0
2172.8599
5563.104
0.0
7194.4375
14612.316
4004.2764
0.0
5443.7383
13042.682
0.0
23187.414
2801.661
1528.6648
6532.1343
432.80847
5019.472
0.0
3773.0498
0.0
0.0
5298.8633
0.0
0.0
94.823715
0.0
2079.7207
0.0
7739.928
1570.0137
110.83222
3732.7646
5606.705
6934.703
4549.56
5556.4795
2444.0024
18363.2
2613.8726
0.0
2914.6943
0.0
1024.0865
898.4952
0.0
3369.6196
14644.412
10520.689
4358.067
0.0
0.0
3791.168
0.0
7907.8994
7425.5713
0.0
3997.2344
11466.757
9404.513
2703.58
5481.701
2945.144
2498.0984
6509.2803
708.3241
8860.768
13347.09
2326.444
1208.585
7848.4766
0.0
0.0
6906.38
10146.502
2890.1062
0.0
4725.192
0.0
0.0
0.0
1124.5544
0.0
1079.5548
646.96045
1680.8536
0.0
1040.4185
306.49542
2141.544
186.14774
0.0
7390.7188
0.0
0.0
9423.484
1454.8641
5771.6133
1315.9807
0.0
0.0
5158.921
13897.188
14119.084
17162.879
795.8082
1288.6168
0.0
2529.12
18394.074
3034.3516
0.0
5467.134
482.0631
0.0
6195.2363
492.5162
14576.527
7910.6797
152.33289
0.0
219.31287
0.0
0.0
2469.793
0.0
0.0
3280.4517
3660.2192
6841.1577
620.74146
0.0
0.0
0.0
1049.928
8900.801
0.0
0.0
6108.709
19619.2
0.0
1543.2253
0.0
2975.375
0.0
3242.1448
4562.782
0.0
1632.4631
525.14233
0.0
1850.7991
1479.652
0.0
0.0
5635.229
0.0
0.0
2639.9316
1942.4558
4361.171
225.67093
0.0
49561.32
8315.127
3537.4922
0.0
3519.2124
0.0
2981.7634
17757.832
0.0
1764.736
0.0
12135.215
0.0
0.0
0.0
19808.154
3017.9377
0.0
0.0
5402.9307
0.0
0.0
3470.5334
0.0
129.63916
711.33057
2456.8574
0.0
10345.271
4972.7847
4849.7285
2702.8381
10314.604
612.02704
8500.718
46466.49
0.0
0.0
2426.8228
1179.1266
0.0
6798.631
71188.016
3430.8174
5708.633
0.0
4601.87
6015.3916
321.2163
13831.799
3396.794
2063.9324
3082.41
148.34322
0.0
1884.0328
3875.954
15028.65
0.0
6055.6274
0.0
3527.2446
1900.2231
232277.88
2309.073
740.9764
0.0
0.0
0.0
13616.477
7732.837
20181.865
104.46005
1648.9495
1286.1549
7914.1426
6318.365
13194.874
9953.625
0.0
389.1735
0.0
8995.679
22862.727
3100.5188
11807.006
11812.293
1961.1719
1955.564
0.0
0.0
653.1922
1504.5942
320.85437
3049.0527
0.0
12229.961
4693.303
1706.4022
5499.4966
0.0
5727.2417
0.0
2765.4639
0.0
0.0
1042.7307
2963.478
180.28381
0.0
14222.439
2933.2124
2403.3022
5863.692
0.0
8466.86
538.0889
3052.7803
1459.0574
890.3677
0.0
29749.643
2436.928
4234.84
8340.71
0.0
2931.603
3135.8574
9986.1
6191.8955
3370.3262
0.0
5357.991
1653.1543
4697.9526
0.0
2447.624
30251.043
964.58417
1768.0398
8212.437
4647.514
0.0
14331.225
5880.8706
0.0
4555.552
1070.923
0.0
3323.0798
356.96906
8201.412
486.40375
0.0
3465.895
0.0
1523.3866
7569.075
13706.361
6066.993
0.0
7682.8174
0.0
321.42654
835.44946
0.0
843.1998
0.0
961.20636
0.0
235.07355
810.4688
0.0
2719.5388
102.848694
2030.5205
0.0
23113.584
3582.764
2514.9387
268.2173
0.0
1641.9231
301.6089
3690.6516
28005.895
3526.5933
14461.625
1049.138
958.251
2642.0903
10490.986
697.3205
506.14142
1979.9089
0.0
0.0
186.48718
1839.4706
2146.7847
5149.6904
228.93332
0.0
105.61907
1300.1614
548.11633
2989.8647
4760.313
12002.369
5710.027
1791.4036
6790.1035
0.0
0.0
14520.676
5037.482
4348.0986
7139.935
5506.1865
4872.8184
522.0318
2055.8203
2048.0396
1883.8243
5478.1895
5410.246
0.0
1905.5178
907.3636
0.0
0.0
3184.789
0.0
16157.6
8159.991
4673.415
2863.51
0.0
0.0
5142.5645
0.0
700.965
2603.4546
4271.6533
0.0
2960.242
7042.73
5312.616
1170.002
286.11053
9622.681
653.42053
10947.439
2380.4333
1479.4568
0.0
11686.936
0.0
0.0
9274.967
6336.2407
4473.0713
4070.6714
17057.137
1228.3319
0.0
0.0
0.0
3172.7158
0.0
0.0
47745.98
0.0
9741.779
0.0
7437.467
2405.5986
8836.771
2914.7852
13531.01
7467.6567
3798.1348
15146.185
10805.367
3007.7373
4296.4116
2447.904
21804.05
4235.656
3337.4185
351.94562
3665.697
3777.2603
0.0
14699.031
10202.296
339.34955
3346.1924
0.0
0.0
19561.18
163.03981
2132.9963
3833.1704
231.3985
4291.4634
2339.321
6863.8247
20639.38
0.0
2422.8354
891.49316
0.0
2972.1152
0.0
5364.698
0.0
3393.456
0.0
10843.387
2192.23
0.0
4507.5806
5503.9297
10072.718
36046.867
17259.684
0.0
1240.5387
5448.118
9340.845
8213.39
0.0
6158.032
14740.1
5298.6494
6508.249
4321.496
46542.395
0.0
4765.337
13814.703
915.1195
6364.2295
4562.8457
3787.0222
46269.246
0.0
2198.7065
4975.906
573.2578
6974.954
4879.094
981.46075
2919.3826
1733.0417
41540.895
1019.7864
2130.0964
23870.389
17.645248
2288.014
4682.5957
8534.768
1653.6819
1500.2388
0.0
1678.5637
0.0
12231.957
0.0
0.0
0.0
1589.5425
11493.62
0.0
1512.4714
1889.8184
5260.0674
8308.55
0.0
7073.0234
2200.2673
7007.3237
2140.0166
4433.774
1415.6233
3207.4111
0.0
3806.7188
3998.2808
1755.9785
4659.7744
6052.2334
4980.671
0.0
1708.925
5311.5244
0.0
24068.65
1028.3639
21987.213
2425.6013
5008.4463
95.37294
8043.6626
0.0
913.4895
82.573425
2784.3667
1677.5894
152.86118
0.0
1817.5195
8448.7295
454.40964
7686.658
194.97522
2932.8826
3037.5781
0.0
3718.484
8131.4917
0.0
3235.662
4483.036
2333.178
11653.108
1496.4641
3563.0227
3908.6494
167224.25
1875.1145
1741.0812
649.3293
3308.4243
1902.7595
0.0
0.0
897.0205
2310.6826
1328.0559
3148.5894
0.0
2610.7854
0.0
12374.467
3241.4873
248.40266
35409.586
3770.005
2042.786
0.0
12737.677
5006.933
4866.0767
2779.7607
7720.6484
1272.0432
106.62846
5158.514
3065.7278
1622.8894
3091.9155
0.0
0.0
2720.0269
4354.1655
2266.7012
12202.282
393.66388
0.0
0.0
311.67023
2496.8606
2966.0012
5813.5625
0.0
3998.5771
2403.0923
13479.307
0.0
15347.438
0.0
0.0
1174.2883
1143.4318
2613.2815
1595.3041
388.11166
597.4817
0.0
1817.877
2504.554
352.96606
4538.715
3527.333
2330.09
3051.357
10793.568
2414.7036
1676.1256
4625.6406
0.0
8676.818
2967.1675
5831.7227
6294.7783
3939.8516
11329.385
167.14474
0.0
4156.5986
2428.4465
6349.546
4608.8237
495.80707
0.0
4132.073
0.0
0.0
2131.9548
4572.635
0.0
0.0
1129.3258
0.0
4314.498
18986.0
1470.7443
12076.392
3396.1208
5041.0723
776.0261
4822.6147
4575.1396
1721.791
0.0
667.3226
0.0
701.5161
0.0
722.1179
0.0
2676.0417
0.0
0.0
1257.4355
253.36475
5220.202
4192.0654
3329.2695
4451.066
1232.3298
556.886
1593.7767
22015.273
2974.4358
5891.182
3650.0625
8577.338
0.0
2319.4482
0.0
0.0
0.0
29810.75
0.0
0.0
775.7506
0.0
0.0
3022.2988
8874.604
0.0
2789.6743
0.0
0.0
0.0
1592.3694
33680.21
3631.9397
10145.703
3029.907
0.0
458.1457
16515.844
591.8047
1904.0947
37954.01
0.0
4399.216
1548.4418
0.0
0.0
4116.651
4531.7363
0.0
0.0
4407.983
102.838
1249.4666
9173.576
3056.769
6443.419
5917.0586
0.0
8631.913
10341.614
7301.4883
143.91399
4795.6445
79.10858
0.0
3970.3948
525.69055
41931.03
1764.4775
2391.7642
0.0
4279.793
0.0
871.58777
12952.817
12867.201
0.0
9890.454
2576.8713
4497.278
176.24205
1010.4115
1851.1266
4042.0396
0.0
0.0
6066.621
2560.5737
0.0
83.8636
615.7852
0.0
0.0
389.40637
7810.6875
3370.8662
0.0
0.0
0.0
5206.4717
3284.4172
1035.1105
920.88135
1412.5631
3910.9688
2067.446
2742.1733
7319.249
0.0
0.0
2408.5876
0.0
3206.0752
6340.7925
5390.6084
11522.055
3206.303
16861.904
0.0
3551.021
0.0
0.0
3726.5007
6841.9746
0.0
0.0
53489.516
1810.5374
4257.4277
3353.4634
2009.9514
3802.6362
70328.05
484.02045
1670.0117
3891.192
0.0
0.0
0.0
985.24133
703.31226
0.0
3153.8533
7119.7275
526.0589
1396.0016
6344.4814
2559.066
0.0
50995.633
6658.5605
0.0
4827.76
0.0
0.0
5465.5913
0.0
0.0
0.0
5811.325
4723.95
2560.5828
4191.492
0.0
3256.827
3977.4082
1141.422
3556.3616
546.5453
0.0
3999.3464
792.6406
40011.45
332.8255
0.0
2681.584
4803.133
7930.59
4394.904
143.44629
1091.3457
106.6073
0.0
225.53445
3997.099
4572.777
1201.2255
1906.963
8208.672
1858.9006
1030.5117
284.70642
4331.6562
690.9157
7459.5645
0.0
5519.7305
5137.6963
446.9944
0.0
14969.908
2540.235
2635.6406
8228.543
5871.7314
0.0
279.04608
4374.9175
206.91287
0.0
0.0
475.1778
7826.6646
0.0
5788.8516
35387.977
0.0
98.66171
4425.786
0.0
12487.186
3498.5142
4265.4536
6538.8066
15150.904
0.0
6429.215
2489.249
5688.4043
2171.9941
351.2531
0.0
7654.7793
0.0
2487.4236
0.0
868.73206
0.0
1552.8828
0.0
0.0
850.0407
6297.8604
12993.586
0.0
5750.8853
4013.3809
637.46716
5045.32
0.0
9759.669
0.0
3501.4373
1350.9908
7481.9463
0.0
0.0
1612.0706
4998.907
0.0
0.0
0.0
0.0
729.16626
4459.452
5574.8086
2517.2285
3236.7861
12903.818
6808.9414
16703.113
6969.466
1500.3905
5712.0215
3478.5215
0.0
174.42014
0.0
4669.372
1669.5099
28216.516
197.31256
4513.6943
6534.4434
75166.5
2074.8706
7478.87
11403.721
1613.5166
0.0
3467.738
1536.4504
5636.26
18621.332
0.0
2533.436
5761.5737
0.0
884.1786
0.0
1676.2146
1556.2933
3067.5981
2668.953
26950.127
0.0
10134.757
1082.6592
6111.2627
5056.498
1545.2654
1977.8362
11481.434
994.7
7147.5703
757.34
0.0
0.0
6440.1157
14323.561
4393.0415
0.0
8418.59
1948.529
808.8705
24027.49
2992.5715
4463.1934
255.29211
2994.8037
3910.8809
1621.9021
5866.044
3049.8713
0.0
846.92395
522.25696
5665.575
8458.755
13155.743
1863.258
1340.618
2926.328
3926.755
0.0
8129.39
1424.075
6630.424
0.0
0.0
423.82635
375.97754
15143.346
0.0
4014.2722
0.0
0.0
8190.7275
159.50719
225.28764
4011.8389
5339.379
2751.1614
2589.8625
4792.9434
7623.958
4576.5337
19062.203
0.0
0.0
2298.0603
1871.5703
5325.149
236.43152
0.0
0.0
1934.169
2948.2861
0.0
1520.3749
3591.0083
2270.459
3594.5576
4963.218
21679.824
2062.3435
2405.5898
0.0
3080.3406
0.0
0.0
5450.42
0.0
3567.0742
3470.7007
2904.4531
1701.462
0.0
0.0
1071.5583
3257.5977
2565.8828
0.0
2895.263
6232.9316
9325.24
165.06068
9326.895
5242.6357
2096.3713
0.0
699.27905
6391.4277
0.0
573.2822
5663.951
3111.5476
0.0
0.0
6915.661
17473.348
0.0
357.16846
4495.258
0.0
10151.9795
3391.484
1753.265
10990.772
1504.6094
0.0
2717.03
0.0
14228.496
0.0
3139.255
3734.1064
0.0
701.30383
12241.649
1917.511
3447.305
7046.749
0.0
4376.76
8201.226
7252.644
8043.2188
80069.18
7783.161
2004.6292
3638.5952
6507.2104
0.0
5210.7954
145.62106
2956.3506
11628.986
2149.4312
0.0
5448.549
2254.133
4448.6636
3222.6123
812.17053
5389.313
3889.5823
2833.9043
10037.128
4453.383
217.32564
1346.3818
2502.3862
0.0
0.0
3386.6577
10845.779
465.75214
16741.45
0.0
8171.645
1399.1438
4770.255
5982.583
3039.4497
10988.426
4989.4956
89.68323
0.0
0.0
0.0
702.0757
579.38403
474.18134
3360.0903
955.06506
1772.8657
316.76343
0.0
2566.6301
3224.6438
2119.3137
0.0
2108.756
2603.4114
189.3937
6266.297
4008.327
4084.9656
0.0
2955.9243
349.73444
0.0
1697.4226
10403.715
0.0
121320.47
1616.7517
569.81195
0.0
727.294
1280.4141
3892.6833
0.0
5525.598
2075.6729
2368.1172
4092.8694
3122.0508
0.0
1823.9143
258.13684
4954.4165
4751.291
515.5792
7466.8574
374.24847
2669.4336
435.03082
2323.313
645.52466
0.0
0.0
7012.5728
159.24867
4525.694
0.0
810.65814
805.95374
1995.1985
21109.24
3587.3555
7205.056
0.0
50812.805
643.0285
1472.1632
3362.9956
252.41415
4075.9634
0.0
5323.767
0.0
2744.6167
3477.5298
0.0
0.0
24568.395
0.0
5123.798
4674.002
293.77896
0.0
2384.4417
732.08215
0.0
119.28201
3974.246
158.40999
15399.785
8437.349
0.0
2821.9695
18.384058
1706.6719
364.45566
0.0
7854.8213
2203.377
0.0
0.0
2933.7607
445.32947
0.0
6101.497
1039.8738
0.0
2205.6008
15272.145
2593.9998
1831.9153
3379.7607
0.0
2720.9995
2494.551
361.00015
442.57086
5297.0933
6032.4214
17723.16
262.91083
2041.6676
11438.12
0.0
1892.7737
11684.262
0.0
243.87764
3178.0989
2211.8723
0.0
19013.783
0.0
15338.795
0.0
6943.939
2422.4746
534.81165
2818.2505
27159.1
2420.7979
2872.2468
3416.1484
5178.1426
2330.9617
4629.731
3937.2954
6422.3965
1731.959
2420.523
0.0
222.61208
3036.5078
0.0
0.0
1875.33
0.0
140.45187
1738.8616
23438.26
4364.8765
8804.521
5674.949
0.0
0.0
2805.9768
1902.7827
0.0
3042.7651
0.0
6524.5176
0.0
6141.878
1921.8237
10135.803
0.0
0.0
3359.5708
0.0
9721.987
3972.711
8319.536
5183.4224
3472.041
1179.4747
4051.4307
7853.8154
2086.4907
1201.1204
4115.691
0.0
456.01788
3336.6748
19891.053
331.77536
5166.245
0.0
2139.0684
9245.047
0.0
0.0
0.0
26453.129
0.0
5747.412
795.2666
3123.429
0.0
2551.606
1879.2576
2932.2764
1814.066
31994.46
3227.0405
14661.334
0.0
3951.2546
0.0
386.99216
14552.443
0.0
0.0
1345.2306
4093.7168
3184.5962
3750.8887
0.0
4916.063
34571.42
4371.4785
116777.34
326.34988
8316.813
5017.208
19213.93
5297.107
0.0
4777.3994
0.0
0.0
7351.882
38875.54
0.0
2626.2734
484.69196
2469.4888
0.0
15220.814
1577.3582
11840.131
0.0
3068.8555
2576.704
1726.4475
2521.6018
808.72644
9259.395
555.7339
5003.413
418.48517
511.17685
7982.5996
4050.5952
0.0
0.0
7211.5693
0.0
1543.0217
86.33038
3460.3916
0.0
0.0
4160.485
8720.667
5182.8228
291.66208
826.557
0.0
4988.712
1224.1057
0.0
0.0
0.0
28333.96
4586.0166
1657.1891
0.0
2505.9595
2164.8733
1897.2941
2789.7659
5937.2188
7826.7593
0.0
0.0
0.0
0.0
434.08032
915.71405
1075.3696
7195.451
1772.173
2642.8164
868.23114
3603.768
1793.8667
3916.8623
0.0
11982.006
348.53806
2841.8135
1627.8291
5466.1943
15089.494
3152.2446
6212.455
2553.078
0.0
17378.889
0.0
1541.167
38778.273
4402.124
4015.771
0.0
8385.74
9775.984
745.4559
0.0
13922.439
1063.583
0.0
13223.203
0.0
6851.628
0.0
1554.7051
0.0
0.0
607.75323
1713.2277
4693.676
0.0
1219.865
7437.1274
6331.088
2270.331
3380.2734
1188.0745
2398.6555
2221.0042
3663.4163
438.0842
2390.8618
5274.7666
5107.2217
22482.402
6199.177
0.0
2810.626
3620.4133
1890.9158
554.6249
9427.057
627.0705
0.0
13198.906
3932.4766
5187.6562
6818.3086
3049.2917
1149.1222
1494.2968
0.0
706.8756
4057.9185
9399.663
3442.344
12834.196
423.15936
1529.8058
0.0
0.0
10388.958
214.92845
671.26575
147.30782
6793.739
0.0
2666.9307
10388.784
0.0
20510.197
7716.2188
4006.9902
886.60693
784.6993
4052.356
3142.9136
243.917
3031.9946
4939.0854
14224.104
5674.458
0.0
128.79079
5660.928
3034.874
3015.3982
3831.3438
14852.34
1151.0441
0.0
1573.6062
14193.574
573.7475
5100.1777
0.0
1430.2238
0.0
5186.311
9492.414
0.0
98016.44
1415.7385
830.6404
2333.4333
471.53558
0.0
1469.6407
2859.7517
16534.236
5921.2676
2307.5933
3995.7983
9341.064
931.91614
44.509163
0.0
0.0
0.0
2353.685
33299.78
1638.0624
2701.0112
0.0
0.0
0.0
3667.62
3574.3008
3039.1665
4986.371
0.0
17233.54
0.0
0.0
8270.747
1946.3257
2503.7417
1484.0237
4242.5034
3398.9873
0.0
478.32477
925.93335
3599.8418
5664.827
11502.743
5320.218
2546.7903
5769.3374
1697.4745
0.0
0.0
2376.51
7779.4062
0.0
6696.534
2093.5347
4934.7153
3760.5327
10720.717
2018.4294
49636.477
0.0
24001.596
1776.3075
9062.498
3348.2217
32543.092
0.0
2329.227
3666.399
2160.398
4273.6343
2279.0833
6603.1104
0.0
2082.8516
3804.351
2183.8782
4399.09
613.3976
527.1705
0.0
10550.91
0.0
0.0
0.0
2285.923
4774.715
5503.525
1022.21857
1922.4786
2206.0364
3930.912
0.0
1514.2786
0.0
2782.4314
17523.844
1882.9757
51669.492
808.2895
0.0
4488.7324
2815.4456
10282.635
21120.908
529.62006
4246.5186
5242.822
4821.3438
1364.2188
13919.322
1837.7351
918.9099
2739.8696
89.53463
7283.688
7893.154
1469.5455
2515.461
237.42865
7630.375
3373.7373
11508.564
2029.2905
0.0
8016.7153
1974.795
2453.8457
1265.2864
3768.4429
1283.9584
0.0
8220.2
4817.431
731.4064
3824.5308
1032.094
0.0
113.182976
7893.72
149.52739
743.9916
0.0
362.52173
5164.275
2495.2651
1842.0977
1228.8145
1363.8274
4251.618
3093.2483
957.20166
0.0
0.0
3236.0264
5314.317
6939.0527
1901.8889
1747.2428
1500.9264
3237.2246
3495.9165
2609.1238
0.0
3819.6938
1441.3628
5945.478
0.0
9282.642
931.31067
2097.301
4159.909
3175.3071
3116.649
0.0
3976.0312
0.0
0.0
6943.442
0.0
9780.299
0.0
4954.899
4275.568
1685.2096
2263.4734
1233.6255
5985.6504
1473.532
0.0
0.0
2896.4475
1546.3773
0.0
7384.621
0.0
0.0
2856.3394
0.0
5352.621
101.78438
1366.8972
6546.5566
3051.7725
2747.4512
2779.9429
1196.2222
23058.562
13174.948
3192.9065
2318.7761
5545.858
4791.3496
11718.148
0.0
2416.8862
2547.426
91.932846
7845.5786
4968.7246
0.0
5383.6206
0.0
6221.119
1611.6991
0.0
0.0
2784.7178
0.0
0.0
190.61353
0.0
0.0
5336.843
0.0
2813.8245
1373.1592
5443.813
0.0
0.0
6174.7275
4343.0747
2613.9001
4862.681
20279.922
6299.286
0.0
2217.4355
16642.72
0.0
1309.2747
861.98145
4053.7344
4933.3145
0.0
5527.607
44092.586
11309.947
2095.567
0.0
0.0
2677.9321
34116.418
3201.873
3130.9722
2753.3865
792.4092
0.0
2623.045
21520.877
3597.4175
3442.3179
0.0
0.0
3407.1401
168.25911
1528.5211
7025.6396
7488.2656
10146.18
11945.081
1638.0305
17358.342
2136.607
2744.3928
0.0
12834.137
0.0
22263.734
2574.7534
14460.079
3141.058
2162.7876
4365.2603
0.0
11954.349
2972.3367
0.0
8075.633
2067.7393
4844.512
0.0
2208.2085
1901.6594
0.0
3046.3472
3816.9937
2632.845
640.2832
2171.9678
733.848
2250.65
5350.7393
0.0
5295.7354
7056.0117
252.14764
0.0
0.0
8210.383
3067.3518
0.0
14863.344
12333.543
0.0
923.7195
1774.9796
0.0
847.6384
383.8183
6351.796
0.0
993.902
5095.1147
133486.88
97127.84
9278.354
1340.6577
4184.9385
0.0
0.0
2399.5295
0.0
2034.5702
2185.396
4882.0137
22025.486
0.0
7345.6504
4082.0327
8736.009
833.35455
0.0
37825.387
830.7961
3675.978
4949.162
0.0
457.45874
194121.19
3547.5415
33753.18
0.0
0.0
8487.449
0.0
0.0
915.6084
9093.301
0.0
14503.23
686.16235
331.00598
221.04755
826.96375
0.0
1376.436
0.0
310.44366
3779.6104
5690.1885
3631.044
366.24316
6068.0586
3735.9194
1491.0118
0.0
11215.933
263.9708
3549.727
0.0
17512.352
8984.7
4133.409
2586.0215
2497.7097
24795.81
2171.2498
0.0
5279.071
3116.1172
6842.9746
0.0
0.0
0.0
4377.2246
60541.477
4415.5503
23043.785
0.0
3867.483
9112.328
5241.7446
3411.9502
1879.6941
11405.977
4472.0703
2843.3518
120421.92
1035.6139
0.0
0.0
0.0
0.0
5027.498
0.0
4147.105
3683.4058
11346.166
3021.7837
3231.479
4765.3906
0.0
5031.615
0.0
9648.697
8606.796
2328.4185
0.0
0.0
5946.7593
6601.9746
0.0
5501.2637
3679.409
0.0
0.0
2752.6152
0.0
11136.57
0.0
10710.102
0.0
0.0
2096.9316
3275.843
0.0
3737.4792
2287.2588
0.0
3799.142
18617.256
3684.37
8687.997
9894.067
1589.6299
1673.354
4682.21
6753.5
3720.624
1282.5736
5642.997
957.06366
2124.6345
2167.3508
0.0
1263.6943
0.0
0.0
11094.645
2938.3535
8296.206
2180.567
0.0
5734.0713
0.0
4192.1055
4554.9995
0.0
8112.622
1650.678
930.67194
3968.95
0.0
6195.8394
2493.232
0.0
11519.059
1517.5042
0.0
0.0
3256.094
0.0
0.0
0.0
4578.851
0.0
0.0
0.0
2775.3608
2566.292
138.65346
5495.074
6472.2607
0.0
0.0
935.68933
2076.7253
3799.334
2527.995
0.0
2740.329
2693.1282
4759.2407
1135.3628
0.0
0.0
0.0
3551.7705
0.0
4960.664
0.0
16329.017
0.0
0.0
281.50964
1887.4222
4811.6836
4590.064
0.0
5376.0947
9559.213
0.0
0.0
0.0
14035.061
2704.0698
0.0
0.0
13272.872
6551.842
1052.4036
6617.3037
2223.7822
1368.8342
3405.3628
874.16565
0.0
7881.9487
4351.6504
0.0
0.0
0.0
0.0
2312.4705
4697.293
0.0
5672.1206
0.0
1693.911
975.78
1065.4346
7406.1035
2282.5732
0.0
1786.3989
5326.7417
4358.1787
4751.7114
2249.0054
196.61081
54007.96
0.0
1646.8395
2199.9553
5061.4995
2364.1987
784.98737
0.0
4664.0396
0.0
0.0
0.0
1796.624
2438.8115
0.0
2133.6782
3356.7495
8804.887
3413.6716
0.0
3446.0918
0.0
8657.881
4525.414
4279.996
9016.771
1402.7899
5011.865
6962.9385
1738.2263
2451.5225
0.0
0.0
8658.385
1203.3842
2083.81
0.0
5751.0977
4126.9766
0.0
1552.9357
6648.307
143.20633
0.0
76.560585
0.0
4093.7917
3078.5552
24462.312
0.0
5006.4927
749.40125
0.0
7262.033
3638.8281
858.43695
3368.875
0.0
38971.492
0.0
3001.6084
2652.6692
0.0
5442.0444
2610.3413
385.45953
0.0
1068.458
3484.8047
264.98077
17584.137
2582.0776
36957.17
2302.697
2703.145
2770.8984
2400.711
58714.117
160.69952
0.0
2293.826
0.0
3638.6248
0.0
11712.355
0.0
915.3537
157.14665
6757.0938
1734.6013
4708.6763
4700.5596
403.18042
1323.5004
4147.9043
483.73343
1988.0552
0.0
1896.2183
1902.5696
0.0
268.56433
0.0
0.0
12481.018
3838.63
1921.3906
1825.7622
0.0
664.5854
611.5039
0.0
0.0
287.19296
0.0
0.0
0.0
2339.4683
7686.328
11178.687
7115.303
3613.024
5231.338
32479.836
527.3378
251.6424
0.0
4980.0874
0.0
0.0
0.0
15034.523
4406.739
2939.9653
9972.953
3050.691
0.0
95977.875
6238.341
0.0
0.0
0.0
0.0
1047.4141
5395.8486
0.0
4392.149
2536.624
7113.4644
3875.234
0.0
7043.1045
9893.775
0.0
4732.339
2038.6835
5132.408
187.05893
0.0
4038.4219
1475.7561
236.41699
10128.844
1755.1416
6978.876
0.0
444.81073
0.0
21371.352
6140.226
774.97577
1761.074
3754.649
0.0
990.25195
0.0
0.0
5105.283
2934.9307
2388.429
3043.054
0.0
2047.0315
8132.1445
627.49506
7800.9805
12266.9
0.0
0.0
0.0
188.30646
0.0
2163.4136
2524.1616
15090.391
8434.615
0.0
1438.0198
3819.0957
3080.2346
9711.926
609.1352
53273.27
10638.118
0.0
7258.957
19383.766
568.558
0.0
0.0
19859.338
3566.2195
12936.48
1437.4033
2306.6467
0.0
5359.5146
2563.3203
0.0
5568.674
20948.064
0.0
0.0
37885.383
5904.8804
137.18315
3559.362
191.78265
2115.67
2826.4219
1479.4365
4471.785
4258.369
4787.1855
2656.9204
33094.61
300.87067
3499.3057
0.0
1848.2742
0.0
0.0
6280.257
4507.589
2507.293
388.13867
1090.1677
0.0
0.0
4077.7793
0.0
11255.0205
5818.786
4766.3013
0.0
2036.8518
0.0
895.4949
34483.05
1925.0674
5464.56
867.3554
0.0
1364.9705
1965.6859
1145.5479
1000.5408
2135.0527
0.0
27586.406
0.0
12594.988
6396.8994
11684.777
6031.5454
7884.6553
0.0
2324.128
0.0
6657.9287
0.0
2284.9111
20300.465
0.0
2049.3145
12316.794
687.18536
3362.7107
8353.345
0.0
7862.6846
0.0
3614.3572
4551.923
1426.3792
4511.512
6002.917
4267.589
17286.867
347.30368
0.0
3093.0537
169.0999
17065.11
1958.2999
0.0
4448.319
2232.8943
0.0
0.0
0.0
1581.3385
5037.951
0.0
1462.4929
0.0
1231.9756
25010.879
2404.9912
0.0
438.28287
0.0
342.45538
4253.7637
50.02974
0.0
0.0
0.0
2859.935
9741.701
4709.067
5554.541
174.12125
1203.5021
20925.44
39091.96
2613.826
5636.8086
28101.52
4765.4414
211.15984
94822.97
0.0
0.0
39745.145
1876.5449
7997.3184
0.0
0.0
2958.3984
4704.081
1456.186
2209.497
192.65662
155.17693
512.88074
5411.8716
7055.671
119930.58
3511.3518
3027.6018
2713.9404
10812.618
2217.246
186.73892
0.0
213.23126
27211.95
0.0
8096.291
205.97684
6467.8896
0.0
0.0
721.93805
9743.974
317.10187
2950.9082
4512.99
13226.179
8729.161
0.0
2714.23
7803.5664
3579.1226
11398.406
0.0
0.0
190.69145
0.0
2590.0637
0.0
5076.335
2355.4954
5612.491
0.0
709.3006
18642.844
792.54504
0.0
5922.928
3335.2542
0.0
2409.728
0.0
5719.9834
5416.5557
39788.83
1873.727
4154.065
341.73727
4073.2405
17893.242
6974.87
4522.069
0.0
1631.1821
2338.4897
0.0
0.0
143.49652
692.06274
5161.538
0.0
9162.38
0.0
0.0
2090.073
4945.9673
0.0
8113.604
0.0
5518.874
4766.4736
333.16364
2311.0244
4720.7944
1308.8882
5998.046
3257.3672
3983.0552
1940.7772
0.0
8544.202
0.0
2987.1716
2610.0916
15224.173
0.0
9680.021
21195.254
2031.9456
0.0
0.0
7852.8574
0.0
7179.8096
15530.349
1603.3894
8997.302
481.08105
0.0
0.0
3537.0552
0.0
2740.1384
1256.5421
3921.854
936.4484
0.0
54225.96
3237.104
0.0
3177.44
2650.2349
13389.396
0.0
0.0
894.4917
3873.0747
0.0
2791.0854
0.0
0.0
14274.979
2998.9146
523.7875
15935.396
0.0
8508.87
403.02762
0.0
4331.6035
3153.9307
0.0
1095.0834
14135.26
752.6616
0.0
15363.256
0.0
169.78876
2825.6294
3891.0396
10287.258
6357.5337
0.0
50098.89
0.0
444.03278
4679.3223
3551.8657
719.52814
4079.73
7605.9854
2703.3604
20656.566
0.0
0.0
15372.255
2477.265
3319.09
25073.89
55002.164
0.0
3450.6753
0.0
3231.8662
859.2817
0.0
10613.827
4884.4834
5939.731
2152.6025
0.0
2426.9966
0.0
0.0
0.0
0.0
168.859
4555.593
0.0
320.62292
0.0
6736.631
11385.77
13675.822
5986.909
2368.704
1185.3948
154.62436
0.0
6393.9707
5652.682
6165.6787
612.2844
17730.93
1704.4617
613.48035
5486.964
1203.7751
0.0
3190.1792
10139.852
0.0
5645.8076
11581.419
0.0
1588.5625
467.0525
2726.7144
23124.527
3166.4456
5040.408
2916.9583
3019.6033
6005.297
4290.6445
8607.777
2570.8657
2901.7764
3420.749
15946.909
3159.8457
1479.5916
4366.7046
0.0
3543.147
34905.07
0.0
307.8694
0.0
6475.636
0.0
27066.465
24159.617
479.29166
0.0
2210.571
1618.7771
805.17896
1593.4695
0.0
103125.8
0.0
0.0
0.0
3074.3618
776.471
0.0
4483.9917
0.0
3604.9111
12355.1
2417.4907
1778.1362
0.0
869.27625
5040.8203
638.22296
32207.85
0.0
11793.016
2939.2837
180.8591
1876.0693
0.0
54654.406
3194.487
4574.33
3540.7422
48253.957
0.0
1980.4258
940.95935
5505.006
11244.204
475.152
41086.35
42236.266
7789.585
10451.059
8767.385
2311.3462
2416.689
0.0
1823.0674
401.97797
2642.8652
349.20917
1399.8525
0.0
23828.766
722.21594
0.0
6139.341
1623.8815
38925.965
0.0
17553.824
141319.22
13937.107
252.26035
8711.1
0.0
0.0
0.0
0.0
0.0
16340.083
0.0
0.0
2508.4155
1305.0745
2081.6953
476.24353
0.0
5063.245
4838.2183
0.0
4469.6587
3626.8662
21428.441
751.7178
3208.997
6042.4536
55946.89
5868.149
157.24002
10119.74
0.0
0.0
25376.082
1634.0254
2141.847
100863.25
7705.8193
4779.6875
1433.0466
158.39874
0.0
0.0
2054.3367
38829.84
6143.1836
0.0
0.0
0.0
0.0
8625.11
156.36533
5841.9136
0.0
1203.2596
256.74042
24973.367
7655.1074
1413.6422
6043.8887
3268.311
868.52356
0.0
6809.664
5373.779
3599.5156
857.00635
0.0
0.0
4431.2617
2639.2742
0.0
0.0
44734.35
6319.8955
7396.07
0.0
0.0
2741.3325
3189.467
1702.8007
4665.238
5921.383
4913.6504
1969.9714
3.9586887
0.0
0.0
0.0
12428.369
0.0
3999.6226
0.0
32031.105
7238.3696
1221.5054
11704.824
2839.4946
7335.595
5444.995
1465.2874
2456.0593
0.0
4797.9185
1959.7361
3685.6733
0.0
0.0
7062.422
1528.2615
0.0
0.0
24872.824
520.98267
0.0
6407.0127
0.0
522.74896
8394.818
0.0
647.6394
1189.9965
437.56012
2442.933
8906.039
1271.534
3546.941
7788.838
709.7044
499.9344
126.74324
4203.7856
0.0
0.0
7136.5605
3169.8853
0.0
0.0
809.8713
0.0
9374.799
0.0
254.1441
131.4573
3183.059
4602.9233
809.1633
0.0
611.38245
0.0
10629.319
0.0
6879.0903
0.0
2884.8315
0.0
0.0
2832.1672
100.586815
61848.68
7462.71
3217.6592
0.0
0.0
9102.358
4111.107
0.0
1440.2275
0.0
0.0
1668.6008
0.0
5249.9673
20328.184
8441.246
1097.887
1176.2649
1380.6791
5272.759
2945.521
4662.738
0.0
0.0
0.0
2018.2979
202.81024
497.67117
18056.41
4895.1094
0.0
16991.418
44812.86
277.9615
5171.1836
4414.009
0.0
0.0
22195.71
0.0
0.0
12255.123
8535.434
24008.47
326.06705
3328.2437
972.5156
4783.019
0.0
2801.669
0.0
3772.901
162.55693
13278.826
15116.511
0.0
0.0
5938.939
1387.6003
1413.0842
319.51083
50883.527
1382.8396
23061.87
1734.7859
4140.203
3258.6113
3333.7285
2332.6804
0.0
14737.346
0.0
0.0
0.0
158533.42
20575.367
0.0
4304.115
573.6472
52885.11
4104.2134
6565.017
2770.0762
0.0
9996.0205
0.0
0.0
0.0
997.40063
3873.6558
0.0
0.0
1268.0886
2181.675
7431.8823
1665.9368
5044.9443
2805.2495
616.5871
6939.528
480.64825
0.0
916.11304
5122.637
1733.1046
1824.0522
4623.095
7205.448
3728.288
11311.814
3961.7756
0.0
0.0
8160.63
0.0
8605.284
2110.9958
0.0
3933.7847
1413.7455
502.82953
0.0
40013.918
3084.6482
3724.5623
0.0
0.0
0.0
126032.016
3967.7324
677.8142
7522.695
2058.5283
709.2656
6666.45
2378.504
0.0
175.12256
3077.571
136.55717
2829.4338
8805.167
0.0
66768.664
0.0
1854.3733
662.9727
0.0
5034.621
0.0
60052.46
2622.1104
0.0
16189.674
0.0
1206.067
0.0
1464.98
3068.716
916.02386
0.0
1954.8291
3098.624
0.0
480.1756
2180.7056
1435.8315
0.0
1388.7517
0.0
2045.7664
0.0
6222.7305
1760.9915
0.0
2272.6338
0.0
2537.2834
76924.42
0.0
4733.9175
40029.285
1648.3566
46311.895
0.0
2268.8481
3083.1772
11016.539
11314.168
5014.789
463.498
5607.838
6857.587
5494.8584
512.60284
0.0
2328.1384
0.0
5469.6953
1716.185
0.0
0.0
1339.7864
322.53357
0.0
1746.29
2542.552
0.0
10483.362
0.0
15424.298
0.0
3023.208
3803.3892
0.0
0.0
3841.663
1892.0083
0.0
1422.5869
0.0
10573.844
6121.0
1331.7633
28840.018
2908.7551
11285.481
232.34473
0.0
1353.0068
0.0
8950.846
2779.1692
4559.491
27923.898
869.2637
5613.678
1604.1384
2109.5518
459.24228
5322.2114
2502.218
3468.1113
4837.958
26302.75
13458.934
33959.613
1425.0183
0.0
0.0
2474.774
0.0
13696.105
675.6196
0.0
0.0
1574.0393
7820.578
3616.1902
17416.092
0.0
0.0
2266.4639
1507.6699
3589.3286
1632.0612
0.0
0.0
4316.0557
4955.777
10804.54
379.36578
277.03427
11046.874
0.0
0.0
228068.16
0.0
10371.683
0.0
2103.6543
0.0
644.10785
119.90111
9985.775
1645.7117
386.2893
0.0
4165.991
0.0
2675.6245
1238.5558
2004.8386
0.0
382.60992
0.0
2687.2974
0.0
454.05875
3882.3296
1284.997
8330.933
0.0
8768.873
1407.7059
0.0
1971.5684
3799.3965
0.0
5329.5703
0.0
7895.8423
559.69025
633.97723
6737.124
7281.0347
150.76405
2796.8164
1199.8534
328.48053
0.0
2750.8184
0.0
35111.242
8079.5137
14977.401
2545.1965
5615.772
0.0
0.0
3207.7266
0.0
862.7914
10451.113
223.5561
10322.387
4217.622
0.0
1441.5139
6314.7246
17158.756
781.4466
0.0
0.0
1668.0327
0.0
0.0
3066.2002
3001.3892
0.0
4878.042
352.9605
28406.578
12574.809
0.0
18148.05
779.6453
2540.0762
0.0
0.0
0.0
603.51917
0.0
1458.804
5630.0425
6038.1064
1353.6852
5538.5093
1734.1987
4798.0737
0.0
1794.4912
26432.564
0.0
0.0
0.0
541.6843
95.91307
1990.9873
19773.506
45994.836
21860.46
1107.3125
0.0
20670.63
4408.708
0.0
0.0
55539.883
13973.294
47546.844
7773.21
0.0
3747.2334
20485.39
0.0
1018.176
3949.9358
129.69041
4029.6514
18949.76
35505.387
279.69308
5964.972
0.0
0.0
2236.9905
47097.77
2366.8315
3154.2644
0.0
34181.92
9696.771
233.92053
5285.2
223.84154
179.12305
3459.1074
0.0
8861.366
11837.195
1995.2653
5547.062
3646.2886
0.0
1828.185
0.0
1081.0723
3171.956
6386.621
17520.97
0.0
0.0
3069.9543
0.0
0.0
2289.9912
0.0
1670.5493
12809.177
0.0
9463.867
6363.427
6240.469
1853.084
2605.4377
1250.696
5761.239
2058.001
0.0
0.0
399.7472
10140.359
0.0
0.0
0.0
1261.6161
0.0
4127.4375
5246.834
2038.1877
623.45685
7843.477
5807.8384
0.0
548.1148
3645.6548
0.0
0.0
6853.5337
0.0
8636.2
0.0
16879.203
0.0
1014.2001
1458.0466
5404.1895
3063.143
2121.989
0.0
4016.5718
7089.914
1651.4211
1070.1284
2577.0442
17069.79
779.6442
13975.819
7767.535
1871.1652
5457.9194
4071.9712
0.0
6363.7686
4718.684
5008.9863
0.0
0.0
84.738716
94.32307
649.61487
5210.6675
0.0
3919.0076
930.2815
90.23548
3573.7544
463.88174
108.896736
910.80273
6788.034
1680.7705
28093.148
6764.792
0.0
1610.9885
21904.586
7322.348
26878.117
753.3059
1918.067
1232.4106
25870.613
9467.988
0.0
3105.0723
3019.9487
0.0
0.0
0.0
5284.344
0.0
8826.692
0.0
126.25018
746.3301
823.337
4607.941
0.0
4753.872
0.0
6201.755
8950.43
0.0
197.25351
5209.5938
0.0
42549.35
2606.187
3627.347
9598.241
41807.68
6056.2383
0.0
4331.5054
270.72702
2354.3484
2045.6619
5130.7866
3385.4297
9140.3545
9525.949
2469.5146
9274.13
1260.581
0.0
4240.2227
3387.3232
6613.035
0.0
3047.3289
781.0659
4774.105
3744.96
1284.9712
0.0
0.0
5477.255
5744.771
22406.688
1295.3853
0.0
2470.0737
49800.754
538.8058
0.0
9512.993
169.48587
20825.104
9448.239
0.0
0.0
424.58395
181.99026
0.0
195.45088
0.0
0.0
10239.349
0.0
473.8324
1114.7542
0.0
8469.457
300.17926
4264.5044
0.0
0.0
4465.1113
0.0
0.0
3343.6543
11481.156
0.0
1193.2374
239.01706
1102.4113
486.2412
8340.364
4534.8604
112.50282
24540.463
0.0
0.0
0.0
1866.9304
0.0
4554.287
3414.2485
29185.121
0.0
1620.4338
1443.297
120030.375
1900.5471
5717.4487
223.3948
2037.9652
4878.534
789.5002
2892.174
2577.7397
1114.7803
12924.8
15901.338
11109.519
0.0
873.69324
4878.157
4248.9795
2604.4392
13150.8125
685.2357
283.13214
0.0
1831.4532
0.0
4768.2256
8830.294
682.17834
15184.027
0.0
0.0
3528.254
5126.0312
0.0
2044.2866
3192.0085
6513.7246
0.0
2065.7327
2252.6057
1772.756
3854.8428
6034.4014
0.0
0.0
0.0
19884.473
0.0
2894.8787
0.0
444.62253
0.0
5542.2827
0.0
0.0
0.0
5435.6943
1859.4121
612.10596
0.0
440.71887
17911.75
1959.2319
27338.39
0.0
479.37823
4198.2373
3619.3057
0.0
7425.574
464.6153
381.74017
0.0
1916.2793
2494.402
110.76283
0.0
0.0
0.0
3338.6917
0.0
9898.523
6603.7734
2912.9546
0.0
2541.9448
0.0
0.0
7124.9043
0.0
1295.2008
1938.084
2349.511
5238.489
89.15512
867.2311
4411.0195
8569.555
0.0
919.17267
2774.704
0.0
0.0
1192.1304
666.47534
0.0
164.60971
0.0
0.0
4948.1387
2147.0222
5742.9
5062.4663
4340.314
0.0
0.0
4196.2534
0.0
1085.0635
0.0
3020.7827
3102.4482
202.27455
3167.1138
2956.1973
9320.91
0.0
3399.3862
7763.1465
0.0
0.0
9663.523
2391.892
5750.8696
1008.6561
0.0
749.3517
0.0
1698.6995
405.62726
6702.5483
4261.0
4089.6797
483.1483
0.0
227.21434
876.6648
467.91476
12504.296
11988.654
5611.534
0.0
348.49008
3730.907
723.54114
4084.6304
0.0
0.0
0.0
12523.216
5290.288
4407.5254
6917.871
3240.2183
4344.036
3226.0078
1893.3772
0.0
15405.838
18000.094
706.80756
0.0
4277.41
29627.738
10701.158
2113.5344
0.0
3531.0522
2686.7761
4894.2773
1624.0747
1274.789
5072.083
0.0
12990.543
0.0
5230.847
15961.033
1481.9929
6955.692
7802.8496
3406.063
0.0
0.0
2302.0225
0.0
0.0
3296.9565
16048.509
9483.531
5939.873
2046.5712
1377.9835
1095.9893
0.0
1994.1133
26180.871
557.43756
0.0
2303.1736
0.0
0.0
38278.05
0.0
733.9877
6378.1665
0.0
6675.1685
16418.88
3269.662
11209.262
0.0
0.0
61.195854
3033.0723
0.0
0.0
5707.0947
2299.0747
2688.3315
4076.5005
11745.135
6691.5205
1530.9097
1348.6433
77.11736
5762.248
0.0
1232.2866
778.6798
7433.078
406.61
2909.891
0.0
1415.3186
6721.433
2105.0715
1163.4414
358.4992
68251.12
0.0
2259.7737
0.0
1822.472
0.0
613.7931
0.0
0.0
4108.1494
5371.602
5690.3726
1179.6929
3470.742
5855.4688
9722.752
2367.921
12442.258
0.0
0.0
8281.943
0.0
11860.244
3987.8364
6945.26
5370.942
17785.027
0.0
1401.7378
3259.046
4394.0215
0.0
2578.7822
3593.4849
8169.8228
19367.27
1741.9878
933.0992
279.919
4988.2383
948.0786
15264.679
7712.834
4941.2974
0.0
595.30945
196.87018
50259.984
3644.7368
8923.474
389.7659
2105.2864
5982.4897
2403.9238
1352.5603
587.13007
2204.925
12483.84
0.0
825.25385
1292.3892
0.0
2926.9202
3246.8604
6535.4326
1731.9031
0.0
2400.9573
3979.9126
4185.423
442.82388
9628.666
3903.0552
3975.9036
454.40845
1212.5679
6856.0435
5784.631
393.07947
3023.6343
1143.998
0.0
0.0
124.60267
5110.337
9125.779
741.2491
569.88855
9411.227
0.0
24420.5
0.0
1883.862
1322.0399
11576.151
1365.6462
0.0
2457.057
184.50964
7683.6533
0.0
0.0
0.0
6075.7363
3522.793
0.0
0.0
4650.3496
3485.7378
1523.4312
0.0
2006.575
7051.2744
301.49432
1922.881
0.0
0.0
36996.223
3886.021
0.0
0.0
9204.156
1360.1991
5238.5503
147.2583
339.66547
1071.6345
0.0
0.0
6245.4624
2455.0315
10793.444
0.0
7748.0225
268964.34
2550.5867
5052.426
0.0
0.0
0.0
0.0
0.0
5102.4727
1649.9451
0.0
0.0
12153.628
0.0
0.0
0.0
8418.9375
17081.797
0.0
3725.3645
10370.203
949.8719
826.1117
0.0
4602.7344
0.0
2218.547
45.50849
1719.1499
0.0
20922.984
0.0
4007.1187
13958.9
3713.566
11903.909
8477.204
841.3526
0.0
6548.954
1413.605
0.0
6410.983
513.96313
4325.5713
42735.164
0.0
2941.3242
0.0
2311.588
13823.191
3212.3096
7590.926
235533.66
0.0
507.99435
7348.9297
7423.667
0.0
2053.9592
0.0
0.0
562.91156
0.0
1110.6516
0.0
0.0
1921.386
1849.5161
5323.408
1400.1431
0.0
0.0
0.0
638.77454
5482.8677
1125.1509
11594.6875
9362.555
12127.689
4031.9404
450.47592
0.0
0.0
1453.3937
2664.9775
3749.6392
4611.7295
0.0
1637.8644
5345.7017
0.0
300.6966
2003.2107
1996.4559
0.0
745.50354
3187.3325
0.0
3484.0464
0.0
126749.83
773.1312
758.3253
5164.1357
0.0
2653.837
695.7012
3114.099
0.0
0.0
2124.3833
0.0
4258.4346
0.0
0.0
0.0
0.0
12280.689
3358.4924
13526.336
1746.4626
9485.893
0.0
2769.8909
4884.9653
2429.5112
0.0
12186.127
7361.093
1391.6733
0.0
1057.8081
1212.8186
32.261063
2388.0327
10461.854
616.69934
630.79315
0.0
4403.4165
2936.915
13365.793
230.38885
5254.326
149.75684
12949.822
2556.813
680.17773
3953.5513
3604.9607
2038.9874
0.0
979.91284
3508.9194
6198.8184
12322.792
0.0
3883.059
5457.87
4527.399
14686.885
624.8047
24507.33
775.1889
18369.031
0.0
0.0
0.0
0.0
0.0
0.0
3999.6948
3898.5674
5647.4688
3590.4092
4256.0176
0.0
4984.098
4103.6875
5738.197
3134.293
0.0
6997.041
13442.296
1689.1858
5928.3853
790.56824
807.0996
4471.3096
842.71436
3520.7446
5067.0254
1268.5548
8458.729
210.71912
0.0
166.62038
3537.452
6301.42
4770.596
509.5468
0.0
13637.193
1193.9043
0.0
0.0
8705.16
6001.4736
5984.2744
4918.3135
1805.7815
2168.8774
5603.6484
0.0
4542.364
3581.2778
1502.8811
4208.35
0.0
244.0213
0.0
4814.0854
1497.2859
2856.0928
4428.5767
1341.1833
3489.0425
0.0
1948.0522
0.0
136463.81
441.30576
3005.5493
0.0
5630.1816
0.0
3723.9587
0.0
3564.4287
0.0
8883.723
2758.2302
2459.67
2814.5474
7174.838
5579.829
526.0425
5058.445
180.0119
0.0
2101.2512
1562.8542
0.0
2680.7776
14379.94
442.32867
0.0
0.0
4727.834
7060.4336
0.0
680.1703
0.0
0.0
0.0
2191.3472
3774.626
2746.6504
5189.5957
0.0
977.17505
8284.32
216.34505
63986.742
234.21
190981.9
2389.633
45497.324
31731.146
7348.872
5980.89
0.0
5679.897
3388.082
2179.0862
3077.4207
5831.5
0.0
11304.4795
8958.792
12835.412
0.0
6291.454
7661.495
27052.195
668.4132
0.0
0.0
2462.3103
3134.377
3877.2056
0.0
0.0
677.4675
4424.662
1088.9502
12118.045
0.0
3067.0825
87117.4
5590.369
1331.0708
1746.4342
6782.8623
3934.8594
7428.377
2479.3608
0.0
12524.48
0.0
0.0
3785.388
8355.143
2305.343
0.0
4770.763
3914.353
3047.113
18472.838
2968.4146
210.16786
0.0
7375.8145
182.24298
262.13397
16447.62
23698.125
1087.8157
761.2606
0.0
18035.338
6966.0044
4853.17
2036.7948
140.13678
11904.076
6836.264
0.0
2635.615
0.0
0.0
90758.8
5384.157
11726.148
0.0
2524.6987
4771.4697
4550.498
8212.825
0.0
0.0
0.0
261.86832
993.2387
3936.3132
0.0
30134.89
12590.703
3620.6113
26903.7
1278.1829
0.0
2053.237
0.0
7563.191
12731.029
1175.2836
4070.5994
2430.625
0.0
0.0
9053.811
0.0
6343.918
2512.2576
7106.0195
995.0591
0.0
4180.0
2879.477
0.0
0.0
19396.066
4942.8447
3785.275
0.0
2267.7874
1519.616
4119.073
1434.8872
2142.092
3718.4277
3390.3936
8196.581
0.0
2651.0886
3037.1548
4037.0747
0.0
1824.831
3749.9058
8059.7593
3935.9678
0.0
1074.4634
4007.607
3965.6997
21358.934
14767.557
19879.867
2218.2317
5916.268
0.0
2477.4434
3286.9312
403.62506
41732.305
7417.0103
781.55164
520.21295
0.0
0.0
0.0
0.0
0.0
3905.1594
15629.953
0.0
949.0676
149.13531
2306.3862
129.37892
22449.42
0.0
83255.82
2683.1125
0.0
2881.2314
2520.7427
13291.594
4131.5396
0.0
0.0
7656.46
4575.5923
1530.792
3507.416
42619.758
0.0
1587.1777
27909.58
1566.9852
2141.1587
8293.786
0.0
29141.18
2761.2915
5244.995
250.67897
10098.246
60.084747
4684.8745
0.0
1120.688
3348.162
0.0
0.0
8921.395
7735.5903
0.0
9629.076
1570.0428
0.0
691.49884
991.141
4611.532
3650.6816
20903.934
2658.8328
1820.8762
5195.7383
0.0
3016.646
14963.697
0.0
15412.49
138.17319
191.15938
0.0
0.0
0.0
5986.216
4252.2305
105.660286
4663.393
449.89594
919.6598
2305.2397
582.4094
8237.756
0.0
388.76614
27882.018
11878.578
0.0
378.24142
2146.03
5266.776
1844.8418
5081.935
792.36633
1938.9583
0.0
675.4186
0.0
2165.6443
11181.171
0.0
0.0
1998.054
3284.9731
12621.497
4845.574
858.90924
2044.5242
225.4436
0.0
0.0
0.0
0.0
0.0
39547.984
0.0
0.0
700.4425
7240.3433
0.0
5776.286
2724.0776
543.2966
2933.5144
82119.44
2535.56
5826.4844
9905.61
0.0
0.0
8168.1074
0.0
2028.6144
10661.86
14488.669
0.0
1199.0203
0.0
0.0
6747.877
0.0
0.0
2689.3645
0.0
0.0
289.05295
1987.9246
8053.0527
3376.7764
5518.743
2185.8025
6704.848
30755.75
0.0
667.45074
1729.4967
3272.6936
0.0
0.0
0.0
3067.2964
0.0
4427.78
610.3819
2589.3232
1540.1526
7221.5674
0.0
4542.4243
2284.5361
1769.2036
2039.0638
2563.147
20128.168
0.0
5783.1504
0.0
5566.8364
816.9979
299.3606
24339.684
2545.6863
0.0
0.0
0.0
415.57944
4455.882
110.065956
6392.368
66734.36
0.0
4311.4443
2565.4438
0.0
5920.2925
0.0
0.0
10441.58
1821.8538
0.0
3841.2397
3772.3152
0.0
224.23224
0.0
4274.1445
5647.997
0.0
3510.003
8324.205
563.0664
5474.724
6684.5146
1431.3026
0.0
239.03043
3216.3281
0.0
