24.695183
24.586021
24.53955
10.10075
24.636301
24.848473
24.832008
24.805511
7.227344
24.755705
9.410065
24.758505
24.850948
24.818155
24.882145
6.18097
24.825426
10.772179
24.620077
24.838661
24.826057
24.852848
24.732315
24.850193
16.721994
24.727547
9.422756
24.779697
24.785225
24.82672
24.785526
24.786373
22.7331
24.72448
23.49229
24.80125
24.70217
24.82418
25.01009
24.781448
19.039326
24.743696
24.816982
24.843819
24.837826
24.594078
24.660618
11.263702
20.050262
24.80577
24.886425
22.403963
24.742762
24.815056
24.33468
24.876562
24.823547
23.353306
24.871916
24.769081
24.84579
24.464132
24.727144
24.77123
24.816175
21.089088
24.8389
24.82325
24.82175
24.701187
24.815418
24.74789
24.780369
24.952791
2.9929023
0.0
24.81385
24.816013
24.88299
24.8479
24.69409
24.81393
24.844074
24.689436
24.940983
6.34882
24.707447
21.062746
24.741444
24.838913
24.828976
24.848827
24.940323
24.391098
23.187843
24.87139
6.7319927
24.749748
24.730942
24.766289
24.862404
24.805996
24.900284
24.82735
24.850536
0.0
24.84585
24.865557
24.64413
24.806412
24.561813
24.598225
13.713274
24.83844
24.78659
24.76509
24.852688
24.9582
24.79594
24.65554
24.839375
0.5765714
17.33154
24.51342
24.805626
21.953579
17.381527
24.788706
0.0
18.950947
24.850124
24.807434
12.982666
24.751137
24.78801
1.9537683
24.856445
24.907959
24.744293
24.55851
24.837719
24.852974
24.9404
24.907196
7.4855046
24.858139
22.893192
24.882105
24.69899
24.856695
24.875608
24.863918
24.44844
0.8930027
24.970322
0.0
24.68774
9.628708
16.690577
23.070797
24.749104
3.2266579
24.808609
24.777117
24.751064
24.780222
24.840572
24.663696
24.581518
24.874739
24.88142
23.291924
24.784382
2.4929774
24.840717
24.928316
23.491402
24.844784
24.837212
24.884846
24.75998
24.58799
24.89232
24.234463
24.790419
24.804256
24.764526
24.733768
24.80411
24.805494
0.0
24.838285
24.766685
24.83538
2.3471825
24.845455
24.873623
24.78667
24.76746
24.820955
24.736885
15.63883
24.662188
24.82147
22.932829
24.457159
24.864166
4.805534
24.801844
24.6184
24.784607
24.874495
24.888065
13.892458
24.61846
22.738432
24.726032
0.0
24.805534
24.334824
23.66429
24.376112
16.75201
24.851427
24.815348
24.774216
24.853144
24.745417
24.811684
24.843225
21.68141
24.889233
19.73272
24.938908
24.824566
24.89962
24.719633
24.862206
0.0
0.0
24.822533
24.805668
24.721127
24.795334
24.435364
24.87162
4.0094404
24.80562
24.788582
0.0
16.71907
24.855164
24.787968
24.897694
22.913795
17.435041
0.0
24.813374
24.790962
24.776741
24.719698
24.769241
24.86549
24.948559
24.795801
24.540071
0.0
24.639702
17.234953
24.872015
15.0243435
24.682384
24.872469
24.776573
24.832323
24.619305
24.77491
24.814945
24.798721
24.924921
0.0
24.787867
24.808823
11.916804
24.613985
24.785484
25.001364
24.701963
24.910452
24.926426
24.832275
24.861298
22.322155
24.78719
24.611168
7.1733575
24.696049
24.803562
16.840492
24.896698
24.865265
24.72573
24.826733
24.862846
24.755833
24.736027
24.921597
24.77137
24.843979
3.7835002
17.38872
24.218033
24.002934
24.8204
24.827415
24.809479
24.902372
24.882591
24.809055
23.472101
24.616571
24.633215
24.742449
24.800749
24.808142
24.705662
24.736128
24.784779
24.759975
23.635105
24.81203
13.082903
24.189447
24.777569
19.934292
24.858776
24.855785
24.939571
24.783976
24.953695
24.788841
24.83382
24.842213
24.846972
24.809471
24.754509
24.852856
24.949379
5.155281
24.795639
24.814034
24.2488
24.886429
24.747066
24.721561
24.813648
24.678371
24.833117
24.884268
0.0
24.859398
23.110958
24.791851
24.35567
24.343534
24.846432
24.780228
23.546505
22.968418
10.702442
24.16939
24.452684
24.875504
24.73142
24.771746
24.704548
24.806938
24.377586
0.110591635
24.846409
24.852264
0.0
0.0
24.610006
24.889557
24.827835
0.0
21.935684
24.911507
24.744385
24.67098
24.72791
0.0
24.67184
24.892494
24.860012
24.782915
0.0
24.799658
24.81445
13.783987
24.745518
22.724613
3.8240066
24.89051
24.787361
24.73637
24.895893
0.0
24.889042
6.9401865
24.768633
24.887268
24.833794
24.862873
24.896282
17.47651
24.748848
24.887833
24.794144
0.0
24.864353
24.837664
11.644901
0.14371982
0.0
24.771566
24.823599
24.87086
24.789831
24.865189
24.597164
24.760418
24.816597
24.774027
0.0
24.747768
0.0
24.769756
24.792377
11.137726
13.632567
21.22811
24.791817
24.5331
24.73688
24.781921
12.577759
24.85175
24.79559
24.801195
24.812218
24.853046
24.855453
24.154766
6.419555
24.86219
24.807264
24.838604
24.738924
24.446556
24.758938
24.939247
24.723078
0.0
23.291094
24.663383
24.86179
20.178123
24.844303
24.739082
24.828655
24.796144
24.557762
24.852753
24.807877
24.742748
22.053333
24.803194
24.761246
24.766548
15.605013
24.579746
24.7877
24.775213
24.840712
24.837503
2.1096072
24.84829
24.797401
24.82795
24.790077
24.823456
24.389214
24.84003
24.847862
14.854715
24.705288
24.803143
24.85595
24.830912
24.659172
24.116348
24.597755
24.79837
0.0
23.761055
0.0
24.801306
24.846466
24.768108
24.932472
24.948507
24.921597
24.814018
24.779234
24.770683
24.901978
22.101889
16.02289
24.68936
24.812866
24.703568
23.11425
24.88568
22.166817
24.821093
24.606434
24.75607
24.794567
24.803204
24.97284
3.5188289
0.0
20.411652
24.827572
24.861279
24.73346
14.589222
24.818695
0.0
24.785923
24.780577
24.765638
23.874702
24.689972
24.858215
0.0
24.888859
24.765953
1.6222568
24.835514
24.56612
24.521938
24.883673
22.218426
24.868546
24.775356
24.867107
24.803207
24.918674
23.40128
24.866734
24.857609
24.785912
24.689087
24.771786
24.801651
24.239418
24.821392
24.690006
0.0
24.746738
24.725195
24.905796
24.851196
24.88021
24.809368
24.869646
24.812916
24.53029
24.784727
24.74467
24.609077
24.778145
24.809818
24.940191
24.813286
24.830498
24.786297
24.845394
24.626862
24.981417
24.811392
24.523691
24.88825
24.855278
24.875298
24.716196
24.7556
24.62791
24.668474
10.193718
24.83684
24.624905
15.093976
24.71584
24.810472
24.352531
24.736286
0.0
24.71153
24.878918
24.756882
8.168136
24.837944
24.852066
24.791122
24.7412
7.7769995
24.607708
24.885658
24.690252
24.729498
2.5505874
24.881355
24.853825
13.1970005
24.794132
19.114126
24.766281
0.0
24.875362
24.83316
24.707344
24.37293
24.685867
24.774757
24.865036
24.70052
24.658241
24.853651
24.834536
24.433075
24.795837
24.641068
24.77657
24.814348
24.722658
24.76503
24.770351
24.719976
24.672186
24.78918
24.846935
24.879398
15.487128
24.857172
9.986683
24.886185
24.782581
24.86476
24.914822
0.0
24.810207
5.604691
24.823704
24.879612
24.862215
24.615475
0.0
24.785295
3.4208221
24.809586
24.87405
24.772238
24.766655
15.373869
24.738014
24.921928
24.842901
5.3767014
0.0
24.700682
24.756672
24.838196
24.85431
24.842308
24.36042
24.936571
24.762833
24.598515
24.781893
24.38266
24.82199
24.59029
24.666714
24.805178
24.479498
24.855904
24.897808
24.829197
23.927717
24.850033
24.790863
24.850073
0.0
24.787285
24.53261
22.694508
24.804394
24.849434
16.312508
24.897732
24.687292
24.807585
24.855028
24.828743
24.808067
21.342163
21.429508
23.551975
24.839268
7.0983114
24.275564
24.75395
10.853874
24.838266
24.866232
24.827406
24.880112
24.697264
24.87207
23.939781
24.814075
24.811377
24.774408
24.79427
24.747246
24.807236
24.85286
24.73465
4.3963895
0.0
24.848103
24.63132
3.3761587
23.78954
24.768293
24.837347
3.2844758
24.820015
24.88839
21.513065
24.85136
24.6366
24.78941
24.831333
24.846798
24.777185
24.727821
24.79583
24.901932
24.612774
24.866976
24.77481
14.649499
24.721926
24.837963
24.83035
24.841774
24.780476
24.664537
0.0
24.881973
24.787724
24.878233
24.882145
24.941359
23.075848
24.80405
24.80492
7.308037
24.856876
24.81737
24.825785
24.825172
0.6338194
24.811945
24.801598
24.743387
24.844261
24.783646
0.0
24.796959
24.859707
24.834686
24.819595
24.84128
24.831448
24.67388
24.83287
24.762547
24.823309
24.78782
24.886665
24.84119
14.21325
14.985594
24.894466
24.852394
24.711935
24.788105
24.503632
24.837257
24.733395
24.858364
10.91982
24.755365
24.832115
24.77416
24.829283
24.778896
24.818977
8.565968
24.763344
24.839241
24.797726
24.683659
18.28767
0.0
24.81153
24.801067
24.86504
24.891205
24.792826
24.878092
24.76196
24.826649
24.513428
24.785683
24.843712
24.47184
24.83908
24.14377
24.865631
24.820343
24.796558
24.332619
24.69934
8.07162
24.809448
24.772377
24.779083
24.590298
18.993292
24.87328
24.898235
24.873768
23.072487
24.818993
0.0
24.943352
24.803215
24.778091
24.186909
24.753025
24.89027
24.760902
24.688366
24.848732
24.734325
24.53887
24.816128
24.798183
24.86662
24.773043
24.851227
24.767855
24.84848
24.842701
24.71303
24.818361
24.87056
24.863003
24.630108
24.844936
24.753508
24.815403
24.725899
24.883663
24.895008
0.0
24.85808
24.830448
24.981941
1.7243738
7.5093966
24.739147
24.834873
24.732285
24.742893
24.876255
21.378544
24.873886
24.76183
24.801373
24.875774
12.704447
8.400305
24.458555
24.821676
24.754559
24.679697
24.87413
24.83501
24.798733
24.767529
24.84925
24.865368
24.792564
24.560467
24.8917
0.0
24.770844
24.756626
24.619497
24.824516
24.678942
24.79174
24.860855
24.75851
24.85211
25.006319
24.837072
24.008453
24.885136
24.793835
24.857193
24.72472
0.3319511
24.833723
24.881226
24.778778
24.848473
6.476297
24.892262
24.882015
24.797176
9.786806
18.055601
24.884964
24.651783
0.0
24.668201
0.0
24.643362
24.81757
24.808361
24.845531
24.832497
24.813187
24.749435
24.900234
11.357568
24.860527
24.88855
24.387543
24.84167
24.740343
24.846676
24.89104
24.749403
24.063889
24.772966
24.876637
24.806581
24.67979
24.862843
24.884293
0.0
24.731293
17.482939
24.780842
0.0
20.58934
24.841099
24.719225
24.919128
24.739742
24.883875
1.4022408
24.76101
24.340927
24.85065
24.877234
24.848967
24.212711
24.34188
24.855255
24.981762
24.749323
24.800062
24.84145
23.640038
24.542866
24.72281
24.653385
4.7739606
24.678818
24.773676
24.506353
23.809067
24.830086
24.824123
24.72731
24.871529
24.845776
24.853268
24.859478
24.896439
24.829052
24.836262
18.533762
24.814713
24.697794
24.664726
24.787544
24.858887
7.4480305
24.80857
12.249895
24.695305
24.932495
24.872833
24.49651
24.916279
23.385708
0.0
24.74302
24.76022
24.843937
24.959112
0.0
24.906569
24.59813
24.615904
24.759064
24.830564
23.157013
24.897467
24.677322
24.779602
24.808004
24.911701
24.938171
24.673935
24.867832
22.320044
24.865868
24.663033
23.588562
23.403254
0.0
24.782375
19.025232
24.817493
24.712523
24.757294
24.834583
24.851532
24.908531
13.581139
24.849777
24.845322
0.0
24.899391
24.803276
24.753891
24.587637
20.075941
24.817049
24.445408
0.0
24.79432
24.705761
24.664612
24.825233
1.4268268
24.770096
24.665382
0.0
0.0
24.836666
24.715265
24.781424
24.726255
24.055183
12.251158
24.527298
3.2051263
24.754047
23.997765
24.856262
24.754265
24.781982
24.779278
24.813938
24.836678
24.788216
24.812632
24.87675
24.793911
23.55785
24.806017
0.0
24.865376
24.895617
24.914207
24.695267
24.559982
0.0
24.790142
23.305735
24.85255
24.862244
24.75193
24.728844
16.094847
24.835665
24.79319
24.892235
24.74757
20.09423
24.842098
24.40357
24.86716
24.954536
24.719582
24.823793
24.903347
0.0
24.94425
24.814493
24.854275
13.369594
12.316165
23.777687
23.049316
24.810036
24.88696
3.8474708
24.816494
24.875423
24.841013
24.781788
24.85939
24.84714
24.759438
24.827847
24.518536
12.457274
24.8532
24.869137
24.808989
22.433409
24.044102
24.904346
24.803211
24.670938
24.25917
24.8322
24.784002
24.686762
24.76522
24.813778
4.192334
24.979813
24.876892
24.847042
0.0
24.329641
16.150265
12.407215
23.818678
24.831165
24.628
24.82161
24.824617
22.26159
24.826809
22.547728
24.843367
24.622166
24.847572
24.80655
24.852638
24.870571
24.750591
24.65953
17.378937
0.0
24.812262
0.0
24.863949
24.802513
24.619385
24.759151
24.816357
24.699795
24.806355
24.813477
24.800488
24.799154
24.874176
24.784119
24.782835
24.871601
24.806309
24.845566
24.745567
24.733791
24.832817
24.727673
24.82846
24.83806
24.799168
0.0
22.60369
24.860382
24.830622
24.77993
24.66935
24.782879
24.88138
24.931536
24.690418
24.871819
22.204372
24.834576
24.947395
22.249882
24.779835
24.682922
0.0
24.702415
24.597494
24.785194
24.84177
24.863968
24.56886
24.746458
24.801727
24.745564
24.035534
24.922985
20.01314
24.558067
15.36928
24.378979
24.938494
24.675915
24.811089
24.127558
24.761778
24.774445
17.140896
24.749199
24.859123
24.782055
24.799833
24.832678
24.501911
24.457489
24.744678
24.787498
0.0
24.838253
24.77879
24.933838
24.653454
24.717897
24.784805
24.954205
24.841194
24.814117
24.81451
0.0
24.833714
24.665138
24.738674
24.20152
24.803913
24.75008
24.910057
24.814434
24.666842
24.919249
0.69735193
24.725056
24.71003
24.698002
24.8493
24.880318
16.745811
24.677998
24.844196
0.37342018
24.733265
24.733936
24.84357
24.7799
24.797176
14.85211
24.757217
24.836334
24.907934
24.924355
24.192371
24.785683
24.801937
24.514751
24.645576
24.798016
24.789843
0.0
24.801327
24.355139
24.839611
24.805992
24.916359
24.077866
24.813324
17.725014
24.870216
24.937376
0.0
24.939157
24.176363
24.51344
24.957035
23.00814
24.772076
24.691868
24.816757
24.895445
24.797733
24.613695
24.784595
24.903673
24.47802
24.853058
24.826813
24.90016
24.817593
24.843384
24.750656
24.8432
24.514923
19.623013
24.781399
24.776623
24.841774
24.805918
24.838943
24.851704
15.587416
24.80935
24.842358
23.442667
24.75793
24.783482
24.863373
24.86631
24.861546
24.821018
24.7294
24.83953
24.780704
24.800507
24.87521
0.0
24.766098
24.85531
24.838615
24.781225
6.931006
24.226624
24.67575
24.849838
24.692486
0.0
24.872066
24.770075
24.783554
24.724445
21.055656
22.016932
1.9731491
24.874435
6.078458
24.785679
24.737139
10.705376
24.788742
12.272497
24.740393
0.0
24.626637
24.84827
0.0
0.0
24.787165
24.85128
24.893543
24.847342
24.844086
24.709175
24.807083
24.08499
24.818424
24.845184
24.762814
24.755594
24.82246
24.880249
24.681778
24.596207
24.661331
24.835848
24.874996
23.796871
24.675774
24.512957
24.78411
1.4257269
8.344467
24.866123
24.951473
4.838038
24.848598
24.754955
23.494244
24.851355
0.0
24.56176
24.667744
24.857697
24.793125
24.80943
24.82713
24.827118
24.648424
24.852783
24.840921
24.83984
24.818668
24.688766
24.156971
24.776535
10.447118
23.52181
24.843288
24.800028
24.825752
24.897038
24.649714
0.0
15.638674
24.839506
24.729574
24.340225
24.699078
24.203245
24.759151
24.792099
24.792065
12.170042
24.975307
24.80478
23.963604
24.797104
24.83243
24.85888
24.58057
24.87276
24.433477
24.783905
24.542446
24.88834
24.803022
24.851944
24.850847
24.449123
24.791342
24.775463
24.727306
24.714497
24.86199
24.62233
24.88882
24.814602
24.694088
24.688036
24.807957
24.853878
24.776398
22.716522
24.87038
0.0
24.89421
24.982166
24.87718
24.209087
24.828453
24.848846
24.832127
24.855972
24.7616
0.0
24.928375
24.834549
24.762869
19.37553
24.749166
24.81321
24.900146
24.903389
24.823067
24.82695
24.70478
24.840542
24.798832
0.0
24.859604
24.850027
24.765472
24.11954
15.382664
24.831694
24.772793
24.8377
24.80614
24.804752
0.0
23.33163
0.0
24.846607
24.81734
24.860859
24.819765
24.85143
24.186247
24.835503
24.837854
22.683603
24.79627
24.680786
24.755562
24.741493
24.857685
24.885208
0.4744107
24.843422
9.835281
24.840277
24.74947
24.732384
0.0
24.730667
24.944992
24.87172
24.848322
24.88711
0.0
17.153376
24.71027
24.800465
24.54945
0.0
24.862785
24.518385
6.6415834
24.815063
23.727352
24.84721
24.827667
24.524075
24.852509
24.58693
24.764973
24.622383
24.886974
24.823948
24.696436
24.78714
24.12671
24.780912
24.74733
24.890541
24.69664
24.803726
24.721725
12.562922
24.695774
24.807468
24.821457
24.813717
24.81306
24.404758
24.734138
23.971306
9.774733
24.807251
24.719116
24.738783
24.854586
0.0
24.858704
24.848583
23.100405
24.845165
24.4584
24.859142
0.0
24.724115
24.90402
24.86892
24.895187
24.905815
24.792194
24.838425
24.830704
24.737005
24.772877
0.0
24.927515
24.697994
24.824234
0.0
24.81961
0.0
24.839073
24.785383
24.824142
24.495987
24.850765
24.831167
8.759332
24.834358
24.788765
24.848078
24.720802
21.270035
24.820158
24.857574
23.489202
24.8904
24.848595
24.8013
24.886635
24.851898
24.825096
24.784412
24.774937
24.796627
24.726849
24.748146
24.817814
0.0
24.614605
24.84233
24.831411
16.950365
24.883503
10.457195
24.72179
24.735126
24.54439
24.825457
21.367596
24.833824
24.797503
24.71875
24.48676
0.0
24.791117
24.79052
24.810463
24.839909
24.72565
24.639572
0.6263567
24.7883
21.699532
24.882797
8.924312
24.75122
1.0014244
24.82484
13.792177
24.73066
24.769463
24.89082
24.76575
24.810684
24.722654
24.743294
24.496363
21.649246
24.80816
11.83013
24.794453
12.9599
24.790037
24.67149
24.767826
24.790546
14.087618
24.174278
24.728752
10.239803
24.697231
24.218206
24.84268
24.731136
24.773384
24.504332
24.762302
24.405943
24.641603
24.81295
24.47148
24.896835
24.512836
2.7575238
24.77967
24.898367
24.747593
0.0
24.743246
0.0
0.62759817
22.356285
24.687561
23.55178
24.803387
24.876598
6.6119165
24.865086
24.8322
24.895245
24.797192
24.75823
24.76805
24.934958
12.18672
24.824299
24.852058
24.810593
24.857107
24.842064
11.3129
24.817425
24.791452
14.243092
24.791832
0.121190384
24.768984
24.860512
24.752579
24.888836
24.89789
24.813477
6.454373
24.816212
24.716387
1.915932
24.84449
24.806915
18.580917
24.785156
24.951656
24.803226
24.224812
24.802896
24.808521
24.93085
24.84005
24.691914
24.822815
24.813538
24.787037
24.882
0.7394059
24.81328
24.762335
24.529303
24.846167
23.27726
24.897232
24.717266
24.824879
24.69759
24.86911
24.857708
24.846203
24.929241
24.40781
24.848734
23.25787
24.811234
24.791805
24.831434
14.151542
24.820332
24.871933
24.67825
24.794704
24.367424
24.572334
24.68635
18.012638
24.930075
24.876625
24.952232
19.399286
24.661865
20.062992
24.820713
24.837992
24.443817
24.831928
24.863117
24.917511
24.906113
24.723577
24.777641
24.847588
24.80994
24.718304
14.983732
24.856972
24.785828
24.81849
24.801798
2.4508305
1.5468171
22.97343
24.814407
24.767921
24.83403
10.321867
24.769653
0.0
23.942394
24.828112
24.893179
24.803917
23.848593
23.861652
24.121555
24.808208
12.53698
24.774675
24.635372
24.812645
24.853725
0.0
24.68621
22.298407
17.010464
24.807377
24.84162
19.501602
24.884441
24.71453
24.79029
24.683815
24.812035
14.063515
24.864906
1.7455812
13.350693
16.364025
24.905336
24.808899
24.853678
24.49222
24.813002
0.0
24.30204
24.789343
24.834896
24.730583
23.551777
20.895561
12.1976
9.503703
24.888323
24.864016
24.835253
24.726486
24.863483
24.832598
24.72998
23.854233
24.854828
24.84103
24.771097
24.727634
24.862555
24.852793
24.86958
24.832172
24.94181
24.994146
24.24224
24.79414
24.785648
24.822536
20.542591
24.842657
24.821093
24.879742
24.795942
24.798597
0.0
24.83081
23.548666
24.83836
24.82548
24.820477
24.745792
24.69047
24.733473
24.828285
3.871188
24.898788
24.910463
24.840366
24.672142
24.833786
24.88393
24.760868
24.924252
24.835417
24.80819
24.877178
24.534111
24.656635
10.178425
24.79277
1.019739
22.809559
24.85245
0.0
21.643707
23.334608
24.22908
24.749235
24.088701
24.824085
24.794193
23.973328
24.829567
24.829466
24.846613
24.858536
24.81889
24.826332
24.898764
24.826515
24.712196
24.88757
23.838228
24.728996
24.733501
24.50888
24.818287
24.890749
24.82486
24.841936
24.841377
23.70398
24.741432
24.179207
24.871895
24.84093
22.040749
24.80588
24.910881
24.772087
24.789581
24.841505
24.74117
24.78078
24.793186
24.66793
24.860468
24.815506
24.776495
24.767109
24.834385
24.784245
24.684914
24.868809
24.88726
24.834229
15.274048
24.813923
15.25345
16.032501
0.0
24.75283
19.610147
0.0
24.616192
24.762606
24.77749
23.798285
23.699177
24.754778
24.488771
24.624842
24.779762
15.623478
23.478241
24.869469
24.713367
24.843365
24.78289
5.844972
21.48634
24.855625
24.880203
24.864763
24.962807
24.626257
24.782578
8.693336
24.802286
24.927017
24.764902
24.769833
24.868065
24.569384
23.724579
24.805862
24.823925
24.918673
24.850395
24.113205
19.68355
24.454393
21.252085
24.753126
24.808231
14.771509
24.643158
24.76464
24.809208
24.846363
24.30844
4.000153
4.494586
24.584957
24.71362
24.898254
2.5028145
9.13773
24.842434
24.925829
24.760775
24.751787
24.666986
24.773785
24.247261
24.767305
24.830818
15.572939
24.748463
24.692516
2.8491802
0.0
24.78313
24.721895
23.874338
24.85738
21.604113
15.12898
24.84407
24.76947
24.855484
23.45219
16.951824
24.900517
24.857437
24.832539
16.036753
24.862846
24.434563
24.861225
24.940435
24.73489
0.0
0.6215784
24.88388
18.501345
12.160402
0.0
24.93766
24.652096
24.44234
3.2252116
24.86815
0.0
24.727665
24.839422
9.995786
24.230469
24.734863
24.732376
1.4809418
24.843014
24.834492
24.821129
24.82668
24.883057
24.773365
24.872437
24.968693
24.795467
24.750265
24.80909
0.0
24.653812
24.851635
24.922127
24.856833
24.82002
19.046518
24.881977
24.848114
24.615608
24.821838
24.812065
24.811432
24.819897
22.956861
14.465864
24.835907
24.840115
24.867474
6.094875
24.850088
17.25456
24.89156
24.773346
24.979229
24.831821
24.777824
11.224918
24.6596
24.709719
24.87172
24.88723
24.824528
23.565866
24.782133
24.714085
24.853462
0.0
24.83677
24.822367
16.506065
24.689213
24.656998
24.785254
24.874805
24.777222
24.849075
24.749676
24.732834
24.80535
11.758172
18.31648
24.722887
24.812859
24.43016
24.843163
24.704575
24.884062
24.77074
24.805387
24.854237
23.368647
24.857088
19.849567
24.86358
0.25813907
8.652907
24.809784
24.828888
24.583097
20.186527
24.853289
24.7874
24.70269
24.825397
0.0
24.908941
0.0
24.788998
24.749525
24.702454
24.81974
0.0
19.922962
24.82388
24.869675
24.798061
24.816017
24.798683
24.847797
24.823769
24.808193
12.470207
24.844976
24.769592
24.861778
24.789791
24.821915
24.934704
24.686749
24.809593
24.925732
24.85899
13.2620735
24.898178
24.660261
24.790674
24.823648
24.575117
24.668438
24.79733
24.567883
24.89169
23.930962
9.086037
24.833828
24.78775
0.0
24.873392
24.888023
24.840767
24.642536
0.0
24.681946
24.5737
24.808144
24.723793
24.765598
24.63928
24.70247
13.868707
24.081821
24.682741
23.591072
24.811005
23.185646
24.80362
24.545116
24.906586
24.85596
24.753185
0.0
24.817856
24.833132
24.702547
24.79491
24.895096
24.853203
24.860508
24.742313
24.74493
24.794796
24.845612
24.669273
24.566788
24.855862
24.939133
2.425695
24.63478
24.784733
24.796532
24.715477
24.365347
24.615265
23.814716
24.791134
24.658922
24.847353
24.841034
24.830849
24.812952
24.816822
24.851929
0.3976168
24.602392
24.905092
24.79218
24.836767
24.865215
24.81771
24.879005
24.731773
24.764908
24.787312
24.880207
24.84077
24.807137
24.645664
24.78313
24.771477
24.80494
24.797972
24.836037
24.7733
24.880247
24.865788
24.859776
24.824223
24.260008
24.642338
24.84243
24.630436
24.653494
24.8423
24.660698
0.85375154
24.855904
24.834772
24.864176
24.674742
24.512121
24.860764
24.658278
0.0
24.722044
24.767902
19.558578
24.786259
24.612518
0.0
24.850996
24.812473
24.864864
24.872854
24.925781
0.0
23.155153
9.50496
14.750587
24.831745
24.717514
18.384155
24.939487
24.722721
24.890991
23.765425
24.94431
24.8265
24.859577
24.823074
24.84179
24.814732
24.817802
24.885147
24.811527
24.764713
24.684917
24.814308
0.0
24.854324
24.865067
24.637358
24.79023
24.860498
0.48078987
24.910574
24.896515
24.685276
24.826382
24.754967
3.3197012
24.9024
24.51757
24.791794
24.869423
24.610336
24.84525
24.807692
24.793825
24.918365
3.2684672
24.834967
24.714806
24.661999
0.0
24.282734
24.829475
5.684491
24.874289
24.761806
24.930546
24.741842
2.5539377
24.817722
24.821072
24.859177
24.952091
24.89847
23.675797
24.751455
24.833904
24.861258
24.844624
24.732307
24.866152
24.925785
13.431577
24.78856
24.892601
24.915596
24.759884
24.854572
24.871767
24.74534
24.858128
24.865742
0.0
24.842253
23.10628
24.681084
24.795181
24.72282
24.884396
24.8503
24.793634
24.832066
24.800783
24.93608
24.764349
24.836426
24.847769
23.365276
24.749851
24.79953
24.85151
24.807304
24.779922
22.941612
24.813545
24.681244
24.891605
24.844837
2.8830938
24.81394
24.772675
24.830858
24.809956
24.771315
24.80093
24.85671
24.820095
24.572353
24.85667
24.840992
24.802849
24.786484
24.804033
24.766596
24.861616
8.052461
0.0
24.840193
24.78424
24.798729
24.869991
0.0
10.673302
24.760773
24.865883
11.112684
24.86583
24.793638
24.93079
24.808453
24.842266
22.587921
24.811613
24.763926
24.7865
19.252195
24.797249
24.645374
24.420757
24.976227
24.741394
24.840794
24.750893
24.855118
22.313257
24.762272
24.691534
24.814138
24.847343
24.811543
24.491886
24.831818
24.75388
24.61967
24.857689
24.796873
24.836216
24.861202
24.940388
24.818855
24.800898
24.738224
24.862925
24.793457
24.640179
14.40637
24.7346
24.842266
24.778507
24.833687
0.0
24.80935
9.59433
24.8684
24.829916
24.12223
24.87085
24.760109
24.74667
12.477079
24.873634
24.813911
24.87188
24.827805
24.834743
24.784409
23.577438
24.88329
24.632006
0.0
24.83868
24.803612
24.7224
24.696594
24.73124
24.817505
24.892456
24.607674
17.063148
23.695415
24.541859
24.781174
24.833828
24.831314
15.5265465
24.807087
24.70549
24.930086
15.740839
0.0
24.69635
24.757347
24.729677
24.798752
24.786087
24.732693
24.49133
24.711353
24.784016
24.787958
24.692734
24.636278
24.803566
24.838577
22.815968
24.760464
24.859997
24.797592
24.83302
24.838375
24.755898
24.85017
24.840664
24.8038
24.888626
24.83665
24.847313
24.223206
22.074759
24.823828
24.813948
24.849659
24.81661
24.643028
24.848877
24.833357
24.755777
0.0
24.75891
24.83482
24.809767
5.2188077
24.78236
24.574633
24.851307
24.938612
24.76287
24.862114
24.79317
24.851337
24.682476
24.859074
24.819952
24.844162
21.871222
24.818817
1.5803673
24.662193
6.2453346
0.0
17.064417
24.763062
24.593552
15.330839
24.771198
0.0
24.831612
24.820892
23.03194
24.848257
24.759323
24.532959
24.795353
24.924952
24.848454
24.790108
24.854193
24.845718
24.601295
24.845524
24.788363
24.622057
24.24604
24.931465
8.157612
24.798512
24.657993
18.94734
24.762499
24.767778
24.839851
22.0592
24.793655
21.72058
24.791983
21.258953
24.76508
24.862957
24.819122
24.895311
0.0
24.618605
24.551605
24.87867
24.76597
24.815819
24.910236
23.223202
24.839035
24.84262
3.3008041
24.615997
24.73814
24.832802
24.68731
24.693317
24.809162
22.251406
23.945759
24.855976
0.0
24.80334
24.846867
5.452768
24.856846
24.901913
24.798996
24.1039
24.842411
23.334852
0.0
24.845955
24.586521
24.92344
24.819311
24.802338
24.459854
24.795835
0.0
24.64654
24.90243
24.915115
0.0
24.841068
24.839682
24.834011
24.401184
24.799343
24.780445
24.833569
18.477158
24.833225
24.849709
24.78933
24.783314
23.57208
24.739197
24.782063
24.722546
24.766483
24.85353
24.815224
13.711633
0.0
23.651604
24.868462
24.807497
24.80567
24.779856
24.79591
24.8411
24.828415
24.787155
24.881248
19.45468
24.790407
24.77528
0.96802855
24.801006
24.717587
24.845795
0.0
24.786076
24.867744
1.8057079
24.86403
11.687469
24.629612
24.779373
24.859737
24.745878
24.662626
24.903496
24.769012
24.857674
0.0
24.805716
24.869278
23.675041
24.394915
24.798286
24.78492
1.0228933
24.265211
20.9449
24.764412
24.770742
23.977932
24.849268
24.83086
24.702278
24.758131
24.926397
24.770962
17.62596
24.854528
24.833523
22.824413
24.850872
1.248797
24.155151
12.636023
24.587507
24.645435
24.779346
24.805817
24.808628
24.769306
24.862494
3.924792
24.764801
24.774853
24.806328
24.724096
0.0
13.310688
24.734154
24.724762
24.958233
24.610497
24.697304
24.853998
24.821148
24.884815
24.797237
24.324196
24.741653
23.625698
24.584892
24.31992
24.828997
24.808105
24.786125
24.795177
24.849659
24.76873
24.713009
24.413256
24.81668
24.729921
24.898281
24.74453
24.85175
24.778536
24.571907
24.61339
24.885473
24.798477
24.807154
24.829687
24.811577
10.618178
0.0
24.853806
0.0
24.53957
24.7417
24.718441
24.8815
24.570461
24.862024
24.933681
24.560501
23.997107
24.748852
24.4416
24.882294
24.807476
24.777157
24.84951
24.888872
23.622913
24.864418
24.837635
24.15307
24.807304
24.04639
24.52129
24.862492
18.31064
24.747086
13.469128
24.71181
4.472618
24.74221
0.0
24.758581
24.693794
24.849518
24.87341
24.82782
24.81031
24.815493
24.617306
24.843456
12.882883
24.916296
24.60585
17.82309
24.756973
24.815521
12.564574
1.2458436
24.797592
24.891338
24.67789
24.414791
24.755068
20.943863
24.769615
24.787472
24.80679
24.84692
24.846527
24.864904
24.826689
24.881115
24.87165
0.0
24.837772
0.0
19.391365
23.765598
17.582642
24.84328
24.786797
0.0
0.0
24.821445
24.821453
24.927618
24.800114
24.884773
0.0
24.817196
4.311763
24.658638
24.727139
24.813896
24.889275
12.117637
24.8197
24.865208
24.61652
24.711922
10.13809
24.801743
24.689566
24.819931
24.812231
24.925144
8.026484
24.905815
24.71117
24.737228
24.874409
24.728176
24.779633
24.875786
24.547405
24.862091
24.706781
24.445618
24.651468
24.871284
24.842915
24.818546
24.776993
24.837215
24.817005
24.710464
24.891018
24.836716
24.816519
24.539976
0.0
24.893993
24.795689
24.806633
24.811329
24.59739
24.723492
24.714323
24.828156
24.832531
24.930855
23.343449
24.835361
24.841991
24.843748
24.84591
24.83803
24.865147
24.864025
21.847446
16.539465
24.731833
24.271908
24.942762
24.737871
24.882149
24.623493
13.501995
0.0
24.191395
24.53724
24.849125
24.85775
24.788723
24.810326
24.79684
24.835014
24.881186
24.925491
24.59085
24.143354
24.76831
24.789173
24.896421
24.465881
24.72218
24.849709
24.811186
24.725073
8.7409725
24.817291
24.842987
24.819946
24.841637
24.843277
24.868908
24.78718
24.845972
23.508244
24.522503
9.156204
24.855549
24.763966
24.761322
24.819355
24.8142
24.745579
24.770267
12.98315
12.315677
24.79538
24.82809
0.0
8.633691
24.821234
24.83891
0.0
23.71754
24.8544
24.839989
24.75964
24.797564
24.779278
0.0
24.886173
24.605183
24.771038
24.6922
24.634209
21.679031
24.816196
24.872108
8.576239
24.605492
24.82302
24.708614
24.893528
24.850725
24.77073
24.738726
24.702019
24.824528
24.791542
21.61438
24.861116
24.819942
0.0
24.829792
0.0
24.689327
24.854946
24.001728
24.851961
24.822529
24.216602
24.758072
24.881628
24.846508
24.865513
24.912933
24.502213
24.807632
24.800339
24.81874
18.566118
24.885635
24.214092
24.814281
24.829332
24.802109
14.250799
0.0
24.812115
24.838932
24.867344
24.641155
24.889288
24.847298
24.754028
24.912395
24.83543
24.309872
24.800041
24.791046
16.025785
24.748741
24.826519
24.878424
24.607864
24.885277
5.8903866
24.881977
24.81824
24.837254
24.85551
24.843504
24.846004
24.834816
24.194065
24.82925
12.740122
20.96
24.556095
24.483898
0.0
24.880545
24.657778
24.7421
24.26839
24.761204
24.852488
24.787088
24.762428
7.6882963
24.801968
24.753443
24.218033
24.793531
24.801077
24.820251
24.65011
24.811878
24.56982
24.80226
24.82179
24.829206
24.770256
24.979845
24.76015
24.726263
16.21883
24.739508
24.794449
24.848234
19.848562
24.824047
24.824438
24.808975
24.834011
24.7813
2.2636979
24.80936
23.66394
24.819443
24.829361
24.690742
24.868183
24.69162
24.817278
0.0
24.841751
24.726856
24.672695
23.16087
24.867514
23.679268
24.836452
0.0
24.761688
24.769321
24.83158
24.911503
24.811285
24.88321
24.781898
24.972786
24.58543
24.784569
24.82631
24.412899
24.803492
21.825806
24.831516
21.781448
0.0
24.826548
24.76564
24.537601
24.853344
2.2845714
24.858746
24.84333
24.460396
24.747675
24.844925
24.72532
24.710373
0.0
22.318855
24.113272
24.870697
24.8306
24.631691
24.806654
23.244051
24.76496
23.413979
17.822954
24.865686
24.745014
24.678738
24.75441
24.829998
24.521948
7.3482704
24.827171
24.786865
6.3620033
24.782806
24.888124
24.837873
24.815004
24.849346
24.748672
24.813053
24.850704
24.476084
24.641954
24.835957
24.783382
24.89391
3.9443257
24.845093
24.866127
24.333395
24.773022
24.82671
24.805935
24.319778
24.805584
24.817024
0.0
24.866217
4.187282
24.930737
24.77404
24.788109
24.841782
24.555914
24.768782
24.908125
24.890411
24.81541
24.816036
24.834263
24.847427
12.582157
0.0
24.740738
24.784914
24.850368
24.576996
0.0
24.887459
22.80019
24.796604
24.784449
24.768372
24.10431
24.779137
24.88233
24.830158
24.854767
24.821106
18.489195
18.070301
24.786667
24.81931
24.692074
24.816776
10.84515
24.815168
24.573654
24.861277
24.69429
0.0
24.60574
24.731144
24.84948
24.725811
24.822123
24.772186
24.89664
0.0
24.788506
24.826683
24.782219
24.891445
24.797108
24.713064
24.76978
22.90012
20.884085
24.86679
24.907867
24.497387
21.882431
5.1139827
24.755573
24.81845
22.361837
24.775478
24.15257
24.886047
22.180838
24.885735
24.721338
24.85579
24.75687
24.785988
24.839394
24.737984
24.777857
24.88246
24.814667
24.926231
24.64197
24.775959
1.9971195
0.0
24.801521
24.719736
22.485111
24.821049
24.847267
24.839489
24.821854
24.758444
24.847176
24.91875
24.841587
24.995821
24.678461
24.899265
24.76577
24.93351
24.865425
20.908722
24.864904
24.39465
24.820438
24.855738
24.947384
6.432111
24.776016
20.594992
24.831446
23.853512
24.918026
0.0
24.86145
24.710602
24.835495
24.803127
24.793762
24.77272
24.761955
24.897043
24.594494
24.796497
24.627995
24.236683
24.827942
24.79076
12.2565975
14.33443
24.843033
21.52408
24.844128
24.39988
24.77207
24.708447
23.980675
24.80256
24.855032
24.829906
24.372944
24.734135
24.647675
24.862793
24.758144
24.810658
24.59671
24.53127
24.920721
24.882645
24.734459
23.306341
24.863953
24.786396
24.791157
24.842918
24.839346
24.836643
0.95768607
13.73452
24.712162
21.388683
24.568558
24.76286
24.794596
0.0
24.779858
24.808592
24.795238
24.812176
24.81796
24.821495
24.473415
24.882198
24.564262
24.798773
24.733665
24.825857
24.902157
24.822536
24.79808
24.742203
24.493847
24.894154
24.681192
24.700172
24.935606
24.772566
24.881914
24.814428
24.871014
24.871925
24.7205
23.755926
0.0
0.0
10.135282
24.953712
24.615229
24.848564
0.0
24.727247
24.33965
7.3038254
24.705849
24.82406
24.819366
19.651424
24.804989
24.843994
24.843506
0.0
24.84542
24.773323
24.813217
24.832933
24.800322
24.73384
24.81535
24.810934
24.819675
24.884651
24.876617
22.995348
24.832497
24.849493
24.800247
24.65672
24.862392
24.762707
24.74069
24.80981
24.852179
24.831713
24.885023
24.801672
24.724922
24.78032
24.793182
24.663345
24.823965
24.895203
24.846516
24.841434
24.579323
24.809963
0.0
11.187487
24.788149
24.179836
23.888073
24.066402
24.883385
7.87187
24.772524
24.924011
0.0
24.91396
24.8848
24.87584
24.541832
24.715374
24.895054
24.825418
23.879856
24.756935
24.836235
24.90207
24.885101
24.781723
24.29486
24.840366
24.776142
24.871412
24.79924
24.874668
24.746836
12.669462
24.752663
24.899223
24.707739
24.81233
24.667812
24.796055
16.56815
24.857212
24.869118
20.36174
24.943157
24.743362
24.702805
24.815521
24.435604
0.29392618
0.0
24.808807
24.801365
24.8493
24.809608
24.869648
24.932297
24.747387
20.162926
24.802856
24.09592
24.650116
24.742653
24.885176
24.73789
24.830492
24.797417
20.184446
19.81411
24.769543
24.839628
24.83445
24.881462
24.634195
24.875946
16.195309
24.76096
24.927525
24.739544
24.819298
24.765247
24.83039
24.681934
14.785244
24.561417
24.677464
24.85595
24.864471
24.874018
24.810627
23.88467
24.863522
24.827402
24.76895
24.553038
24.81276
24.823368
24.75386
24.833887
24.821156
24.8713
24.807512
24.847376
24.756
24.962782
22.715145
24.928322
24.806952
24.934116
24.823467
24.968845
14.0308895
24.817928
24.848108
24.808456
5.309992
0.0
24.833527
24.626776
24.804558
24.702087
24.817375
24.789192
0.0
24.473156
24.650455
24.88042
2.6252718
24.764584
24.747162
24.795683
24.822666
24.852425
24.718979
24.79816
24.821426
24.844873
24.09905
24.815834
21.232868
24.8321
24.835533
24.802048
24.97948
24.74894
10.757547
24.834946
24.82584
24.886036
24.884708
22.662321
24.870522
24.855434
24.864548
24.739113
24.852608
24.799335
0.0
24.785873
24.098862
24.846754
24.883583
24.73169
24.788479
24.389416
24.839222
24.86663
24.921167
24.810337
0.22338498
24.852345
24.812551
24.77916
24.667772
24.853714
24.722668
24.740612
24.751139
24.840473
24.680775
24.797901
24.926281
24.649708
24.088106
24.817543
24.36242
24.719387
4.8257737
20.2071
24.813404
24.435509
24.628666
24.799496
24.721352
24.845583
24.873024
24.747688
24.353245
18.467949
24.835262
24.809345
24.841295
24.791172
24.784164
24.767729
24.811583
24.812967
24.864538
24.702547
24.800137
24.805393
24.808285
21.218742
24.884819
24.563534
24.824507
24.86039
24.765984
24.739994
24.71339
24.86439
24.68967
24.740732
24.838402
2.4388807
24.847698
14.816472
24.81607
24.819117
24.831831
24.390095
24.862955
24.812805
24.701157
24.771812
22.716007
24.717045
24.738651
1.930687
24.857485
19.058004
22.787525
24.804176
24.751965
24.858608
23.929611
24.731873
24.86573
24.840023
24.780287
24.800438
24.771671
24.927086
24.880804
24.8779
24.84254
24.8683
24.83386
24.913734
24.780539
24.827103
24.788086
23.081951
24.712276
24.813248
24.80542
24.840107
23.220133
20.248112
0.0
24.76441
24.70459
24.782984
24.754263
18.493076
23.06426
21.67493
5.2138543
24.882069
24.753904
24.83746
24.789938
24.888302
0.0
24.598116
24.878765
24.826546
24.524364
24.779558
24.892872
24.815033
23.529503
24.813671
24.890785
24.44115
24.694748
24.635094
24.821941
24.794273
24.057222
24.638659
24.902384
24.869312
24.590115
11.092834
21.85891
24.826836
24.867435
24.849503
24.789824
24.75241
0.0
3.4590218
24.827684
24.918076
24.853455
24.827244
23.847137
24.272293
24.832539
24.393675
24.745998
24.811367
24.877811
24.871368
24.879688
0.0
24.950617
24.798637
24.799126
24.75765
24.826853
6.574123
24.9304
24.815022
24.955288
24.756847
24.856144
24.730015
24.794277
24.860332
24.843262
17.001854
24.83236
0.0
24.867428
24.777264
24.863724
24.818739
15.209625
24.841469
24.761368
24.832165
24.672768
24.758072
24.746168
24.858402
24.84856
24.740759
24.848335
24.84467
24.075542
24.517693
22.56255
24.903173
24.8432
16.580229
24.814632
24.863373
0.0
24.649239
24.771774
24.718548
24.722267
23.71738
24.825523
24.581478
24.744164
24.815819
24.912739
0.0
24.880726
24.78564
24.82722
24.631386
0.0
24.824263
24.751663
24.798283
24.792175
24.847973
24.890108
16.899708
24.852196
24.813335
24.859901
24.697495
24.73869
24.92689
24.735912
24.818354
24.870766
24.68578
24.669909
25.015377
24.861336
24.963428
17.381378
4.0810404
24.902943
24.76601
24.807796
24.736866
24.840961
24.679392
24.848389
0.0
24.67326
23.35191
24.724148
2.1194036
24.761625
0.0
24.293568
24.81146
24.790848
24.831654
24.63019
0.0
24.809689
24.800938
24.598167
24.854065
24.570627
24.854439
24.776567
24.904678
24.879599
24.829964
24.816242
24.839458
24.840267
24.665436
24.66256
24.86525
24.804268
24.88269
24.784536
24.738806
24.695118
24.881248
24.941425
24.793118
24.879498
16.252453
24.806679
24.911652
24.772781
24.823853
24.82846
24.866375
24.842987
24.828583
24.929604
24.783543
0.0
14.650232
10.64722
2.6587234
24.89236
24.488861
24.795052
24.820099
24.847237
24.824162
24.85957
24.861383
24.63353
24.795444
24.223625
24.813583
24.90297
24.86713
24.12849
19.470522
24.816334
24.842709
24.633152
19.639593
24.77812
10.533249
24.72562
24.829174
24.693493
24.830143
1.4564209
24.810268
24.80742
0.9319818
24.801651
24.787418
16.805893
24.87091
24.844538
24.68961
24.849134
24.87893
24.754261
24.87482
24.82271
24.78868
24.77541
24.871426
24.791653
24.832268
24.743721
24.851498
24.739784
24.778492
24.771217
23.836826
24.744854
5.468895
24.73484
24.893509
24.826437
24.828594
24.804684
24.74041
24.806263
23.424755
24.817837
24.814156
24.033861
24.883862
24.783096
24.716618
24.838783
24.82376
24.841553
24.867306
0.33050337
24.865116
24.752998
24.824669
24.70324
24.853424
22.821615
24.75335
22.125238
24.825645
24.628479
0.0
24.672052
24.845512
24.821224
23.732735
24.860554
24.875755
5.4751034
24.820896
24.608913
24.803993
24.889887
24.81842
24.77599
24.77795
24.802906
24.836813
24.774563
21.79884
24.773823
0.195982
24.846977
24.822409
24.85503
23.976168
24.9001
20.564705
23.030525
24.537123
24.791239
24.86824
24.834728
22.662052
24.636951
24.866285
24.695835
23.969036
0.0
24.887173
24.842472
24.618643
22.763329
24.866463
24.885426
24.764824
24.868134
24.813168
0.0
24.827068
24.730433
24.687704
24.82397
24.857086
3.79681
24.703533
24.726772
24.676104
24.803835
24.889154
16.770752
23.837364
3.563299
24.775059
24.69319
24.726185
24.864796
24.833282
24.796988
24.794983
24.824919
24.82476
24.840946
24.799744
24.492184
24.510433
6.769663
24.806854
24.7897
0.0
24.799852
0.0
24.584473
24.83931
24.35867
24.725033
7.2441263
24.770195
24.66127
0.0
24.8096
24.797094
24.835995
0.0
21.788593
24.805103
24.094063
24.356678
24.853226
0.0
24.889988
24.816711
24.813581
24.819942
24.848087
24.79781
13.71711
24.734203
24.888308
24.706577
24.331177
20.903994
24.800188
24.80957
21.534945
24.757881
24.847977
24.410357
24.718643
24.04585
9.840021
24.850796
24.813148
24.894958
0.0
24.822327
24.615065
14.336942
24.873085
24.828133
24.658258
24.821568
24.689457
24.899155
24.109287
24.86424
24.66777
24.802555
24.836964
24.76944
24.702072
24.652414
24.747507
24.802834
24.420471
24.880657
24.78838
24.92898
24.83361
24.775883
24.870779
24.77626
24.980196
24.212309
0.0
24.79049
21.431557
24.80487
24.202366
24.773523
7.330681
0.0
24.748798
24.811172
24.77135
24.811337
24.880299
24.639084
24.744995
24.803173
24.661133
0.0
24.360111
24.830372
24.894054
8.65803
24.603521
23.583275
22.95227
24.915695
24.82881
0.0
24.7966
24.429317
24.70026
24.738483
24.767857
0.9789922
24.154234
24.662354
21.061193
24.689426
24.842335
24.818167
24.87931
0.0
24.833948
24.848804
24.868668
24.607166
0.0
24.830896
24.942608
21.236412
24.703081
24.543484
24.83297
24.794312
0.0
24.843786
24.820272
19.857018
24.97689
24.85664
1.7763538
12.200546
24.808592
13.442638
24.67429
24.897964
0.0
24.822252
24.788685
24.839722
0.0
24.739006
24.824276
24.88771
2.0965893
24.888977
24.172977
24.83904
24.516869
19.538689
24.796711
24.784225
0.0
24.860302
24.831352
24.754547
0.0
24.51676
24.674545
0.0
24.797657
0.0
24.76772
24.80063
24.794226
0.0
1.013583
1.2495435
24.809374
24.802727
24.838827
24.791565
21.71629
24.791573
24.857464
24.670206
24.86649
24.884523
0.09787862
21.384851
8.901926
24.36066
20.403702
0.0
24.763123
24.895395
24.841087
24.878063
24.763866
24.674614
24.859924
24.902342
24.722708
24.898666
24.879572
20.699675
24.833145
24.934341
0.0
17.120764
24.564093
24.884518
24.465046
24.884403
24.804539
24.830715
24.771336
24.80011
24.774693
10.292423
24.82417
24.865124
21.333572
24.735975
24.890076
24.845203
24.056957
24.828897
24.113476
24.832306
24.815514
0.0
24.82367
24.844025
24.707542
24.775768
24.90442
24.481218
24.82568
19.471441
24.841827
24.683193
24.76482
24.854557
24.849695
24.83744
24.663368
24.72144
23.782532
24.795591
24.851372
9.43456
24.811771
0.0
24.79417
24.713058
24.817585
23.290537
24.749374
24.910004
24.789019
24.835726
24.716175
18.998037
24.76308
24.81588
24.789145
24.73552
24.742258
14.036392
0.0
6.2349176
24.87414
24.85628
24.87051
24.851864
24.924181
24.725555
0.0
24.018145
24.856073
24.716816
24.74871
24.868011
24.734425
24.841074
24.84159
24.714977
24.791414
24.854088
5.8271174
24.818804
16.813747
24.826275
24.830658
24.726532
24.884525
24.853264
15.660341
24.8843
24.673973
24.514744
24.865868
23.744864
24.922867
24.804491
0.0
24.863052
24.810822
1.668116
24.5738
24.655151
24.396296
24.816505
24.754955
24.809494
2.894001
24.794106
24.936214
24.795956
24.802427
24.65041
4.020798
24.633392
24.700287
23.029491
10.630592
24.803814
8.143486
24.775536
24.88026
24.855679
24.754072
24.482714
0.0
24.892288
24.958214
24.833096
24.796463
0.0
24.87039
23.751669
24.98898
24.643581
0.0
24.994701
24.789583
24.916796
21.104607
22.964342
24.78901
24.849936
24.713139
24.848307
22.395477
24.46827
24.715895
24.875929
24.818209
24.929785
24.840054
24.66764
24.83496
24.835
24.760075
24.19476
24.767277
24.20535
24.888458
20.22627
24.883411
24.307331
24.81644
24.785725
24.762806
24.709448
24.901745
24.499386
24.812326
24.842175
24.885183
24.863846
24.700127
24.887213
0.0
24.851067
0.0
0.0
24.746616
23.799248
24.781002
24.825834
24.636765
24.86024
24.830807
24.863316
24.611437
24.66272
24.793129
24.555904
21.07001
24.842564
24.824223
24.696129
0.0
24.640438
24.826958
24.847775
24.919062
24.83508
24.76874
24.679188
0.0
24.937105
24.851028
24.800276
24.74369
24.775303
24.759483
22.213207
21.27933
24.273487
24.563377
24.835716
24.741169
24.88348
24.627037
1.8753988
24.82442
24.841953
23.91704
24.87445
24.674587
24.84842
24.778584
0.0
24.761353
24.841965
24.7719
24.757576
13.853773
24.842747
24.780197
22.884275
24.863361
4.6560936
0.0
24.842773
0.0
24.346836
24.85363
24.883755
24.79242
18.11138
16.93371
24.847202
24.568344
24.237648
24.87095
24.691948
24.86922
24.657305
24.787992
16.272442
24.83722
3.3642583
24.823332
24.760557
24.832336
24.77181
24.765144
24.962978
24.910118
24.55626
24.809608
24.856514
24.85485
24.677265
24.55751
24.707697
24.809309
24.58376
24.797188
24.774513
15.008335
24.874006
24.677864
24.60371
24.9394
0.0
24.850033
24.600994
13.140416
24.832287
24.778057
18.21928
24.352905
24.893322
24.764877
6.006391
24.819948
24.569054
24.227993
24.815935
24.82866
24.877663
24.82774
13.209222
24.918644
24.623745
24.656647
24.814804
24.829895
0.0
24.816326
24.866602
24.83619
24.930893
15.03956
20.682953
24.898573
24.826435
12.594896
24.978607
24.960133
12.384684
24.837646
21.014746
24.83218
24.715475
23.822594
24.974085
24.87844
24.808605
24.786278
21.233278
24.804184
0.12393138
24.783876
10.37739
4.840115
24.252422
24.849901
24.760284
23.462345
24.222145
24.848137
24.858658
0.0
24.766659
0.0
24.70856
23.817448
16.35831
24.874632
24.850327
24.856398
24.67875
24.918755
24.720955
0.0
24.892824
0.0
24.660702
24.809845
24.8269
24.395763
24.863218
24.877098
24.68462
24.738354
24.606297
24.783054
24.733948
24.796429
24.868671
24.773462
24.74427
24.792774
24.802654
24.887022
24.831432
24.770031
24.82182
24.886515
24.822819
24.803051
24.840124
24.746563
24.798706
24.887594
13.792442
23.97808
24.729414
24.355648
24.797863
24.873804
24.88173
24.379421
24.746521
24.804575
24.814713
24.803898
24.535456
20.448278
24.947912
24.759861
1.3376575
24.464613
24.835014
16.449814
24.577549
24.801903
11.827953
24.809887
24.92759
24.811047
24.768726
24.730726
24.790295
24.843954
24.623886
24.848425
0.0
24.641842
24.88367
23.376373
24.793886
17.878906
24.884876
24.824736
24.895912
24.785141
0.0
17.260918
24.779163
24.72851
24.85511
24.908287
24.576496
8.134493
24.916428
24.87001
24.770472
24.662136
24.840183
24.780926
24.77649
24.768288
24.617891
24.765236
24.50833
24.742855
4.413357
24.911709
24.190712
23.931694
24.810959
24.826931
24.936258
24.760956
24.867657
24.984455
24.895218
24.466827
24.845736
20.13418
24.162834
23.448696
7.5240984
22.870834
24.942167
24.010548
4.7190437
24.831997
19.480003
24.809776
24.685432
22.65651
24.85516
24.84665
22.570187
24.79676
24.84541
24.965012
24.727156
24.840908
24.885202
24.994698
24.853804
23.88461
24.872232
19.400213
24.819435
24.883
24.822346
24.806126
24.927223
24.764305
0.0
24.787651
24.10561
2.7693439
24.459991
24.838017
24.899853
24.83228
15.911264
2.8052888
24.499008
24.749563
24.856606
24.434227
24.842327
0.23851615
24.830292
23.78468
24.932642
24.825537
0.0
24.692724
24.821346
24.72025
1.8441117
24.807673
24.885181
24.763973
12.969366
17.676186
23.025911
24.84552
24.853516
0.0
23.137602
24.893074
24.876194
24.898096
0.0
10.859594
24.801437
24.796478
24.790447
24.782803
24.739506
24.853516
24.82137
0.0
24.614727
23.887627
0.0
24.879517
20.31964
24.837814
16.68026
24.94336
24.8764
24.781849
24.821249
24.845016
24.821667
24.86102
24.788553
24.837912
24.742798
24.77311
24.844112
24.738594
24.649563
23.876438
24.851631
24.823725
24.7789
7.539426
24.882904
24.488543
3.856665
24.856213
24.745613
24.680649
24.915443
10.222462
24.53046
24.767315
24.69572
24.836992
24.84473
24.794205
24.818514
24.862514
24.67499
24.726578
24.06232
24.812363
17.630314
24.664005
24.870598
0.0
24.732304
0.03669323
24.764076
16.785416
24.889763
24.752625
24.45418
23.866463
24.840752
24.864082
24.749271
23.154696
17.50107
24.699516
24.901176
17.715302
24.861908
24.843382
24.763512
24.70039
18.869652
24.75432
23.699741
24.961758
24.788027
24.791937
24.455194
0.0
24.843895
24.824543
24.769684
24.768608
20.541134
23.131256
24.810764
24.628963
24.855831
24.921125
24.884462
24.78828
24.757935
24.794994
24.824469
24.794937
24.864395
23.809227
22.291769
24.632328
24.656116
24.186756
24.684834
24.91777
24.731384
24.800564
24.916542
24.916811
24.574018
24.811428
24.831123
15.663923
14.204714
24.893078
6.9714828
24.79285
24.846825
24.87974
24.859127
23.885187
24.852154
24.714249
24.695621
24.803448
24.617336
24.565063
24.81903
23.74969
24.880802
24.866142
21.555124
24.756958
24.860111
24.428394
24.7697
24.61681
24.863068
24.76765
24.888597
24.802639
24.808285
24.81124
24.858831
24.756739
24.754082
24.892654
23.339329
24.839174
24.76361
24.998363
24.948677
8.829837
24.873299
24.633747
24.9392
24.709927
24.832403
24.814592
0.28660867
24.872612
0.0
24.133583
8.830311
24.71685
24.851791
12.691397
24.741255
24.77401
24.865467
24.827091
24.828976
24.826262
24.749617
24.727022
24.84932
24.69225
20.43732
24.636759
24.82555
24.794998
24.788105
24.844427
24.835997
24.814026
24.856857
24.82021
0.43044156
0.0
24.822771
24.802303
24.890446
24.795456
24.77074
24.81371
24.723547
23.786617
17.34571
24.919561
24.76179
24.724636
24.40093
24.514057
16.48219
24.956257
24.834692
24.701046
24.898825
24.730473
24.426085
24.83677
24.749393
24.785301
0.0
24.732948
24.240051
24.822075
24.931692
0.0
24.945908
24.812645
24.816923
24.775385
22.884212
24.852348
24.773533
0.0
24.802412
24.704025
24.920336
10.255304
24.711224
24.74113
24.796196
24.816515
24.790894
21.062912
23.972618
0.0
24.610676
24.71809
24.77644
24.78589
24.701067
24.765926
24.673359
24.799618
16.00256
24.807947
24.772417
0.0
24.770555
24.835228
24.188454
24.966606
19.667173
24.825632
24.925884
24.823418
24.912792
24.683165
24.825369
24.829294
24.875149
24.903074
24.824753
24.711653
24.868757
24.8478
24.827808
24.391294
12.945242
24.773476
21.937698
24.890686
24.76437
24.697231
23.793606
0.0
24.612762
12.112301
24.802341
24.779137
9.175275
0.0
20.784735
24.879612
14.45864
24.79795
0.0
24.442165
5.8684483
24.752148
24.759127
23.380165
24.83215
0.7165066
24.867075
24.843452
24.753494
24.936687
24.816364
24.84257
24.377838
24.685902
24.744972
24.771133
24.846512
24.76493
24.835236
24.910397
24.675358
24.865223
24.753506
24.734177
24.712193
0.0
24.851486
24.84202
24.791008
24.88752
24.913967
24.88496
24.781855
1.5219032
10.323745
24.814968
24.546719
0.0
24.69984
24.695301
24.767317
24.757095
24.864147
24.841827
24.833807
24.663378
24.7598
0.0
24.74896
24.908047
24.787014
22.64449
24.764595
24.86519
24.765179
24.854233
24.487123
24.17703
24.876999
24.585115
24.752995
24.983435
12.105605
24.86026
24.61929
24.850323
0.0
0.0
20.668505
24.8015
24.711025
0.0
19.68388
24.886208
24.705029
24.841753
24.613209
24.763319
7.2026653
24.556225
0.065825745
24.853266
23.572033
24.569538
24.835096
0.0
24.890186
24.782778
24.841072
24.795868
24.78199
0.0
24.81206
24.59648
24.846191
24.803753
24.893791
0.0
24.758272
24.819937
24.850384
24.383835
24.79876
24.775734
24.583717
20.341713
24.793587
23.263119
0.0
24.830923
24.894447
24.79525
24.87698
12.342125
24.65662
24.814247
22.895477
24.708519
24.857079
23.194134
24.856827
24.840088
17.495678
24.740494
24.859241
24.873335
24.74116
0.03807723
0.30976772
24.816198
10.933168
24.660671
24.87638
24.795399
24.284855
24.83396
24.592907
24.88956
24.903103
16.450811
24.77907
24.71829
24.797134
24.759739
24.657808
6.8225813
24.638702
0.9396696
24.752014
24.83302
24.82451
24.33198
24.581896
16.729689
24.829605
24.503654
24.616684
24.87275
24.294668
24.642849
15.56317
24.646137
22.791628
24.776554
0.0
24.577847
24.945076
24.780117
24.423265
24.821196
24.821241
1.973136
14.524958
24.921597
24.873272
24.93193
24.83579
24.761232
24.81033
24.893131
24.715675
24.719269
23.221636
0.0
24.811657
0.0
24.906174
21.758692
24.846031
3.586204
0.0
24.667625
24.898375
24.821598
24.75066
24.793722
24.907032
24.887535
23.813389
24.815361
23.920685
24.094763
24.81896
5.544462
24.93104
24.931475
24.808624
24.870956
24.846968
23.496082
0.0
6.219197
24.813297
24.83891
24.837578
24.91837
24.817493
24.707838
24.769361
24.494177
24.803019
24.854223
24.83931
24.82647
24.90133
24.55392
24.91671
24.72181
24.830608
24.80529
0.0
0.0
24.803204
24.798096
24.72867
3.5949993
24.68489
24.831501
24.81253
24.873497
24.723433
24.813288
22.899338
24.77745
24.88242
24.81517
24.613556
24.756592
24.828312
24.183416
24.570148
24.83273
7.682345
24.748077
24.869204
24.787079
24.877377
24.632889
24.93814
21.031704
24.705887
24.836758
24.821339
24.808126
24.824894
21.725582
24.80982
24.887234
24.78926
24.793465
24.816566
24.866362
24.752014
0.0
24.853548
24.827305
24.719738
24.834473
20.940964
24.874746
24.78527
24.794481
9.754375
3.9003606
23.855116
23.694622
0.0
24.035048
24.796146
24.822659
24.6793
21.2142
24.83316
24.533005
23.80803
24.699732
24.848757
24.697239
24.945755
24.83769
23.037457
24.749985
24.962582
24.764118
24.847033
0.0
24.819561
24.802351
24.953337
24.851177
24.71709
24.84628
24.763292
24.727169
24.736002
23.94143
24.847094
24.497265
24.895542
24.737663
24.525385
24.673363
24.670816
24.836502
23.135023
24.774006
17.067825
24.877117
24.849318
24.74736
24.312946
24.901566
9.189599
24.92548
24.811321
0.0
24.924894
24.927618
24.85337
1.1265445
24.834805
22.383675
24.784107
24.810192
24.81698
24.767712
24.826221
24.881222
24.787298
24.852028
24.74799
18.008759
24.80465
24.82586
24.840899
23.469368
24.82636
24.73891
24.840393
24.859577
24.81982
12.5395565
24.623156
24.86828
24.802208
24.847115
24.757555
5.0904493
24.824894
24.990067
24.754894
20.608456
24.925827
24.412392
24.891066
24.856174
24.45963
24.77487
0.0
24.31173
12.164701
24.459427
15.085289
16.183847
24.900145
0.0
24.704063
24.834309
24.786133
24.846819
24.551872
24.81295
24.334572
24.820686
24.813179
8.807489
24.761665
24.818396
24.88274
1.2259538
24.707325
23.7645
24.751629
24.56781
24.847696
24.814137
23.456718
24.907095
18.214132
15.59686
24.245804
24.815487
8.9732685
24.843864
24.825222
24.548992
24.612011
0.0
24.825134
24.951178
24.805471
24.80758
24.290579
0.0
24.837881
24.508873
24.793625
24.856764
24.839134
24.931911
24.874691
24.818665
0.22850458
24.734898
24.894932
24.843857
24.826992
24.840446
24.679537
24.503077
15.559067
24.804348
24.154188
24.12397
24.83838
24.701633
24.87245
24.907759
24.76748
24.79172
24.787601
24.782894
24.61413
24.86212
24.86995
24.632147
24.78768
24.764313
24.780186
24.863659
24.795002
24.751163
22.149914
23.585224
24.908901
24.488167
24.809633
0.0
23.522642
24.7831
24.806126
4.1197586
0.0
9.986
24.79486
24.802355
24.732962
24.766151
24.417305
24.886003
24.7889
24.7229
11.8429985
22.670847
24.777054
24.846615
24.370201
24.781696
0.0
24.596329
4.7551203
24.824013
24.778574
24.222412
24.656864
18.80468
1.6321251
24.834614
24.654278
24.877043
24.868593
0.0
9.7158375
24.808025
24.72636
6.7471046
24.798433
24.782917
0.0
24.81601
24.82769
24.802895
22.582272
24.745823
24.856134
24.909155
24.713015
24.72738
24.827389
23.06566
24.720997
24.774681
24.425789
17.246494
24.23153
24.567642
24.550282
24.84384
24.810343
24.832882
24.813719
24.84017
17.918367
20.380812
24.808277
18.524893
24.715038
20.248722
24.8382
24.88499
0.0
24.812338
24.80387
24.8483
14.026169
24.914194
24.849903
24.76914
0.0
24.888142
24.72237
24.821323
0.0
24.71733
24.738466
22.854279
24.78859
24.703234
24.916386
24.830036
24.824469
24.401264
24.79264
23.80468
24.704979
24.65548
24.900162
24.91844
24.881985
0.38886255
24.422176
24.821064
24.735775
24.85635
24.197298
24.45044
24.818928
24.887878
24.811947
24.590044
24.834246
24.809023
24.858242
24.81266
24.808321
20.055382
24.868828
24.905014
24.770699
18.434322
24.843403
24.955776
24.80867
24.796686
24.753332
24.897623
0.0
24.823885
24.786457
24.790447
24.75241
24.069672
24.868443
4.679758
24.836761
24.869633
24.807457
24.928814
24.863398
24.864735
24.559025
0.0
24.782913
1.3337941
21.325136
24.808994
24.89746
24.854256
24.827713
24.79662
24.772915
24.785635
4.6621346
24.801228
24.828377
24.706638
24.770731
24.667114
17.159628
19.236917
24.971912
24.133648
24.71537
24.810741
1.9282234
24.859188
0.0
24.804672
24.843323
23.47823
24.672642
23.620197
24.783705
22.82741
23.996557
24.8642
24.854881
23.686773
24.782581
24.858713
24.902672
24.795113
24.751072
23.886293
22.270126
24.754257
24.788172
24.794899
24.887407
24.625546
24.821095
23.328487
24.800411
24.911095
24.806335
24.802681
24.46156
24.975418
3.0392618
24.744242
24.694317
24.799728
24.726257
24.721054
24.70168
0.1946185
24.825846
24.886364
24.868767
24.831707
24.755665
24.872313
24.882042
24.836658
24.844273
14.011612
21.759768
0.0
24.906284
24.895231
24.851868
24.824419
24.826271
24.89038
24.836697
24.775118
24.774765
24.824905
8.718862
24.812395
24.81754
24.859612
24.816757
24.842545
24.756512
24.693062
24.839418
24.76189
24.875982
0.0
24.806656
22.3428
24.766209
24.62479
24.949032
24.866417
24.877876
24.156872
24.817375
24.84224
24.780708
24.801916
24.727446
24.866882
24.861862
24.864462
24.729969
24.786137
24.73359
24.796455
24.828007
0.0
24.804134
17.245852
24.743587
24.845205
24.772512
24.668892
24.935717
24.85019
24.789793
24.72051
24.736944
24.788464
24.85945
24.710758
24.818626
24.7317
24.380932
17.875893
24.740494
24.790607
24.836731
24.722828
24.59747
24.890678
23.222301
24.40453
23.577091
24.823845
24.831982
24.90971
24.762522
24.61301
24.562016
24.492935
24.82983
2.991019
16.575333
9.869904
24.838083
24.828781
17.993061
6.852732
24.834805
24.859865
24.725784
24.740646
24.821484
24.883278
24.34584
24.837406
24.774666
24.765144
24.922405
24.80655
3.4405258
24.785126
24.85252
24.77781
24.844292
24.158562
24.588278
24.793335
24.728704
24.232903
24.80836
24.81261
24.87165
20.121262
24.86024
24.963728
24.793646
24.826355
24.879372
23.425102
0.88507146
24.772984
22.198084
24.744795
24.743483
22.657766
24.757235
0.0
0.0
24.76695
17.011852
24.85908
24.870932
24.816753
24.801313
24.80064
24.786287
24.778526
8.4689455
24.807262
23.743439
24.821682
24.190594
24.749245
24.808249
24.887201
24.809162
24.878265
24.923607
24.81736
0.0
24.803883
24.756577
17.907732
24.874111
24.779387
24.770222
17.829432
24.599697
24.841282
24.941936
24.792019
24.833233
24.797989
24.805061
0.0
24.826385
24.860233
24.98566
22.476294
0.0
24.865273
24.807804
24.495296
24.813309
10.894239
17.236828
24.721104
24.808239
24.72103
14.078888
24.6837
24.757175
0.0
24.90623
24.792404
24.73708
0.23547174
2.271893
24.420956
24.790382
24.745882
24.944534
24.860332
24.770855
24.872747
24.60603
24.7659
24.727184
23.778503
24.834885
24.804405
24.796074
24.686367
24.717127
24.800282
24.777805
24.357254
24.792215
24.781519
24.701118
24.763737
24.805779
24.821053
24.787594
10.205931
24.929321
24.777225
24.740795
24.89203
24.753017
24.538462
24.739218
24.05412
20.444239
4.0528793
24.594551
19.287586
24.771294
0.0
9.439444
24.268942
24.767366
24.847729
24.82957
24.862906
24.79773
24.912245
10.46222
24.779566
24.8073
24.839668
24.6107
24.828768
24.851295
24.78763
24.803196
24.787655
24.74015
24.008385
24.839756
24.29004
24.725698
0.0
24.59084
24.848629
24.733654
24.840248
24.13654
24.842955
24.391048
24.908379
24.809242
24.794292
24.770706
24.85866
0.0
21.845562
24.814438
24.822517
24.849566
24.873306
6.1171584
24.752026
24.826145
24.80629
24.940762
24.691168
24.938293
24.776585
24.93074
24.896793
13.31469
0.0
23.664991
24.895777
24.646141
24.824472
24.875607
24.854504
24.785175
24.83968
19.232452
24.856846
24.82296
24.802914
24.798817
6.3920355
24.84673
24.837593
24.777641
24.894814
24.79025
24.717949
0.0
24.697506
24.818872
24.80352
24.865917
24.736752
23.961163
23.621906
23.643105
24.86848
24.857855
24.812355
24.68937
23.686508
24.90282
24.73169
24.787796
24.730934
24.862053
24.83523
24.843817
24.829945
24.803768
24.771736
24.83368
24.71225
24.823744
24.785902
24.777918
24.839745
24.75584
24.410152
24.745914
24.861807
24.760113
24.80681
24.85814
24.767128
24.778454
24.83263
24.762472
24.790741
24.94516
24.692064
24.755135
24.56425
24.656658
24.757584
24.88287
0.0
24.833187
16.257584
24.882584
24.718937
24.782856
24.814648
24.896269
24.848331
24.641066
24.803432
24.251644
24.761759
24.801489
24.744183
24.58699
24.77737
24.871471
24.649593
10.411202
23.112083
24.821827
24.69297
24.797752
24.726048
1.1642817
24.753597
5.0034246
24.753468
24.71162
24.782057
24.731876
9.8313465
24.436668
24.755203
23.965094
24.936523
24.536846
24.77565
24.807081
24.89872
24.877533
24.860224
24.830719
15.9044895
24.84067
24.835701
24.698845
24.63579
24.850986
20.937397
24.821247
24.913952
24.837524
24.641922
24.884335
24.87966
24.916767
24.654716
24.701077
24.674564
24.8256
24.864056
24.81485
23.063694
22.054354
24.763302
24.830368
24.66771
24.834494
24.730635
24.795164
24.94007
24.88405
24.745628
24.799595
24.865026
24.78204
24.843563
24.809063
1.7336993
24.90221
13.657783
22.707327
24.864096
24.87188
24.801802
22.544039
24.833256
24.779858
24.763428
24.819456
24.837961
23.466927
24.82462
24.853981
24.672005
24.486935
0.0
24.877558
24.769732
24.731117
19.041527
24.835678
24.684715
24.852493
24.636692
24.145178
24.88689
24.843876
24.579292
24.774738
6.735142
22.943409
24.967087
0.0
24.859146
14.433941
24.812092
24.603542
24.825203
24.844667
24.619555
1.1765282
24.786121
24.546715
24.816437
24.835606
24.223074
24.973385
24.89101
24.85693
24.88811
24.818169
2.1396992
24.821533
24.39479
24.866028
24.905603
24.723328
24.837723
24.846237
23.855503
24.747097
24.894867
24.773205
0.0
24.803783
24.897743
24.795116
0.9441165
24.821972
24.816772
24.698399
24.781672
24.90688
24.861538
24.474957
24.717606
24.797813
24.659012
24.834572
24.755428
24.79901
24.866934
24.81986
24.911884
10.311245
24.751583
24.745932
24.83799
24.748634
24.826292
24.762192
24.860611
24.814442
12.019674
24.727886
24.852558
24.726728
0.0
24.920965
24.9026
24.85609
24.79452
24.786333
24.817158
24.844099
24.683731
24.903118
24.827488
24.792128
24.665768
8.304809
3.5789466
24.5187
24.677357
1.8956425
24.686682
24.613892
24.803732
24.851658
24.296936
24.829025
24.282059
24.901024
16.55994
24.98489
24.804543
24.691967
24.814167
24.848328
24.873074
24.807796
23.23187
19.127613
24.819195
24.83288
24.791441
24.818943
24.958603
9.263334
24.806784
24.851955
24.751755
24.789448
24.887314
24.754658
24.301704
24.805546
24.863426
24.591393
24.850004
23.47414
24.870773
20.580875
24.748495
24.816158
24.175362
24.766243
24.404398
24.875858
23.262302
24.871069
24.79218
23.166191
24.66463
24.77364
24.818085
24.829733
24.86928
24.838238
24.807331
24.79464
24.611221
24.791954
24.817114
24.703732
24.875622
0.0
22.89079
2.4468465
21.871243
13.765251
24.829964
24.6152
23.765688
24.82869
24.651228
24.572365
24.83812
24.722178
24.85255
17.710361
24.405777
24.934196
24.838585
21.663969
24.195938
24.811756
23.992592
24.79882
24.827486
0.0
24.874275
0.0
24.860626
24.502785
24.708858
24.840431
18.189196
24.765898
24.829975
24.82927
24.90512
24.864426
24.752754
24.838043
24.567474
24.79005
22.709793
24.777433
24.80037
0.13496785
24.972288
22.17728
24.875328
24.731606
24.877207
24.726387
24.830406
24.81464
24.659061
24.784218
24.93339
24.792715
24.807693
24.855476
11.007257
24.531658
24.899693
24.826696
24.798616
24.836754
24.895903
24.773825
24.8067
24.016712
19.31457
24.881306
24.694016
15.830975
24.792889
24.53482
24.84281
0.0
24.839716
24.850285
24.814354
24.847343
24.803432
24.870064
24.103607
24.799301
24.767418
0.0
24.851166
12.936612
24.77337
24.666874
24.798243
6.194385
24.850965
24.532686
24.827785
24.797533
24.844471
14.857893
24.829426
24.820713
24.797567
24.816833
24.819242
24.918682
24.752113
24.83833
23.56625
24.774187
24.723661
24.093822
24.88639
24.8082
3.6853447
0.0
24.61289
24.625015
24.85571
23.842932
24.825056
24.972792
23.72583
24.83281
24.75684
0.0
24.830242
24.744396
24.589985
24.908764
24.777193
24.79953
24.818607
24.7948
24.668468
24.135223
24.715828
24.793253
24.885935
18.1355
24.762264
24.889042
24.66322
24.83805
24.729645
24.83924
20.155207
24.545063
24.803484
1.4116894
