0.0
890.4078
252.54555
0.0
650.7135
1421.1104
1766.957
3196.0063
0.0
0.0
0.0
1267.0083
1856.1804
6640.945
16967.508
0.0
3387.8906
0.0
4169.3687
5246.0967
6726.5293
3365.6094
4003.6035
6112.47
0.0
1494.3875
0.0
1134.6963
5140.919
7660.121
6883.2217
994.6058
0.0
1295.0356
0.0
0.0
952.53894
10894.978
64612.85
0.0
0.0
2449.0786
2963.3289
5779.007
2192.692
1052.4177
0.0
0.0
0.0
0.0
10365.363
389.04648
0.0
2248.4265
363.74347
6353.0312
3878.379
0.0
4534.3076
2451.6187
28009.777
0.0
0.0
0.0
2815.067
0.0
9342.308
10598.132
3211.5227
2256.5947
5284.885
0.0
3578.1294
32042.176
0.0
2506.6243
11698.543
2695.9814
15194.886
2459.2678
582.12146
7739.9297
2691.188
729.0841
10564.8
0.0
177.54092
3952.0444
863.1848
2767.5923
3967.0667
29753.715
42270.89
0.0
0.0
14177.926
0.0
1105.1322
1436.3319
1733.8715
4210.236
4426.327
9362.132
4117.0073
3411.1328
0.0
7294.508
8100.187
980.9063
6419.629
0.0
0.0
0.0
1991.1018
3743.3792
3225.8022
6645.9365
17771.926
0.0
0.0
4254.3164
0.0
78958.31
293.70297
5029.214
0.0
0.0
47682.633
1912.1033
0.0
4717.95
7892.5947
0.0
1157.0875
5185.842
0.0
6970.1846
9685.069
0.0
0.0
24361.7
4664.779
36771.625
14613.208
0.0
4909.4575
0.0
6613.161
0.0
8893.606
6213.5547
4931.357
4417.1616
0.0
29831.11
0.0
849.9702
0.0
0.0
0.0
825.1194
0.0
2345.5068
5904.7646
0.0
2479.637
10465.581
6388.5537
0.0
7623.885
75139.65
0.0
5523.582
0.0
4394.501
18075.285
184.87207
3719.48
2440.037
18424.4
0.0
0.0
55045.375
0.0
698.39417
4173.3877
3141.5117
0.0
3731.183
0.0
19354.902
8590.116
2028.5302
15363.129
703.81714
14136.566
5617.882
8446.936
5167.334
3749.2158
1994.3926
0.0
0.0
9150.449
0.0
0.0
5092.469
0.0
3040.189
0.0
3473.1448
3400.4492
10821.006
0.0
751.01666
0.0
0.0
0.0
4394.4326
0.0
0.0
1667.7158
0.0
1669.484
9705.326
4452.525
8586.507
2589.3613
3257.1228
34354.633
0.0
6013.1274
105.292786
153969.86
1856.2914
5176.14
0.0
9005.821
7924.6465
0.0
3400.4417
4557.794
1393.2179
4631.6113
216.50691
15590.758
0.0
3179.599
0.0
0.0
0.0
17448.129
437.58347
15054.185
1005.3981
0.0
171.13217
8468.722
0.0
3986.6543
2478.751
0.0
8250.444
119521.93
0.0
0.0
1035.8625
0.0
0.0
1702.9474
0.0
0.0
18381.533
0.0
6229.3823
0.0
2019.7488
2748.4958
3601.5771
0.0
936.9635
884.3082
2873.3062
0.0
66.69137
4247.3213
165266.84
0.0
22874.018
29633.59
4363.6147
55983.46
0.0
15654.5
556.13885
0.0
0.0
7045.2827
0.0
24119.371
7763.576
1130.6077
5687.6235
22989.48
0.0
3376.711
39909.496
2805.7197
813.5909
0.0
0.0
0.0
124.15269
3085.164
4510.999
17999.877
20921.383
24269.004
2152.1284
91.74289
1318.3221
568.3249
740.27124
274.23282
2967.9644
2403.6543
1451.3552
1257.3738
2160.9475
0.0
4463.455
0.0
97.8199
2663.7234
0.0
8315.822
18950.152
69002.69
4579.879
43999.242
1546.6616
7605.0723
10563.885
2834.1675
2776.2742
1441.99
9338.222
40704.75
0.0
1688.6178
5208.577
0.0
6685.0913
0.0
1085.7661
3617.9485
392.87433
1734.108
920.25684
1847.4922
8991.738
139.96771
0.0
24.861786
253.55756
8701.765
0.0
399.4957
6170.814
0.0
3141.251
0.0
21922.828
743.76996
8098.6045
0.0
2321.9204
0.0
0.0
0.0
13561.97
0.0
0.0
536.4494
18923.166
1606.7506
13227.136
0.0
53367.766
0.0
0.0
0.0
1150.4651
0.0
5799.238
6745.035
1778.7338
0.0
5060.581
641.19183
0.0
260.16803
0.0
0.0
13370.213
1043.2189
0.0
22565.398
467.67804
22696.45
0.0
0.0
11462.037
10365.516
4578.922
13870.732
0.0
0.0
37181.98
3492.2292
262.3606
3494.9507
1633.9797
0.0
0.0
5568.2427
1281.6716
5531.069
9661.014
496.7424
18086.922
4890.7656
3612.1318
1421.6313
1397.7723
0.0
0.0
12120.849
2541.437
0.0
0.0
0.0
0.0
3340.6604
0.0
414.12332
7864.902
0.0
7470.591
1862.2715
1279.9534
4328.6875
8654.51
2192.1682
295.91446
0.0
17464.66
4861.0034
26552.758
2848.7256
0.0
0.0
2275.3076
977.6278
4723.1675
0.0
9382.623
9350.299
0.0
3570.0186
942.6596
2698.834
4494.5723
467.15997
0.0
2998.4407
0.0
111.18148
11642.163
2106.1936
0.0
0.0
0.0
3349.8384
2423.7856
4518.0703
2768.1929
0.0
4321.6963
0.0
3781.9973
3669.895
2575.099
280.8938
6943.005
3796.148
0.0
10494.895
0.0
7327.85
13578.426
829.8411
6056.6055
14114.24
3572.12
5630.8184
0.0
7497.1416
3058.1328
4232.061
0.0
25944.527
149701.25
15566.979
2826.0625
2134.439
9227.036
56131.83
0.0
0.0
1987.4436
3834.2915
921.6956
0.0
9040.601
0.0
5108.0605
0.0
1107.567
6001.439
1030.3726
100585.03
0.0
0.0
0.0
7942.7363
21819.842
5334.751
0.0
7782.4736
0.0
0.0
0.0
0.0
0.0
0.0
4317.248
45668.324
9339.953
1622.2599
0.0
10113.621
0.0
0.0
19472.16
0.0
31495.422
5648.7065
3925.3115
3254.782
10400.077
0.0
8991.779
9598.891
2987.4043
0.0
3380.7249
2646.8223
9526.764
13810.406
0.0
1309.0786
499.23218
1618.1943
30288.3
4402.3022
26223.664
4835.1597
991.42786
5270.9424
0.0
3776.5166
0.0
0.0
7773.3115
2609.0183
66199.5
1721.0916
3947.6755
311.30035
3225.0864
171.99466
63112.18
31.422913
630.5683
0.0
10609.201
7151.8076
0.0
0.0
0.0
0.0
0.0
6359.2383
0.0
0.0
803.08295
2235.5635
310.4718
2916.308
108.882195
0.0
6323.539
1692.2727
0.0
3690.8547
3294.728
702.0821
1353.0187
0.0
2554.0757
15260.745
1263.6699
1090.8252
0.0
17113.3
9481.22
0.0
1723.3022
0.0
461.74268
0.0
45464.656
4216.971
3659.371
381.74847
807.7139
2059.4546
5067.414
0.0
0.0
6878.4746
0.0
3296.1787
2512.3198
0.0
0.0
16163.549
2681.9275
3158.9307
1707.6536
747.9275
0.0
0.0
3889.374
19647.188
0.0
3713.7515
0.0
10187.175
1025.687
5491.215
81490.0
13243.91
9218.223
0.0
3918.567
12672.775
7412.6143
0.0
0.0
5937.1396
0.0
8251.747
6179.1167
2375.5295
927.4138
0.0
1457.7981
19598.168
105745.836
0.0
5616.915
657.3002
1291.1112
15143.746
11238.732
6990.1504
0.0
115621.27
5639.032
0.0
5329.1055
0.0
14110.442
0.0
0.0
2326.3625
205.48166
6041.466
27010.836
21040.527
254.7535
13906.273
2645.5808
6206.3
7772.6147
2150.1182
148.30965
348.61703
8208.928
8656.4375
0.0
10339.492
0.0
699.25604
5996.9995
2111.7769
6376.5747
0.0
0.0
381.82388
6848.2393
0.0
256.46762
0.0
0.0
5648.757
8553.697
6945.8984
14795.781
0.0
10165.507
414.32098
8010.1787
8102.583
0.0
6002.1753
4957.6504
2600.835
8583.297
607.34216
0.0
0.0
28053.701
793.05115
0.0
0.0
1873.6112
2967.611
0.0
7707.0557
8721.633
0.0
6188.124
509.79697
2595.3308
4564.7817
22298.613
5340.405
0.0
2031.522
30688.68
0.0
2614.7183
4539.5347
0.0
799.4978
4920.8633
0.0
3849.438
8131.1465
0.0
26911.945
366497.25
3484.211
2001.3788
13283.223
97733.64
0.0
3394.0806
2513.219
0.0
3339.1611
4566.749
1829.2638
10845.656
0.0
6658.9756
0.0
1027.4822
9250.77
3344.3994
1117.8676
2119.5803
14813.789
7997.232
2874.479
4029.7876
19527.055
0.0
10628.525
1001.16003
2398.4438
2797.6594
61453.453
79663.68
0.0
5664.032
57175.805
7749.801
0.0
2205.9934
910.1168
3230.3945
327.07333
5208.4297
0.0
1065.5337
4045.1016
6532.0186
26095.246
0.0
4050.4487
0.0
0.0
11999.328
0.0
0.0
0.0
14273.967
1028.9198
2466.6396
3320.3308
26339.473
78665.65
11653.723
1033.597
2457.9153
0.0
2238.4238
8808.265
0.0
0.0
158.1492
10974.859
10939.152
4771.878
3790.4897
0.0
0.0
5433.497
29297.578
5503.8647
118.343864
0.0
11503.68
17522.76
22530.473
0.0
2428.7085
2.509739
125719.17
2266.5627
3372.234
176.75536
3301.3843
25710.54
5104.264
3424.435
10017.938
1261.486
372.13672
4349.6465
6805.541
5707.5713
3038.787
2394.593
0.0
5467.427
9261.937
393.34354
4200.533
6161.268
10574.326
1348.4993
738.069
0.0
4560.533
812.92126
3233.162
18364.648
0.0
8195.316
2376.6694
97849.72
0.0
0.0
1978.7983
3296.258
956.96875
1923.4417
11229.67
0.0
21263.049
0.0
4628.991
5474.1445
0.0
0.0
0.0
2354.8123
3299.7676
1113.8566
14646.17
5669.503
2730.0044
839.85767
6170.2056
26951.074
3608.1743
0.0
13203.799
3991.2097
1688.3633
3078.2896
0.0
5603.657
643.55084
1902.9656
37068.523
0.0
14356.243
121656.64
0.0
0.0
7614.291
4250.714
3686.3372
3396.8674
0.0
3931.2544
7933.2056
6818.914
6025.559
0.0
51601.61
35314.066
0.0
0.0
0.0
10898.081
0.0
13527.484
397.829
2152.4365
975.77563
3218.0203
1331.8884
10807.483
6440.035
37894.977
3147.838
38391.04
0.0
3642.993
9370.173
797.86584
4963.538
1416.203
6052.5835
5455.4766
2525.42
485.56546
2831.373
32562.03
4550.899
0.0
6625.4194
6896.003
0.0
3795.9473
0.0
11709.047
12023.938
0.0
2832.7888
641.485
14972.617
4224.6113
8007.301
0.0
0.0
440.1634
2364.253
13504.85
8559.809
161.77939
249.4403
28468.656
108815.21
5106.4087
0.0
16318.877
32.272503
0.0
880.59326
0.0
0.0
0.0
1970.7659
0.0
0.0
11088.518
5762.6245
965.84265
20235.922
5283.065
7710.3135
8782.459
11481.621
12623.6045
6643.2163
0.0
0.0
0.0
0.0
3562.414
11047.072
0.0
4536.033
0.0
2468.8845
66693.266
5888.809
0.0
13220.934
0.0
6224.8174
0.0
3812.931
12265.927
17624.293
465.9632
47779.016
0.0
336.4549
1010.38873
6948.758
5.6198845
22073.52
769.1355
5544.442
5546.076
20080.0
26228.072
0.0
8146.295
3366.6838
10567.57
812.93555
2542.4001
242.24826
0.0
0.0
0.0
13134.74
914.1599
2168.7717
9465.143
0.0
57655.453
0.0
0.0
5856.3325
0.0
25308.324
492.325
1247.4658
687.7392
0.0
6236.415
0.0
152.4568
10391.176
5006.354
600.1577
4852.634
0.0
697.0587
182.95596
190.4443
0.0
6984.9673
997.7839
0.0
0.0
0.0
0.0
2479.5342
0.0
1789.7095
3078.0024
4855.2812
7328.542
3516.8333
1379.6569
4086.3433
3691.3286
0.0
2384.5303
8890.704
4990.362
18880.604
4340.7134
0.0
6007.0063
5291.72
10966.477
0.0
951.92725
6085.502
0.0
248.23914
6234.024
2363.7466
271.47943
0.0
0.0
6089.301
4605.631
90321.67
1669.6035
0.0
7907.5986
5229.57
17409.098
36098.758
4707.1494
7011.0635
9013.393
800.79846
110228.375
2381.375
8713.019
0.0
0.0
367.66653
0.0
3877.2866
47855.14
0.0
5147.2124
17109.324
4127.0547
13140.02
11091.585
1573.1294
973.4762
4632.0615
618.3122
0.0
4239.959
27867.486
4019.6106
0.0
258.18423
45525.125
7681.2217
3337.9556
162.47363
7293.566
522.1959
960.9418
6681.468
2305.137
0.0
81012.21
27254.195
5272.187
508.9599
0.0
0.0
0.0
0.0
4438.836
0.0
0.0
5159.9766
0.0
8267.0205
0.0
11368.946
1057.7865
2499.6372
0.0
5275.371
10994.737
3151.2834
0.0
0.0
3095.5923
4645.2744
56196.758
5480.243
0.0
0.0
2231.4138
1907.5989
6012.422
4449.976
8123.0723
5609.5723
1179.5942
9376.635
2030.2477
3176.748
6112.2983
0.0
8678.516
9414.142
2758.586
2287.375
0.0
2964.1182
8187.123
3664.8896
0.0
0.0
12037.238
12939.449
1795.1099
0.0
3100.4595
23080.24
42135.07
705.20874
12834.779
77.02411
13536.584
127720.08
0.0
22067.54
838.8354
0.0
0.0
0.0
4961.955
3636.3394
18704.695
249.21208
2154.274
11310.177
1545.5706
0.0
28890.252
7368.38
276.73032
0.0
247.75394
44059.605
0.0
1876.9235
358.1243
5844.2563
893.0283
0.0
0.0
14046.912
2858.244
1236.373
7317.444
69.679474
934.8739
0.0
0.0
2084.5615
4657.6357
3007.347
24898.871
1403.1132
1006.1031
4163.4727
31285.25
9900.459
4573.886
625.11084
1514.4897
4920.9385
589.0932
0.0
85.85701
8279.572
1696.0636
35625.047
1110.9445
0.0
408392.38
3568.252
1689.2908
0.0
3500.418
6411.452
30733.238
0.0
506.23932
9327.035
0.0
5042.0557
2080.2764
8879.158
0.0
2383.48
0.0
3469.2512
5943.281
11101.287
50050.305
74.585365
3026.2534
4076.9053
643.64667
0.0
12178.733
2572.518
650.4943
6290.0
82.97865
8286.328
7393.04
30461.373
0.0
3896.433
0.0
55130.4
64654.96
0.0
450959.5
0.0
158.10422
72442.63
0.0
1298.3936
954.9042
3155.5393
20463.904
3671.6104
0.0
9746.738
10244.114
0.0
25452.355
6607.9644
13281.842
3107.643
6801.7715
1996.0787
6690.916
372.33905
0.0
5816.3555
0.0
5966.0635
3310.3389
4167.894
7270.4863
0.0
2251.5576
4953.6924
0.0
0.0
5766.045
17526.682
8493.757
2138.4346
3237.257
21230.053
4161.53
0.0
6441.5283
5661.54
0.0
1092.3163
7301.6323
2677.3462
4471.826
0.0
0.0
1103.4974
23869.32
0.0
7154.41
26884.074
0.0
2676.2114
0.0
0.0
0.0
0.0
7615.1494
0.0
0.0
0.0
0.0
1807.017
0.0
0.0
0.0
0.0
4400.706
1446.5376
6394.872
3051.0508
13941.111
16893.102
1054.2069
3887.8997
919.0206
1208.8467
0.0
2587.4285
6142.556
1166.2815
1154.1567
1800.7627
28843.754
0.0
10053.164
870.0891
6301.694
11362.453
0.0
5622.5854
0.0
2190.9387
0.0
0.0
44.03038
81910.97
0.0
1014.3625
55402.438
0.0
4055.9465
0.0
0.0
329.41702
7774.2646
3059.528
6581.3936
5146.9946
4786.927
0.0
25078.43
78570.89
16752.19
6383.179
5958.1094
503.24066
0.0
0.0
240.38857
9106.063
2404.1855
5980.8286
19571.19
0.0
335.07837
0.0
4990.538
0.0
0.0
216.43054
190.03178
771.21674
4091.0503
0.0
0.0
249314.22
2382.7327
0.0
3393.1587
1972.5613
6594.312
565.8293
29005.598
0.0
0.0
0.0
8867.964
6244.3604
7399.9824
3537.7607
3520.301
6635.6533
2799.78
5005.2954
0.0
5982.6187
0.0
3726.9253
211.60272
1460.064
3102.21
5295.583
15801.143
3107.285
0.0
13647.44
1330.4459
4869.344
120561.1
11984.874
33.104507
2888.027
4961.101
5401.6465
7391.1533
593.84564
0.0
15591.801
3256.7822
1308.7206
0.0
1519.0939
10804.34
9677.83
6529.8984
6061.8076
3789.2012
0.0
3123.3506
4848.6484
3316.8066
4952.7144
2059.9265
1891.26
218.55432
0.0
1502.1421
0.0
6214.1846
5409.4424
4966.058
1231.9762
0.0
0.0
4206.661
8498.574
3802.8474
2455.5767
5043.1377
206.79776
1928.263
3058.2776
0.0
3492.5977
0.0
3041.2097
2442.4517
11805.631
9764.796
0.0
2130.6812
0.0
6648.0303
0.0
2537.0898
447.91312
0.0
165402.45
13766.004
5702.8403
31665.693
0.0
0.0
0.0
2521.8027
0.0
0.0
10198.163
236.24335
0.0
1813.929
130.30566
5875.5303
8749.744
311.91803
14339.18
0.0
7441.109
765.4979
41681.19
2661.3662
418.52393
5466.831
0.0
1201.1196
526.1907
19472.123
1376.5374
0.0
0.0
9254.463
0.0
4980.5923
6796.5605
3490.6665
18371.025
226.84813
0.0
0.0
0.0
7047.078
0.0
0.0
6805.7754
9492.436
8828.796
4468.101
0.0
14332.895
0.0
8779.158
536.1347
0.0
26557.77
30029.885
34610.18
9197.939
2139.7915
5087.783
0.0
2991.6216
0.0
24683.96
9056.3
0.0
5535.1914
0.0
9430.557
2622.1804
4762.1855
6783.29
6401.171
0.0
6356.6562
4469.2007
0.0
2251.9084
1577.7422
10869.854
1226.792
0.0
3314.2283
9213.678
10688.498
11425.285
2108.31
2955.2068
5732.081
7035.879
4970.985
4614.092
1473.8446
29740.328
0.0
351.4003
3590.3975
4701.216
550.7237
10760.402
6536.3823
0.0
29944.0
0.0
0.0
0.0
0.0
5519.723
0.0
2992.1921
2398.4893
0.0
880.1688
339.64893
5537.756
6738.299
7656.3774
19962.617
0.0
0.0
0.0
4030.609
17101.277
4938.8047
0.0
3142.462
0.0
6183.9517
0.0
0.0
3641.1035
6722.5693
0.0
2805.972
10406.237
3570.1997
959.69055
0.0
0.0
0.0
0.0
0.0
4359.058
0.0
883.36975
1647.6373
0.0
0.0
1321.6235
0.0
697.6293
306.6831
6162.574
1491.4872
5547.7266
428.2871
2401.756
276.98294
3032.546
4613.1904
12675.067
0.0
306.35425
0.0
2061.0825
28826.316
0.0
0.0
3800.695
46238.156
0.0
272.5307
2048.0405
208.46849
3280.7812
4026.9155
0.0
2541.706
5538.5317
19703.652
10100.416
0.0
0.0
45672.195
0.0
7771.9453
9934.0
2908.81
5089.1455
5216.6787
0.0
0.0
5597.2534
0.0
2861.7495
0.0
845.4309
8109.05
1146.6177
9047.494
15112.988
1926.616
0.0
2612.1785
2262.7925
0.0
4010.8271
4501.519
0.0
0.0
34370.1
3022.877
0.0
3014.518
4553.3135
26648.777
3552.6104
0.0
1252.6125
3770.7722
4513.1865
7151.661
0.0
0.0
1315.9949
89.75259
8606.896
0.0
9549.207
1345.2136
4048.1123
647.1686
10413.718
13338.656
1767.0393
70304.26
0.0
5822.0557
0.0
7815.2095
6595.1255
4137.8154
0.0
3839.7056
69154.516
0.0
4199.1475
0.0
0.0
0.0
0.0
59205.938
9636.658
176609.83
0.0
0.0
0.0
0.0
3983.353
0.0
15836.818
7460.1113
14497.214
40131.656
1162.0828
1037.782
4331.452
3801.5173
1183.1471
0.0
7110.215
1795.8589
5322.1045
3014.3174
0.0
0.0
0.0
2733.867
0.0
4074.34
0.0
0.0
0.0
51.966835
1808.2079
7801.9556
3005.9583
181.85585
2701.2637
166.5953
0.0
0.0
1579.2054
3688.7666
5105.8315
2739.2927
143.4874
0.0
0.0
0.0
16783.754
0.0
0.0
11318.639
604.4269
2963.17
0.0
4741.006
0.0
8618.885
0.0
0.0
0.0
31300.941
0.0
5897.6665
826.5816
5917.1045
3310.0732
1372.6499
1296.6749
2678.2998
4585.25
63.802185
3691.7227
0.0
0.0
7554.5674
19964.516
0.0
0.0
8366.452
4868.086
0.0
373.15973
5907.8877
4730.954
7872.8145
0.0
7604.631
11682.96
11614.277
4553.542
15539.115
128588.125
0.0
1886.8058
4593.8105
5327.999
0.0
2723.6108
2784.6658
5259.331
607.3207
831.61224
0.0
18547.957
0.0
5753.9326
4885.926
2072.1667
6923.125
0.0
3222.8582
5044.0215
0.0
69279.0
19852.379
3495.3088
0.0
8599.58
23812.48
0.0
26147.305
4202.1123
2160.7192
10755.933
327.8526
8026.209
0.0
2767.1614
0.0
0.0
5880.4927
0.0
0.0
275.2556
0.0
3562.557
0.0
13004.252
2259.6897
0.0
6704.312
4301.9277
9287.581
0.0
4091.2476
2772.3682
28840.188
3070.0098
0.0
4772.045
0.0
1006.70667
1006.83826
0.0
0.0
22124.598
17038.422
3375.314
0.0
0.0
5828.764
0.0
10999.882
11192.127
0.0
6407.473
13036.883
12246.007
4270.9424
8462.605
5102.8706
4214.451
9684.909
1042.6979
10294.145
11328.936
3592.7715
1888.7662
9881.367
0.0
0.0
7328.455
16839.814
5119.148
0.0
7048.2617
0.0
0.0
0.0
2066.4033
0.0
1608.4661
619.4009
2218.4763
0.0
1402.5442
662.21216
1390.2416
229.56123
0.0
8356.379
0.0
0.0
16918.678
2143.7402
7750.33
1342.2014
0.0
0.0
7169.131
20100.973
9536.215
19968.28
1090.9717
1239.999
0.0
4361.7637
30820.754
1628.3851
0.0
9121.352
430.96432
48.04159
9984.509
0.0
19970.6
6868.999
139.3194
0.0
166.88211
17.176409
0.0
2766.2861
0.0
0.0
4522.9863
5688.2217
5710.249
855.88184
0.0
0.0
0.0
1900.4863
14940.844
0.0
0.0
9412.403
31602.77
0.0
2128.782
814.7959
2862.7393
0.0
4638.4897
5948.362
0.0
664.0234
387.71948
0.0
3095.0498
2481.2944
0.0
0.0
5062.865
0.0
0.0
4330.0664
2405.8115
1777.133
231.51584
0.0
71146.93
13707.53
4381.8486
0.0
4742.246
0.0
0.0
26362.375
0.0
3180.5596
0.0
9914.383
0.0
0.0
0.0
28137.887
4859.5645
0.0
0.0
10533.387
1637.6255
0.0
4406.419
0.0
0.0
1140.9993
3511.8464
0.0
13632.836
6628.899
6474.974
2212.9592
13316.49
609.775
12094.084
89087.03
0.0
0.0
3286.9307
806.5257
0.0
11844.829
97429.04
4823.173
7565.9863
0.0
8183.75
8231.181
0.0
8651.587
5078.91
0.0
2906.9934
244.58902
0.0
3015.9624
6920.9053
22595.066
0.0
7694.5146
0.0
4534.459
3167.2397
732065.5
4257.2417
860.14545
0.0
0.0
0.0
20966.19
7896.0137
32540.488
245.85475
3201.2812
1452.9777
15177.586
9258.643
12809.812
14325.144
0.0
161.4328
0.0
7749.7607
19548.67
4840.99
17870.371
17747.086
3128.6692
1965.2764
0.0
0.0
825.72424
1922.5398
537.2146
4160.553
0.0
18907.566
6650.114
2841.479
5919.25
0.0
6621.5303
0.0
3400.105
0.0
0.0
1163.3279
4985.366
105.81894
0.0
14367.447
4708.4307
567.7649
4694.845
0.0
12620.158
735.71716
3570.52
2079.8987
1248.5913
0.0
63608.473
3888.416
4075.105
12095.127
0.0
6137.9175
5050.5195
11200.607
10224.359
4766.3877
0.0
6291.193
2857.756
6578.0996
0.0
3159.2192
44295.945
1328.8569
1715.6897
13498.908
8068.3936
0.0
21412.89
2179.6384
0.0
4397.603
121.400734
0.0
4996.81
44.536545
8952.299
140.12064
0.0
5193.806
0.0
2954.4917
10223.084
23740.69
5530.1064
0.0
9544.199
0.0
400.69025
0.0
0.0
4444.3594
0.0
1633.1333
0.0
369.0993
1027.6765
0.0
4067.5952
0.0
2290.5298
0.0
44037.273
5477.094
3906.829
358.82858
0.0
2584.4377
170.15387
6054.165
36589.273
5591.2876
25221.227
1685.4287
1865.9027
4269.3735
18096.482
878.5453
740.94604
2733.8433
25824.938
0.0
167.70667
53.777405
2598.4531
7984.6055
264.44998
0.0
4.2157335
0.0
948.03546
2825.9377
7852.215
25121.863
7834.37
3400.8906
7635.0625
0.0
0.0
15846.007
7123.1094
5284.949
14001.332
7788.678
6365.2056
365.25574
3387.211
3529.256
4049.835
8256.251
7252.682
0.0
1573.8281
736.12695
0.0
0.0
2476.8892
0.0
28611.059
14562.215
7313.739
4368.4243
0.0
0.0
9106.547
0.0
866.1332
3257.5693
4523.633
0.0
0.0
8110.611
6442.151
1002.34845
276.29095
10228.41
479.04877
14574.662
3268.256
2536.5105
0.0
10229.655
0.0
0.0
15453.517
10161.977
2772.51
4433.3857
21663.87
537.1714
0.0
0.0
0.0
3501.327
0.0
0.0
93650.36
0.0
17433.773
0.0
15996.781
3577.17
12255.195
3740.2441
20180.75
11006.021
3479.6445
22871.377
6461.1045
4921.7695
4795.4326
2282.3135
33051.816
4479.304
4743.331
668.6829
3257.7112
4781.2153
0.0
15569.074
10418.979
0.0
4185.456
0.0
0.0
20609.326
0.0
3111.624
5386.865
263.65686
5967.798
2912.8254
6300.7314
32924.11
0.0
3094.5989
1224.6731
0.0
1342.688
0.0
9461.62
0.0
5807.386
0.0
25145.469
3279.1084
0.0
4885.5747
8253.803
12535.854
73835.34
20210.04
0.0
1321.4719
5091.1523
13618.486
7729.7373
0.0
3811.0776
24713.14
6677.3604
6437.2295
6994.1934
70301.2
0.0
7461.302
19357.47
953.3485
12964.999
6856.1846
4722.874
82941.9
0.0
3459.7698
8097.296
703.1819
7579.866
7900.4824
0.0
3076.586
2730.1018
61669.895
798.8978
4408.018
57621.35
184.2044
2777.884
7489.795
9130.3125
757.51794
2437.0623
0.0
2975.6274
0.0
18936.816
0.0
0.0
0.0
1973.5537
18644.781
0.0
829.5645
0.0
8749.431
10413.805
0.0
11553.003
3452.8276
11416.364
2914.8396
5840.764
2227.5537
4229.968
0.0
4408.0264
5868.4023
2533.1135
7286.3545
11481.7
8457.838
0.0
2015.9324
8748.355
0.0
37875.453
86.78772
37784.89
1238.2451
3262.1504
0.0
10959.975
0.0
1441.4349
0.0
4920.8667
2486.9258
138.4198
0.0
2546.7124
7893.311
0.0
8501.465
0.0
4817.596
4280.2188
0.0
5173.4014
5281.6514
0.0
3922.414
6168.3184
2562.5837
16989.445
1070.7102
5126.091
0.0
287374.94
566.019
1457.9019
786.1908
6167.692
1216.7236
0.0
0.0
1127.1189
2402.7947
2538.1812
4785.9644
0.0
3303.1553
0.0
11621.672
2669.3142
299.75348
53946.453
4863.6875
2614.3154
0.0
18206.748
6085.1787
6986.645
5232.3926
9262.656
1863.6323
157.7788
6095.329
3876.1401
1816.8811
4797.1475
0.0
0.0
2243.9202
1711.449
3268.8015
17820.88
396.45557
0.0
0.0
523.5917
3129.934
4019.0413
9258.617
0.0
5898.6406
1843.8257
18087.736
0.0
28239.8
0.0
0.0
1444.5023
1481.2521
3494.8384
2412.8699
693.86523
109.49161
0.0
3156.7358
3709.4478
563.3689
3538.1646
5992.488
3141.0696
3510.0679
14841.199
2626.5427
3357.726
6743.209
0.0
16034.787
3646.3203
10269.215
7860.327
5143.544
17773.863
216.3035
0.0
5022.1685
6181.629
8526.686
6742.554
499.3023
0.0
5206.391
0.0
0.0
3553.0396
4617.5054
0.0
0.0
1404.1134
0.0
7307.475
30335.824
2278.1814
12062.475
2672.3318
3025.662
909.16077
7330.6387
5427.5674
2037.7856
0.0
454.2962
0.0
780.7347
0.0
721.58044
0.0
4840.394
0.0
0.0
1561.7268
298.17496
7250.251
5840.9873
6210.647
6440.916
2128.7405
0.77698517
2033.108
31069.941
3921.022
8916.083
5880.0283
12660.383
0.0
0.0
0.0
0.0
0.0
45911.438
0.0
0.0
795.5282
0.0
0.0
4533.4478
17151.816
0.0
2917.561
0.0
0.0
0.0
761.0353
55715.383
4598.327
18282.84
2765.0576
0.0
539.0719
20210.576
587.70654
2292.0725
32053.818
0.0
5760.8403
2215.2036
0.0
0.0
5850.294
8796.407
0.0
0.0
5954.097
0.0
1240.2926
13107.712
5597.8184
7363.312
4157.9233
0.0
9006.863
19578.459
10778.192
200.55273
6122.0107
94.96893
0.0
4949.6777
685.3577
79882.83
1937.869
4123.0483
486.79437
6479.349
0.0
1596.6964
21500.846
21296.898
0.0
10941.569
3401.7456
6676.243
304.16412
1821.0631
2286.4148
5781.825
0.0
0.0
7092.4883
4687.2603
0.0
106.54281
731.03723
0.0
0.0
0.0
10287.898
4351.727
0.0
0.0
0.0
7875.429
3194.5098
1392.4729
1944.1691
2188.4958
5209.5386
2634.9143
865.0851
12457.251
0.0
0.0
2526.9658
0.0
3937.5107
10963.46
8330.471
16205.557
3803.1028
22414.273
0.0
4974.4985
0.0
0.0
5856.316
8285.048
1739.5144
0.0
79810.44
2386.9385
6640.5576
0.0
3062.891
4049.6094
116031.33
1020.19916
2419.4995
3141.725
0.0
0.0
0.0
1288.3674
1016.80066
0.0
5470.817
11667.057
706.74866
2233.7603
6987.8184
4372.2803
0.0
76762.266
7283.198
0.0
6258.2334
0.0
0.0
5982.447
0.0
0.0
0.0
8963.5625
6366.5767
3512.8813
4193.006
0.0
4422.17
5188.608
1422.0731
4151.6616
515.29346
0.0
7101.7686
571.0794
54902.37
342.52536
0.0
3385.8613
4178.6836
11795.095
5029.6665
0.0
1396.6168
47.449165
0.0
356.1635
5654.161
6651.3237
1556.5604
3082.4087
12759.388
3092.857
1795.12
188.35822
8324.297
505.94122
0.0
0.0
4923.9365
6771.0547
557.8387
0.0
19814.64
4546.9507
3850.0376
6625.955
4064.0532
0.0
244.22221
7638.631
0.0
0.0
0.0
0.0
11372.619
0.0
5478.3823
54838.57
0.0
92.43564
6189.65
0.0
18984.453
5422.179
4025.838
9228.732
8031.229
0.0
4858.957
3115.7598
4709.617
2954.6455
610.6423
0.0
10954.287
0.0
3011.6814
0.0
0.0
0.0
2024.1063
0.0
0.0
836.9527
7814.335
18393.04
0.0
10208.442
6617.609
0.0
6810.053
0.0
11868.1
0.0
76.873146
2233.0215
6262.6543
0.0
0.0
2738.759
7935.943
0.0
0.0
0.0
0.0
1196.1898
7168.8486
5076.652
3321.0684
3446.415
20043.469
11275.295
24564.016
5688.1055
2527.646
5619.9277
4837.6396
0.0
58.762035
0.0
3800.067
2381.298
29525.234
138.30348
5875.476
0.0
125577.6
2008.4094
10680.563
14653.693
355.70587
0.0
4043.582
2150.5522
6632.759
21995.82
0.0
3771.0986
4518.9785
0.0
1102.0729
0.0
3060.7344
2111.5198
3863.1409
3526.5232
34692.57
0.0
17044.766
1832.6606
12182.595
7553.869
994.0754
0.0
15283.571
812.23584
12438.943
36.615433
0.0
0.0
8611.613
13246.668
3594.6855
0.0
12710.227
3503.522
841.2932
40924.25
3061.4492
6009.218
9.640972
5227.1465
6384.753
2670.9365
1686.3514
4171.3257
0.0
935.27313
0.0
6871.623
8621.018
13090.095
3504.1401
803.4974
4820.2324
5958.1914
0.0
13336.08
1408.6365
10092.051
0.0
0.0
758.9254
122.58029
16988.672
0.0
5765.8413
0.0
0.0
4057.9426
132.88745
251.5517
2599.6777
7917.949
6146.834
4517.117
2818.6277
11648.969
4071.8706
29389.664
0.0
0.0
3437.4
1749.0452
3343.92
352.39465
0.0
0.0
2644.75
5259.1387
0.0
2348.2742
3969.958
0.0
4863.5054
8232.684
39203.67
2916.848
1331.4469
0.0
4023.7637
0.0
0.0
8522.957
0.0
5513.7593
3617.812
2796.6958
2195.791
0.0
0.0
1162.095
4931.717
4057.0205
0.0
3006.5396
4707.1597
15409.018
107.636795
13522.546
7978.413
2432.6028
0.0
62.359375
10815.201
0.0
787.31165
6586.077
6182.784
0.0
0.0
10785.49
27158.34
0.0
547.27515
5550.0117
0.0
13830.937
5981.3555
2449.0076
11793.661
2271.3726
0.0
3495.1323
0.0
19967.477
0.0
4955.088
3257.7744
0.0
610.2873
9131.963
1376.1855
4526.1416
3275.234
0.0
4654.2075
8068.792
9418.561
12386.133
121069.0
9859.584
2148.5818
5525.505
11957.404
0.0
8645.786
154.14304
4235.555
17131.252
3944.6895
0.0
9166.528
3365.2756
5225.381
2318.3147
797.37964
7908.2637
3559.543
3225.8726
13372.602
5688.574
284.79825
2761.7869
3591.7747
0.0
0.0
5719.7686
12927.779
412.38412
26841.824
0.0
7484.6543
1408.6934
5184.1772
7247.3994
0.0
17785.82
8160.2256
14.150528
0.0
0.0
0.0
0.0
611.6284
432.38116
4267.677
1541.6871
647.20496
62.17662
0.0
799.6669
6102.7056
2576.3994
0.0
2189.514
1741.624
82.05853
8641.986
5144.165
3798.5225
0.0
4050.2725
481.2166
0.0
1635.9702
9384.891
0.0
194576.69
2909.6743
834.3098
0.0
1574.8972
1917.1165
4610.8135
0.0
3715.263
3064.0815
3154.0017
6926.947
4662.522
0.0
3001.5747
546.5373
8689.909
8472.442
916.68994
4610.007
376.16718
3964.3584
800.4544
2246.3887
660.59753
0.0
0.0
10458.237
85.450806
6419.0728
0.0
962.60315
1092.5264
2701.667
24183.342
1102.5732
4565.465
0.0
94188.695
82.51417
1829.7097
4154.112
291.48105
1981.6
0.0
5963.7153
0.0
4086.6282
4458.9194
0.0
0.0
41252.305
0.0
7613.718
7625.211
466.3902
0.0
2657.0803
894.16077
0.0
306.15308
7389.701
159.91776
21268.75
12144.841
0.0
4367.806
146.07616
3388.8875
0.0
0.0
11264.732
1875.1968
0.0
0.0
3409.0403
249.72125
0.0
6421.4214
1418.3405
0.0
3301.0933
15363.611
4696.321
2965.249
6551.4297
0.0
4503.28
3718.0889
446.6698
323.2894
8410.6
7415.8535
20454.34
277.55383
2410.3892
15272.234
0.0
2200.6401
19392.023
0.0
158.95314
4332.204
1514.7545
0.0
31998.762
0.0
22229.936
0.0
11675.929
3613.6016
348.3217
4339.2285
47110.04
2430.9753
3611.4912
4393.508
8244.018
3520.5356
6162.2275
5125.9287
6741.2627
2635.5737
3973.3145
0.0
340.80997
2335.5476
0.0
0.0
2967.3271
0.0
121.00526
1799.3594
34086.008
6106.254
11501.415
8199.106
0.0
0.0
2804.6257
1443.0476
0.0
4693.798
0.0
4850.763
0.0
3911.688
1700.4097
14792.277
0.0
0.0
4792.461
0.0
14266.643
5513.977
14683.268
5142.0933
5173.132
1374.792
3348.857
11559.104
3222.615
1687.5166
5685.419
0.0
0.0
3172.4727
23163.062
530.3971
8089.4717
0.0
3235.5027
7922.1763
0.0
0.0
0.0
34757.785
0.0
6821.4043
799.27014
4308.712
0.0
3898.7095
3353.1052
3372.0532
2285.5657
67718.55
5469.0312
17585.057
0.0
1937.5142
0.0
433.9419
8021.5547
0.0
0.0
2132.1665
2581.315
5661.1646
5519.452
0.0
6065.618
41936.074
4263.5386
202924.12
607.2931
11302.549
5239.9146
25299.613
6565.1616
0.0
7234.9297
0.0
0.0
12740.182
78525.61
0.0
5330.6997
353.80734
3452.359
0.0
25434.316
1740.1311
16951.557
0.0
4761.828
4099.9473
2319.4136
2390.694
397.86224
10097.642
686.6729
8652.901
638.872
1316.6753
9720.118
5917.1885
0.0
0.0
1999.5422
0.0
0.0
98.56651
5926.8203
0.0
0.0
6174.621
13493.248
6923.816
210.8468
900.14746
0.0
7915.929
724.2871
0.0
0.0
0.0
44879.49
6651.126
2515.1775
0.0
3071.497
2773.1992
2970.3813
4474.911
5187.92
6445.8086
0.0
0.0
0.0
0.0
396.219
558.6471
1944.1223
13525.701
2715.1777
3336.602
1522.5629
2266.8982
2370.1406
249.47432
0.0
17311.533
192.19974
1592.5159
2163.7603
6735.629
15517.922
5352.466
5912.499
4076.1396
0.0
33467.17
0.0
2050.111
77837.695
6303.5312
5034.667
0.0
8189.2495
14823.209
185.9216
0.0
18481.59
1024.6222
0.0
9611.996
0.0
1989.6025
0.0
2338.9185
0.0
0.0
744.7038
945.1925
1025.866
0.0
1964.3379
9917.436
9524.895
2400.4275
2540.1792
1517.2825
3879.92
3275.1294
5723.9673
296.98206
3671.746
7174.6562
7605.918
25006.695
11443.15
0.0
4136.177
4847.8477
3532.6238
551.81146
17538.764
633.83704
0.0
23663.787
4141.8184
6916.483
7197.4814
3967.097
1733.3477
2275.0444
8066.215
1215.6913
6313.4434
10394.068
5250.1846
7036.756
326.0499
2540.5498
0.0
0.0
6854.508
146.04138
279.4568
284.75528
8028.7163
0.0
3455.2964
7122.5137
2050.359
26568.852
9017.533
5001.0547
1601.8091
407.4041
0.0
4410.442
436.163
4029.4702
7966.2666
13248.919
7229.3594
0.0
94.13136
6894.4395
3428.1392
4064.4487
1325.1321
20068.066
1217.0519
0.0
844.80835
17757.803
711.97534
6151.316
0.0
1933.3625
0.0
2918.8096
10166.467
0.0
164317.81
1871.7672
0.0
3403.7678
234.36017
0.0
2142.7603
4385.618
16920.377
4934.6885
3531.3315
5383.0596
14541.314
1241.5259
0.0
0.0
0.0
0.0
1026.6499
50857.996
1931.4863
5170.391
0.0
0.0
0.0
6122.7036
3281.251
4481.0576
7605.698
0.0
23272.074
0.0
0.0
9212.546
2676.729
4242.894
2119.683
7412.3438
3684.0923
0.0
515.45764
833.2527
7019.879
480.4014
14850.176
7684.5566
2678.7268
8867.723
2839.797
0.0
0.0
3429.458
10238.536
0.0
4528.581
3269.3396
9571.02
6896.2676
13722.037
2870.7905
90376.5
0.0
35498.43
1726.5481
15518.435
4902.803
48661.562
0.0
3230.617
5569.7603
2944.653
5167.791
2862.7212
10956.082
0.0
3389.3403
5988.881
3004.42
6548.0483
869.90454
612.61
0.0
13860.93
0.0
0.0
0.0
3043.1528
4847.933
6059.341
1530.5822
2715.2295
2807.6917
6502.7036
0.0
2392.5007
0.0
4571.675
31211.312
3661.3389
85037.4
927.7208
0.0
6520.997
4967.422
13333.698
28977.951
472.57184
6583.497
6966.4565
8401.25
1543.829
13018.289
2907.199
1383.4806
2964.9736
76.10415
10847.041
8686.88
1445.6641
2828.518
220.04297
11046.005
0.0
15903.754
2728.6802
0.0
8159.461
2355.3562
4920.1113
1613.2551
3838.7717
1862.8484
0.0
13667.623
6749.6865
716.87085
4765.8457
45841.004
0.0
104.20413
13880.422
114.981316
829.4674
0.0
96.34266
8325.412
3463.146
3055.7954
620.5509
2109.7148
5398.3687
5030.9233
1411.2808
0.0
0.0
5695.3936
9155.587
8835.774
2291.2268
2272.5857
1594.0353
5862.367
3859.9216
928.3726
0.0
3382.4666
1721.6825
8594.972
0.0
11221.787
0.0
3220.2412
3680.2827
6332.235
3977.6792
0.0
5324.701
0.0
0.0
9625.687
0.0
12910.383
0.0
8617.448
6137.922
2185.4211
1015.2884
3561.8223
8889.617
1936.7185
0.0
0.0
3865.1765
470.693
0.0
9241.504
0.0
0.0
3911.864
0.0
7220.163
0.0
2496.7212
6718.057
3826.4043
3473.5093
3653.001
1434.137
41987.758
15022.398
5097.4243
3071.713
8213.043
6112.4688
22099.795
0.0
2330.6453
3320.3845
0.0
6267.471
7339.54
0.0
4684.711
0.0
11425.281
2108.2402
0.0
0.0
3779.8901
0.0
0.0
106.56807
0.0
0.0
7662.1777
0.0
3363.3806
1243.4254
7757.043
0.0
0.0
9227.363
6548.6167
5334.748
3672.0134
30873.246
8742.583
0.0
397.13367
20031.73
0.0
1427.8745
982.8895
5523.124
6948.7695
0.0
6937.8936
64653.336
18996.197
864.90466
0.0
0.0
4395.3525
54790.54
4033.7021
3938.337
4248.9346
745.5548
0.0
3448.4458
26910.984
3157.7124
5456.5596
0.0
0.0
3863.46
255.13934
2463.814
10576.185
6807.248
16638.234
18494.514
901.2461
32969.914
3653.064
3301.8398
0.0
26003.406
0.0
29203.332
4113.5225
10726.765
4168.5938
134.97772
5072.4873
0.0
8031.0317
3056.3918
0.0
10627.295
2272.4153
0.0
0.0
1201.9824
2424.9717
0.0
5637.8887
4835.988
3356.9272
721.5446
2751.4282
862.59204
0.0
5187.9985
0.0
6355.442
9471.85
285.16782
0.0
0.0
12760.957
3304.198
0.0
28612.617
5162.8057
0.0
1313.6896
2786.215
0.0
1065.2828
180.37698
10323.918
0.0
1212.7341
7211.001
209030.11
151764.97
10049.426
1869.5452
5357.6704
0.0
0.0
3951.9517
0.0
3140.3608
2401.6123
7174.8125
27660.137
0.0
10650.609
4096.096
10984.004
1051.1344
0.0
44215.008
1073.2148
2134.183
5584.959
0.0
483.9776
378925.25
4044.832
29578.371
0.0
0.0
11819.301
0.0
0.0
1366.5776
6587.813
0.0
8703.302
897.24536
91.9219
240.77182
1171.106
0.0
1714.2292
0.0
341.23376
4797.7734
8978.256
3345.018
385.30835
6367.052
4310.7583
1710.2971
0.0
11484.151
185.68301
6213.0254
0.0
21131.32
14798.0625
7472.302
3921.086
3389.4312
24269.11
3089.9395
0.0
8136.877
5484.2876
13506.902
0.0
0.0
0.0
5117.559
91139.06
1385.9404
27673.174
0.0
4154.9556
14598.613
4083.2017
3685.381
2622.6497
10594.533
0.0
3516.8071
194134.34
597.1444
0.0
0.0
0.0
0.0
7007.09
0.0
7461.3945
4915.2524
20030.783
3918.126
4784.2925
7003.3667
0.0
1281.134
0.0
9494.059
13452.369
1513.9261
0.0
0.0
8229.157
7627.174
0.0
8197.896
4444.027
0.0
0.0
200.35104
0.0
10883.988
0.0
16678.676
0.0
0.0
2933.3552
3062.4287
0.0
5604.6304
1739.1934
0.0
2593.9587
33354.83
5278.798
11858.076
13983.529
3011.1255
2542.6091
0.0
6693.9463
5842.66
2526.9028
7575.4775
0.0
3175.2266
3457.832
0.0
1257.7233
0.0
0.0
19669.508
4694.658
14013.85
4331.7324
0.0
6073.1387
0.0
3261.1914
7002.666
0.0
12345.21
3310.895
1682.7107
7186.5127
0.0
8237.65
4726.9756
0.0
20666.938
2136.5776
0.0
0.0
4283.1274
0.0
0.0
0.0
4843.658
0.0
0.0
0.0
2620.895
3622.7517
0.0
5605.1987
7203.082
0.0
0.0
1236.499
3617.205
4281.2275
4619.925
0.0
3976.1582
3886.605
7447.9883
1638.7976
0.0
0.0
0.0
4882.354
0.0
7652.3135
0.0
17600.025
0.0
0.0
310.9071
3075.3137
6909.939
3522.9824
0.0
5195.224
13124.406
0.0
0.0
0.0
24957.723
2700.7578
0.0
0.0
13209.754
12546.727
0.0
9784.809
2096.3835
1331.3362
4079.6304
1027.3942
0.0
12853.606
5482.661
0.0
0.0
0.0
0.0
2977.405
0.0
0.0
8236.87
0.0
2908.6182
961.2712
908.95996
7948.252
3300.8809
0.0
3001.1094
6657.3965
1742.318
6134.6626
2788.981
0.0
61102.434
0.0
1800.9171
3298.24
6644.045
3076.2766
0.0
0.0
5001.6094
0.0
0.0
0.0
1303.9817
3011.943
0.0
2786.3574
4124.8813
16383.871
2659.147
0.0
4707.241
0.0
13746.365
6293.673
6929.5977
12508.234
1650.5201
5691.1084
10697.764
1233.6018
3644.6223
0.0
0.0
15394.828
1325.5829
3120.485
0.0
7880.3545
6856.5586
0.0
2564.7637
3077.167
97.123795
0.0
238.28926
0.0
6628.2676
4971.26
35601.688
0.0
5313.287
707.17926
0.0
10716.893
5087.6846
894.2405
4295.7324
0.0
45719.52
0.0
3177.8005
3566.892
0.0
5535.083
3864.9631
329.39044
0.0
1459.8969
4361.528
278.80548
13714.555
2428.975
71427.11
3577.619
4204.1704
4715.089
2334.1787
68242.86
123.54918
0.0
2058.2554
0.0
5740.2295
0.0
16839.332
0.0
1309.2922
0.0
6311.185
2127.0322
5010.9907
6995.5415
326.26135
1978.9897
6561.5723
535.8076
2932.1357
0.0
3515.8047
1998.3323
0.0
304.17932
0.0
0.0
24569.664
5233.179
2724.6157
2174.5063
0.0
655.3116
38.266228
0.0
0.0
165.79504
0.0
0.0
0.0
3312.587
11601.04
19838.87
9048.385
5172.927
6559.583
69733.25
791.52246
351.2315
0.0
10263.916
0.0
0.0
0.0
22101.238
8060.5874
4134.036
13446.379
2843.0034
0.0
145394.44
8173.046
0.0
0.0
0.0
0.0
1024.2942
7450.422
0.0
7021.658
3564.8076
6849.7485
6545.206
0.0
8538.912
14688.869
0.0
4702.8623
3470.8667
4180.5957
263.69983
0.0
6015.9785
1969.7316
589.5613
19360.049
2434.8157
11526.891
0.0
530.22736
0.0
34754.65
10005.609
1046.7286
2305.7898
4934.1543
0.0
1256.5308
0.0
0.0
8130.8115
3703.7812
3477.5754
4233.233
0.0
2385.6423
12670.058
678.417
13309.426
23283.066
0.0
0.0
0.0
62.76669
0.0
2991.1138
3325.618
16803.09
5625.7803
412.82242
1795.0537
5958.352
5144.1724
15044.024
1026.959
99260.11
18012.316
0.0
10537.205
18182.973
623.82904
0.0
0.0
27306.676
6173.5063
18813.633
2151.2673
900.09235
0.0
5633.5264
2680.61
0.0
70.673195
29117.174
0.0
0.0
58780.656
9001.592
157.2862
5320.6807
67.89032
0.0
2711.2156
2225.79
5154.55
7229.147
7180.7627
2994.7354
61676.406
0.0
5354.6704
0.0
3209.2012
0.0
0.0
7636.4473
4643.526
4089.8618
0.0
538.218
0.0
0.0
5780.2676
0.0
13463.99
9799.097
4705.144
0.0
3391.2368
0.0
1179.3774
59775.918
2762.0237
5967.3
1296.4993
0.0
1335.6594
1434.8545
1623.4768
727.792
1056.9055
0.0
40851.285
0.0
20593.27
9850.577
17912.85
6083.974
8386.54
0.0
2757.6765
0.0
9207.492
0.0
2527.0205
10321.415
0.0
3079.038
5322.632
1184.4471
2082.1396
13003.938
0.0
8980.463
0.0
3928.7825
5639.5303
1069.1189
6952.014
8076.653
4774.173
28205.805
272.84036
0.0
5430.729
162.76535
10490.087
2332.581
0.0
5221.8438
2807.4336
0.0
0.0
0.0
2413.8752
7902.006
0.0
2007.4524
0.0
328.99265
44775.117
3295.97
0.0
524.8733
0.0
85.94728
6574.496
192.54636
0.0
0.0
0.0
4384.5215
13311.305
5572.194
6632.9824
187.79765
1773.2019
29343.918
69737.85
3488.3076
8555.917
52000.527
6821.127
384.25925
130061.14
0.0
0.0
43972.44
1515.9135
12235.699
0.0
0.0
3902.5625
4978.255
1692.1464
2782.8613
306.79614
127.88544
687.4581
6309.826
5607.134
185021.58
4311.3047
4738.874
4363.709
9053.71
3486.5168
169.42339
0.0
161.16559
48428.414
0.0
0.0
7.3814545
6909.3984
0.0
0.0
850.96747
11611.219
25.454208
5263.84
3228.7148
18506.557
8330.533
0.0
4648.996
14307.766
4417.768
21926.582
0.0
0.0
33.03524
0.0
3209.1514
0.0
9085.601
3817.3713
7527.271
0.0
843.0036
64367.68
624.89136
0.0
7780.6445
564.9147
0.0
3703.1191
0.0
7899.585
4409.354
77917.8
3003.7136
3025.9944
388.19714
0.0
28991.367
5867.372
5081.524
0.0
2466.5403
3653.601
0.0
0.0
93.7403
668.34863
5862.967
0.0
12871.16
0.0
0.0
2443.2686
7136.9146
0.0
12812.338
0.0
8812.778
6756.1016
152.89429
2655.6143
6294.5776
1328.5508
7286.2266
5726.9414
6656.385
2604.8638
0.0
13543.047
0.0
4565.8086
3310.9075
20458.574
0.0
15536.1
26727.605
2973.9697
0.0
0.0
4654.791
286.57864
10861.818
14979.145
1081.9321
11359.452
483.81067
0.0
0.0
5087.273
0.0
4905.793
2216.9136
4776.029
978.4377
0.0
62160.32
4154.75
0.0
4872.1885
2770.4543
14429.183
0.0
0.0
1373.2832
6774.288
0.0
5182.574
0.0
0.0
20345.262
4348.5146
1027.2971
19838.623
4950.793
12269.794
0.0
0.0
4279.8906
4654.119
0.0
997.196
15255.44
1071.6294
0.0
9433.518
2462.442
199.00989
4029.2625
6903.741
14747.219
10125.214
0.0
75320.484
0.0
595.0573
7954.365
5821.157
1200.1213
4453.341
8794.875
3558.3418
63732.62
0.0
0.0
25783.178
2815.625
3502.1707
16655.008
264846.38
0.0
4978.777
0.0
7502.6704
1163.5432
0.0
13002.07
5837.6636
11316.471
0.0
0.0
2981.0225
0.0
0.0
0.0
0.0
27.842804
5559.274
0.0
39.384712
0.0
381.96027
13446.949
23527.414
5638.791
3055.6394
1789.9541
143.42154
0.0
8583.188
10889.551
8745.338
1124.5193
19615.041
448.88654
898.7435
7344.3545
2202.6887
0.0
5398.74
10918.109
0.0
7266.9795
18845.693
0.0
1656.2942
524.5336
3881.6372
30934.281
5318.5635
6286.128
4180.2
3224.398
9495.457
7305.457
4586.062
2266.4663
4055.2832
6113.033
18218.818
4040.0254
1903.0067
6568.58
0.0
5360.2197
50544.797
0.0
599.917
0.0
9615.572
0.0
31328.6
44043.43
690.3455
0.0
2913.8667
2036.5856
1417.2246
3072.829
0.0
144125.19
0.0
0.0
0.0
5944.261
741.5422
0.0
5813.8022
0.0
4555.597
1808.0131
3272.7246
2182.5828
0.0
661.8467
7577.074
936.58844
30046.447
0.0
8918.574
3859.58
171.38785
1433.0114
0.0
106546.61
4598.3467
6036.2324
4671.9
105694.29
0.0
4138.0127
141.87155
8724.092
13482.955
576.9766
55022.734
80550.19
7966.129
12041.547
14822.177
0.0
2782.4668
0.0
2956.6277
475.13733
4673.7686
488.10855
2044.1193
0.0
35994.93
936.46216
0.0
10738.054
3065.5933
47106.223
0.0
25992.773
231331.17
15520.428
0.0
6650.77
0.0
0.0
0.0
0.0
0.0
18609.586
0.0
0.0
3191.212
1030.2354
3351.909
540.82227
0.0
6051.069
0.0
0.0
5539.9355
5199.8955
33228.047
1008.43134
5368.497
8642.811
70387.125
8584.603
151.80054
10516.873
0.0
0.0
31338.783
3400.183
3895.9597
164264.39
10353.117
4944.0664
1821.3507
230.36688
0.0
0.0
2863.8743
64640.46
9382.119
0.0
0.0
0.0
0.0
13076.86
0.0
8327.273
0.0
2370.0215
442.6992
44467.39
12926.096
1389.2935
11399.185
4977.7993
1160.7896
0.0
11833.489
9195.905
2765.6646
1446.3693
0.0
0.0
5674.9766
3735.6423
0.0
0.0
79312.96
7059.5107
13260.676
0.0
0.0
4448.454
3244.2046
2595.3916
10202.158
433.65552
9115.123
2256.959
80.579994
0.0
0.0
33565.082
15879.729
0.0
4569.1133
0.0
47141.89
8019.7217
2051.0457
27388.234
0.0
8042.415
7365.776
2452.9429
763.0288
0.0
7154.882
2523.9094
5249.8965
0.0
0.0
9592.487
0.0
0.0
0.0
33732.13
971.1266
0.0
8128.302
0.0
919.3457
15122.242
0.0
664.3634
1508.8862
604.9008
3344.3384
13762.959
1624.6473
3262.9521
11121.958
937.68524
540.952
96.44272
3832.183
0.0
0.0
4901.3306
3525.1914
0.0
0.0
907.0225
0.0
14131.611
0.0
236.47824
0.0
5221.6094
6270.409
865.3014
0.0
860.10864
0.0
10271.567
0.0
10209.796
0.0
6533.437
0.0
0.0
5389.5566
16.062996
104747.97
11647.11
4792.057
0.0
0.0
7880.156
2951.7815
0.0
2420.6753
0.0
0.0
1702.6053
0.0
7456.001
25758.543
13688.203
850.6334
1337.8447
2131.1538
4510.956
0.0
5447.6094
0.0
0.0
0.0
3457.7368
318.58136
382.97446
8300.946
4487.5684
0.0
23287.271
83073.125
0.0
8235.279
6762.575
0.0
0.0
25270.062
0.0
0.0
19505.076
10577.182
22715.566
473.64722
4823.2837
1423.425
5982.3457
0.0
3600.373
0.0
6290.7954
175.59662
16964.623
12064.753
0.0
0.0
7872.9414
1036.543
2022.2128
107.36146
83476.48
1867.2461
26362.703
1295.4412
2688.017
3110.303
5982.509
2769.555
0.0
21635.855
48.619217
0.0
0.0
284245.06
27758.203
0.0
5568.1074
858.3264
49620.234
5122.312
2531.081
3592.7788
0.0
14981.215
0.0
0.0
0.0
1420.9968
7062.3022
0.0
0.0
2103.0488
0.0
8733.744
2140.9019
3750.1895
4915.452
269.76883
12038.151
538.31793
0.0
957.47015
5348.4556
2778.9773
1419.0172
5991.0693
9532.501
0.0
13927.277
4723.795
0.0
0.0
10774.797
0.0
12941.816
3338.105
0.0
3673.0586
973.23535
469.29974
0.0
64897.773
4002.7131
5321.124
0.0
0.0
0.0
217601.08
4172.8853
973.5637
10720.092
3800.3755
2025.448
9219.182
3078.7178
0.0
0.0
4843.249
88.699524
3062.52
14933.392
0.0
101508.13
0.0
3560.9673
0.0
0.0
8541.019
0.0
100158.516
2419.0168
0.0
19786.008
0.0
793.3019
0.0
1864.1204
2708.3118
945.45984
0.0
1887.4926
4269.712
0.0
225.82306
3122.5327
2363.1665
0.0
2032.0037
0.0
1657.716
0.0
9940.519
2671.9792
0.0
2961.581
0.0
4231.6777
119647.69
0.0
4708.786
53462.984
2416.4204
56575.797
0.0
2604.062
4179.639
14226.651
13545.3545
2964.7754
84.14008
8442.846
5680.2915
8400.005
302.4969
0.0
2813.5137
0.0
5966.117
2751.384
0.0
0.0
2096.7734
340.69412
0.0
3157.119
2825.6677
0.0
21454.127
0.0
27566.508
0.0
2850.5857
4364.4565
0.0
0.0
2998.1643
2907.771
0.0
513.5781
0.0
15606.265
8376.41
2186.9236
44046.496
3607.3706
17241.871
164.59738
0.0
926.0682
0.0
4644.8174
3890.892
7339.467
48653.227
1758.1606
7593.502
1761.9517
3552.1157
320.57553
9071.879
3815.302
6228.5376
4457.045
30729.668
17418.932
59403.656
2696.8867
0.0
0.0
3491.578
0.0
3017.4
726.49426
0.0
0.0
922.08887
6631.311
6723.501
31091.605
0.0
0.0
2827.7305
1788.3713
2680.2417
1779.1768
0.0
0.0
5914.1597
7495.9375
17086.07
328.67285
145.31491
16209.746
0.0
0.0
383721.88
0.0
14962.646
0.0
2197.8745
0.0
1015.21826
481.87646
11039.648
1969.0485
622.4409
0.0
6231.57
0.0
4277.426
2012.8849
2500.5188
0.0
424.1523
0.0
3357.9905
0.0
521.5003
6558.4033
1664.2904
12647.143
0.0
12064.316
1870.2305
0.0
2036.5476
3784.5217
0.0
9083.781
0.0
3238.4697
546.36066
701.88153
7910.6406
8642.717
186.84224
3492.9014
1724.5337
292.61798
0.0
5006.8774
0.0
110378.125
10146.759
19345.05
816.07495
6107.982
0.0
0.0
4946.9443
0.0
584.8083
9255.924
0.0
13448.911
5702.5244
0.0
1933.8647
8717.832
15364.98
1016.93646
0.0
0.0
1162.9752
0.0
0.0
4716.897
4745.726
0.0
5655.228
526.82965
39695.58
14679.083
0.0
25365.643
826.28314
4229.4575
0.0
0.0
0.0
52.393936
0.0
992.0533
5485.2993
8225.422
1388.6006
5463.187
2940.0713
7663.5015
0.0
2038.0259
38832.336
374.99982
0.0
0.0
744.70575
0.0
2616.4243
32146.477
73638.945
19385.031
245.77925
0.0
53095.37
5093.026
0.0
0.0
84980.39
20745.773
75614.336
6772.711
0.0
4691.8506
16148.404
0.0
1668.6389
6168.0396
162.70737
3274.0132
24924.766
44156.242
166.44774
9711.53
0.0
0.0
2543.8982
71218.69
2486.462
5149.704
0.0
60340.812
5425.1665
712.57495
7786.153
1039.3136
308.16342
2976.282
0.0
10931.038
17985.781
2915.4263
6068.592
5933.46
0.0
555.72296
0.0
0.0
4841.1514
10801.746
33428.273
0.0
0.0
4681.7485
0.0
0.0
4122.675
0.0
2289.807
19898.803
0.0
17132.455
6259.478
10913.574
2326.14
3499.2969
1616.7292
5981.9043
214.60599
0.0
0.0
362.7201
14473.381
0.0
29229.586
0.0
2530.6028
0.0
5425.782
8968.419
2745.5347
640.1088
13621.939
7725.4224
0.0
64.77409
6610.784
0.0
0.0
9878.682
0.0
8229.076
0.0
25240.959
0.0
1283.7014
2003.9932
5690.6807
4478.2764
3189.933
0.0
5570.682
11653.925
2235.8193
1262.6292
2530.3916
12243.955
758.23254
22834.988
8052.167
2749.0486
6865.0996
6046.5537
0.0
4418.2124
3763.104
6715.4766
0.0
0.0
302.57346
124.47052
1199.635
6761.092
0.0
2263.5308
1271.7195
0.0
376.89478
459.93604
265.9984
222.71007
10770.145
1842.4272
38952.156
9641.906
0.0
2293.7126
22892.246
15456.805
38661.953
1121.4036
2343.6328
1789.9292
46807.42
16056.619
0.0
4171.056
1556.4702
0.0
0.0
0.0
7419.1597
0.0
14548.039
0.0
161.36818
668.606
1505.44
431.6585
0.0
4591.9727
0.0
7489.1836
13076.699
0.0
251.46042
7391.7676
0.0
50126.15
4072.87
2835.2324
6387.2134
45533.79
9450.86
0.0
5871.6753
264.91034
1048.7544
2914.161
6394.1562
4676.0005
13879.912
18392.56
3821.2769
15736.918
1556.0353
0.0
5193.592
2229.8389
10171.622
114.017105
4086.6265
774.4605
7063.331
10786.021
2291.3271
0.0
0.0
9343.285
7902.6514
30067.297
1676.9612
0.0
2864.1362
62345.395
870.02637
0.0
5478.4976
375.7733
32637.727
8176.65
0.0
0.0
513.62134
177.24313
0.0
288.21765
0.0
0.0
11294.148
0.0
671.3723
861.7076
0.0
6877.7896
382.92148
7010.749
0.0
0.0
7380.59
0.0
0.0
4621.15
17931.586
0.0
2589.89
0.0
1041.9783
510.09534
11255.447
2293.7686
56.947388
33142.863
0.0
0.0
0.0
2814.9958
0.0
7267.616
3010.3867
32984.594
0.0
2960.0654
2115.7026
204212.88
3871.9885
12013.65
108.479805
3725.1562
5917.8364
1201.5105
951.86127
2638.9702
1664.4473
19961.322
27216.852
15168.511
0.0
1027.4944
6434.3413
4064.4287
3186.081
23617.871
727.43054
169.72058
0.0
2433.1445
0.0
5866.135
13335.133
855.57697
15794.864
0.0
0.0
3918.3215
7857.1025
0.0
2455.4993
4731.6235
7386.8135
0.0
3561.0557
3849.5962
3564.558
5664.792
4665.092
0.0
0.0
0.0
31058.898
0.0
3392.3745
0.0
0.0
0.0
5379.3687
0.0
0.0
0.0
9314.685
2491.5469
1131.835
0.0
584.7312
28075.012
2033.4323
42502.58
0.0
559.21326
6095.933
3636.1228
0.0
14380.824
524.6619
321.79742
0.0
2497.915
1388.5645
103.55088
0.0
0.0
0.0
4140.729
0.0
8229.187
8942.895
5356.464
0.0
1017.1352
0.0
0.0
11214.517
0.0
1553.0012
2823.5613
4142.6294
5988.3467
136.03471
998.99414
2075.7185
12698.887
0.0
992.7167
3359.8152
0.0
0.0
2048.156
394.19244
0.0
162.1095
0.0
0.0
1588.8113
3155.9468
4351.083
5916.285
6433.456
0.0
0.0
6844.7227
0.0
1506.0808
0.0
2072.7131
4476.9556
334.30524
3947.5679
4659.2705
15832.33
0.0
6827.331
13982.119
0.0
0.0
13655.004
3434.1199
6092.8145
1295.6873
0.0
1194.1166
0.0
1494.5663
51.131287
13369.11
7188.1113
6335.4326
533.38196
0.0
171.90077
862.0585
512.818
16989.11
14132.322
4834.8613
0.0
406.2102
3324.9146
1317.4348
6015.964
0.0
0.0
0.0
19070.713
4155.14
7019.583
8378.087
2823.0635
5231.5312
4519.0947
2573.7954
0.0
18773.758
25758.66
847.3692
0.0
4912.5273
52389.83
11424.754
4140.273
0.0
4565.2383
3132.0015
6378.8867
2541.1716
1303.707
7592.956
0.0
12533.03
0.0
7161.6055
26457.852
2519.747
7876.1265
6476.7656
4892.5854
2161.2903
0.0
3548.835
0.0
0.0
2994.128
21774.785
14837.867
6829.586
1476.1036
1398.1248
1348.1483
0.0
3762.9587
41495.363
861.11523
0.0
1724.8362
0.0
0.0
71790.984
0.0
1030.0574
6578.93
0.0
9201.026
20991.928
2064.7114
15715.833
0.0
0.0
0.0
2313.428
0.0
0.0
7855.7725
2585.432
3634.4917
5250.9795
16366.387
0.0
939.6966
916.45715
192.34277
8473.2295
0.0
356.26337
1375.9229
0.0
512.85266
5383.7373
0.0
908.0543
7516.491
1816.91
2158.2776
679.63354
91828.67
0.0
4012.9348
0.0
2485.755
0.0
793.9841
0.0
0.0
5602.4185
8486.564
8062.528
402.39972
5789.2056
7656.6113
12861.148
3797.7788
18729.227
0.0
0.0
14134.234
0.0
7591.1914
6991.9507
5139.042
6791.6123
22636.162
0.0
1959.0159
3983.998
6754.8604
0.0
2906.3582
4158.9966
10776.973
32275.781
1125.595
1308.4934
328.8363
8250.588
1377.7295
21358.107
11576.597
7793.1855
0.0
296.8843
4.6595917
91954.86
4787.3706
12845.641
468.25543
2146.519
7642.5303
3337.1565
1324.051
653.8003
2666.056
15706.861
0.0
1018.50824
1893.8508
0.0
3886.653
4816.679
8617.809
3143.2446
0.0
2019.7914
5898.969
3319.7095
1072.8156
16001.182
5479.225
6442.6006
666.45807
2104.9514
8057.1396
8743.293
456.8566
4479.3057
0.0
0.0
0.0
0.0
5948.423
10169.813
984.2551
871.0926
9973.322
0.0
30806.125
0.0
1971.9355
925.0472
20770.604
1523.6575
0.0
3245.5625
241.5139
11931.531
0.0
0.0
0.0
7394.5146
6473.075
0.0
0.0
2985.1294
3309.4614
2006.4369
0.0
3203.9539
10612.679
325.09488
3729.2485
0.0
0.0
41119.805
4382.0938
0.0
0.0
12008.302
1589.3406
8101.55
78.907814
467.84308
2006.1321
0.0
0.0
6108.7197
2597.8562
10421.16
0.0
3955.5623
490859.34
2797.8533
7672.33
0.0
173.18222
0.0
0.0
0.0
6593.5786
2486.1758
0.0
0.0
14375.855
0.0
0.0
0.0
5312.8066
13281.318
0.0
6955.246
9283.135
0.0
1534.4231
0.0
6821.013
0.0
3685.5713
0.0
0.0
0.0
30960.066
0.0
4911.5723
21454.086
4575.1475
10523.816
10548.7705
1605.3153
0.0
9329.771
2312.6506
0.0
10633.817
348.3539
5847.0195
53471.805
0.0
3523.6484
0.0
3147.6658
23533.078
4261.2236
8000.0283
464018.97
0.0
880.1811
11660.162
9526.896
0.0
0.0
0.0
0.0
675.1505
0.0
1001.6787
0.0
0.0
2699.3208
2909.8296
5845.003
1954.3771
0.0
0.0
0.0
847.7973
7236.343
0.0
18123.611
10450.284
20092.674
0.0
438.72787
0.0
0.0
2144.7893
3902.08
3916.44
4081.731
0.0
2139.5073
7123.28
0.0
200.26144
2928.7234
3384.897
0.0
1370.8545
4694.8633
0.0
4115.455
0.0
192818.22
1351.393
974.44165
7385.8506
0.0
2489.2727
867.49994
4404.1807
0.0
0.0
1133.1605
0.0
2477.8054
0.0
0.0
0.0
0.0
16058.668
6130.0693
14698.688
2689.6042
16361.631
0.0
4031.1045
6374.2974
2966.5396
0.0
19133.496
8418.156
1347.3843
0.0
1316.1818
1710.2429
0.0
3188.83
15876.818
1022.3506
815.6576
0.0
5341.8335
4281.1304
6969.1357
231.495
7199.423
178.92719
21672.71
3832.896
829.5985
2624.6765
3631.8318
2725.9302
0.0
1154.5027
3939.0154
6042.613
9062.824
0.0
5621.1133
6315.1143
6241.2837
21928.174
585.33154
59572.375
1245.6763
32413.764
0.0
0.0
0.0
0.0
36991.953
0.0
3322.005
5887.298
6702.825
6336.7725
6684.076
0.0
8849.066
5707.2837
9011.153
4613.734
0.0
13242.83
21688.129
948.5885
7014.787
1416.3761
1327.2096
5014.4004
1067.1647
3958.442
1629.5543
1487.6952
9767.68
271.1014
0.0
160.82532
4985.3223
9392.988
4170.494
770.527
0.0
18297.258
1672.9529
0.0
0.0
15859.021
5161.573
4977.833
5758.9873
1119.6907
3134.1646
7870.867
0.0
6596.369
3695.7832
2440.3503
2157.1262
0.0
269.27402
0.0
7478.1846
2620.583
1319.4897
8058.5576
2082.397
3595.1648
0.0
2407.5916
0.0
199528.81
486.98206
4732.6455
0.0
9688.9
0.0
5967.497
0.0
3417.6243
0.0
5072.071
3478.9773
3813.6846
3775.5898
9716.629
6553.463
533.8448
8466.296
35.432884
0.0
1766.021
3284.2627
0.0
1714.2251
18619.553
536.79645
0.0
0.0
7786.874
5927.1562
0.0
1038.4146
0.0
0.0
0.0
1802.8528
5994.7305
3932.6655
6640.058
0.0
1542.6091
9771.617
412.75223
89448.86
194.15839
335358.5
3514.6147
76476.195
44660.18
0.0
6415.6104
0.0
8747.707
5255.988
654.2224
5131.7627
7073.7036
0.0
20228.41
0.0
20338.9
0.0
8588.269
8910.3955
36663.176
813.54395
0.0
0.0
3686.8257
6146.2407
1901.7014
0.0
0.0
744.55774
3911.6091
1724.3745
15377.6
0.0
5277.877
128603.28
9580.988
2651.805
2452.1353
2877.5754
5082.2896
9829.883
3778.8823
0.0
15216.133
0.0
0.0
4676.24
11317.988
2940.8774
0.0
5037.948
1438.7449
3251.0054
31260.215
5669.804
282.7691
0.0
10326.25
0.0
609.4067
22262.797
35345.445
1680.3575
1097.1967
0.0
8829.542
7139.427
6468.935
4286.1533
148.06476
18023.758
6005.328
0.0
4558.153
0.0
0.0
129332.37
10163.713
15373.953
0.0
934.8236
7057.544
6747.782
12653.309
0.0
0.0
0.0
227.2341
1183.2993
6865.3203
0.0
39684.22
25903.658
5645.971
24771.424
1186.596
0.0
2298.5256
0.0
4933.272
21153.617
756.54535
6683.591
662.15204
0.0
0.0
11074.607
0.0
8937.655
3062.7712
10241.643
0.0
0.0
5693.836
1683.6494
0.0
0.0
44519.484
6065.7017
4373.747
0.0
4129.3413
1959.6162
5428.455
2218.0627
2855.5642
5137.79
6624.246
13718.877
0.0
4929.4077
4700.488
5005.4326
0.0
2256.7402
4106.448
12105.053
5176.8784
0.0
825.31726
5612.6104
6197.6875
30319.45
19146.926
16550.82
4338.0806
9102.959
0.0
2284.5044
5248.385
674.78613
74903.92
9493.0
1364.0424
425.35724
0.0
0.0
0.0
0.0
0.0
5957.123
27442.828
0.0
1186.4258
229.09311
2815.8584
156.08397
41136.574
0.0
122133.05
2585.7197
0.0
3852.6714
3995.593
15873.802
4049.7666
0.0
0.0
11479.964
4585.0957
1988.9585
5241.589
46526.367
0.0
3079.5867
41088.742
1156.5793
1351.992
9469.688
0.0
30911.629
4281.149
9055.289
118.655396
15560.713
131.92764
3702.426
0.0
1032.5074
0.0
4238.9756
0.0
4049.1265
5358.5205
0.0
15056.5
2930.4429
0.0
710.11426
1881.312
2869.2866
4724.698
29448.676
3547.6455
1823.4609
7658.239
0.0
4643.689
37630.332
0.0
27070.492
209.24704
654.00525
0.0
0.0
0.0
1341.8252
7825.0513
60.7252
4302.7964
416.3652
982.5099
4091.3428
895.7346
13010.704
0.0
838.8654
59310.43
20134.65
0.0
322.56573
3627.6145
7115.004
3040.609
7311.99
430.22485
2487.1587
0.0
20782.871
0.0
3494.8958
14558.864
0.0
0.0
1113.3743
5152.5215
21393.281
7135.1943
976.8065
3223.011
58.909325
0.0
0.0
0.0
0.0
0.0
57210.68
0.0
0.0
68.69446
10114.664
0.0
8007.634
3640.9927
643.8291
2468.2378
134662.0
3089.4272
7175.694
14962.365
0.0
0.0
11427.396
0.0
3033.829
13763.169
24533.508
0.0
1541.6902
0.0
0.0
9007.768
0.0
0.0
3912.5413
0.0
0.0
69.71283
2053.3044
10140.012
4940.164
7887.336
2138.002
7899.006
39101.957
0.0
932.8627
2404.1875
5343.205
0.0
0.0
0.0
5283.668
0.0
4687.59
446.8932
3148.5386
2960.1648
5383.8467
0.0
5937.163
3171.984
3574.891
2197.9087
4043.4895
19302.041
0.0
6717.723
0.0
4214.5107
1081.8574
195.2107
31381.018
3128.4583
0.0
0.0
0.0
430.04413
1383.3893
0.0
3760.6138
112166.01
0.0
7265.0703
5063.1704
0.0
8464.647
0.0
0.0
11624.085
3380.5073
0.0
5848.3584
2923.8677
0.0
394.3224
0.0
6096.2856
8776.607
0.0
5232.4233
12839.164
0.0
7221.4487
11119.4795
2109.3726
0.0
0.0
5283.413
0.0
