833.5186
630.8555
143.96523
0.0
676.3661
4336.54
955.54224
3494.1675
0.0
3563.228
0.0
876.45807
4808.664
2511.9578
0.0
0.0
1696.3107
0.0
1688.2872
5362.9033
3218.5864
3211.228
2705.1182
2493.5898
0.0
0.0
0.0
397.7438
1506.4758
1894.2827
3547.2495
2003.0573
0.0
1619.0908
0.0
4098.26
506.58914
4178.5156
287952.2
18307.24
0.0
1148.3586
645.1238
5239.241
2589.228
385.92313
0.0
0.0
0.0
6583.082
6544.7227
0.0
629.9849
676.3601
105.505684
1011.11035
4246.911
0.0
3904.3892
527.3839
21433.785
491.55652
0.0
0.0
1156.4059
0.0
11110.62
4654.63
2411.4321
0.0
2553.916
3381.5022
983.0114
55614.652
0.0
787.2931
6917.8115
822.0387
6088.396
1396.0271
949.1911
3827.3022
2094.213
175.54816
10526.944
0.0
1222.7958
0.0
321.45737
1449.9564
1806.1863
13628.996
36101.848
0.0
0.0
10910.083
0.0
1206.591
1057.2411
481.13855
2389.7007
4379.998
9258.994
1330.5479
1248.6598
0.0
2311.4749
4045.5203
393.88046
4512.2764
0.0
616.97687
0.0
3177.8035
2806.2524
766.68665
2767.3418
15478.302
0.0
0.0
0.0
0.0
31792.098
213.0364
2148.9321
0.0
0.0
33143.703
1028.3553
0.0
2210.6482
435.22238
0.0
1076.5454
3523.6758
0.0
2173.9854
5924.208
0.0
0.0
0.0
3769.8743
24142.965
0.0
0.0
4713.795
0.0
6938.868
0.0
4741.045
2650.563
2893.2458
1225.1779
0.0
10805.225
6959.489
847.0072
0.0
0.0
0.0
409.90988
0.0
1762.4312
3489.0825
1306.5796
3301.924
3359.3823
2181.632
0.0
4115.3716
0.0
0.0
3598.27
0.0
2439.1545
12982.488
93.01102
1790.6797
1890.26
13765.58
0.0
0.0
15070.896
0.0
0.0
0.0
223.65729
0.0
2995.912
0.0
8158.6084
2067.455
998.91187
5928.5957
9739.439
9087.221
2889.5828
2910.7876
3780.5771
2335.2998
2762.4067
0.0
0.0
3556.6682
0.0
0.0
4492.901
0.0
827.5008
0.0
1291.1158
8318.201
5386.6533
0.0
239.04471
0.0
1394.1433
361.17133
809.02423
0.0
0.0
812.37396
0.0
1270.661
6061.635
1504.0992
6922.4053
1549.901
0.0
23123.52
0.0
3478.9114
255.95155
0.0
2054.2935
4212.1953
0.0
3901.4604
6778.7
0.0
859.9055
2292.5366
212.79626
1523.5289
275.55505
9453.205
0.0
1774.1274
828.98517
0.0
0.0
8419.801
1127.5746
15021.967
2405.821
0.0
88.504524
7915.9473
0.0
1031.1868
1540.1249
0.0
3452.7412
0.0
0.0
275.88416
2542.8433
529.68604
0.0
6203.744
0.0
637.66846
6638.625
0.0
2568.2534
0.0
1461.017
0.0
2628.4263
29384.441
128.3246
497.33978
2373.9875
0.0
566.89453
1933.0157
0.0
346.52618
11403.743
14256.378
2897.8428
11821.341
0.0
3408.2031
246.10939
0.0
0.0
3235.2183
0.0
9119.018
4336.1787
671.30493
1652.0142
9810.008
0.0
1134.3032
9746.924
1463.969
3592.42
0.0
0.0
0.0
0.0
2500.3718
2221.6377
7186.3486
6154.778
12865.395
1184.9701
0.0
0.0
433.10477
594.6881
3122.855
1359.5156
1461.7043
709.3755
2369.7837
586.704
0.0
712.1231
0.0
63.94825
549.3791
0.0
2912.7397
9057.03
63904.086
2742.7002
3190.8567
874.59705
2968.9731
4318.999
1266.5695
2272.5898
898.25116
3846.1685
13621.022
0.0
619.82306
1755.4288
96.87417
1924.4148
0.0
400.37268
2080.1536
507.19012
2356.295
11642.459
919.8421
4625.118
114.088524
0.0
258.96945
0.0
3742.817
0.0
131.9726
7214.5654
0.0
1490.7172
0.0
17408.453
299.66794
2618.5454
434.99588
1283.3552
604.84143
0.0
0.0
3269.4077
0.0
0.0
317.6299
11100.938
618.5305
0.0
0.0
30666.068
0.0
389.14352
554.98486
657.08154
0.0
3769.331
2307.294
1645.6272
0.0
1405.4824
1673.441
0.0
702.96045
0.0
0.0
9515.527
504.03525
0.0
8817.822
1146.2607
6355.624
0.0
3728.998
8476.239
6221.377
3969.4778
8364.494
0.0
1116.8712
2603.8616
1803.7948
424.01422
3165.015
755.411
0.0
0.0
4713.628
382.06073
1072.7015
6458.9414
719.4277
1259.497
2762.6409
851.0261
1823.4572
665.1082
0.0
0.0
9306.4375
1398.5826
0.0
0.0
0.0
0.0
1212.4727
287.76706
542.7505
4134.602
0.0
3078.541
1146.3416
1804.7861
6121.4956
3659.083
1395.7986
163.7981
0.0
6139.919
3266.2122
12171.21
1093.2721
199.30022
0.0
18366.078
303.75854
2325.748
0.0
4576.132
4040.633
0.0
1308.6809
204.32669
1195.5762
2053.901
223.69077
4931.7783
1639.4824
947.9507
0.0
5322.1934
1269.5239
785.0918
0.0
0.0
1147.9797
437.54205
1847.3474
846.51263
0.0
6290.855
0.0
2630.1094
1325.8828
2171.3037
0.0
2319.1604
7562.032
0.0
4008.289
0.0
7431.559
10630.393
696.5238
2853.4578
4128.137
9855.953
1985.2455
0.0
1906.2278
1521.5762
2164.1982
0.0
26722.258
7104.299
7892.585
1725.7576
1285.303
2825.1597
6653.1343
0.0
0.0
1540.6311
930.8844
68.97421
0.0
2659.7937
0.0
3167.8074
227.97076
441.6906
2259.8562
2742.5752
22697.344
0.0
0.0
0.0
4901.4395
6401.9775
2891.0347
0.0
2644.9485
0.0
0.0
3786.232
1233.1526
118.85376
0.0
3771.2104
12040.657
2239.7783
1523.2129
0.0
5980.407
0.0
280.37692
3679.4775
0.0
14964.845
2653.2556
2663.0312
1796.678
24893.977
59.99191
3232.7104
4115.2715
1175.6091
0.0
1072.1304
1911.1146
6866.528
19095.184
0.0
486.38806
564.3309
542.65094
8378.08
3057.9563
13991.989
2332.4624
13175.412
1681.1362
298.28186
1759.8228
0.0
0.0
3021.5662
555.3181
17920.965
1096.9116
1571.5154
2460.5496
18182.756
347.23697
11215.646
8212.161
366.89606
9663.346
2871.8015
5952.88
0.0
941.4424
945.30975
1140.5288
0.0
2474.898
0.0
0.0
639.4283
649.7811
387.51382
1307.0137
0.0
733.7297
6497.3496
0.0
0.0
6254.4424
1081.29
2292.707
450.00977
0.0
0.0
12071.337
0.0
1651.1104
0.0
3262.1328
7518.1465
0.0
920.74866
0.0
617.88354
0.0
11614.144
0.0
1131.4341
200.06425
454.42688
924.1128
1256.5524
0.0
0.0
2012.8818
0.0
1860.5659
2639.7227
0.0
0.0
4232.6436
972.4923
1701.7349
982.73553
368.25998
0.0
0.0
841.8822
9227.215
0.0
2562.726
0.0
16025.789
706.20795
2719.3486
24951.162
5396.1016
3533.3918
0.0
1959.5552
6392.387
2343.4695
0.0
0.0
1875.0695
0.0
3861.44
3367.2412
893.5816
1086.901
0.0
756.47266
8553.766
0.0
0.0
1264.1984
325.37772
700.67725
8561.387
3449.0408
4661.959
0.0
44966.59
4763.327
521.6594
1569.6167
0.0
6383.7393
417.15576
0.0
3886.13
0.0
2208.4648
13933.756
8453.286
53.828957
3033.736
1044.5231
3560.9414
4643.4683
2015.8837
176.19284
397.00317
4394.6562
2692.4846
0.0
8051.8447
0.0
2216.0823
3272.5698
1845.6421
4020.8303
0.0
0.0
0.0
2784.067
0.0
264.87836
944.1738
0.0
3246.268
5287.5938
2835.2563
6940.5522
0.0
5463.0537
7.46019
4012.4888
4771.9653
1074.3927
985.2847
5150.2305
1435.5162
4938.621
1746.5061
0.0
0.0
8719.947
0.0
0.0
0.0
0.0
1483.9666
0.0
3071.28
5049.0977
0.0
2369.5525
324.51874
0.0
2504.067
2707.045
1334.1761
0.0
647.0891
13595.857
0.0
6079.8745
2284.4956
0.0
134.24872
2398.224
93.64799
2044.1273
2874.3894
0.0
7100.4077
470815.47
1599.5721
20868.363
6452.817
10327.996
0.0
1258.9735
2700.6829
0.0
2744.3687
2451.5815
980.9003
3376.5483
0.0
0.0
1837.5859
644.8873
5558.655
1508.481
1640.9745
1787.5828
8730.759
2962.7153
1305.246
0.0
6901.699
0.0
2358.796
264.44485
0.0
1244.3643
0.0
24854.266
0.0
3649.2415
4583.881
0.0
0.0
1284.0795
0.0
2228.849
2444.1548
2396.9814
0.0
540.09155
2567.7004
2332.008
5764.219
9228.511
1609.5496
0.0
0.0
2887.133
3646.1567
286.05853
0.0
6725.5835
2049.4138
2783.6724
1529.229
10699.176
0.0
6896.153
569.50146
1005.4039
159.37761
916.8025
5934.5054
0.0
0.0
28.871895
4949.2573
4798.9624
848.2348
2738.8628
899.0665
0.0
2169.6567
13919.801
1439.2604
394.43933
0.0
6842.8
10520.209
16163.963
0.0
4017.7544
0.0
38929.03
2167.7659
1083.407
168.00604
1494.7958
0.0
4582.738
1907.6127
4479.9067
157.5425
171.90149
2061.094
3306.1038
2913.6895
1846.6462
4242.611
0.0
3571.4412
5110.3105
304.29868
2315.4636
5091.132
0.0
0.0
2385.6365
10410.088
2138.523
1105.032
6497.552
38511.6
0.0
8146.5464
1397.6625
0.0
0.0
0.0
1085.0604
1509.2385
467.7701
978.89185
468.3813
0.0
7444.3447
0.0
3241.2769
3770.8857
0.0
0.0
682.7467
4843.6846
2584.0093
646.28973
6127.2607
2121.085
0.0
6693.1084
2028.8186
31177.074
929.11597
0.0
3617.0918
1318.4304
764.2486
1019.6455
0.0
2806.3481
0.0
982.60535
0.0
1252.2302
8210.189
191616.06
0.0
0.0
6767.1494
5440.4883
2485.2532
1095.7465
0.0
0.0
5209.924
3471.8652
4419.093
0.0
0.0
3617.5493
1709.4729
0.0
0.0
10529.969
0.0
6828.667
478.3775
19.585861
0.0
1472.2073
1837.044
4129.7065
1815.8213
4871.6924
1275.667
6992.6143
0.0
781.06665
2654.6506
764.0863
2063.1372
1885.9309
2748.558
7223.5117
1688.1865
233.62051
1324.067
9264.408
1824.8013
2146.59
4454.8975
3057.839
0.0
1569.3452
0.0
0.0
3300.079
0.0
1206.4666
1147.9235
12475.409
2155.4604
1882.139
0.0
0.0
43.073166
497.9082
10337.994
4942.466
239.25165
100.36873
10067.922
0.0
1950.6544
10338.037
7808.7974
0.0
0.0
795.6924
0.0
0.0
0.0
699.3533
0.0
0.0
3053.1455
2768.1196
3124.3965
10316.131
2640.9788
1067.1917
4743.69
0.0
6452.353
2697.9233
0.0
0.0
0.0
451.9722
1407.8723
3262.0996
0.0
2985.4292
0.0
1043.8397
25144.033
2175.2515
0.0
6811.301
0.0
4301.651
0.0
1252.4062
4296.063
128431.305
178.3992
17160.848
0.0
31.719631
473.37036
1696.7269
50.09041
9549.791
563.2927
3218.3906
882.0833
4093.2637
15743.479
0.0
4297.659
4580.376
7262.1934
493.5744
1002.6478
0.0
0.0
0.0
0.0
5485.464
573.86316
593.29285
4619.622
19999.645
11986.64
0.0
2640.3047
2246.7637
0.0
11835.756
2960.225
337.01257
406.8762
0.0
2933.9011
0.0
710.7815
4333.087
0.0
298.95166
3070.1392
0.0
2090.4597
551.2548
0.0
0.0
3237.6006
473.73566
3784.8052
0.0
0.0
0.0
1515.5322
0.0
637.0194
0.0
2708.3237
3200.484
1645.6528
903.1457
1926.6599
0.0
915.1188
1018.74023
12523.105
2061.5063
9420.357
2647.1921
0.0
2790.376
11471.023
10079.649
0.0
186.14638
3040.6968
0.0
0.0
2417.1807
2334.6382
1373.6648
668.1775
0.0
6744.7427
2308.2827
0.0
268.02588
0.0
2373.303
2901.602
0.0
11399.389
1704.1503
1900.5236
3222.9177
242.01535
27291.338
1157.8352
6384.035
0.0
0.0
0.0
0.0
1498.419
22927.986
0.0
2317.3809
8163.1074
1751.9109
5189.6846
5898.229
2166.1208
442.73358
3901.3264
120.36682
0.0
1943.0187
6499.8594
870.3884
0.0
1726.6488
23039.219
3727.7996
1627.6261
148.62764
0.0
5400.4033
559.16406
2799.7021
1149.5488
0.0
29873.234
10268.275
3219.5112
3428.308
0.0
0.0
0.0
0.0
6983.1885
343.33252
2119.7253
2085.595
0.0
6508.907
0.0
5807.09
318.42487
3799.8398
0.0
2987.1646
5003.071
1323.9036
0.0
0.0
1215.2389
1953.3184
13235.687
7132.379
5821.344
0.0
1002.38965
1246.4065
0.0
1736.9277
2865.8955
2794.3525
551.7401
4293.91
0.0
1757.7003
0.0
2083.285
16652.158
0.0
1104.1846
1189.6011
0.0
1280.5706
3228.5664
1786.7749
0.0
0.0
5244.239
2482.136
643.8044
0.0
1772.0717
12401.652
18665.273
414.55402
4742.273
0.0
5455.27
34549.453
0.0
7960.2266
492.23755
18616.93
0.0
457.47168
2738.9182
8534.752
12413.15
267.63367
752.53467
4959.456
1034.3447
0.0
12868.057
2455.5542
328.19168
0.0
53.568832
18729.748
0.0
2256.3071
196.38187
2634.9307
1080.4047
0.0
3567.6003
9795.275
1346.604
2102.0422
1794.8555
167.44208
217.84584
0.0
1495.728
470.81525
1615.9568
1261.6365
13747.15
635.7279
260.9541
1674.8923
19630.36
3414.501
2385.3052
4369.6143
621.5558
3377.4663
241.13388
0.0
142.63718
13108.266
832.27234
20104.537
3439.3506
0.0
126454.484
1985.1113
796.95325
0.0
1098.9235
1900.0215
11941.217
0.0
833.50354
4852.517
0.0
1846.2466
671.3951
3899.0564
0.0
964.4398
0.0
1600.0239
3256.3381
29546.889
12601.495
215.78088
2678.3843
0.0
0.0
0.0
14100.395
1170.999
169.91406
2337.5493
30.81622
9462.53
6196.4375
8292.416
0.0
3051.4958
0.0
12146.318
18000.736
264.9195
0.0
0.0
294.54572
6148.5146
0.0
510.96002
611.7625
1002.15247
0.0
2692.624
0.0
3945.2083
5060.2217
0.0
0.0
3034.6436
7052.9404
835.6018
2648.9224
1789.424
3321.6914
62.481667
0.0
1609.9403
0.0
2207.2124
1495.2266
2666.5896
2597.809
0.0
2612.757
3092.9639
0.0
0.0
2270.4766
0.0
3201.3643
4145.055
682.3414
0.0
2074.665
908.7859
2777.3098
2937.3887
0.0
580.4121
3280.244
1081.8539
1513.2415
0.0
0.0
0.0
10372.947
0.0
5259.048
8116.536
1324.6848
949.6116
501.9444
0.0
0.0
0.0
3678.6333
0.0
0.0
0.0
0.0
1143.7563
0.0
0.0
0.0
0.0
1385.8306
784.59
2582.9363
1161.1613
8669.53
8876.941
1738.095
1878.3573
464.6503
1724.1406
0.0
2334.481
1181.3461
534.2859
549.87573
901.2025
15210.205
0.0
5067.4395
428.2867
2440.1777
6496.5117
0.0
2543.872
0.0
781.0792
0.0
0.0
8074.3184
49435.867
0.0
4573.304
14651.473
0.0
2480.0928
0.0
0.0
476.20953
5084.702
2149.6567
2453.378
1737.2216
1367.5137
0.0
0.0
25391.207
5720.5254
0.0
3212.9158
0.0
0.0
0.0
154.71605
5118.634
1469.0237
3607.1362
4710.335
3096.4417
490.248
0.0
6298.448
0.0
0.0
600.97327
131.95816
401.17834
1196.5518
0.0
0.0
135700.97
1277.735
0.0
2161.2725
2569.7122
3713.6035
483.7359
9254.0625
0.0
0.0
377.44318
3588.335
4516.6045
2676.5918
4536.742
1335.2788
2489.1782
631.3016
1506.7212
0.0
4683.3594
0.0
14296.797
3026.1487
1439.413
1156.7859
2877.8765
8324.191
1366.5979
0.0
6715.7363
903.3722
8952.941
97994.24
6366.5625
0.0
1253.7236
2187.9958
6182.6113
2728.1863
803.1111
0.0
72014.984
2452.733
2991.3838
0.0
921.0114
4931.74
64878.477
3243.3896
2701.397
1355.5549
0.0
1643.687
2202.5776
2131.8135
2898.1914
1468.7893
1137.3785
0.0
0.0
550.2562
4436.0903
5143.576
2765.9634
1919.6143
457.04605
0.0
0.0
1795.1499
3010.4934
4660.468
677.3887
21010.55
0.0
1320.0503
1565.5139
0.0
1219.4469
0.0
901.01184
1075.1101
5532.7153
4341.565
0.0
1089.2906
0.0
5633.211
747.926
661.3191
41.83809
679.4507
5901.29
10848.773
14990.586
14268.259
0.0
0.0
0.0
1953.2051
0.0
133.13702
5814.52
61.620552
0.0
559.48486
0.0
2600.0864
4839.545
318.50406
5393.1777
0.0
5530.844
0.0
0.0
1296.3246
353.55435
1550.0557
134.51324
891.39636
793.66003
4566.074
501.95795
1391.9187
0.0
4590.909
0.0
2904.308
2462.847
1846.7585
4156.5703
0.0
0.0
0.0
0.0
0.0
0.0
0.0
2819.2283
2854.725
5045.714
2843.6082
0.0
8844.043
0.0
5100.2036
311.0687
0.0
1866.402
75767.85
17487.22
5563.051
667.78644
2895.8804
0.0
1264.896
848.19073
41550.965
13063.979
0.0
2298.424
391.6381
3907.9226
2374.8926
1404.3893
0.0
2576.7847
83.798744
3736.5137
2205.962
0.0
1515.4485
1210.745
12045.559
424.3053
0.0
1370.896
7688.7114
4414.3276
0.0
24598.145
1175.8994
6162.924
3440.0825
3537.253
0.0
983.83136
19255.473
0.0
410.4251
2659.5706
2025.8678
286.99197
5893.5205
2974.856
0.0
11887.092
0.0
0.0
0.0
0.0
2034.3733
0.0
1086.7504
3419.8123
678.64197
272.21747
432.15146
4912.6313
3531.1519
3102.2656
7655.7305
741.2889
0.0
0.0
1877.667
6347.4346
1363.1775
0.0
0.0
0.0
2182.6821
0.0
0.0
1574.087
5889.624
1065.2988
1359.6692
5674.63
3348.912
0.0
0.0
0.0
0.0
0.0
0.0
4037.1553
0.0
454.1017
578.8618
0.0
0.0
707.84863
0.0
702.3813
0.0
2397.1624
759.89655
2685.9697
310.05798
1105.7773
73.12337
2382.3403
1706.8591
7869.9404
80685.76
472.02148
0.0
1627.4783
35612.668
601.91156
103.62785
1191.1664
19649.053
0.0
43.631577
0.0
0.0
872.7539
2371.156
0.0
3434.8281
1876.5371
7746.036
0.0
4087.9338
0.0
15412.07
0.0
4082.0332
4339.155
1608.3518
5201.0234
1721.3091
0.0
0.0
1489.0469
0.0
273.38315
0.0
188.86002
2909.388
671.78125
5264.968
10693.507
2026.5664
0.0
1679.8176
1725.9429
0.0
2582.7144
4144.935
0.0
1769.1912
32544.95
951.39667
0.0
2901.5366
2515.911
20372.207
1185.4714
0.0
2123.9417
1160.1675
2773.4414
39963.156
0.0
0.0
767.8356
184.23755
3525.6047
619.56067
5580.875
124.20476
6838.996
346.71005
3476.1152
10100.522
2594.7236
0.0
0.0
3349.1057
0.0
3913.544
2782.3252
1638.3928
0.0
1481.5619
53595.812
787.511
4031.8237
0.0
0.0
507.55057
0.0
15693.225
15749.097
90103.66
0.0
0.0
0.0
2668.3467
1634.7579
549.4228
8699.565
4206.71
5537.786
21187.236
868.7732
315.44705
2677.3286
2487.887
455.2659
0.0
4378.9243
883.8862
3357.357
2142.5999
0.0
0.0
0.0
1353.9316
0.0
1769.9633
0.0
0.0
0.0
21.970938
1948.3252
5144.836
3851.7788
179.25386
1350.2048
207.45084
0.0
0.0
595.921
1525.773
2184.3633
1959.5562
0.0
0.0
0.0
0.0
4940.574
10145.845
0.0
8999.041
339.96936
1368.6359
0.0
1188.4307
0.0
3671.2134
0.0
0.0
0.0
6818.8267
0.0
3209.8152
0.0
0.0
1296.675
0.0
1365.7881
721.1366
2053.0195
0.0
992.53467
0.0
0.0
4693.4478
11867.139
0.0
930.9784
3745.2012
785.4142
0.0
0.0
4932.472
6251.1113
3600.2168
551.0874
3322.846
6358.691
5281.745
945.419
11475.5625
166645.7
0.0
1233.4596
1696.7297
4014.065
0.0
1209.3762
1327.7239
6152.3223
1303.2188
578.7185
0.0
7821.78
194.939
2623.2153
1902.9373
1011.6614
2196.1328
0.0
524.7566
3117.6418
0.0
132832.19
6199.2876
3640.314
0.0
4332.672
11654.978
0.0
15164.932
1411.8746
558.6561
4566.9844
147.73499
3384.229
0.0
3053.6365
0.0
0.0
4544.852
0.0
0.0
0.0
0.0
1612.3185
0.0
2757.1348
886.7311
136.41437
3258.9485
0.0
3001.4678
7495.309
4876.9844
1670.3655
12354.207
1413.8817
7372.5244
1381.914
0.0
581.77136
738.20624
0.0
4755.2812
26398.848
6351.48
0.0
0.0
89.36838
0.0
217.27489
6600.541
9086.762
0.0
3605.2795
11674.798
6656.2515
2289.8472
2098.98
2205.6453
1768.845
2540.248
601.86127
6374.7236
11441.975
1222.0288
849.6118
4392.2266
0.0
0.0
0.0
7492.8535
1413.5249
0.0
1852.7051
0.0
0.0
0.0
648.9825
0.0
698.0375
500.7881
1114.4908
0.0
1281.7993
144.21086
2887.1108
0.0
218.67523
4799.633
0.0
0.0
4925.584
986.5406
2458.5562
630.4822
0.0
0.0
3640.1274
11292.021
0.0
9332.648
0.0
894.9508
0.0
1922.4739
17036.785
2367.3215
0.0
4333.495
97.82706
0.0
5527.0625
3296.2898
6008.387
1763.5161
0.0
0.0
180.55078
0.0
843.099
1978.5043
0.0
0.0
3144.5757
387.1919
2541.6826
263.90497
0.0
0.0
361.20807
655.11224
6369.301
0.0
0.0
4774.776
15802.545
1048.0802
1046.6495
618.7138
2400.7053
0.0
2444.0884
1836.6926
0.0
1237.4209
316.93906
0.0
1161.7435
1301.9648
0.0
680.83417
38828.07
0.0
0.0
2740.8596
1242.5023
0.0
77.619675
0.0
0.0
7120.2764
2151.6333
0.0
1232.069
0.0
23244.816
12033.039
0.0
2404.9583
0.0
13111.295
0.0
0.0
0.0
12508.264
2020.4757
874.6289
0.0
3819.2593
1014.31335
0.0
2731.7388
0.0
205.56589
596.93774
1752.0518
0.0
14506.783
3485.938
2512.8052
2413.5435
5260.286
483.31555
5818.741
21512.666
0.0
0.0
1500.0752
943.7975
0.0
2987.601
292242.06
3237.413
2263.094
0.0
3875.9038
4313.331
451.16943
0.0
2489.1667
0.0
842.52264
0.0
0.0
1324.935
2887.017
1072.5103
0.0
3098.4375
0.0
1708.9907
803.2519
126508.5
1238.1051
589.949
0.0
0.0
0.0
11401.735
0.0
14042.636
9.627138
429.38226
2714.4297
12214.011
7394.5503
9753.028
11902.241
0.0
428.85886
0.0
4509.603
5497.175
1407.4797
12207.332
6298.0664
1301.5757
1293.8198
0.0
0.0
164.71259
1248.6527
0.0
2851.5867
0.0
3368.0608
2403.5554
1454.6987
7509.91
0.0
4001.572
0.0
1531.2484
0.0
0.0
1290.7448
2166.1233
580.79785
0.0
4681.163
1554.6205
3155.372
0.0
0.0
6823.901
306.79547
2043.7582
1313.7975
9.84758
0.0
15841.059
1836.0238
3241.257
5288.6562
0.0
2390.3174
918.8258
15105.766
2651.4453
1325.5159
0.0
2907.981
684.7701
3605.394
0.0
2224.3918
17862.105
439.6595
1041.77
7871.0
4078.4058
0.0
6955.1484
3159.9922
661.6936
1286.5383
216.00728
0.0
1703.0448
222.0087
10385.799
31.595095
0.0
2250.6016
0.0
1112.7527
4016.2935
6533.6265
6618.281
0.0
4518.2056
0.0
290.45193
3618.09
920.8004
5902.716
0.0
553.6097
0.0
272.2302
103.63394
0.0
1684.0925
0.0
2590.787
0.0
11814.537
2417.8699
10255.172
482.52704
0.0
1109.712
620.166
3057.663
57633.72
2279.105
10895.918
793.2616
899.9811
1686.4468
9745.936
551.3634
532.98346
1103.2155
30316.047
0.0
372.70786
1198.5237
1019.02277
2884.3237
0.0
155.51166
229.19998
1988.0552
519.1689
3219.6602
3224.1392
0.0
4723.9155
1722.7357
4654.7812
0.0
0.0
9069.8545
1313.2286
2074.0862
3656.725
3266.7007
4953.4487
559.2356
1219.7678
993.1217
62186.21
3408.8828
1874.6078
626.403
1010.5973
1100.1631
0.0
11521.293
1646.545
0.0
11431.336
6639.3496
4119.7266
1770.1838
0.0
0.0
2694.2976
670.27795
368.7671
1291.6113
2525.5928
0.0
3499.7478
3880.5742
3422.7793
488.05414
160.64305
7047.6826
939.3331
5871.968
1652.001
0.0
0.0
7001.242
0.0
0.0
8358.686
8029.339
2951.1426
5536.1875
8072.352
1961.8689
0.0
0.0
0.0
2088.9292
0.0
0.0
29066.709
0.0
8938.488
0.0
87910.984
1041.969
4930.121
1280.5891
6708.298
4107.8013
2902.8818
1288.3773
5771.494
2161.839
1654.1611
1819.5262
12114.721
4043.0396
2319.7822
52.673615
0.0
2367.414
0.0
9546.98
8721.957
795.6921
5649.0796
0.0
0.0
0.0
318.5791
1425.7686
1214.1836
139.921
2403.9595
400.6676
0.0
11440.111
0.0
1371.0443
431.55542
0.0
9336.855
0.0
764.9413
0.0
3607.3137
984.35706
60618.97
1145.4854
0.0
3087.5044
2886.5435
5834.0537
9748.74
6749.6133
0.0
585.676
3832.1548
6632.131
4837.582
0.0
4139.659
1801.8192
3379.1543
0.0
0.0
0.0
0.0
2351.2966
8908.473
233.6334
1994.7864
2531.095
2730.9465
14258.2
0.0
1619.3545
492.85596
387.91644
4840.549
2449.4692
2989.041
1694.0688
603.93384
8799.981
519.91
1039.0729
0.0
0.0
1104.9414
1999.9985
5538.923
1675.0608
511.698
0.0
1226.461
0.0
7830.285
1606.5579
0.0
0.0
1083.516
2693.6475
0.0
1004.9499
3005.5686
2808.0386
5415.963
0.0
4918.5684
1556.3033
5427.455
588.01715
4759.247
769.4469
1900.585
0.0
2038.501
2201.4368
1444.0741
3003.8967
7357.4814
2644.2034
0.0
770.2726
3348.017
0.0
21647.379
1666.2352
12463.193
2339.466
3275.4395
0.0
0.0
0.0
351.34613
0.0
2641.1836
594.7745
119.47449
143459.45
872.62427
8001.535
3154.841
4800.1675
0.0
2224.5703
2072.2231
0.0
1865.4125
0.0
140.74918
4102.06
4350.941
2364.9463
6266.8394
2830.2522
1925.4092
12541.1
42456.543
2667.591
1282.8103
343.57657
2264.1274
1062.9877
0.0
0.0
523.9398
4208.2656
635.85004
2159.2136
0.0
1562.7437
0.0
8479.156
0.0
0.0
3170.168
2356.3928
1195.8464
0.0
10476.907
3982.1433
2643.3574
1922.7603
10199.3545
675.2848
0.0
3111.6797
790.5992
890.037
3498.1055
0.0
0.0
2068.3289
2603.1755
976.7179
8321.136
439.4038
0.0
0.0
190.4289
1337.0032
2035.4635
5587.7583
0.0
966.3451
677.86224
5072.444
0.0
8488.041
0.0
896.61035
493.72858
362.7176
1691.5083
499.91766
261.8982
674.9314
0.0
1045.2715
838.7247
237.6702
3998.1316
1907.6967
1584.1388
222.0358
8490.268
1926.7849
988.32056
2064.1912
0.0
2658.359
1396.5967
3276.1057
1980.4036
1830.1863
7296.3486
27.154022
0.0
0.0
8772.934
9540.967
5223.2676
512.14685
1057.8807
2945.395
0.0
0.0
974.1308
1976.4735
0.0
0.0
687.28186
366.58215
2672.6877
5943.706
900.8171
12711.884
2457.0107
5913.9346
23.703415
3471.2603
5840.6196
3306.2046
0.0
3671.2917
0.0
660.7943
0.0
753.47076
0.0
2115.4453
0.0
0.0
1090.6941
373.29556
3048.8667
2121.7266
2502.9246
4166.5356
654.4094
0.0
2238.5024
28420.246
2056.8203
2318.6582
2296.3757
6713.8184
0.0
6320.143
1413.9717
249.33867
0.0
13248.201
0.0
0.0
550.2648
0.0
0.0
1540.5856
8136.619
0.0
1060.9275
0.0
0.0
0.0
2582.3445
11111.139
2546.897
4457.6694
6397.5894
0.0
337.7584
6800.1143
1187.4736
1091.4026
15209.672
0.0
12163.321
724.4802
0.0
329.1518
1957.8123
2862.769
0.0
845.99133
4749.325
0.0
0.0
810.26575
2969.7058
4270.3027
0.0
0.0
6094.8096
7028.676
4443.864
0.0
4373.1885
0.0
0.0
2686.442
399.53506
22485.969
1186.0945
1757.1846
268.08197
2725.2202
0.0
192.0238
4909.3604
0.0
319.534
8695.589
1167.4918
2351.2314
83.15957
1962.7864
1314.8168
2559.2898
0.0
1233.8511
4442.047
1784.5531
1286.3276
0.0
653.49243
0.0
0.0
900.204
4918.4307
1701.6019
0.0
0.0
0.0
2968.8352
0.0
1720.0625
1617.5022
606.5627
2814.109
1036.053
3530.2554
4785.8584
0.0
0.0
1841.9341
0.0
1377.5457
0.0
3814.161
1716.3228
1502.6007
18685.137
0.0
1846.8322
0.0
0.0
1857.6001
6408.782
1107.1194
0.0
14468.412
1033.7136
3209.7783
10144.138
598.9172
2716.8447
0.0
0.0
1283.9971
2388.4475
0.0
0.0
0.0
709.3937
454.44165
0.0
3325.585
0.0
375.1573
694.5366
14908.595
1847.2999
0.0
13911.397
970.0282
0.0
2850.208
0.0
0.0
3285.5156
0.0
0.0
0.0
3607.1858
2026.0757
1283.8616
2641.2205
0.0
1886.8083
1093.1453
613.772
2209.1233
879.40454
0.0
2314.8213
1008.16046
16587.291
367.3196
522.1892
1430.6578
1918.2158
3862.6238
1089.5593
301.84436
719.8428
0.0
0.0
42.17125
2648.5024
2885.1829
635.01886
624.9843
6029.084
2732.1987
772.2198
558.4178
3525.378
325.8488
0.0
0.0
3729.919
2912.1235
407.80054
0.0
6960.5986
1537.8987
1393.2472
2627.7148
3506.1025
0.0
167.24353
3086.3435
470.75458
0.0
0.0
920.26807
8047.48
0.0
8463.824
6739.4595
201.33209
52.81086
2083.05
0.0
7161.1914
3499.0178
2782.4287
3892.218
0.0
0.0
7586.203
2161.0632
1751.4551
1312.8469
163.21783
0.0
0.0
0.0
1320.2032
0.0
570.1116
0.0
1239.4485
0.0
0.0
303.4435
7128.9307
15021.396
0.0
3783.5415
2939.936
0.0
2837.4985
0.0
5756.222
0.0
8743.986
797.37317
3509.69
0.0
0.0
1050.9926
3458.7437
0.0
0.0
0.0
0.0
453.6623
2232.1753
0.0
1243.6392
1784.2288
7789.922
4487.7935
4947.3896
2555.7925
984.14014
4971.5977
1991.3997
0.0
0.0
0.0
4004.6064
1162.6638
15312.887
0.0
2569.731
10855.195
33343.223
1334.502
6773.9824
6366.86
5781.083
0.0
2237.9255
1761.572
5531.416
9996.75
0.0
687.6676
2594.4922
0.0
460.88873
0.0
763.11926
436.93304
2127.7378
2088.122
31160.365
0.0
6794.1006
702.41626
0.0
6090.086
1626.0118
2292.303
9416.563
680.9501
4892.403
150.31082
0.0
0.0
4534.8066
13271.51
1614.9679
0.0
5782.0137
1467.9377
574.0116
0.0
2805.6714
2884.43
344.81625
2858.2383
2646.9912
1324.1843
6500.592
1879.1504
0.0
392.1745
822.749
0.0
7136.084
15181.51
1154.8813
1803.6036
2069.8335
3002.5889
1134.4773
7469.8223
4912.724
4475.5586
0.0
0.0
297.97134
221.35472
45777.758
0.0
3045.2402
245.31783
0.0
6711.746
0.0
123.11678
3913.6284
1820.5942
3636.146
1412.9995
0.0
0.0
3339.6013
5776.095
0.0
0.0
1093.0037
990.6639
5256.5723
94.00107
0.0
1399.8693
1415.7157
1676.7925
0.0
1130.5751
2836.4336
10709.5
1953.091
2641.6602
15533.689
1300.0762
2425.214
0.0
1103.7838
0.0
0.0
3023.46
0.0
2321.5742
2757.8872
1772.2747
1317.4131
0.0
0.0
652.25214
2327.5723
688.26
0.0
1591.6959
6439.871
10137.712
17.285202
7031.4883
3025.6055
1924.9744
0.0
1659.4263
3683.3218
51493.477
0.0
4245.037
2957.6885
0.0
0.0
1894.0819
10446.814
0.0
72.30796
3855.1304
0.0
8462.923
1830.1759
1141.0222
7860.314
1430.3083
960.61646
2656.2905
0.0
5701.6445
0.0
3514.1672
2117.2625
0.0
769.7325
3522.274
2368.8362
1754.7539
6074.025
247.84743
2848.958
12406.166
6435.9365
4659.9004
35134.508
5715.7285
1349.7678
3076.1467
6621.789
0.0
4352.384
0.0
2046.5483
6050.08
1659.5332
0.0
3453.9417
1257.7175
1877.9102
3543.4434
525.58936
4278.629
2251.308
1545.489
6839.65
6021.347
210.62177
979.5499
1643.5674
0.0
0.0
2954.8848
12146.045
335.18335
14855.822
0.0
7224.7295
3782.5037
3062.5938
3906.1086
6118.52
0.0
2689.831
254.37955
9350.472
0.0
0.0
413.6563
270.40402
530.65393
2718.3096
0.0
2691.7695
76.36316
871.4225
4284.048
153.43912
3456.5352
0.0
1899.7747
1556.633
252.94014
5105.296
3264.5947
2277.0715
0.0
1808.6543
450.20612
0.0
5182.1133
0.0
785.0508
417025.28
1351.754
181.68054
0.0
686.29016
762.1549
4267.3276
0.0
0.0
1308.8479
1206.5808
2919.208
1676.591
0.0
1220.0427
0.0
2146.878
2943.753
467.01138
8828.098
270.20087
2174.2778
652.9827
2767.2163
575.7221
0.0
0.0
4903.0
0.0
2341.8896
0.0
444.95554
543.2361
1646.4141
6464.366
3161.54
10043.494
0.0
29254.121
1617.8308
1279.873
2596.3062
0.0
3440.3894
0.0
3656.2798
0.0
1827.905
2350.7397
1266.7299
0.0
15086.754
0.0
11156.205
5215.2227
73.73431
0.0
4116.723
363.0242
0.0
0.0
2683.4106
0.0
6230.5635
2982.0593
460.55713
1434.4916
0.0
913.4115
0.0
0.0
5722.5244
1610.8202
0.0
889.1948
4542.5596
137.26279
0.0
5435.826
1967.4371
0.0
1464.4417
31038.93
1725.2473
2077.8735
2931.758
1034.935
831.7738
1763.3289
81.36383
409.51288
3458.558
4110.0117
12924.396
188.7831
1908.4502
6371.363
0.0
1513.576
8622.3955
1624.5137
174.12955
1713.6945
2188.2031
0.0
13820.012
0.0
12022.678
0.0
3968.0146
1283.3195
0.0
1505.0557
11949.422
2717.726
2081.3296
2073.6519
2078.161
1337.1486
3517.5044
1587.131
3899.0747
1497.7473
139.63792
0.0
54.615273
0.0
0.0
0.0
1313.3038
0.0
16.948698
718.55347
21401.262
3899.6912
5686.9355
1166.0525
0.0
0.0
1525.6187
1778.0422
0.0
1483.7393
0.0
6727.677
0.0
7876.6094
340.1353
8857.885
433.87833
0.0
2706.6365
0.0
5237.958
2837.5254
13437.356
3177.5098
624.06714
1826.9675
0.0
3850.255
1085.9578
498.1714
2234.1113
0.0
0.0
2738.0083
9204.755
207.70401
3426.045
0.0
1034.4603
9497.502
0.0
0.0
148.38239
0.0
0.0
3756.0776
804.305
2510.0952
570.6423
1122.6648
1365.3723
0.0
2118.7666
21493.795
1997.6545
12455.869
0.0
9874.63
0.0
374.70557
0.0
710.09344
0.0
4679.973
3256.6113
2572.6592
1812.8857
0.0
3688.526
9289.155
3314.0044
598277.7
449.12875
7510.1416
4536.0264
45156.19
4662.969
0.0
1679.6139
720.4718
0.0
5294.737
19020.229
0.0
2274.289
423.37915
3805.56
0.0
12571.448
676.794
7528.0054
0.0
2035.4513
1451.3241
988.4983
1551.684
1706.352
5142.566
565.91797
5113.5586
238.51132
0.0
6250.9746
2452.34
0.0
0.0
14882.076
0.0
8585.059
151.4983
860.79236
0.0
0.0
1774.9092
9462.498
4254.8745
0.0
315.05994
483.2195
3155.9116
916.3486
834.41565
0.0
0.0
17131.736
3390.667
982.30334
0.0
1777.1051
3315.2388
940.3042
2267.7742
5829.2695
14845.894
0.0
0.0
0.0
0.0
189.03189
724.2266
2575.189
5730.707
762.131
1319.6226
1371.5885
2934.1572
1295.0292
2395.823
341.14594
7205.695
312.0276
3642.3345
396.62845
3274.602
13607.99
2692.3545
207.5033
2455.414
0.0
11750.371
0.0
0.0
22152.637
2508.5654
2877.7612
0.0
6807.131
8672.984
592.37646
0.0
0.0
1100.197
0.0
9758.185
0.0
5565.3325
0.0
0.0
0.0
0.0
319.3767
2647.836
12214.473
0.0
743.8147
5421.8438
5052.9805
2662.4866
2742.2878
981.563
2674.2898
1991.0374
2411.2268
791.5353
2055.7117
3984.9958
1683.4048
12702.025
6098.412
0.0
1837.3584
2570.9058
1084.263
356.8388
12500.104
158.84264
0.0
7218.4404
2912.8193
4021.4731
4856.177
7326.784
1192.1542
979.01953
17949.84
266.23083
2406.2112
7904.086
2262.836
0.0
224.33734
1200.3488
0.0
0.0
0.0
0.0
0.0
0.0
9965.119
0.0
1514.3313
0.0
940.547
19691.844
6715.904
1783.4026
0.0
0.0
27392.049
2049.9272
160.75221
1567.9386
2233.1455
14730.771
7800.754
1215.3579
189.39862
2156.7112
1197.7593
2344.228
2236.5188
14049.334
705.33997
0.0
837.3969
10794.624
340.1198
5904.849
0.0
1240.7484
0.0
2501.0537
4659.6074
0.0
0.0
382.61078
2490.3403
1263.4048
566.41736
0.0
627.2693
1649.696
36523.703
2266.589
1085.6538
2686.392
8237.414
594.46844
0.0
0.0
483.0712
0.0
0.0
29303.326
819.20135
3329.6396
0.0
0.0
0.0
2138.1748
2756.0962
4642.792
2847.5862
528.60706
4936.4897
0.0
0.0
6182.5283
1539.2126
1348.4795
1043.5292
4153.6104
1941.8867
0.0
594.3249
501.59592
1745.818
11992.629
9460.42
3184.5984
1146.8292
3282.1558
620.503
1315.067
0.0
3312.1958
4543.453
798.231
7587.96
1340.159
3591.013
2787.091
6406.481
1354.9171
11805.061
0.0
11323.907
1338.8607
4721.948
1818.6067
60790.586
0.0
1252.5789
1918.4417
1094.888
1110.3774
1416.6333
4430.64
0.0
1492.1738
1490.8192
2100.1587
1855.2351
480.94656
272.50363
0.0
7511.415
0.0
0.0
1561.5571
1400.7598
0.0
3921.4294
360.64102
769.65955
1582.3352
1798.5613
0.0
854.761
0.0
1645.6605
13141.488
1349.9536
0.0
328.29022
0.0
3900.1973
1465.3904
6880.668
18261.984
0.0
4017.3105
3354.0015
1741.7325
0.0
15948.483
1041.7567
936.8722
2859.3206
0.0
3436.0557
4605.9473
499.0303
2480.9766
61.453552
3916.3394
6699.2427
10111.752
1035.0531
0.0
4726.924
1258.8811
1852.2858
2178.6543
3179.4578
122.0751
0.0
4124.8037
4335.2695
281.4816
2984.3706
110121.7
0.0
0.0
6598.081
0.0
262.86588
0.0
0.0
4311.854
2196.0002
998.6486
1198.3552
1076.2052
740.1658
2374.275
508.16705
0.0
0.0
2010.2552
1113.5177
4396.762
3200.83
1090.5504
654.432
1585.8528
1767.9901
3012.8208
0.0
2087.7065
491.69684
2508.749
0.0
8657.259
1847.8633
1554.1057
4249.6597
1792.2048
1190.072
0.0
5388.047
0.0
774.9914
5291.599
0.0
2523.1052
0.0
2855.848
3268.705
1312.5308
3356.0562
50015.254
3680.375
0.0
1109.3253
0.0
1827.2283
2170.949
0.0
4374.777
108.37338
0.0
2502.0203
0.0
3910.61
237.6526
671.8662
4911.9087
1351.9071
1955.8738
1599.3384
601.15137
1256.0118
9902.639
1807.6033
1834.303
5045.334
1964.8093
8927.927
0.0
1653.926
179.90082
0.0
12038.106
3749.3496
863.7777
3484.1655
0.0
4434.1235
766.28613
4014.8643
0.0
723.9038
0.0
0.0
37.988037
0.0
0.0
3728.2397
0.0
1791.5428
1021.0801
4149.765
0.0
0.0
4324.5356
1083.5659
0.0
4667.5195
6580.8857
4937.882
0.0
2840.1633
16872.75
94.92707
2895.7102
448.76245
3183.24
2782.037
0.0
2960.3013
10640.252
10113.689
4176.3027
0.0
0.0
1917.3284
21829.488
4104.0605
2484.8179
891.22144
813.07904
0.0
1068.2194
12447.461
0.0
6091.088
0.0
658.10626
3556.482
279.35797
722.4089
6237.369
5347.8325
4664.967
9916.821
825.36676
17264.764
1349.6326
2024.2584
1136.7599
0.0
0.0
28162.703
1656.8362
13681.525
2174.8618
2507.5308
0.0
0.0
9523.915
1146.8932
0.0
6433.229
2989.3555
13589.874
0.0
5214.5005
763.28174
0.0
2365.9287
2490.0674
768.17926
401.2966
1209.6346
539.18665
5330.3877
3818.6816
0.0
3070.4849
4916.338
134.3094
0.0
0.0
8205.553
1879.6194
0.0
12707.799
3348.5073
342.03525
699.9325
1686.7319
823.1833
800.12524
217.05176
3361.8364
0.0
1271.7317
2668.1904
30984.998
26000.781
3924.1238
957.5057
2923.5015
0.0
0.0
1443.1233
1250.178
1096.2744
305.6952
3261.0278
17041.324
0.0
6423.6836
3543.7046
4223.6436
253.96153
0.0
31737.477
782.7333
1589.3489
7899.6514
0.0
605.41705
667036.1
1880.0981
19667.924
0.0
0.0
7209.568
0.0
0.0
658.83514
0.0
646.5032
0.0
421.39035
404.68497
0.0
454.47955
0.0
651.3952
0.0
0.0
2528.641
4992.2725
3823.3464
415.7917
5526.675
1105.6979
832.0858
0.0
3823.809
439.0012
2852.3718
0.0
13366.852
6565.275
2414.1882
2735.1694
1364.1475
3605.358
927.9198
0.0
2564.1619
2338.0505
5857.8525
0.0
704.5758
0.0
3416.113
26711.242
0.0
0.0
0.0
1565.3928
4845.6885
5855.3535
3071.8086
859.5407
0.0
13223.864
2697.4546
29063.227
951.605
0.0
0.0
0.0
0.0
1899.0696
0.0
3370.5046
1709.5205
22009.844
2024.2148
2456.899
2379.9062
0.0
5876.125
0.0
2577.9297
7132.423
1371.1143
0.0
0.0
3684.2036
5824.366
0.0
3590.6938
1874.6564
0.0
0.0
4420.311
0.0
5571.954
0.0
5911.3477
0.0
0.0
1327.9849
0.0
0.0
3096.6523
12543.301
0.0
4112.6836
0.0
2224.4766
5421.5176
13462.898
1390.6827
1196.2031
8474.057
3419.527
2562.8728
766.6533
3752.6675
1258.7864
708.0039
1942.8339
0.0
1626.117
0.0
0.0
6500.5723
1181.1149
6129.455
241.79626
692.74347
7267.78
0.0
0.0
3163.6091
0.0
6728.4727
2113.0437
597.48083
2085.3923
829.77
3358.959
1561.3271
0.0
3371.3198
828.66394
1186.5184
0.0
1455.6655
228.13513
0.0
0.0
4244.688
384.01788
0.0
0.0
1791.501
1043.4452
182.14055
5402.373
6582.3687
0.0
0.0
0.0
1698.6921
2790.7075
1746.3994
0.0
5836.4854
1594.0571
0.0
630.24884
0.0
446.03003
0.0
934.56726
0.0
2897.9097
0.0
9658.602
0.0
0.0
105.793625
778.6472
4193.1646
2914.1296
0.0
7516.5635
7155.528
0.0
227.9267
0.0
10915.855
1379.341
0.0
230.9795
6057.712
2934.5857
748.85724
5764.5107
788.52356
692.6144
1944.8018
852.9631
0.0
6440.819
2691.8096
0.0
544.31464
0.0
0.0
1458.7257
0.0
0.0
3915.6445
0.0
1563.8829
1511.6328
1629.7942
3862.734
1447.8481
0.0
6915.041
3536.8955
11699.929
2722.2168
1280.5375
740.1876
11647.785
0.0
983.9968
1018.1969
3436.099
1426.4661
1729.6249
0.0
3387.5933
0.0
0.0
0.0
1947.103
1258.6045
0.0
844.11804
1964.4783
2576.9812
0.0
0.0
1994.8503
0.0
5773.115
3081.9731
0.0
6363.122
775.3695
269.77768
5266.085
4498.6494
2418.5752
0.0
0.0
4692.153
1726.727
0.0
0.0
2879.3267
7298.0264
0.0
1162.2592
7397.232
0.0
0.0
0.0
0.0
2497.7446
1908.7189
6853.584
739.86475
3327.3645
269.85837
0.0
5239.6494
7123.6406
353.7352
2597.5095
0.0
17914.738
0.0
2979.3066
1386.8665
15223.873
1764.9606
1079.1804
778.694
0.0
576.62494
4957.2407
15.072111
6550.5234
1720.3794
0.0
2084.694
2178.122
1846.5685
2042.6687
0.0
67.338295
0.0
0.0
0.0
2558.0923
0.0
5526.8247
0.0
686.7676
2479.0295
7722.423
966.0859
6047.82
3045.721
467.76932
764.36316
3104.3904
248.89378
974.6533
212.28171
3046.6333
4821.2314
0.0
142.15726
0.0
0.0
10054.262
2089.3804
755.05676
947.3297
0.0
274.19806
647.0824
3314.94
0.0
167.28548
0.0
0.0
447.29245
2075.0164
19137.447
4960.4897
5099.0703
2280.6084
3101.586
0.0
301.6494
0.0
0.0
68990.72
0.0
608.4024
0.0
5590.554
2869.289
2630.9263
9698.592
2978.081
0.0
29965.098
4101.4644
0.0
0.0
1713.3472
0.0
681.26855
3104.8315
0.0
2670.8804
1697.96
5308.3545
3283.6624
0.0
0.0
7852.2744
0.0
8639.284
1957.5505
0.0
337.23346
0.0
2538.9324
593.62445
1456.1646
10346.212
783.8384
15714.555
0.0
354.0203
0.0
10320.044
3602.7974
391.6772
959.46924
18490.555
691.1637
650.8535
0.0
0.0
2959.569
1455.9619
1837.3245
1791.1143
0.0
1174.3799
5276.796
395.95532
4736.907
7999.41
0.0
0.0
0.0
97.2547
0.0
1887.5718
1079.2499
10833.668
5031.1597
44560.297
1782.0249
3935.9004
1638.7509
8108.465
524.91174
20395.855
9140.096
0.0
6617.9326
12386.981
752.69934
0.0
0.0
13399.131
2726.577
7517.057
715.5838
1521.6345
0.0
0.0
1825.541
0.0
9080.065
21099.29
0.0
0.0
14607.143
3303.4282
232.90639
1513.123
372.4408
2583.3894
2432.8647
967.48914
2338.7485
3679.5632
2865.6216
1710.5721
9666.379
0.0
1754.5731
0.0
1153.1526
0.0
0.0
3255.4587
3688.7754
1281.1421
0.0
973.7537
0.0
0.0
2216.3083
0.0
0.0
4674.1514
3408.23
0.0
1350.6884
0.0
484.08237
18901.541
709.1576
6502.9062
487.78284
0.0
1562.9387
2448.13
568.5615
3045.1948
0.0
0.0
0.0
0.0
5822.4004
4335.363
6293.839
0.0
10532.643
0.0
1298.6567
231.51033
4641.8467
894.647
1160.8069
0.0
920.44385
1417.7466
0.0
640.7814
1550.2682
7295.0977
0.0
3430.5376
0.0
2190.7974
2586.317
45.27176
1436.6897
3991.6294
395.98203
14234.375
245.24612
0.0
5557.202
115.06993
0.0
1356.2268
303.1705
2939.213
1836.8154
0.0
203.27579
0.0
943.5908
3190.394
0.0
1049.5624
0.0
1160.837
32928.1
1528.6223
0.0
283.45673
0.0
355.03687
2519.8325
0.0
0.0
0.0
0.0
1757.0708
5993.328
3716.101
4099.7915
112.50166
898.81665
0.0
13568.385
1462.1638
2921.8062
30078.156
2704.501
20.530243
465396.3
0.0
0.0
19816.855
848.4855
6917.2036
0.0
0.0
1860.2544
3490.1462
0.0
1158.6029
0.0
0.0
264.74173
3271.4468
3621.2256
22499.197
2630.9148
1541.3264
1860.1235
4905.115
1669.1868
0.0
0.0
296.67065
12324.124
0.0
0.0
395.1445
4174.1665
0.0
0.0
485.0865
8007.049
0.0
1557.5819
3346.3662
8037.2637
1297.891
0.0
1956.8278
5402.454
8358.366
9278.031
0.0
1271.6108
26.833405
0.0
3791.7275
0.0
3333.771
1088.878
3770.4375
0.0
108.35625
0.0
1320.3887
0.0
4334.084
6958.4785
0.0
2174.1804
0.0
3342.7095
3558.943
19875.945
907.77893
0.0
584.573
6465.3516
21139.053
2873.7637
3616.9426
1345.9797
596.5973
1557.6155
0.0
0.0
0.0
165.65086
3584.2637
734.0686
16901.064
0.0
0.0
1387.3567
3344.813
0.0
6085.6323
0.0
3399.737
1375.0195
327.35498
2232.7244
3481.4243
2755.2837
4572.1924
2672.9702
3063.7598
1430.0063
0.0
6222.208
0.0
1186.8395
1754.3381
14268.521
0.0
1010.26746
19308.648
1162.1884
0.0
0.0
0.0
622.8093
4676.589
9696.797
4328.5254
4614.4346
241.76733
0.0
0.0
3901.6318
0.0
913.2268
787.07355
2252.6416
663.9864
0.0
26675.395
5618.746
397.60477
1717.013
1938.045
8828.811
829.6698
0.0
341.58453
2891.0984
265.8051
1421.7938
0.0
0.0
19583.875
2317.862
0.0
15366.273
1953.8379
6143.6025
946.3656
0.0
3394.4688
1345.1063
0.0
0.0
9863.044
629.14465
0.0
0.0
1849.6655
0.0
1293.5336
4104.614
7342.8105
3482.9019
0.0
48955.508
627.6721
253.8937
3303.404
2692.634
529.60345
2679.3523
5475.661
1225.9753
16519.943
0.0
0.0
10037.115
2658.8596
2698.4226
94231.68
488051.97
0.0
1736.8579
0.0
11534.365
589.82196
0.0
111299.945
2725.767
5287.0063
2390.2192
0.0
1978.3625
0.0
0.0
0.0
0.0
176.15102
3964.9453
399.07843
460.26605
0.0
8964.43
13492.163
0.0
6519.4287
1374.0331
449.94617
3.64328
0.0
5235.906
3229.2102
4540.6157
520.64087
12593.746
1952.5594
310.48853
2012.4745
434.98788
0.0
2301.9924
4022.921
0.0
4136.4883
4737.1255
0.0
1043.7708
312.91284
2005.1057
17227.621
1480.7916
3815.6235
2365.2354
1369.7257
1800.592
706.2579
10453.675
1763.9358
1309.9915
1154.9181
10805.842
1731.5383
977.80005
2223.5938
7606.0386
2541.4258
31648.09
0.0
0.0
0.0
5048.393
0.0
21124.684
4718.034
1295.6733
0.0
1044.2128
1874.9093
686.9533
1401.7695
0.0
81552.94
0.0
0.0
0.0
0.0
488.3332
0.0
2513.3062
0.0
2490.1113
62276.258
2660.0596
873.19324
674.1106
1344.0983
4403.645
207.59412
9039.752
0.0
0.0
1972.6473
0.0
8445.216
0.0
19820.768
1662.2438
2729.709
2347.1387
11952.963
0.0
1634.6244
1012.08844
2316.7222
10278.921
474.55347
1931.0156
14669.582
0.0
11015.692
7035.2715
3352.79
2610.4492
0.0
935.10864
210.24283
2191.179
28.05845
1912.4746
0.0
25921.348
1578.3547
0.0
5766.978
1344.8214
0.0
1159.6677
8630.845
15584.093
7573.1377
270.88318
0.0
0.0
660.8307
121.40417
0.0
0.0
0.0
0.0
0.0
594.7988
1823.2954
1275.1655
275.34824
0.0
2596.209
5627.2803
0.0
3477.4785
2826.9556
21677.496
557.3926
1911.0627
6418.1484
83229.2
2673.175
0.0
5199.7583
0.0
4516.9985
11325.554
2206.908
2534.9004
42148.164
5347.13
0.0
939.61163
0.0
0.0
0.0
1518.2781
69420.46
3043.5154
0.0
0.0
392.26315
0.0
2849.4028
591.81433
5411.3105
0.0
646.473
165.12302
57833.74
9509.273
784.4937
3450.6387
2497.124
111.91223
0.0
3891.195
2572.666
4439.5674
725.1888
0.0
171.21286
3415.3474
2745.5874
0.0
0.0
22803.318
3173.5366
4020.2466
0.0
0.0
1744.8171
988.1467
635.3125
0.0
0.0
4311.379
1568.3398
0.0
0.0
0.0
6045.925
0.0
0.0
3208.2944
0.0
0.0
6161.908
751.09546
0.0
3998.5938
6051.5986
3023.1802
1175.5267
3143.1472
7256.5103
2083.5996
1358.7114
732.82336
309.7567
0.0
3008.4265
3597.7942
1698.2062
0.0
0.0
0.0
0.0
9334.461
0.0
419.40137
6545.3066
0.0
374.33453
728.6267
266.31418
1715.3607
4642.8213
5483.117
4275.7036
5518.226
100.55919
307.35175
0.0
3068.297
0.0
0.0
9959.335
4791.556
0.0
0.0
359.8195
0.0
9169.25
0.0
123.60549
176.76306
2319.3706
1307.4252
642.7843
0.0
397.60284
0.0
55257.15
0.0
0.0
13578.211
0.0
0.0
0.0
2101.483
0.0
11356.82
4102.0073
2853.5002
0.0
1391.613
0.0
813.044
0.0
1072.9897
0.0
0.0
1633.0652
0.0
3604.6936
15087.871
8549.182
716.621
484.18494
987.22473
5512.1504
0.0
4712.611
0.0
0.0
536.70984
1709.624
0.0
441.0709
33933.3
3247.29
0.0
8757.629
0.0
798.37354
2979.2717
2586.535
0.0
0.0
50639.797
0.0
0.0
8606.644
7045.571
15710.959
0.0
1950.8074
571.6614
2140.3977
0.0
1505.4226
0.0
1772.171
0.0
13044.329
6576.273
0.0
0.0
6349.0654
1023.1742
891.8976
418.7267
12177.512
1138.4658
15917.115
1891.1066
2128.601
2287.2246
1816.9984
2382.9346
0.0
7518.949
0.0
1570.4506
946.6538
0.0
14006.159
0.0
3028.2825
182.97383
75427.92
2743.333
8932.588
1711.334
0.0
11289.941
442.09827
0.0
0.0
359.8356
2594.7588
0.0
0.0
902.0883
6044.706
5403.3936
1097.6827
4818.8027
1520.8698
245.78204
6813.8506
230.87741
0.0
920.0758
2482.746
1240.0298
1404.678
2188.5337
2669.155
8056.658
0.0
2166.8062
0.0
0.0
7395.784
0.0
4918.4204
1217.0364
0.0
0.0
1013.81305
60.802765
0.0
13245.082
1498.8508
2459.507
0.0
305.6104
0.0
0.0
3591.2754
259.09692
4667.705
1089.9008
0.0
3262.318
0.0
871.0044
101.32556
1300.3595
0.0
2145.6296
6278.128
876.9054
27896.562
1267.8926
1427.6162
1905.0073
0.0
4898.103
0.0
0.0
641.057
451.73767
20551.96
0.0
1587.3123
0.0
1239.9304
2058.1309
295.05673
0.0
0.0
2045.4633
1232.4292
734.7501
747.1592
1063.075
0.0
671.7717
0.0
1439.7979
0.0
3959.189
1107.2455
0.0
2046.3646
0.0
1880.9312
21765.057
0.0
2815.645
19353.684
1070.2029
0.0
0.0
1371.0725
2520.3096
8801.011
7176.8145
0.0
638.63855
3230.6829
7217.3193
4044.876
68.04216
0.0
1496.7421
0.0
6474.342
1026.435
0.0
0.0
1089.2638
550.43677
0.0
1035.9036
1630.5996
0.0
5621.5073
0.0
12305.547
0.0
0.0
756.3324
154.51859
0.0
1651.6204
1325.326
0.0
4631.3643
0.0
8477.705
2988.3796
924.0511
22488.582
1195.579
0.0
111.387695
1036.2251
896.86566
0.0
0.0
1141.1816
2321.3918
38061.75
329.94775
4531.458
733.20874
1329.0454
1277.4646
3558.291
1075.4414
3421.1113
7202.866
4376.085
10617.553
10629.751
1196.9897
0.0
0.0
1405.2019
0.0
44649.547
233.01337
0.0
0.0
137.59436
4844.1455
3217.4392
9033.403
374.05005
0.0
1114.8293
1063.3936
4687.0967
861.9276
0.0
880.7909
2273.034
1534.1727
6849.497
299.971
0.0
10251.539
0.0
0.0
242402.78
0.0
8437.102
0.0
0.0
0.0
379.0348
0.0
15890.322
727.637
433.68292
0.0
2021.6602
0.0
2213.0234
707.9125
1147.1248
0.0
237.52362
0.0
1836.9648
0.0
407.11633
2271.1348
677.5789
5826.4697
0.0
5570.2266
931.23474
0.0
1316.2252
0.0
719.9966
4808.2705
0.0
14431.999
120.14171
410.39343
6667.3687
6538.083
46.451797
1339.352
587.8155
0.0
0.0
1364.7472
0.0
0.0
4725.8447
5502.756
4997.2646
3962.096
0.0
0.0
1923.3932
0.0
334.99506
4907.135
0.0
5778.016
2998.5205
0.0
0.0
4001.7515
0.0
572.82104
0.0
0.0
1014.2804
0.0
0.0
2137.3274
0.0
131.77524
2753.3706
0.0
0.0
7974.915
0.0
10140.654
359.16486
1549.5427
0.0
0.0
0.0
0.0
0.0
1423.3201
2603.4653
6570.0254
746.4388
0.0
1062.0093
2168.3667
0.0
2597.6997
20099.902
45.26589
987.509
0.0
121.880325
0.0
1412.065
5456.24
0.0
168587.69
2000.8528
0.0
0.0
3189.316
0.0
0.0
44232.797
1377.4635
30111.31
11673.49
0.0
3299.0737
9278.451
0.0
1899.1366
2480.9346
111.82738
0.0
20320.465
13330.355
0.0
2845.0415
0.0
0.0
1815.6794
0.0
1423.8057
1274.2274
0.0
17814.227
7168.358
748.61804
2914.9536
0.0
208.28326
2991.919
0.0
5757.587
10478.957
1542.0698
3289.4622
2174.1516
0.0
0.0
0.0
6282.4697
140.82896
4580.6226
0.0
1065.5046
0.0
1745.3347
0.0
0.0
1639.0635
1014.67206
2345.8745
13432.215
0.0
4481.1484
3708.7646
2531.833
1391.9716
2003.2435
690.28015
0.0
0.0
0.0
0.0
312.15894
0.0
1290.2837
39317.727
0.0
3002.175
0.0
0.0
4765.318
833.02924
779.54193
22848.633
3188.8445
0.0
332.11032
1044.006
0.0
0.0
4687.466
0.0
5240.6113
723.1495
32469.543
0.0
668.2219
982.32855
3652.1133
1443.9684
1394.52
0.0
2630.2695
6258.332
3729.4138
376.9334
2215.2815
0.0
428.935
12695.373
6279.1187
1055.8127
3103.7742
1448.1488
0.0
3317.503
3408.7773
2992.496
0.0
0.0
59.08142
0.0
1078.1873
3294.6738
0.0
13474.816
550.1815
0.0
2612.7817
0.0
0.0
99.79625
0.0
977.2654
17945.76
3819.8318
0.0
780.92633
48343.215
0.0
9994.928
748.81177
1940.0862
715.7729
15246.811
7944.308
617.16974
1820.269
0.0
0.0
0.0
0.0
3665.9521
0.0
8584.26
0.0
0.0
229.63391
718.34595
5372.0645
0.0
3165.771
0.0
2477.142
3942.4128
0.0
57.065456
4713.7886
0.0
49801.39
1664.2651
0.0
16620.016
20062.469
4743.0205
0.0
2834.1707
98.48418
2413.4434
1249.9319
2910.2095
1979.999
3126.8623
17894.031
1585.7711
7252.064
951.61865
0.0
2403.7734
1967.1144
5008.7974
0.0
2236.7822
437.95544
2588.8345
30664.754
733.95483
0.0
0.0
3825.508
3982.794
13500.967
559.22833
0.0
4184.6465
0.0
1125.0831
0.0
12333.651
515.10864
0.0
8568.4375
0.0
0.0
83.18107
97.67837
0.0
170.39948
0.0
0.0
6996.361
1594.9514
906.036
1634.0044
0.0
19870.867
0.0
2403.1323
0.0
0.0
1692.0885
0.0
0.0
1880.5208
7577.2476
0.0
834.57556
0.0
646.8089
408.1797
4302.5435
6371.58
0.0
14762.466
0.0
0.0
0.0
1357.6398
0.0
3083.7566
2447.1626
4504.5664
311.38446
1535.678
2733.392
26096.748
9300.825
5603.6636
0.0
927.4155
2423.5693
0.0
1750.458
1776.9083
524.60876
11047.2
10402.682
10730.24
0.0
484.28726
4993.1553
3033.456
1722.5107
0.0
881.7531
258.6605
0.0
1446.5823
173.90048
3389.8381
5961.469
348.7066
8087.2383
86157.766
0.0
2173.4465
6479.994
2479.104
1390.0425
2570.1199
3203.495
0.0
1815.7275
736.8369
1051.2278
2168.176
5034.497
0.0
0.0
0.0
9327.191
0.0
2356.595
424.91705
803.43915
0.0
2766.4023
0.0
0.0
0.0
2478.387
623.8615
338.92108
0.0
0.0
8448.651
1425.0818
25155.844
0.0
0.0
2424.2622
2561.7239
0.0
2844.378
261.13196
0.0
0.0
1098.2982
2316.3853
0.0
564.1182
0.0
0.0
2071.129
0.0
0.0
10442.66
1570.1802
0.0
3146.7605
0.0
0.0
5722.03
0.0
2187.237
1649.9816
0.0
3818.9092
0.0
624.2466
2800.7212
7893.5557
0.0
958.4144
1926.7974
0.0
0.0
566.11206
0.0
0.0
0.0
0.0
0.0
0.0
903.05176
3499.0137
3263.8804
2768.8145
0.0
0.0
3307.527
0.0
439.60806
0.0
4899.167
1518.5095
0.0
1659.2537
2221.5679
6656.5566
0.0
43112.523
4162.0845
1003.62964
0.0
6649.586
1351.032
4400.0977
297.08826
0.0
489.93616
0.0
1165.2682
1260.301
10236.584
2875.0947
2529.271
305.94037
845.63403
154.91425
515.92737
288.35516
11606.228
2050.4797
16005.162
0.0
572.5305
3487.0078
732.7522
2725.428
318.34225
0.0
1494.0698
12802.99
0.0
2139.1846
4807.72
2530.2527
3387.0962
2052.0217
1651.0996
0.0
4018.1763
6430.337
460.5774
0.0
11483.392
0.0
10586.566
1268.0818
7550.3843
1844.1053
3149.6484
3997.3972
999.82947
1270.3813
2997.8997
287.506
4906.5376
0.0
5163.018
10924.328
382.03943
6356.603
7048.2686
2685.9102
2274.7651
0.0
1208.7317
0.0
0.0
1764.0242
8126.799
4682.834
2158.252
2406.1787
592.51465
554.83496
0.0
1765.2542
31788.156
321.83942
0.0
0.0
0.0
0.0
6710.6084
308.06805
602.45844
1931.4651
0.0
5209.744
0.0
1097.7332
42535.047
0.0
0.0
0.0
0.0
0.0
0.0
3111.5503
1470.6719
1513.6025
14450.189
7281.585
11100.153
1339.8049
2258.477
163.36676
3755.3767
3309.475
1436.2822
532.9655
4822.16
290.61682
1822.37
0.0
2085.4277
1472.2554
2154.051
1283.8218
0.0
6121.727
0.0
1478.5798
0.0
1505.5167
0.0
405.1128
0.0
0.0
3928.6765
2374.7686
4774.244
2481.6182
2623.0078
4592.8154
4699.243
1553.5359
9693.641
0.0
0.0
0.0
18736.48
8921.539
2091.6443
0.0
4080.7075
12147.203
8222.869
1218.8336
3028.1558
1621.4275
0.0
1445.0392
2256.4849
3002.4463
0.0
1859.3778
422.3144
622.3632
2291.7627
415.94434
10652.605
4317.896
4289.1045
0.0
707.2486
482.81424
6595.057
1990.6987
4876.6055
143.3554
1306.3575
2507.547
1622.5652
1811.2103
455.37628
2320.9556
12394.295
0.0
527.47
690.15
0.0
1360.6207
2441.4424
1980.4016
1205.0073
0.0
1785.1677
3773.9023
2381.0405
1375.2765
7617.7217
11605.691
2309.4949
399.60596
612.4317
0.0
5749.1167
486.31372
6283.9775
1255.7578
0.0
0.0
3406.7166
1009.25574
6636.911
413.25882
449.8142
8662.051
0.0
16661.242
0.0
1264.095
1774.9456
9307.99
886.2525
0.0
2391.2021
0.0
4990.876
0.0
0.0
0.0
6205.1484
2636.0984
0.0
0.0
3636.0474
3699.459
948.7468
0.0
1132.6824
2552.4321
287.98502
4423.3877
0.0
0.0
30511.328
2530.8066
0.0
1422.4447
6497.506
723.5227
3522.5005
0.0
393.27487
2710.0854
1120.717
0.0
5211.132
986.7692
0.0
0.0
8915.238
552819.1
1727.8965
2652.9536
44315.266
0.0
0.0
0.0
0.0
2918.1013
947.1948
0.0
0.0
5162.48
0.0
0.0
0.0
0.0
23817.312
0.0
2291.68
14152.267
1988.8881
329.71686
0.0
2151.9185
372.6719
951.3567
220.36755
0.0
0.0
12263.292
0.0
6079.121
16514.6
2351.5164
0.0
5126.7866
647.3762
0.0
6548.332
848.91425
0.0
2639.7092
453.23337
3369.3845
5672.4565
0.0
2239.1777
0.0
1519.273
3726.0273
2265.2996
4086.5332
260650.0
0.0
344.65317
2906.4463
32277.375
655.40674
3587.8564
0.0
0.0
293.28796
0.0
1618.3611
0.0
0.0
1095.7921
1073.4253
4187.1724
801.5164
0.0
0.0
0.0
0.0
5381.8867
1463.9117
7217.3057
6355.996
6108.42
13426.275
411.4439
0.0
0.0
441.02124
2848.3635
2384.5103
969.8438
818.973
958.9924
2162.5273
0.0
156.33395
3534.094
539.06036
0.0
1409.6964
973.5511
0.0
2270.443
0.0
129507.39
1405.9471
539.92114
2255.1702
0.0
1607.2135
579.5182
217.78275
0.0
0.0
0.0
0.0
0.0
0.0
0.0
0.0
774.2681
10930.354
2228.3694
21467.102
775.2599
8098.4985
0.0
1128.3306
4633.5317
1758.387
0.0
11105.511
5678.755
1382.1765
0.0
805.0542
555.53674
0.0
1595.4241
4940.177
349.11145
278.80685
0.0
3375.0725
1993.3857
17479.766
5.211853
2437.7883
84.51044
13707.164
1606.8075
517.8239
0.0
2463.5762
1439.9553
0.0
649.9406
2632.5715
4456.765
8671.192
0.0
2018.1641
3191.011
2804.2847
14426.307
351.11646
25218.422
529.84814
5014.048
29850.965
0.0
0.0
0.0
54100.09
442.08777
2478.033
2703.898
4185.608
2179.2205
1923.0782
0.0
2829.642
2421.184
3279.4702
814.964
0.0
9695.742
9988.111
3056.536
4194.2725
2130.559
41.417923
2222.9043
653.2689
2764.6606
3218.9321
1358.4021
4944.796
0.0
0.0
0.0
2226.2937
4624.0522
3187.6724
506.4436
207.97693
6234.5894
785.5668
0.0
0.0
1690.5282
2893.107
4482.42
3216.0842
2458.4346
1239.9316
4038.1836
663.7051
2565.2092
3480.4053
708.08356
3793.0303
0.0
285.8022
0.0
5137.9805
730.3262
0.0
3267.55
642.01843
4433.956
3499.77
845.44916
929.5831
31987.176
1223.6045
1532.1495
0.0
2334.7288
0.0
1767.1013
0.0
2074.4028
0.0
0.0
1728.1885
1825.6863
2346.8958
8075.1094
3243.5957
314.37677
3305.7559
229.92334
0.0
3360.087
1305.82
0.0
9691.251
11655.766
635.1298
0.0
0.0
3305.2227
10003.133
0.0
624.20264
0.0
0.0
0.0
3980.1558
2558.766
2250.812
3654.1624
0.0
399.9178
5042.671
45.303654
86827.44
150.50082
231236.6
1368.9791
16250.037
17845.758
8481.113
4893.0557
0.0
3458.2832
1372.1824
2705.6357
2925.4375
4686.3696
0.0
6176.378
18762.04
5851.598
0.0
4120.083
8322.7705
22531.129
547.1703
0.0
0.0
1264.4507
2567.7954
3616.8428
0.0
0.0
726.4227
5627.486
766.2002
10901.7
0.0
2466.813
292480.7
10247.033
75.8165
831.4178
6092.3276
1757.7651
5674.3237
98.629486
0.0
10254.643
0.0
0.0
1815.9186
6534.409
1104.8583
0.0
4142.02
6413.2095
3938.7358
1065.3457
1651.557
0.0
0.0
7519.5684
837.77924
0.0
16113.636
11762.215
767.4536
552.5498
0.0
0.0
4451.7676
3239.5278
0.0
0.0
11451.29
5524.7373
0.0
2406.0105
0.0
0.0
48220.945
5788.573
27529.723
0.0
11780.248
3351.814
2347.6562
9327.477
0.0
0.0
0.0
213.14421
1900.713
1584.6119
0.0
8165.444
5343.875
3016.727
15022.689
1682.9376
0.0
1594.0408
65.05873
0.0
7486.9014
771.67236
3022.2244
1653.7109
0.0
529.9931
6290.021
0.0
5072.3345
1306.228
4427.3286
2054.2976
0.0
1967.5833
1860.0294
0.0
0.0
0.0
3120.6147
1433.3315
0.0
0.0
1082.1099
3415.7573
495.7226
1380.7156
4929.6123
2133.65
5516.6587
0.0
1515.5743
1849.1643
3250.305
0.0
196.42038
3002.184
1410.6335
2965.5188
0.0
1339.8589
3439.771
2864.5803
8935.6875
11212.164
30727.268
1747.3348
2840.9055
0.0
1500.3308
2170.9016
354.57336
19470.637
4881.7114
734.0515
210.65718
0.0
0.0
0.0
0.0
0.0
1597.9192
11351.454
0.0
1790.9015
0.0
1679.261
0.0
10794.083
0.0
17685.596
3707.9834
679.48505
1393.2529
1626.7781
6845.2295
0.0
0.0
0.0
4365.8623
1868.4458
536.47754
2282.0337
29675.518
0.0
1188.4539
0.0
1058.154
2550.4722
0.0
894.6793
12906.338
1306.3635
4903.8296
248.57318
4432.366
0.0
3773.2292
0.0
353.4751
6113.3887
1485.3256
0.0
7332.1445
6811.046
0.0
6026.622
1091.2206
0.0
391.81625
2226.9277
2876.8123
2065.0566
10298.447
2345.3809
1315.3107
3427.455
0.0
435.0318
0.0
0.0
0.0
0.0
0.0
0.0
0.0
0.0
5132.5176
0.0
0.0
3122.2505
21.797531
273.90906
1569.6056
332.3747
1224.3301
0.0
0.0
0.0
6081.3228
0.0
769.4795
1601.2216
5354.64
1498.1011
3104.46
477.07806
877.50024
0.0
25284.316
438.34106
814.5105
7997.7266
0.0
547.62054
3540.2244
1075.669
8619.891
1381.5792
482.73297
1059.9792
374.5782
1047.6581
184.48526
0.0
1607.7642
0.0
35353.22
0.0
848528.8
474.02167
4683.642
758.458
219.83542
1555.6449
390.95068
0.0
4948.6807
780.502
5253.838
7537.0527
0.0
73.02472
4832.407
10323.416
1155.6732
7706.0967
7662.111
1592.3549
1041.3033
0.0
0.0
9653.447
435.83646
0.0
650.0039
0.0
120941.28
398.95898
2297.5308
5171.254
3275.7695
3470.6257
1383.9476
4426.068
0.0
5900.581
182.8358
5932.3203
1790.1603
0.0
0.0
0.0
2021.6913
0.0
3289.8857
0.0
1495.7196
1396.904
3418.6465
0.0
2933.4253
1687.9747
1019.7589
1294.5413
1639.8662
25946.297
0.0
3491.6353
0.0
5410.087
246.56047
322.51752
433.17392
1124.2682
0.0
0.0
0.0
390.63068
0.0
126.86571
5739.2065
45370.625
0.0
4220.9775
1712.1184
0.0
6406.0586
0.0
0.0
3704.952
1164.7615
0.0
1885.9001
2538.7783
0.0
0.0
0.0
3129.1265
4842.5684
0.0
2105.986
7191.171
3929.9492
3491.6677
5116.9473
848.71094
0.0
0.0
1238.6537
0.0
