677.3768
1295.2188
304.81323
0.0
740.3087
2542.4363
917.1665
2535.9893
0.0
0.0
0.0
1275.5215
3743.9985
4869.963
16615.336
0.0
2074.834
0.0
3368.523
3959.9253
5323.6396
5092.84
2708.7327
4631.5806
0.0
1939.4634
0.0
827.1822
3340.8547
6098.1484
5919.7197
1543.0826
0.0
1198.543
0.0
761.30457
1173.591
8678.94
73349.06
0.0
0.0
1942.7023
2198.9075
5699.1025
1536.0676
1126.1959
0.0
0.0
0.0
0.0
9388.154
347.39963
0.0
1485.5607
379.7181
5185.932
2806.482
0.0
3563.4224
1617.37
21192.385
0.0
0.0
0.0
2570.6162
0.0
9144.227
9165.367
2338.6045
2139.9316
3549.7703
902.5568
2977.4897
14416.78
0.0
1980.2917
9580.15
1810.351
12056.188
1878.1418
591.8162
5538.871
2529.0405
521.97754
11013.718
0.0
166.31226
0.0
732.9612
2262.6733
2342.4111
26068.488
39414.94
0.0
0.0
10309.507
0.0
2123.1428
1102.9172
1136.3989
3369.9902
4899.4004
8812.682
2912.5396
2695.542
0.0
5526.876
6261.9404
1032.6455
6457.9346
0.0
0.0
0.0
3555.6177
4029.8616
2593.3535
5014.0576
16203.778
0.0
0.0
0.0
0.0
47849.91
255.25018
4254.5576
0.0
0.0
54307.492
1449.3058
0.0
2539.6455
6839.885
0.0
1704.0513
4450.043
0.0
5252.5303
8341.594
0.0
0.0
25557.664
4072.5825
8057.3984
8287.886
0.0
4555.789
0.0
5325.0483
0.0
7346.835
4219.414
4533.5137
4026.23
0.0
16712.96
3589.3218
621.59796
0.0
0.0
0.0
449.51746
0.0
2165.899
6573.2666
0.0
3362.4697
8090.41
5343.4893
0.0
6007.078
56651.844
0.0
4237.4097
0.0
2662.0242
16291.345
192.03099
3036.0737
1643.4724
14299.018
0.0
0.0
36905.29
0.0
3769.719
4760.424
1813.3713
0.0
3264.2969
0.0
17359.2
6261.2275
1206.0392
14870.211
4839.1895
8212.01
4258.385
6958.866
4010.2954
2780.252
1748.8286
43.580383
0.0
7107.126
0.0
0.0
5200.039
0.0
1945.6692
0.0
2051.4546
9469.644
10032.098
0.0
645.0561
0.0
0.0
0.0
3602.308
0.0
0.0
1118.9277
0.0
1004.6707
8919.729
3446.2705
7771.1396
1443.1326
0.0
36945.95
0.0
5113.448
371.49945
118866.5
1149.1953
0.0
0.0
6891.6885
10603.709
0.0
2632.13
2852.7869
1400.7909
3650.5076
313.77917
15075.836
0.0
1834.5833
0.0
0.0
0.0
12772.093
1572.3944
14627.3125
1317.433
0.0
184.69214
7708.0947
0.0
2810.0754
3028.5647
0.0
6512.417
86484.02
0.0
0.0
2475.3823
430.79654
0.0
1701.1902
0.0
350.34406
16967.84
0.0
4679.511
0.0
1682.9502
0.0
3132.854
0.0
699.8352
1585.5583
2044.2671
0.0
300.72885
3755.2373
207500.4
2.7280655
20544.441
21649.709
3771.791
44545.406
0.0
16408.637
458.31982
0.0
0.0
6133.8936
0.0
18256.094
6287.3867
837.6836
3964.392
18215.982
0.0
2141.6426
23853.184
1996.7112
1543.6353
0.0
0.0
0.0
70.571396
2479.502
4547.3457
12656.432
18583.594
21420.855
1570.6799
54.7741
0.0
582.1618
551.8606
2015.3464
1674.6406
1809.5964
1144.0957
767.96844
1634.7894
0.0
3070.9631
0.0
249.64386
2358.0232
0.0
6582.4463
13387.301
50026.125
2845.5842
32311.607
1985.0677
5930.1855
6672.1357
1851.4285
2418.921
1160.081
6623.927
35696.305
0.0
1295.5801
3128.432
0.0
5156.6074
0.0
1356.8032
3559.462
232.89282
1825.6077
889.3836
1235.0532
9442.301
182.4552
0.0
116.15294
279.63318
6570.917
0.0
462.95868
5584.0195
0.0
2620.7788
0.0
22163.543
507.01672
6525.997
0.0
1930.9089
208.66925
0.0
0.0
12690.707
0.0
0.0
426.71933
14059.971
1122.3142
5439.547
0.0
59774.125
0.0
525.35266
0.0
1185.8208
0.0
6207.8306
5144.928
1247.1562
0.0
3018.8796
2084.7288
0.0
845.26953
0.0
0.0
12224.834
748.6929
0.0
20040.336
0.0
15431.566
0.0
797.6007
8930.228
9583.579
7273.6816
12185.487
0.0
556.5553
33140.508
2702.8252
365.7443
3040.978
1513.6509
0.0
0.0
5811.9834
862.7771
3601.9307
8265.209
657.50854
17673.84
3245.6694
2118.1885
1265.2107
818.01105
0.0
0.0
11851.596
1511.3977
0.0
0.0
0.0
0.0
1880.9797
0.0
380.77774
6548.504
0.0
5785.2075
1053.5831
1283.928
5510.886
7076.1035
1744.7444
227.772
0.0
9832.578
3771.025
19307.305
1950.3875
0.0
0.0
6291.0073
791.16125
6385.741
0.0
8309.477
7338.7256
0.0
2221.1904
609.9158
1906.1497
2605.129
363.02774
142.56958
2200.4658
573.54675
16.825085
9766.16
1481.4678
0.0
0.0
0.0
2342.1604
1912.8157
2844.2021
2161.7751
0.0
5715.171
0.0
3791.0781
2278.518
2361.3357
383.36475
5593.6577
5407.3813
0.0
8974.511
0.0
10639.971
13648.24
481.15167
5727.1353
15461.799
6066.0986
4297.0435
0.0
6438.8223
1980.028
2741.3809
0.0
21840.758
69021.94
12443.389
2110.6233
1330.3755
6386.4424
37816.016
0.0
0.0
2079.3752
2446.2112
567.30676
0.0
6149.8843
0.0
4756.5503
0.0
797.47577
5047.3237
1658.7688
75552.3
0.0
0.0
0.0
6298.267
13155.811
4230.121
0.0
6616.0127
0.0
0.0
236.99379
0.0
208.93828
0.0
3691.437
27541.934
7597.372
2626.8413
0.0
7844.686
0.0
0.0
15980.34
0.0
22711.506
4004.1816
3136.96
3439.0686
12438.842
326.2259
6938.8613
7812.959
2001.2793
0.0
2136.2466
1577.0311
9921.314
7541.4053
0.0
850.01544
642.16504
864.43567
20300.045
3150.6626
23919.32
3917.0117
8639.113
3407.2942
0.0
2322.3884
0.0
0.0
6765.2266
1419.5349
43190.0
1011.72644
2616.3447
763.793
6246.998
232.59912
39468.574
3083.3994
430.6687
1139.1805
7743.086
6114.995
0.0
0.0
0.0
758.4502
0.0
5010.6455
0.0
0.0
650.4858
1159.4089
395.3375
1891.0056
107.24039
0.0
6228.586
1274.359
0.0
3572.5308
3216.586
2018.8242
1110.2858
0.0
2883.6064
14443.15
1707.8091
1046.018
0.0
13361.459
9803.367
0.0
1379.2655
0.0
1542.8391
0.0
43177.71
0.0
2448.445
364.93765
636.5019
1431.2587
3790.005
0.0
0.0
5145.444
0.0
2272.1255
2677.5146
0.0
0.0
10560.069
1658.0465
2199.3848
1296.8654
486.59314
0.0
0.0
2770.8752
14952.271
0.0
3026.2551
0.0
9835.928
722.3261
4019.3618
62242.652
10678.515
6935.0044
0.0
2616.8389
10131.998
5479.6514
0.0
0.0
4550.7837
0.0
8292.149
5002.5063
2598.3848
661.44916
0.0
1676.1978
6207.8687
89594.625
0.0
4601.335
566.50134
1788.2198
14843.975
7958.836
5651.6743
0.0
61733.363
5382.6855
0.0
4200.05
0.0
11728.333
284.30383
0.0
2712.4731
220.70226
4883.4395
23041.234
13605.106
250.35925
14856.164
1515.4785
4495.4805
5983.9287
1488.6187
509.04565
546.3099
6338.5615
6450.262
0.0
9534.047
0.0
1406.3785
6133.762
1452.3667
5222.0874
0.0
0.0
316.15213
5737.4766
0.0
424.4964
0.0
0.0
4220.0635
7378.663
5353.097
11476.546
0.0
9017.092
318.78128
6151.743
7272.125
0.0
4674.0454
4012.6816
1843.5491
9342.269
862.70013
0.0
0.0
19172.066
2176.488
0.0
0.0
0.0
1749.7566
0.0
5658.3174
7729.148
0.0
5109.373
460.956
0.0
3547.9314
16857.635
4657.1914
0.0
1260.4738
25899.498
0.0
3825.7427
3271.0557
0.0
1349.1304
3697.9106
0.0
2046.7399
6270.404
0.0
19705.705
290620.84
2876.0422
4975.1787
11218.072
74610.0
0.0
2262.393
1899.9834
0.0
3414.2622
3038.7952
1249.5878
9394.517
0.0
0.0
0.0
981.6786
7272.084
1944.5486
997.09534
2292.6187
13044.012
6356.731
2013.6311
0.0
13871.389
0.0
9513.678
729.61145
0.0
1579.7766
28889.332
63811.734
0.0
5352.2017
56096.39
0.0
0.0
1659.6292
893.0646
2928.236
623.82385
3876.214
0.0
634.8468
2586.954
4458.6895
13692.201
0.0
2363.3967
0.0
0.0
9011.233
0.0
0.0
0.0
11604.639
4872.0073
2273.9668
2491.6973
17208.84
54418.47
12705.318
666.9807
1760.8188
0.0
1610.4872
7567.422
0.0
0.0
179.47339
13297.2705
8859.263
4313.805
3434.7466
0.0
0.0
5009.635
24875.762
4307.377
301.0458
0.0
12779.675
19654.691
18978.62
0.0
3233.9775
0.0
77037.66
2573.629
1786.486
263.3562
2319.7031
16702.428
4212.0386
2679.2747
7486.1055
852.3791
337.62546
2805.7476
5855.365
4376.133
1759.2122
1974.0231
0.0
3697.317
7618.2305
495.6146
3207.5874
6504.278
0.0
1710.2373
1551.7852
0.0
3678.1475
717.56934
3015.966
18141.219
0.0
8177.966
1923.7461
132162.9
0.0
0.0
1032.8834
2078.5977
661.62317
1703.082
8717.23
0.0
15200.074
0.0
3650.0366
4174.027
0.0
0.0
0.0
1891.165
2981.3162
832.1068
11596.25
4240.8716
0.0
1871.7598
4133.788
13165.08
2606.7012
0.0
10888.645
2620.4731
1051.7819
2280.8906
0.0
4117.582
439.5067
1359.1986
26835.668
0.0
13479.088
180462.38
0.0
0.0
7316.4346
4813.034
2593.5806
2164.689
0.0
0.0
7560.3105
6398.1567
5496.5547
0.0
42744.09
33484.094
0.0
0.0
0.0
11777.544
0.0
11939.696
468.43304
1822.865
491.60425
2489.9106
1123.2505
8434.691
4568.8833
34122.547
1765.6108
34508.773
0.0
2553.7144
8196.356
843.08875
3687.3315
1132.7468
4561.3335
7490.7266
2299.5186
599.0667
1626.7192
28763.004
2738.382
0.0
4810.762
5848.9614
0.0
2723.253
0.0
13163.747
10253.171
0.0
1698.6179
699.164
15936.977
2280.827
6258.8203
0.0
0.0
498.8284
2669.5625
12468.266
7689.493
323.48712
286.80344
22233.229
107270.75
4115.805
0.0
11910.805
96.824814
0.0
794.1433
0.0
0.0
0.0
1209.6593
0.0
0.0
8883.594
4579.8623
1030.7881
16650.291
3555.0278
5657.268
7018.702
10072.781
11131.9
4059.0918
0.0
0.0
0.0
0.0
2576.2627
7882.541
0.0
3704.8667
0.0
1687.9331
55533.695
4082.917
0.0
11792.907
0.0
6508.4404
0.0
2130.0571
10176.09
48589.516
405.09738
34956.223
0.0
378.29907
798.7728
6314.357
87.35235
18593.244
505.5999
3950.0957
3754.9238
15367.244
18834.834
0.0
6581.3936
3783.4844
9731.56
577.1288
1598.3466
31.878075
0.0
0.0
0.0
11791.285
500.86682
1228.3467
8442.012
3945.166
36030.18
0.0
729.5903
4261.758
0.0
16661.637
2776.4514
1043.4148
1467.2313
0.0
4673.331
0.0
409.42264
7461.898
4991.9785
525.2394
3304.5122
0.0
943.78015
381.10266
268.26007
0.0
5247.4175
879.2448
0.0
0.0
0.0
0.0
1603.3615
0.0
1139.1793
3017.8538
3887.8796
5808.5835
3287.7368
1281.9417
2137.337
0.0
0.0
2499.499
9634.501
3423.3523
16247.342
3052.4634
0.0
5075.3604
4348.158
11506.033
0.0
843.33575
4792.687
0.0
141.71567
7370.318
2140.21
666.67017
0.0
0.0
0.0
2741.9236
91328.92
1707.4701
0.0
6520.006
4054.6753
0.0
26718.875
3473.087
5133.6377
7646.425
483.1443
71483.55
2169.0725
7701.2354
0.0
0.0
349.94495
0.0
2641.3916
35311.875
0.0
3254.8518
14386.063
3127.3047
10716.035
10047.867
1335.6599
803.45
4638.4434
504.16644
0.0
3377.959
18886.686
2919.2126
0.0
1545.1492
32452.934
7880.3896
2175.8484
347.56635
668.02466
3659.738
634.6921
5234.639
1835.6199
0.0
67246.1
20707.918
3552.6367
1135.995
0.0
0.0
0.0
151.31876
3852.0786
0.0
0.0
4664.5327
0.0
5959.35
0.0
10161.779
931.41675
3238.7307
0.0
4609.542
8644.514
2123.9858
0.0
0.0
2498.7866
3098.295
53428.617
7797.795
0.0
0.0
1424.0312
1321.4246
0.0
3112.9678
6539.534
3356.087
845.14
8165.8237
2185.71
2023.7539
0.0
0.0
7644.0293
11455.526
2152.0376
1522.8369
0.0
1884.4017
8088.2173
2125.9893
0.0
0.0
9319.258
9381.197
1155.049
0.0
1490.2583
19191.648
30769.66
569.8392
9112.75
230.35672
12066.61
81997.49
0.0
17111.24
572.73865
0.0
0.0
0.0
3880.7703
2026.7148
10702.147
979.06537
1464.6823
9603.287
1601.8695
0.0
25070.908
6088.804
357.83655
0.0
86.667885
28901.32
0.0
2384.1357
313.38113
3683.5024
0.0
0.0
1472.6499
12823.197
1599.0886
1284.2662
5551.4697
347.36307
1066.1772
0.0
0.0
1462.7251
3402.9807
2379.9648
21726.305
1677.4658
751.7333
2898.6545
48236.914
4445.099
3366.6768
2123.6606
1359.2472
3715.5947
561.9618
0.0
160.54895
7376.744
881.6929
26486.262
0.0
0.0
237769.1
2075.3486
1045.2332
0.0
2408.6633
4333.323
23521.564
0.0
604.6416
8333.656
0.0
3456.991
1404.4946
6785.415
0.0
1468.58
0.0
2395.4958
5204.541
12972.524
43681.242
655.5237
2293.7773
0.0
498.01855
0.0
11453.539
2104.9368
1221.6818
5332.937
262.53494
8916.114
6377.6978
28214.754
0.0
3073.7346
0.0
37813.01
48075.67
0.0
325833.75
0.0
440.76633
63412.645
0.0
893.73
562.2436
1896.4868
0.0
4021.8857
0.0
8671.946
0.0
0.0
25121.164
5300.979
11706.652
2010.745
6071.431
1859.1995
6283.064
711.902
0.0
4219.4727
0.0
4379.422
2054.4321
2887.4204
6213.9116
0.0
1597.1982
3203.3523
0.0
0.0
4447.123
0.0
7015.4272
4391.373
2366.4297
17342.324
3122.1323
0.0
4600.42
4118.3037
0.0
745.63794
5919.258
1774.718
3340.3486
0.0
0.0
815.868
17082.697
0.0
7112.1255
22198.383
0.0
1873.2454
0.0
0.0
0.0
0.0
5844.673
0.0
0.0
0.0
0.0
1060.6598
0.0
0.0
0.0
0.0
3518.6455
1066.301
3878.8354
2227.9985
13631.646
12280.927
2723.0225
3028.5664
671.33514
988.7544
0.0
2205.9385
5508.284
904.8619
694.3619
1053.9525
25097.975
0.0
8202.113
716.0577
5532.2188
9847.385
0.0
3954.4175
0.0
1454.5796
0.0
0.0
367.6831
65410.77
0.0
3956.2373
38348.44
0.0
3110.7769
0.0
0.0
400.8392
6878.898
1861.4677
4976.1094
3917.9404
3362.7012
0.0
13347.76
59473.133
14844.015
5514.853
4719.1533
456.7541
0.0
0.0
280.67847
7607.688
2061.2356
4403.254
5847.951
0.0
322.18198
0.0
5055.829
0.0
0.0
661.803
154.55174
610.0099
2695.6167
0.0
0.0
213199.56
1778.5153
0.0
1973.1052
1716.5581
5947.616
340.28513
20048.766
0.0
0.0
85.17969
6736.0273
4917.432
5211.4897
3835.7498
2510.6814
4339.3926
1927.5791
3538.9143
0.0
7105.422
0.0
5737.652
2745.6777
1564.6421
2571.6265
3707.0718
13583.577
2111.775
0.0
12209.292
1085.2032
5385.997
115088.94
10258.993
776.4844
1774.9813
4444.968
6223.7417
5293.6943
584.4268
0.0
31555.637
2608.488
894.4241
0.0
1224.0415
8646.863
17528.537
5725.05
4929.2573
2238.8438
0.0
1982.6497
3424.1233
2883.9585
3686.8418
1562.8414
1026.8708
276.04706
0.0
1074.5258
0.0
4656.6523
3785.379
3857.808
769.05383
0.0
0.0
2686.3032
6975.0845
6001.2017
1582.5277
10388.675
266.91296
2586.3872
1789.8784
0.0
2594.775
0.0
2109.527
1641.0527
9446.04
7715.8096
0.0
1614.1748
0.0
5643.6357
0.0
1388.678
412.2572
0.0
69979.08
13557.371
5836.0757
24617.555
0.0
0.0
0.0
1798.0847
0.0
759.4895
9211.867
239.45367
0.0
1366.5215
81.546875
4695.9673
7798.4707
724.80273
11692.371
0.0
7215.1377
634.2799
37881.906
2226.5273
599.0952
3858.2812
0.0
735.06604
1483.345
13552.078
562.41876
0.0
0.0
7080.0137
0.0
4004.0674
5466.4004
3535.3743
14731.387
244.98108
0.0
0.0
0.0
5262.064
0.0
0.0
4659.0166
7157.9604
7342.122
4089.626
0.0
11666.133
0.0
7129.001
646.4192
0.0
24002.84
26600.91
31326.05
8482.193
1396.8063
4125.948
0.0
2307.7322
0.0
27670.158
10067.305
0.0
3778.1406
308.3571
8217.129
2986.383
3777.1511
9062.261
4783.54
0.0
5308.305
2942.273
0.0
0.0
1085.9822
11727.733
891.8661
0.0
2416.0195
11136.703
8786.914
14581.705
4002.4314
1868.793
7703.2334
5314.8926
3180.693
5102.5776
1606.6509
25973.105
0.0
677.2242
3203.4272
4240.546
440.88214
9738.49
5328.9346
0.0
21251.957
0.0
0.0
0.0
0.0
3693.187
221.34973
1614.1588
3069.0776
0.0
1774.826
834.7173
4314.581
4942.729
5454.075
3935.0493
0.0
0.0
0.0
2642.4175
13158.585
2860.3347
0.0
0.0
0.0
4564.6455
0.0
0.0
2656.082
5636.0044
0.0
2218.3896
9261.818
5457.6367
1403.0984
0.0
0.0
0.0
0.0
0.0
4308.1104
0.0
751.021
1040.8464
0.0
0.0
681.32935
0.0
759.3114
0.0
4278.0786
1060.5211
4004.12
138.42145
1469.7805
280.6612
2029.6261
3263.1912
12359.527
0.0
397.27597
0.0
1099.159
22236.43
0.0
0.0
3322.2002
35988.086
0.0
507.3105
2547.5222
158.9876
2195.1675
2669.0852
0.0
5269.4893
4878.2617
12913.5625
8370.623
0.0
0.0
33283.734
0.0
6484.7534
7616.1196
1816.542
7021.963
3860.5225
0.0
0.0
3631.3237
0.0
2207.0703
0.0
596.1145
6067.6553
802.31067
6336.959
11054.159
2264.816
0.0
1763.296
1879.2871
0.0
2681.7856
4265.02
0.0
0.0
31689.258
1723.8378
0.0
1942.5173
3212.9827
19568.99
2294.791
0.0
896.0714
2477.7578
4578.1436
9606.267
0.0
0.0
703.8501
339.56577
7232.9375
127.45064
9565.053
1512.9338
6033.9595
544.9204
8207.834
10863.513
1940.5667
54533.938
0.0
5087.672
62.44677
6220.8345
5133.2754
2736.7422
0.0
2329.2026
64727.652
0.0
5551.405
0.0
0.0
0.0
0.0
45230.723
10163.908
165778.03
0.0
0.0
0.0
1168.1882
2734.8071
0.0
12153.437
6822.853
14001.426
36572.64
1017.6607
641.744
4149.4136
2662.4294
961.6927
0.0
7124.5225
1286.5393
3943.9705
2961.2898
0.0
0.0
0.0
2020.7264
0.0
2271.27
0.0
0.0
0.0
144.00992
2445.1348
6629.464
2252.3184
170.94766
2412.559
254.3891
0.0
0.0
943.6885
2309.6658
4540.6973
3521.9329
71.61645
0.0
0.0
0.0
13175.027
0.0
0.0
10297.273
505.96274
2421.3125
0.0
3169.1216
0.0
6400.7705
0.0
0.0
0.0
17555.396
0.0
3912.6357
2577.7493
5752.327
2165.6147
1425.1873
975.0641
2723.6995
2785.2842
78.821465
2310.381
0.0
0.0
5404.7295
15487.197
0.0
0.0
6798.37
4015.0718
0.0
338.5099
6429.8545
4305.9556
6673.8193
0.0
6747.4644
10505.727
10482.944
2904.033
12403.58
117308.3
0.0
1310.124
3048.8877
4841.862
0.0
1837.3137
1523.6411
5096.3877
1315.0974
640.422
0.0
12910.547
102.07193
4239.797
3875.0132
1920.6649
5632.8647
0.0
2024.8611
5210.3364
0.0
50664.97
15886.452
4790.545
0.0
7350.9253
19336.428
0.0
22087.865
3006.7358
1303.5721
9563.162
251.2525
5659.1777
0.0
3075.476
0.0
0.0
6208.2456
45.642487
0.0
284.8816
0.0
3152.2458
0.0
10883.249
1538.8201
80.871956
4975.7847
0.0
6950.4585
0.0
5224.097
1641.5548
22990.658
3779.4592
0.0
3328.1028
0.0
1010.85754
686.03973
0.0
2067.7551
17857.828
11029.881
6532.426
0.0
0.0
6397.921
0.0
8818.013
10519.476
0.0
5170.8877
10021.386
9977.649
3009.6572
5990.1157
3398.5886
3538.1353
8620.494
627.98334
9807.231
13997.09
2413.7617
1713.4937
7061.9443
0.0
0.0
0.0
12973.508
3849.5918
0.0
5654.0645
0.0
0.0
0.0
1378.7743
0.0
1286.5707
641.63824
1507.3066
0.0
1881.9482
597.00006
1781.116
239.25659
0.0
7570.7544
0.0
0.0
12620.27
1341.2878
6474.8516
1149.082
0.0
0.0
5878.402
14936.0205
0.0
17423.781
1533.8586
710.51074
0.0
3303.6611
27545.676
2436.2324
0.0
8129.791
739.8185
258.08316
8612.454
0.0
13520.949
6611.717
141.94717
0.0
263.64078
0.0
0.0
1497.1583
0.0
0.0
3306.9758
3582.6204
5317.0405
550.30133
0.0
0.0
0.0
1458.6769
12404.876
0.0
0.0
8582.129
27492.707
0.0
1286.2645
997.47437
4161.9834
0.0
3699.899
4758.1523
0.0
302.14685
346.65045
0.0
2160.1843
1936.1956
0.0
0.0
8931.238
0.0
0.0
3324.8896
1845.7078
0.0
395.68674
0.0
75076.63
13325.248
3083.4673
0.0
3830.833
0.0
4124.362
15896.178
0.0
1958.2815
0.0
13600.417
0.0
0.0
38.915718
22857.43
4110.712
0.0
0.0
7288.5967
1296.3901
0.0
3515.094
0.0
107.61771
680.0144
3497.4097
0.0
13869.385
5320.017
4895.4688
2904.7646
9438.473
881.0369
10198.304
63941.31
0.0
0.0
1973.6035
751.8188
0.0
10116.4
137822.81
4657.1074
10310.156
0.0
7032.708
7329.3535
239.39
0.0
3328.2795
750.8025
2702.814
105.18911
0.0
1908.7979
5865.9844
13309.797
0.0
6030.882
0.0
3842.9512
2413.529
594880.94
3108.2593
661.1901
0.0
0.0
0.0
16399.684
0.0
25078.293
145.80537
2292.6387
2113.1763
13505.494
8603.075
13103.412
12588.667
0.0
572.8428
0.0
0.0
15917.831
2952.1848
14850.201
14786.62
1956.3298
1185.3087
0.0
0.0
793.82605
1652.8575
434.7904
3317.4893
0.0
16784.055
4974.3145
2283.6973
6517.1655
0.0
5236.4653
0.0
2772.6846
0.0
0.0
1503.1794
3946.9868
191.22963
0.0
12434.977
4082.5771
2043.6025
0.0
0.0
10587.811
564.58203
2541.674
1301.1414
871.6509
0.0
43914.562
3215.515
3588.7207
9339.139
0.0
4648.552
3715.475
12538.498
6706.7905
2899.6094
0.0
4874.6973
2439.5957
5423.75
0.0
2305.2878
36720.445
745.30505
1360.163
12186.687
5944.1123
0.0
19132.785
0.0
0.0
5069.6646
948.9807
0.0
3348.6018
423.58258
7988.879
413.89832
0.0
2923.8406
0.0
2447.0356
7121.8447
19558.072
6362.5093
0.0
7968.3813
0.0
383.22714
884.96484
0.0
3015.3203
0.0
900.4249
0.0
269.38156
868.1079
0.0
3096.6602
130.62987
1694.2555
0.0
29392.863
3919.805
5959.772
387.16452
0.0
1658.7294
432.3529
4589.4336
31644.598
4498.6143
19090.605
1432.3379
1408.8333
2542.0955
21791.074
521.4288
467.06445
2042.9725
17924.842
0.0
355.55286
1441.1116
1670.3344
7062.407
325.0787
0.0
153.84389
2153.952
766.4331
1718.8832
6744.721
23262.498
6979.4453
2921.6199
8566.873
0.0
0.0
18276.367
5899.5205
4245.3696
11793.978
5886.757
5358.7407
511.45135
2105.0469
2712.8186
6818.417
6770.1216
5603.2817
0.0
1909.7129
1211.1191
0.0
0.0
1620.0524
0.0
19207.252
12002.053
4976.9595
2793.664
0.0
0.0
7662.79
0.0
482.9306
2139.8594
4126.8115
0.0
5130.69
6386.742
4874.82
1063.1002
371.72852
11292.805
1405.4109
12352.711
2224.5837
2166.1196
0.0
9184.096
0.0
0.0
13014.732
10391.865
2470.2173
5025.7803
17629.82
0.0
0.0
0.0
0.0
1967.8821
0.0
0.0
71549.484
0.0
14233.629
0.0
29830.31
2153.4243
9993.391
2569.4705
15700.674
7940.0186
3466.6382
19120.695
6629.259
3406.3735
3802.018
2243.3865
20978.793
3838.5889
2870.4116
639.91724
0.0
2889.5847
0.0
13716.835
9800.717
510.49457
3125.9043
0.0
0.0
0.0
241.06009
2599.437
3765.31
285.66806
4047.6328
2741.226
8836.217
27614.82
0.0
1887.5352
827.0179
0.0
3689.5918
0.0
5311.8994
0.0
4420.262
0.0
31898.988
2501.4512
0.0
4226.2764
6162.6265
9577.069
44760.25
16001.426
0.0
1498.7012
4088.002
12331.234
8084.5117
0.0
5180.0767
11451.221
4958.5205
0.0
8765.837
42170.336
0.0
5663.749
17642.678
643.87354
9523.863
5820.1094
3682.4717
50995.04
0.0
2141.708
7168.5283
628.672
6908.4556
5392.041
1288.562
2409.486
1465.1711
42913.938
602.4374
3268.2046
46874.504
260.56177
2067.5732
5335.0215
8320.948
2082.0225
1928.7279
0.0
2174.101
0.0
14939.215
0.0
0.0
0.0
1625.286
13274.693
0.0
1013.958
1442.498
6515.8037
8559.861
0.0
10222.02
2497.1978
10095.45
1761.6924
5023.604
1706.0198
3127.8022
0.0
2702.2476
4729.4404
1922.8533
6662.372
8824.149
7136.8594
0.0
1210.7468
7336.74
0.0
33973.395
699.68286
27837.016
1755.0535
3860.1372
21.388819
13278.184
0.0
968.8756
84.226974
4218.3604
1587.6295
194.86554
0.0
1654.5471
7932.8135
0.0
7484.795
90.37516
3474.52
2691.902
0.0
3515.9238
0.0
0.0
3710.7297
6605.5347
2025.481
16361.885
2670.9487
3020.314
0.0
141048.92
1523.6406
1832.9692
546.8127
4841.3354
915.9581
0.0
0.0
788.5754
2246.3328
1985.1147
2901.0657
0.0
2342.139
0.0
11088.645
0.0
356.0108
31430.29
3192.0466
1618.8977
0.0
16353.745
5693.7686
6434.7363
3672.7314
10116.457
1281.6981
0.0
4893.629
3369.1323
1422.828
5015.408
0.0
0.0
1916.6758
0.0
2824.6765
13322.818
435.77347
0.0
0.0
400.90564
2556.5461
2970.9688
8065.0605
0.0
5582.4595
1295.9403
14901.287
0.0
18863.076
0.0
0.0
768.7569
1233.9913
1984.9445
1618.7489
675.97534
568.7734
0.0
2184.1824
2178.8865
492.2395
2673.4238
4446.2217
1919.4309
3618.1953
13874.355
2780.8467
2525.185
5246.2427
0.0
10505.307
2190.7026
8568.992
5779.547
4455.7217
15698.593
306.46698
0.0
0.0
8530.018
7513.501
5378.0605
492.3175
0.0
4198.165
0.0
0.0
1986.2012
4247.9844
0.0
0.0
734.90515
0.0
5696.435
28234.129
1671.2607
14259.3125
2523.634
3133.6685
631.4819
5140.7866
6488.7197
1323.3424
0.0
1131.758
0.0
681.51465
0.0
579.1829
0.0
2937.8687
0.0
0.0
2427.7583
166.53043
5581.326
3857.5894
5308.657
5228.2666
1405.935
0.0
1978.9927
26324.137
3017.275
5894.913
4796.506
10656.627
0.0
3621.8552
0.0
0.0
0.0
31970.969
0.0
0.0
535.32825
0.0
0.0
2464.2063
10217.141
0.0
0.0
0.0
0.0
0.0
407.6462
38435.62
3959.4165
12594.643
6061.489
0.0
426.7193
14758.311
1829.6105
1724.5872
23628.088
0.0
6775.8496
1977.6799
0.0
0.0
4133.407
7758.1084
0.0
0.0
6070.678
104.72631
1196.0027
10486.161
4163.513
7209.8457
4715.0254
0.0
8116.619
13747.23
9438.217
113.48973
3982.4866
105.45152
0.0
4324.1104
472.6012
52860.93
1293.4347
3161.0684
380.23126
5368.4526
0.0
1025.4675
13418.467
8557.487
0.0
8015.3105
3215.9111
4233.9785
150.20587
1414.291
1393.7506
3732.48
0.0
0.0
6077.291
3163.9177
0.0
34.824318
726.68066
0.0
0.0
241.74463
8910.842
2310.5679
0.0
0.0
0.0
6640.707
0.0
1354.5082
1556.4745
1638.4292
4455.1836
2295.7217
2323.8477
11743.683
0.0
0.0
3300.3367
0.0
2509.1746
11344.252
7070.301
19220.152
2520.3281
18995.324
0.0
3842.478
0.0
0.0
3847.943
6310.6265
927.6074
0.0
60072.344
1835.9337
5541.6553
0.0
1994.2346
3323.9897
89791.914
1073.1447
1760.408
4432.0293
0.0
0.0
0.0
735.171
989.6207
0.0
4440.14
8451.359
515.0159
2846.3406
7500.713
3443.3735
0.0
94524.83
7315.949
0.0
4081.254
0.0
0.0
6741.0234
0.0
0.0
0.0
6881.72
3943.1353
2440.629
3036.9277
0.0
3056.0815
3588.4297
915.1151
2662.0293
448.21106
0.0
5653.595
1186.44
43532.477
347.71594
0.0
2820.0603
3279.0151
9100.153
5045.75
80.70722
842.2503
83.343925
0.0
185.86533
5282.5
4323.3154
1248.1487
1697.8632
10163.312
2210.8516
1013.55115
286.47513
8094.015
461.6539
0.0
0.0
4629.017
4892.4917
452.09674
0.0
16186.982
2677.2837
2418.3164
5957.9785
4422.75
0.0
315.3041
5268.08
157.58601
0.0
0.0
455.74182
9051.927
0.0
6141.6357
47765.305
0.0
100.71555
3771.4204
0.0
13407.605
4340.4453
5129.1924
7867.384
0.0
0.0
6434.607
2905.4656
4777.499
2067.6934
600.7217
0.0
11942.415
0.0
1962.3121
0.0
852.10144
0.0
1593.6036
0.0
0.0
543.1202
9459.924
18635.203
0.0
7689.254
4890.153
542.78076
5502.0156
0.0
9645.637
0.0
3021.9373
1579.0801
4809.578
0.0
0.0
1543.6482
6484.049
0.0
0.0
0.0
0.0
1020.3332
5844.542
0.0
2246.7166
2216.7397
14453.543
8809.626
20150.145
5589.926
1384.182
7438.825
3671.3455
0.0
163.38791
0.0
3774.5518
1753.3827
25092.27
169.44807
4510.796
0.0
99159.125
1274.0676
9377.0625
11606.083
1817.5614
0.0
3159.044
2971.1284
6402.3936
18495.014
0.0
2325.0469
4022.4233
0.0
929.396
0.0
1982.769
1087.9191
2979.88
6138.539
22088.95
0.0
15128.6045
1463.289
13170.955
6305.7603
2181.534
0.0
14899.439
745.07404
9598.486
724.70026
0.0
0.0
7997.4385
11343.345
3669.4373
0.0
8964.805
1987.0308
706.5006
38811.105
3466.6328
5157.702
200.14279
4732.433
5118.0757
2512.903
5066.764
2476.5696
0.0
642.25696
825.85913
0.0
9646.434
7620.874
2358.9678
934.3099
3601.6545
4805.784
0.0
11747.251
1880.4143
8387.447
0.0
0.0
699.61127
741.2607
11504.32
0.0
4266.751
0.0
0.0
8522.626
164.9607
315.27234
2947.6958
6025.173
5533.756
3508.6191
0.0
12911.008
4983.6304
17608.73
0.0
0.0
1857.0206
2146.1567
4646.9824
167.62598
0.0
0.0
1687.671
3149.2974
0.0
2302.5486
3712.7734
1634.5663
3079.13
7087.677
33943.844
2216.0151
1298.3748
0.0
2458.8862
0.0
0.0
6882.507
0.0
3899.0981
3585.643
1863.7694
1526.254
0.0
0.0
914.707
3131.7822
3186.0967
0.0
2192.8594
5764.4365
12269.449
0.0
11964.756
5807.574
3399.002
0.0
509.26993
8498.852
0.0
836.2877
6085.3335
4728.365
0.0
0.0
11684.034
24014.605
0.0
518.2839
4540.831
0.0
11107.479
4042.211
1945.1782
9664.566
1910.7422
0.0
3383.671
0.0
13719.557
0.0
4618.127
3570.6462
0.0
769.7532
9029.8125
2373.7244
2622.151
6416.6855
0.0
3129.2063
8323.655
9090.184
10279.701
112688.31
8168.0195
1710.7521
3856.2788
9104.228
0.0
8708.91
147.47818
2193.607
14730.159
3234.0835
0.0
6819.338
1891.8141
3746.9258
2450.914
1267.4749
6699.5117
2591.911
2131.4502
11619.44
5317.627
242.68483
2483.9033
2044.0391
0.0
0.0
3754.2322
12136.211
361.77277
22451.713
0.0
6994.1787
1613.1777
4222.6553
5655.355
3101.73
10101.936
5817.736
56.156334
0.0
0.0
0.0
618.8992
871.4804
523.5416
2633.1746
1932.5698
2065.3918
211.61725
0.0
1849.2385
5689.833
1874.9308
0.0
2823.4048
2323.3704
303.63855
7571.456
3855.919
0.0
0.0
2857.5437
279.21295
0.0
1742.0901
0.0
0.0
177344.17
1836.169
529.4561
0.0
1055.9149
1080.5435
4765.7954
0.0
0.0
2140.23
2003.6978
5056.622
2790.126
0.0
2242.4263
251.5438
6605.5166
7732.7666
510.46997
4389.6494
434.8969
2862.399
773.207
2335.538
677.5957
0.0
0.0
8746.49
521.98724
4253.9404
0.0
731.0284
790.2797
2596.3303
25026.3
2615.1284
6713.341
0.0
84508.55
1222.0393
1729.5485
2812.8203
329.2163
2996.1685
0.0
5155.3013
0.0
2779.9402
3734.5366
0.0
0.0
42918.316
0.0
8040.2773
5678.093
182.62354
0.0
3399.7812
819.29596
0.0
211.89197
5507.8564
152.32031
15977.625
9240.423
0.0
2717.6997
0.0
2737.6506
274.66525
0.0
9552.715
1355.9612
0.0
0.0
4926.4673
319.2354
0.0
5764.5073
1420.6915
0.0
1993.2737
18234.688
3149.879
2241.7036
4368.804
0.0
3057.335
2046.2222
483.67688
332.5941
6919.9116
7412.2676
23771.398
357.6339
1130.238
14754.361
0.0
1366.9061
16219.826
0.0
330.60233
2767.998
2013.3691
0.0
24785.758
0.0
21198.646
0.0
9227.536
2659.4731
1092.1287
3263.554
33028.195
2058.0186
3415.2131
3154.0112
6447.0586
2376.9937
5231.163
3857.0925
6327.1836
1974.1777
2690.282
0.0
382.29852
0.0
0.0
0.0
2226.0376
0.0
139.63414
1045.092
28901.137
4727.649
9639.616
5628.6465
0.0
0.0
2164.5605
1481.6472
0.0
2909.4412
0.0
8478.275
0.0
7983.1836
2256.32
9458.251
0.0
0.0
3371.0278
0.0
11365.425
4656.668
10011.016
5138.628
4039.771
1583.1167
0.0
9460.294
2179.149
1169.8433
4442.293
0.0
134.52615
4368.4424
22316.873
439.16077
6064.201
0.0
2291.0269
7858.713
0.0
0.0
0.0
30539.424
0.0
4883.151
891.94653
2983.7297
0.0
2547.1763
2118.8723
4672.4463
1573.293
46392.062
4356.3223
15323.928
0.0
5905.9634
0.0
368.9499
0.0
0.0
0.0
1766.0194
2847.0054
4205.5977
4157.289
0.0
5259.012
37998.266
2964.087
226654.28
571.4249
10331.671
4625.386
40115.23
4825.803
0.0
5838.955
0.0
0.0
10788.16
53026.766
0.0
3990.9722
391.91382
4444.1797
0.0
21568.537
1321.4822
15403.949
0.0
3794.5127
2570.0676
1447.8224
3621.4436
1321.9689
9158.057
616.2946
7814.5674
525.30194
1195.4126
7484.0854
5731.42
0.0
0.0
9226.127
0.0
1080.5532
222.37033
5102.238
0.0
0.0
3898.6611
12978.381
5969.62
270.26813
512.9402
361.33377
6841.461
1714.0913
0.0
0.0
0.0
34341.42
4370.899
1390.4751
0.0
2838.481
4267.4346
2119.0735
2971.083
5683.595
6324.666
0.0
0.0
0.0
0.0
307.6028
1145.5181
2062.3315
12196.189
1794.6355
2233.2603
1369.22
2148.8662
1495.7571
2450.9646
0.0
15496.8125
266.16714
3614.6763
1863.5355
5006.307
12121.784
3383.8506
5539.1987
3495.8113
0.0
24369.8
0.0
2146.3608
62693.07
5837.9004
4426.6094
0.0
8576.708
10383.34
420.55847
0.0
5862.121
1214.1663
0.0
12858.623
0.0
6222.4204
0.0
2619.0146
0.0
0.0
665.8401
1848.8145
6433.143
0.0
1369.7533
10428.026
8671.385
2709.357
3166.6436
1316.8638
3794.0051
1987.991
5120.2812
560.0362
2916.5996
5676.5728
6137.43
23887.059
11120.227
0.0
2717.759
3469.3225
2050.3728
404.45697
16621.293
529.57764
0.0
18941.176
2777.843
6916.4834
6383.0283
2899.9756
1438.1918
1479.6909
0.0
738.942
4493.1543
10669.241
3804.7017
0.0
292.94614
1442.6628
0.0
0.0
0.0
152.2689
646.0498
145.63779
9058.847
0.0
2998.29
0.0
1402.469
21820.365
6877.8716
3843.7693
1501.5927
266.51578
601.60077
2580.499
297.6234
2707.7266
6709.3896
12308.935
6276.155
0.0
165.12804
5864.3936
3920.3254
2202.4495
1928.148
11539.702
813.9818
0.0
986.2578
15379.236
534.93896
6423.215
0.0
1764.0547
0.0
4683.3384
11279.214
0.0
154075.53
1133.6318
1549.2434
2356.6265
442.15845
0.0
1384.2786
3259.3525
11113.441
4426.724
2272.2559
3890.3828
11590.844
882.06226
0.0
0.0
0.0
0.0
0.0
50463.414
1003.756
3057.9702
0.0
0.0
0.0
4244.7793
3898.9136
4100.7017
6709.3984
0.0
19365.975
0.0
0.0
7645.1816
1546.208
3259.5903
1717.6146
5408.291
2432.8096
0.0
510.5338
465.51294
5677.209
6658.444
12542.088
9470.1455
1664.4425
6196.599
2190.601
0.0
0.0
2941.1587
9000.386
0.0
5667.174
2050.8643
7477.791
5250.2285
10143.563
1616.0072
66588.67
0.0
24870.3
1816.8911
12540.295
2998.149
48303.81
0.0
2634.538
3947.1206
1971.679
4924.794
1688.8391
8259.27
0.0
2319.9395
4685.817
2615.6426
4011.9604
657.0692
604.10406
0.0
9748.529
0.0
0.0
0.0
1996.4193
0.0
4838.991
956.97345
1534.65
1842.8042
5359.497
0.0
1364.887
0.0
3704.6846
23903.057
2377.4363
78462.17
660.3013
0.0
4330.2603
3530.5657
12408.128
17958.457
434.3867
6269.286
5712.543
5203.177
0.0
3717.6782
2349.1873
1054.3763
2863.758
133.71565
9108.51
7256.756
877.8041
2597.4417
172.63422
8776.385
2873.296
15236.804
1837.2361
0.0
7768.259
1992.2415
3981.1582
2591.153
2617.9014
1562.5184
0.0
9674.271
7243.288
640.2389
5056.1577
38038.742
0.0
67.234955
11730.191
189.58237
550.4067
0.0
0.0
8038.0244
2272.1865
1796.5923
1409.072
1357.1666
4571.326
4268.046
878.69775
0.0
0.0
3724.413
7550.8774
6581.332
1877.6036
1449.3649
1490.8145
4107.189
3344.1594
3781.3223
0.0
3823.8594
1161.0227
7137.769
0.0
11527.461
916.8998
2537.6694
3887.5088
4007.2397
3115.537
0.0
5389.8447
0.0
0.0
7874.5537
0.0
8505.561
0.0
6859.042
4308.4805
2713.5876
1857.39
5529.3315
7671.5557
914.8268
0.0
0.0
2220.2861
1785.5542
0.0
11047.172
0.0
0.0
2791.1694
0.0
6882.967
82.00894
1786.879
5962.6123
2429.9834
2166.9028
2062.077
1036.0947
20404.172
15517.488
3344.3728
2567.8115
6172.578
4331.2754
17752.633
0.0
2258.9172
0.0
65.35535
9264.342
5950.242
0.0
4245.465
0.0
9538.15
1644.9563
0.0
0.0
3125.9949
0.0
0.0
29.879814
0.0
0.0
5592.1304
0.0
2477.9365
975.60986
6094.245
0.0
0.0
7881.611
5260.3555
7040.591
4808.4727
17744.4
8566.174
0.0
546.0211
16027.719
0.0
2147.5923
609.78424
4651.5107
4971.425
0.0
5623.852
46684.35
16067.01
1580.4226
0.0
0.0
3477.1333
44499.316
3444.6702
3158.978
3150.394
779.6321
0.0
1957.6741
23502.57
0.0
4121.2803
0.0
0.0
3900.594
414.67618
1724.1104
9332.654
6539.9214
12926.842
17900.635
672.92883
34917.516
3002.0894
1887.7783
0.0
20406.838
0.0
23679.793
2765.4614
13581.422
3025.353
1110.203
6333.375
0.0
12531.705
2559.5898
0.0
9777.081
2623.8203
1865.0645
0.0
3363.8242
1816.3958
0.0
4351.243
3199.133
2977.294
777.2494
1687.4802
676.87024
2178.6853
5162.573
0.0
5327.718
8301.705
314.8773
0.0
0.0
10745.745
2011.941
0.0
18302.717
0.0
0.0
908.5252
2758.285
0.0
989.23035
325.00598
7404.87
0.0
922.9667
5426.5537
113824.67
87611.875
8156.8154
970.7468
4899.06
0.0
0.0
3380.979
0.0
1924.2719
1906.8656
5341.074
21627.406
0.0
9969.41
4857.2456
9501.651
709.14844
0.0
52121.27
735.991
4705.7393
5696.492
0.0
564.2645
302320.4
2706.6956
25689.076
0.0
0.0
9454.539
0.0
0.0
1083.034
5765.862
0.0
0.0
674.17914
352.46686
26.17772
744.04236
0.0
894.09436
0.0
0.0
4092.0508
6906.785
2800.8105
386.71625
5852.345
3846.6401
975.3925
0.0
10924.454
262.05988
4330.007
0.0
13367.777
12195.965
5561.134
3713.5996
2784.8064
18337.969
2083.0273
0.0
6393.847
4549.2144
11442.469
0.0
0.0
0.0
3257.6753
71214.89
0.0
23869.38
0.0
2190.3264
10938.423
4304.719
2673.9465
1461.7583
0.0
3512.4014
4522.0264
92311.016
1268.241
0.0
0.0
0.0
0.0
5466.378
0.0
6235.852
3466.3599
19802.64
2722.4966
3059.0427
4467.1567
0.0
4975.963
0.0
13015.18
10591.653
2206.229
0.0
0.0
6009.3936
7013.7754
0.0
6507.336
3067.8499
0.0
0.0
1820.4563
0.0
4641.51
0.0
12459.276
0.0
0.0
2161.4038
0.0
0.0
5029.8545
2787.4226
0.0
2875.0298
28010.555
4771.658
8389.806
15093.554
2396.7046
2018.2505
0.0
6519.3643
3756.8599
1521.742
6345.658
400.74286
1918.9268
2317.8843
0.0
1313.9954
0.0
0.0
14982.076
3529.0935
11738.668
3630.815
0.0
9090.848
0.0
0.0
4951.8105
0.0
11231.4375
2631.9243
1106.5503
6071.19
0.0
6042.982
3865.2285
0.0
10064.56
1207.9464
0.0
0.0
2491.1113
0.0
0.0
0.0
5205.449
0.0
0.0
0.0
1558.9563
2594.486
10.652655
5345.038
7237.4556
0.0
0.0
1179.9773
2963.5537
3164.2202
3982.687
0.0
4198.2935
3132.7888
8109.7065
1345.1858
0.0
0.0
0.0
3777.4053
0.0
6238.843
0.0
13951.527
0.0
0.0
290.66656
2394.4019
5836.6895
3138.5503
0.0
7418.1196
10634.887
0.0
0.0
0.0
17696.352
2951.3542
0.0
0.0
10788.655
8459.728
411.70123
8323.062
2107.0034
1303.491
3192.1567
974.03015
0.0
10169.603
3945.5557
0.0
0.0
0.0
0.0
2089.2795
0.0
0.0
6430.914
0.0
1686.0928
1242.9548
951.1813
6878.3774
2078.904
0.0
2798.0796
5081.7827
5004.822
3500.7705
2343.904
174.29448
46540.0
0.0
864.4142
2224.6558
5175.1567
2036.2372
1249.4323
0.0
3997.207
0.0
0.0
0.0
1132.3445
2105.7417
0.0
2218.3225
2610.9253
10420.51
4681.4575
0.0
3622.4287
0.0
11662.686
4622.464
6179.354
9812.902
1075.2073
4276.586
10023.3125
1229.9133
2953.2385
0.0
0.0
11988.403
1354.8547
2437.0107
0.0
5681.048
7914.351
0.0
2012.2412
5434.8037
199.3021
0.0
67.23984
0.0
4101.81
3872.0796
29956.838
1840.9343
4625.4316
530.8263
0.0
9380.834
5014.3667
2063.6062
3084.834
0.0
42868.688
0.0
2355.0496
1891.298
0.0
6017.996
2523.415
555.90967
0.0
1024.8364
4853.66
237.32623
13750.535
1761.8252
42507.32
3102.2698
4207.747
3649.2036
2465.1335
73388.68
197.8027
0.0
3819.1802
0.0
4180.7163
0.0
14942.258
0.0
1131.0557
0.0
6729.955
1267.1589
5122.0254
6005.72
331.77747
1638.9614
4622.9814
488.5562
2276.413
0.0
2731.1929
1682.782
0.0
319.8356
0.0
0.0
18089.695
3708.4294
2119.449
976.5835
0.0
637.142
567.94885
0.0
0.0
51.313324
0.0
0.0
0.0
2132.629
12987.163
12396.699
7435.4316
4594.201
6339.4873
41324.46
565.0449
391.80255
0.0
23446.836
0.0
0.0
0.0
15852.298
6448.0034
3334.1213
13239.32
0.0
0.0
148407.12
7467.8525
0.0
0.0
0.0
0.0
665.8328
4747.0576
0.0
5193.879
2388.0427
6088.274
5049.0576
0.0
9605.186
13525.51
0.0
5384.474
2815.5852
0.0
178.9838
0.0
4472.3984
1269.0621
1238.8213
14817.94
1687.3185
15137.631
0.0
454.8821
0.0
21165.617
8278.585
825.51587
3976.3123
6502.7305
0.0
808.75354
0.0
0.0
5884.908
2645.1855
2442.607
3086.1567
0.0
1695.3988
9867.626
871.8966
11475.236
17300.936
0.0
0.0
0.0
204.97794
0.0
2241.8096
2646.108
15960.242
8070.966
0.0
2221.1533
9867.877
3418.8105
11457.953
844.85736
88679.04
16009.872
0.0
7979.7515
19420.309
517.00305
0.0
0.0
23270.47
4613.1523
12882.08
1804.1948
1188.4978
0.0
0.0
1695.9604
0.0
4366.304
25093.234
0.0
0.0
40511.434
7510.3486
429.17987
4320.395
23.27472
635.4657
3150.4697
1700.6558
3875.4436
5618.797
6281.04
2707.8252
41306.953
0.0
4032.5513
0.0
2296.333
0.0
0.0
6205.656
4185.0566
3035.1777
100.7796
728.72156
0.0
0.0
5048.6475
0.0
13091.297
8219.749
3465.814
0.0
2545.9204
0.0
817.87256
37082.58
1867.7284
5451.586
759.28906
0.0
1601.5911
2759.0715
1031.5955
3208.892
2370.8352
0.0
21098.74
0.0
11621.183
7440.5967
13951.881
0.0
9492.887
0.0
1661.094
0.0
7194.2573
0.0
1818.5941
0.0
0.0
1904.7671
0.0
802.03845
2042.6335
11667.614
0.0
7576.123
0.0
2454.8125
4657.489
2168.5698
4976.293
7250.1943
6167.049
20751.047
270.77866
0.0
4996.279
180.57553
0.0
1935.2206
0.0
3700.049
2027.199
0.0
0.0
0.0
1530.7744
6045.675
0.0
1523.2861
0.0
874.68164
32012.324
2452.9023
0.0
383.40872
0.0
362.92645
4585.4463
0.0
0.0
0.0
0.0
2669.4473
10082.602
4427.6885
5683.0244
201.84927
1127.1678
27981.494
46487.703
2726.0244
6235.6323
57701.46
4170.614
67.32099
184565.31
0.0
0.0
37404.68
2014.7252
8899.147
0.0
0.0
2505.2446
3467.8013
0.0
1936.5249
377.04938
196.80951
458.9921
4911.956
5927.0293
137692.8
2732.5476
3416.0166
3656.0474
9725.483
2400.1458
298.51483
0.0
302.00967
31807.639
0.0
0.0
160.1999
5826.542
0.0
0.0
634.9001
11080.893
225.91139
3789.6309
4769.0366
16474.785
8672.629
0.0
3456.977
12273.722
6036.382
12943.689
0.0
0.0
96.264725
0.0
4631.822
0.0
7653.124
2595.439
5389.4355
0.0
396.95325
38820.062
1196.062
0.0
7630.104
3090.835
0.0
2457.8667
0.0
7024.8496
4543.227
53655.83
2398.2676
0.0
425.5636
3676.141
25305.797
5191.6323
3750.1304
0.0
2927.4546
2873.3462
0.0
107.98059
277.12018
657.2029
5875.1357
0.0
15332.357
0.0
0.0
2233.9778
4368.991
0.0
11265.34
0.0
7135.702
5359.572
219.21619
2219.3586
5037.8857
781.5675
5504.063
4895.792
5516.6533
2086.3394
0.0
11650.321
0.0
2676.6484
2511.6956
19851.582
0.0
12094.548
19140.361
1572.2837
0.0
0.0
0.0
1272.7522
9225.63
10543.804
2083.3503
9334.699
290.09558
0.0
0.0
4639.3633
0.0
3546.479
1303.6719
2736.5073
723.08453
0.0
51357.023
4108.589
0.0
3065.7595
2813.482
12798.679
445.2249
0.0
851.7596
5006.293
0.0
3386.084
0.0
0.0
20679.05
3412.5776
934.0001
21793.957
3876.559
9152.4795
547.9917
0.0
3739.8481
2868.21
0.0
1119.002
13228.457
737.11304
0.0
0.0
1977.4395
316.77072
2779.4023
5731.3623
12576.92
8061.8594
0.0
50598.242
0.0
488.9573
5834.41
4413.8594
850.27686
3081.0266
7333.758
3424.756
17617.457
0.0
0.0
17735.746
4006.2195
2265.78
22574.504
230128.34
0.0
3365.12
0.0
7025.991
585.26526
0.0
31871.512
3918.9465
9618.307
0.0
0.0
1988.9573
0.0
0.0
0.0
0.0
209.35165
5702.7466
0.0
520.4336
0.0
4737.7534
12176.461
15799.584
5326.1807
2925.5537
1147.5188
112.94692
0.0
7805.4727
8695.8125
5545.897
684.686
18316.578
1541.5322
829.348
4992.8525
1419.5272
0.0
4233.2344
12321.141
0.0
5620.282
14292.295
0.0
1195.4355
388.2097
2276.855
14810.49
3900.9736
4729.957
2787.7854
3937.3042
6764.601
6400.9097
8213.086
1579.2463
2617.913
4649.299
17429.004
2615.9253
1071.6306
5923.8975
0.0
3853.8225
33217.984
0.0
716.1575
0.0
8043.3877
0.0
25129.918
30980.348
1023.58295
0.0
2221.2212
1384.1572
1234.5311
2491.3618
0.0
139853.42
0.0
0.0
0.0
4884.067
458.06183
0.0
4543.647
0.0
2856.4866
25204.477
2539.5195
1202.58
0.0
493.82202
6420.1006
616.9689
24590.047
0.0
0.0
2078.238
75.92738
1672.5796
0.0
73623.17
2931.3022
3813.254
3339.118
49108.656
0.0
3032.028
1495.6841
7057.462
14872.926
493.70044
35188.027
60606.625
0.0
12579.752
13440.232
1211.7648
5236.456
0.0
1872.1797
352.53162
3807.7756
627.5808
1470.1016
0.0
25054.793
621.4857
0.0
9220.503
2184.6765
34287.44
0.0
16329.653
145296.81
12043.212
171.00009
8972.915
0.0
0.0
0.0
0.0
0.0
0.0
0.0
0.0
2057.6226
1377.7168
2747.3018
581.30054
0.0
4168.5186
0.0
0.0
4111.3833
4159.4707
26695.156
840.22833
3787.992
7372.1504
81737.28
7450.709
352.02115
7959.8706
0.0
0.0
20034.137
2180.9102
2860.3599
92282.21
9355.1875
0.0
1077.5547
279.5041
0.0
0.0
2662.1416
53386.164
8429.684
0.0
0.0
0.0
0.0
12649.161
191.4761
7740.367
0.0
1492.8604
367.89935
53817.824
8605.34
1855.9126
9106.523
4382.782
785.1137
0.0
8787.392
7363.4004
2674.8042
908.7793
0.0
0.0
5861.6973
3844.3533
0.0
0.0
60148.836
6224.376
9757.168
0.0
0.0
3114.6453
3624.125
1474.3635
9355.832
0.0
7685.048
2116.2825
0.0
0.0
0.0
29830.71
15427.689
0.0
3870.9233
0.0
38611.207
7295.0312
1403.1897
17601.621
0.0
7114.448
5626.191
1442.7388
2452.1194
0.0
5459.448
2187.7686
3179.0146
0.0
0.0
2989.3188
1533.1034
0.0
0.0
26739.895
556.64856
0.0
7120.4697
0.0
710.1643
11731.093
0.0
431.8218
949.3739
523.2031
3376.7231
10847.606
2687.0586
2628.544
9755.3545
657.39935
637.5159
233.95996
5458.8896
0.0
0.0
5972.001
2909.7954
0.0
0.0
779.1476
0.0
12333.408
0.0
251.73065
158.57486
3763.8867
5145.8223
544.5891
0.0
457.22543
0.0
10846.897
0.0
8952.764
0.0
5394.8096
0.0
0.0
3802.335
73.02788
70458.55
9827.595
3655.833
0.0
0.0
0.0
4814.756
0.0
1614.6797
0.0
0.0
1261.5449
0.0
5783.9033
16509.535
12901.842
659.7269
898.9188
1506.1929
5366.1475
0.0
4521.719
0.0
0.0
0.0
3602.5596
173.54153
478.39728
9781.2
3560.9077
0.0
14628.084
43302.94
590.37964
5947.638
4428.6865
0.0
0.0
21648.87
0.0
0.0
14031.504
9031.48
16455.383
244.81276
3530.0085
745.9455
4973.78
0.0
2054.4502
0.0
4639.8145
175.04477
16559.756
11989.719
0.0
0.0
7671.6836
1046.4226
1300.507
489.393
55934.375
1260.2051
25633.27
1228.9435
2597.112
2928.6187
4311.625
2742.9348
0.0
17568.166
0.0
0.0
0.0
118077.2
24685.361
0.0
3664.853
852.21765
65184.21
3847.7705
5060.296
2761.2532
0.0
11637.08
0.0
0.0
0.0
887.5525
5064.0103
0.0
0.0
1509.3452
3313.6782
8368.555
1598.139
3993.0664
4003.8293
551.1033
9825.949
544.18005
0.0
931.91113
4041.6401
1553.0438
2665.9824
4739.788
7363.6367
3488.0083
12160.006
2824.2175
0.0
0.0
9810.632
0.0
11030.712
2505.028
0.0
0.0
1292.5887
1004.2877
0.0
46890.895
2885.688
4317.307
0.0
0.0
0.0
80614.98
4395.4326
641.9383
8612.499
2212.8855
2618.3892
7459.4717
4952.513
0.0
14.751522
3695.4011
167.29062
2007.9866
14363.107
1802.6753
74265.98
0.0
3068.5967
0.0
0.0
7764.6523
0.0
103785.31
2154.5806
0.0
13757.213
0.0
599.17316
0.0
1718.1262
2249.6487
574.9894
0.0
2805.718
2909.0244
0.0
261.2701
1888.9141
1661.478
0.0
1630.6459
0.0
1200.5071
0.0
7744.6426
2369.1533
0.0
2025.824
0.0
2805.7703
139596.72
62.994743
5205.704
40466.223
2067.5083
38125.86
0.0
1644.2456
3443.92
12261.894
13184.459
0.0
463.30505
6900.079
7730.642
6014.9033
366.73392
0.0
1641.4385
0.0
6192.1963
2267.8884
0.0
106.68216
1955.8805
316.8679
0.0
2559.419
1860.6018
0.0
13512.0205
0.0
15583.518
0.0
0.0
3359.9507
265.83868
0.0
3819.648
2453.6787
0.0
3327.245
0.0
13017.537
6189.661
1483.8602
34256.33
2623.4897
14919.281
226.18939
0.0
565.8236
0.0
0.0
2503.0542
5378.7734
44184.19
1259.5275
8785.407
1438.1906
2746.3992
654.4035
6978.8945
2695.433
5670.84
6768.497
26090.805
15377.227
34741.117
2294.073
0.0
0.0
2108.2812
0.0
8206.025
443.27032
0.0
0.0
1516.8127
9744.26
5870.7466
19224.879
0.0
0.0
1416.5947
949.2967
3561.2815
1776.4531
0.0
0.0
3592.1143
6100.229
14589.005
386.4828
432.30087
12080.961
0.0
0.0
299433.4
0.0
13805.221
0.0
0.0
0.0
749.54694
0.0
13662.196
1410.753
488.87204
0.0
3775.557
0.0
3729.9832
1366.3916
1792.2144
0.0
443.50323
0.0
2469.2764
0.0
323.9957
4827.1636
1105.7578
8958.203
0.0
10836.361
1123.4642
0.0
1386.573
8000.4717
0.0
6952.4507
0.0
7076.548
661.20746
481.16638
8585.8125
8166.5874
158.43567
2898.417
1074.9385
318.15012
0.0
3127.4492
0.0
59300.973
9547.368
13446.381
2606.3252
4952.033
0.0
0.0
3589.016
0.0
282.36182
2864.5789
283.55856
13428.338
5154.1675
0.0
2432.5952
7108.8047
0.0
669.6903
0.0
0.0
1227.486
0.0
0.0
3264.6675
3853.0952
0.0
4037.0352
406.732
37504.234
12838.934
0.0
19941.23
438.2015
3427.371
0.0
0.0
0.0
585.0951
0.0
1451.1035
4608.572
6778.114
1352.1868
0.0
1842.7117
5829.5493
0.0
3155.5444
31391.672
366.01846
0.0
0.0
581.25085
9.274254
2485.9453
22286.541
55757.0
55787.48
1747.2908
0.0
40853.152
3911.1042
0.0
0.0
80602.195
12886.154
50339.438
9775.064
0.0
4197.1885
2974.0488
0.0
2155.385
5160.874
211.5107
0.0
20677.832
37672.773
271.2504
6854.6475
0.0
0.0
1639.5151
73659.625
1910.6455
3790.2456
0.0
53485.16
8575.477
1184.9624
6957.9873
1427.0328
150.49638
2966.038
0.0
10083.126
16454.191
2222.2766
5453.478
4467.374
0.0
0.0
0.0
0.0
4726.987
8704.8
30316.084
0.0
0.0
2666.4678
0.0
0.0
2679.938
0.0
1971.2549
14425.301
0.0
13617.712
5744.613
8356.006
1384.8784
2016.6975
1027.6118
5056.647
0.0
0.0
0.0
480.2199
5088.101
0.0
0.0
0.0
1802.1364
0.0
6379.167
7921.704
1874.0876
496.06006
11978.54
6401.826
0.0
0.0
4635.913
0.0
0.0
8228.7
0.0
8061.728
0.0
27055.531
0.0
894.66473
1527.1484
4833.541
3474.313
2167.963
0.0
4235.4204
10321.99
2976.444
727.9342
2149.701
0.0
592.0772
18991.941
8578.8955
2367.6758
5756.167
4815.5474
0.0
4334.976
3797.6394
6327.677
0.0
0.0
297.81482
77.494995
951.4917
4401.5723
0.0
5965.8696
731.486
0.0
2600.858
147.86938
186.2995
1174.1423
11702.274
1396.4683
20797.963
7472.819
0.0
2023.5966
25884.633
13998.862
27930.764
750.63416
2276.9402
999.4828
34316.105
11720.113
0.0
4139.908
0.0
0.0
0.0
0.0
4866.212
0.0
13198.404
0.0
138.76816
402.068
1061.1598
2889.7224
0.0
3901.8948
0.0
6518.097
9973.288
0.0
279.14188
5457.7925
0.0
79987.09
3308.5732
0.0
8013.9688
47354.156
7975.189
0.0
3624.9736
271.94604
2532.5056
1757.2084
4678.822
3772.2207
11419.874
16171.455
2585.6663
12033.067
1022.49274
0.0
4911.5605
2867.1643
9100.383
198.99289
2380.5095
628.19714
5414.9106
11741.231
1554.9955
0.0
0.0
7102.704
5864.55
28826.477
1024.0386
0.0
2582.6445
108141.43
767.5034
0.0
8304.323
244.15689
36819.24
7514.7764
0.0
0.0
521.32465
208.16647
0.0
349.77563
0.0
0.0
11437.666
0.0
763.0275
1995.283
0.0
10490.516
311.68967
5635.018
0.0
0.0
5899.5234
0.0
0.0
2990.522
14348.14
0.0
1849.4463
151.2096
591.3407
418.55304
8968.655
4320.7715
151.92795
29266.463
0.0
0.0
0.0
1891.4917
0.0
5808.7095
5435.758
15569.391
0.0
2553.2437
2199.3193
97645.03
4076.8247
9741.021
116.380226
2601.8003
4557.689
1447.5038
2033.6602
2036.4138
1202.627
18526.613
23409.562
13305.236
0.0
690.9033
6799.6787
3560.7888
2611.5461
19155.695
715.90515
254.79822
0.0
2059.637
0.0
5071.871
9855.741
519.5806
13169.886
0.0
0.0
2424.972
4846.593
0.0
1757.1888
3794.795
4768.3066
0.0
2910.2393
2614.139
2451.1704
4045.63
4922.887
0.0
0.0
0.0
26592.906
0.0
2934.6497
0.0
630.28217
0.0
4722.1064
0.0
0.0
0.0
6855.71
1707.7521
921.8207
0.0
574.1442
18971.695
1230.2843
40812.8
0.0
747.9988
5005.6255
2985.031
0.0
17589.797
522.6737
361.71393
0.0
1526.165
1513.2009
123.88184
0.0
0.0
0.0
4376.828
0.0
7096.9956
8950.807
4595.8296
0.0
3028.1455
0.0
0.0
10133.531
0.0
1449.009
1922.8809
2954.3335
4674.1914
0.0
746.51996
2527.9326
10307.094
0.0
1313.1151
2352.5063
0.0
0.0
1402.6904
1813.9891
0.0
217.98572
0.0
0.0
0.0
1779.3622
2789.4375
4453.699
4974.3604
0.0
0.0
5839.18
0.0
823.8041
0.0
4061.1743
3304.5322
0.0
2919.807
3379.041
12780.006
0.0
8537.475
10607.51
0.0
0.0
10577.791
2142.158
6478.913
1127.4259
0.0
666.41656
0.0
1344.7368
73.60417
11514.51
5224.775
4649.593
486.85742
0.0
116.91646
633.8961
434.85242
15312.877
11357.743
11086.926
0.0
480.2951
2747.7734
902.5435
3966.5005
0.0
0.0
0.0
17509.523
0.0
5003.339
6766.5605
2177.9922
3540.6392
2728.5828
2066.365
0.0
12076.03
18550.926
587.81445
0.0
9467.539
42844.12
10187.228
2586.2935
0.0
3073.7944
2839.5447
4823.3237
1768.1721
1158.7444
5390.411
0.0
10170.8125
0.0
6863.8374
17736.092
1797.1963
8132.8154
7041.6826
3243.9683
2256.2185
362.03778
2134.1033
0.0
0.0
2413.3687
19704.691
13187.449
7270.578
1288.745
727.98096
739.76196
0.0
2896.0059
31663.41
557.96814
0.0
1267.9775
0.0
0.0
41690.324
0.0
864.3764
8514.473
0.0
8156.0586
18974.908
2087.1025
12578.008
0.0
0.0
97.95948
0.0
0.0
0.0
6431.3496
1810.4985
1953.8579
4714.5273
13435.516
686.2054
3197.4114
3188.878
186.86787
6913.4375
0.0
1268.6926
973.63873
0.0
445.5504
4677.1387
0.0
1870.3718
7574.282
2389.3228
1962.2507
651.5473
58354.27
0.0
3085.8027
0.0
2031.8735
0.0
531.0409
0.0
0.0
4339.793
6997.4434
7118.79
1247.3156
4370.3623
7120.5137
9290.985
2152.6455
15195.738
0.0
0.0
15897.301
0.0
11769.191
5155.3374
0.0
5946.338
20901.01
0.0
1479.5425
3837.4211
5994.4897
0.0
2011.8402
4143.736
8216.06
33549.04
427.11115
800.1896
432.6189
5750.5527
887.02313
15504.291
9045.885
6136.1494
0.0
611.5724
131.4674
83463.266
3156.3655
9328.598
563.3988
2182.8306
5985.0615
2100.958
1415.2408
546.73645
2683.2876
14560.404
0.0
822.28186
1175.2449
0.0
2748.735
3410.5544
7691.4067
1848.7014
0.0
1599.4536
4750.037
2820.326
1310.2246
12109.252
7527.995
3922.5757
566.05945
1213.3301
9053.937
7655.369
427.33423
4348.3047
860.8059
0.0
0.0
0.0
5720.954
8584.642
800.08466
587.8273
8866.632
0.0
21904.883
0.0
1276.9604
1309.9108
17825.486
1225.6022
0.0
2745.4536
233.94556
10737.727
0.0
0.0
0.0
8491.786
5012.3223
0.0
0.0
3325.0286
3366.7402
1120.2769
0.0
2230.9038
7899.583
306.95596
2615.317
0.0
0.0
34571.742
3956.716
0.0
0.0
10734.536
965.49365
6466.995
180.8439
580.3699
1858.2942
0.0
0.0
4718.453
2863.545
6962.042
0.0
9229.514
421238.3
2231.8394
6555.892
0.0
0.0
0.0
0.0
0.0
4031.7393
1650.1594
0.0
0.0
10291.016
0.0
0.0
0.0
7713.6504
14900.061
0.0
6123.9653
7472.718
2541.1377
1114.6366
0.0
5084.2744
0.0
2733.3652
138.52621
0.0
0.0
23226.639
0.0
5039.0938
18577.902
3685.2632
0.0
14249.106
1059.2092
0.0
9469.463
1471.0236
0.0
8448.077
362.9915
4547.0557
49512.9
0.0
3225.1572
0.0
1864.6016
14574.025
2451.8467
6610.1953
286709.2
0.0
628.44324
10549.172
12892.864
0.0
0.0
0.0
0.0
529.6738
0.0
1322.8662
0.0
0.0
2220.8857
2302.2588
4557.421
1418.9674
0.0
0.0
0.0
871.4187
6495.919
295.58997
11467.226
10466.374
11275.965
0.0
339.20114
0.0
0.0
2351.6917
3313.3413
2844.0713
0.0
0.0
1497.6904
4397.749
0.0
377.31335
3875.6445
2372.3657
0.0
999.81006
3399.701
0.0
3348.546
0.0
162178.62
1000.4642
760.8264
5613.1533
0.0
1511.8917
789.4695
4347.511
0.0
0.0
0.0
0.0
0.0
0.0
0.0
0.0
0.0
12582.693
4207.8022
15643.595
2186.6213
12777.094
0.0
2373.04
4476.871
2022.0781
0.0
16891.896
7317.033
1096.666
0.0
1063.0967
1021.7976
159.68799
2154.7607
10922.377
733.4892
744.0817
0.0
4582.9673
2709.4873
1005.5284
230.0959
6197.703
229.32047
15771.84
2759.112
843.4912
0.0
2708.8208
1760.0458
0.0
815.55347
4043.4412
4602.9443
10257.844
0.0
4523.8823
5467.6753
4173.6274
19050.455
507.835
41303.934
878.2671
20046.348
0.0
0.0
0.0
0.0
18962.377
0.0
2998.9907
3753.3215
6427.217
4269.1743
5092.9785
0.0
6513.6597
4208.3413
6895.116
4324.8833
0.0
14077.255
13798.123
1829.1343
6063.239
1460.134
1115.2568
4560.56
1058.7743
2978.7676
0.0
1269.3915
8604.736
236.70705
0.0
168.68413
3701.476
7044.6904
3632.5273
619.77856
0.0
14280.75
904.2284
0.0
0.0
12417.009
5079.793
4548.5547
5282.1143
2089.5808
2501.5928
6808.6772
0.0
4074.2983
3766.3848
1657.4021
4593.1826
0.0
271.43326
0.0
8595.866
1885.6271
4792.738
6607.459
1510.6863
3974.9624
0.0
1436.3082
0.0
127306.86
979.84717
3283.6357
0.0
6980.117
0.0
3721.5083
0.0
2869.6797
0.0
0.0
2558.4285
3062.284
3072.7822
8118.575
6698.751
567.243
7441.3936
265.86722
0.0
3035.3936
2682.6384
0.0
3551.1807
17600.602
511.30994
0.0
0.0
5959.0195
3708.0994
0.0
1029.2731
0.0
0.0
0.0
2600.095
4612.9385
2408.1514
5135.6367
0.0
877.57416
8244.152
403.30774
107634.65
289.34396
253299.28
2354.7786
60988.44
50417.293
0.0
5528.985
0.0
7375.0684
2984.0674
2788.9658
3268.438
6273.713
0.0
14124.232
0.0
14041.283
0.0
7336.8823
8982.299
31075.64
754.85925
0.0
0.0
3156.778
4498.21
3218.3352
0.0
0.0
860.262
4523.879
1638.1884
15036.009
0.0
4013.4038
163959.97
9259.303
1457.5061
1447.7465
3920.959
3656.2053
8135.6494
2530.663
0.0
10984.744
0.0
0.0
3675.8855
10574.11
1829.1053
0.0
5900.462
2804.6895
3706.8613
38774.74
4463.6895
151.18858
0.0
7834.355
285.94745
505.49274
15920.79
23964.793
1226.7277
790.3258
0.0
0.0
6165.341
4710.7314
3997.6033
137.90515
16791.41
6778.768
0.0
3287.9856
0.0
0.0
87492.984
8455.808
13824.713
0.0
2559.0122
4532.573
5332.717
13421.939
0.0
0.0
0.0
204.04324
1278.8092
5582.705
0.0
31575.133
14946.888
4984.8105
21656.656
2677.0742
0.0
1698.0942
0.0
0.0
15593.795
868.65735
5236.965
790.9348
0.0
0.0
7650.787
0.0
7056.4614
2005.5315
7839.7295
1756.6328
0.0
3730.8784
3722.089
0.0
0.0
37367.484
5009.509
4029.4585
0.0
4922.746
1358.918
5964.168
1351.5259
1857.5577
4721.9023
5637.321
11319.575
0.0
3778.0278
3139.6746
3896.815
0.0
3005.124
3480.6567
10716.701
3948.0322
0.0
1297.1576
4648.149
6454.1357
22138.225
19422.512
17619.469
2985.895
7470.757
0.0
1412.3351
3808.3188
590.44916
49178.656
7716.323
797.3784
582.4217
0.0
0.0
0.0
0.0
0.0
4449.36
20140.092
0.0
1025.6167
267.8907
2258.783
229.36386
22866.723
0.0
80527.64
3434.2234
0.0
2090.579
2754.1418
16624.115
0.0
0.0
0.0
12451.209
3642.2373
1178.838
4299.1943
43689.21
0.0
2073.7632
33892.73
1345.1886
3528.6777
10659.815
0.0
22033.697
2547.1345
7127.782
234.61127
14093.518
235.43658
7299.353
0.0
1030.3462
1200.6547
2320.653
0.0
5836.257
8867.4
0.0
11531.109
2302.8372
0.0
597.84576
1427.134
3049.6396
4096.3623
21826.863
2965.4946
1088.579
6463.57
0.0
3647.2407
27911.854
0.0
23238.895
128.57181
542.9872
0.0
0.0
0.0
0.0
5108.2554
200.64485
3879.921
437.89404
615.92566
2621.632
793.58734
8604.776
0.0
632.7503
27405.418
10837.121
0.0
1303.3905
3467.1624
7531.125
2243.809
5292.76
1485.4136
2032.6904
0.0
0.0
0.0
2983.0073
12179.972
0.0
0.0
2797.4204
3297.5105
17553.107
5721.9736
661.23315
2000.4133
256.344
0.0
0.0
0.0
0.0
0.0
46455.3
0.0
0.0
454.2233
8306.959
0.0
8001.3667
1743.0242
432.6253
0.0
116138.97
2751.0872
5002.483
11720.541
0.0
0.0
8489.115
0.0
1698.136
10554.312
19210.31
0.0
1049.4305
0.0
0.0
7385.3604
0.0
0.0
3251.2876
0.0
0.0
186.26544
2020.0295
9032.08
4292.0483
6075.8794
1637.5984
7646.8975
5228.323
0.0
633.11426
1853.031
3944.9563
0.0
0.0
0.0
4267.9004
0.0
4185.789
990.13525
2023.7527
2195.7588
0.0
0.0
5281.7417
2140.7578
2730.829
1047.2997
2906.7598
16970.816
0.0
5228.5415
0.0
3087.126
647.41724
312.78812
26875.79
1987.7795
0.0
0.0
0.0
446.31714
0.0
108.058304
5344.4375
97739.58
0.0
6477.1694
3621.8054
0.0
8392.158
0.0
0.0
0.0
2237.984
0.0
4628.3457
2986.6367
0.0
587.0842
0.0
4483.1895
7275.715
0.0
4796.215
11284.196
704.90405
5207.4976
9484.615
1529.3881
0.0
180.86383
4260.2197
0.0
