11.776657
0.0
40.80487
0.0
561.41223
3492.5537
805.2162
839.54407
0.0
3198.1465
0.0
709.488
4435.5684
917.6675
14616.566
0.0
0.0
0.0
1504.1082
2649.506
2941.2993
744.2208
1140.6116
1380.15
0.0
0.0
0.0
269.94006
1496.1522
21.835327
2133.4988
1933.2719
0.0
662.67554
0.0
2508.6633
0.0
3467.8984
105463.55
9462.752
0.0
1176.2625
564.38446
0.0
2480.7915
0.0
0.0
0.0
0.0
6073.799
2583.3645
0.0
396.58685
592.8451
0.0
202.14865
2816.8157
0.0
1933.3691
284.28027
7791.242
153.31993
0.0
0.0
1157.2527
0.0
7873.498
2252.2637
1079.3612
0.0
1375.8163
3512.149
212.40112
0.0
0.0
0.0
2545.3372
611.2875
1943.8105
1308.2314
489.06592
2241.0034
920.4237
153.19983
9920.761
0.0
816.7036
0.0
47.93708
533.7679
966.7884
4498.64
13170.881
0.0
0.0
7161.575
0.0
0.0
0.0
516.3224
1732.8289
1893.9879
5826.3076
545.5403
538.2727
0.0
1306.6663
1186.4443
0.0
1854.4619
0.0
0.0
0.0
2023.4873
2854.1006
278.44348
1556.4391
12380.364
0.0
0.0
181.96823
0.0
23535.707
73.400795
714.8578
0.0
0.0
0.0
494.9323
0.0
1189.5713
0.0
0.0
362.79425
0.0
0.0
631.8693
3175.8472
0.0
0.0
0.0
3200.21
0.0
18648.861
0.0
2085.8938
0.0
3548.9985
0.0
1659.3079
625.36914
0.0
1689.0441
0.0
4400.629
2537.3792
202.39426
0.0
0.0
0.0
368.9024
0.0
359.59302
551.4531
709.1959
5361.5044
0.0
1513.3668
0.0
2093.5405
0.0
0.0
2589.9167
0.0
1937.9946
7235.6377
0.0
218.53409
1311.4747
6389.248
0.0
0.0
13835.997
0.0
0.0
0.0
38.332336
0.0
1358.878
0.0
0.0
3691.3794
782.2229
0.0
99.435
6753.7827
1870.6211
0.0
1823.95
1794.8293
145.61862
0.0
112.61125
3466.4897
0.0
0.0
8947.769
0.0
381.70502
0.0
1200.2278
0.0
0.0
0.0
0.0
0.0
733.0526
1.3398476
189.80586
0.0
0.0
509.92218
0.0
1806.149
2568.0508
773.85205
4725.7437
1076.2903
1231.3774
0.0
0.0
1335.5349
0.0
0.0
1246.2666
1504.8112
184.59717
2244.05
5306.237
0.0
0.0
1267.8206
0.0
673.90784
0.0
5357.103
0.0
1146.0667
1023.53937
0.0
0.0
0.0
82.165695
472.90332
3007.978
0.0
0.0
2232.1367
2819.3325
0.0
0.0
0.0
2021.66
0.0
930.3675
0.0
0.0
525.2697
0.0
2760.2554
0.0
997.23474
2758.0718
0.0
1725.3113
0.0
822.4303
0.0
1052.8376
31845.738
207.31833
0.0
2179.3489
0.0
305.54596
1150.815
0.0
1498.4423
1591.3231
9082.846
1151.1415
18282.39
0.0
0.0
23.595757
0.0
321.8019
1982.9946
0.0
3830.9824
2299.3955
372.17065
724.81946
2120.872
0.0
723.2883
9548.629
1369.1981
3223.3665
0.0
0.0
0.0
0.0
839.81177
1793.5988
0.0
1742.4421
14474.222
873.0685
0.0
0.0
109.6013
904.33264
2517.8828
1055.771
601.6498
644.5607
1167.1467
602.85236
0.0
0.0
0.0
0.0
295.0321
0.0
1370.2712
931.244
11516.145
1460.7595
5467.596
0.0
856.3211
4283.7183
263.04764
119.365814
277.0586
2940.3066
7996.1807
0.0
0.0
1089.1067
459.07144
1403.2812
0.0
1063.5461
1485.1598
173.40433
651.6111
5727.615
234.02213
0.0
0.0
0.0
539.0843
5.858803
1452.3357
0.0
0.0
3739.8816
0.0
732.0199
0.0
5745.2124
115.73625
594.99457
348.1225
2619.0737
0.0
0.0
0.0
1966.4432
0.0
0.0
214.50583
4636.91
471.58615
0.0
0.0
9932.319
0.0
390.20123
247.30205
1110.9841
0.0
10776.832
1740.7878
1722.667
0.0
845.8651
998.44836
0.0
663.07104
0.0
0.0
3844.9119
295.7882
0.0
3173.631
785.68164
2228.9414
0.0
2490.1343
9322.773
4260.0337
0.0
4737.9224
0.0
2803.607
5986.783
883.91724
79.692986
2476.11
1508.8486
0.0
0.0
3721.5938
427.99054
0.0
1241.1409
507.46426
16.306107
825.57526
737.85443
909.7499
567.73364
0.0
0.0
2248.016
798.63367
0.0
0.0
0.0
0.0
691.87244
1087.6201
401.72
1701.9913
0.0
1062.11
394.02863
1252.7495
1844.9231
1888.053
1133.9568
0.0
0.0
823.8884
2264.3486
1594.0662
0.0
0.0
0.0
7301.034
0.0
0.0
0.0
1678.0894
2320.9204
0.0
1077.5918
348.94318
1311.0177
1815.4838
222.84683
3537.0493
932.973
1443.4001
0.0
2814.1553
55.248394
386.31024
0.0
0.0
0.0
124.44002
1268.3252
502.50284
0.0
2051.3267
1134.5996
2448.4158
1049.027
530.7027
20.53054
1807.0303
6165.2197
0.0
1787.4658
0.0
1320.1323
2589.218
0.0
955.6196
0.0
11273.045
491.02295
0.0
0.0
1360.1042
2210.4111
0.0
0.0
40495.625
1663.3284
665.29456
844.14496
2079.0112
6484.428
0.0
0.0
0.0
407.36615
326.59732
0.0
1338.8315
0.0
1538.1755
235.00288
398.5003
1607.3889
0.0
31577.273
0.0
0.0
0.0
2282.8992
3871.3613
667.22314
0.0
470.9014
0.0
491.10895
4644.6494
451.72498
0.0
0.0
2827.8086
6991.0303
0.0
0.0
0.0
3888.014
0.0
217.39075
3011.6113
0.0
4272.6
1707.7875
1966.3225
1614.8005
3912.129
0.0
237.4862
1764.9438
149.5653
0.0
892.2711
1099.5623
0.0
0.0
0.0
0.0
642.1188
654.9889
10227.46
1482.6337
5583.7793
0.0
8523.89
1547.6357
240.6543
903.5698
763.6155
0.0
808.0864
442.63953
14932.953
580.51544
1235.6255
1836.9536
16279.722
132.70905
12905.76
8201.433
0.0
9399.5205
2171.9941
5168.2705
0.0
280.8701
430.11023
584.802
0.0
967.53076
64.68216
0.0
377.61884
466.35013
0.02596283
0.0
0.0
427.52396
0.0
0.0
0.0
88.69636
1942.4438
265.89304
0.0
0.0
0.0
2813.145
0.0
1233.7631
0.0
1954.8372
6051.2324
0.0
0.0
0.0
0.0
0.0
0.0
0.0
643.17267
0.0
136.05486
45.658905
578.77625
0.0
0.0
1172.7542
13997.04
800.32385
2765.1895
0.0
0.0
2813.1687
115.94382
815.39417
480.86917
290.7378
0.0
0.0
402.83575
3230.2158
0.0
581.3727
0.0
0.0
1434.2495
861.6712
25015.914
2491.8848
713.27234
0.0
1237.665
2968.8743
1393.3481
0.0
0.0
847.65137
0.0
2571.171
2346.1453
229.18704
724.8506
0.0
0.0
5783.3438
0.0
0.0
0.0
122.98732
1586.5072
3925.9275
2096.5056
3966.6
0.0
5673.349
1340.3063
0.0
1768.4873
0.0
3442.1306
437.3626
0.0
1802.9797
161.97488
1881.5863
9110.878
1941.7396
0.0
5766.9863
368.54492
2326.1855
3486.0515
1325.805
356.12204
0.0
3075.0552
1595.6252
0.0
1779.6086
0.0
0.0
2133.1313
360.51276
2351.4546
0.0
0.0
0.0
1879.6677
0.0
0.0
317.06876
0.0
1363.9197
3143.601
1419.4519
2004.1489
323.54932
2285.3438
57.94922
2954.7974
3023.8462
825.1497
499.01056
3321.9905
331.12012
4611.9707
575.41656
0.0
0.0
2873.896
0.0
0.0
0.0
649.35034
1373.2295
0.0
1191.9991
457.35962
0.0
694.19037
56.11773
397.7983
481.6695
2451.7622
0.0
390.97955
991.13306
9814.066
204.94052
2383.501
584.7745
0.0
189.65118
1044.0304
777.83405
1147.4434
1132.7136
0.0
5241.4473
0.0
850.3998
5481.0127
2368.994
20553.102
0.0
488.16248
1516.2405
0.0
978.9406
817.6123
739.15356
1590.6848
0.0
0.0
778.57367
635.6928
4470.411
1020.8357
790.2025
0.0
4389.5137
1071.0596
848.065
518.43286
3102.5225
104.11595
1109.2672
0.0
3202.6719
834.46216
0.0
23633.06
0.0
515.26025
0.0
0.0
452.32977
544.66864
0.0
1597.2742
2378.987
1818.3495
0.0
0.0
978.5207
1516.124
5395.8613
7837.96
317.88123
0.0
0.0
2752.6099
3927.7903
69.328674
0.0
2406.6055
0.0
2612.834
443.78986
7476.173
0.0
417.6528
360.0008
280.0148
204.5815
231.40222
2422.7153
384.91205
0.0
35.952747
0.0
615.5263
0.0
2223.3306
394.63864
0.0
1315.3262
6240.4746
65.71966
311.952
0.0
5815.442
0.0
0.0
0.0
1100.593
134.83278
34553.16
1289.8301
625.48206
0.0
458.30417
0.0
1072.0615
841.1965
1736.573
162.34483
63.103737
592.80994
1601.8337
1053.0576
1046.7047
2943.1318
0.0
1578.9352
3667.384
17.720043
1707.0442
3833.35
0.0
0.0
2585.4604
12934.88
0.0
247.69751
8888.09
0.0
0.0
3175.1611
975.0558
0.0
0.0
0.0
961.33154
1219.1685
457.4471
439.6732
0.0
0.0
4532.532
0.0
2026.0177
2537.164
0.0
0.0
0.0
1862.2847
2335.9731
0.0
3429.7651
1248.3538
506.1186
0.0
781.1492
0.0
0.0
0.0
998.24036
684.6671
0.0
0.0
0.0
1938.9004
152.85928
0.0
4385.125
1970.7378
7613.37
0.0
643.4359
0.0
7316.385
1803.561
1195.0625
631.07227
0.0
2788.0288
4380.386
1468.78
3157.562
0.0
4720.34
0.0
1219.0393
0.0
0.0
0.0
0.0
3982.5679
172.63805
294.07474
0.0
0.0
292.1184
0.0
736.48413
711.1186
1001.9587
4492.0356
0.0
369.58685
609.7027
529.63324
1057.3883
1974.1544
1291.22
3657.5325
1362.0359
0.0
622.0675
2791.497
1248.5464
2300.9822
3604.4998
2245.2913
0.0
1061.1598
0.0
17556.098
2553.7537
0.0
518.68274
382.63635
5234.295
1227.1876
3619.217
0.0
0.0
0.0
1649.7334
5251.661
4640.3213
122.48135
0.0
4290.4644
0.0
1078.0629
9174.082
1520.1272
0.0
0.0
0.0
0.0
0.0
0.0
436.58057
0.0
0.0
686.9721
1241.7242
0.0
0.0
1033.1757
2126.8818
1757.197
26228.838
3767.3022
1142.6926
0.0
0.0
0.0
272.108
771.6138
1606.3882
0.0
1304.2219
0.0
1088.3307
13806.488
1294.2001
0.0
612.0074
148.85371
2216.5603
481.61963
1746.2877
2381.352
58130.03
18.955818
4831.831
0.0
148.71082
408.28027
1547.4423
0.0
5040.991
0.0
933.2013
751.0442
1184.5667
7427.5
0.0
1678.7222
0.0
5863.2744
0.0
250.72159
0.0
0.0
471.1574
0.0
1954.548
0.0
356.14114
1963.6915
0.0
11914.171
0.0
4835.1025
712.3905
0.0
2754.6626
0.0
326.1742
0.0
0.0
1737.1548
0.0
0.0
2551.7026
0.0
245.35985
1733.6866
0.0
2215.8994
154.7818
0.0
0.0
1962.8782
315.9447
4250.126
0.0
0.0
0.0
1362.8843
0.0
458.85596
0.0
946.4549
1565.7386
0.0
769.2429
893.03357
0.0
541.74274
822.3081
7308.6016
1162.127
3352.476
1609.8419
0.0
640.4513
6828.444
5776.5337
0.0
0.0
0.0
0.0
0.0
463.0042
1636.4976
1002.8051
267.81137
0.0
3253.983
1708.6062
0.0
573.618
0.0
1657.8665
1443.1066
0.0
6575.6494
695.2905
616.947
2010.0659
64.795
29254.73
939.4536
5471.174
0.0
0.0
0.0
0.0
412.0213
6336.1846
0.0
1597.2952
4099.3857
1280.0985
3211.534
3579.6099
2168.021
359.71338
2722.7046
0.0
0.0
2426.6104
1036.3833
1016.0099
0.0
1975.2106
9410.395
0.0
1107.2734
8.493629
0.0
1379.746
157.31131
1015.7296
0.0
0.0
19407.312
6544.665
1396.853
2808.0261
0.0
0.0
0.0
0.0
0.0
279.5704
3379.462
0.0
0.0
2036.7474
0.0
4315.791
0.0
3693.6555
1472.9602
2129.3167
3074.1675
1063.6082
0.0
0.0
680.7588
1308.5472
0.0
5857.407
8109.0127
0.0
584.8548
362.85648
0.0
770.94324
597.97766
1353.9021
59.42399
2988.035
535.37317
988.7495
0.0
0.0
5356.3027
3468.9062
0.0
952.43274
992.097
1151.7456
0.0
969.0593
0.0
0.0
0.0
0.0
747.54614
678.83704
469.74023
4556.6733
8547.172
157.55957
0.0
0.0
4428.5146
0.0
0.0
3039.572
0.0
10325.738
0.0
75.74056
1435.4802
8855.422
5841.019
16.845276
500.77173
2486.163
1018.81555
0.0
7876.6226
2138.949
127.077225
0.0
0.0
8697.074
0.0
1981.3303
65.13449
854.2255
1102.0857
0.0
3708.3606
4210.882
526.95154
1068.9205
324.50378
245.6367
0.0
0.0
662.62024
595.1887
683.5049
0.0
2214.5508
0.0
234.70648
636.8424
36363.844
2618.7632
987.15906
0.0
572.9925
2120.4316
267.01297
0.0
241.39987
0.0
0.0
12280.239
2820.4565
0.0
113999.57
1370.9033
65.07236
0.0
497.31415
1983.2864
8841.861
0.0
344.98233
3529.8242
0.0
379.6572
215.21182
2141.9827
0.0
687.9799
0.0
1414.9644
1224.3118
5073.1357
3461.662
0.0
2174.6377
0.0
0.0
0.0
0.0
670.13196
0.0
458.6662
0.0
816.173
1817.4182
5277.4644
0.0
2204.3994
0.0
12431.178
14463.115
320.03217
417428.75
0.0
0.0
12532.323
0.0
311.76846
0.0
777.04016
0.0
2153.5366
0.0
899.773
1048.0098
0.0
0.0
2146.5723
1054.1819
659.8279
1914.2101
964.1079
0.0
0.0
0.0
736.55676
1247.8324
1084.3923
0.0
1869.094
1083.0948
0.0
0.0
2250.2988
0.0
0.0
1565.214
0.0
3144.325
2254.6182
946.91016
1594.1437
1629.4523
361.92743
1458.9779
1872.7966
0.0
497.32538
2518.823
713.8159
542.647
0.0
0.0
0.0
3238.5022
0.0
3013.3918
4102.677
1030.7859
770.32043
253.91217
0.0
0.0
0.0
3232.137
0.0
0.0
0.0
0.0
955.0153
0.0
0.0
0.0
104.12626
960.5562
571.00415
1329.2405
853.61304
3176.1455
1841.7656
1995.0883
769.9389
329.84146
980.6571
71.58322
209.55542
0.0
373.62646
408.227
540.39685
9391.068
0.0
245.5875
0.0
730.99817
197.6416
0.0
744.8617
0.0
581.3679
0.0
0.0
7837.726
0.0
0.0
6975.048
11632.402
0.0
2470.0464
0.0
118.32846
462.58575
3391.1487
2159.2056
1755.2911
1451.877
1047.7285
0.0
0.0
20635.65
1165.1345
0.0
1070.2769
0.0
0.0
0.0
110.97456
1550.1211
1960.9458
1709.6709
0.0
3156.8643
255.1961
0.0
1445.5726
0.0
0.0
153.77379
0.0
389.17264
0.0
0.0
0.0
0.0
2331.582
0.0
1321.6477
0.0
2497.4321
109.6352
0.0
0.0
806.68225
904.31146
1303.9136
1993.9706
1249.314
3615.8276
586.7039
776.3852
0.0
1125.7166
0.0
3379.6377
0.0
5904.6377
2619.8315
0.0
0.0
1386.6354
1071.9337
990.45416
0.0
995.0563
507.9113
710.5546
62182.047
3865.2275
931.2897
1040.1753
1957.1724
6580.8564
1872.8811
378.98682
0.0
26158.84
2000.9626
1290.958
0.0
459.67484
2801.4668
11440.469
1240.9011
1385.3438
845.2923
0.0
860.81067
1552.4841
753.07385
3200.849
1418.8209
732.1398
77.74374
0.0
389.3996
4510.217
2189.9402
1397.4187
933.5519
380.4345
0.0
0.0
996.9521
1063.9205
3796.9133
365.454
18073.875
121.04318
1043.5521
1500.0676
0.0
629.1012
0.0
249.80519
0.0
2054.623
1287.0743
0.0
1268.1769
0.0
3639.6943
202.95786
307.99164
0.0
482.74173
49557.57
1013.0403
5067.003
4519.237
0.0
0.0
0.0
1452.9553
269.84882
0.0
3934.101
146.07872
0.0
778.25555
0.0
918.4042
2687.496
0.0
3351.2114
0.0
5117.2207
0.0
0.0
1615.7847
143.43445
183.06726
58.18229
560.5027
27.004807
2811.5366
174.86386
359.39972
0.0
2597.854
0.0
2113.7761
293.50015
2584.6123
0.0
0.0
0.0
0.0
0.0
0.0
290.09534
487.87424
1052.0815
643.9182
3705.6245
2400.0552
0.0
0.0
0.0
1226.4478
265.8195
0.0
0.0
0.0
9845.868
4863.9795
490.42273
3545.7903
0.0
1009.5045
687.6582
0.0
4176.435
0.0
1203.0304
18.095627
1341.5835
535.072
87.00218
0.0
983.7379
0.0
1811.8252
1220.6045
0.0
320.81927
1208.6923
1686.7422
163.68777
0.0
1019.6509
0.0
1546.3999
1216.0348
0.0
569.0387
3213.1108
1324.638
2491.9548
0.0
1435.442
835.9504
0.0
742.6238
1412.5094
1469.582
144.9991
4042.6548
1829.2699
0.0
10715.743
0.0
0.0
0.0
0.0
1460.8882
3.1602325
561.9644
3238.822
71.846794
0.0
0.0
4116.4375
2328.4807
177.03204
0.0
307.6261
0.0
0.0
1224.9911
3839.7998
1728.3984
0.0
0.0
0.0
1473.6738
0.0
172.99548
1082.1069
2677.4355
765.1747
745.5304
1809.7793
0.0
0.0
0.0
416.3273
0.0
0.0
0.0
307.01736
0.0
188.05344
355.1752
0.0
0.0
623.5647
0.0
80.64911
0.0
1224.3226
104.27567
1720.73
0.0
159.59952
163.20065
1050.6814
690.4879
5429.091
62847.0
27.061737
0.0
1156.244
5518.0967
323.51288
8.132069
0.0
3697.3945
0.0
0.0
0.0
0.0
369.50244
2343.739
0.0
2903.6938
1019.99634
3465.4395
0.0
4739.138
347.85217
13743.809
0.0
2413.4453
3660.115
1450.4966
3065.2705
1045.7874
0.0
0.0
1373.198
0.0
456.79053
0.0
319.19836
3512.94
525.7545
4207.412
0.0
1545.6135
0.0
517.4123
1250.317
0.0
1442.8267
1998.9758
0.0
937.53394
20846.945
718.1664
0.0
875.2206
1741.2697
5887.641
792.01715
0.0
1058.9854
1341.9304
0.0
49217.465
0.0
0.0
378.3846
312.105
2025.5369
698.24066
3440.6196
0.0
2382.372
295.5069
2340.7183
4536.1143
814.87134
0.0
0.0
1957.3983
0.0
603.1456
1635.1523
679.3418
0.0
497.28766
0.0
0.0
0.0
0.0
0.0
305.14032
0.0
12628.806
12237.941
0.0
0.0
0.0
0.0
2600.4314
1311.5294
354.22424
2730.2861
907.51245
6707.7007
7723.257
0.0
297.28174
2681.4434
2224.3577
0.0
0.0
3325.7114
0.0
1671.093
2241.1038
0.0
0.0
0.0
993.7009
751.48303
832.4043
0.0
0.0
0.0
0.0
1602.752
4627.8584
2395.927
293.85406
616.4799
0.0
0.0
0.0
379.246
758.0257
323.737
0.0
0.0
106.58661
0.0
0.0
4108.791
5013.8965
0.0
112.504395
374.40558
311.1339
0.0
0.0
0.0
2610.6235
0.0
0.0
0.0
744.53076
0.0
959.6933
0.0
3252.4407
992.9539
0.0
345.84564
517.1278
581.4851
54.49356
762.58093
0.0
0.0
2127.9185
0.0
0.0
617.73596
1848.6829
0.0
0.0
0.0
2651.9482
5535.1763
2384.019
632.49146
1113.3894
2537.5215
1878.4656
616.5718
0.0
0.0
0.0
614.734
901.1653
3051.523
0.0
995.4894
1228.7429
613.4394
2478.7244
226.7667
0.0
7060.171
181.17061
1794.6079
916.2438
705.0927
992.9656
0.0
241.22339
1148.2686
0.0
0.0
3826.0413
0.0
0.0
1925.914
0.0
0.0
9224.848
706.9572
580.9092
1820.7947
337.38266
2103.7964
0.0
389.0904
0.0
0.0
2519.5544
0.0
0.0
0.0
0.0
0.0
0.0
928.537
536.4083
481.75787
1187.3455
0.0
2524.6218
9947.45
3938.7476
1528.2601
4324.3193
1879.9384
6017.8643
811.1777
0.0
0.0
253.74863
0.0
4170.381
0.0
1849.9138
4912.565
0.0
4.8844166
0.0
24.05427
473.87158
3283.9526
0.0
1629.0737
3022.761
4126.5576
911.6006
1339.0564
709.2738
691.5853
787.4549
0.0
5390.349
5421.247
639.5904
473.73615
2629.6821
0.0
175.67883
265.90527
2542.2778
1189.9017
0.0
657.9088
0.0
0.0
0.0
63.634888
0.0
0.0
0.0
299.8521
0.0
336.515
0.0
2473.0347
48.441048
162.05533
3598.2866
0.0
0.0
2617.106
544.2089
1285.7654
966.2129
0.0
0.0
2397.1118
7748.71
0.0
7865.5234
0.0
0.0
0.0
946.9219
6574.412
3357.0957
0.0
2740.4448
0.0
134.03069
2024.9113
0.0
2883.941
0.0
97.06766
0.0
150.89514
0.0
334.7624
1001.17645
0.0
0.0
1223.6337
0.0
3073.9692
174.1688
0.0
0.0
0.0
298.29004
3203.5928
0.0
0.0
1285.2361
10477.487
1903.7485
426.14438
677.3135
0.0
0.0
706.712
1322.6698
0.0
0.0
464.17023
0.0
733.4011
686.052
0.0
701.04553
13097.75
0.0
0.0
0.0
291.25067
2988.0498
0.0
0.0
36056.55
250.7052
2045.0221
0.0
553.7302
0.0
2645.7163
6715.2705
692.3043
1189.5192
0.0
11109.241
0.0
0.0
0.0
5283.5425
478.18234
0.0
0.0
1509.9055
365.6269
0.0
2423.4497
0.0
477.66666
0.0
0.0
0.0
5281.2573
1188.2478
1106.8281
1756.1443
4327.312
360.6077
1928.4683
19036.453
0.0
0.0
1125.8496
943.1334
0.0
0.0
0.0
1601.4402
0.0
0.0
857.7233
1898.6199
575.09106
0.0
899.9154
0.0
2035.7747
88.38418
0.0
835.8553
999.577
0.0
0.0
2467.816
0.0
1822.6029
856.2209
0.0
113.62779
357.57855
0.0
119.44554
446.069
3891.1543
2691.7368
7383.818
0.0
0.0
1909.493
555.9836
2709.1692
233.4613
3024.0662
0.0
282.9149
123.594345
0.0
6142.1016
462.65903
4503.8623
2733.8313
288.8121
1093.9062
0.0
0.0
334.5759
719.5112
0.0
1358.3323
0.0
1338.7695
483.95493
724.9447
1061.1207
0.0
1138.4563
0.0
1830.6873
0.0
0.0
1178.542
846.4728
425.81726
0.0
3493.2034
0.0
2981.1133
0.0
0.0
3962.3562
221.93356
1443.3971
0.0
156.04599
935.37256
15742.399
685.7694
3155.8418
2291.1243
0.0
413.9048
0.0
5815.7046
979.85767
627.42413
0.0
2435.7715
451.0453
1964.9745
0.0
2252.7292
0.0
0.0
1060.8447
2218.6377
1401.252
0.0
645.87115
0.0
734.3832
2189.0679
0.0
0.0
1097.5294
462.99988
4084.9329
0.0
0.0
897.37195
0.0
293.21234
2536.1753
6951.343
4930.242
593.899
1307.2345
0.0
100.57754
3278.188
494.5445
0.0
0.0
254.54684
0.0
0.0
0.0
0.0
328.75317
88.87666
2111.356
37.2526
6650.704
935.90015
0.0
0.0
0.0
554.54565
819.3076
1517.2941
0.0
1276.407
5344.759
326.4077
0.0
915.0831
0.0
0.0
0.0
1403.6277
0.0
0.0
588.4236
1912.8704
1001.70496
0.0
5.4845963
460.8805
0.0
2741.2078
266.39056
1385.2715
1014.7531
2849.2754
2587.037
713.84973
899.8391
0.0
0.0
5268.7812
0.0
1322.0032
0.0
1434.5964
4153.1553
581.39844
948.4204
0.0
20623.902
1245.6768
1733.5372
0.0
0.0
792.82556
318.50574
11242.42
1322.8821
0.0
5246.0396
2180.3853
939.86975
253.52461
0.0
0.0
69.57898
0.0
183.79514
1172.3528
2711.9082
0.0
4876.304
2712.957
2442.8394
979.6964
132.14583
3005.246
0.0
4633.3447
500.71347
0.0
0.0
4670.871
0.0
0.0
3064.779
0.0
3916.614
1391.5656
8310.532
0.0
0.0
0.0
0.0
1349.4603
0.0
0.0
20874.139
0.0
4189.529
0.0
32573.918
708.0215
794.01074
940.36755
4394.1606
3183.408
3309.2422
0.0
2487.8489
695.67126
124.32034
1607.573
5856.243
1501.4176
1084.2756
0.0
1495.835
1227.3757
0.0
3161.0547
5415.4077
603.55646
1723.5247
0.0
0.0
0.0
298.18283
622.9457
332.91125
213.22758
1497.8126
2525.0957
0.0
2056.0386
0.0
919.29175
302.17407
0.0
7442.5293
0.0
0.0
0.0
0.0
976.588
0.0
390.96423
0.0
2883.8608
1455.2161
4701.1973
13348.233
5350.5024
0.0
332.51282
2097.7244
3020.3438
0.0
0.0
281.59332
5078.306
1421.9971
0.0
0.0
18354.42
636.6822
2021.9971
5387.0957
339.3226
0.0
1484.123
1691.6477
20445.674
0.0
868.5503
2934.6426
269.55026
2256.3667
977.278
3187.525
72.28302
328.41333
7564.4277
641.4541
122.41272
0.0
0.0
967.6166
1450.464
4085.9478
0.0
0.0
0.0
496.50128
0.0
3379.1675
867.05035
0.0
0.0
643.42914
1479.6958
0.0
1109.638
3694.3809
1709.1912
3974.539
0.0
1990.7681
924.96985
1464.4938
625.2218
0.0
357.49234
1949.6337
0.0
1176.6744
1418.5533
952.64
626.17676
1563.9368
2100.9062
0.0
682.5664
1632.553
0.0
2793.2173
1838.5544
4285.1265
2591.3975
2276.3174
0.0
0.0
0.0
528.53406
0.0
1408.8904
505.20883
222.14694
117964.78
787.6314
5619.5557
2820.8784
2494.6646
0.0
810.2162
870.9847
0.0
1289.6375
0.0
140.21884
921.0139
2740.5796
960.7001
2756.149
0.0
1280.7728
9335.489
55275.492
2201.6006
1089.5675
154.37677
1131.4526
1580.1226
0.0
0.0
316.48245
1968.3729
435.9629
1127.5695
0.0
1069.3444
0.0
1620.3032
444.23965
0.0
3096.446
1103.9513
694.8522
0.0
4261.5845
2867.6377
2575.817
1573.8071
2211.0234
0.9564209
79.1118
1946.4688
0.0
806.6969
2138.3315
0.0
0.0
1373.8579
3587.4858
437.94336
4328.7275
56.44922
0.0
0.0
167.07962
372.7899
1439.2161
3074.8193
0.0
0.0
0.0
4645.7993
0.0
3961.1787
0.0
683.64087
546.95325
500.34445
781.35345
433.8127
0.0
596.713
299.8339
500.58484
626.4907
190.3763
5915.742
1369.7632
1253.1062
0.0
6823.1436
0.0
379.06168
1248.008
0.0
1646.8196
1375.7866
871.7273
3391.2695
941.037
6912.385
189.44977
0.0
0.0
0.0
4213.203
1147.0115
97.354126
716.7179
1686.4667
0.0
0.0
703.54675
1012.6831
0.0
0.0
382.07205
531.5897
1774.0476
0.0
454.43985
7020.4443
2966.1929
4142.5186
279.0256
1408.791
0.0
1219.461
0.0
2945.5579
0.0
0.0
0.0
338.1316
0.0
640.0762
0.0
0.0
0.0
257.1306
2771.534
513.52136
398.7765
2588.6846
336.55353
46.302074
1248.2272
3866.8647
2116.014
2024.5074
365.8738
4050.2622
0.0
1799.9998
778.03906
108.900925
0.0
6503.1353
0.0
0.0
256.3577
0.0
618.4554
397.8547
2894.208
0.0
844.62195
0.0
0.0
0.0
2372.8008
12927.07
1479.6106
1531.2292
4512.823
0.0
0.0
2496.5024
0.0
1108.2028
15204.746
0.0
1472.1971
646.9597
0.0
152.78194
1444.9888
1075.5321
637.4967
0.0
0.0
0.0
0.0
1071.2496
1418.5
4044.6064
0.0
0.0
4892.2915
491.21753
2311.5288
227.75497
1978.3269
0.0
0.0
1475.7454
0.0
21779.01
1362.3945
698.1012
113.77208
762.92444
0.0
0.0
2015.5947
0.0
342.5877
3774.4136
910.54395
1109.7126
0.0
232.39612
1375.0657
1941.4602
0.0
1251.2601
1974.2444
1497.8948
908.7698
0.0
177.06339
0.0
0.0
1642.1094
3133.4062
1181.124
0.0
0.0
0.0
1226.9922
0.0
860.5261
0.0
573.07416
1023.0801
621.1826
1983.5863
1160.3169
0.0
554.7451
0.0
0.0
1310.1943
0.0
597.898
0.0
1159.8037
5882.014
0.0
919.9128
0.0
0.0
740.9999
2434.6484
664.31696
0.0
0.0
873.94214
1473.2483
4114.166
641.83777
1489.4417
15004.908
0.0
735.95776
4143.166
0.0
0.0
0.0
395.69684
590.7034
0.0
575.20447
0.0
37.157402
0.0
1909.6759
1050.2354
0.0
0.0
1558.6357
0.0
176.35231
0.0
0.0
4007.1172
0.0
0.0
0.0
1993.709
1310.1293
1851.067
1525.3545
0.0
810.98694
1359.1512
605.32007
1246.2908
303.71472
0.0
1212.8008
217.56921
13787.938
322.32422
215.94905
484.16443
221.07507
2646.9248
1440.6644
494.3579
319.45203
0.0
0.0
0.0
2203.5767
1514.7894
468.49133
379.53406
1752.443
1953.0228
96.36812
242.0406
0.0
321.62344
7161.257
0.0
1789.7866
1451.8982
0.0
0.0
4664.975
917.1512
422.734
2525.859
3289.576
0.0
305.2532
1337.7034
484.61465
0.0
0.0
883.757
4903.852
0.0
5907.794
6125.505
262.54367
381.15387
1159.5803
0.0
5712.091
1138.1704
1778.5798
2054.8896
0.0
0.0
6597.4287
1867.011
2998.4072
1050.204
0.0
0.0
68.54718
0.0
1186.2936
0.0
0.0
0.0
656.42346
0.0
0.0
327.08813
0.0
5787.3477
0.0
1999.1232
954.9553
0.0
2184.083
0.0
3770.6753
0.0
2420.0884
436.6344
5471.368
0.0
0.0
605.7529
0.0
0.0
0.0
0.0
0.0
259.5048
814.1517
0.0
1495.3706
189.21365
2010.4197
393.96063
0.0
2147.1934
314.52618
4577.4443
978.43555
0.0
0.0
0.0
3730.7576
621.37103
9923.244
0.0
945.9529
26210.816
40986.605
1756.8467
3143.7761
3066.0227
3414.4155
0.0
1423.2345
68.4675
0.0
6077.5293
0.0
432.76904
4562.131
523.1874
274.80316
0.0
309.92352
440.91815
1323.1923
0.0
5942.3184
0.0
89.86142
252.39517
0.0
3384.7334
1743.1365
1361.6136
4074.248
0.0
3735.797
0.0
623.5249
0.0
3502.6636
0.0
3619.8418
868.7088
3730.2822
335.68677
0.0
25703.016
2879.1855
2171.4006
391.898
1378.4187
996.2755
573.32874
695.6969
1181.4904
0.0
344.66364
191.74815
1468.5364
4365.6694
515.808
594.8051
1361.928
640.52734
1003.646
769.3803
2190.6807
2381.7903
3387.2312
0.0
0.0
410.01096
0.0
0.0
662.92163
1725.33
175.62994
0.0
4247.255
0.0
53.801224
4083.043
1504.3098
0.0
1533.0797
0.0
0.0
3711.3284
6819.225
0.0
0.0
421.35803
1523.8044
3427.297
342.43167
203.24625
215.65392
931.5708
414.24454
0.0
696.6796
2591.2214
5998.624
760.8446
0.0
0.0
1200.4316
3614.6672
0.0
1960.3513
0.0
668.0242
2082.9795
0.0
941.99634
1772.8611
1252.9609
855.1003
0.0
0.0
780.79297
559.0286
0.0
0.0
1345.1287
0.0
3420.7578
0.0
4657.9746
2525.3567
1541.6614
0.0
1421.2634
789.0559
44119.79
0.0
4024.0493
991.0452
0.0
0.0
6579.046
733.7919
0.0
112.64184
1932.2876
0.0
2977.3662
444.91016
825.6655
5388.0054
1366.3425
625.23206
1426.8394
0.0
3752.185
1424.5508
2464.5715
2995.9236
0.0
311.16806
1139.3678
0.0
1094.6375
3972.2192
257.99548
1801.9502
1518.9281
4117.993
2154.7031
37928.188
3722.9893
1577.6943
606.0144
3367.2427
0.0
2340.575
12.068291
1180.1248
5815.4004
513.1401
0.0
0.0
497.6588
1072.0562
3347.0984
0.0
2273.5813
2012.9393
1413.7693
3717.6272
3110.7827
122.15848
566.402
1302.4099
0.0
0.0
1759.6968
6235.0156
213.4689
6340.76
0.0
3177.3306
940.4349
2546.1802
1953.7944
4231.722
0.0
553.2066
119.79184
6399.467
0.0
0.0
29.076202
230.57019
176.44447
1244.4734
0.0
2791.9429
0.0
773.94714
3044.5083
0.0
0.0
0.0
130.82916
383.16406
0.0
3612.076
1109.082
1211.2362
0.0
506.38373
0.0
0.0
1449.0054
0.0
1012.36646
121097.96
259.28894
88.9192
0.0
151.98749
474.6633
706.40436
0.0
0.0
1225.4551
598.2288
1071.5781
1509.2693
0.0
874.5758
0.0
2159.6826
0.0
170.07602
3208.63
139.5082
1483.6886
0.0
2749.559
242.84308
0.0
0.0
0.0
0.0
2020.7108
0.0
139.33221
134.25342
0.0
1608.4199
563.22894
9221.619
2025.2911
26209.348
0.0
0.0
2291.1094
67.33784
1440.4797
0.0
1970.7988
0.0
1000.7218
2287.1045
1084.3363
0.0
8527.349
0.0
0.0
1943.6766
22.133549
0.0
2599.5015
328.94025
0.0
23.184097
841.80005
195.92343
0.0
1372.1694
0.0
781.0571
0.0
188.5122
0.0
0.0
2763.375
345.18732
0.0
569.0424
0.0
134.10632
0.0
3229.4033
380.22467
0.0
33.878098
9126.807
896.6133
812.84753
0.0
279.67578
315.15048
1072.3174
175.16608
290.4696
1770.5654
2194.8462
11359.266
153.29062
1138.6912
4367.1465
0.0
1351.0142
0.0
604.8771
0.0
1183.143
1621.091
0.0
5306.686
0.0
6340.9844
0.0
2616.3447
1010.0798
0.0
913.17053
9270.456
2234.0332
1591.6967
2132.1882
780.28345
724.22144
3124.254
1553.7892
2411.9492
852.2537
0.0
0.0
43.951855
0.0
0.0
1666.9143
0.0
419.60376
0.0
812.7014
5886.381
3166.9648
4595.6816
1717.5725
0.0
0.0
2186.125
1739.5076
252.98413
1302.6517
0.0
1866.2892
0.0
2008.2148
0.0
5100.0483
201.96188
0.0
2049.2876
0.0
1787.0138
974.48206
0.0
777.01416
646.31903
1321.2872
0.0
839.1421
568.42523
444.16864
1112.3162
0.0
0.0
0.0
13970.295
95.41083
1682.0298
0.0
674.5314
6570.0674
0.0
0.0
152.50581
0.0
0.0
2869.088
558.8546
1117.8718
290.2566
1017.02686
0.0
0.0
919.02527
14820.794
1163.4111
10328.174
0.0
0.0
0.0
0.0
0.0
0.0
0.0
1987.9491
2865.187
963.9889
1415.3672
0.0
2210.7974
7010.001
2080.8696
219513.84
156.61002
3376.2144
3184.6174
60309.06
3315.1128
0.0
1602.197
566.20374
0.0
2424.8376
16460.342
0.0
567.13855
211.87265
0.0
0.0
7461.7686
1254.0552
2957.588
0.0
1129.4768
535.93427
991.8559
0.0
607.64526
1974.9607
0.0
0.0
57.993088
0.0
5263.5776
1386.3286
0.0
0.0
0.0
0.0
4551.0645
48.287758
0.0
0.0
0.0
1171.3088
3751.255
390.365
66.553894
398.1641
204.21246
1788.5308
0.0
673.51514
482.82635
0.0
4964.6865
1932.006
248.62955
0.0
1105.9052
833.70667
474.63004
844.10266
841.1948
5820.0674
0.0
0.0
0.0
0.0
159.05544
445.19934
584.5432
2131.2
176.8624
1502.8982
671.60297
3052.1726
626.1898
3341.6304
34.37684
4771.827
0.0
2956.1543
594.6915
2533.2202
11318.119
987.723
0.0
408.87833
1311.67
880.1191
0.0
0.0
19730.89
856.5584
2244.6406
0.0
4249.361
2515.9756
581.12024
0.0
0.0
554.3251
0.0
1460.4116
0.0
8036.214
668.9847
0.0
0.0
0.0
127.27901
0.0
6378.8315
0.0
300.9997
3932.5972
3372.3438
2968.671
2734.5688
361.74774
1244.654
341.89432
0.0
1287.1334
1130.4268
1763.2292
0.0
9358.433
1033.8552
0.0
625.92834
1608.192
579.276
75.68447
2445.5723
252.12492
0.0
1648.1654
2109.628
3426.5063
5263.9517
1404.2502
389.64502
550.89954
0.0
47.633713
500.74124
7143.4736
1454.4955
0.0
344.36142
868.32666
0.0
0.0
1429.0009
0.0
0.0
0.0
1641.3016
0.0
0.0
944.88367
220.00409
5637.5557
7408.615
586.8672
0.0
1326.6375
231.49377
1265.5195
0.0
1016.8865
729.38086
6478.716
6351.1396
1289.7465
288.90063
137.81973
0.0
1569.6797
2666.1858
2615.624
202.91989
0.0
0.0
11988.036
189.20741
4018.0483
0.0
1316.2118
0.0
4476.584
1102.5261
0.0
0.0
249.58842
0.0
953.67017
0.0
0.0
662.0023
683.995
8235.801
2356.924
671.5382
1738.1094
1617.2786
462.57346
0.0
0.0
115.795784
0.0
0.0
15894.598
411.01764
1053.5249
0.0
0.0
0.0
0.0
1588.9382
3838.6223
1555.4766
39.092155
2546.671
0.0
0.0
4307.4336
668.8899
496.42267
376.50012
1882.1034
2075.4077
0.0
66.640594
0.0
0.0
0.0
3003.8062
2730.5918
1560.7568
1607.6262
833.0597
706.2869
0.0
0.0
1242.867
0.0
3790.853
668.54736
1878.8436
1206.9147
4370.045
1104.1533
19712.418
0.0
7427.5254
716.4324
0.0
854.6475
13001.537
0.0
979.1945
1126.8518
1523.0331
0.0
1079.8916
1605.0325
145.15358
0.0
1028.7767
1619.9452
1165.9751
438.3528
165.19489
1121.2927
710.2101
0.0
240.7395
854.9271
844.0205
0.0
2978.2573
301.83368
0.0
1142.0645
575.569
0.0
662.96533
0.0
628.5254
2637.3054
614.3982
0.0
292.7165
0.0
2376.0864
816.1974
4559.175
5812.512
0.0
2883.249
484.315
1148.76
0.0
0.0
538.7933
389.0196
3098.7407
0.0
2000.4087
2704.7349
0.0
369.52673
75.144135
428.61285
5885.6733
1643.4337
957.8733
0.0
1268.3712
973.60925
772.4804
0.0
2930.5916
0.0
0.0
384.93256
1151.9888
434.68918
1385.7214
0.0
0.0
0.0
2717.5054
143.22432
235.24644
0.0
0.0
0.0
1441.4802
812.4512
1476.9126
0.0
0.0
1023.63464
441.1967
0.0
0.0
1031.3507
0.0
2566.32
1518.47
564.35657
0.0
490.13116
1830.6409
3377.1035
0.0
1271.9459
592.62225
0.0
0.0
5949.3843
1273.8926
1207.5992
2640.4885
850.72345
1516.2046
0.0
0.0
0.0
324.513
3299.2744
0.0
0.0
0.0
1367.6777
1856.0115
0.0
0.0
16967.828
2191.605
0.0
444.628
0.0
1533.8549
2110.418
0.0
3007.992
0.0
0.0
1114.7266
0.0
1869.9475
0.0
418.75266
3432.0718
1734.7002
1905.5999
1857.3177
572.4492
6881.6123
7908.645
1820.7944
1056.0686
3438.3513
458.07135
1294.052
352.48407
1182.648
324.1095
0.0
6974.054
1709.9662
738.2134
1788.3091
0.0
2414.2773
1209.9558
4606.689
0.0
0.0
0.0
0.0
0.0
0.0
0.0
1375.6731
0.0
1230.7402
859.2028
1650.867
0.0
0.0
3464.2024
293.96198
0.0
2606.1013
5886.4004
2400.2407
0.0
3204.447
5473.063
103.98194
862.8392
326.59692
1186.9404
363.8377
0.0
1495.1531
214.60388
3375.2593
0.0
0.0
0.0
1088.7949
9726.638
1367.4813
188.21594
279.99902
505.20026
0.0
1071.54
18520.85
1293.9453
1867.0361
0.0
1051.252
3218.9165
0.0
0.0
1454.4557
5020.739
1810.6208
0.0
1084.032
8578.967
702.73364
1000.54193
963.04816
0.0
0.0
3668.8438
582.8782
10539.559
1210.2065
2620.7507
0.0
0.0
6074.5454
98.611694
0.0
1359.7068
1181.9849
8220.851
0.0
3127.9634
871.17834
0.0
0.0
1722.3912
0.0
0.0
986.76965
0.0
4627.8984
3923.9956
0.0
3097.376
2029.9371
0.0
0.0
0.0
2656.3635
1770.9763
0.0
2909.9033
4878.421
237.18698
71.60008
6.190674
802.1813
390.15686
0.0
1003.1862
0.0
517.18744
1676.0039
58098.39
40514.03
1391.1282
400.4585
1511.7538
0.0
0.0
726.1207
683.7623
1009.6472
756.74695
234.18997
4599.254
0.0
1614.89
3435.399
2613.022
205.90904
0.0
0.0
498.6809
2609.7986
1552.6431
0.0
0.0
252516.56
1761.1338
7559.7627
0.0
0.0
4122.127
0.0
0.0
478.16718
0.0
558.1761
0.0
494.57916
664.7411
0.0
328.75214
0.0
435.30267
0.0
0.0
2166.015
1305.1752
2203.901
80.09179
4987.2227
2730.76
747.9518
0.0
1990.866
427.7906
1653.7515
555.96375
3876.8735
1965.0833
1433.8274
598.1832
1056.376
9491.2
797.4756
219.73013
1701.1606
1069.1489
2415.6924
980.86194
427.11862
0.0
2136.79
13991.785
0.0
27390.062
0.0
1140.4824
1520.4817
2113.1963
1798.9656
553.755
0.0
3616.815
1651.8455
25213.668
930.4955
0.0
0.0
0.0
0.0
1101.8109
0.0
1095.2603
835.6584
0.0
1061.3253
886.825
2004.0399
206.48163
4565.341
0.0
0.0
2281.5234
2455.14
0.0
0.0
2186.9585
3813.601
0.0
1698.5981
1510.9474
0.0
277.7155
3386.6758
0.0
0.0
0.0
0.0
0.0
0.0
928.0259
494.72714
0.0
1442.5631
3477.0378
0.0
2648.525
5219.229
1124.6901
2265.7222
0.0
164.1744
0.0
11150.485
4115.9536
1770.0054
0.0
2363.4666
1522.1333
708.1511
403.59534
0.0
204.6865
0.0
0.0
4145.66
0.0
2282.6997
225.42726
401.94785
74.17604
0.0
1230.1467
1778.2891
0.0
3847.879
87.51727
0.0
661.8985
781.10205
1959.6216
458.57016
0.0
0.0
549.9795
720.2831
0.0
1826.1885
745.76624
0.0
0.0
4109.88
414.206
0.0
0.0
1927.4878
1018.72754
169.38495
752.34705
1396.8618
0.0
0.0
0.0
0.0
1235.1066
348.08954
0.0
436.24536
0.0
953.2378
355.80988
0.0
299.57196
0.0
525.7441
0.0
1818.8561
139.31213
7073.1465
0.0
0.0
0.0
416.1532
1888.635
1251.2527
0.0
0.0
4504.444
0.0
0.0
0.0
2862.5225
0.0
0.0
122.71332
4031.0242
0.0
1068.7588
2797.0518
1217.9154
1240.405
1343.4883
450.00897
0.0
3015.5466
1014.31274
0.0
116.706635
0.0
0.0
872.27686
0.0
0.0
2092.229
0.0
0.0
0.0
973.74725
3785.993
580.9232
2201.024
2273.538
2018.4355
0.0
1437.4077
867.56836
871.2882
4907.2573
0.0
769.71875
119.2676
1848.3512
892.0846
2249.4497
0.0
2222.3926
0.0
0.0
0.0
554.157
803.20703
0.0
0.0
1546.5552
0.0
2445.04
0.0
0.0
0.0
3941.4487
1953.721
1561.8684
3932.7935
865.11255
547.4938
3166.809
2012.2983
1204.5946
0.0
482.27597
940.84235
173.95218
0.0
0.0
1987.1317
0.0
0.0
19.110626
4313.595
0.0
232.93097
0.0
0.0
790.98285
1108.3553
4796.3926
289.7333
3296.5132
313.91257
0.0
2306.1045
2443.4417
0.0
1086.3367
509.66296
6596.466
0.0
2654.4688
447.3755
19488.51
0.0
875.79565
0.0
0.0
386.51776
3253.8245
105.29849
3353.067
2132.3496
17333.451
1312.3779
0.0
1026.7275
1883.4446
34436.75
110.71491
0.0
0.0
0.0
1263.6843
0.0
2489.033
0.0
417.33508
3000.6458
3217.8613
1022.2722
2656.4487
1122.7461
0.0
0.0
2138.1792
250.65271
578.51294
104.1225
337.37256
2741.3652
0.0
153.52956
0.0
0.0
2703.168
1102.4573
919.3975
252.81941
0.0
276.80875
1000.2777
3052.151
0.0
26.766846
0.0
0.0
328.56757
1870.511
0.0
3900.7341
3170.7722
1539.667
1609.3523
0.0
166.20609
132.86806
971.2473
28050.576
0.0
5.955864
0.0
3531.604
938.97906
1405.1006
5665.335
1159.1161
0.0
0.0
2032.0679
0.0
0.0
1639.5911
0.0
715.1859
3239.4937
0.0
493.22723
376.71198
4001.9106
1409.1116
0.0
0.0
6104.148
0.0
413.538
919.40436
0.0
406.0365
0.0
1165.8367
519.42566
0.0
5247.6807
729.563
0.0
0.0
190.41983
0.0
9511.149
2153.1445
242.68788
0.0
0.0
636.2173
550.9407
0.0
0.0
1503.064
1128.3662
129.22556
599.3528
0.0
800.0984
1970.1406
337.60187
2904.8472
2138.8716
0.0
0.0
0.0
342.78558
0.0
787.8706
1171.0276
6213.048
6777.6377
37017.15
0.0
0.0
896.1073
2372.9937
0.0
22131.027
2501.023
0.0
3304.6953
3331.2231
0.0
0.0
0.0
5366.24
1033.5039
5821.197
365.2483
1581.7772
0.0
421.21613
1602.2681
0.0
9465.074
3969.4915
0.0
0.0
7603.3545
0.0
0.0
801.8922
311.71283
3451.009
2269.2473
432.47034
1470.1604
1617.6304
1090.5704
1079.1583
14201.99
610.5917
1561.2821
0.0
797.6907
0.0
264.26178
2127.275
2629.979
464.7495
1050.6763
1456.4166
0.0
0.0
1611.7043
0.0
2085.92
2383.7153
2594.9587
0.0
607.08093
0.0
374.01862
10269.747
925.66614
5006.6284
155.68967
0.0
784.11914
1347.5935
367.37573
0.0
1227.3805
0.0
6872.9756
0.0
1760.8846
1316.4497
1387.2905
0.0
3283.164
0.0
1031.8093
0.0
2778.377
507.8531
464.6973
1117.7444
0.0
836.3286
0.0
141.7188
0.0
3980.5605
0.0
382.05392
0.0
1923.9258
2028.0586
0.0
3120.9688
1492.5627
0.0
8052.9272
185.10281
0.0
1340.0337
0.0
7589.134
1239.3087
745.80133
1520.8151
1264.1431
0.0
167.2644
0.0
623.4226
1589.6292
0.0
845.7032
0.0
0.0
11829.135
967.11365
0.0
76.32515
0.0
484.10672
1666.8308
0.0
0.0
658.53595
0.0
861.8212
4491.5366
2057.835
434.3144
0.0
536.74066
0.0
16801.328
1101.1278
1159.4698
4978.0586
2161.3953
0.0
0.0
60.264275
0.0
6048.583
426.4309
3475.7058
0.0
0.0
998.479
2348.0645
199.50766
1282.676
0.0
76.15682
189.87332
1712.3323
3839.7173
25838.025
1756.657
960.9439
879.9866
6064.2715
508.26962
38.584564
0.0
101.03568
7509.2344
0.0
10901.314
384.6393
2909.0493
0.0
0.0
98.32774
4839.998
519.95935
873.07776
3627.9434
1828.1228
6769.6206
0.0
624.85876
984.2561
1229.9713
2451.2285
0.0
232.39035
0.0
0.0
0.0
0.0
1405.4008
584.21
1232.7515
0.0
184.53293
0.0
0.0
0.0
2773.0154
1507.6108
475.46222
1147.9894
0.0
1364.0745
3549.6719
19105.875
754.97656
0.0
251.784
4460.5127
2138.4963
3525.5554
2490.608
1368.6177
181.74387
0.0
0.0
0.0
30.717178
0.0
1731.0492
212.28488
5397.4287
0.0
0.0
1466.2273
1088.7704
0.0
2282.4023
0.0
1779.9519
625.27026
244.12265
656.8229
1483.0776
1668.9011
3282.9316
1045.3741
1198.3291
501.3001
0.0
2208.8252
0.0
281.40347
1277.9907
10310.138
0.0
0.0
0.0
469.80634
0.0
0.0
0.0
0.0
1564.9172
1725.0906
0.0
2082.3835
0.0
0.0
0.0
3025.5417
0.0
647.24915
0.0
1578.2595
546.3837
0.0
21846.04
2841.9917
0.0
735.3091
2313.2617
3221.33
115.64334
0.0
350.709
1305.7949
82.04319
1271.9099
0.0
0.0
1233.3281
1215.4452
0.0
1523.3862
705.3108
5171.264
751.22437
0.0
3162.775
1057.4563
0.0
0.0
3921.9321
312.5767
0.0
0.0
938.8103
0.0
858.9385
1360.5022
0.0
0.0
0.0
0.0
0.0
194.74683
1589.9624
731.53455
285.52582
1426.6296
4346.613
2861.1897
0.0
0.0
0.0
1960.992
0.0
3209.1619
43225.457
0.0
0.0
1196.6749
0.0
0.0
0.0
0.0
41205.062
1717.0427
497.13376
2193.378
0.0
386.57578
0.0
2345.1914
0.0
0.0
532.78125
2430.2275
337.3731
446.94165
0.0
3908.6025
4646.6035
0.0
1317.0978
1041.082
331.32208
0.0
0.0
3648.7617
1375.7039
3468.043
0.0
6159.2744
2064.657
0.0
1303.8203
0.0
0.0
1770.353
4105.839
0.0
2550.4
2080.0288
682.5652
1052.4017
161.66867
0.0
9568.439
775.9262
2108.8198
854.56274
0.0
0.0
0.0
4083.165
1749.0571
912.4144
0.0
8118.99
966.20874
674.9005
1587.7509
8139.399
1414.5713
16407.133
0.0
0.0
0.0
0.0
0.0
0.0
7697.1016
0.0
0.0
603.95087
1909.4885
331.56836
70.705376
0.0
0.0
0.0
0.0
0.0
0.0
0.0
0.0
485.38828
0.0
1583.5531
46246.5
175.82889
615.126
1.1847315
1008.0443
849.60095
30.325104
6321.0483
0.0
0.0
1440.983
0.0
2218.4082
0.0
20826.998
1056.8962
1831.9535
1629.8563
20647.271
0.0
169.52373
0.0
1383.457
8185.0283
0.0
0.0
17699.852
0.0
3841.1128
464.0033
3917.7798
0.0
0.0
650.46136
0.0
973.417
0.0
115.44476
0.0
10581.581
826.99866
0.0
1824.1306
847.2919
4644.74
1001.00995
0.0
0.0
3167.6677
324.2892
0.0
0.0
63.777588
0.0
0.0
0.0
0.0
0.0
0.0
457.40515
846.81726
635.1105
174.25735
0.0
1317.177
6113.2607
0.0
1998.2439
582.3446
9274.947
323.26465
760.15906
469.92932
0.0
2022.8645
0.0
6097.8496
0.0
3942.4832
5369.784
0.0
573.69745
36012.97
2849.6104
43.912766
537.4288
0.0
0.0
0.0
1602.1095
0.0
1525.9366
0.0
0.0
443.70508
0.0
4796.86
424.8947
0.0
0.0
198.81642
198.01157
5145.1895
5388.948
0.0
1688.5066
0.0
221.53375
0.0
0.0
1296.5195
0.0
0.0
0.0
0.0
2115.0112
0.0
0.0
0.0
19059.145
2752.6882
1304.0885
0.0
0.0
176.22719
0.0
345.70462
3674.8242
0.0
870.90216
1346.8745
0.0
0.0
0.0
3588.94
0.0
0.0
2443.9084
0.0
0.0
1768.6597
389.50992
0.0
5069.494
5494.4863
1019.44714
475.38965
1136.4585
5620.34
473.4751
1326.6218
462.38687
210.75638
0.0
809.5269
2651.8396
1607.1876
0.0
690.9404
0.0
0.0
5377.0586
107.68485
262.7732
3519.7473
0.0
109.03951
447.75955
128.12457
198.8436
3426.0283
3295.8857
2730.517
2334.795
48.546097
368.23254
0.0
4277.446
0.0
0.0
0.0
2718.2476
0.0
0.0
318.3223
0.0
1766.3516
0.0
0.0
380.395
859.6654
0.0
790.56055
0.0
0.0
0.0
46891.312
0.0
3004.8423
7316.504
0.0
308.42798
0.0
634.5947
0.0
28598.879
1039.9961
1111.5066
0.0
1433.0209
0.0
0.0
0.0
559.7279
0.0
0.0
823.3071
0.0
1926.707
4315.134
3773.8555
499.54474
532.32275
332.7754
4222.347
2374.191
1557.9438
0.0
0.0
32.844326
0.0
220.1813
78.66107
10662.173
1853.0024
0.0
5100.631
0.0
323.8219
671.97864
798.6814
0.0
0.0
0.0
0.0
0.0
2707.724
2248.7168
7627.778
0.0
1232.0125
377.88824
1101.1075
692.4365
1328.533
0.0
260.78125
30.087654
4964.9946
3907.3442
0.0
0.0
2107.7778
683.504
544.1797
379.85388
21871.348
421.6675
0.0
1570.8978
1528.3848
2196.3315
45.949028
0.0
0.0
1212.3179
319.41925
1370.1045
754.2743
54968.16
8658.354
0.0
1658.8932
139.42737
23231.256
1575.8069
0.0
932.69824
0.0
0.0
156.30635
179.28868
0.0
0.0
541.90295
0.0
0.0
465.1712
3314.1086
1847.5538
929.2706
3405.7986
714.71466
372.8869
937.5799
404.8858
0.0
0.0
1296.3826
789.8257
0.0
567.4715
1901.5059
5125.195
0.0
1695.7783
0.0
0.0
99.11633
0.0
2134.691
996.3483
0.0
0.0
997.5431
0.0
0.0
14329.975
0.0
1033.6558
0.0
615.6154
0.0
61323.84
3236.2637
164.34706
1961.2877
697.7579
0.0
2377.5115
0.0
871.3137
0.0
844.72205
81.41928
1824.5265
3188.9727
557.13605
0.0
811.37585
332.2498
2292.268
0.0
1886.4163
0.0
0.0
0.0
716.22815
4750.784
0.0
1104.8667
0.0
647.9634
960.0174
481.27542
0.0
0.0
645.7726
703.80804
441.85333
803.225
172.62479
0.0
0.0
85.61647
1992.9678
0.0
851.8302
390.5133
0.0
999.608
637.3621
851.539
0.0
0.0
2974.7256
10455.169
319.38443
0.0
255.98105
984.61096
982.10913
4378.1357
3307.119
0.0
224.3938
202.73334
0.0
3121.42
0.0
0.0
1514.7603
0.0
3176.546
586.73157
0.0
27.235687
739.253
281.6359
0.0
834.1644
1532.2883
0.0
0.0
0.0
5784.2725
0.0
0.0
2863.723
41.000458
0.0
0.0
0.0
0.0
0.0
0.0
5118.1094
1319.2766
0.0
15436.095
536.22314
16604.31
142.65839
590.3844
1286.7312
0.0
3576.4082
811.9463
841.78564
0.0
0.0
2083.1926
311.85574
1189.4099
988.05237
1733.5945
0.0
2292.5703
2172.4688
4091.7407
7987.4287
12149.403
0.0
0.0
0.0
985.4491
0.0
30072.217
367.65735
198.96576
0.0
855.0705
6562.5957
1788.1808
2680.3193
0.0
0.0
862.7837
659.1177
3894.6833
1322.8403
0.0
571.24176
1755.8516
550.3227
3513.8538
18.648354
8.154373
582.85767
0.0
0.0
47817.79
0.0
6574.4365
0.0
0.0
0.0
224.44194
0.0
13325.43
555.1247
0.0
0.0
1330.601
0.0
1190.382
0.0
1144.7115
0.0
0.0
0.0
948.5823
0.0
287.1634
995.6964
328.41232
3777.426
0.0
2304.538
593.1083
86.85788
1527.5334
0.0
570.0117
2124.0232
0.0
9359.877
578.6766
328.4694
4764.549
3948.5918
88.78363
0.0
524.4469
22.080631
0.0
753.9592
0.0
38212.36
2737.0474
4354.8613
0.0
1883.5327
0.0
0.0
1178.5734
0.0
520.22943
1309.0793
0.0
4089.6575
1204.0181
0.0
0.0
1851.4597
0.0
446.44336
0.0
0.0
1889.0164
0.0
0.0
1340.2433
0.0
0.0
1913.6564
0.0
0.0
2041.0461
0.0
0.0
152.08607
453.7978
371.3839
745.3213
0.0
558.0244
0.0
2117.639
1830.7119
4539.153
798.9501
0.0
69.8866
339.88107
0.0
0.0
1652.3618
0.0
696.1617
0.0
0.0
0.0
736.0723
3715.7212
3590.4292
67703.06
585.4033
641.16125
0.0
2015.3076
0.0
0.0
13770.316
1537.186
0.0
0.0
1465.8186
2227.9902
6226.4727
0.0
1812.6218
1207.456
36.371384
0.0
3264.6558
8637.464
0.0
438.88788
0.0
0.0
1364.2019
0.0
951.537
426.4615
0.0
14017.248
5299.376
0.0
1037.6119
0.0
0.0
2200.947
0.0
2812.9983
5992.268
583.0804
2794.4478
944.7719
0.0
899.98303
0.0
5282.0103
1123.1917
2657.1567
9561.156
566.4861
0.0
1119.3132
0.0
0.0
867.78796
510.6312
1350.1049
0.0
0.0
1879.0913
3216.4521
0.0
953.6426
1874.4358
427.70477
0.0
1535.7112
0.0
0.0
319.3778
209.6268
10823.017
0.0
0.0
0.0
0.0
0.0
180.74246
719.5099
281.045
5383.6045
3411.6458
0.0
870.37244
1501.794
0.0
0.0
2858.347
0.0
4758.933
610.66943
7857.7764
0.0
523.3889
489.03888
2629.3223
1655.6227
1121.8192
0.0
2133.9893
2216.3677
417.221
527.05237
1998.5521
0.0
341.0888
3633.464
4873.2695
631.1013
117.77516
1056.0498
0.0
3940.6787
1596.9014
1168.7285
0.0
0.0
0.0
0.0
242.40416
2281.5566
572.8665
3033.0986
319.6143
0.0
2383.69
404.5915
63.519615
0.0
0.0
532.7333
0.0
5131.994
0.0
186.37871
6698.4585
0.0
5517.0996
0.0
1255.511
350.65115
6881.795
2612.913
0.0
2056.034
1752.845
0.0
379.2033
0.0
1996.8313
0.0
1907.9133
340.19147
177.79187
262.87692
301.03992
4022.9822
0.0
1913.0918
0.0
2068.5593
2613.2678
0.0
95.0031
2658.1748
0.0
0.0
681.22815
0.0
8095.3447
14909.324
1862.2612
0.0
1594.9479
0.0
0.0
260.36157
1798.5869
1195.1327
0.0
0.0
999.917
3535.481
551.693
0.0
1024.7515
4072.6519
2820.5063
0.0
1247.3074
177.58371
1019.20734
0.0
610.2688
0.0
0.0
1996.7322
0.0
2732.545
491.47333
0.0
2346.7607
0.0
478.9356
0.0
3232.605
312.49872
34407.242
5677.2334
0.0
398.18878
167.96933
138.15724
0.0
171.5217
0.0
0.0
5244.9004
0.0
656.2678
492.86615
635.843
5733.1514
40.047432
1556.3523
0.0
0.0
0.0
0.0
0.0
1011.7512
4231.367
0.0
0.0
0.0
550.8294
0.0
4343.2935
3207.9653
0.0
7591.5996
0.0
0.0
0.0
561.6378
0.0
568.2655
0.0
0.0
127.38466
464.6488
939.4972
45524.113
0.0
0.0
0.0
694.4994
1333.3462
0.0
0.0
1469.7546
729.908
6207.9355
1371.194
2131.085
0.0
579.8226
1254.9429
2065.245
1212.2046
0.0
427.89386
124.03502
0.0
0.0
96.41436
1704.6499
1965.8286
178.55257
0.0
92799.45
0.0
2472.745
0.0
924.6814
1046.5249
1245.5386
1893.8195
0.0
131.10678
789.56396
25.237946
1204.4446
4764.1436
0.0
0.0
0.0
1592.5581
60.413025
1051.1903
393.74692
0.0
0.0
1514.9481
0.0
0.0
0.0
1050.8159
751.2301
138.86954
0.0
0.0
5900.509
985.86743
8171.6846
0.0
0.0
1469.4518
1966.2544
0.0
0.0
134.52164
93.12829
0.0
954.02527
1188.2712
234.90746
328.13306
0.0
0.0
0.0
0.0
14461.286
0.0
378.92062
0.0
2944.1675
0.0
0.0
2162.7407
0.0
1356.9165
719.2997
21.426691
2487.5
0.0
318.5719
4062.6135
4362.5747
0.0
0.0
1594.0513
0.0
0.0
221.74806
0.0
0.0
111.42072
0.0
0.0
0.0
544.782
0.0
1333.8276
1744.2562
0.0
0.0
1225.4417
0.0
466.79907
0.0
2429.032
1178.4143
0.0
0.0
992.07294
2489.7825
0.0
11474.351
1252.4548
172.95457
0.0
3558.4915
1046.818
3053.5525
438.15753
0.0
51.81656
0.0
969.89124
995.28394
3073.12
390.88937
1258.4692
4.406952
383.07025
0.0
258.02124
189.36084
4651.9614
1074.3284
0.0
0.0
0.0
833.0489
213.57227
1283.5105
73.79331
116.82883
661.2018
7055.205
0.0
908.8646
2465.2554
2068.5312
2196.1208
1634.4141
1378.3176
0.0
4272.6704
3800.8296
444.9746
0.0
0.0
21021.207
0.0
759.5624
7245.177
1188.5254
1315.3867
0.0
552.725
680.2624
1148.2258
0.0
3729.0974
0.0
4816.215
2226.3162
480.1147
2958.6343
5459.164
1291.1309
1096.0634
0.0
978.5969
0.0
0.0
0.0
4737.16
2573.5923
1781.4792
274.39487
1022.7024
496.79785
0.0
503.86896
0.0
94.00507
0.0
0.0
0.0
0.0
15739.148
252.9237
555.0895
0.0
0.0
2537.2373
0.0
1847.7661
0.0
0.0
0.0
166.35808
1640.6451
0.0
0.0
0.0
1222.7877
634.93286
211.74701
1726.092
7406.277
0.0
0.0
0.0
2521.619
4042.2185
2070.1733
251.18222
17783.18
132.59055
505.15674
0.0
2038.3757
1721.9471
925.78394
618.44775
37.024887
10231.176
0.0
640.4533
0.0
838.8828
0.0
104.696075
459.29303
0.0
2019.7975
1152.5157
2996.7754
1178.6857
1756.6909
2401.807
3916.938
663.18317
4252.1426
0.0
0.0
0.0
31089.715
6079.3066
328.20145
0.0
3307.059
10224.102
7789.8564
513.2444
520.10645
661.93536
0.0
1346.6771
1591.7822
2638.1892
0.0
1507.5115
386.5135
372.67267
1367.7192
224.20049
0.0
4177.881
831.65234
0.0
292.32028
818.4896
16963.068
1186.8853
1389.598
228.52185
1822.3499
1819.7006
1303.2659
1576.9153
150.04178
1740.6421
5523.826
0.0
454.21768
621.8778
0.0
1198.5272
1575.8031
0.0
682.48157
0.0
1423.1915
1740.907
1307.6464
0.0
4219.57
0.0
656.70074
97.15509
298.34045
0.0
2801.796
30.736156
318.0402
830.6805
0.0
0.0
2793.06
1747.6606
4304.766
236.10413
0.0
7618.665
0.0
8496.486
0.0
1109.676
792.666
0.0
1161.935
0.0
1272.3223
65.030785
319.95978
0.0
0.0
0.0
857.4182
756.43835
0.0
0.0
1924.878
4448.9253
181.42557
0.0
618.96313
2148.9395
45.737137
0.0
684.0812
185.68964
13621.136
1735.7803
0.0
1157.6321
3030.2578
225.1914
3106.0989
0.0
0.0
102.74693
734.25275
0.0
1869.6047
759.2609
7979.7734
0.0
3620.4763
87205.72
1990.135
1335.5754
46964.555
0.0
0.0
0.0
0.0
1399.4326
511.54187
0.0
0.0
4398.291
0.0
0.0
0.0
7965.2715
11072.989
0.0
112.84426
0.0
1285.5939
426.54388
0.0
850.8441
739.68835
440.12268
410.28528
844.1421
940.98175
2156.751
0.0
1492.9014
3322.8955
3067.2896
0.0
0.0
373.23834
0.0
741.26965
290.52222
0.0
1303.5725
78.70334
1368.3428
0.0
385.20233
1418.7279
0.0
911.1927
4793.2817
1199.8838
2187.9126
166841.31
0.0
142.37831
0.0
958.8133
1045.9601
2470.024
0.0
0.0
245.96292
0.0
1830.3832
0.0
461.8801
1198.0618
367.489
4216.6084
0.0
580.9182
0.0
0.0
0.0
1452.7389
2574.357
27.163696
7331.761
2827.8193
9532.161
406.25476
1062.5752
0.0
0.0
1118.5188
1655.2375
0.0
255.17462
636.2144
0.0
0.0
103.071014
782.17883
474.0725
115.05519
56.256546
906.13385
0.0
2876.691
0.0
0.0
315.13977
318.15372
0.0
0.0
863.453
326.60455
1557.4363
0.0
0.0
0.0
0.0
0.0
0.0
0.0
0.0
751.50494
7111.398
752.6178
0.0
0.0
2908.0762
0.0
661.5079
3531.5188
1051.939
0.0
4565.077
2458.7258
76.00901
0.0
481.96912
365.7864
72.70126
1344.3745
2782.296
228.01697
45.479538
0.0
2845.4697
312.3039
5973.0483
221.80649
0.0
117.74605
268.79312
628.4951
276.4595
2207.7842
1811.04
1443.1616
0.0
516.0514
1372.5352
3242.6494
12058.17
0.0
825.48035
0.0
1710.5818
5949.748
417.4203
12474.831
160.6508
4409.6533
23732.787
0.0
0.0
0.0
0.0
0.0
3692.4404
1577.2261
2849.1863
1396.7969
2544.0122
0.0
1457.8777
1918.9839
1886.172
1314.7559
0.0
0.0
6352.215
0.0
2460.8784
0.0
0.0
1604.6951
0.0
2116.4863
2861.3179
1262.572
3661.0737
25.45847
0.0
0.0
1495.219
729.28326
3332.943
261.4773
0.0
3737.6392
364.8724
0.0
540.1133
0.0
1110.4974
3243.1033
2832.6113
2622.178
173.29407
2287.495
0.0
1348.632
0.0
418.44293
3793.7239
838.86255
0.0
0.0
0.0
370.3417
0.0
1024.9385
0.0
2369.2085
7946.0605
536.65906
792.802
53429.29
0.0
1727.0337
151.49103
1664.6383
0.0
1112.7913
0.0
2023.2869
0.0
1417.2244
1198.229
467.82968
216.00883
5715.4316
0.0
59.88131
2148.6106
69.165184
0.0
2757.4136
0.0
0.0
0.0
5151.3994
0.0
0.0
0.0
1383.6865
3892.4463
0.0
350.87262
0.0
0.0
0.0
0.0
1539.9175
624.08344
1693.8335
0.0
233.98265
3372.7285
0.0
0.0
116.372505
0.0
970.4848
8910.061
0.0
6262.7993
1908.2042
0.0
0.0
771.21204
0.0
1051.7246
2208.1611
0.0
3926.044
12656.157
4073.185
0.0
0.0
5383.7607
9901.751
0.0
0.0
0.0
907.04926
774.64935
3061.7979
0.0
0.0
311.5328
3533.6216
0.0
3960.8662
696.66833
151.80101
0.0
0.0
0.0
938.02496
6415.1123
1376.5471
4208.0327
189.00356
0.0
5477.8027
0.0
0.0
1433.8605
2298.2607
875.09717
0.0
3298.125
0.0
0.0
38916.137
916.2129
0.0
0.0
4880.9604
1019.44714
0.0
3345.1155
6694.5015
163.32047
353.3819
0.0
3584.019
1820.2894
1478.0505
0.0
0.0
7255.04
2948.7468
0.0
653.0002
0.0
0.0
31789.742
2498.3345
0.0
0.0
2358.2246
1399.8142
1456.8608
0.0
105.48594
0.0
853.904
83.62186
1039.6311
643.131
0.0
5511.499
4410.8003
1946.8275
8288.407
0.0
0.0
915.1206
0.0
1598.2626
2669.64
4.8608856
1191.356
1865.6884
0.0
485.98663
4960.3643
0.0
3218.3083
1450.6244
1497.4712
2026.5503
0.0
1383.7002
1583.806
0.0
0.0
0.0
1772.5859
0.0
0.0
0.0
706.102
2745.3958
398.35754
871.74567
2139.4832
1374.8926
4426.0137
0.0
0.0
685.13226
1536.8306
0.0
1612.2648
1937.2418
1526.5564
623.24316
0.0
638.78125
1997.6536
0.0
0.0
9078.736
16052.999
91.96661
2244.7012
0.0
1355.2393
0.0
76.11389
22862.742
2802.127
369.1386
210.05287
0.0
0.0
0.0
0.0
0.0
660.8944
5275.396
0.0
824.0405
108.26298
0.0
71.30041
5060.2793
0.0
28281.62
2384.8247
925.81995
1240.738
1240.5239
3196.9473
656.18335
0.0
0.0
1480.4695
1352.0328
444.61072
1403.8845
17531.367
0.0
318.13916
0.0
359.15698
1232.9753
519.2106
551.0836
7078.894
665.5273
1228.6807
146.2715
4111.2354
0.0
2829.2046
0.0
0.0
4268.8896
753.33673
1532.4526
7225.0713
0.0
0.0
1926.1929
387.43353
0.0
288.5013
122.6371
4173.473
355.04785
0.0
1204.0132
777.8444
181.28284
856.23157
0.0
0.0
0.0
5458.069
0.0
0.0
0.0
0.0
0.0
1945.6705
0.0
84.01913
3102.2974
177.41779
486.54364
292.58685
290.61658
0.0
0.0
0.0
15177.264
1191.6787
0.0
0.0
416.43774
0.0
178.24255
1749.939
0.0
676.91846
0.0
0.0
82.30327
31.539597
5267.626
0.0
551.6058
4211.6636
189.69614
3459.4114
0.0
322.31165
439.88
363.32843
467.2823
555.3036
0.0
944.3761
0.0
10633.974
0.0
967543.7
1426.9751
3874.3018
734.8916
1450.9788
1153.5536
195.0703
0.0
24970.688
0.0
1574.7363
2830.9385
0.0
0.0
4037.9194
9861.224
784.15125
5981.8623
4100.677
1485.5312
697.55695
0.0
0.0
3659.5232
349.93622
0.0
1630.0022
0.0
105240.84
326.115
1971.2622
1958.0717
1404.5409
1650.1553
1252.3699
4331.086
0.0
12083.568
254.88742
1662.5781
1003.65796
0.0
0.0
0.0
447.14908
0.0
3415.1936
0.0
870.26514
445.0406
980.58234
0.0
2021.2302
286.3535
0.0
980.42224
978.8188
10897.677
0.0
2713.3389
0.0
0.0
345.94446
106.515076
0.0
1108.7966
0.0
0.0
0.0
149.16805
0.0
0.0
1047.9944
29965.236
0.0
871.31085
742.49146
0.0
3932.2053
672.2053
0.0
688.51996
383.16797
1619.1816
935.3801
1999.1252
393.39844
0.0
0.0
1287.477
1788.352
0.0
1196.8162
2232.806
3079.3745
17.199066
2610.0283
594.166
0.0
484.5716
0.0
0.0
