678.57715
0.0
201.9589
0.0
621.9778
2824.9487
1010.7146
3027.385
0.0
0.0
0.0
908.34595
8512.163
3142.4226
0.0
0.0
1894.6538
0.0
2795.7036
4972.5527
2957.0337
3478.9087
3488.2354
3365.0984
0.0
1209.1472
0.0
763.9976
1853.3417
3555.2231
3497.1729
2405.379
0.0
1262.6494
0.0
2971.8838
284.98492
7443.6973
25267.178
0.0
0.0
1842.9944
1541.4847
4774.0522
2593.7036
524.215
474.11646
0.0
0.0
0.0
8477.294
0.0
534.1345
924.7185
163.37221
1265.2911
4498.1987
0.0
4612.85
1075.708
22441.432
490.10773
1273.0687
0.0
1382.2356
0.0
12147.227
6216.449
2412.8042
0.0
3452.2053
2961.3894
562.129
38567.113
0.0
517.852
6803.05
1181.8055
4091.5544
1020.47534
572.34955
4909.3906
2483.8433
463.63135
16462.402
0.0
536.68054
0.0
487.36362
1674.7673
2062.527
25073.34
53844.777
0.0
0.0
12879.709
0.0
0.0
757.5663
934.474
2665.7852
4483.8477
11224.227
616.275
1153.3949
0.0
3672.6685
4456.324
0.0
6652.1816
0.0
595.50214
0.0
3842.835
3765.6025
1029.8408
4159.5044
26517.23
0.0
0.0
1695.587
0.0
26037.203
184.48125
2104.9849
0.0
0.0
42493.992
1085.0518
0.0
3456.118
3188.1133
0.0
1435.2881
3407.5417
0.0
2268.4268
8187.9854
0.0
0.0
18606.027
4846.4473
11766.994
0.0
0.0
6128.337
0.0
5545.752
0.0
4195.6445
3504.9307
2710.0427
2665.3816
0.0
14462.408
5289.7124
803.15955
0.0
0.0
0.0
402.78204
0.0
2688.0542
4785.344
1801.1772
5407.803
6520.8965
581.3768
0.0
3807.873
27656.436
0.0
4605.467
0.0
2992.9304
24017.326
0.0
1821.0792
1566.7369
12698.744
912.10443
195.73685
0.0
0.0
0.0
2424.8254
1091.3378
0.0
1986.3583
1152.5394
19691.355
7029.6914
1309.2458
9129.155
3080.4214
18474.42
3394.983
4336.1377
3720.2473
1976.806
2337.8694
0.0
292.03418
6328.629
0.0
0.0
10625.743
0.0
1170.1979
0.0
2143.5989
10159.654
5642.632
0.0
304.68716
0.0
1101.2067
323.31393
1773.796
1719.2322
0.0
1221.6567
0.0
1360.8191
8869.18
2652.3525
10356.594
950.22095
1746.0471
34123.27
0.0
4491.58
0.0
73510.97
1742.1946
5219.8154
458.07153
5532.3423
9666.323
0.0
2197.791
3746.0503
720.5555
739.5764
83.939835
12133.316
0.0
1872.804
1771.7993
0.0
0.0
450.6992
1422.0762
16741.148
2808.9453
0.0
2.3960419
8752.318
0.0
1349.0471
0.0
0.0
4846.4263
41682.61
1608.271
387.6422
0.0
504.82516
0.0
4160.835
0.0
528.5268
12068.329
0.0
3091.4204
0.0
1999.2085
0.0
2769.5474
19821.041
357.8216
1144.5535
2250.9585
0.0
334.04077
2104.7412
297696.22
883.1119
30100.732
24253.691
3369.626
24828.807
0.0
3307.479
358.61438
0.0
691.2919
4889.6543
0.0
11988.028
4406.0605
886.7889
2426.773
16619.924
0.0
1445.0361
6383.0493
1862.1677
2846.3325
0.0
0.0
0.0
0.0
2627.5942
3160.832
7482.035
13681.3955
28328.203
2007.1497
0.0
0.0
413.22974
523.41815
282.96655
2001.9731
1363.5201
888.461
1534.0989
881.1546
0.0
772.29834
0.0
184.4191
1675.5337
0.0
3455.3608
6311.6943
68653.88
2419.5476
19424.977
745.69653
3515.2776
5189.7363
1303.1411
1038.8672
941.7317
6728.562
39084.207
0.0
1209.502
2365.6187
36.305496
2053.49
1229.0839
922.9994
1464.9125
378.81683
2566.7944
9850.262
1033.5776
5496.2603
0.0
0.0
41.316483
275.84128
4776.8047
0.0
0.0
7911.368
0.0
1107.4885
0.0
23169.51
252.20877
2461.376
802.4333
2937.9517
399.72632
0.0
2041.6621
7087.1885
76.60652
0.0
381.45905
12932.11
1171.817
3168.563
0.0
62527.86
0.0
582.4785
538.9465
1589.2129
0.0
11625.143
3399.887
1877.8567
0.0
2198.5227
1683.8118
0.0
864.6139
0.0
0.0
10856.201
781.3551
625.25275
16617.156
647.8135
8068.1646
0.0
3273.9175
11536.267
8860.502
2765.4163
11618.451
0.0
1748.0527
32906.555
1522.0363
373.84985
3495.0679
1697.4924
0.0
0.0
6265.3057
774.8964
2830.8303
4460.5776
414.56784
9317.613
2351.1716
1902.8945
1421.8975
807.3131
0.0
0.0
8665.321
1175.8872
1754.553
0.0
0.0
0.0
1640.1205
415.87488
422.7664
1944.9637
0.0
2365.8718
736.14343
1856.14
4495.3613
4415.5293
2216.5261
0.0
0.0
0.0
4135.076
20717.332
900.07135
145.69164
1169.563
15132.558
421.93036
3893.2515
0.0
5503.9253
3683.5337
0.0
1948.6921
265.01627
2108.3645
2799.5894
409.15887
3176.363
1923.9109
973.6677
0.0
4943.706
1414.611
1255.2974
0.0
0.0
1287.5215
999.996
2790.9482
1523.8608
0.0
5426.376
1220.3949
3438.917
1046.8052
2122.6467
231.21123
2664.416
8287.99
0.0
5687.283
0.0
4791.4146
9914.335
316.5471
3270.2344
7467.668
13421.678
1771.0717
0.0
3422.8179
1875.5708
3572.8857
924.9343
22741.418
0.0
8804.317
1479.6023
2036.5681
4599.6504
27820.52
0.0
0.0
0.0
1828.2823
193.23187
0.0
5778.2974
0.0
4961.3433
246.30765
610.463
2693.6711
4302.916
19698.68
0.0
0.0
0.0
5634.5835
7285.0215
1437.7185
0.0
2634.3423
0.0
753.8301
4501.8916
1265.2751
19.964333
463.80762
2929.2246
3313.2563
154.90067
1022.7816
0.0
6040.0225
0.0
147.3137
9289.252
0.0
12386.0
2539.713
4040.7422
2578.3232
5225.2197
185.96404
2368.004
5310.701
780.6842
0.0
1581.843
1811.1436
4211.503
2730.8662
1052.765
726.692
692.1122
495.81024
22302.05
3453.8242
30939.71
274.84918
11931.663
2165.1624
257.24854
1639.0165
909.55444
521.2741
4901.9785
1314.7577
2083.2656
1236.0366
1347.5432
1073.1176
0.0
324.60092
0.0
7916.9033
170.19781
11964.406
6694.926
8478.046
0.0
1307.3964
1125.3931
883.2501
0.0
2363.267
450.7949
0.0
726.27673
1289.4434
350.08905
882.8984
248.06157
920.6994
0.0
993.56396
0.0
4122.064
2653.1135
2619.0493
763.6838
0.0
115.09986
14799.965
4165.368
1518.9047
0.0
11651.123
11313.1
0.0
736.6575
0.0
653.0531
0.0
40393.945
0.0
1401.2288
356.7184
402.8307
934.8786
2044.4175
0.0
0.0
3201.6377
6460.5864
2144.076
2502.189
0.0
1666.7769
5846.658
755.7127
1489.2509
935.296
477.6261
0.0
0.0
1219.4929
14320.1875
0.0
2125.6729
0.0
8038.4897
1047.3853
2923.599
14229.457
7062.1787
4131.0415
0.0
1632.2688
9689.293
1551.0405
0.0
0.0
1853.3977
0.0
6116.7285
3752.2222
1418.7676
1207.3904
0.0
1159.9373
3950.3818
41535.81
0.0
3039.3965
531.0912
2078.1497
12490.631
3644.3286
5761.9907
0.0
61846.984
6892.5273
509.48422
2842.9966
216.46994
9087.874
207.83487
506.84515
3009.4663
105.804726
3632.3735
21937.027
8829.051
0.0
10573.382
1268.047
3993.836
4731.638
1766.5569
94.92854
301.59662
6075.6787
3941.4465
0.0
10515.364
808.4365
2329.5483
5668.7397
1264.4381
4426.2803
0.0
0.0
0.0
2704.3545
0.0
312.53046
726.98334
0.0
4675.9424
6178.4062
3629.5464
5019.5107
539.30273
6172.6533
243.05081
5907.9575
4665.1963
1185.6927
1845.8318
5597.4287
1098.4924
10675.157
1115.2911
0.0
0.0
11934.227
0.0
0.0
208.29282
271.80652
2717.6472
0.0
3822.6687
2207.9314
0.0
1821.8083
372.21765
0.0
2382.795
9596.73
778.8448
571.261
829.5622
24027.953
492.41504
2403.6687
3125.5654
0.0
1391.8977
3113.9036
1969.1536
1829.4978
2877.7827
0.0
12083.348
0.0
1349.7268
10139.7295
4043.1895
25889.957
0.0
1285.1102
2374.9758
0.0
2234.5999
2562.6675
1371.367
7847.719
0.0
0.0
1610.2645
1140.8381
10199.254
1483.8969
1664.4951
0.0
9315.365
2571.165
1842.5068
0.0
9976.536
373.70538
5939.3486
1536.7417
0.0
2018.9213
13275.261
34173.367
0.0
5228.2856
17654.191
0.0
796.66736
1171.8787
0.0
2782.0967
1934.1555
3963.1821
0.0
642.81445
2594.3086
4115.8096
5169.245
0.0
1365.4313
0.0
0.0
5378.382
0.0
649.3787
0.0
8275.684
4904.537
2017.0208
1717.5415
14365.716
27485.473
9451.613
401.16888
1140.7137
183.75687
653.4544
6448.3203
128.70538
1299.5964
0.0
4236.8003
5740.2227
3276.7495
2135.9663
741.431
0.0
4858.715
20820.504
2348.8706
295.99457
0.0
14162.602
14207.785
7723.994
0.0
3506.299
0.0
25839.367
3605.1445
1598.862
28.311775
1269.3193
0.0
3062.1006
1283.6069
6908.032
534.07153
341.22382
2347.844
1686.7013
3415.408
1823.5837
3430.1821
1395.6288
3813.754
6262.2188
397.6744
3849.8955
4690.5776
0.0
0.0
2719.519
0.0
2962.1377
11.671867
10368.993
21104.84
0.0
9157.534
1151.3098
221034.47
0.0
0.0
1161.5275
2397.4307
575.0045
1179.5732
14856.723
0.0
10921.657
0.0
3918.1367
4878.9717
0.0
0.0
938.9508
3346.5117
3742.5752
450.399
8760.809
2420.898
0.0
5471.3403
2002.9043
3824.0303
1143.2316
346.0167
2973.9812
1026.9873
737.8141
3994.9175
0.0
4205.944
484.3686
1446.9792
17090.654
1927.1104
15878.145
127260.336
1601.151
0.0
10067.079
5142.899
2353.873
1766.2441
0.0
0.0
7694.796
2483.6926
4415.073
0.0
33111.098
16414.865
2381.4763
0.0
0.0
10214.17
0.0
9314.727
350.68848
881.5126
1136.1029
0.0
878.2773
0.0
2874.1187
21624.768
2028.198
19735.588
0.0
26.473297
5191.78
912.1382
1648.3011
1873.3683
4886.09
9049.99
1820.6267
45.182182
1298.9185
14440.318
1299.9153
1297.3418
5992.5283
5044.8643
0.0
1771.5902
0.0
0.0
6384.6113
0.0
1189.2966
537.9773
16453.643
1663.0203
5728.252
0.0
1269.7715
38.051987
1710.9297
15040.809
7695.9214
0.0
246.87886
14417.236
20616.57
1128.4761
17.190842
6064.1167
0.0
0.0
540.43665
0.0
0.0
300.5564
876.5022
0.0
0.0
2320.7305
3537.8245
1424.3975
18838.238
2623.0776
4973.8154
5380.2656
0.0
7043.139
3216.4263
0.0
967.60486
0.0
672.884
1057.4211
5638.0557
0.0
2804.4617
0.0
1357.3641
52517.984
3020.4736
0.0
9449.97
260.10406
7537.7207
712.70044
1890.5938
7294.3574
64445.785
233.2052
6603.198
0.0
214.34496
841.3208
3969.002
0.0
24221.6
308.91757
3248.6965
4589.2793
13287.494
41159.83
949.2126
3962.6274
0.0
12989.894
414.03674
980.9982
0.0
0.0
1495.5378
0.0
8662.506
887.589
694.7145
4819.7646
14295.078
0.0
0.0
3791.712
2534.109
0.0
14582.043
341.30746
731.72766
0.0
135.15604
3458.853
0.0
560.82117
6772.8276
0.0
300.9308
3285.164
0.0
1636.7717
535.8666
80.43577
0.0
4273.6665
624.55707
1781.9443
827.6699
365.98386
0.0
1550.9956
0.0
967.8169
0.0
1933.6741
2183.9072
1013.8657
1116.6577
2067.1116
0.0
886.45715
2496.612
14281.832
2663.699
13504.248
3571.9182
0.0
3023.5894
25513.643
9688.398
0.0
251.85178
4989.9126
1634.2568
0.0
3527.2979
3075.681
1127.3307
476.09637
0.0
6354.5186
3061.2417
0.0
810.574
0.0
4006.2046
4237.933
0.0
23409.416
2984.2314
1858.5535
6021.504
363.72577
31406.297
910.9993
6019.8955
0.0
0.0
213.54099
0.0
1379.4731
26905.16
0.0
3215.3394
10177.945
2030.1467
6998.2744
7553.6177
2452.3342
524.8499
4433.497
368.75974
0.0
4122.8423
5768.7197
1987.1674
0.0
1916.2529
10863.486
5803.0703
1762.6294
301.5699
6344.1387
400.8819
560.1521
191.03903
1036.5417
0.0
25343.572
16612.277
4771.157
3192.0027
0.0
0.0
0.0
0.0
17151.896
255.13565
2111.3225
1263.3516
0.0
8030.245
0.0
10900.705
975.5735
4441.4243
1748.661
3314.6892
8187.8735
1667.81
298.66586
0.0
1259.8706
2496.977
19493.258
9087.765
2463.541
0.0
1026.2393
1414.2605
0.0
2583.1504
4380.177
3426.7046
758.1039
9683.979
1229.2634
1905.968
0.0
2954.6238
14925.62
0.0
1454.6091
1053.4133
1479.5393
1664.3701
6768.093
1526.4026
0.0
0.0
4506.79
8847.261
966.6063
915.15515
1562.1545
16056.92
1731.6492
242.41583
3594.8467
0.0
10728.049
58497.65
0.0
10620.688
265.39148
6948.3965
0.0
315.02985
2928.9028
9438.234
11404.533
303.88464
1243.4215
7801.315
1173.0668
0.0
27452.086
3833.371
339.98843
0.0
440.70105
16405.809
0.0
2299.5496
97.17039
3307.104
1025.5658
0.0
2830.6519
17880.836
1420.7852
1645.361
1620.123
146.50063
544.74054
735.188
1206.9802
907.0215
1489.6309
1192.299
18829.877
375.1132
320.28482
1291.2383
48246.227
6361.1587
2467.3813
3377.0723
692.77484
4457.6245
368.3098
1003.29236
0.0
4309.5444
680.4514
13698.519
3158.3765
0.0
61338.6
2049.3013
1058.3755
0.0
1458.4592
2982.2095
19869.81
0.0
672.5941
6421.873
0.0
2151.6724
791.481
4242.755
0.0
1919.7947
0.0
2822.8442
4335.4746
23863.297
35028.86
366.6571
3602.526
0.0
282.57864
0.0
0.0
653.72845
403.86676
2706.9104
322.71826
7488.786
7369.73
14539.307
0.0
3497.8218
0.0
13270.974
30754.455
417.135
314885.22
0.0
434.30957
37044.37
0.0
760.31604
464.56775
1869.0991
0.0
2829.1235
0.0
6201.4375
6595.669
0.0
12430.572
3603.4849
9006.865
1174.7474
5249.843
1545.1078
3312.2195
300.17102
0.0
2927.073
1121.5742
1961.5906
2865.8289
2782.1924
2193.6807
0.0
1794.1613
3404.6887
0.0
766.7629
3145.2268
0.0
6653.7246
5905.7305
2056.9785
14848.516
2135.8457
803.8342
3817.147
2996.4407
0.0
858.6631
4692.056
1345.1217
1800.0184
0.0
0.0
0.0
6926.4756
0.0
5299.1772
18151.107
2082.1396
1801.4126
513.1096
0.0
0.0
0.0
4054.7668
0.0
0.0
0.0
0.0
783.6322
0.0
0.0
0.0
293.614
1023.1866
714.6854
3173.06
1124.8972
11581.281
6044.0557
2576.563
1554.099
496.3403
1492.8967
215.41446
1543.5544
545.3029
547.1215
621.54443
1011.22687
23960.707
0.0
4082.457
501.08588
2263.5164
10672.608
190.08572
2362.1694
0.0
1124.4603
0.0
0.0
6830.4736
52271.08
0.0
7455.331
12887.455
0.0
4319.2524
0.0
352.99023
558.7145
6250.88
2292.266
3354.991
2142.2017
2132.351
492.61078
119.70093
20552.758
12282.799
9527.232
2848.508
67.4233
692.28766
0.0
0.0
5716.7676
2045.1207
4296.703
0.0
0.0
253.83456
0.0
6780.372
0.0
0.0
617.5665
0.0
675.59424
2143.768
0.0
0.0
134486.06
2279.4119
0.0
2122.2961
1911.4375
5771.165
351.46735
11991.619
0.0
762.45825
312.58994
5008.647
5208.0845
3157.5408
4151.316
1768.2554
2335.7336
634.8421
2518.8088
640.6194
5328.838
0.0
11212.079
3068.7524
562.04016
2011.2898
2551.2197
8266.123
953.77313
0.0
8038.123
1154.232
3581.8013
0.0
6740.432
909.1982
1815.2463
2386.9485
8493.15
3731.0386
654.6935
0.0
0.0
2506.3591
2420.173
0.0
996.06934
6520.3706
165.04018
3388.3652
2658.3237
1843.4169
0.0
1475.6938
3242.4229
2487.4058
3311.8843
1619.9558
659.2492
0.0
0.0
783.8362
978.7451
3933.1978
3830.627
222.3613
548.676
0.0
0.0
1941.8625
1826.9017
6330.577
1401.9331
1607.8704
96.71744
159.46387
2694.6138
0.0
684.41364
0.0
1129.5391
627.1335
6190.5015
7065.164
0.0
1783.1001
0.0
9420.9795
968.9678
1482.4877
0.0
497.2934
15256.84
9040.146
6391.7007
23137.086
0.0
0.0
0.0
1614.7208
258.02612
0.0
6676.936
164.15262
0.0
1352.5851
0.0
3386.8496
6302.3936
365.31296
10408.798
0.0
9674.096
888.7687
6728.8193
2181.3647
266.12122
2308.4956
121.59833
779.3185
1063.3853
9338.598
382.08627
1269.4863
0.0
4041.0574
0.0
3247.4924
2778.885
3188.6958
9778.566
1498.6074
0.0
0.0
0.0
4866.6357
601.23627
732.73706
3412.2588
4728.9404
8063.3823
2791.5137
0.0
12456.811
0.0
6070.478
587.23474
0.0
17919.94
18645.91
29646.535
9842.35
1031.464
3256.3936
0.0
1864.7803
1163.9126
38994.65
15204.239
884.3895
3077.1724
0.0
2663.8174
2921.8313
1116.7714
1091.585
3014.9412
187.19063
3299.9695
2662.6104
0.0
1368.3662
1551.0692
8172.7793
535.0474
0.0
2669.771
6914.585
5692.2227
1849.6875
13166.346
1264.1277
7908.792
3686.0393
2973.501
2247.065
1908.1816
15257.057
0.0
704.0165
3313.323
4435.033
371.18274
6651.5264
3363.2056
0.0
20874.355
0.0
588.6205
0.0
0.0
2954.7627
0.0
1272.7858
4205.7534
576.2796
0.0
541.4445
5135.371
4006.1885
2215.725
0.0
1132.4927
0.0
0.0
2541.957
7397.135
2128.3638
0.0
0.0
0.0
4264.121
0.0
757.7435
2350.6992
7545.0005
1004.60864
1517.2258
6363.093
3163.7632
0.0
0.0
997.7704
0.0
0.0
0.0
2438.798
0.0
622.3499
738.2793
0.0
194.33109
752.5642
0.0
620.82623
210.66748
3650.4014
375.91605
3730.935
83.75319
1285.6753
143.1318
2986.741
596.0762
13843.457
0.0
291.95184
0.0
1718.919
11264.164
497.12317
165.78171
401.02002
25702.059
0.0
369.5769
0.0
0.0
2005.7412
3735.7754
0.0
4320.29
2159.3977
8921.869
2900.199
1917.9409
1013.374
23998.006
0.0
5488.229
5555.6914
2447.3667
6310.7363
1534.2013
0.0
1050.7548
2822.2644
0.0
981.25635
0.0
309.29758
7068.0654
585.2942
9635.034
3601.6519
692.1984
0.0
1455.5864
1258.8726
0.0
2802.458
4366.3687
0.0
2021.7656
36408.562
1633.7947
0.0
2248.931
3126.5283
15024.006
1495.6726
0.0
1623.7083
1788.5396
3877.762
0.0
0.0
0.0
728.4072
348.78015
5662.3564
0.0
7724.063
1169.6923
5816.5977
475.95883
5291.9893
10339.526
1986.4731
45566.523
0.0
3656.9827
0.0
4140.142
3643.586
2173.3733
0.0
2107.87
73104.3
530.75836
4734.7915
0.0
0.0
431.02673
0.0
48352.95
16633.1
100755.92
0.0
797.0973
0.0
2424.0103
1507.1125
359.57568
8759.242
4198.8066
12096.471
21883.75
732.73
461.7334
3044.733
4005.73
378.91888
0.0
6210.33
1624.8438
3728.8975
3418.0347
0.0
0.0
0.0
1847.6371
1918.3931
1588.5735
0.0
0.0
0.0
0.0
1757.9238
8359.135
2969.7637
0.0
831.0215
56.61965
924.14905
0.0
1009.89685
1727.0955
2453.0618
2126.7476
0.0
322.35852
0.0
0.0
10003.775
0.0
0.0
9322.229
484.481
1849.063
0.0
1929.0005
0.0
5264.211
0.0
0.0
0.0
33128.906
1973.7448
2167.6677
0.0
0.0
1982.5298
0.0
1284.5266
1785.0348
2471.0806
0.0
1145.9302
0.0
0.0
4869.2793
7120.6978
0.0
901.7562
3893.961
2640.064
0.0
126.710464
5866.5654
8768.455
3973.0718
418.7088
5088.6016
8864.926
6234.4966
990.7919
19427.762
124544.266
827.82916
1317.1532
1789.305
4294.2773
0.0
1672.3119
1885.3129
4818.503
2339.5386
609.3972
0.0
11361.453
0.0
3713.4824
1592.5618
1173.9883
1562.7168
0.0
1331.8721
3856.4346
0.0
59003.414
9794.296
0.0
0.0
4241.1924
12812.368
0.0
22722.516
1941.7865
1196.7454
4114.5034
271.0833
4229.909
0.0
2949.458
0.0
0.0
6749.705
0.0
0.0
0.0
0.0
1319.0371
0.0
4834.501
876.55896
0.0
3447.583
0.0
5603.219
9928.916
7632.994
2279.5037
17065.42
3812.016
131.5414
1871.8113
0.0
854.1295
906.6242
0.0
5752.2075
30141.863
1316.1925
0.0
0.0
110.37613
6962.665
0.0
6745.508
9676.85
0.0
3526.733
10271.576
7905.301
2249.8486
3422.8796
2478.75
1777.1122
5023.6416
411.34613
9063.968
19300.133
1820.0951
942.3533
6749.6504
874.1144
349.96768
0.0
9242.215
2584.3545
0.0
3701.4917
0.0
0.0
90.13069
558.15063
0.0
758.90344
380.82648
1588.714
0.0
854.2394
145.38095
2577.7305
159.53908
288.87253
6636.4585
0.0
0.0
7584.952
1198.23
2814.814
616.8373
0.0
0.0
3876.013
14783.486
0.0
17161.402
713.0256
1057.9727
0.0
1562.341
21807.25
3281.1797
0.0
6294.716
430.1681
116.1189
7113.6035
0.0
8662.679
5532.506
0.0
0.0
176.90842
0.0
910.0832
1387.5503
0.0
0.0
2269.1885
3723.9307
8526.35
403.7301
0.0
0.0
756.3593
677.5978
7346.16
0.0
0.0
6509.13
24434.96
1782.2684
1241.3616
1058.4175
0.0
0.0
2057.2144
2488.246
0.0
2083.4912
195.77832
0.0
1108.2814
1472.4769
1752.422
1810.8927
25709.373
0.0
0.0
1422.5536
654.4604
3541.0322
0.0
0.0
0.0
8763.385
2655.7368
0.0
3950.3796
0.0
5092.5107
13373.123
687.07153
1809.867
0.0
15875.977
0.0
0.0
0.0
19186.172
1542.6176
839.3882
0.0
4623.86
1077.1482
983.37604
2711.3425
0.0
0.0
711.3856
1923.1005
0.0
13638.014
5070.0176
4741.8477
2667.3662
8127.7734
662.8811
5536.727
3276.1157
0.0
0.0
968.3133
583.7429
312.81567
3192.976
104755.31
3072.5806
0.0
0.0
3465.1821
5014.9385
385.823
0.0
2490.3997
0.0
3213.3784
0.0
0.0
1180.0846
3119.121
8633.064
0.0
4084.3188
0.0
2582.2305
1524.4131
351045.03
1579.9614
661.42737
0.0
444.8904
705.45654
12351.663
7990.5547
24061.188
0.0
1108.1458
2162.5693
5177.9673
8395.567
12022.264
9140.309
0.0
586.0337
359.77502
229.46329
16515.578
2833.9053
12518.807
8698.404
1790.0254
970.52545
0.0
0.0
472.1572
1527.904
0.0
2924.122
0.0
12747.316
1512.8191
2022.161
7359.38
0.0
4455.321
0.0
2492.58
0.0
0.0
1287.5087
1745.1011
392.78485
0.0
8871.859
1073.6167
3253.3223
0.0
0.0
7963.508
358.7195
1939.5804
1069.6095
311.05844
1370.0396
9463.068
1951.0343
4971.411
5356.63
1395.113
1856.6956
2835.213
11413.814
4777.2173
2164.715
0.0
3279.204
1082.469
4042.8328
995.6774
2083.3374
27162.531
471.50354
1036.7343
8153.866
3851.8042
0.0
21022.465
0.0
1169.9683
5405.5205
131.12506
0.0
1526.3455
160.15031
8638.643
371.68665
0.0
2122.1533
0.0
374.71646
5788.6143
13176.713
7097.56
320.04886
7462.329
0.0
151.38106
3121.5537
1101.7312
1812.7622
0.0
733.682
0.0
0.0
815.6565
0.0
872.97577
0.0
1783.7263
211.08014
853.89325
2620.1362
1776.1404
170.02805
1354.4712
1394.684
380.7032
3721.451
47309.535
1534.621
14674.682
363.30176
189.5555
2241.7573
0.0
437.39325
414.7993
1407.2897
6863.349
0.0
307.22644
2518.8823
907.90967
3848.307
74.78765
373.6387
0.0
1973.9259
588.88617
4940.95
3920.2559
0.0
5072.6772
808.17145
7082.0854
0.0
900.5824
16596.91
5481.642
2959.3435
3105.6055
4135.367
6174.695
584.8727
1924.1995
1164.6044
18108.633
3889.2847
3196.7288
448.31088
1814.6033
994.7687
1578.7883
0.0
1718.973
0.0
3842.5044
7772.591
4331.549
2395.9204
0.0
0.0
1339.138
1218.7028
449.9918
2730.465
4346.063
0.0
4136.753
6781.046
4508.8447
638.39294
296.8252
9620.68
974.39026
10743.564
1923.6874
1996.8372
0.0
10443.277
443.66177
0.0
9942.118
4774.4717
5352.5903
0.0
14124.9
0.0
0.0
0.0
0.0
2730.2708
475.96347
0.0
13172.42
0.0
11348.268
0.0
0.0
1411.4452
8292.2705
1484.2764
10690.152
6935.1904
3221.2725
7842.38
6863.4336
1743.9067
4991.868
2071.1409
18725.896
3489.7803
2836.4663
440.29422
0.0
2438.3047
0.0
17658.115
11556.928
529.2443
4701.103
0.0
0.0
15377.712
219.94655
1803.3918
2404.317
172.74525
4243.584
2264.7168
2331.0842
21645.578
0.0
2118.0342
564.3382
0.0
10121.648
0.0
4572.705
0.0
1682.7148
1351.9707
35680.703
1402.0049
0.0
3064.9053
5206.9385
8743.196
851.0398
16109.061
0.0
1150.3002
5681.6465
10225.857
1033.7048
934.0804
0.0
0.0
5681.033
0.0
0.0
17786.387
1312.2825
2812.169
14737.502
532.42285
1584.5481
1863.8004
4161.6787
11052.223
0.0
1351.4988
5914.719
653.25195
4840.8843
5195.598
3051.0254
898.5951
1082.7117
30619.121
602.3012
2742.5137
44145.953
0.0
1645.8657
2865.2563
8966.825
1554.958
362.89258
0.0
649.39075
0.0
12936.682
1765.271
0.0
0.0
422.57388
4290.2534
0.0
1369.2117
3893.5757
6585.0454
8411.154
418.29108
7447.1426
2348.9333
5951.0366
1182.3264
3371.772
1054.0803
3278.9297
0.0
3586.5833
1613.4839
1279.7811
3000.9233
1973.6677
5753.5737
0.0
1584.574
2775.2131
0.0
31020.863
1369.3932
15752.41
2854.4756
4592.3413
0.0
0.0
0.0
887.1111
0.0
3014.5298
356.28925
114.64831
0.0
1293.8822
9635.138
2020.4862
7482.913
0.0
2381.0532
2434.9397
1815.8757
2564.2598
0.0
169.24936
3280.9202
4460.2676
2146.9038
8545.373
2274.71
2777.0117
11184.541
42946.062
2792.2998
1935.9058
404.9378
2642.614
889.16003
0.0
0.0
625.2799
3941.7793
963.40576
3206.21
0.0
2835.9602
0.0
13885.352
0.0
0.0
21263.924
2672.4463
1405.991
0.0
13314.748
5733.637
5761.8706
2727.7358
8237.456
764.8843
107.58537
4012.604
2037.7662
1648.6143
3322.5535
1123.6995
1032.111
2269.5781
3682.2014
2511.0518
9356.298
318.2733
0.0
0.0
280.41675
1786.1758
1434.3787
6521.1006
0.0
3972.249
502.65793
8886.069
0.0
13344.799
0.0
1356.8228
898.46545
1133.0709
1761.9055
332.03833
663.81616
725.9924
896.6533
1089.3687
1492.8923
291.5335
6553.952
2882.961
1356.5538
916.1216
12805.729
2650.4014
806.62195
4350.455
0.0
2109.3262
2004.7424
2303.6128
3852.0825
3672.0105
12921.357
161.16754
0.0
0.0
5819.2295
9110.548
3058.0334
478.2118
944.52185
3328.5195
0.0
0.0
1981.8811
3577.0913
0.0
0.0
712.2445
327.0404
4735.9365
14058.371
737.65845
15045.355
4867.6987
6085.912
496.20233
3609.747
0.0
2389.5396
0.0
2468.626
0.0
594.9387
0.0
644.8702
0.0
2451.9573
0.0
0.0
1743.2524
122.25245
3817.6558
2826.2324
1630.3263
4961.0166
653.5565
0.0
1732.5807
18942.447
3009.3804
4070.6377
1945.5001
9285.845
0.0
3473.4878
1348.2067
376.23956
119.8233
21723.455
0.0
0.0
488.27936
0.0
1551.3685
2466.5498
886.77026
0.0
788.72845
0.0
0.0
0.0
1535.7092
15855.213
2269.9534
1471.6072
7207.842
0.0
247.54907
16509.707
1760.4819
1436.4475
35824.8
3.4561968
7383.249
1577.6483
0.0
275.27438
2582.5757
3523.37
1188.1163
939.6743
5262.9326
0.0
1632.4706
8696.256
2368.224
9278.399
0.0
0.0
7849.3486
1351.2887
6986.215
0.0
3727.8816
0.0
0.0
2797.8486
180.70648
2901.8767
1293.4067
656.38635
178.36572
3081.3918
0.0
375.25305
15890.539
17242.287
143.43056
7525.455
1609.6077
3464.3848
34.0435
896.9737
1804.6714
3620.663
0.0
1364.6259
4421.676
1942.9406
1984.6034
0.0
465.66333
0.0
591.4684
806.60236
7213.116
2492.434
0.0
8902.637
0.0
4751.5264
0.0
1368.926
1138.1405
597.3522
2913.4932
2448.5386
2694.671
7379.7812
0.0
1122.9447
79.45059
0.0
1101.5105
0.0
3810.6904
0.0
2130.4358
18284.3
0.0
1584.6232
0.0
0.0
2281.2065
6030.0723
717.5493
371.56647
36175.83
1105.7113
3909.2705
7334.1465
1184.6993
2837.3015
64432.617
312.26862
1377.5981
5037.5664
0.0
0.0
0.0
575.037
686.0276
0.0
2994.125
0.0
519.26843
0.0
10162.526
3085.9744
0.0
47468.766
5577.086
0.0
1866.6575
0.0
229.87639
5863.533
618.6833
0.0
0.0
2488.909
3730.7314
2513.0088
3213.4333
0.0
1571.4037
2434.4153
1056.6648
2986.9238
649.9359
0.0
2208.7764
1394.9794
34102.305
385.27826
590.6472
1969.1824
1936.0564
8490.662
5649.1357
162.92706
486.7212
0.0
0.0
238.95374
2973.6973
3061.3875
653.68933
1658.7595
7028.3584
3006.5537
1053.1351
559.4837
2846.356
472.13293
0.0
787.57556
3463.48
4360.5317
247.66379
0.0
12407.156
2575.9614
1213.8145
4682.686
6560.2383
0.0
271.87744
3327.4048
327.4163
0.0
0.0
689.45917
7414.8237
0.0
9782.528
44637.992
405.92657
123.60376
2855.6802
0.0
9691.0
4587.823
4405.8135
6529.843
0.0
0.0
9827.446
2482.1008
8793.888
1657.6256
0.0
0.0
0.0
0.0
1500.7883
0.0
1191.8557
0.0
1894.2585
0.0
0.0
565.6313
0.0
14707.771
0.0
2901.6924
3234.0762
859.61084
4920.9395
0.0
6284.0137
0.0
7232.8413
608.3428
5908.131
0.0
0.0
1055.1989
65.87686
0.0
0.0
0.0
0.0
759.18726
4080.2031
0.0
2510.6772
1458.344
9668.727
4684.048
13056.098
3957.7522
989.4446
7161.8467
1859.5608
0.0
60.089363
0.0
4263.6113
921.19104
34720.723
112.716095
2916.5483
0.0
30967.898
1432.022
7864.342
6367.76
3354.1743
0.0
1733.8386
2592.6914
3336.6133
22467.928
0.0
856.00836
4426.373
1069.7234
765.3949
0.0
1126.6514
1036.7406
2273.9692
811.32733
29918.504
0.0
9424.455
971.77216
0.0
6517.2285
1259.635
2014.5864
11831.757
1312.8447
5199.7197
1501.039
487.63504
0.0
8535.131
14481.094
5826.131
1553.9612
9298.353
956.7835
572.98364
0.0
2575.6428
2108.6162
176.5376
2565.9915
1351.976
1887.059
4382.1206
2665.237
0.0
544.7703
796.0048
0.0
9388.94
10513.572
1501.3378
1786.0627
1348.4697
4309.492
1252.6565
6795.459
2197.9958
3365.367
0.0
0.0
589.6793
0.0
3923.21
1088.4209
2802.1812
279.86823
0.0
9276.366
0.0
196.32294
4015.4373
5128.1675
0.0
1921.754
0.0
0.0
5668.2383
8295.659
0.0
0.0
1813.1448
2123.7834
5418.828
170.51085
1043.5896
1818.906
1862.3564
2810.1826
0.0
83.24489
4491.142
5384.4795
2340.7507
2638.3618
6315.717
1852.2216
81.15486
0.0
2302.2383
0.0
1543.4214
6704.587
1506.227
1649.1644
2787.3647
1403.3076
1408.6887
0.0
0.0
1046.3162
2474.108
2884.9622
0.0
2568.1953
10337.174
12182.83
0.0
9612.637
3704.9277
2601.8794
0.0
1203.6525
1238.1946
0.0
372.8072
6899.5137
3205.661
0.0
0.0
0.0
10379.137
0.0
406.6179
3644.7983
804.33514
8653.136
3009.347
1925.2448
10662.035
1728.2853
1415.5706
4523.1714
0.0
12478.895
1456.1981
2666.1528
4703.5645
0.0
769.0547
7525.4395
2294.1616
2864.0574
6140.4546
365.462
3803.7783
15127.404
9129.168
7512.0864
63591.85
7558.876
2197.8486
2617.5781
7391.838
0.0
3726.2532
0.0
1915.0215
12850.279
484.19302
0.0
170.26648
1698.018
3462.9917
3695.6885
783.3805
5902.4004
2991.2163
1801.6918
10535.516
5627.619
0.0
1104.7863
1667.016
0.0
0.0
3602.781
13754.42
175.71312
18574.82
0.0
8932.411
3054.4033
4145.834
5738.1895
6322.8477
5889.8066
4684.989
95.70067
2034.4465
0.0
0.0
529.0389
57.536457
395.16772
1945.5408
707.2281
2588.4773
0.0
1047.7078
2637.541
0.0
2078.6924
0.0
1188.5411
938.11414
128.2366
6404.543
3949.8599
2775.608
0.0
2572.8667
233.43356
1270.7446
3794.7666
0.0
1247.8794
139113.77
1142.384
480.35425
0.0
722.8508
886.14526
4381.46
0.0
0.0
1612.9131
1134.9163
3164.746
2045.5801
0.0
1131.1759
64.686386
5511.6104
2569.028
268.70374
5677.759
280.7859
2388.5132
409.78455
3108.072
587.71594
0.0
0.0
2137.5208
0.0
2015.8008
0.0
760.78235
667.68884
1549.3545
21268.293
3571.5295
11523.311
1869.4463
23291.836
0.0
965.9917
4259.076
73.23196
3802.0527
0.0
5041.9834
0.0
2121.9148
3609.522
1354.3834
0.0
20017.3
0.0
7328.8965
5078.25
307.8863
1662.1636
2401.7625
648.03357
0.0
0.0
2637.6711
44.51819
10193.22
6765.457
340.22183
1722.4143
0.0
673.86774
0.0
0.0
5434.337
1927.2942
0.0
1191.3882
2585.0496
231.73366
0.0
6012.37
1828.6173
0.0
1433.4922
19899.338
2365.9556
2040.5364
2447.0557
1072.8494
2093.4104
2578.3213
248.66357
564.57776
2346.933
4461.2124
25716.8
206.89436
1747.2812
14851.907
0.0
1022.07263
12801.51
1382.3376
107.248825
2998.9355
2109.0703
0.0
14675.82
0.0
18469.623
0.0
5488.4507
707.82745
0.0
1272.9442
4867.1934
2677.9346
3250.4631
2211.9565
3366.5889
1817.4619
4465.1943
2174.2634
6326.225
1368.7311
1258.2347
235.40662
229.80983
0.0
0.0
853.4071
1410.4895
1078.1675
25.266106
155.65111
22676.354
4819.5625
10049.326
4579.699
0.0
0.0
3175.3564
1774.053
717.23145
2193.1912
0.0
7892.171
0.0
10914.162
1149.934
10400.805
253.12766
0.0
3882.025
0.0
9499.705
4830.96
10692.895
7124.532
3626.296
1782.8252
0.0
7585.9517
1521.6805
1078.4119
2721.919
0.0
0.0
3253.3262
12244.431
231.36409
4862.818
0.0
1733.9434
8620.353
0.0
0.0
99.14899
29881.5
0.0
5551.1865
619.8966
1648.6348
597.0049
1620.2975
1189.9935
3122.3022
1436.7876
0.0
1275.081
16032.643
167.39873
7503.7705
0.0
190.9704
0.0
621.0639
0.0
2982.8862
3919.584
2888.3704
2090.2488
1241.0839
4577.927
29754.387
3869.3984
89406.39
423.76935
9280.974
4902.243
0.0
5133.915
0.0
3502.4766
1203.5593
1087.3137
6957.676
0.0
0.0
1022.96063
591.6112
4654.5166
0.0
17238.244
869.6367
13189.842
0.0
2405.6223
2308.426
1299.2476
875.54175
914.561
7893.768
328.16418
0.0
292.21457
0.0
9113.549
1107.4626
0.0
0.0
2292.775
70.082054
4591.1787
146.74428
1335.387
533.31256
0.0
2501.301
10569.406
4494.6255
161.92847
180.00291
479.15186
7148.1846
923.9594
1035.7612
358.10956
0.0
21261.484
4666.9404
811.11536
0.0
3247.5063
3742.14
1047.5468
2499.607
5296.0757
17079.898
0.0
0.0
0.0
0.0
127.46213
508.04507
50.52765
8113.5137
1384.1676
1933.0261
820.12
4178.4453
1437.9998
3304.6797
213.15872
13271.557
261.77576
4524.8086
1629.5844
3431.5103
15157.925
2765.1572
3958.8254
2862.8486
0.0
6974.962
0.0
417.22156
21131.273
2980.3508
2371.2844
1218.2118
7632.3477
6158.5176
802.0785
0.0
2347.4585
1378.0612
0.0
7856.751
0.0
11091.648
205.69418
768.47076
85.07633
0.0
660.5758
1688.9968
5231.9473
0.0
728.4976
9448.69
7337.8022
3128.8726
4687.005
667.302
3146.4927
1208.5011
2054.3943
703.16797
890.834
5412.364
4066.2686
27914.297
8834.437
0.0
2125.8074
3569.3667
1246.8632
308.82187
11995.116
446.60455
1532.6299
11954.505
2535.3445
6439.4585
7131.7305
4640.8926
986.35016
1220.8779
7222.157
287.1838
2434.4614
13021.572
3717.727
0.0
237.804
1699.4099
0.0
0.0
0.0
150.99681
448.25226
0.0
10352.331
0.0
2654.6934
0.0
730.9159
22314.887
10648.5205
2972.754
0.0
427.6737
8228.85
2354.3394
165.34386
2457.0293
3238.6362
16386.555
10326.951
793.8926
57.89174
4262.922
0.0
2382.4717
4670.711
4304.6885
649.7959
0.0
355.60184
14154.048
417.81662
5145.261
0.0
1368.2422
0.0
6992.0967
6861.872
0.0
89159.25
1107.4059
463.94046
1998.016
582.4105
0.0
1084.2009
992.14886
21221.74
3908.0693
1772.4974
3668.7622
6142.7397
701.32007
0.0
1092.721
437.9184
552.01605
0.0
29817.629
208.41933
2778.3508
1525.1869
0.0
0.0
2178.1777
2358.3623
4242.9844
2672.4456
443.8094
15792.0
0.0
410.8554
9470.047
730.1125
645.4858
1472.8435
754.58923
2060.05
0.0
303.05356
468.17786
1587.0674
816.73083
9811.563
4899.4424
1191.1642
5580.7495
1054.9749
2047.4067
0.0
3424.3765
7959.7227
1116.336
5460.718
1440.7001
5072.2393
2167.7075
9203.557
1546.9766
18377.652
0.0
21389.04
2268.2517
6793.1904
1653.5259
40056.04
0.0
1270.3303
2020.9696
1782.9568
1234.695
2041.9011
4246.94
281.14832
457.09842
3085.2317
1528.0083
3307.899
378.7411
464.6921
1629.7175
8402.103
0.0
497.71393
1654.6509
1855.8745
0.0
6123.9814
770.41614
926.73816
1933.0222
2317.8232
0.0
899.6073
0.0
2001.8278
19108.123
1825.4556
34057.484
709.83655
0.0
4399.545
1594.2727
13381.822
16889.697
0.0
4752.079
4893.218
3464.8872
81.66536
15349.096
1773.131
694.33276
3292.3335
0.0
6197.3906
6224.7886
1653.6683
2259.813
21.369385
4765.2583
6379.5166
9794.744
908.1154
0.0
7189.717
807.1608
1669.0645
402.0844
2991.9897
541.3393
980.5471
3884.337
4969.27
508.9206
4705.275
72376.75
0.0
0.0
6333.723
67.0371
474.78186
0.0
0.0
3600.068
1615.8711
1867.0767
1722.095
1037.9178
4095.9094
3872.7002
771.4261
212.4416
0.0
3402.142
2997.4272
4921.039
2889.8237
1795.5996
2237.719
2555.8486
2822.2864
2077.893
545.201
3074.6821
1032.4482
1388.8176
0.0
8327.691
1788.8386
1508.0923
4585.3447
2021.3379
2476.9326
1255.3046
3434.6094
0.0
430.43964
5112.1367
0.0
8288.311
0.0
3762.673
4016.3247
1228.6619
0.0
11975.83
3917.1975
647.6048
1642.3547
0.0
2561.5679
2846.3052
0.0
4694.41
0.0
0.0
2848.8303
0.0
4245.696
0.0
1033.7169
7585.8125
2553.753
2704.3286
1622.4277
656.5071
21.575989
14626.604
2473.1265
1443.9691
7112.5986
2236.4805
11064.778
822.74445
1754.0085
652.4608
0.0
12062.027
4471.276
805.902
4036.3867
0.0
5805.5566
2050.4028
0.0
549.72015
1958.4667
0.0
0.0
0.0
0.0
0.0
4213.722
755.1283
1697.0107
1467.9664
2767.8486
0.0
0.0
5583.5146
2190.434
5784.957
4501.183
10761.478
5910.0073
0.0
2133.7983
17056.727
206.19336
0.0
559.24646
3429.0393
3602.204
0.0
4034.3135
33278.125
13800.478
3299.5032
0.0
0.0
1650.5999
31808.734
3154.4116
1728.9792
1482.1606
778.8239
0.0
1966.5854
22284.777
2745.9082
4531.1553
0.0
0.0
5454.4346
235.03677
367.0789
6170.012
7994.074
4497.508
15529.307
792.37085
18775.54
2081.6667
2606.0972
1722.5486
11536.801
0.0
20230.36
2101.0972
13770.398
2079.6704
1862.135
0.0
0.0
15445.1875
1620.9814
0.0
9536.876
2357.655
8529.059
1263.042
3583.7415
1339.7435
0.0
639.8808
3190.0852
1992.3065
539.16693
1681.7137
765.7907
4848.8047
5635.387
0.0
3904.103
5668.189
179.45137
0.0
0.0
5771.306
2191.296
0.0
7589.6206
9593.844
478.6529
604.59564
1317.6775
931.666
583.9596
476.80673
2297.478
0.0
1062.4231
4704.792
88437.805
56990.633
6379.4766
998.309
4425.144
274.9665
0.0
1010.7989
1482.9325
1467.558
1497.2937
3572.587
24898.729
0.0
8445.265
5225.589
9655.775
344.57928
0.0
73624.52
735.5504
4797.0938
6518.8057
340.7977
501.14368
291191.75
2585.7324
41127.617
0.0
0.0
6284.6826
960.6654
0.0
851.54736
4171.094
431.61032
0.0
703.9553
300.53113
114.39202
874.87573
0.0
785.81757
0.0
190.47647
4241.1826
4107.0376
3381.6042
312.20197
6836.0444
5047.632
1281.7976
0.0
8519.494
195.32721
3480.0073
1185.8625
11496.744
5723.895
3939.5488
1214.6436
2037.2676
10253.105
1350.3724
502.39575
3566.2178
2371.0903
7219.87
1308.7413
643.91046
0.0
4426.1543
44958.816
0.0
0.0
0.0
3165.9805
6463.109
4578.6675
3762.838
1293.7588
0.0
11192.059
3300.1257
57963.926
1035.2311
0.0
0.0
0.0
0.0
3723.7773
0.0
2652.2676
1987.0769
17323.977
2728.6785
2277.6826
4629.007
249.27963
5678.729
0.0
9023.371
6048.547
3310.0488
0.0
0.0
4857.0513
7238.8057
506.00046
2210.9414
3094.983
0.0
444.80545
3724.7476
0.0
5064.889
0.0
4468.8516
0.0
0.0
1243.0688
0.0
0.0
2425.7888
624.5282
423.82965
4745.1504
10252.5
2047.0544
5393.6797
4749.6333
719.60815
1248.1622
6880.149
5405.9614
3121.8862
1282.8483
3528.3125
1878.8223
1683.9689
2534.7085
0.0
883.101
0.0
0.0
9152.841
312.8839
7285.6455
1724.7544
837.1981
4388.4683
0.0
0.0
3270.3662
0.0
7767.7256
1420.8622
616.239
2771.4783
1354.416
3954.4175
1067.1937
0.0
0.0
1218.2074
1690.6467
0.0
2290.9849
0.0
473.79852
0.0
5949.443
238.01073
0.0
0.0
2851.9028
2080.9756
0.0
3869.8745
5122.1216
0.0
0.0
3468.5552
0.0
2612.6997
540.8726
0.0
4396.251
2414.4177
6118.268
1142.5322
0.0
1023.0436
0.0
2021.7869
0.0
4626.6045
65.99572
17435.787
0.0
0.0
192.51266
1976.7277
5072.9
2927.0728
0.0
6801.9717
8866.594
1256.2319
289.91968
0.0
0.0
1761.7936
340.79095
254.89676
11633.138
386.91956
901.2117
8686.043
1095.0076
1125.295
3281.6091
722.5016
0.0
6301.2607
3218.2012
0.0
583.9284
0.0
0.0
1819.9727
0.0
0.0
5924.967
0.0
818.0835
0.0
1026.6361
4389.076
1470.1833
1213.9884
4691.877
3535.086
0.0
3818.336
1466.475
0.0
42098.543
0.0
802.8269
1308.2506
4400.025
1463.544
2139.3152
0.0
4224.7373
0.0
0.0
0.0
1197.1035
1372.4078
0.0
1090.4744
3274.8687
10052.778
0.0
0.0
3247.3828
0.0
11086.093
4913.7583
6813.08
5623.7637
1144.8284
3732.3774
5521.3677
3141.9722
2285.0698
0.0
1100.7703
6571.4365
1494.3099
2580.4575
0.0
6047.903
0.0
0.0
1184.0936
6762.0664
0.0
870.0075
0.0
0.0
2692.221
2277.8247
24138.375
1275.9331
3386.5073
423.8816
0.0
6872.0977
5751.5947
850.28784
2233.17
510.88876
44036.176
76.90454
3363.684
1750.6055
0.0
875.853
1653.6393
635.18176
0.0
1158.2045
4114.2485
359.94193
14354.361
1678.6523
0.0
2657.1094
1812.3619
1049.6311
1947.2583
76185.22
101.92612
0.0
3863.604
49.590958
3247.6768
0.0
10680.371
0.0
1055.6863
322.16852
8212.075
1356.7603
7026.5703
4181.4487
320.92773
922.3072
4387.228
296.07135
1117.7458
86.04378
1448.2292
4013.174
0.0
192.05768
0.0
0.0
10694.793
2498.5806
1787.2781
1464.2847
229.16138
469.91763
494.97162
1492.6095
0.0
14.493353
0.0
0.0
533.0908
2751.224
0.0
8049.8843
6549.021
4535.713
5298.944
5652.882
125.61728
177.21829
1666.7673
0.0
417.99515
617.2612
0.0
13709.853
2505.5469
2913.751
13828.496
1204.2968
0.0
73871.71
5340.835
0.0
0.0
1527.7197
0.0
407.62323
5176.994
0.0
2573.7205
1922.4866
6597.8657
4108.1016
0.0
2342.1494
12360.488
619.6119
5591.1875
1064.7262
0.0
353.74753
0.0
4275.459
926.8453
365.4873
13047.287
1251.3708
0.0
0.0
429.1748
0.0
12146.102
6505.295
836.35876
0.0
4639.891
1100.5701
544.43677
0.0
0.0
3495.0386
1464.7716
2261.7197
3026.18
0.0
1339.4766
6453.5913
446.1671
7515.951
9356.206
0.0
0.0
0.0
0.0
0.0
1898.2549
2906.212
16992.377
9770.95
0.0
1530.9623
401.7365
2791.0767
7100.552
433.3327
43838.91
10403.979
0.0
8112.142
39145.348
636.8055
0.0
529.5582
22602.379
2847.4563
11507.373
1040.5154
1366.3439
1177.9913
0.0
2116.8547
0.0
10860.229
23206.695
0.0
624.94604
23298.797
4944.1143
194.0051
1420.1039
74.33406
2665.0176
1909.7744
1170.0892
2873.7112
4237.39
2272.2507
2898.4758
15257.578
864.11316
2163.6191
0.0
1887.2539
573.08203
996.57336
4913.1714
3980.9167
1327.0618
427.2521
1113.2732
0.0
1239.7305
1775.8356
0.0
7382.749
6471.6416
4431.3574
714.54144
1802.4614
0.0
653.3523
5884.6943
1000.7754
8033.6865
516.3188
0.0
1214.148
3047.3413
982.3904
2582.861
2383.0715
0.0
7013.7363
0.0
9236.626
4168.776
6066.983
0.0
10873.443
0.0
1239.6632
463.6015
6481.796
994.55444
2156.3735
0.0
843.8015
1278.7749
0.0
597.9162
1394.335
9903.199
0.0
5032.7163
0.0
2049.7268
5269.839
1847.1223
4687.0493
5163.846
2989.204
19334.773
201.37215
0.0
3741.2224
0.0
0.0
1938.2012
281.76953
3568.926
1588.3999
0.0
296.66772
0.0
1529.7192
3722.757
0.0
1311.5815
0.0
2600.7183
14050.934
2389.1934
0.0
326.11328
0.0
387.10767
3601.5693
0.0
0.0
1339.9545
0.0
2661.3025
7460.2607
4034.4648
1315.1414
131.86833
1164.2106
31811.691
17232.67
2213.9893
4041.464
18622.479
3159.687
193.89008
166737.5
656.3088
0.0
48614.008
1790.169
6489.9326
0.0
0.0
1667.0608
5430.9287
0.0
1317.196
157.82512
50.34011
407.95404
2668.483
6326.892
116736.89
1967.6747
1860.4082
2190.517
11998.817
1983.731
81.24179
853.25696
144.79128
3639.3816
0.0
501.25623
179.6651
5159.731
0.0
0.0
510.5187
11205.737
321.64328
1469.3473
4760.578
14797.709
15111.141
574.01135
1582.6831
5260.2363
4587.476
4092.0571
0.0
1030.8778
0.0
1849.2244
2215.945
0.0
3459.1523
1148.2007
3851.4946
327.8366
341.73798
0.0
1446.4441
0.0
4404.026
4639.3623
589.1213
2550.8267
0.0
3924.1946
5179.662
0.0
1312.2878
0.0
415.43164
5569.724
14166.162
5641.9814
3181.31
1608.5562
1285.665
2300.6587
0.0
0.0
246.32217
871.2155
4545.3784
670.87244
12081.271
0.0
0.0
1883.6959
5376.6284
0.0
5521.1895
836.6919
4687.453
3408.647
221.18457
1917.4072
3987.0127
1939.4088
6062.3984
2402.293
3480.9993
721.7689
0.0
8266.854
0.0
2395.1538
1293.8606
20322.828
0.0
7469.8384
23786.832
1307.4489
0.0
0.0
0.0
0.0
6685.21
12643.439
0.0
7253.074
385.81787
1376.9131
0.0
5334.251
0.0
1826.797
1060.1919
2876.8076
641.62317
0.0
56666.633
6101.1963
485.58554
1974.3279
2902.5798
14550.195
624.8488
0.0
408.5624
3483.8418
286.32153
2659.1619
1673.3687
0.0
7690.4146
1518.3334
794.25757
16961.676
2167.0989
6529.9014
742.3702
0.0
3192.8455
2149.672
0.0
1269.7563
11082.148
612.82434
0.0
0.0
1577.5646
93.49836
2312.0737
3583.832
4787.486
3125.659
0.0
26555.113
377.67804
418.02118
3928.9578
3930.038
641.2324
2950.4072
9060.002
3528.09
0.0
0.0
0.0
9019.076
1309.4492
3058.892
45964.445
0.0
0.0
1762.6665
0.0
0.0
526.23395
0.0
10936.916
4538.6943
4500.7827
2959.9873
0.0
1712.9587
0.0
1798.7224
0.0
0.0
239.9869
4252.3564
698.534
547.658
0.0
4885.7124
14248.76
0.0
7132.109
2604.1758
745.0974
0.0
0.0
6930.4316
4716.626
6009.905
441.37848
25750.352
2279.8198
509.6723
2590.822
444.90143
0.0
3096.7202
11010.805
104.23256
4703.203
5940.757
1225.9011
1256.0707
383.52197
3867.062
16194.281
785.37494
4769.0435
2260.4375
0.0
5398.3057
2272.835
10300.934
2049.7283
2472.2979
0.0
30666.5
1836.5835
1009.4645
4400.9087
0.0
2889.9924
30266.387
0.0
94.6832
0.0
5281.233
1407.9854
38687.387
8902.825
2336.2808
0.0
1100.7787
1597.3157
765.1958
1166.7742
0.0
104901.99
1240.0543
0.0
406.08524
0.0
507.74643
0.0
3498.4272
0.0
1791.9696
0.0
2716.0376
1483.964
988.03906
711.4462
5136.2056
182.05693
27267.172
0.0
0.0
2320.2988
0.0
3980.8362
0.0
9023.15
2983.8599
3351.4395
2874.1895
10332.572
0.0
1608.1663
250.04517
5009.5605
15592.281
246.61316
0.0
20664.676
0.0
10296.65
10609.798
2720.567
232.30798
0.0
1102.5557
237.52577
1778.3562
342.7079
1752.9604
0.0
21162.555
1075.4617
0.0
7621.2783
1571.5917
8769.283
1714.7893
7337.4277
96638.375
10074.088
94.66908
0.0
0.0
146.87349
70.110306
0.0
0.0
0.0
0.0
0.0
669.61127
1150.3392
1129.6635
595.97577
0.0
4380.472
6602.8896
0.0
4497.8535
2664.8157
24769.697
642.1531
780.3053
3579.2344
60429.164
4868.1543
131.47011
9413.189
0.0
749.8585
12211.07
2170.8267
1710.6188
44312.78
7395.1826
0.0
826.1466
0.0
0.0
0.0
872.42444
35727.492
4917.9365
0.0
0.0
222.26956
0.0
9670.093
466.96564
4152.3745
0.0
844.8437
179.89775
0.0
11412.289
1015.49097
3883.6414
2687.1733
339.8567
0.0
16.545044
2579.8271
3274.5923
535.1109
0.0
0.0
3184.878
1325.1608
0.0
0.0
23189.926
6434.7324
4057.5093
0.0
0.0
996.10175
4822.9907
1376.4669
1747.3193
0.0
3980.827
1986.7251
0.0
0.0
0.0
19115.16
0.0
0.0
3748.2793
0.0
14055.666
6429.123
907.1399
8237.7
4021.8066
8161.5703
4476.545
800.7651
2855.5972
0.0
4672.6455
2281.6196
2470.3374
295.14297
0.0
2796.707
3193.8418
1750.5404
0.0
19179.904
178.68825
0.0
7478.443
1564.2008
586.76324
6978.92
0.0
361.92972
892.5973
418.69183
1604.9255
8310.779
2989.0928
3398.4666
9464.315
395.6703
562.71045
0.0
6178.241
0.0
0.0
7033.966
4340.4805
692.36847
0.0
562.87085
0.0
9740.439
0.0
92.367256
0.0
2795.81
3540.042
843.677
0.0
273.74448
0.0
0.0
0.0
5306.583
5401.271
0.0
492.27966
0.0
1806.703
0.0
33732.17
5731.387
2851.673
286.86865
940.9306
0.0
0.0
1220.0869
1093.2927
0.0
0.0
1871.4532
0.0
3569.3188
7312.3477
8227.4795
773.1631
944.1835
657.2042
4098.388
0.0
5464.0713
0.0
0.0
270.3726
983.47565
84.8276
463.32123
44194.645
3660.3416
1237.7825
12913.117
35288.934
611.619
3278.8477
2814.9192
0.0
0.0
18505.408
0.0
0.0
7958.7427
4573.9346
23736.73
84.99036
2110.6064
785.70386
4159.286
1386.937
1902.49
359.40167
1615.3683
0.0
14975.838
13035.119
0.0
0.0
7451.1553
1306.4314
1326.0112
321.25714
17034.82
1210.6381
12355.765
1579.1195
3732.686
2185.6672
3048.3457
3543.7896
0.0
15135.786
0.0
1531.2855
1623.8276
0.0
22613.477
0.0
4101.377
606.6843
95453.88
2847.8352
16734.074
1315.8893
0.0
12515.613
920.71606
101.071915
0.0
1006.3045
1992.9229
0.0
0.0
1024.1079
6518.6377
5148.058
975.87115
5501.255
1170.2284
405.89685
4026.876
383.3061
0.0
756.3641
3946.4775
1418.5881
0.0
3031.4404
3564.8062
2101.8726
2684.063
3414.5146
0.0
0.0
4666.9644
1286.8212
6260.4375
1926.8894
731.7268
0.0
1924.4856
151.15051
0.0
25962.816
1722.7825
1474.359
441.78894
898.7803
0.0
0.0
0.0
680.66815
5098.6636
1611.3938
0.0
4135.67
0.0
1082.4628
43.565247
1317.2681
9.168131
3180.9653
9676.375
1469.1184
42806.43
1130.5045
830.5713
1518.4058
0.0
5969.505
0.0
43294.492
2197.956
533.7018
16166.475
0.0
939.72125
1564.7007
1500.9382
2336.219
529.66064
0.0
0.0
1725.511
1626.8043
719.86395
1465.2971
668.7817
1111.0791
843.65045
449.14465
1945.0637
0.0
3997.5247
1349.2699
0.0
2626.106
964.1988
2181.4214
40322.72
134.04515
5349.1797
38361.38
520.6157
23950.79
755.7584
1832.5366
1708.0953
13303.223
11211.808
0.0
550.38
3043.398
5541.385
5971.091
0.0
0.0
1726.1072
0.0
4953.2363
1253.7546
0.0
0.0
1576.8591
241.50742
0.0
1238.282
1484.271
0.0
0.0
0.0
0.0
0.0
0.0
3023.3252
105.61908
0.0
6145.8516
0.0
0.0
1148.5353
0.0
8772.711
5412.3135
1157.1652
21468.936
1589.6115
0.0
47.916653
1512.7571
748.979
0.0
0.0
1405.3354
3599.9116
12179.176
444.05295
4172.392
1178.5371
2333.0815
819.58704
5712.1855
1950.0364
3686.9768
2844.5166
18734.12
15901.735
11824.933
999.6566
0.0
0.0
2096.6902
0.0
46489.805
320.6352
373.62607
1545.8135
1338.7689
6094.361
3493.817
0.0
1239.3013
0.0
2187.2017
505.3567
6502.7974
1766.6372
0.0
906.26917
3186.3086
3707.9788
11779.381
389.96854
174.29077
6608.256
0.0
678.8895
206141.78
0.0
12350.852
433.67218
0.0
0.0
529.03815
3.5175323
18403.932
1515.1517
212.0156
0.0
3033.164
0.0
3135.0671
1070.6134
1649.6035
0.0
266.93213
0.0
1826.088
0.0
506.54968
3343.3262
619.67883
6229.591
0.0
8810.2295
1112.669
835.1873
1467.344
0.0
1605.331
5904.59
0.0
11984.805
671.83984
436.73898
8737.849
6579.1143
80.57468
3595.3594
871.25415
180.42154
0.0
2508.0034
95.09819
9203.009
8998.055
13664.338
742.0137
4748.743
0.0
337.25986
2661.8345
0.0
356.535
6537.309
159.75748
10463.668
2673.138
0.0
1767.5481
4342.8096
0.0
612.07874
0.0
0.0
2123.1848
0.0
0.0
3395.9111
0.0
208.6323
3753.0537
332.6989
31955.012
12117.49
0.0
20691.771
422.06195
933.42334
920.9566
1711.091
0.0
482.96594
0.0
1366.6404
2902.7664
6107.1147
1497.8649
0.0
1166.883
1782.7368
0.0
480.60083
19008.875
94.64703
949.5313
0.0
609.3895
5.3387413
1844.8586
11399.582
22039.152
0.0
1498.9698
652.0603
45534.85
3981.6577
0.0
0.0
56684.53
5077.7607
27818.398
7943.252
1330.3599
4159.5474
13701.286
0.0
1610.248
3610.8276
0.0
0.0
19857.242
39992.03
366.16663
2742.4343
0.0
0.0
1511.8184
35845.4
2053.8813
1309.3533
0.0
28453.473
7741.131
484.7846
3336.054
591.23145
70.77346
3052.442
0.0
8782.721
11162.551
1878.2466
2827.2222
3339.4336
0.0
0.0
0.0
4697.722
4043.7734
5201.296
0.0
1492.8545
0.0
1434.6637
0.0
1097.5564
1753.0447
1711.971
2458.1177
971.4182
0.0
10674.094
5969.3525
0.0
1386.7063
2776.5537
1083.9146
5075.5605
0.0
0.0
0.0
390.98312
0.0
4045.5142
9053.255
0.0
1370.8705
0.0
3234.65
4737.8525
1545.8245
400.35138
0.0
5302.837
0.0
320.79495
1420.0214
0.0
1245.4033
6203.8423
0.0
10032.529
283.83893
22886.334
0.0
906.30396
1489.3385
5213.571
1793.9729
1969.8762
0.0
3675.3884
8123.659
2020.8323
755.5459
3366.1304
0.0
475.31897
12483.997
10710.974
1560.364
2442.958
1198.2725
0.0
6111.34
4566.6064
5062.0854
0.0
0.0
105.45017
0.0
1061.4027
4655.336
1513.1311
7441.3667
706.4835
0.0
3590.354
226.9563
0.0
702.8794
2464.7988
1060.8562
54721.33
8055.129
0.0
1129.2454
43884.836
5554.077
15474.815
473.48486
1912.7166
844.39056
17719.928
6574.8555
878.63794
2628.3389
0.0
1212.6108
710.3106
0.0
5100.706
0.0
9079.161
774.244
0.0
201.6237
728.702
3875.2402
0.0
3751.1084
0.0
6326.207
3891.6113
0.0
180.31322
5929.453
0.0
21082.098
1413.5779
0.0
14211.315
60540.58
3939.9592
0.0
3577.2705
0.0
0.0
1639.0374
2934.7705
2017.6635
3128.031
0.0
2628.0107
11131.402
1043.3497
0.0
2461.4106
3833.4814
5542.7285
23.066982
2989.5483
730.46765
4929.4165
13069.324
1102.8778
0.0
374.33487
6958.419
2846.165
23986.06
1208.104
0.0
3494.186
182895.38
958.54407
0.0
14067.439
170.06595
0.0
8765.554
0.0
869.61365
604.1295
68.25759
0.0
186.53679
0.0
0.0
8775.525
1244.5837
721.4078
1500.457
1882.6807
13206.343
370.7052
4328.2573
0.0
0.0
3790.392
0.0
0.0
1787.5
11330.38
0.0
661.9192
438.76422
544.6498
223.31946
5782.8325
5283.479
0.0
27106.936
0.0
0.0
0.0
1354.8296
0.0
2936.7632
0.0
29190.094
469.33075
1421.8011
1232.2253
62850.35
0.0
5027.042
273.85828
2248.8022
3260.218
0.0
0.0
2059.1052
1196.3085
14363.369
11703.786
9405.619
0.0
497.97794
3650.5037
2944.6484
1514.3105
0.0
722.6701
149.5513
0.0
795.44104
80.9987
5746.285
5128.7617
540.5923
12617.098
0.0
881.68884
3071.096
0.0
1809.978
1859.7062
4283.9355
3208.2493
0.0
1260.7251
1575.56
258.57422
2464.3623
6478.675
0.0
0.0
138.97235
13966.811
377.22406
2473.844
252.41284
0.0
1339.8934
3996.1533
0.0
0.0
0.0
4150.945
982.1481
583.3587
0.0
316.1556
16757.742
913.1914
42400.977
0.0
0.0
2137.6843
3359.5127
166.74312
7472.5615
329.83627
248.73958
0.0
1605.4368
1451.1553
95.58338
465.1604
0.0
0.0
3523.727
0.0
12306.453
2906.317
2657.303
0.0
3983.2627
670.8715
0.0
6266.046
1472.5352
1234.1915
1403.4646
2163.4893
5623.123
0.0
647.71985
5036.3286
10091.051
0.0
618.8557
1684.9436
0.0
0.0
622.0419
0.0
0.0
0.0
431.05554
0.0
0.0
1891.969
5803.1104
5123.8965
3951.002
0.0
0.0
2642.9172
0.0
933.91614
0.0
3042.8584
2584.518
0.0
2339.7317
2036.0752
8970.262
0.0
12183.727
2646.174
745.1914
0.0
7860.4727
1580.5591
5662.172
677.4469
0.0
453.93335
0.0
1616.5074
747.2582
8940.434
3259.7327
3154.1992
360.65167
917.42535
0.0
599.6604
309.55588
12073.361
10142.818
0.0
0.0
392.0652
1235.1641
711.89075
2542.7456
258.05304
187.18524
1732.1677
13209.057
0.0
4426.316
4912.4414
2674.4517
4103.759
2398.4338
2507.8223
0.0
11292.721
16570.39
658.0765
0.0
0.0
43396.93
9910.216
1545.436
0.0
1882.3451
3446.308
9219.23
1339.9945
1586.7673
4542.81
147.74057
7746.2324
0.0
6309.554
8742.294
1119.1367
5194.2393
8338.248
3132.331
1514.0952
0.0
2383.2112
0.0
0.0
2103.3967
14488.508
10474.967
6236.358
1807.1797
1250.7112
784.8579
0.0
1332.9961
33927.91
390.0727
0.0
1075.04
0.0
0.0
10056.147
67.88292
800.8824
9789.127
0.0
3750.1255
9569.805
2723.5566
18092.475
0.0
0.0
140.6244
0.0
0.0
0.0
4682.6704
1408.5166
2280.4536
1434.7104
8519.939
6129.994
0.0
3078.5989
0.0
5903.2275
0.0
1152.6954
746.81616
0.0
192.0758
2131.1633
0.0
2293.1348
6921.9795
2757.3591
1031.0769
396.96527
55693.92
0.0
591.9407
0.0
1453.8848
1378.0122
376.4886
673.8074
0.0
4102.4453
2387.9087
5477.507
1925.6467
3879.7246
5916.365
8275.922
1725.0867
12272.085
0.0
0.0
10428.631
17028.148
15746.195
294.79376
0.0
6191.6846
21012.496
458.55426
1244.3766
1903.1716
3059.629
0.0
2439.6074
2779.713
8104.5146
0.0
1791.1511
589.54675
294.38043
4956.5405
704.834
0.0
6711.276
5120.766
0.0
565.5809
401.55228
45258.703
2849.0725
8265.022
290.07593
1740.5339
5589.9053
2301.9714
635.9721
436.56372
3166.6863
15458.889
1826.8286
602.4916
1437.0103
939.9383
1583.0432
2013.9049
5423.8574
1200.9008
0.0
1284.7871
5075.6724
2584.7324
852.33905
8352.404
2992.1636
2493.3193
357.63226
903.7682
0.0
7205.2783
422.09106
4711.538
1110.735
0.0
0.0
0.0
4525.1475
9342.697
494.36008
367.83154
10957.763
0.0
21057.77
0.0
1818.216
1792.8414
11408.824
1572.079
0.0
2641.8367
0.0
7896.1514
0.0
0.0
0.0
6463.3145
2345.4802
0.0
0.0
4764.827
5169.3037
270.71698
1279.9832
1187.0216
4002.0913
240.04422
0.0
1104.2323
517.9488
38859.293
2622.5146
0.0
2077.3518
7538.849
1003.6414
6127.171
0.0
353.0783
1987.0859
1711.2866
0.0
5417.796
2412.083
0.0
0.0
8340.074
364664.94
2225.106
2976.7817
0.0
0.0
0.0
0.0
0.0
5506.168
1701.5271
0.0
0.0
11056.856
0.0
0.0
0.0
13686.514
28496.95
1535.9197
3044.9326
2953.1294
2017.8682
776.574
0.0
3704.2236
0.0
830.1898
7.550186
0.0
1533.3081
21983.273
1359.2305
4378.9043
14259.926
3405.6274
2328.3618
0.0
898.64355
0.0
7000.842
745.53436
0.0
5092.537
408.99066
4435.3037
39262.258
957.5032
3785.928
0.0
1374.7118
6818.538
2075.2734
5322.805
150236.6
0.0
539.4937
6697.756
13960.021
0.0
2975.127
0.0
0.0
425.80374
1760.0894
1901.8512
0.0
893.1736
1949.4353
1060.3939
5709.2217
991.8057
771.81146
0.0
0.0
187.20284
7299.7646
2580.8608
0.0
11502.976
0.0
0.0
239.15842
1406.7063
0.0
0.0
2388.2017
2925.4043
1519.1196
552.4311
1172.1724
3287.2002
1363.986
251.74768
2058.7815
1924.7466
820.08606
1054.8876
1280.8593
1600.5352
4346.674
0.0
25917.74
1188.5284
559.28174
2707.565
814.9387
1168.5144
516.2015
3232.9626
0.0
0.0
0.0
0.0
0.0
0.0
0.0
1162.8855
1187.709
13659.893
3009.4434
22710.592
1401.9309
8733.531
0.0
2090.934
4922.0503
1775.4724
0.0
15010.055
6847.085
1105.7645
0.0
1117.318
846.39435
0.0
1523.5795
8800.951
414.04388
540.6843
0.0
3757.9543
2161.264
15004.314
52.70052
4139.2197
159.57077
8164.468
2258.9595
835.9309
0.0
2663.8755
1686.2654
0.0
691.1421
3438.6235
5699.497
17076.184
0.0
2275.975
2676.5571
4053.0908
11013.056
107.31798
0.0
733.3883
5799.491
12043.204
0.0
0.0
0.0
14371.362
330.87344
4292.169
3419.877
4166.5713
3327.6082
4232.4136
0.0
3878.6582
3878.1038
4302.159
2925.4846
0.0
0.0
6365.0107
1220.0758
5278.3813
1614.0708
744.9417
3773.6292
708.0241
2660.1533
5857.798
1398.4689
8814.17
0.0
0.0
0.0
3081.1838
4161.885
4317.8896
532.0419
360.75223
12228.066
794.36914
1041.9562
1190.3489
1212.791
3840.6682
4439.744
6149.965
2819.7886
2072.1997
6787.8584
507.63562
3520.0527
3378.3877
1050.4795
5493.8965
1532.9153
304.9264
823.2186
3899.2334
688.11816
0.0
3836.2646
798.0484
4293.075
3134.5906
1549.3864
1143.9225
124381.14
612.16907
2431.3699
242.2214
4270.591
1064.2068
2868.876
0.0
3611.2578
0.0
0.0
2026.6487
1422.6008
2164.0022
6942.8413
5084.0967
355.05774
4240.5107
198.17229
721.2616
3383.9573
1626.4719
820.23334
0.0
14639.088
590.6687
0.0
0.0
3528.9917
3855.9177
1259.2151
717.79236
0.0
589.7023
0.0
240.25226
2864.246
2186.37
4002.3892
0.0
638.9388
10347.785
287.05646
66122.05
256.33508
258943.55
2278.0913
43115.57
47848.637
10305.597
5672.509
0.0
3682.9824
2633.4438
556.60547
2827.1606
6911.657
0.0
8493.889
17304.898
14562.094
629.7617
3450.2031
9675.207
30589.242
369.03772
539.71216
0.0
1364.1329
2733.3684
4400.0312
0.0
0.0
754.80115
5043.9565
1225.3784
12897.848
895.0491
1479.3679
120758.45
4926.1367
806.2983
1301.0708
7407.984
3561.6128
7889.2393
1855.867
0.0
11969.191
0.0
0.0
2817.3535
8942.229
1429.9902
0.0
5269.76
4291.84
3480.0518
0.0
1717.1831
164.0094
0.0
11491.336
830.7804
524.4335
12744.736
23554.074
840.74445
763.672
0.0
0.0
6095.496
3615.3496
4183.9673
0.0
16237.17
9426.289
0.0
913.47485
0.0
0.0
76509.984
7066.6367
5823.455
0.0
3907.9219
2604.1357
4082.791
13953.209
337.56897
0.0
1578.2249
379.1054
809.98413
2229.4678
372.13202
25700.74
0.0
3355.4102
23759.596
1034.7548
0.0
1109.5457
362.1369
0.0
7582.585
211.71056
1351.77
2306.7725
96.025444
1226.7241
6519.868
0.0
6858.616
1703.1946
7391.8535
2680.0073
0.0
3329.4077
3219.1006
382.35938
0.0
0.0
5163.211
1950.6714
0.0
0.0
1482.1338
3830.8875
723.2146
1893.7468
4396.9663
3243.0957
8715.798
0.0
1867.3525
1572.9755
3311.0776
0.0
2428.623
2749.1282
6751.6035
3281.268
0.0
1939.7084
4507.1426
1348.2847
13570.619
23620.73
36396.633
1186.5101
2984.68
880.6931
869.3133
3223.3682
449.54895
13547.085
8003.456
781.87915
428.24756
0.0
0.0
0.0
627.5447
0.0
2980.4783
9215.75
0.0
1146.5891
0.0
1668.8052
134.88965
0.0
0.0
69805.766
3172.185
865.718
2445.728
2578.4739
11832.512
2351.5122
0.0
0.0
10530.263
3970.25
398.88037
2585.9946
47400.773
0.0
1091.123
0.0
788.4192
4207.628
5459.609
1153.8795
30642.863
1952.5334
5374.493
155.27916
10701.724
0.0
7061.9844
0.0
268.59528
4229.8086
679.61774
1251.5803
12086.233
4171.4644
0.0
5348.0923
735.9644
0.0
181.9288
1459.0359
4181.9443
2702.4722
12421.869
2290.4146
1552.9746
3779.1946
2475.7432
0.0
4853.0845
0.0
5337.264
0.0
0.0
0.0
0.0
0.0
7162.5615
0.0
0.0
5218.612
300.5916
654.4133
2371.0637
498.42474
10455.646
0.0
436.04218
0.0
3451.9485
0.0
339.8437
2535.6575
5001.8706
1258.4412
3520.5603
326.37286
1213.8236
0.0
2590.2974
262.24463
0.0
11834.977
0.0
688.9165
3449.7737
3239.201
12905.783
4292.996
691.6467
1424.321
268.85843
1394.598
0.0
1430.5391
2228.0967
0.0
42774.633
0.0
0.0
2230.333
6716.508
1029.6604
5744.6445
1982.1896
367.66385
0.0
71121.3
2717.6152
4287.1943
10999.077
0.0
319.54443
7539.102
0.0
1636.3033
11577.16
10783.622
1511.1135
785.1527
0.0
0.0
4893.111
492.79352
0.0
2369.3022
0.0
0.0
67.21598
1791.4598
6984.635
2229.9521
4886.054
833.2906
7582.9717
20269.377
7044.952
435.40088
3307.3794
2660.2832
0.0
0.0
0.0
789.6947
0.0
6098.073
247.32822
1340.9211
1953.2197
0.0
0.0
3592.6274
1450.1049
2200.5684
1034.7766
2898.216
23878.324
905.5927
4341.2065
0.0
2384.7214
695.17914
317.34372
21609.652
1987.9269
0.0
0.0
413.2412
308.29877
0.0
0.0
7149.301
44688.812
0.0
3418.1938
2605.3794
0.0
7388.804
814.2588
286.36835
9153.726
735.2754
1109.3885
2927.3347
2005.5499
856.4269
178.24577
0.0
3782.6765
4572.246
0.0
1607.847
8701.842
2606.7324
2414.7483
6125.8535
1418.1393
0.0
471.84833
535.6937
0.0
