583.92773
165.69037
238.13347
0.0
427.83008
4325.4746
1576.5924
2172.7944
0.0
742.0857
0.0
733.4939
4387.9414
2497.8647
8470.006
0.0
1882.4131
0.0
1783.2285
4181.365
4906.7466
2897.3262
5035.6025
2666.3577
0.0
1110.6
0.0
736.0011
2554.2915
4887.1787
6367.677
1824.9158
0.0
507.20618
0.0
971.7119
251.9547
8947.65
53088.23
2208.4355
0.0
1466.9902
1102.8523
3211.378
3550.6743
667.0143
0.0
0.0
0.0
176.07182
10563.134
91.5831
0.0
1105.5662
164.46872
4289.9536
4270.479
0.0
5286.269
1356.5674
21379.012
0.0
0.0
0.0
4503.75
0.0
6535.2827
7002.4326
1432.5857
517.90656
4898.279
1047.203
1619.0374
2724.9365
0.0
1871.6365
5600.0537
1710.9482
6220.4277
3479.5217
304.89453
5327.5396
4490.661
524.3126
9634.291
0.0
511.81927
5722.252
875.1138
1308.5432
3098.5781
20580.67
23539.156
0.0
0.0
8997.433
0.0
1406.7228
1419.4573
957.4579
4096.8145
5316.4146
10251.113
2111.6511
2346.5896
0.0
5066.577
3127.88
394.93997
8325.974
0.0
0.0
0.0
3178.389
5068.1025
1230.1438
5899.676
18654.96
0.0
0.0
4205.8643
0.0
42797.805
169.94176
2739.1821
0.0
0.0
23482.02
896.64703
0.0
4093.642
2306.4917
0.0
1151.21
4767.9907
0.0
4341.88
6672.8105
0.0
0.0
6159.7
3778.7495
13464.852
6606.175
0.0
5172.387
0.0
3066.418
0.0
4042.3804
3666.8433
2663.3782
2133.1213
0.0
19066.969
0.0
186.70222
0.0
0.0
0.0
1143.0066
0.0
1340.4448
3404.566
0.0
3375.0771
8919.066
3035.955
0.0
6917.963
29806.773
0.0
4233.2925
0.0
4335.8613
16161.284
0.0
1735.6172
1921.843
12424.641
0.0
0.0
26141.16
0.0
2439.8975
2250.4238
1845.8547
0.0
4012.2246
0.0
7956.858
5711.8013
1763.324
10106.394
1645.4849
14707.646
4598.4854
4220.841
6249.6562
3596.6648
733.43616
0.0
0.0
8340.873
0.0
0.0
7312.3374
0.0
1668.1506
0.0
2059.6812
7040.0054
6096.467
0.0
298.32864
0.0
0.0
0.0
1548.5298
0.0
0.0
1163.1681
0.0
2491.002
9794.851
2106.4583
8750.446
2209.128
4910.042
11980.121
0.0
4697.316
0.0
55654.016
1552.199
8328.779
0.0
6007.639
5606.363
0.0
2816.044
5360.153
360.29614
2304.197
97.67591
10291.502
0.0
1914.6018
0.0
0.0
0.0
7402.487
1027.0112
12424.939
2377.4592
0.0
0.0
9701.297
0.0
1648.0856
1252.4495
0.0
7998.368
25992.547
0.0
0.0
1105.4453
0.0
0.0
1412.7505
0.0
457.7135
11371.311
0.0
3241.105
0.0
1330.2966
3358.2102
5498.458
0.0
510.44595
536.3568
4243.8613
0.0
416.76373
1193.41
105274.7
708.55804
14588.309
21731.516
1561.3127
29112.098
0.0
5631.5835
397.18137
0.0
0.0
3718.768
0.0
12089.728
6265.7295
774.5301
2592.8542
12628.429
0.0
1748.472
20869.867
2251.8438
1374.8716
0.0
0.0
0.0
0.0
2076.4194
2919.6914
9656.422
16859.828
18458.598
1905.0991
87.78304
0.0
308.67273
1199.4137
2079.7017
3210.6306
1087.5956
720.42
2027.0298
1244.2198
0.0
2981.6826
0.0
96.33569
1731.8147
0.0
4633.5703
8984.445
35047.664
4319.044
25143.53
604.7809
2944.874
7375.3384
1233.1038
2494.448
533.1393
8571.813
28683.338
0.0
1200.733
2199.5745
0.0
5344.126
0.0
771.0431
1644.2421
366.82947
2910.8428
4784.8613
1238.6097
5665.004
0.0
0.0
234.98807
175.96628
4827.842
0.0
91.12152
6114.8945
0.0
2043.5818
0.0
15578.848
502.74118
6883.026
0.0
1676.5668
407.39578
0.0
0.0
4773.2383
126.60034
0.0
365.10205
11390.525
1164.5367
8627.554
0.0
28125.781
0.0
0.0
0.0
874.51855
0.0
7953.1846
4699.984
3011.8845
0.0
3692.4324
914.4116
0.0
403.7823
0.0
0.0
7624.254
758.46924
0.0
17625.547
1413.4691
10519.963
0.0
1539.5048
10215.957
7125.8545
2830.325
13586.588
0.0
1751.0121
20534.738
2395.9756
367.96713
4447.5586
1803.3762
0.0
0.0
4679.582
794.28394
2128.8284
6741.266
460.36383
7450.9023
3409.7935
2070.845
1568.406
1337.5801
0.0
0.0
7285.3438
2628.9915
0.0
0.0
0.0
0.0
2644.5625
0.0
361.50262
4035.6216
0.0
4233.92
1919.2388
967.5625
5590.071
5454.9844
2581.0178
87.88531
0.0
7582.4863
6409.9565
16883.469
1799.5867
0.0
0.0
8641.053
513.09595
3095.7124
0.0
4122.89
7401.796
0.0
2152.3726
645.17206
2630.4019
3757.0264
416.40323
924.6051
2206.2395
704.57434
125.90622
5573.365
1246.8618
0.0
0.0
0.0
1573.1646
1038.6885
1966.9034
1645.4116
0.0
5907.0923
0.0
5951.6978
3044.2266
2323.2026
156.30222
5804.5156
5653.7734
0.0
5910.0127
0.0
3723.6052
12036.783
560.27515
4329.7466
9878.2
6448.8975
2212.1924
0.0
3669.8154
2800.5205
4565.6865
0.0
13615.129
62666.08
9266.683
2488.6472
2410.3115
4463.5083
30331.773
0.0
0.0
1465.7809
2364.2168
651.2587
0.0
5709.7847
0.0
3677.923
0.0
710.508
3385.6128
2523.4253
54875.508
0.0
0.0
0.0
5851.1216
11200.994
3467.2837
0.0
3211.8188
0.0
0.0
1409.3042
0.0
92.99837
0.0
4898.907
19431.314
4258.1104
1604.0973
0.0
10392.891
0.0
0.0
9509.013
0.0
17529.09
5214.065
3164.2021
1713.2058
3468.066
68.75107
3750.4514
6169.044
1127.4115
0.0
2652.003
2732.7107
4998.4077
391.4407
0.0
777.87964
628.4765
1549.2134
21283.916
4834.0776
20445.902
2545.0356
4341.2173
5104.613
0.0
3164.3794
0.0
0.0
5951.302
2139.3538
34448.56
1885.2476
3551.7378
1292.035
4856.042
231.92352
31747.258
3885.815
363.19324
5663.7944
5307.2153
7451.6855
0.0
0.0
0.0
513.79486
0.0
3405.6084
0.0
0.0
563.07135
1599.1707
242.06647
1185.0764
0.0
0.0
9427.482
745.19354
0.0
1259.6926
3155.6099
2825.2502
933.9457
0.0
656.1187
15622.934
1325.5215
872.1173
0.0
12751.94
8751.621
0.0
1202.9741
41.216007
1708.2693
0.0
17523.39
6047.0356
2651.074
293.02557
233.99333
719.6609
2620.1465
0.0
0.0
4219.426
6255.2354
2820.041
4275.5044
0.0
0.0
10909.831
1529.7767
3022.1978
1005.29974
474.59064
0.0
0.0
2274.7632
17407.887
0.0
4016.4097
0.0
3291.8496
1916.1697
5016.5225
41692.15
0.0
3752.7964
0.0
3095.6072
12559.807
3337.3691
0.0
0.0
2838.0117
0.0
6463.618
4726.2036
743.3008
1261.1722
0.0
952.7212
10739.714
40398.01
0.0
5595.479
446.8328
853.33545
10037.723
7410.3633
4448.76
0.0
53011.14
3293.194
0.0
2730.062
0.0
7625.9463
359.3625
0.0
2544.457
148.3765
2557.3716
17826.822
9416.828
111.759186
9067.442
1559.25
3510.642
7792.584
3375.391
147.02556
94.97589
6381.967
5988.2686
0.0
11817.74
0.0
1052.9142
7539.5615
2076.6125
5438.09
0.0
0.0
25.836157
4260.9854
0.0
105.01056
0.0
0.0
3698.1846
7947.6367
5150.793
5583.0312
0.0
6049.2656
100.08197
4209.2
4972.7393
0.0
1896.3967
6333.1016
3372.985
9293.542
585.7367
0.0
0.0
17580.021
554.48065
0.0
0.0
1812.0557
2213.7966
0.0
5618.5566
3435.48
0.0
2313.7905
261.06412
4721.8643
2834.192
8271.038
1846.228
0.0
1863.9343
18232.672
0.0
2115.7163
2200.0825
0.0
990.103
2889.6255
0.0
3877.317
5891.078
0.0
14973.242
90852.69
1413.7023
6911.6494
6276.075
51279.586
0.0
1856.2542
3635.6272
0.0
4440.2544
2171.0403
1590.77
9115.677
0.0
4912.71
0.0
0.0
9585.006
2396.2358
0.0
1647.0394
11243.0
4370.3823
2294.6992
4114.0967
11998.723
0.0
8923.783
969.6063
4812.373
2483.9502
16184.027
42087.81
0.0
5070.49
19065.043
8092.6455
0.0
1577.1299
283.14493
3513.143
2032.979
2834.02
0.0
630.11926
3748.7734
4201.6494
13056.781
194.42944
2485.3965
0.0
0.0
8893.755
905.0685
0.0
0.0
0.0
3900.5342
3156.3345
1722.3652
16074.779
17732.1
10956.021
881.33203
1099.6367
0.0
989.2656
5372.246
0.0
0.0
107.01963
5674.005
4886.837
6032.338
4565.021
0.0
0.0
6088.9834
17414.654
2352.4395
273.71487
0.0
9380.296
9655.784
16774.758
0.0
2506.313
0.0
61691.125
2255.7183
1956.2545
133.24689
1537.1825
5591.554
1485.7585
2774.4429
9508.791
705.19037
208.90157
2930.9556
3088.4211
4634.7827
3061.5974
1153.658
0.0
4067.8418
4356.4956
359.8032
3903.0625
7530.4023
10682.4375
315.72476
1267.3035
0.0
2677.9548
1526.2015
5590.2656
9452.535
0.0
10201.488
1471.5315
75456.31
0.0
0.0
2018.9275
2734.568
895.24097
746.7142
8270.37
0.0
14394.906
0.0
5044.0723
7571.4697
0.0
0.0
0.0
2072.8271
3397.9314
745.4656
6501.076
5594.6963
3453.1436
2922.786
3126.8901
1042.3274
2106.1357
0.0
5987.2285
2580.4192
1336.2737
1321.6968
0.0
3002.5408
481.3992
1822.332
20959.748
0.0
10397.408
120934.09
0.0
0.0
10311.85
2855.166
3772.5476
0.0
0.0
7151.678
7903.9272
3045.8132
6127.2627
0.0
20551.238
11105.888
0.0
0.0
0.0
8633.717
0.0
9813.266
357.32098
1330.5079
547.676
3513.337
1281.7605
4480.454
2642.8481
14999.262
2503.2737
22825.25
0.0
2371.356
7978.379
0.0
3059.8826
2137.3918
4509.7866
9552.281
1516.4022
186.92377
1515.6238
16145.73
1985.2883
1426.3052
6734.943
3416.8027
0.0
2476.5278
0.0
2836.33
7405.9004
0.0
1668.9451
429.64706
13380.295
3591.4832
4712.9297
0.0
0.0
148.58871
3304.1511
11395.807
9933.704
35.293404
137.16876
13945.648
46443.38
3848.9448
101.9298
8983.708
69.131805
0.0
388.89136
0.0
0.0
0.0
1302.0935
0.0
0.0
4141.9233
2177.2163
447.47974
16900.654
2122.7456
3204.5261
3961.108
7112.525
8142.7627
6563.59
0.0
0.0
0.0
0.0
2077.6777
7153.1724
0.0
2756.636
0.0
2084.6707
36670.52
3916.3235
0.0
10164.167
0.0
0.0
0.0
3430.4775
4576.1274
23588.58
247.2795
24560.596
0.0
250.25449
812.8217
2924.0217
0.0
17608.32
98.74504
5342.8926
2817.7583
15197.996
12088.708
0.0
5322.486
1164.151
9801.074
461.05414
1138.2228
0.0
0.0
0.0
0.0
7433.36
640.742
1403.9102
4893.109
4911.2666
27552.293
0.0
3144.0784
2952.4006
0.0
17381.674
1754.63
594.23816
441.20538
0.0
2837.0757
0.0
287.7615
7809.4707
1916.8579
425.8671
3978.8296
0.0
2774.3833
376.48956
99.30542
0.0
7253.512
548.0702
1434.64
0.0
0.0
0.0
2619.0994
0.0
1372.8435
1070.7971
3725.9731
3035.522
2182.3687
1186.7891
3511.6475
4191.624
0.0
1222.9198
10128.029
4261.196
10662.113
3410.9937
0.0
3777.9087
9418.713
7008.4814
0.0
440.30652
5950.395
0.0
31.656837
3598.1812
2192.3774
1254.7723
0.0
0.0
7083.6377
4216.6597
21125.031
732.08167
0.0
4074.6982
2882.3132
11735.461
24439.773
3768.6958
2664.0347
5027.2686
368.8103
58069.18
1571.0022
8041.435
0.0
0.0
106.90934
44.058884
1879.7463
29281.523
0.0
3286.9082
8935.084
3506.58
5312.4326
11283.526
2591.2134
649.1856
4993.007
181.25119
0.0
3173.7065
16873.346
2821.119
0.0
989.5074
23346.045
3140.426
2784.6162
164.99957
5982.502
2047.456
757.6954
2651.9214
938.025
0.0
39255.61
18796.316
5065.382
2555.2751
0.0
0.0
0.0
108.874054
6360.127
0.0
3418.7249
3575.2546
0.0
8414.156
0.0
8665.373
670.3563
3105.4834
0.0
6847.2773
9759.972
2562.1152
0.0
0.0
1760.3322
2876.3728
20583.965
5762.621
1448.3389
0.0
1481.4303
2093.7112
7684.1724
1847.2675
6786.382
2696.8384
667.5549
11237.375
867.9553
1893.3965
7742.552
3662.4395
9690.575
3595.7246
1880.54
1830.7517
0.0
2231.1929
7193.1606
2939.7405
0.0
0.0
7121.592
8745.607
1285.5131
0.0
3262.668
14806.279
19544.121
884.8251
6210.0557
33.535454
8908.688
52837.293
0.0
12519.785
476.7583
2018.1912
0.0
0.0
2712.4956
3912.4019
12239.271
670.30054
1351.77
7866.668
1099.9884
0.0
20350.203
4913.046
273.2815
0.0
185.01622
21455.1
0.0
1661.6267
0.0
2967.8718
2283.3047
0.0
2249.849
14255.258
1940.2664
1316.5497
3346.3066
160.61108
502.02277
0.0
0.0
923.64075
2861.4236
1487.7094
18143.848
548.04736
705.99097
2088.4006
23171.102
9223.797
3464.081
1461.3131
1014.24603
6321.545
391.8669
0.0
89.0966
4875.5215
1366.4248
17698.012
4708.1865
0.0
126882.555
2674.8657
1365.3317
0.0
1872.4211
2182.5708
20531.258
0.0
0.0
5409.0493
0.0
3063.2559
989.64746
6342.7383
0.0
2035.7155
0.0
2487.6946
7803.9746
8780.415
29672.178
165.71649
2343.3066
5202.9663
392.1367
0.0
1429.6582
1746.6909
584.94495
2984.5098
138.018
4542.151
6930.993
19271.625
0.0
2937.6606
0.0
27716.422
35484.56
0.0
401258.75
0.0
183.83539
38933.41
0.0
916.6531
478.55927
2243.647
12529.991
5094.7954
0.0
4420.4775
9088.938
0.0
9046.75
3342.1426
10888.746
2342.728
3548.6104
1206.5571
7964.035
202.2168
0.0
2387.3496
0.0
2954.2612
2828.4172
3529.478
3205.3672
0.0
593.54
5587.156
0.0
0.0
4327.8906
15199.544
6543.3677
4376.205
1321.0643
16331.646
4107.7065
0.0
3728.504
3480.4346
0.0
695.4098
7678.035
1538.3207
2305.101
0.0
0.0
491.4461
11574.0625
0.0
6468.749
17657.95
0.0
2123.7642
0.0
0.0
0.0
0.0
6438.7686
0.0
0.0
0.0
0.0
2375.4087
0.0
0.0
0.0
0.0
2290.516
0.0
4132.5825
1634.8059
8816.277
10980.291
1533.9385
2608.0732
708.8166
1061.2014
0.0
2452.3262
5941.048
489.77856
795.4882
1822.2997
18192.363
0.0
5287.3677
439.3087
2529.8896
11090.777
0.0
3401.433
0.0
1103.1932
0.0
0.0
2424.4746
36646.758
0.0
2573.3708
28827.703
0.0
2931.1157
0.0
0.0
473.99884
7379.9204
4081.5813
5029.795
2854.558
1963.0469
0.0
7686.5186
38429.3
9560.791
3948.3154
4285.8594
34.51738
0.0
0.0
76.21374
7012.6885
1248.5798
6877.589
14564.57
0.0
214.52249
0.0
6703.3584
0.0
0.0
523.28894
69.852615
664.3989
1453.4324
0.0
0.0
84099.484
2924.6516
85.4941
3282.4702
1180.4023
4018.6738
255.03033
17452.854
0.0
0.0
339.1469
5566.556
5291.927
4166.9224
4080.9292
2103.369
3397.2827
1655.9395
3594.7402
0.0
5859.213
0.0
6528.6494
2000.9404
739.4435
1613.8752
4650.5723
7984.3525
1882.527
0.0
8821.287
761.54626
2176.9675
71146.945
7496.1104
709.573
2471.212
3778.3804
6645.497
3786.1074
730.1664
0.0
7621.6865
4364.509
1280.9951
0.0
588.64813
5420.3887
6098.133
3239.891
5503.2607
2349.9265
0.0
1875.3146
2030.3964
0.0
4935.887
3824.0938
1578.2949
108.532135
0.0
1119.4824
1623.1652
5402.4297
4444.4834
2001.988
728.813
0.0
0.0
1837.2065
4029.7124
7858.171
1628.052
7011.8706
59.296135
1512.635
2875.1838
0.0
1616.822
0.0
1460.987
856.6631
8105.539
6169.337
0.0
2733.963
0.0
9317.287
0.0
618.6252
306.56326
0.0
67979.3
8806.193
5251.989
21522.53
0.0
0.0
0.0
3303.4927
0.0
0.0
4846.956
154.37982
0.0
1389.1906
80.12714
2502.2866
5972.032
231.75505
11227.516
0.0
8788.274
657.3082
16655.549
1636.8938
444.80093
3604.788
0.0
1350.4631
714.19275
11703.681
1396.7502
0.0
0.0
7401.659
0.0
5354.488
3563.2915
4859.622
11356.429
409.89478
0.0
0.0
0.0
7010.5605
0.0
0.0
2547.5505
5971.088
6972.082
4801.293
0.0
12649.058
0.0
4610.157
314.20264
0.0
16337.85
18096.146
21116.316
8909.322
949.0311
6196.975
0.0
1484.086
0.0
0.0
11730.543
0.0
5274.9653
15.829491
3689.1772
0.0
1805.0181
4366.5645
3319.5752
0.0
2958.6616
4059.7695
0.0
3037.1958
1847.554
6212.994
721.2798
0.0
2306.2014
7916.3193
5303.422
5737.372
1106.032
2314.6833
5112.6934
6000.6504
5223.2725
2558.1875
1686.9897
14897.562
0.0
498.80423
2694.2969
4310.423
308.40656
10033.012
6354.9136
0.0
20552.701
0.0
0.0
0.0
0.0
3568.3826
34.645332
2075.7644
3276.1182
0.0
470.95398
0.0
5504.4414
3150.9312
3446.4014
13369.9375
0.0
0.0
0.0
2359.9734
8371.736
4157.471
0.0
3386.1084
0.0
2991.6016
0.0
0.0
2064.4585
7650.839
0.0
1878.2771
6082.049
1502.8008
729.14777
0.0
0.0
0.0
0.0
0.0
2030.616
0.0
475.85596
1141.985
0.0
0.0
1037.1243
0.0
546.45905
250.98244
3489.1738
722.18304
3514.1494
69.136116
1181.1416
146.37402
2710.6624
1666.6353
11563.279
0.0
285.71225
0.0
3270.56
16783.477
0.0
0.0
1856.3145
0.0
0.0
283.65826
706.53394
98.468155
1275.5378
5031.751
0.0
2948.5896
3312.1445
13392.572
7528.7656
28.286907
0.0
27107.746
0.0
5321.331
5607.368
2768.9746
5657.6216
3707.5913
0.0
0.0
2521.2168
0.0
1343.2173
0.0
510.13684
5675.876
0.0
11119.159
5913.626
1898.5022
0.0
1013.82825
2864.315
0.0
5119.8926
6897.2617
0.0
0.0
22233.893
2222.9988
1130.3354
1173.8247
4584.6777
16976.268
1904.8333
0.0
962.9674
2853.08
2734.6348
5665.688
0.0
0.0
1338.2849
235.6627
6839.9033
191.6004
6022.2793
1109.1074
2621.494
345.18564
8382.037
6961.464
3841.9192
20505.613
0.0
3010.0994
91.269424
2781.2405
3680.3774
1679.2798
0.0
2473.2034
26893.059
0.0
2686.009
0.0
0.0
0.0
0.0
33524.11
9600.54
69930.91
0.0
0.0
0.0
1764.7678
2752.2444
0.0
5872.5054
4617.711
14103.498
15481.204
797.89343
741.06696
3366.6665
3543.3252
694.11005
0.0
3836.442
1544.4768
5274.434
3360.373
0.0
0.0
0.0
1435.469
0.0
2872.074
0.0
0.0
0.0
88.51246
1592.0275
8906.581
4165.6807
192.9088
1207.5952
173.90039
0.0
0.0
1042.055
2660.2163
2117.778
1727.1288
110.98664
0.0
0.0
0.0
14158.727
1590.079
0.0
10351.974
489.8451
1717.3232
0.0
2235.283
0.0
8456.734
0.0
0.0
0.0
14215.532
0.0
3247.811
626.1939
2057.3257
2322.423
474.25238
366.60513
2503.9734
1780.3948
82.07517
1729.6334
0.0
0.0
6994.0713
8749.475
0.0
0.0
5644.146
1994.0315
0.0
96.40338
4371.6235
6256.398
3485.2056
0.0
3481.7617
7552.0093
5982.235
2939.2297
6023.658
51790.992
0.0
1265.0347
2762.2383
4652.9746
0.0
1797.459
2490.2449
2813.8423
1373.1393
813.9994
0.0
13231.742
101.46295
5135.79
4083.3555
1800.0984
2457.6807
0.0
1970.5479
5509.1387
0.0
13036.398
13941.379
4402.8643
0.0
4176.3765
8938.492
0.0
19470.922
2617.367
1443.1974
5410.51
248.99945
3557.4924
0.0
3523.546
0.0
0.0
4281.545
0.0
0.0
54.57856
0.0
0.0
0.0
6696.2495
1388.8472
127.08966
2554.0508
6864.838
5426.8604
3028.0078
6396.028
2832.413
18266.104
2007.3873
376.92163
2476.3674
0.0
792.5899
884.78125
0.0
3557.711
8842.787
6927.8164
1765.2526
0.0
0.0
0.0
0.0
6576.149
6055.5986
0.0
3727.585
13921.767
10140.152
2655.16
5223.1553
2499.9485
2164.4558
7618.4365
547.9544
7385.6016
10987.3125
1770.1868
846.54395
9973.216
0.0
0.0
7280.3003
9221.014
1770.1028
0.0
4975.7817
0.0
0.0
0.0
975.32007
0.0
840.8743
343.43564
1581.9905
0.0
1139.5735
193.9689
2920.2178
113.573
0.0
6851.206
0.0
0.0
7175.252
1423.8496
5739.915
1278.8171
0.0
0.0
4751.3394
14414.8125
9940.257
14615.968
654.25714
917.56885
0.0
1896.2134
16512.738
2566.6875
0.0
4522.693
379.40268
0.0
5478.5
3991.6526
12410.334
6847.5664
104.77554
0.0
130.44252
0.0
0.0
3407.2886
0.0
0.0
3443.651
3292.3
7217.91
553.5447
0.0
0.0
0.0
880.85535
7315.757
0.0
0.0
4676.2046
18558.23
0.0
1399.4354
0.0
2021.5236
0.0
3414.0303
5482.55
0.0
1450.0547
561.04517
0.0
0.0
1061.2
0.0
0.0
2769.5356
0.0
0.0
1788.5996
2542.1323
4259.7114
77.06345
0.0
33864.055
8186.899
4547.0034
0.0
4053.165
0.0
4720.482
17192.463
0.0
1406.8508
0.0
8586.589
0.0
0.0
84.69888
19368.918
2303.7385
0.0
0.0
4016.92
0.0
0.0
3522.2087
0.0
69.96698
535.7815
1446.8508
0.0
10890.112
5108.4824
4942.7925
2435.8584
10191.417
550.123
7583.211
48203.43
0.0
0.0
3177.6714
1273.5941
0.0
4236.842
56361.836
3379.3904
3286.8435
0.0
4244.9834
5184.532
293.54053
9782.272
4497.555
1558.7261
3052.5005
92.12952
0.0
2067.19
2841.4004
10490.244
0.0
5744.316
0.0
3498.5798
1535.0193
150438.52
1640.2926
640.06287
0.0
0.0
0.0
13951.225
9079.313
17817.953
0.0
1135.726
895.0508
5154.7534
5365.5576
12497.943
8191.9204
0.0
423.1562
0.0
8943.202
17199.059
2552.2197
9817.211
10514.3
1432.9525
2663.7441
0.0
0.0
496.04614
1061.8533
229.84314
2839.513
0.0
12293.942
4720.3145
1730.8296
5274.1626
0.0
6976.4307
0.0
2292.7915
0.0
0.0
717.63513
2453.603
281.2146
0.0
13200.768
2526.688
3456.2305
6115.825
0.0
7088.5254
525.2223
3652.2363
1751.1942
845.69714
0.0
22419.342
1768.6199
5236.748
7548.9175
0.0
2047.4255
2753.044
8172.505
4719.3945
3158.1506
0.0
6195.042
1215.7274
5071.153
0.0
2763.187
24794.57
970.45654
1781.0579
6297.3955
3786.1304
0.0
12084.435
7571.2314
0.0
3491.9868
777.8658
0.0
3543.4707
221.52231
10812.376
197.79211
0.0
3483.5051
0.0
1140.4648
8185.995
13164.031
6299.7114
0.0
7821.879
0.0
213.60928
1333.0878
0.0
497.16553
0.0
848.928
0.0
175.43164
509.9308
0.0
2345.339
0.0
2624.9785
0.0
19378.361
3369.622
2221.7808
350.1965
0.0
1607.351
422.2076
2958.2466
21409.463
3009.5657
15083.672
936.0905
782.01196
1809.0154
1373.48
423.96713
303.39868
1990.1694
1413.8225
0.0
276.1056
2829.4617
2184.1753
3504.2568
206.25749
0.0
106.81836
1219.8169
516.71643
2753.8516
4335.4395
7873.082
5661.8535
1568.269
5626.909
0.0
0.0
10804.552
4099.592
5138.0083
5624.917
5678.0884
4269.0312
531.2023
1727.5037
1975.8428
3843.6377
4847.5264
3647.4429
0.0
1661.9485
979.60815
0.0
0.0
3778.8374
0.0
12296.32
8113.574
4317.4565
2003.9453
0.0
0.0
4490.772
0.0
570.21
2547.9937
4247.9775
0.0
2128.5076
8274.6455
5905.9355
1246.2568
317.10254
10202.84
763.9507
10268.201
2393.9058
1257.739
0.0
11148.202
0.0
0.0
7378.6655
5332.0107
3849.269
1458.3508
14752.486
3336.167
0.0
0.0
0.0
3803.3657
0.0
0.0
50214.605
0.0
9027.522
0.0
9835.277
2460.359
9466.908
2803.4282
12880.635
5447.158
4092.8054
8895.929
8250.136
2127.309
4410.714
1958.2063
20338.498
6351.5444
4153.6772
303.20294
4226.3555
4646.9736
0.0
15874.088
12394.025
979.1953
2933.696
0.0
0.0
13063.102
133.70535
1721.409
3486.3599
213.74632
3828.2866
1107.7931
5579.1284
19903.58
0.0
2906.8804
752.26843
0.0
0.0
0.0
4024.158
0.0
2947.8994
0.0
11250.785
1800.9819
0.0
6001.8643
7670.0645
10758.386
37798.22
16127.674
0.0
766.73425
7115.7295
9882.321
9412.421
0.0
6925.0596
11492.975
6259.256
7057.8545
3071.2131
37947.953
0.0
4470.506
13179.882
1166.3867
6958.5664
3738.5837
3982.5664
44224.598
0.0
2195.3994
4209.416
517.83527
8028.4614
3660.4412
1241.6448
3853.905
1724.6992
29420.41
1241.3418
1802.5442
11323.109
0.0
2518.865
3334.6294
10181.494
2295.8647
1172.0096
0.0
1388.0396
0.0
13163.372
0.0
0.0
0.0
1327.1793
7920.92
0.0
1324.5818
2559.5103
5913.9473
9100.667
0.0
6200.6016
1590.948
5665.068
2333.2012
4768.966
1066.5719
2919.9893
0.0
2961.599
3707.543
1804.2124
3641.4111
5015.313
3578.978
0.0
1866.8518
4538.9243
0.0
21149.895
1208.4241
19963.738
2778.5515
5548.0176
0.0
4720.325
0.0
737.2079
0.0
2269.479
1686.8169
137.36217
34478.887
1902.2325
9798.234
780.3948
8232.719
0.0
2350.0083
3517.5254
0.0
3553.7078
6793.1143
0.0
2045.0989
2982.0957
2882.5813
9691.209
2301.418
3283.9148
5064.3604
86360.34
2475.5889
1333.3722
567.08093
2665.5637
2196.7449
0.0
0.0
676.4663
2140.3555
1012.9706
2547.1611
0.0
2876.6116
0.0
12772.518
3461.8467
135.38629
26093.379
3956.199
2293.1643
0.0
9941.357
3844.6992
4001.1577
2070.1653
5800.0283
967.46436
48.97522
7178.371
2540.7314
1553.7083
2191.7776
0.0
0.0
3429.6519
4664.957
2120.3176
10070.903
206.81592
0.0
0.0
204.78876
2192.4487
3137.9905
4547.1406
0.0
3568.103
2044.1521
13566.585
0.0
15446.381
0.0
0.0
1310.2871
1125.1145
2613.1965
1471.2885
404.12457
444.4394
0.0
1795.7072
2419.7507
281.97946
4478.7
2808.7712
2079.8403
2013.4429
9751.133
2498.3904
1303.7295
4248.7188
0.0
7838.053
3536.6997
4396.1323
6594.96
2779.483
10535.006
185.67757
0.0
3982.8735
3117.417
5714.9565
3661.3022
325.26093
0.0
3997.6257
0.0
0.0
1735.2538
5752.0664
0.0
0.0
1258.9681
0.0
3356.6233
15327.031
1420.112
9179.218
3371.4607
4933.99
843.2616
4202.3887
5664.8955
2605.1895
0.0
1120.2893
0.0
439.94098
0.0
958.64594
0.0
2140.991
0.0
0.0
841.6376
54.905773
4634.97
3981.5034
2694.955
3051.6638
1033.979
660.19244
1366.6116
15919.439
3049.738
5174.098
3490.3403
7911.8965
0.0
2620.8494
0.0
0.0
0.0
27745.844
0.0
0.0
730.07556
0.0
0.0
3221.479
7101.758
0.0
2960.1777
0.0
0.0
0.0
2916.0046
27968.2
4081.7095
8518.61
2787.643
0.0
289.46857
17638.342
781.03064
2610.0896
24042.36
0.0
4566.301
1054.2516
0.0
0.0
3972.4175
3332.1619
0.0
0.0
5269.5264
84.18468
1197.5552
9353.49
2243.5872
5770.291
5024.449
0.0
9821.326
8671.592
7992.795
46.657665
4771.031
134.36835
0.0
3830.498
400.58167
43230.35
2345.1458
2092.2073
0.0
3599.5044
0.0
913.5309
12874.591
3222.1104
0.0
9471.371
2760.8506
4920.712
95.71946
716.21765
2026.665
4862.276
0.0
0.0
5436.508
2194.429
0.0
136.46974
601.8654
0.0
0.0
660.68896
7381.506
3705.6416
0.0
0.0
0.0
3186.69
4027.37
1142.4167
206.24998
1321.7764
3794.8706
1456.1765
4341.3643
5879.2295
0.0
0.0
2123.5635
0.0
3870.716
2931.4346
4841.6836
5643.9995
3640.7778
16482.004
0.0
3110.0586
0.0
0.0
3632.4736
8918.895
0.0
0.0
34521.688
1814.8792
3570.8884
5600.2314
2100.8525
4865.577
51241.156
295.33786
1451.2493
2402.8303
0.0
0.0
0.0
726.999
769.11725
0.0
2251.1926
5381.5083
453.98828
646.6684
5823.8184
2005.7688
0.0
36665.582
7051.014
0.0
4697.3965
0.0
0.0
3779.5535
0.0
0.0
0.0
4226.9443
5188.3813
2097.065
3867.6646
0.0
3845.3208
4603.777
1049.312
4187.4688
606.0361
0.0
3170.777
729.92444
32952.543
345.4615
0.0
2560.4102
5285.558
7122.4844
5253.3438
249.86685
980.8297
14.143512
0.0
191.73738
3868.8982
4089.0498
1278.8132
1774.093
7564.7266
1136.9841
946.89087
346.31454
4294.366
546.0638
6232.574
0.0
4926.4863
5699.015
270.67993
0.0
15076.65
2214.8147
2472.065
6582.383
7613.0347
0.0
0.0
3671.357
334.1729
0.0
0.0
959.4564
5537.342
0.0
5816.955
24681.184
0.0
157.99094
4070.7505
0.0
13355.686
2312.2886
4559.313
5815.9346
10467.519
0.0
5971.5596
2490.0564
5058.2573
2290.3792
149.67758
0.0
5695.4697
0.0
2795.7402
0.0
743.5561
0.0
1304.0615
0.0
0.0
828.7178
3625.1685
9944.869
0.0
5276.3
4076.4631
397.31946
4971.05
0.0
9271.61
0.0
4063.587
1260.4025
6455.605
0.0
0.0
1155.9733
3220.7905
0.0
0.0
0.0
0.0
627.5263
3326.379
6744.8564
2771.5454
3927.2666
12046.316
6946.2036
12056.629
8105.7256
1400.1853
5384.828
3166.9438
0.0
95.76647
0.0
5145.634
1618.207
19045.627
0.0
4969.404
2174.0972
64647.086
2544.014
6815.848
9405.1875
2421.13
0.0
3873.081
1263.3436
6645.2017
17768.691
0.0
2602.8071
4643.853
0.0
720.45703
0.0
1451.472
1628.304
3415.567
3057.558
18523.656
0.0
8976.925
828.89417
2701.8027
3804.1768
1315.3468
2872.5232
10691.265
831.13684
4801.1743
748.84625
0.0
0.0
5878.461
13502.199
3920.375
0.0
6300.713
1778.335
462.95245
19318.416
2620.1052
4840.0303
141.97885
2325.1045
3290.5508
1216.8544
5146.9688
3416.324
0.0
777.0122
605.6459
5583.935
7754.8394
9552.715
1253.5752
1642.0669
2938.1611
3116.897
0.0
6226.949
1592.8888
5539.1455
0.0
0.0
250.52393
138.31009
11790.345
0.0
4496.171
0.0
0.0
5797.0513
105.941605
197.00543
5426.0527
4040.7888
3014.7024
2136.9607
3339.5024
3600.2415
3644.4326
15248.094
0.0
0.0
2109.826
1906.0911
5170.147
114.63236
0.0
0.0
1686.6129
2251.842
0.0
1350.0488
4291.54
1188.1151
3032.2642
3596.1157
15596.914
1855.4412
2038.1212
0.0
2817.8691
0.0
0.0
4667.622
0.0
4051.6152
3301.6304
3417.859
1984.7495
0.0
0.0
993.2049
3548.221
0.0
0.0
2793.52
3548.8594
8563.347
111.606895
11139.369
4166.702
1352.1151
0.0
946.32074
0.0
0.0
730.0163
5327.9873
1908.5583
0.0
0.0
3701.02
12585.673
0.0
245.211
6391.479
0.0
9896.086
2746.5032
1398.7109
10520.924
1371.9766
0.0
2889.5598
0.0
13976.387
0.0
2194.0762
2591.968
0.0
611.1124
9905.779
1548.6511
3996.3713
7877.6064
0.0
5136.5938
9451.976
6587.0225
7469.2246
58966.383
7820.3164
2157.9385
2978.2104
5216.129
0.0
3843.2285
103.59186
3670.8499
8496.387
1770.2754
0.0
4746.1826
2067.813
5953.4204
4400.205
706.7704
5207.0513
4873.468
3275.3276
12548.889
3996.023
223.59418
978.32947
2997.98
0.0
0.0
2292.8735
9188.086
371.59607
16928.508
0.0
10812.8545
1580.4738
6367.529
6688.2793
2281.6067
8797.197
5149.4824
115.20003
971.65704
0.0
0.0
348.69116
372.27032
324.25903
4375.6494
564.8142
1666.7964
0.0
0.0
2872.8792
2667.13
2230.187
0.0
1754.3748
2385.6702
154.38948
4399.504
4895.2334
4950.892
0.0
3127.2788
238.4065
0.0
1918.5791
8489.707
0.0
115765.53
1425.5173
469.7229
0.0
455.0072
1184.9171
3193.6255
0.0
4446.04
2285.2024
2126.414
2989.937
2936.9807
0.0
1739.9603
0.0
4306.203
3489.0984
490.48
6288.038
232.56314
2677.016
369.05066
2111.6345
424.0385
0.0
0.0
6939.092
65.882835
5276.168
0.0
608.4215
595.7212
1521.0432
13795.133
3094.5708
5166.0996
0.0
52121.63
650.75836
899.4888
3195.6455
163.32831
5773.8013
0.0
5434.3887
0.0
2395.341
3454.9543
0.0
0.0
21425.533
0.0
5411.6895
3177.3042
139.63449
0.0
2314.332
692.77136
0.0
86.13382
3242.0444
122.34996
12775.541
9357.341
0.0
2715.106
87.12016
1323.7065
93.61686
0.0
6100.925
2464.5469
0.0
0.0
2662.6611
153.39731
0.0
7656.093
1096.5413
0.0
1958.9036
12012.072
2300.2349
1737.4443
1908.1028
0.0
2283.9521
2667.9463
172.06525
238.38597
3775.8347
6136.913
14970.656
246.172
2429.6143
12156.701
0.0
2355.0464
12415.412
0.0
92.22322
3264.1958
2776.638
0.0
16008.556
0.0
15616.822
0.0
6563.466
2405.8738
870.94775
2572.2876
21972.008
2861.173
1931.6294
3992.6836
3863.891
2215.2217
5561.8574
0.0
7849.838
0.0
1708.1785
0.0
210.8577
4385.3936
0.0
0.0
1834.1342
0.0
119.6004
1715.7319
18678.506
5144.2607
8652.627
4874.1367
0.0
0.0
2004.7056
1429.2261
0.0
3058.9287
0.0
5479.997
0.0
6287.9336
1427.6735
0.0
0.0
0.0
3240.2817
0.0
8296.408
2987.1199
8779.088
3533.2983
3268.5637
1334.7269
4517.302
6937.4414
2044.5251
825.9014
4196.4907
0.0
0.0
3511.8286
10790.551
289.2196
4382.2695
0.0
2337.6963
7375.4683
0.0
0.0
0.0
17961.723
0.0
5936.967
753.3002
3523.0142
0.0
2264.1462
1882.4519
1778.3044
2182.874
34183.64
2693.7893
12049.246
0.0
5598.641
0.0
201.04248
10363.272
0.0
0.0
774.0096
5950.245
2194.4019
3412.4648
0.0
4434.6675
22259.406
5809.911
144343.05
193.86365
8006.9814
6262.577
16430.828
6071.955
0.0
3982.525
0.0
0.0
6256.9443
41774.574
0.0
1835.2808
395.75433
2316.9797
0.0
14559.301
1815.9791
11626.291
0.0
2374.1245
2044.6658
2142.2922
1283.4122
709.4807
8113.0703
333.73923
4209.6035
326.19653
521.09393
8465.49
3489.9888
0.0
0.0
2218.1887
0.0
1933.8271
123.12242
2986.83
0.0
0.0
4841.221
6594.878
5114.389
180.50983
763.4955
0.0
4305.4585
770.0032
0.0
0.0
0.0
26638.377
4467.1714
1578.9025
0.0
2135.8657
1784.3137
1913.7446
1966.4958
8182.025
5716.188
0.0
0.0
0.0
0.0
257.42072
1050.0234
572.2152
5773.712
1342.698
3236.2695
611.76886
4446.067
2052.7305
4010.1035
0.0
11402.455
315.5002
2211.2188
1509.4446
6249.39
11212.049
2652.2734
5549.7207
2154.7754
0.0
16329.211
0.0
1129.0238
39087.855
2747.606
4399.05
0.0
9340.034
7498.2
888.24194
0.0
0.0
0.0
0.0
11879.007
0.0
3788.4521
0.0
983.431
0.0
0.0
453.1624
3351.4958
2669.0796
0.0
1033.6353
9606.397
5349.5225
1925.3236
5697.117
1248.6301
1734.312
1913.1284
3144.6968
465.46982
2168.219
4573.6255
4179.201
20172.447
7382.837
0.0
2126.3672
3579.2034
1507.8214
429.58575
8104.673
530.5303
0.0
13292.861
5164.2993
3798.693
7231.358
3287.185
756.6482
1413.9772
516.4382
501.5094
4402.333
8948.398
3310.4922
8701.1875
207.19785
1292.3582
0.0
0.0
7519.7734
123.07063
168.60237
43.267555
6638.966
0.0
3673.439
8651.035
0.0
18913.725
6211.2373
5573.535
664.2602
825.13745
6060.7334
3967.3325
162.42604
2840.3096
3941.6807
13158.025
5747.788
0.0
86.16652
5223.4775
2146.8599
3830.2153
4709.7627
14004.658
1292.5388
0.0
1178.7417
12187.92
476.34024
3594.087
0.0
1102.4354
0.0
4430.263
6704.7173
0.0
68378.37
1417.4307
612.83203
2443.6301
322.04733
0.0
1279.5059
2630.432
11512.642
5417.754
2013.117
3965.5774
7863.966
778.46655
40.208214
0.0
0.0
0.0
1719.9429
26112.95
1946.3044
1830.4021
0.0
0.0
0.0
4181.6465
4873.224
2649.8357
3817.4314
0.0
14826.212
0.0
0.0
9535.495
2032.0781
2191.7031
998.07043
2885.801
4428.3535
0.0
349.66486
1125.3599
2273.5774
5736.575
11035.717
3408.4424
3394.8242
5790.2344
1149.2574
0.0
0.0
1488.303
8556.805
0.0
6332.533
2018.9453
3253.065
2676.122
11789.819
2153.2778
48584.29
0.0
21417.91
1373.0984
9451.502
4020.975
28618.832
0.0
2174.2634
3733.141
2379.0044
2829.2463
2714.3174
5026.685
0.0
1803.658
2768.294
2200.0273
4620.982
0.0
260.80792
0.0
11955.615
0.0
0.0
0.0
2067.0803
5293.3022
6203.3037
1069.5833
2156.3254
2322.6504
3619.139
0.0
1424.2045
0.0
2374.7705
16721.82
1196.7317
35183.83
697.89465
0.0
4924.135
2074.0652
10624.9375
20255.047
198.10596
3173.3496
6984.6504
3656.9841
1486.6129
13865.318
1367.7654
833.8839
2054.0554
95.34129
7284.4087
9247.626
942.9347
2825.9185
149.54733
7827.3896
2156.9424
8595.537
2580.7942
0.0
8991.639
2038.491
1861.8704
602.6868
4473.942
673.79156
0.0
7060.9424
3498.9412
599.68713
2920.4658
8217.314
0.0
139.36398
6528.922
138.81387
652.67865
0.0
323.89874
4429.7217
2817.808
1708.7109
1606.4172
1516.7395
2815.5854
2463.4666
899.0655
0.0
0.0
2347.4214
4407.953
7431.467
1522.7831
1797.8525
1050.4275
2558.536
3324.9207
2683.0525
0.0
5047.343
1442.6809
4476.8184
0.0
4873.203
854.63196
1628.9683
4100.4893
2337.879
2915.3687
0.0
3196.982
0.0
0.0
5962.912
0.0
10159.916
0.0
4502.571
4816.808
1965.5126
789.5169
3367.1704
6539.118
1180.5339
0.0
0.0
3287.715
1273.9843
0.0
3433.413
0.0
0.0
2658.036
0.0
3784.9897
7.316739
1315.0898
6994.7817
3921.8403
3284.7876
3469.5493
1192.3075
19331.477
12466.55
3016.1377
2536.3875
5004.5728
5926.7866
11660.156
0.0
2997.256
2797.5535
39.030254
7176.919
3801.214
0.0
6399.865
0.0
5278.3027
1625.7764
0.0
0.0
2128.79
0.0
0.0
131.38399
0.0
0.0
5879.2803
0.0
3213.1694
1856.2981
5474.711
0.0
0.0
4784.322
3775.7878
763.40735
6521.5645
20133.902
5760.627
35.97581
1985.6602
16165.021
0.0
0.0
679.5192
2652.2578
5455.1284
0.0
6770.949
30751.324
12547.188
1466.0947
0.0
0.0
2296.0706
27361.271
4173.5723
3422.2073
2378.1467
0.0
0.0
3131.717
16642.201
4347.3
2283.2563
0.0
0.0
2960.3384
86.65499
1356.4406
6235.2627
8632.267
7328.1577
11567.296
1798.4686
12930.686
1387.4114
3303.8843
0.0
8801.8125
0.0
18873.666
2619.0703
10285.23
3423.4326
1875.5845
1739.793
0.0
5949.602
3861.6453
0.0
9220.506
2741.7424
2998.936
0.0
1618.3125
1361.9276
0.0
2477.7954
4199.5093
2066.896
513.52783
2498.9297
641.5575
1955.0776
6221.154
0.0
5895.31
7308.5356
111.63164
0.0
0.0
6451.0537
3801.4292
0.0
12606.133
9755.818
0.0
790.58594
1089.2102
0.0
562.9049
210.29088
5614.988
0.0
1149.4163
4921.626
81644.64
68854.32
10499.799
1537.4117
4815.708
0.0
0.0
2217.5925
0.0
1891.3748
1641.8445
4413.9614
22438.912
0.0
7194.22
3387.5317
9816.2705
661.74335
0.0
21358.525
659.23425
3256.3125
5044.5366
0.0
359.58844
172309.44
4174.39
22292.285
0.0
0.0
7360.3438
0.0
0.0
645.90497
4940.104
0.0
10103.951
0.0
422.649
62.62448
756.3168
0.0
1385.2906
0.0
209.25133
4253.1294
3861.249
4763.0967
174.91644
7076.628
2672.411
1510.945
0.0
10104.099
276.71967
2455.8662
0.0
17552.768
7744.6143
3164.6519
2089.4087
1930.7065
19765.758
2087.1035
0.0
4745.2617
2415.1707
5847.832
0.0
0.0
0.0
5115.1333
48065.785
3632.1895
15359.232
0.0
4600.129
8626.263
4338.0454
4192.1333
2317.9014
7822.335
6299.7856
2206.1929
73181.3
858.08594
0.0
0.0
0.0
0.0
4961.423
0.0
3171.6907
4557.455
9687.324
2859.5298
3366.9565
3427.9785
0.0
4811.762
0.0
7535.4546
7655.067
2466.1753
0.0
0.0
5985.9253
7895.998
0.0
4964.9043
3360.0425
0.0
0.0
3022.3828
0.0
7901.1787
0.0
9318.92
0.0
0.0
1925.926
3859.1956
0.0
3150.135
1303.5005
0.0
3236.8457
17018.68
2626.1777
7592.5615
7147.4727
1240.6514
1635.666
3939.1394
8036.149
3751.4417
1322.5173
5755.9863
972.8679
2442.8347
1580.989
0.0
1438.0774
0.0
0.0
10281.726
3021.613
6875.3965
1687.1271
0.0
4480.8984
0.0
4763.8643
4217.3765
0.0
5860.5386
1302.9979
887.0302
3170.6245
0.0
6893.1006
1545.3182
0.0
8826.663
1389.7643
0.0
0.0
4153.9424
0.0
0.0
0.0
3845.336
0.0
0.0
0.0
3202.8591
3125.4226
148.69722
5776.5225
6409.2656
0.0
0.0
889.6389
1898.6553
5275.66
1852.3147
0.0
3058.6746
2703.4495
4271.6274
917.42896
0.0
0.0
0.0
3311.5444
0.0
4481.5083
0.0
17202.455
0.0
0.0
204.29053
1221.8231
4230.3696
6051.9272
0.0
6090.5537
9169.877
0.0
0.0
0.0
9488.855
2859.6711
0.0
0.0
14071.012
4853.177
1201.2871
5611.6274
2065.2441
1448.5541
3423.479
638.905
0.0
6436.3623
5891.757
0.0
0.0
0.0
0.0
2073.2407
0.0
0.0
5236.822
0.0
1547.0415
782.0862
1002.1786
7753.1934
2321.0042
0.0
1896.3268
5993.5977
2731.481
5781.75
2628.1653
216.29086
33876.414
0.0
2034.1936
1775.2495
5131.298
2374.7913
691.3811
0.0
6111.944
0.0
0.0
0.0
2024.6516
2668.7603
0.0
1584.7698
3848.8882
9050.49
2164.466
0.0
2693.9595
0.0
8018.681
4384.8516
0.0
7491.8916
1363.6589
5369.33
5118.9214
2772.5278
2514.0654
0.0
0.0
8075.9263
884.34705
0.0
0.0
6069.417
4187.9536
0.0
1551.1572
6367.757
104.02069
0.0
96.96001
0.0
3260.0903
2393.2827
20473.64
0.0
5013.102
822.8447
0.0
6940.023
3364.7065
783.6354
3352.9736
0.0
26767.676
0.0
2575.5676
2681.4612
0.0
7690.1455
2713.285
248.79611
0.0
840.99493
2201.216
194.16205
13752.645
3578.019
37620.266
1858.3818
1094.3594
1768.6637
2575.4167
36216.92
153.00006
0.0
1552.5012
0.0
2915.7441
0.0
10439.321
0.0
679.5499
724.664
7128.1167
2053.1926
3334.0564
4782.6616
302.7999
1372.6859
3539.326
446.4137
1938.9772
0.0
1247.5731
1751.8872
0.0
227.68195
0.0
0.0
9886.996
3774.3257
1472.5012
2241.2876
0.0
576.64655
646.8061
0.0
0.0
172.11368
0.0
0.0
0.0
2446.982
3207.8296
11853.303
7057.336
2261.6255
5816.9883
21960.914
458.2315
186.2444
0.0
4828.872
0.0
0.0
0.0
16376.102
3510.4888
0.0
10597.215
3238.2002
0.0
57039.242
5414.709
0.0
0.0
0.0
0.0
1176.0989
3830.1763
0.0
4290.9995
2658.544
8136.797
2707.8145
0.0
4627.0146
8853.401
0.0
4300.5703
1603.0039
5423.726
207.9509
0.0
3754.0957
1379.5125
0.0
7741.13
1716.7478
3678.7798
0.0
347.1313
0.0
18154.312
5490.5884
652.78516
2365.8762
5289.5303
0.0
1069.1415
0.0
0.0
4723.7637
3688.1855
2287.397
3247.4365
0.0
2687.4167
8521.947
456.266
9221.894
10444.158
0.0
0.0
0.0
196.35504
0.0
2179.5383
2115.9946
11487.227
5610.289
0.0
1388.5973
0.0
2380.8357
8997.578
450.35446
53494.77
9729.216
0.0
5557.335
10321.412
612.4458
0.0
0.0
18357.893
2782.9055
10853.256
909.5632
3043.8223
0.0
6159.1836
3634.3293
0.0
5391.1006
19581.375
0.0
0.0
32215.01
4805.8994
49.4991
3309.3203
150.71262
1814.5243
2248.0442
1363.769
5910.793
3217.0054
4320.7173
2202.6724
29853.809
316.19193
4134.4087
0.0
1320.5535
0.0
0.0
7352.2725
6114.712
2409.348
714.45483
1145.4948
0.0
0.0
3988.3677
0.0
10359.6045
3977.6199
6200.6055
0.0
1856.2665
0.0
842.51904
29981.236
1866.6455
4164.7764
808.4533
0.0
1269.3077
1555.0751
1073.4695
1434.0289
2382.147
0.0
21531.375
0.0
12585.37
5668.508
8025.1445
5949.296
7387.63
0.0
2052.04
0.0
7143.318
0.0
1874.134
6342.8516
0.0
1999.1392
8896.128
524.1053
3545.8516
8482.926
0.0
9210.06
0.0
4952.7466
4000.4565
1590.5588
3557.48
7499.9624
4160.913
14571.457
264.92755
0.0
2175.9248
128.83134
11750.469
2116.2158
0.0
5140.823
2957.5063
0.0
0.0
0.0
1600.2239
4379.115
0.0
1362.873
0.0
1051.7188
22678.34
1386.2762
0.0
315.81595
0.0
254.51364
3284.371
0.0
0.0
0.0
0.0
2513.502
7913.635
5484.8687
3827.5938
151.19124
987.0864
12857.044
36345.14
2214.0947
4861.8994
23566.527
5997.8867
228.88315
80350.11
0.0
0.0
27643.69
1441.1586
5482.575
0.0
0.0
3234.5242
5280.387
1471.8632
2275.6821
0.0
112.44221
479.89667
6759.125
8364.713
67271.92
4439.5684
3084.0083
2285.6924
10542.868
1725.0605
194.5599
0.0
194.28479
23048.951
0.0
7581.0396
177.36453
7739.748
0.0
0.0
615.3051
8450.016
176.6009
2198.9082
5158.829
15454.73
5027.724
0.0
2270.5554
0.0
3705.9585
10882.899
0.0
0.0
69.86501
0.0
1647.5815
0.0
4478.2905
2101.1619
7257.665
0.0
671.6824
8276.472
539.0893
0.0
5950.6387
3102.3716
0.0
1857.2524
0.0
6603.045
7063.4697
42652.242
1673.894
4459.031
191.729
3487.0537
14980.561
7920.356
5893.367
0.0
1044.1124
1946.628
0.0
0.0
116.69449
440.62177
5405.62
0.0
7985.709
0.0
0.0
2076.682
5245.7812
0.0
6547.7964
0.0
4273.0596
5081.158
280.64624
3014.857
4437.2485
1405.5677
6386.9478
2419.8596
2943.1772
1252.1537
0.0
8367.188
0.0
3614.884
3040.9695
11745.951
0.0
9272.134
13187.244
2151.1924
0.0
0.0
5925.9087
0.0
5274.3633
15421.629
327.70972
10301.415
253.9255
0.0
0.0
2722.7947
0.0
2163.5693
1214.0297
4423.0464
873.6157
0.0
28802.803
2439.4749
0.0
3952.3203
2680.049
14278.344
0.0
0.0
745.5423
3541.4153
0.0
2243.6692
0.0
0.0
8239.146
2986.695
616.4204
12969.0625
0.0
8378.031
459.23245
0.0
5148.2866
2999.1172
0.0
13.643217
13685.08
686.94147
0.0
10451.76
0.0
115.649025
2943.354
3196.1426
8058.497
6177.2744
0.0
37458.336
0.0
301.44257
3655.819
2943.3276
678.35394
4651.1006
8858.104
1795.7363
19404.33
0.0
0.0
12697.556
2128.1152
4514.4443
17622.988
77850.83
0.0
3166.9502
0.0
3151.795
789.49255
0.0
11365.516
5256.5664
4035.0469
3361.2363
0.0
2834.207
0.0
0.0
0.0
0.0
203.86136
5344.7544
0.0
282.13757
0.0
5834.7197
9795.518
7773.7935
5668.1357
2699.8027
965.1113
73.03023
0.0
4566.0938
4100.32
6028.534
417.23734
13363.883
1866.1758
421.39465
6094.0586
1261.4579
0.0
2056.4023
9878.223
0.0
6845.089
9837.253
0.0
1662.3605
445.49512
1939.5287
20564.2
2521.463
6047.8784
2715.9011
2162.734
4828.5615
5033.0923
8518.718
3522.791
3165.1494
3246.9614
10835.7295
4327.7627
1578.177
3333.4722
0.0
2996.1753
28808.053
0.0
121.1824
0.0
6327.4873
0.0
20230.568
22277.488
385.33566
0.0
2051.4465
826.1398
598.75745
1156.1368
0.0
59732.98
0.0
0.0
0.0
3713.2078
658.10944
0.0
5377.376
0.0
4120.155
6959.898
2588.9949
1884.5927
0.0
1368.4263
4272.388
563.48975
24299.072
0.0
10908.578
4044.232
81.29208
3045.424
0.0
53266.273
3248.9414
5065.457
4361.3096
0.0
0.0
1597.6781
1415.1594
4502.8228
9445.2705
331.21948
29742.543
42992.504
5749.0415
9918.131
9689.285
2895.3281
1177.4923
0.0
1823.7277
324.91852
1842.9841
179.9766
1114.0402
0.0
23117.152
706.212
0.0
7095.353
1102.7378
29190.557
0.0
18100.92
78221.766
13215.213
170.37225
5426.138
0.0
0.0
0.0
0.0
0.0
13485.494
0.0
0.0
2579.25
1745.6338
1813.0153
376.29767
0.0
5841.699
6516.7
0.0
5584.79
3989.8228
17803.535
553.0746
2692.3232
3669.5925
37939.426
4477.4883
138.09224
9447.195
0.0
1173.3711
24238.59
1172.6461
1690.47
71591.016
7870.424
5190.8296
1242.4379
95.58391
0.0
0.0
1827.7202
27441.195
6053.459
0.0
0.0
0.0
0.0
6651.715
135.56305
6075.6816
0.0
1143.333
211.31143
19613.555
4650.9385
517.07715
4414.297
1875.7363
801.47406
0.0
5058.9253
3975.4993
4456.9507
842.5718
0.0
0.0
3072.6604
2712.303
0.0
0.0
40874.543
7203.9844
5221.979
0.0
0.0
2582.9685
3084.8625
1559.5533
3022.6216
3470.2502
3293.087
2280.1086
53.8612
0.0
0.0
0.0
7331.576
0.0
4478.264
0.0
26304.514
9258.314
1084.8303
8031.5596
2465.3313
6924.4277
6483.0557
1564.5781
2817.124
0.0
3877.2917
1572.475
3769.1995
0.0
0.0
7180.3916
1967.7297
0.0
0.0
18401.332
381.08493
0.0
7214.2036
0.0
314.96152
7207.237
0.0
570.71326
1058.2402
336.83456
2100.077
7708.5693
1028.9397
4941.9434
7257.312
475.1541
403.5476
82.72873
3296.2056
0.0
0.0
7163.2896
2369.5312
0.0
0.0
668.5661
0.0
9671.109
0.0
170.9644
5.5855303
2373.321
6323.1787
806.7519
0.0
491.8907
0.0
4925.4253
0.0
5991.419
2514.1782
3558.7556
0.0
0.0
1952.3035
81.82115
55856.45
6447.711
1931.532
0.0
0.0
9725.998
3144.457
0.0
1356.535
0.0
0.0
1689.8046
0.0
5587.9707
17935.14
7691.5156
1070.2518
1242.9412
1227.5118
5711.1562
5285.7124
5398.389
0.0
0.0
0.0
1424.8682
49.071236
418.56793
6637.512
5994.828
0.0
18059.902
25382.477
430.22375
4927.7505
4833.046
0.0
0.0
15217.861
0.0
0.0
11285.583
7228.0654
18968.053
170.25111
3567.2598
911.85547
5102.094
0.0
3436.831
0.0
3542.2559
76.468796
13795.557
13770.848
0.0
0.0
7262.1377
1027.044
1262.5643
194.76683
45009.254
1530.6067
10815.283
2249.3237
5184.707
3888.5637
2669.8887
1852.3418
0.0
16827.033
0.0
0.0
0.0
81306.61
18288.12
0.0
3913.6802
575.3772
31051.31
4991.6445
5066.6846
2571.8906
0.0
12467.836
0.0
0.0
0.0
654.17377
2901.6252
0.0
0.0
1115.9661
4672.9004
8633.445
1522.8945
6828.913
2371.9282
509.93304
6027.339
524.8507
0.0
827.0974
5830.042
1355.3009
1820.2649
5093.085
8177.794
2008.1852
7843.4033
5069.922
0.0
0.0
8715.466
0.0
7649.2627
1666.2417
0.0
4309.3843
1270.1245
325.1073
0.0
34711.246
3739.6113
4155.41
0.0
0.0
0.0
75482.734
1523.7738
598.95337
8133.6865
1845.1378
732.04474
5431.6333
1397.6241
0.0
0.0
2515.4187
135.40448
3171.6758
7311.3325
0.0
46763.496
0.0
1285.7345
1911.1614
0.0
3961.6504
0.0
43980.15
1868.2283
0.0
15859.428
0.0
1825.5515
0.0
1415.7595
3346.6
952.20337
0.0
609.6694
3063.0305
0.0
145.22014
2103.2168
1225.1074
0.0
1564.2427
0.0
2096.0806
0.0
6163.701
1362.6172
0.0
1931.9702
0.0
2159.9412
58800.383
0.0
5491.8984
33610.348
1606.3542
32739.992
0.0
2161.2954
3123.5112
11935.596
7583.9355
6030.493
450.58264
6174.6885
5975.0015
4788.581
535.25635
0.0
2821.7344
0.0
5452.5547
1186.1311
0.0
117.0764
903.5637
349.65408
0.0
1266.7256
3296.1252
0.0
11550.244
0.0
12990.744
0.0
2531.1165
2865.3357
0.0
0.0
4497.181
1304.2816
0.0
1489.1348
0.0
10980.206
6650.224
1220.2424
24085.19
3073.3784
5765.9365
156.51721
0.0
1515.696
0.0
9993.047
2909.6091
2420.3735
24340.588
597.0466
4615.6714
1433.1624
1411.4299
523.16125
3664.9287
3057.2065
2526.0173
3008.5286
17970.473
13879.143
29704.785
1181.7878
0.0
0.0
2381.4167
0.0
0.0
578.2035
0.0
0.0
1507.9216
4839.376
2285.2373
14754.389
0.0
0.0
2648.0396
1884.7351
2846.0593
1818.5991
0.0
0.0
4957.427
4638.7607
11203.975
277.9566
0.0
10208.105
0.0
0.0
139326.12
0.0
9651.56
0.0
2966.4858
0.0
411.14633
0.0
8173.8184
1748.1573
256.85626
0.0
3390.5537
0.0
2180.2898
1277.127
2126.804
0.0
215.01158
0.0
2832.3887
0.0
300.1023
3115.5093
1244.9541
9402.223
0.0
8362.264
0.0
0.0
2181.6409
2421.725
0.0
3945.9897
0.0
4281.997
0.0
592.55304
5155.802
6632.1406
147.12646
3300.7349
1180.2538
196.11069
0.0
2167.1853
0.0
0.0
8149.1934
16539.701
3986.7104
6452.079
0.0
0.0
2882.867
0.0
794.8197
10698.153
0.0
7733.8467
4088.3086
0.0
1958.3346
6067.8184
12313.854
689.46655
0.0
0.0
2231.0562
0.0
0.0
2709.1604
3566.7598
0.0
4970.715
380.78845
19906.832
14816.747
0.0
15538.53
750.27765
2050.0422
0.0
0.0
0.0
893.27704
0.0
1042.5449
6635.624
4101.0986
1036.8575
6078.6846
1424.3682
4304.3467
0.0
786.8062
22407.877
80.21158
0.0
0.0
374.05585
0.0
1768.4553
17825.387
33163.43
23487.84
897.2872
0.0
9848.821
4756.037
0.0
0.0
42984.86
13602.0625
37557.46
6734.6064
0.0
3241.1826
15540.809
0.0
896.44543
3936.6172
131.83234
4811.1704
0.0
26787.973
88.53639
4593.618
0.0
0.0
2969.3008
32783.58
2653.1426
2720.4487
0.0
30647.639
7573.87
9.910208
3651.4082
304.88525
17.13425
4341.2593
0.0
7255.8877
10099.54
1872.3215
5784.6387
2557.926
0.0
1783.3148
0.0
2280.8057
3249.105
4356.0054
9981.82
0.0
0.0
2622.845
0.0
0.0
1923.7144
0.0
1859.9075
9610.247
0.0
9242.041
7450.323
3838.102
2315.2273
2669.6648
1135.5713
5802.0967
2875.0442
0.0
0.0
333.2163
9952.73
0.0
2735.3955
0.0
274.16888
0.0
3354.541
4491.646
2430.4094
668.76227
4925.044
5205.034
0.0
798.218
2463.1033
0.0
0.0
6701.952
0.0
10090.596
0.0
14825.715
0.0
968.84436
1169.712
5845.7373
2477.9014
1370.2615
0.0
3803.4253
6485.53
1327.1044
1115.6824
3071.232
10978.12
668.19946
10440.037
10842.559
1385.9089
5465.465
4402.749
0.0
7591.166
6384.617
3640.2688
0.0
0.0
58.0049
60.50728
391.40482
6064.6
0.0
3930.0813
829.8431
0.0
4240.7393
429.17554
74.716675
714.6218
1818.371
1664.2522
16880.678
5862.1914
0.0
1611.2722
13749.072
4549.4556
22025.805
614.458
1973.8118
1111.7806
24102.883
7454.2676
0.0
2129.1152
3668.0933
0.0
0.0
0.0
5272.5947
0.0
7581.0713
0.0
175.08145
736.3325
594.38855
4966.825
0.0
5411.5605
0.0
6312.611
7624.1045
0.0
134.55695
5154.9614
0.0
28285.96
2540.2622
3236.85
4793.095
25505.566
4788.2754
0.0
3975.0896
14.773499
2792.3464
2378.2476
6027.3926
3363.5974
9485.35
8924.196
1949.6232
11172.236
1124.6931
0.0
3763.1523
2645.086
5659.001
0.0
2792.2246
689.08887
5425.1816
4433.9087
1121.6332
0.0
0.0
4927.1465
4668.4316
21295.387
1416.7134
0.0
3009.5376
61442.02
399.96127
0.0
10944.061
127.7948
12476.051
8679.73
0.0
0.0
409.74237
152.3016
0.0
174.73871
0.0
0.0
11962.688
0.0
358.00186
1065.8768
0.0
6979.508
220.37874
3661.1814
0.0
0.0
4830.1245
0.0
0.0
2982.0244
13611.372
0.0
1070.7334
239.5371
1204.6581
315.02643
7952.424
4470.7197
162.89148
22565.482
0.0
0.0
0.0
1923.9137
0.0
3634.9478
2615.8086
19900.95
0.0
1432.0681
1371.9845
75501.95
2456.208
6461.804
165.96327
1402.7952
6542.7925
177.40816
3985.205
3133.6064
1156.0552
12456.181
13303.1875
11467.387
0.0
814.1938
3906.0005
5487.692
2513.3455
7717.315
489.19897
112.23854
0.0
2226.3052
0.0
3984.8308
7790.2246
465.0382
8188.06
7761.4463
0.0
4363.631
4511.4097
0.0
1775.866
2717.2754
6107.746
0.0
1797.5801
1533.3362
1426.844
3470.8154
5851.174
0.0
0.0
0.0
16317.514
0.0
2950.01
0.0
236.11076
0.0
7065.059
0.0
0.0
0.0
4523.722
1173.3324
478.91525
0.0
299.87787
16578.29
3092.0767
22088.537
0.0
107.3566
3696.4531
4247.123
0.0
3401.9824
450.62744
241.86821
0.0
2220.7979
2659.669
154.06683
0.0
0.0
0.0
3760.9976
0.0
6723.506
3454.6265
0.0
0.0
1786.3335
0.0
0.0
5082.7217
0.0
1377.7662
1991.8196
1714.2019
6719.482
0.0
758.7097
5107.8853
7453.3237
0.0
930.7998
3628.216
0.0
0.0
961.13855
265.65714
0.0
113.338196
0.0
0.0
4545.11
2108.2104
7093.907
5920.963
3442.8037
0.0
0.0
2955.779
0.0
1031.1604
0.0
4242.988
2234.1992
150.2453
3244.7695
2923.392
8629.979
0.0
4859.46
6314.446
0.0
0.0
11885.172
2413.6372
5407.503
814.45496
0.0
698.42
0.0
1462.97
400.65533
4872.7935
2652.999
3242.803
276.90546
0.0
270.87634
829.9972
282.6158
13083.377
11176.112
4029.562
0.0
169.53809
3070.874
610.45715
3959.2817
0.0
0.0
0.0
11382.515
5718.0938
3693.2861
8324.102
3971.1626
5570.2812
3857.4868
1593.5308
0.0
14675.373
18760.324
669.0388
0.0
851.6891
19525.285
10547.121
1874.2161
0.0
3890.853
2395.8696
3999.6108
1542.3453
1383.2065
3679.829
0.0
11334.299
0.0
3710.699
15298.311
1065.6724
3096.8362
8529.314
2846.4287
0.0
0.0
1841.2566
0.0
0.0
4032.5308
17532.307
8198.233
6441.579
2347.4373
1407.6907
1184.0745
0.0
1675.532
19523.428
463.95966
0.0
1173.5686
0.0
0.0
37042.17
0.0
607.19116
2403.7466
0.0
5657.9517
14285.288
2776.3005
10123.395
0.0
0.0
131.2257
3812.212
0.0
0.0
7083.0938
2649.8464
2970.319
3312.58
9845.25
2961.965
3178.6821
1915.778
89.01355
3978.419
1213.2628
2452.4353
703.1002
3539.6528
344.41116
2574.023
0.0
1527.6323
6921.8896
1483.2383
879.58606
199.03473
46654.707
0.0
1676.8098
0.0
1695.6261
0.0
551.69745
0.0
0.0
3253.9575
4573.8896
5071.3604
1126.833
2343.2302
6905.075
10278.988
2482.031
13280.455
0.0
0.0
5186.0327
0.0
11009.111
2589.2688
8681.826
6135.208
16287.127
1339.2354
1161.7166
2048.06
3408.733
0.0
2842.0266
3974.48
9133.935
5354.2515
2190.876
821.74585
276.9334
5814.2246
872.2221
11669.5
6274.0586
4112.677
0.0
605.4602
293.89746
44796.39
3783.9214
11494.293
237.60559
1746.7966
7074.9473
2309.4946
1556.5259
471.0346
3339.2534
11243.693
0.0
740.8994
988.35114
0.0
3039.658
3650.0542
7004.416
1489.7786
0.0
1864.1113
2881.9805
5182.542
371.84805
9741.016
3474.21
4044.2886
352.0491
888.85266
2078.551
4024.4978
355.72382
3387.4336
753.6763
0.0
0.0
0.0
5082.3896
10961.443
552.10925
501.914
5825.428
0.0
23959.094
0.0
2208.2341
1334.0713
11110.087
1451.6836
0.0
2175.0754
133.41684
8552.092
0.0
0.0
0.0
5787.2397
2425.1804
0.0
0.0
6039.217
2756.579
1855.4199
0.0
2004.0914
7080.4844
0.0
1130.5157
0.0
0.0
24224.908
4763.1123
0.0
0.0
9503.307
1197.8911
4075.7847
107.92851
323.9314
577.7311
0.0
0.0
6685.62
1271.5393
7041.212
0.0
5337.7705
216232.67
1847.8035
5049.087
1994.5813
0.0
0.0
0.0
0.0
5213.161
1458.8408
0.0
0.0
0.0
0.0
0.0
0.0
4543.119
14008.275
0.0
1874.6345
6165.691
1011.6456
772.45374
0.0
4494.7617
59.05159
2011.4441
138.40765
4675.761
0.0
14630.303
0.0
4422.34
12109.057
3630.543
0.0
3270.8418
655.74554
0.0
6461.6235
1406.6827
0.0
5124.062
349.13608
4317.8467
26623.918
0.0
2590.1406
0.0
2708.6707
11148.465
4160.3374
7051.8906
163433.72
0.0
432.846
9177.172
5496.581
297.05914
3413.84
0.0
0.0
439.9836
0.0
0.0
0.0
0.0
1625.1212
1600.0504
4630.393
1451.0945
0.0
0.0
0.0
276.9256
4137.6123
1427.9248
11188.408
8492.634
9355.235
2208.669
364.80118
0.0
0.0
1049.6873
2668.355
4417.6714
3655.651
0.0
0.0
4447.743
0.0
242.18393
1397.257
1767.1375
0.0
492.02228
2983.7466
0.0
3262.4521
0.0
74087.78
474.41583
661.0151
5009.632
0.0
2991.351
585.02966
2958.7705
0.0
0.0
2655.9
0.0
3557.9553
0.0
0.0
0.0
0.0
13327.59
2261.5913
9613.735
2031.2644
7981.307
0.0
2906.4246
4307.6763
2727.966
0.0
11453.475
9269.305
1399.799
0.0
946.1178
1140.2893
13.417702
2584.9033
9103.088
593.7863
561.63416
0.0
4148.6865
3281.1836
11083.004
153.07675
5575.675
189.95084
10641.268
1748.8408
547.22797
3836.8633
5161.3813
2222.6543
0.0
900.17224
2708.883
7820.8486
8842.961
0.0
3698.505
7660.5806
4677.373
11718.821
424.6374
27634.598
587.598
18431.994
0.0
0.0
0.0
0.0
2766.9185
0.0
4098.914
3774.0078
5736.672
2495.5298
2955.5283
0.0
4514.35
4398.711
4702.85
2265.059
0.0
4199.835
8208.984
534.79
6349.034
804.23535
624.7179
4263.617
566.38855
4397.2812
5630.0415
1306.2358
8878.744
41.625168
0.0
82.99848
2819.5967
7586.5073
6545.5957
371.8991
0.0
12626.809
1614.5942
0.0
0.0
7509.9736
6892.3623
7349.2896
4740.8657
1871.1138
1789.2524
4682.198
0.0
4244.818
2097.3997
1378.5905
2446.2874
0.0
182.96803
0.0
4104.34
1339.7983
3292.6316
2847.8706
1497.3806
5009.2417
0.0
2576.8855
0.0
82370.59
219.35158
2664.6426
0.0
4234.161
0.0
3774.1797
0.0
3971.1934
0.0
7189.6885
2668.3472
2302.1362
2931.727
5693.546
5316.804
378.7578
3264.9346
70.34857
0.0
1820.5737
1840.4827
0.0
2552.7454
11900.738
260.27475
0.0
0.0
3718.0066
4163.1885
0.0
516.0171
0.0
0.0
0.0
2879.4136
2520.6025
2603.1904
6756.874
0.0
947.02655
8349.67
58.20088
38768.227
181.93576
94132.91
2285.7607
38555.656
23027.715
8204.904
7338.992
0.0
6346.2783
3358.8535
1250.344
2654.1968
6806.086
0.0
10060.386
4935.672
15286.703
0.0
7271.7803
6877.75
24871.309
655.4611
0.0
0.0
2441.209
2239.4219
4677.455
0.0
0.0
606.60156
3969.0857
935.2789
13719.074
0.0
2597.8442
62895.71
5196.174
971.145
1974.7742
7004.1045
4147.3984
7573.4517
1650.2715
0.0
13937.404
0.0
0.0
4953.0527
8492.6
2645.6116
0.0
3761.7383
3870.231
2892.0095
12298.91
2102.2527
43.526405
0.0
5877.7217
563.85803
312.53186
13842.481
22780.018
784.08685
502.59167
0.0
11131.535
8509.527
5471.071
1694.0764
79.6846
12778.531
9224.818
0.0
2055.322
0.0
0.0
54170.863
3380.1802
5478.6206
0.0
2335.566
4443.467
4561.691
9490.238
0.0
0.0
0.0
181.24915
966.12274
2914.3684
0.0
24939.95
11386.8125
3003.878
20289.605
939.4232
0.0
2351.4885
0.0
8551.912
10199.547
897.0146
2986.8967
3176.0789
0.0
0.0
8439.997
0.0
5896.623
3265.2534
6036.4424
1258.9517
0.0
4578.194
3604.7534
0.0
0.0
16559.988
4904.658
4581.7295
0.0
1598.2063
0.0
2658.2869
1203.9283
2437.1045
3946.3672
2473.1143
7471.534
0.0
2429.0542
2528.4458
4531.921
0.0
1462.0684
4824.43
10256.892
4249.823
0.0
1117.0282
3617.6729
2814.1626
15364.045
14060.38
14807.925
1550.1353
3865.8445
0.0
3039.876
4876.5674
332.09888
39564.3
8580.362
630.58594
430.06488
0.0
0.0
0.0
0.0
0.0
3131.8345
13105.547
0.0
1048.3328
142.47379
2574.3726
96.87079
19045.871
0.0
63477.75
2712.2168
0.0
2868.504
1830.0564
12912.576
4172.313
0.0
0.0
6404.4033
4840.213
1355.7534
3109.4268
30257.957
0.0
1432.0845
20825.662
949.9061
2147.5867
6702.2314
0.0
21191.266
2380.5566
3913.6194
186.68991
8234.465
0.0
5607.1177
0.0
679.3596
2838.4736
0.0
0.0
9033.422
7509.5166
124.24239
8535.338
1252.4419
0.0
665.6357
630.4445
4786.6914
3585.496
18313.13
2676.644
2200.6887
4434.21
0.0
1617.8142
7437.795
0.0
10481.16
116.77419
0.0
0.0
0.0
0.0
6339.576
2900.6042
76.26749
3521.2788
314.56598
0.0
1920.3799
351.15317
7662.6187
0.0
133.17557
28632.062
9326.269
0.0
374.777
1834.426
6905.495
1342.9801
5647.8037
313.99426
1791.4822
0.0
1743.8545
0.0
2073.4062
11378.01
0.0
0.0
2625.6934
2618.1777
13171.689
3618.0962
725.45557
1757.5588
258.5025
0.0
99.61656
0.0
0.0
0.0
31284.215
0.0
183753.84
828.7729
7075.4062
0.0
5080.352
3083.9429
420.34833
2793.2969
62840.03
2683.9316
6741.8115
11191.445
0.0
0.0
8366.525
1248.7728
2036.4481
11146.781
13570.055
0.0
1147.2395
0.0
0.0
4162.138
0.0
0.0
3521.1938
0.0
0.0
222.12262
2659.945
10432.428
2929.5515
4988.4316
2718.6318
5677.3154
19627.012
0.0
609.1924
2234.3582
2805.9924
0.0
0.0
0.0
2666.2036
0.0
2914.2856
365.83054
3224.482
1144.4631
7705.932
0.0
3785.2095
2161.484
2203.6484
2672.561
1879.7341
17808.1
0.0
6303.6113
0.0
5493.235
781.3506
142.37427
16811.309
3195.7363
0.0
0.0
0.0
280.2127
6533.5156
105.87956
8694.72
61795.79
0.0
3576.5557
1734.1436
0.0
4519.7173
0.0
0.0
12141.814
1452.4496
0.0
2777.3125
3308.5728
0.0
215.64688
0.0
5711.1885
4242.5073
0.0
3049.3965
8947.53
961.7007
5472.087
4887.248
1048.728
0.0
314.48315
3196.2742
0.0
