300.16342
112.93158
143.60066
0.0
321.7913
1812.1
898.1847
1714.7354
0.0
0.0
0.0
420.4303
2378.7085
1866.7104
0.0
0.0
1515.2465
0.0
1010.3251
2739.0723
1837.1062
798.10425
2619.1616
1718.976
0.0
1108.7067
0.0
399.92828
1658.615
2642.4211
3228.1226
1031.426
0.0
455.95786
0.0
0.0
0.0
3972.8623
32811.6
1286.1268
0.0
759.6522
941.04565
1616.2878
2086.075
431.49408
0.0
0.0
0.0
0.0
6245.7646
0.0
0.0
796.75244
233.32697
1257.0413
2311.0874
0.0
3546.3535
991.6654
13776.199
0.0
0.0
0.0
2464.6152
0.0
5268.8105
4171.76
1115.3448
0.0
2770.0652
0.0
570.2753
17775.355
0.0
885.80774
4134.675
1157.3606
3319.7954
2128.7344
217.03168
2589.5967
2643.816
371.41013
7473.306
0.0
152.51553
0.0
325.85458
988.95703
2259.449
13706.12
20341.156
0.0
0.0
6495.9326
0.0
0.0
1262.1818
750.2262
2355.7769
2807.3394
6192.9727
963.938
957.41943
0.0
2356.6533
2056.524
0.0
5457.327
0.0
406.6756
0.0
1512.0894
2566.52
759.2593
3371.7524
13067.977
0.0
0.0
0.0
0.0
15259.645
88.29579
1649.3275
0.0
0.0
22120.662
444.58975
0.0
2185.917
988.1384
0.0
718.0204
5883.108
0.0
1537.4004
3892.5498
0.0
0.0
6649.8525
2250.2703
13474.771
0.0
0.0
2950.7622
0.0
2414.1892
0.0
2927.6326
2668.6362
1673.2467
726.9281
0.0
7615.6367
1596.1113
413.23895
0.0
0.0
0.0
814.4842
0.0
1142.5325
2500.374
0.0
1007.34155
5156.925
544.013
0.0
3995.2593
14092.072
0.0
2375.081
0.0
2698.414
10960.756
33.57663
1042.1923
1170.417
6802.453
0.0
0.0
1931.7047
0.0
729.5331
1850.6306
763.06067
0.0
1720.0789
0.0
12633.582
3276.1157
996.1986
5031.0273
1955.3298
10532.871
2691.0713
2202.6763
3554.5728
1776.7762
890.4077
0.0
0.0
4394.1816
0.0
0.0
4218.3115
0.0
888.86237
0.0
1073.677
4044.9307
3679.2173
0.0
46.231422
0.0
0.0
0.0
1077.1023
0.0
0.0
774.8878
0.0
1346.9287
5886.7954
1578.4021
5397.055
1350.1279
0.0
23734.758
0.0
3185.8638
0.0
30510.938
1074.3943
4520.8076
0.0
3555.9487
3921.4385
0.0
2248.6792
2459.046
492.52554
1067.1562
0.0
6333.2236
0.0
1234.4124
877.6616
0.0
0.0
4013.0593
316.1781
8196.731
886.8933
0.0
80.23369
5638.5522
0.0
1677.3865
12.189697
0.0
3410.4585
14629.441
0.0
124.794174
204.02768
304.06268
0.0
1487.0444
0.0
85.42499
6980.1035
0.0
2327.0889
0.0
734.3362
0.0
2777.4282
0.0
309.357
194.66599
2054.888
0.0
325.36115
949.35815
180413.4
231.39223
10866.273
13813.054
1381.806
9955.946
0.0
0.0
213.97754
0.0
0.0
2292.858
0.0
6029.2847
2742.878
616.9591
1962.6089
10198.939
0.0
1015.8572
4971.663
1209.0746
626.04456
0.0
0.0
0.0
0.0
1221.5294
2140.4766
8439.104
7342.328
12873.973
1350.9514
0.0
0.0
205.82236
946.8041
0.0
1597.9658
867.5375
504.6413
1567.3264
555.129
0.0
912.574
0.0
207.83728
815.2848
0.0
2431.338
3670.5803
41871.68
2554.985
9069.334
408.3399
2413.1829
2630.651
717.32666
1631.0488
562.0155
4585.814
18450.664
0.0
757.36584
1416.1434
110.1909
2248.8208
0.0
221.80121
823.5356
258.53232
2372.9272
4539.314
706.016
3386.616
0.0
0.0
29.799728
180.68164
1985.0687
0.0
107.648735
4590.017
0.0
1017.0211
0.0
11243.702
394.60382
2539.3994
580.36896
1092.6338
194.73198
0.0
0.0
3233.127
0.0
0.0
282.49884
5760.0034
653.0718
0.0
0.0
24915.84
0.0
517.4626
294.53235
478.95288
0.0
4561.253
2334.2917
1717.668
0.0
1857.4185
526.6704
0.0
303.87952
0.0
0.0
5321.5176
576.8983
0.0
10152.989
833.0481
3856.7947
0.0
0.0
3502.5596
3375.1562
599.8114
8284.519
0.0
0.0
12962.235
987.1449
345.35147
2451.6055
900.26953
0.0
0.0
3709.0234
653.1646
2237.2458
3270.2754
278.58755
3444.2192
1859.9153
1389.0437
1073.4579
971.3723
0.0
0.0
3665.0679
1769.4231
0.0
0.0
0.0
0.0
1235.2224
92.55002
331.22293
1535.5214
0.0
1742.9147
1281.2108
895.9347
2203.2239
3260.6855
1347.3486
125.67854
0.0
2762.235
3839.5264
12576.248
1293.018
201.46214
0.0
7272.659
388.0266
1987.6072
0.0
2474.2637
3947.512
0.0
1386.0984
421.1153
1294.6136
2434.3762
424.99973
298.07184
1194.3713
227.57326
0.0
2899.5076
691.9219
743.22266
0.0
0.0
1182.8645
652.33026
1556.0586
1199.9248
0.0
2806.6394
0.0
3676.252
1414.1243
1327.1838
217.27869
2395.347
3356.1577
0.0
3888.6929
0.0
1613.9966
7488.9404
456.40314
1506.3091
714.07336
3697.2722
1472.115
0.0
2398.5508
1452.432
2465.209
0.0
12566.73
0.0
5540.856
1483.2869
1406.4833
1528.1321
14464.496
0.0
0.0
423.64386
1394.3641
411.07874
0.0
3333.3652
0.0
1805.4858
213.96062
438.38727
2195.5889
1985.6138
15212.583
0.0
0.0
0.0
3376.8252
3741.8115
1685.5703
0.0
2079.9932
0.0
0.0
0.0
580.89435
56.116867
0.0
2990.993
6552.45
1451.3165
1177.0793
0.0
5493.4683
0.0
163.95784
4458.29
0.0
8104.8447
2815.0178
2381.41
1096.4744
295.17694
116.64505
897.8997
2951.8984
533.363
0.0
1584.3757
1565.5122
3704.9834
683.9366
0.0
649.7969
341.90457
984.0106
10172.537
2857.0723
15145.127
1678.9967
3011.436
3066.746
0.0
1829.7532
0.0
0.0
3630.2314
635.9973
2834.3188
1232.8733
1944.0021
208.60764
0.0
228.51343
0.0
1215.636
321.52582
2789.3633
3230.5469
5168.506
0.0
774.98804
0.0
161.66858
0.0
1829.7406
0.0
0.0
318.25745
1266.4387
257.33383
1086.5111
0.0
735.4852
4449.909
473.20016
0.0
1716.647
1588.8872
1971.5012
353.36273
0.0
0.0
9724.821
804.2621
249.61667
0.0
6118.077
4841.196
0.0
723.1858
0.0
812.95605
0.0
27446.709
0.0
1223.9619
193.87529
213.08255
573.0618
1252.4656
0.0
0.0
2106.916
0.0
1663.7871
1747.574
0.0
0.0
3883.8076
809.425
1717.7847
503.95157
444.8205
0.0
0.0
791.6385
10599.691
0.0
2926.6968
0.0
6223.1895
886.29474
2379.1853
9446.925
3589.4082
2290.6328
0.0
1624.0522
8043.463
1661.7557
0.0
0.0
1830.2888
0.0
4470.82
2119.0874
534.10205
842.9652
0.0
1118.5049
1850.5076
18744.965
0.0
3476.6016
290.5161
567.68256
4785.4883
1761.1521
2056.4614
0.0
33515.92
3135.9595
0.0
1247.2284
0.0
4633.6167
214.55586
0.0
1860.3278
113.06093
1623.7522
11599.045
6003.4814
108.16119
4909.5986
832.96277
2436.6233
4050.8528
2012.1066
253.45906
62.10238
4006.901
2641.5168
0.0
7424.9385
0.0
634.60815
4269.667
1384.6068
2662.2869
0.0
0.0
62.544907
1870.2876
0.0
130.3237
0.0
0.0
2698.4526
4514.4937
3858.31
2666.0894
0.0
2753.6528
47.170105
3131.8716
2604.9775
353.8568
1188.6351
3585.8433
2420.1206
4801.547
353.36862
0.0
0.0
8265.246
0.0
0.0
0.0
0.0
1145.9915
0.0
2490.5107
1811.3359
0.0
1217.0558
241.00131
0.0
1608.3925
3541.2812
892.0842
0.0
1042.989
10934.01
0.0
1575.7405
1449.099
0.0
633.11755
1861.2817
0.0
2069.463
3033.8057
0.0
5804.5645
5660.3594
850.6515
7717.615
2567.3647
14203.264
0.0
1101.0393
2375.275
0.0
1949.3685
1478.4756
996.13995
5372.077
0.0
0.0
1605.8193
658.5934
6504.831
1458.9436
1327.8015
1020.85223
5702.5757
1755.5305
1361.0287
0.0
5867.5923
0.0
4442.346
1017.81396
0.0
1433.5352
0.0
13572.391
0.0
3203.7998
15928.32
0.0
0.0
988.441
160.84943
2113.5808
1009.97534
2265.3618
0.0
554.471
2446.4778
2341.3022
2797.382
0.0
1547.8289
0.0
0.0
3023.9924
0.0
429.6468
0.0
5389.729
1653.7678
1627.0956
1119.0776
6282.2
0.0
7299.2695
562.4967
863.42474
0.0
519.16815
3504.7017
0.0
0.0
126.550735
3657.6296
3163.5986
2962.7007
2162.3655
653.6844
0.0
2834.482
10443.576
1468.9126
69.83516
0.0
6038.916
3781.266
14059.416
0.0
1892.8359
0.0
12776.419
1632.1128
1256.1624
100.66939
897.86774
0.0
1672.1665
1830.8102
4766.8584
281.47485
164.05463
1839.515
1391.3041
2027.7703
1558.0018
1311.2043
0.0
1789.3229
2602.0667
189.58682
2113.3625
3036.5894
0.0
0.0
635.2359
0.0
2551.75
979.6538
4047.872
13733.355
0.0
6581.4517
680.2273
104890.766
0.0
0.0
981.63794
1461.2942
618.21674
549.09644
6755.872
0.0
8422.251
0.0
2444.9326
3953.2786
0.0
0.0
0.0
1887.7354
2058.533
381.7997
4597.6313
2836.8203
0.0
2390.1597
1548.9276
2627.3477
644.5198
0.0
1421.5166
670.743
968.3623
2615.6365
0.0
2281.16
184.22995
1760.9878
7336.1675
303.10754
6932.212
182144.02
0.0
89.89837
6019.957
2253.1191
2102.4658
841.40375
0.0
0.0
4764.9834
1544.2557
3263.0488
0.0
7510.8447
7300.4385
0.0
0.0
0.0
5287.13
0.0
6046.7183
275.77774
708.97687
397.65973
2358.5322
714.2139
1123.813
1739.733
12296.925
1434.49
11013.875
0.0
822.7283
3838.4424
640.74915
1430.5276
1269.2463
2314.009
6060.8286
1026.7695
88.271996
930.53064
7605.0415
1229.5659
214.47125
3569.208
1755.3625
0.0
1492.9437
0.0
0.0
3118.0796
0.0
827.68506
98.15669
8652.965
1968.7297
2280.654
0.0
0.0
181.07184
1686.373
6894.9917
6500.991
95.25549
93.21889
7795.5205
10719.47
1393.9602
0.0
3763.9155
123.81003
0.0
208.53621
0.0
0.0
0.0
818.4962
0.0
0.0
1940.7004
1586.0134
949.7833
12444.254
1543.4984
1073.5446
2592.4858
0.0
3726.9111
3618.4785
0.0
0.0
0.0
398.77356
827.7347
3930.8892
0.0
1779.0275
0.0
1099.0149
26901.297
2438.802
0.0
6257.633
0.0
4802.823
0.0
1927.0927
3330.247
34873.477
168.50754
9761.377
0.0
182.34653
495.50378
1247.6481
0.0
8355.6875
147.24442
2926.2583
2762.9058
7459.689
12016.82
0.0
3724.6328
2626.5613
6704.0327
296.69528
759.765
0.0
0.0
0.0
0.0
4502.9756
504.4178
722.2501
2750.1094
6041.641
7056.461
0.0
1402.8276
1660.2716
0.0
9348.42
196.41797
436.31836
0.0
0.0
2176.4663
0.0
77.66821
4574.8164
1127.2048
322.6662
2286.547
0.0
1551.0015
191.95175
72.9957
0.0
3464.3555
392.58258
0.0
0.0
0.0
0.0
1825.9525
0.0
672.9988
946.6279
2143.6482
1068.2117
0.0
572.7611
1972.3777
0.0
0.0
873.16113
6754.337
2021.0248
7839.342
2072.531
0.0
2407.5305
9176.869
4072.93
0.0
355.5354
4091.4927
0.0
0.0
2472.6694
1245.7954
639.16455
490.04987
0.0
4960.8438
2285.2104
14891.472
267.97937
0.0
2043.717
1623.9309
1183.8948
12588.047
1606.617
1253.8131
3082.3606
223.02017
13213.349
629.347
2896.1904
0.0
0.0
208.97023
0.0
849.4252
14084.893
0.0
2378.9094
5645.435
1415.3131
4126.5723
4869.3506
1356.0511
413.30493
2629.5498
146.4896
0.0
1367.2435
7267.205
1341.2668
0.0
402.27197
11464.189
3983.342
1542.665
161.77063
4958.7183
0.0
559.83386
453.75592
580.16956
0.0
14623.012
8422.357
3051.7827
1245.8219
0.0
0.0
0.0
100.21634
5342.9946
213.00696
0.0
1366.8752
0.0
5893.8667
0.0
5624.3945
506.99304
1443.0206
0.0
4021.1035
5942.7744
1453.0837
0.0
0.0
860.51685
1752.5298
15147.527
3323.0625
0.0
0.0
1001.43115
1226.5247
0.0
1566.9817
4202.1763
1664.0724
375.4674
5147.5254
250.58023
1407.3723
0.0
1860.8203
7725.114
0.0
1591.2041
970.0958
0.0
1360.831
3083.3015
1351.0203
0.0
0.0
3849.0327
5650.116
694.06824
0.0
1862.1797
10378.717
6249.792
390.76575
2892.6433
0.0
5253.284
35925.4
0.0
5632.2983
377.55463
719.8058
0.0
231.07901
1734.2535
0.0
6997.416
92.48451
942.1492
5069.3457
452.74573
0.0
13906.36
2382.2388
306.98975
0.0
211.52145
8715.618
0.0
655.83124
151.47266
1911.513
1445.7269
0.0
599.6679
10900.32
1018.06055
717.66425
1689.9785
132.80888
264.42468
0.0
718.4252
588.41943
1245.5447
1448.2202
13009.107
256.56653
479.79932
1054.8833
19508.604
6181.132
1797.233
1406.1055
524.7346
3340.339
290.00458
0.0
89.940254
6449.3574
1091.9391
7095.8755
2621.1897
0.0
29856.662
1305.1079
936.3266
0.0
1140.3496
907.9853
10255.342
0.0
360.38275
3961.484
0.0
1355.1486
378.7526
3193.4565
0.0
1073.3533
0.0
1540.9769
4123.937
8187.467
15924.459
0.0
1406.0547
0.0
0.0
0.0
0.0
636.0804
388.6305
2040.0217
252.72682
4181.99
3878.2178
6529.659
0.0
1996.7861
0.0
6737.925
14426.469
398.73932
20232.508
0.0
251.03938
16390.379
0.0
746.4761
366.91736
1240.7798
0.0
2039.7932
0.0
3110.274
6332.588
0.0
0.0
2239.3452
6374.7803
1121.5922
2579.6006
448.2465
4169.4897
191.12677
0.0
1765.2305
0.0
1481.796
1957.2368
2262.5981
1783.9156
0.0
1183.3157
2673.3062
0.0
0.0
1839.4866
0.0
3332.8694
1989.0665
1077.1969
8569.474
2064.38
687.2053
2049.3674
1795.127
0.0
395.25644
3846.1091
1104.1965
1156.9205
0.0
0.0
2.5408096
4719.347
0.0
4892.0234
9038.745
0.0
1325.7366
387.2647
0.0
0.0
0.0
3140.7158
0.0
0.0
0.0
0.0
1268.255
0.0
0.0
0.0
0.0
631.7441
451.1359
2403.5945
639.6913
4766.2793
4110.572
692.86926
1431.9529
622.9269
527.8954
0.0
1187.3069
2018.0503
519.51215
689.3626
1011.9705
12091.058
0.0
2907.0374
221.80817
1931.4878
7581.599
0.0
2198.1997
0.0
794.1677
0.0
0.0
1536.2623
34746.965
0.0
842.0414
8403.1455
0.0
1740.3123
0.0
0.0
336.51593
3904.9756
2040.5195
3021.419
1657.7294
1237.265
0.0
0.0
12800.719
6414.4277
5196.584
2116.9856
12.717762
0.0
0.0
195.83353
4090.1826
788.0485
3738.5188
8548.967
0.0
246.46143
0.0
4282.912
0.0
0.0
427.04468
62.300293
432.8603
813.1504
0.0
0.0
104419.8
1098.5338
0.0
1919.2062
1230.3413
2493.5957
150.20316
9640.673
0.0
0.0
133.67542
3518.127
3187.288
1537.2488
1907.8033
1284.7169
2077.9792
851.2729
1623.2998
0.0
2719.001
0.0
3408.7344
920.66956
207.34596
706.0671
1851.8896
5821.094
760.11035
0.0
4283.714
624.7888
1335.2455
47709.25
3780.445
227.03111
1403.0957
1464.1365
3808.4094
2189.1992
368.5481
37.61986
0.0
2344.287
1005.55945
0.0
574.9616
3254.1646
4448.136
2142.3042
2816.5852
1303.2617
0.0
1159.547
1811.2712
1708.0638
1805.1201
2177.759
1100.303
148.0125
0.0
806.866
0.0
2293.14
2786.0103
492.7763
582.7363
0.0
0.0
1306.9865
1742.1632
4957.1777
983.82587
0.0
65.330666
0.0
1684.8137
0.0
665.2062
0.0
818.67755
926.3032
4065.6763
2885.0283
0.0
1278.9841
0.0
5886.3784
555.6571
0.0
205.62335
416.96725
0.0
3994.903
3114.8809
13084.667
0.0
0.0
0.0
2117.3535
0.0
105.00682
2945.6914
155.71152
0.0
775.38696
0.0
1703.4629
4039.5488
215.9915
5813.4595
0.0
5309.4023
242.76283
10590.509
1078.2307
317.77606
2229.3877
0.0
643.56647
468.8348
5019.297
743.6553
672.6996
0.0
2564.373
0.0
2389.4253
1558.0167
3362.049
6727.5166
0.0
0.0
0.0
0.0
4263.786
0.0
0.0
2141.3433
3538.867
3992.2427
2612.9387
0.0
5137.2295
0.0
3782.9941
278.56738
0.0
17085.02
21925.316
12841.316
6008.4346
676.29236
2941.232
0.0
1063.4677
813.5239
19571.43
8731.162
0.0
2821.209
35.99366
1909.6854
3756.404
934.02625
3442.457
2126.0513
234.10547
1344.007
1949.6877
0.0
2074.4583
1094.9438
4915.5137
459.39496
0.0
1338.2139
4540.8853
3371.5996
176.46396
4430.953
1243.964
3153.707
2931.2432
1839.9712
2528.3525
741.3871
10049.079
0.0
399.28906
1769.7686
2207.1733
244.72719
4665.194
3454.4048
0.0
9064.548
0.0
0.0
0.0
0.0
2509.062
101.44138
1050.2207
377.2873
467.32538
0.0
0.0
2875.163
1363.0085
2035.8955
0.0
0.0
0.0
0.0
1695.2358
3310.895
2317.3096
0.0
0.0
0.0
2375.0034
0.0
0.0
1261.3247
4776.948
390.3994
1059.0186
3447.189
883.4252
0.0
0.0
0.0
0.0
0.0
0.0
1447.6053
0.0
267.7377
666.91113
0.0
11.555946
825.2747
0.0
320.21698
220.25134
2624.1392
355.6114
2111.027
151.58359
915.926
231.66006
1814.3882
813.40967
7110.034
0.0
202.41217
0.0
1936.0852
15158.049
0.0
91.76268
533.09216
18633.104
0.0
0.0
74.580414
68.31418
1180.3901
2735.3538
0.0
1557.8103
1883.3092
5163.049
4398.499
0.0
0.0
12200.08
0.0
3030.1865
3062.3574
1395.5417
2206.1907
1832.248
0.0
0.0
1581.992
0.0
478.2697
0.0
348.7672
3535.5532
1003.52545
6797.9497
4830.555
455.54968
0.0
742.446
1700.384
0.0
2827.9548
4215.416
0.0
1043.2887
16527.59
1271.289
0.0
1040.1437
2632.2903
9764.35
889.9437
0.0
700.86414
1390.8489
1465.2495
0.0
0.0
0.0
831.5896
114.38749
3552.5894
72.805176
3595.523
662.98425
1431.7078
320.58435
3852.1284
4221.497
2607.8877
4819.0117
0.0
2044.5741
0.0
2539.511
2341.4133
1396.1663
0.0
1655.1484
43902.812
395.09088
2330.551
0.0
0.0
318.63635
0.0
20165.22
6192.74
78771.05
0.0
0.0
0.0
0.0
1381.8295
48.820484
5073.837
2600.0168
7321.177
7625.141
588.699
425.99637
1387.8588
1980.4974
417.83185
0.0
2288.4055
1411.891
3412.3638
1910.1508
0.0
0.0
0.0
1014.88354
0.0
1948.6431
0.0
0.0
0.0
37.573643
702.78406
5590.669
2729.4065
138.13191
715.5897
182.09189
0.0
0.0
639.67737
1572.5564
1501.9443
1000.45795
0.0
0.0
0.0
0.0
6437.827
496.33838
0.0
7594.8975
339.6771
1046.9277
0.0
1052.238
0.0
5047.1973
0.0
0.0
0.0
13075.068
0.0
1704.8574
0.0
0.0
1253.3483
0.0
535.62756
1578.6586
1498.4652
125.679855
1199.0522
0.0
0.0
3171.208
6403.191
0.0
483.77432
2552.4136
1189.7637
0.0
135.67612
2977.434
5311.325
2241.3745
342.53778
2275.5369
4216.25
3667.8208
624.2183
9885.475
69858.266
0.0
897.86096
1286.2639
2528.4304
0.0
1181.0537
1349.895
2283.5522
372.75784
640.78625
0.0
7490.6963
0.0
2520.866
2382.847
984.256
1613.4572
0.0
837.5753
2307.2148
0.0
29641.766
6218.508
1851.1472
0.0
2625.4575
9067.611
0.0
13052.148
1060.1084
913.2678
3148.3892
135.79192
2184.7017
0.0
1811.1992
0.0
0.0
3478.806
0.0
0.0
0.0
0.0
415.8766
0.0
2723.841
656.41974
0.0
1882.1621
0.0
2649.2693
2257.7925
3576.883
1615.9996
8657.866
1074.1807
0.0
1344.6011
0.0
561.89856
481.27466
0.0
1124.8008
14384.391
1310.0464
0.0
0.0
134.0301
3036.379
0.0
4641.556
4446.6533
0.0
2397.699
8663.312
6055.4443
1888.3276
1745.5001
1903.6785
1274.3256
3551.0215
424.62473
3828.3047
6893.0986
1065.4023
622.9364
4615.379
0.0
0.0
0.0
6064.498
1485.5149
0.0
2516.989
0.0
0.0
0.0
437.1744
0.0
872.4823
208.56265
980.987
0.0
59.261116
219.08582
1712.7025
150.84113
248.28798
3627.6365
0.0
0.0
4278.668
944.67413
2644.1133
500.87518
0.0
0.0
2334.6567
8629.287
0.0
8412.008
623.5999
538.266
0.0
1007.9799
9906.882
1059.3572
0.0
2747.8809
338.9815
139.53918
3640.4023
1403.5165
3804.7021
4829.332
70.34984
0.0
148.97363
0.0
428.86224
2043.0237
0.0
0.0
1762.0027
3823.7305
4761.924
452.50983
0.0
0.0
0.0
605.9496
3284.6245
0.0
0.0
2796.6538
11154.529
553.2576
947.8003
450.44104
1490.9414
0.0
1801.3875
2373.803
0.0
399.35965
285.2776
0.0
821.1571
834.31146
0.0
968.9469
7355.26
0.0
0.0
526.10706
1330.1311
0.0
143.18031
0.0
7469.3384
4618.8164
1859.5093
0.0
2406.7231
0.0
5368.81
8728.535
0.0
915.4345
0.0
5196.757
0.0
0.0
0.0
10786.775
1431.9855
598.56006
0.0
2657.463
872.4557
0.0
1508.2549
0.0
48.338512
419.22687
0.0
0.0
7418.0234
3185.3838
2860.5923
1279.396
3992.663
239.01024
3917.2258
2524.2134
0.0
0.0
1805.0195
1013.64124
0.0
2149.4705
67303.27
1782.1987
0.0
0.0
2504.7207
2772.0483
326.0251
0.0
2427.4167
0.0
2139.7031
0.0
0.0
1444.7969
2044.2991
9621.841
0.0
2096.1213
0.0
1750.1257
923.04895
146288.78
1066.3796
363.60834
0.0
0.0
0.0
9313.789
0.0
11152.592
119.456
404.38583
763.8952
3362.3613
4801.6006
7386.357
4975.4014
0.0
76.672104
0.0
4020.1904
9169.267
1614.3965
7395.091
4828.13
779.9531
1506.261
0.0
0.0
429.5218
821.68585
186.40695
1556.2927
0.0
5190.664
2341.2495
1312.3435
4798.8613
0.0
4398.3125
0.0
845.95496
0.0
0.0
54.56546
1060.5251
346.3474
0.0
6467.2637
1254.494
2235.9153
0.0
0.0
4466.344
378.16608
2020.7198
1395.7599
626.0778
0.0
7228.463
1078.728
3075.7617
3966.8818
0.0
1511.208
2441.2083
5177.6143
2072.4346
1448.9275
0.0
3340.35
809.3876
3337.4265
0.0
2360.037
21553.973
740.4014
681.7936
4097.2773
2739.4082
0.0
6549.198
2162.8384
0.0
1956.5393
333.96332
0.0
1563.2378
222.55838
7238.8057
8.776318
0.0
2135.2656
0.0
589.47
4107.949
5852.1846
3496.7578
0.0
6631.258
0.0
246.63373
525.60016
728.50244
624.8417
0.0
525.1379
0.0
223.15854
412.92026
0.0
1012.2301
0.0
1887.8479
0.0
5101.865
1573.7307
4051.7676
173.39343
0.0
1119.6466
130.7843
2431.5613
24376.723
1648.672
8926.826
422.3991
656.8962
1234.8712
0.0
370.31918
368.1081
1259.9419
0.0
0.0
98.49754
1837.7305
954.08246
2645.183
132.13524
467.75464
0.0
0.0
356.88098
2256.8306
2591.919
0.0
3035.045
836.97217
2386.6638
0.0
0.0
7594.8115
4023.5718
2438.8047
2989.3691
3388.192
2934.3696
331.7776
1323.2433
1631.2507
9350.563
3246.2695
1812.262
396.65613
1233.6182
629.58716
0.0
0.0
2485.0352
0.0
2352.9302
5271.218
2655.9717
1279.3572
0.0
0.0
2144.2163
0.0
511.20905
1543.3728
2917.919
0.0
0.0
4136.8037
3516.96
579.3017
256.77982
5475.0283
338.46606
7340.373
1216.2383
1659.1216
0.0
6452.076
0.0
0.0
5455.4985
3260.2407
1520.5571
0.0
6023.416
1336.9181
0.0
0.0
0.0
2293.246
0.0
0.0
8298.087
0.0
6336.6494
0.0
1013.79553
1319.277
5589.198
1591.8733
6023.635
3088.5986
1705.8573
4104.539
5620.4043
954.03064
2772.3896
561.99457
12587.631
3589.4453
2465.3928
174.9148
0.0
2616.0132
0.0
11154.468
6556.048
492.56073
2471.2573
0.0
0.0
6333.533
89.16683
1133.9727
1559.9951
151.49326
2278.398
520.11505
0.0
11005.727
0.0
1405.0631
535.19135
0.0
3112.1025
0.0
3655.565
0.0
1603.4937
545.63605
17738.266
967.7314
0.0
3471.3628
4467.879
5691.163
1019.95044
8861.156
0.0
672.7041
4236.5044
5411.1724
4259.1006
0.0
2616.6714
358.49963
2708.5286
0.0
1548.8372
6512.115
0.0
1832.8667
8106.655
759.35504
5393.163
1943.0149
2763.0034
11311.985
0.0
900.4652
1433.9641
341.0701
4189.259
2570.7712
308.05493
2444.7056
855.4702
13646.482
843.8711
1520.9128
0.0
2.1063156
1193.7683
2047.0703
5733.971
1302.3624
559.2311
0.0
616.48035
0.0
8348.797
1074.0228
0.0
0.0
564.8896
3038.8635
0.0
729.65094
775.1388
3635.5247
6310.029
0.0
3980.6025
1263.1179
3042.896
1500.3743
2972.5012
438.01685
1537.3887
0.0
2809.3
1663.7443
1120.8123
1913.7689
1943.3555
2954.837
0.0
1122.5631
2086.6543
0.0
15469.732
389.9459
8192.474
669.1493
3145.2905
0.0
0.0
0.0
463.91568
0.0
1484.7695
608.13367
94.44356
17789.107
1238.5703
5393.6553
0.0
4552.338
0.0
1495.6292
1780.3408
0.0
2290.9346
0.0
0.0
1465.3878
1833.9822
1429.7346
4987.418
1261.8174
2039.6345
4752.748
32177.95
1623.5048
487.35535
368.00833
1856.6193
816.7002
0.0
0.0
480.13132
1618.3977
623.90594
1904.4327
0.0
1569.468
0.0
9514.805
0.0
134.89386
10958.74
2433.6536
1124.9174
0.0
5740.33
2450.3691
2628.918
1510.3962
4411.332
486.86362
21.811478
3983.858
1601.8075
1124.3301
1480.5712
0.0
0.0
2143.4458
1966.2657
1334.3107
4668.6655
249.57512
0.0
0.0
222.86693
1432.3234
1447.5817
3332.683
0.0
1338.8412
1820.3853
5638.3965
0.0
7140.596
0.0
1066.96
789.2307
465.05066
1375.9796
856.80334
393.35336
352.7188
0.0
1072.6415
1307.866
181.35905
1955.2206
1455.51
1210.1226
1928.1699
5872.5923
1984.4802
480.17227
2785.0513
0.0
2020.9512
1970.8451
1753.0117
2687.8018
1823.307
6067.038
128.00836
0.0
0.0
3490.9346
4891.699
953.02026
275.6942
630.7536
2455.0242
0.0
0.0
1187.6669
3312.133
0.0
0.0
956.8937
228.25888
2430.0054
6154.5967
550.3331
5234.589
2822.5483
2892.8003
579.985
2553.7368
4054.9243
1677.6199
0.0
328.74426
0.0
407.96448
0.0
653.42236
0.0
1962.3145
0.0
0.0
571.22375
71.55825
2024.448
1845.5023
1837.696
1724.3127
582.1129
0.0
736.8888
8676.554
1504.895
2652.9702
2034.9651
4944.244
0.0
572.0154
0.0
266.46097
61.186012
12354.825
0.0
0.0
621.1282
0.0
0.0
1769.5403
2428.356
0.0
1898.0294
0.0
0.0
0.0
1386.8163
7752.89
2352.3516
2138.7058
1785.5651
0.0
286.69403
10606.664
638.6577
1350.7673
20263.629
0.0
5183.9023
902.99524
0.0
380.0577
1753.6027
1987.1006
0.0
915.28503
2510.5056
0.0
1375.3359
4424.946
1524.7871
3270.8223
2571.7878
0.0
4142.3574
3616.9263
5012.9253
0.0
2329.811
0.0
0.0
1842.323
357.4458
6534.12
1411.0873
844.37067
176.52927
2300.5764
0.0
0.0
9962.717
14227.449
148.89
4765.325
1378.6276
2782.3076
188.44992
505.367
1207.7124
2607.3906
0.0
1056.2959
2671.4229
1812.5659
0.0
0.0
205.98021
0.0
0.0
0.0
3155.3208
1993.6381
0.0
1726.5435
0.0
2420.2446
0.0
599.4169
383.048
460.12158
2366.4556
997.02277
2624.583
3845.3462
0.0
0.0
85.184044
0.0
2275.2905
0.0
2319.103
1593.3031
1895.7075
11048.93
0.0
1360.8228
0.0
0.0
1763.3494
4807.235
1262.0875
0.0
19223.102
1144.1516
2329.6514
2582.2861
975.81396
2840.9727
27089.969
219.28835
870.87195
476.44574
0.0
0.0
0.0
589.50024
258.7638
0.0
1875.2844
0.0
375.1172
0.0
7568.34
1598.1687
0.0
46872.867
3699.0369
44.882786
954.77625
0.0
0.0
1401.0815
0.0
0.0
0.0
784.6001
2548.2441
872.3113
1785.1187
0.0
2073.0422
1888.7739
724.6174
2158.169
691.28326
0.0
2054.922
455.96265
15536.912
217.99594
345.07898
1240.1074
3228.289
3828.6216
3072.0088
71.921936
650.50867
52.013264
0.0
197.77866
1657.4724
1929.5632
730.0627
1018.53564
4061.1133
1079.864
644.61646
253.14694
4190.368
409.93683
0.0
0.0
2424.2249
2869.6792
286.4731
0.0
7452.367
1238.0908
1267.4442
4079.8652
4729.5195
0.0
197.24075
2643.8613
112.55289
0.0
0.0
510.20474
2381.1396
0.0
4574.5776
17292.451
274.2094
96.30764
1747.0686
0.0
7362.8027
1718.9143
2926.4622
3580.3542
0.0
0.0
3546.882
1395.6979
3970.4453
1244.1494
0.0
0.0
0.0
0.0
1416.7017
0.0
243.69922
0.0
825.8352
0.0
0.0
636.74927
1523.413
6813.3975
0.0
2404.4368
2256.7974
189.05191
2283.5125
0.0
3598.1597
0.0
2893.6724
546.3196
2219.0786
0.0
0.0
734.7827
488.15613
0.0
0.0
0.0
0.0
396.22894
2046.3119
0.0
1600.7234
2511.0312
7466.7056
4594.4697
14865.053
4102.8594
867.4858
2641.4983
1356.8708
0.0
0.0
0.0
2398.459
839.5846
17580.477
52.762787
2050.6426
0.0
18692.55
1356.7029
4350.636
5221.075
1604.8673
0.0
1781.022
564.44257
4640.2188
11139.255
0.0
1087.1322
1592.2054
0.0
404.31177
0.0
998.2378
858.62964
1482.746
1074.4758
13435.526
0.0
5585.3213
615.17053
0.0
2858.3315
23.740253
1407.5396
6791.4253
600.49274
2252.3733
805.1985
0.0
0.0
3833.2449
7912.9023
2085.5156
0.0
4691.038
1214.6824
272.44064
0.0
1152.0825
2426.497
193.15453
1245.2603
1489.6416
1069.2285
1205.9844
1958.4578
0.0
577.1764
476.9295
0.0
4866.2144
0.0
899.77905
1139.9202
1687.042
2219.8457
795.4457
4521.4316
971.3941
2203.3477
0.0
0.0
300.84552
35.88686
20715.996
0.0
2467.7197
0.0
0.0
2851.1423
34.20823
177.4491
3220.831
2715.4878
2573.4475
1129.6012
0.0
0.0
1845.2208
3474.163
0.0
0.0
1110.1099
1171.3259
1761.8989
149.79214
0.0
1794.8435
687.88
1781.61
0.0
163.43613
2456.2937
2249.874
1604.6206
2058.4102
11537.776
956.93616
0.0
0.0
797.25476
0.0
0.0
3086.5898
0.0
2164.076
1479.0334
1982.3711
1198.0505
0.0
0.0
582.29803
2483.8506
2721.6458
0.0
1411.2246
3650.27
8249.648
2.1411133
6533.6694
1983.3179
1000.54584
0.0
410.3312
1523.8464
0.0
0.0
2712.0144
1559.982
0.0
0.0
0.0
5772.804
0.0
224.54134
3745.8105
0.0
5787.323
1589.6913
997.02045
6355.788
816.3917
804.06836
2363.3406
0.0
6302.8223
0.0
1428.6542
961.0602
0.0
434.61328
6608.939
293.29916
2054.238
5488.7104
132.6506
2923.0967
5157.996
4753.451
4337.3765
34569.69
4075.1472
1105.8171
2089.852
3786.1206
0.0
2047.7377
81.66939
2196.023
6124.573
720.85425
0.0
1502.4166
1122.3701
3275.7654
2550.9617
0.0
3716.5605
2934.7397
1688.7639
7846.7285
2080.5566
82.97461
772.952
1857.7415
0.0
0.0
1911.8369
7080.197
293.76443
10369.131
0.0
7607.252
813.407
3982.0908
4288.039
279.46017
5475.0005
2317.0498
87.89802
0.0
0.0
0.0
47.129707
174.02017
271.1131
2239.3608
242.59094
653.24963
117.38464
657.4923
655.4845
1703.2183
1934.4749
0.0
1105.7423
1299.5535
105.80336
2747.8535
3354.2744
3075.4219
0.0
1805.2335
268.66922
0.0
1556.0411
0.0
332.47607
91426.984
1157.5559
244.88962
0.0
420.9531
700.4252
1734.8417
0.0
0.0
1519.4272
1045.311
1845.4962
1737.5
0.0
692.4525
34.737484
2413.3916
2143.1462
234.55864
2641.57
216.17651
1747.671
197.50854
950.9098
311.22855
0.0
0.0
2601.4978
127.70155
2694.8623
0.0
434.4254
509.2646
577.89874
6399.681
1376.1425
4526.335
0.0
14532.035
490.4103
716.6133
2100.8887
150.00519
3594.4255
0.0
3026.7307
0.0
1833.633
1958.4553
618.8383
0.0
6860.5996
0.0
5710.1226
2740.727
141.20303
0.0
930.0658
459.1017
0.0
170.00626
2219.4666
96.436714
6079.7227
5549.7266
291.20016
1412.002
0.0
731.6031
0.0
0.0
2846.0544
1292.5414
0.0
0.0
2631.74
186.11902
0.0
4195.5596
690.96387
0.0
995.69885
9142.242
1599.3237
1441.2234
1475.5024
593.08997
1654.5857
1555.604
125.58459
264.39648
1392.158
3576.7756
9515.098
205.27837
1687.0312
8317.233
0.0
1611.2991
7308.711
0.0
46.84233
1962.7222
1826.9661
0.0
8989.844
0.0
9894.32
0.0
3351.638
881.56165
378.74933
1152.6313
5822.164
1194.7603
1392.0251
1920.0696
1645.9067
1482.1571
3655.3284
3065.4873
4863.994
934.2125
1007.64404
0.0
141.12302
0.0
0.0
0.0
1638.4026
0.0
154.0723
1208.633
9870.274
2985.3682
5381.871
2993.0352
0.0
0.0
1301.7838
398.4355
0.0
2014.1155
0.0
2763.4883
0.0
2457.6506
1349.6404
7835.025
309.9549
0.0
1548.0315
0.0
6458.7334
2493.9597
7770.7666
2833.8806
2098.336
713.52686
0.0
4526.1196
1153.3401
552.8458
2064.547
0.0
0.0
1763.0209
4218.47
311.3158
2954.9487
0.0
1410.2097
2070.3286
0.0
0.0
180.40527
4188.6963
0.0
3459.9277
421.9001
2068.0078
0.0
1140.6646
1448.2305
1190.9867
1182.1106
5490.9346
951.28284
8340.844
0.0
2328.046
0.0
190.6213
0.0
331.82275
0.0
804.266
3063.8198
1881.3774
1082.4203
0.0
2380.6528
16073.924
3542.9531
154288.61
241.94019
4787.166
3705.3162
0.0
2960.0498
0.0
2120.925
438.0749
0.0
3489.576
1435.3593
0.0
1047.729
288.59076
2094.732
0.0
7300.857
1287.3108
6942.5903
0.0
1373.0356
1452.907
1343.3403
989.2346
201.32959
4899.8203
242.85786
690.24347
228.65445
0.0
5360.875
1395.2838
0.0
0.0
0.0
0.0
1486.9358
105.33656
2922.143
0.0
0.0
2399.9312
5323.211
3963.165
214.90019
533.89655
294.9638
3255.3062
90.255684
659.0681
0.0
0.0
11440.263
3035.4275
964.2652
0.0
925.6094
1346.4814
701.9249
1400.9412
5559.622
4500.823
0.0
0.0
0.0
0.0
206.30319
1043.1199
0.0
4388.8574
760.782
1665.4313
348.4699
2482.0708
1363.6152
1020.9569
0.0
5784.336
264.16748
1260.5242
1249.1178
2935.1963
7148.8555
1618.6885
3744.5547
1551.6554
0.0
6239.6294
0.0
537.55383
11144.231
1550.4995
1751.542
0.0
4834.169
3654.0347
604.36694
0.0
11318.568
590.6964
0.0
3870.0845
0.0
2024.6345
0.0
0.0
0.0
0.0
296.31332
2197.1675
2836.6672
0.0
561.9396
5820.789
3401.5205
1004.7917
3807.5312
535.259
1087.487
1001.1145
1713.8406
222.31174
646.83997
2674.653
2461.0588
12796.629
4870.893
0.0
1256.9314
1888.123
723.2036
377.48892
6115.3633
337.73914
0.0
6681.0684
2832.7534
2653.8267
3523.1401
3242.35
705.9752
776.6527
2405.0872
360.25055
2013.9097
5457.62
2255.623
0.0
233.94768
872.3988
0.0
0.0
0.0
114.95615
42.326115
65.405396
4994.051
0.0
2141.679
0.0
513.2973
13217.824
3796.0273
3071.3438
0.0
562.9776
6807.705
2332.632
157.21115
1367.4277
1790.253
10695.681
4276.835
320.22662
37.715626
2466.3752
0.0
2091.8306
1681.4219
7531.2754
1139.0287
0.0
763.5045
5524.1187
376.68896
2431.7244
0.0
394.7846
0.0
3027.5015
3111.6536
0.0
45486.984
815.9185
264.3544
1370.5779
201.02284
0.0
758.6338
1580.071
11152.709
2734.64
1301.7969
2462.0242
4237.8135
486.05322
0.0
0.0
302.81277
0.0
0.0
16731.002
1249.522
1361.2512
0.0
0.0
0.0
2240.9453
2136.2312
1634.5127
1999.9485
0.0
7827.6475
0.0
0.0
6499.948
1036.9148
1359.1719
789.34045
984.675
2221.4895
0.0
334.28552
964.0714
849.9561
2585.2227
6444.4087
1412.9404
1982.7622
3235.7432
208.81438
1142.2256
0.0
1401.4001
4469.3066
560.4308
2312.5068
993.17664
2929.502
1366.4323
4963.625
1224.7506
14458.393
0.0
10084.006
832.98114
6123.339
2180.6406
28036.637
0.0
850.12366
1386.9435
1245.0798
940.3517
1696.1948
2949.2915
0.0
844.96747
1703.2458
972.17834
2292.595
492.41586
193.20703
0.0
6399.213
0.0
0.0
0.0
1225.4988
0.0
4074.7373
651.87506
1037.6254
1418.2244
2215.1316
0.0
892.6892
0.0
1622.5203
8442.596
1000.33105
16987.535
423.79114
0.0
2510.3855
1460.83
7071.2153
10994.611
0.0
2067.8096
4518.051
2049.8042
0.0
11540.557
971.89636
480.8089
1109.1869
26.157398
4371.3
5182.205
802.47437
1198.5469
78.09982
3881.1548
1186.3536
4400.9395
1350.3105
0.0
6148.144
1226.4711
1082.675
0.0
2831.8765
246.64465
0.0
2888.8264
2519.4219
400.59207
1858.3828
31991.664
0.0
0.0
3805.8098
66.83084
467.80847
0.0
0.0
1847.437
2091.2576
962.40546
824.1537
1041.2866
3155.0505
2050.9958
542.979
0.0
0.0
1944.0227
4198.042
3925.323
1020.9909
1360.4725
845.4441
1540.971
1523.6857
547.7555
0.0
3273.024
912.9455
2133.5
0.0
2154.3857
197.90512
896.1742
2684.6606
1402.3988
2305.769
0.0
2763.2095
0.0
586.89795
2825.3481
0.0
5212.6245
0.0
2389.4478
2969.7344
1076.325
1040.6218
7508.1514
3001.8809
1239.991
0.0
0.0
1611.6487
750.9293
0.0
112.338135
0.0
0.0
1568.8435
0.0
2493.5278
0.0
685.2502
4801.0605
2014.1309
1866.972
1586.9917
823.6812
4995.9346
7082.223
2154.536
1619.6895
2325.8076
3035.419
7791.7666
0.0
1598.9813
1598.7461
59.089455
4565.243
2579.6926
0.0
3856.1487
0.0
3958.4248
960.96704
0.0
0.0
2302.9072
0.0
0.0
0.0
0.0
0.0
3591.3037
0.0
1570.2361
1538.1389
2614.7996
0.0
0.0
2565.859
1839.7451
0.0
3941.2012
9021.038
3061.1665
0.0
0.0
9355.817
195.42213
0.0
497.45654
1784.1799
2674.4683
0.0
3923.398
18313.875
7791.6797
864.35706
0.0
0.0
1301.1504
15378.515
2740.127
1675.8557
1046.043
616.355
0.0
1743.8898
8629.045
0.0
1884.832
0.0
0.0
1785.6174
212.39984
958.25073
3708.9348
4806.9727
1752.0818
7046.032
953.62225
0.0
1311.6804
1789.0879
962.2407
5677.6826
0.0
11421.599
1736.6562
1415.416
1964.5986
598.90717
0.0
0.0
0.0
2798.1003
0.0
6247.2114
1678.5593
1576.7227
0.0
405.2137
889.8662
0.0
1190.0513
2657.6821
1818.9043
253.7951
1288.1323
375.09363
183.56711
2921.999
0.0
2865.52
3953.2695
204.79587
0.0
0.0
2907.4177
2481.2002
0.0
6182.203
5158.5596
268.65955
660.03015
831.70325
598.85297
358.62134
12.0095215
1985.3069
0.0
780.1188
2795.6423
36487.645
23769.826
6412.6475
995.7228
2332.6284
0.0
0.0
1172.927
848.33276
1093.7169
1086.6165
2433.7617
14616.9375
0.0
5453.4473
1993.1392
4682.1216
201.30139
0.0
28875.715
503.67303
2065.648
3510.563
0.0
259.27188
173374.16
2094.3564
18190.281
0.0
0.0
2398.078
0.0
0.0
400.26984
4132.3657
304.42175
0.0
639.49854
217.71867
31.577793
682.014
0.0
847.45557
0.0
114.61705
2257.1973
2643.9187
3188.7224
201.99802
4217.8833
866.13654
877.51733
0.0
6192.7393
176.87369
1709.1362
0.0
9704.465
3928.5083
2573.6997
899.77374
1265.2485
7826.8896
1343.1573
0.0
2218.0894
1219.9459
3919.3276
0.0
0.0
0.0
2751.8276
24551.945
0.0
0.0
0.0
2190.734
3736.294
1792.846
2018.3208
1360.2083
0.0
4733.8335
1213.3419
21450.695
0.0
0.0
0.0
0.0
0.0
2297.023
0.0
1980.748
2369.0698
8257.706
1756.6439
2188.7249
1689.699
0.0
1534.438
0.0
3668.9287
4163.0273
1723.4048
0.0
0.0
2137.1006
3541.7341
0.0
1625.6544
1561.2278
0.0
0.0
746.39844
0.0
3107.577
0.0
4015.9634
0.0
0.0
768.3881
0.0
0.0
1479.4585
1654.0461
0.0
1878.982
4593.7837
1452.3881
2823.061
6285.2734
584.78046
874.4236
1944.8123
4291.368
2532.059
1121.1293
3244.5444
409.9276
1351.7297
1381.7693
0.0
779.1748
0.0
0.0
4707.957
1032.9203
5128.381
1006.7561
466.88318
1412.3865
0.0
0.0
1635.5337
0.0
2850.5425
976.17346
689.1647
1640.9054
605.64026
3318.7612
779.0547
0.0
0.0
807.9615
896.29724
0.0
2369.025
0.0
0.0
0.0
2112.192
337.50153
0.0
0.0
1585.6388
1654.4487
0.0
2490.6575
3049.3396
0.0
0.0
1822.7883
570.64685
3188.7852
677.88727
0.0
2895.123
1562.126
1770.8391
552.4597
0.0
503.15466
0.0
1639.9443
0.0
2952.8933
72.09583
9538.252
0.0
0.0
99.14367
757.27295
2371.6836
3304.2954
0.0
5183.256
5456.537
0.0
145.06104
0.0
3000.3923
1361.484
0.0
257.59973
8708.528
1203.7283
808.7639
4221.443
1016.63293
749.73975
2341.3342
510.11746
0.0
3693.133
3531.4568
0.0
0.0
0.0
0.0
1208.7543
0.0
0.0
3035.755
0.0
1238.1221
0.0
67.07825
3226.1968
1413.6555
0.0
2322.022
4112.044
0.0
2878.7925
1342.4757
13.928467
24389.05
0.0
1302.763
873.29626
3875.788
905.505
183.69327
0.0
3986.961
0.0
0.0
0.0
728.7301
1610.0579
0.0
1129.9136
2567.1748
5847.022
0.0
0.0
1005.68066
0.0
5141.876
2816.9429
2379.8997
2616.6226
833.4842
3016.685
3259.6074
2054.7612
1380.8975
0.0
0.0
3352.206
749.8115
1429.0691
0.0
2506.3257
1345.8503
0.0
931.6194
2715.99
95.03548
0.0
118.80623
0.0
1516.5326
1567.6099
13130.166
771.014
2617.2744
689.3365
0.0
4538.644
2971.2944
257.0307
1989.2224
0.0
18109.18
0.0
1398.5769
1346.5837
0.0
3719.5776
1200.8499
321.56714
0.0
706.00574
1549.9216
148.65796
8743.722
1316.1453
0.0
1192.7924
869.4082
982.13544
1276.7777
25943.0
48.11637
0.0
2176.689
5.3936996
2089.6162
0.0
5216.9995
0.0
560.17725
0.0
4977.024
912.4247
2844.8901
3050.2515
245.10524
1445.9253
2423.2446
307.15845
1253.2701
85.79602
1019.27783
1449.8193
0.0
121.722015
0.0
0.0
5286.384
1928.136
1026.6592
1332.1432
0.0
430.68723
0.0
147.94916
0.0
33.17334
0.0
0.0
0.0
1337.5791
2600.6433
5654.0776
4841.397
1374.7032
2866.3752
0.0
394.87128
141.97736
0.0
0.0
0.0
479.36246
0.0
7512.6846
1931.9313
2536.5842
6894.26
0.0
0.0
72551.125
3578.1
0.0
0.0
0.0
0.0
740.51965
1730.5734
0.0
2521.1067
1714.5509
4988.434
2144.8784
0.0
635.30945
5790.0264
0.0
2839.0964
918.98096
0.0
132.5862
0.0
2468.481
910.2834
52.87433
6795.0693
889.8954
0.0
0.0
229.75908
0.0
9540.324
3316.4165
411.49417
1814.69
6641.826
530.63153
740.08594
0.0
0.0
2548.4712
1847.4648
1290.7817
2205.0222
0.0
1718.294
4961.298
352.51544
5425.734
5230.5356
0.0
0.0
0.0
104.70892
0.0
1347.8218
1319.4497
6084.647
2604.2705
0.0
1337.4589
3620.52
1483.9023
4543.3916
323.4335
19970.291
6209.547
0.0
4774.6035
9456.864
437.34814
0.0
0.0
11720.229
1783.4409
4905.811
676.46234
1661.4363
0.0
0.0
2347.3125
0.0
2418.8472
13039.445
0.0
0.0
11869.462
2883.9868
85.46688
1406.1088
72.15685
866.41644
1756.2101
880.15283
3176.9868
2353.935
1440.8772
1719.5688
7892.5737
57.15364
2060.7378
0.0
1100.4829
0.0
0.0
4244.8916
3520.836
1200.876
331.78036
537.16705
0.0
0.0
2072.5454
0.0
2543.9707
3378.8965
3487.612
0.0
1052.5151
0.0
455.5905
10062.24
1329.8424
2888.4746
487.82867
0.0
837.5934
810.64954
534.5654
2249.5627
0.0
0.0
4879.4956
0.0
5271.8076
2063.5679
3923.821
0.0
6052.4346
0.0
1682.6704
143.45578
4310.5215
660.11487
1107.0317
4183.9727
985.5781
928.5067
0.0
470.12262
2699.914
5079.8916
0.0
4214.9346
0.0
2601.0754
2225.1252
1044.1846
1557.7902
4511.256
2863.4263
9879.317
146.56435
0.0
1433.4529
114.20068
0.0
1136.7114
225.20044
2571.2852
1949.1798
0.0
0.0
0.0
1022.4525
2743.3918
0.0
752.83105
0.0
800.5845
10281.607
416.4085
0.0
198.52791
0.0
234.50119
1843.0688
46.11447
0.0
0.0
0.0
1560.5159
3494.6938
2973.2083
1574.7759
73.93227
687.84393
11324.42
11152.843
1446.3344
2777.9604
15170.002
2948.6892
196.17041
105681.414
0.0
0.0
21024.281
425.12408
2355.8357
0.0
0.0
1820.8718
3320.6196
0.0
902.971
0.0
89.29772
333.4026
3426.265
5087.9756
49020.023
2729.4697
1671.6356
1435.6582
5751.1816
1080.2253
94.34042
0.0
180.68024
5648.8306
0.0
0.0
147.57121
4864.5996
0.0
0.0
380.16394
5123.3
111.30897
1080.1404
2284.664
8677.623
3940.0967
0.0
1106.2444
3374.7437
3069.1255
5043.125
0.0
0.0
42.09209
0.0
1228.1995
0.0
2217.436
777.0299
3883.458
0.0
350.9394
0.0
1167.1056
0.0
3045.789
1134.1865
0.0
1384.6655
0.0
3430.7156
3832.9092
0.0
717.7396
0.0
254.18927
860.583
9900.676
4782.8926
3196.4775
525.5699
512.7086
1140.0623
0.0
0.0
0.0
347.749
3007.4019
307.7236
4687.485
0.0
0.0
854.2163
3208.8289
0.0
3918.5083
0.0
2234.206
2358.8853
266.3806
1752.9819
2501.003
945.93164
3921.5024
1386.1641
1856.5098
604.5502
0.0
4781.7554
0.0
2136.5056
1759.0854
10604.187
0.0
7326.127
16250.057
1431.6769
0.0
0.0
0.0
688.28784
3012.4731
8423.16
920.31384
4339.665
284.68402
0.0
0.0
1814.8777
0.0
1059.8016
1033.5803
2597.4543
496.6989
0.0
24369.682
2228.109
271.30347
2295.1006
1364.3018
9738.746
447.40118
0.0
320.88614
2009.0244
294.64032
1666.125
0.0
0.0
6339.8477
1093.0165
151.04465
7416.4062
1682.5486
4151.7734
208.10956
0.0
3114.7505
1707.1692
0.0
229.32037
6720.702
448.00287
0.0
0.0
820.7162
109.913086
1496.3513
2664.9666
4385.519
2988.6274
0.0
27768.008
293.81854
256.429
2494.621
1837.7241
414.4655
2668.7112
5134.0293
454.00827
0.0
0.0
0.0
5493.1523
807.3791
1808.0273
29676.324
0.0
0.0
1443.9551
0.0
4038.1633
493.52817
176.7894
8134.378
3170.2683
3470.3494
2382.5537
0.0
2039.3344
0.0
0.0
0.0
0.0
30.69558
3340.1685
640.9752
250.25752
0.0
413.28348
7186.593
0.0
5054.962
1411.4595
430.9782
55.753597
0.0
3032.1216
2031.4912
3769.7896
346.50705
9349.689
1156.6301
399.27277
3003.2683
769.81604
0.0
136.10498
5738.427
0.0
3401.7905
4054.7957
0.0
995.4304
296.29938
1879.2869
10465.164
1027.6721
3866.9106
1676.5352
0.0
5049.8696
4350.2217
5899.609
2239.8645
1864.4927
857.2325
10643.612
2368.5708
1070.6595
1939.2379
0.0
1808.0208
15152.857
0.0
46.183887
0.0
4310.4067
0.0
16203.49
5568.8374
1251.2985
0.0
679.7094
156.66687
428.8639
645.14
0.0
70833.7
0.0
0.0
0.0
2589.6694
453.25635
0.0
2784.8076
0.0
2178.277
5061.7363
1623.9329
1008.66394
0.0
826.63245
3217.52
422.26062
13912.446
0.0
0.0
2273.009
14.638763
2603.1829
0.0
7589.3564
2037.553
2266.2583
2470.5542
0.0
0.0
1319.9121
52.851814
2139.2583
6104.8203
314.3806
0.0
10115.784
0.0
5541.9214
6955.875
1616.5029
105.68083
0.0
720.6537
278.0759
1125.4565
216.44943
978.4812
0.0
13931.225
527.8739
0.0
5560.2246
1016.78613
8403.341
991.685
6508.6113
46976.598
8199.702
192.96448
0.0
0.0
39.7958
0.0
0.0
0.0
0.0
0.0
0.0
1435.8018
1000.3467
816.7282
285.25113
0.0
2848.8313
4148.709
0.0
3012.8955
2460.0752
11687.949
402.7011
1065.9933
1775.9204
37838.4
2415.9934
56.967064
3354.123
0.0
0.0
10680.218
1360.2924
1162.4423
22769.275
5079.046
0.0
718.20215
92.50975
0.0
0.0
773.2633
27984.785
3660.8037
0.0
0.0
0.0
0.0
3452.2432
33.52361
3852.648
0.0
558.7748
153.15045
0.0
4952.754
462.64984
2021.1038
1801.7844
575.20374
0.0
1784.1077
1727.1938
3246.3896
475.46588
0.0
0.0
1820.5166
706.60205
0.0
0.0
13663.635
3484.5488
2341.3267
0.0
0.0
1303.0928
2593.6545
757.22156
0.0
0.0
2199.2737
1244.0986
0.0
0.0
0.0
8602.35
0.0
0.0
2694.043
0.0
11210.246
5650.9194
488.14127
0.0
0.0
3836.5015
3347.3242
1101.1903
2272.712
0.0
2460.8499
1034.8744
1899.9496
294.2146
0.0
3934.2026
887.5044
781.8961
0.0
8378.403
127.88487
0.0
4362.942
0.0
328.641
4087.0645
0.0
475.77213
661.2298
228.44876
1158.4045
4147.408
658.19336
3457.6038
4842.17
294.47504
333.9032
31.538872
1941.2329
0.0
0.0
6094.3926
2020.5842
0.0
0.0
455.53937
0.0
6292.9873
0.0
187.81743
0.0
1663.7318
3810.5713
778.38745
0.0
278.32916
0.0
0.0
0.0
2631.0898
0.0
2471.5403
0.0
0.0
1091.5215
0.0
14785.207
3130.729
1299.757
0.0
230.04776
0.0
0.0
0.0
666.40186
0.0
0.0
1155.3955
0.0
2030.9734
8254.463
4873.375
731.5975
888.2887
629.97266
2552.251
0.0
3054.4966
0.0
0.0
229.2222
304.9373
0.0
210.16238
13901.127
2984.0654
0.0
7479.792
15593.633
268.38824
1888.1323
2283.5366
0.0
0.0
18184.293
0.0
0.0
5635.2734
3539.747
13398.334
233.58412
1843.3015
621.7831
2334.4749
0.0
1805.5916
0.0
1555.1869
144.17441
8053.4307
8806.049
0.0
0.0
5146.4707
526.1819
879.3738
156.22461
10413.807
1007.2898
17082.703
1423.9626
3348.133
2572.9297
1857.5273
1494.5698
0.0
8982.889
0.0
673.34644
788.3188
0.0
12304.604
0.0
1922.0027
380.30112
51455.39
3007.746
4063.479
1189.6267
0.0
9346.896
676.82324
0.0
0.0
349.74695
1550.3197
0.0
0.0
655.76355
2316.44
4945.0845
337.70706
4218.8926
1345.4506
348.1745
3127.2769
288.98093
0.0
306.86343
3202.5957
1172.321
578.92694
2538.6436
3530.0078
0.0
0.0
2828.8691
0.0
0.0
3968.1475
0.0
3288.9067
1059.6082
0.0
0.0
865.265
0.0
0.0
11794.387
2521.976
1897.5488
0.0
453.6337
0.0
0.0
0.0
581.8563
4170.319
1053.413
0.0
1791.1709
0.0
1192.3994
152.97607
1105.9967
80.59091
1777.9421
6003.035
832.838
36992.645
0.0
717.19574
910.0923
0.0
3125.877
0.0
44897.11
1061.8303
572.45013
10958.906
0.0
1221.8772
0.0
646.14056
2166.863
670.5687
0.0
0.0
1930.7006
810.2079
177.0364
1276.7664
725.0805
0.0
1238.5565
0.0
1215.285
0.0
3539.7344
777.424
0.0
1206.5221
0.0
1362.0677
27624.863
0.0
2645.796
18463.328
630.5741
11813.615
0.0
1444.2976
1222.5239
7211.825
4905.135
0.0
356.3089
3328.7722
3083.4414
2525.5881
0.0
0.0
1416.8103
0.0
2229.8105
882.3218
0.0
0.0
660.5175
145.38217
0.0
751.8317
2031.562
0.0
9866.429
0.0
3241.934
0.0
0.0
1345.9211
179.591
0.0
3239.607
0.0
0.0
152.88469
0.0
5800.9224
3891.0432
927.17017
11176.809
1511.0793
0.0
150.68204
859.35535
860.4331
0.0
0.0
1752.7202
1914.4819
12746.145
230.86073
2435.7754
831.8573
1194.5265
279.19003
2450.0225
2768.123
1990.4426
1904.2697
9927.63
7461.927
9073.557
899.4504
0.0
0.0
1543.155
0.0
11284.919
309.6897
0.0
0.0
822.46405
372.90106
1935.2109
3992.2
548.126
0.0
1475.948
1403.4475
1773.9595
1123.4954
0.0
549.1519
2522.372
2135.3372
6352.34
190.69156
176.87349
5438.4194
0.0
0.0
154949.11
0.0
5900.7275
0.0
0.0
0.0
271.24023
0.0
8302.243
958.45386
199.9487
0.0
1922.7075
0.0
1287.925
1034.1064
1383.3865
0.0
154.69019
0.0
1518.6031
0.0
388.03156
1825.6136
832.8701
4566.0796
0.0
4256.1104
854.99
0.0
1352.577
0.0
586.3667
2946.9224
0.0
1376.6919
418.02203
391.49707
3453.965
2746.3152
85.74867
3639.5361
754.3325
242.10707
0.0
1301.8131
0.0
0.0
5114.8604
8303.983
994.31177
3254.3286
0.0
0.0
1585.5151
0.0
407.05402
6759.9326
0.0
5359.966
2170.2227
0.0
134.097
3330.9883
0.0
442.48868
0.0
0.0
1020.73157
0.0
0.0
1838.6488
2552.1494
102.25337
2593.7085
141.58482
8819.314
8605.058
0.0
12449.06
549.3369
1047.439
0.0
0.0
0.0
536.48755
0.0
461.82214
3324.1218
2593.9717
458.49445
0.0
1006.0942
1326.0038
0.0
196.13516
11556.175
22.427515
0.0
0.0
225.03993
0.0
1121.5659
6267.831
12135.617
9189.599
526.9575
0.0
0.0
2413.1328
0.0
0.0
29694.791
5446.155
32232.648
1851.0884
0.0
2298.372
9995.5205
0.0
380.75485
2442.731
34.973007
0.0
11180.884
16843.611
0.0
1355.5278
0.0
0.0
1685.539
18884.557
1662.8639
949.62665
0.0
11845.252
1655.2871
724.3978
1578.8658
208.23541
104.21944
1463.6343
0.0
4203.668
5543.055
1109.1499
2532.769
2094.407
0.0
0.0
0.0
509.5474
1453.7394
2576.1953
0.0
0.0
0.0
1570.637
0.0
0.0
1234.1733
0.0
868.67126
4737.6104
0.0
5171.8403
4562.1206
481.596
1193.3374
1618.4604
797.1428
4383.7383
0.0
0.0
0.0
296.75845
51.287964
0.0
9191.234
0.0
382.1327
0.0
0.0
2909.379
1430.6692
463.72565
1327.453
2481.4565
0.0
438.3637
1255.0942
0.0
0.0
4193.488
0.0
6463.368
146.89014
13231.863
0.0
629.6428
932.7217
3615.5005
1474.6682
820.8705
0.0
1891.9467
4654.413
761.5938
748.1045
1840.1685
0.0
411.35187
8288.885
5963.2266
757.9832
3300.4434
1704.032
0.0
3398.5034
4020.8672
2259.2085
0.0
0.0
24.334343
0.0
461.00555
2360.6794
0.0
3761.7559
557.09216
0.0
2606.3389
129.47598
24.694946
401.74796
0.0
1123.9141
31996.951
3282.567
0.0
581.1879
16351.633
0.0
7609.923
520.70557
1165.1907
774.12805
10078.063
4829.0522
664.9219
1422.4285
0.0
0.0
0.0
0.0
2483.5918
0.0
4909.948
0.0
104.01451
609.9679
418.33527
2239.4658
0.0
3723.2324
0.0
3938.9495
3063.3699
0.0
136.33412
3494.316
0.0
32960.855
1218.1306
0.0
2357.2031
23611.645
2505.9216
0.0
2382.6343
0.0
2624.3335
1451.3142
2731.607
1735.3047
4055.311
4147.3525
1448.8171
6946.5645
726.9761
0.0
1563.7554
1234.8187
3116.058
62.201786
1630.3279
489.19824
2983.5723
8987.893
663.54767
0.0
0.0
3156.8386
2408.6855
10900.023
860.36816
0.0
1875.3877
90550.2
430.36414
0.0
6629.7314
144.3516
0.0
5486.9727
0.0
0.0
241.79045
104.80471
0.0
96.2745
0.0
0.0
5513.7954
1133.4583
208.682
667.23987
0.0
5739.5405
251.43652
2461.1235
0.0
0.0
4280.881
0.0
0.0
1388.3475
8401.764
0.0
758.5018
0.0
869.8545
304.23444
3054.8164
1961.5317
0.0
13742.848
79.3291
0.0
0.0
983.6283
0.0
2597.73
298.82706
12565.354
0.0
822.37256
243.40753
15313.389
1923.6388
5351.0845
84.65777
1003.51434
3455.7476
0.0
3426.787
1847.4956
420.66913
7377.7734
5979.77
7156.2734
0.0
416.53104
2805.4539
3065.6807
1249.3735
0.0
397.74475
140.84052
0.0
1377.1902
21.356773
3128.7952
3810.245
364.45413
3626.0723
0.0
0.0
2522.8003
536.2552
0.0
1085.0936
2055.9697
3452.8477
0.0
954.74866
1097.1315
573.78394
1779.8916
2453.8818
0.0
0.0
0.0
7953.121
0.0
1473.856
107.557755
97.81809
0.0
4209.886
0.0
0.0
0.0
2010.8955
459.38675
222.96648
0.0
233.92685
8073.4634
1690.6079
14008.55
0.0
0.0
1780.8749
1996.2852
0.0
2227.6086
253.52072
255.7172
0.0
1259.5383
1744.9019
55.587418
228.8737
0.0
0.0
2757.5674
0.0
0.0
1870.1406
1483.7146
0.0
1046.2568
0.0
0.0
3220.5154
0.0
578.36755
986.6813
904.54614
4034.251
0.0
459.89264
2857.683
4008.6465
0.0
864.6019
2182.9358
0.0
0.0
385.16162
0.0
0.0
62.30463
0.0
0.0
0.0
992.9749
5568.7686
3172.6707
2555.168
0.0
0.0
1875.7676
0.0
755.9218
0.0
1573.9962
1712.4255
108.41243
2891.0737
1833.1001
5528.7783
0.0
7983.129
2139.7253
0.0
0.0
5642.3564
1485.2445
3374.3892
490.77765
0.0
425.91205
0.0
992.15173
153.26587
4737.7334
1995.4657
1853.5596
341.5477
614.3494
129.43033
560.76965
224.20383
8125.364
6140.003
1473.2836
0.0
215.6076
1334.5756
472.16046
2254.4507
168.87228
0.0
808.9888
7225.186
0.0
2089.4639
4557.9375
2395.209
3010.6826
2666.667
1060.9663
0.0
6563.9375
8654.416
372.4698
0.0
0.0
6836.865
5422.9336
988.2445
0.0
2157.3516
1488.5054
5932.237
994.8911
898.66907
2193.5989
157.1834
6482.2085
0.0
1963.6351
7136.195
733.5486
1761.7383
3711.3743
1770.8223
1012.5178
0.0
1181.8983
0.0
0.0
2649.9229
8993.43
5059.178
3045.118
1113.3708
791.8362
688.29285
0.0
992.6045
20607.584
287.96735
0.0
1214.0018
0.0
0.0
8671.938
65.050224
412.36664
1160.9779
0.0
2874.1804
6270.852
946.105
11359.105
0.0
0.0
0.0
0.0
0.0
0.0
4487.8057
1385.9723
1594.5171
3025.4512
5321.4375
811.90173
2094.7998
1496.7848
23.44566
2845.362
0.0
1614.3706
528.5923
0.0
345.77872
1608.2812
0.0
900.69666
3613.0845
706.3656
529.01746
124.99692
25307.055
0.0
832.5392
0.0
1035.4546
241.13947
350.46417
0.0
0.0
2025.9424
1645.3591
3439.0593
880.083
2153.5005
4587.78
5218.4614
1380.2767
8182.3594
0.0
0.0
5455.1763
0.0
4476.369
533.0133
0.0
3089.256
10367.182
0.0
684.99384
573.09735
1887.2194
0.0
1239.6665
2224.7388
5530.752
0.0
1872.7634
505.71323
112.22011
3437.9263
651.2195
9873.686
3112.8672
2633.7896
0.0
445.4911
138.09393
18203.656
1863.6528
6550.117
230.69452
895.4851
3495.996
1506.4033
729.2086
370.05936
2326.9468
8078.282
0.0
414.8896
879.3771
0.0
1181.4044
2291.8596
4615.7812
1060.7383
0.0
1062.0802
2523.8203
2961.407
374.20712
6029.3965
3288.0903
2142.3406
305.24628
599.8442
0.0
2887.6514
235.27084
4456.865
574.6354
0.0
0.0
0.0
2148.671
5978.168
411.78162
342.03613
4227.879
0.0
11315.644
0.0
1296.4418
981.89355
4802.0225
971.1955
0.0
1517.5396
159.51387
5134.7397
0.0
0.0
0.0
3134.246
1834.2595
0.0
0.0
3924.8787
1314.9441
1257.7013
0.0
716.16284
3213.7039
185.3888
558.97784
0.0
0.0
18766.389
2607.582
0.0
736.2422
4741.7783
834.1371
2038.179
62.085392
222.323
762.4724
0.0
38.142456
3619.8774
1068.6924
0.0
0.0
2359.407
289158.62
1184.8251
2770.5906
0.0
0.0
0.0
0.0
0.0
2136.6235
911.1915
0.0
0.0
8521.194
0.0
0.0
0.0
0.0
11867.098
0.0
1493.9844
3215.497
289.883
397.43512
0.0
2088.5913
0.0
954.7881
58.94702
0.0
0.0
10630.719
0.0
2355.2305
8150.9844
1091.9176
7468.554
0.0
694.50525
0.0
3958.8887
648.3399
0.0
2966.6375
332.97528
2529.549
20883.828
0.0
1662.5758
0.0
1678.2153
4239.116
2616.1724
4161.551
82413.14
0.0
289.61612
4770.852
9635.18
0.0
1983.8591
0.0
0.0
338.2934
0.0
509.76352
0.0
0.0
806.713
937.1017
2611.0176
1138.2761
0.0
0.0
0.0
164.84799
3486.879
100.72131
5197.593
5680.5024
1722.5273
0.0
344.92865
0.0
0.0
0.0
1581.1741
2380.391
2824.3774
331.82672
958.3696
1698.6768
0.0
270.35065
1055.6577
939.28784
0.0
496.65848
1623.4841
0.0
1939.6821
0.0
63076.64
576.6385
312.77118
2943.7468
0.0
1791.7612
349.46072
1742.8778
0.0
0.0
0.0
0.0
0.0
0.0
0.0
0.0
867.2687
9005.564
1679.5261
10099.443
1708.8069
4005.0667
0.0
1585.0948
3035.9663
1363.8162
0.0
7084.492
4353.353
848.8275
0.0
640.4049
734.19116
31.40208
1174.3202
3036.4265
334.0907
375.91772
0.0
1735.2183
2353.5637
8556.802
178.70554
3479.6294
138.87172
5435.7607
1319.5928
332.01862
0.0
2420.2852
1589.8442
0.0
431.16898
2200.433
4056.6606
4254.8945
0.0
1716.1982
4485.8604
2887.5066
6249.1763
273.84488
3211.3464
350.7638
10232.325
0.0
0.0
0.0
0.0
11894.099
413.57385
2311.0737
2598.6392
2596.2183
1642.4951
1633.8453
0.0
2229.9844
2502.2307
2251.8777
1390.9155
0.0
1737.3778
1879.3499
0.0
3110.1782
611.9477
222.26468
2870.5557
363.4316
2557.148
3297.9844
714.0471
5896.9595
96.566124
0.0
168.67094
1675.46
4365.232
3706.38
361.1645
0.0
6358.6484
1190.5352
0.0
0.0
1498.2734
4146.8354
4284.6943
2505.6577
983.2702
1055.3053
3219.394
255.23268
2423.0579
2099.5024
937.06433
44.601543
0.0
173.90085
0.0
2064.744
703.4876
262.54877
2209.0317
1144.84
3819.1382
0.0
1351.2871
652.4943
48340.676
309.64392
1718.1785
0.0
2376.9116
0.0
2282.0562
0.0
2004.2593
0.0
0.0
1297.7521
1341.2712
1033.1581
3329.8823
2792.4893
238.81853
1805.6031
106.570076
0.0
175.61786
1824.958
0.0
944.2377
8025.0186
271.10107
0.0
0.0
2005.5393
0.0
0.0
363.43073
0.0
0.0
0.0
3077.829
1751.2054
1692.5397
4036.4482
0.0
545.67206
4647.3438
95.068054
55343.406
160.55273
148225.39
1376.8041
19892.729
19185.16
5224.504
3742.8835
0.0
3678.6064
2211.9153
0.0
1709.1841
3652.7422
0.0
4884.0127
4881.9067
8702.978
0.0
3275.4692
4675.7397
14129.409
200.27194
0.0
0.0
972.28436
1837.7957
3230.4253
0.0
0.0
350.4645
2701.6477
812.4464
7230.047
0.0
1000.43567
78390.625
5165.4443
155.28854
943.3047
4390.1553
1990.7393
3762.4392
459.68677
0.0
7912.9883
0.0
0.0
2515.6187
5044.829
1284.3325
0.0
2367.852
2957.798
1654.7612
0.0
1370.2295
59.94007
0.0
5080.507
0.0
115.572525
14293.96
12661.525
584.129
400.76373
0.0
0.0
4253.6016
3007.606
2749.253
43.500256
8156.604
5655.383
0.0
1353.3888
0.0
0.0
41353.65
3050.1924
13348.932
0.0
2712.2546
1900.3201
2785.8042
9241.838
0.0
0.0
0.0
154.64343
148.94609
1229.6726
0.0
12012.693
6472.0894
1300.7358
13492.92
632.94495
0.0
1054.5153
178.4406
0.0
4300.456
690.40216
1162.7043
2096.2861
35.821476
461.95203
3116.174
0.0
3409.6475
1893.0413
4336.048
742.36206
0.0
2512.1938
1678.4238
0.0
0.0
2542.8665
2706.0857
2996.255
0.0
0.0
769.60645
1278.3827
607.84863
1609.2905
3290.592
1693.301
4256.423
0.0
2103.3718
1341.7911
2070.7158
0.0
679.7045
3072.9673
5232.449
2345.0444
0.0
622.8417
2616.7139
1187.1014
12892.633
9737.686
13160.369
1000.9507
1064.5995
0.0
2007.755
3423.6807
262.35028
12657.431
4878.37
394.2256
298.33807
0.0
0.0
0.0
0.0
0.0
2004.6918
5778.4683
0.0
485.2036
56.109825
1967.831
19.731754
3631.6606
0.0
26166.73
1712.1133
810.8178
1564.907
1288.046
6255.6797
0.0
0.0
0.0
4086.7659
3912.5498
404.07776
1642.3008
21619.803
0.0
774.0646
0.0
650.1369
1192.7946
2397.8572
596.2213
14261.656
1238.9133
3081.003
151.2072
4857.909
0.0
2171.8677
0.0
551.9359
1772.9244
672.4803
0.0
5539.8716
2621.429
0.0
3328.8809
528.2721
0.0
158.50424
573.7726
1726.4504
1977.1189
7086.461
1527.8589
1351.935
2494.1064
0.0
790.6421
0.0
0.0
1246.6653
135.38853
0.0
0.0
0.0
0.0
2616.398
0.0
0.0
1702.5358
276.25555
671.41565
1477.9092
356.57593
6189.535
0.0
0.0
0.0
2621.1875
0.0
0.0
1372.8722
4492.883
935.114
2472.9614
318.0649
676.0147
0.0
3489.3398
185.57796
605.1881
6597.327
0.0
439.877
979.53845
2307.933
8077.276
2791.2515
483.23532
1144.7383
163.2453
0.0
0.0
0.0
978.87317
0.0
20001.637
0.0
0.0
310.10724
3603.9592
751.3638
2257.0566
1779.0762
333.14975
0.0
32796.234
2157.7852
3528.4033
6686.879
0.0
150.39133
3524.8672
0.0
1136.9478
6482.419
5808.5317
1395.0494
557.6782
140.00797
0.0
2121.4866
322.03198
0.0
1596.9764
0.0
0.0
263.2428
1308.8794
5734.839
1500.7441
2934.188
1793.0684
3640.002
10634.668
0.0
328.98883
1835.3208
1756.3647
0.0
0.0
0.0
1373.8491
0.0
431.20142
0.0
1636.3069
1047.4403
2802.5093
0.0
1884.6892
1183.1782
2080.6123
1663.0483
1514.145
12458.379
0.0
4175.882
0.0
2204.0088
461.12842
73.22105
6785.6914
1606.3611
0.0
0.0
0.0
180.75926
0.0
105.22969
5444.2534
26809.496
0.0
2367.6003
1414.6946
0.0
3167.4492
0.0
0.0
7795.662
746.02356
0.0
1227.0247
1392.304
0.0
15.539146
0.0
3610.669
2258.378
0.0
1450.9958
5268.2925
463.5393
1976.8354
2748.2144
831.016
0.0
60.85059
986.5022
0.0
