39.944805
55.403656
0.0
0.0
4.01267
3326.6292
357.39893
2340.9834
0.0
954.2166
0.0
140.4529
4063.69
2598.7632
6404.7944
0.0
732.25366
0.0
2007.2426
3675.8691
3914.9312
3151.1077
2610.858
2767.17
0.0
109.57036
0.0
53.77742
2251.227
3252.11
3769.2983
1288.0986
0.0
248.91661
0.0
1362.4222
55.646713
4938.5063
11485.775
4269.2617
0.0
1114.3881
715.303
3937.1538
2169.5146
11.381792
0.64783376
0.0
0.0
1854.7355
5380.3706
0.0
103.69301
301.4751
0.0
2772.9963
2828.4028
0.0
3281.8467
368.2537
9224.122
8.62166
749.1338
623.749
2181.2964
0.0
6125.127
4509.935
1650.2322
105.04848
3150.5203
1384.2032
1498.3125
8559.303
0.0
0.0
4989.407
641.119
4977.0757
1503.6477
10.462011
3811.7297
2375.9375
21.636944
6850.525
0.0
36.300945
2311.9905
60.2853
1099.6147
1817.9332
8264.059
11458.234
0.0
0.0
6470.0576
0.0
383.87692
100.87891
136.84862
2780.8154
3551.9922
6034.3076
1295.8917
1477.8604
0.0
3457.4873
3559.12
94.7894
4215.477
0.0
31.307415
0.0
2795.469
3277.5515
532.00934
3255.0276
8904.045
145.86572
8.935316
2188.257
0.0
10586.307
0.0
2375.9866
0.0
0.0
11444.091
0.0
0.0
2355.6099
2340.9146
0.0
262.0021
2678.9724
0.0
3282.4307
4997.214
626.4144
102.17179
3891.9504
3476.462
11462.846
6924.697
0.0
3918.814
0.0
4084.8557
0.0
3848.4497
2616.882
2653.4092
2534.505
0.0
8337.597
0.0
31.126175
0.0
0.0
0.0
20.983965
0.0
1153.062
3446.85
827.1299
3410.2905
4444.2715
2988.9663
0.0
4037.2905
10634.051
0.0
3213.9824
0.0
2447.2043
8565.674
0.0
1573.2002
1314.2073
7307.3203
480.72583
0.0
9670.784
0.0
2150.8733
1425.5181
671.00977
157.2756
2608.8154
385.83066
0.0
4481.469
648.96924
5667.626
2169.8777
7610.48
3118.2046
2748.2036
3340.4644
2502.2422
953.2178
0.0
8.181326
4683.4614
0.0
16.8988
5732.385
0.0
831.50037
0.0
1425.9226
5372.559
4510.5986
0.0
0.0
0.0
401.9943
0.0
1572.7886
226.64413
0.0
179.47722
0.0
1168.4253
4820.2197
1802.8745
5218.837
938.2191
2669.1543
6672.2744
0.0
3158.1328
2.4616494
11473.267
1274.2799
4392.2173
0.0
4077.5503
0.0
0.0
947.08264
2919.9727
69.717545
1858.5962
0.0
6265.3594
0.0
1412.3385
518.66907
0.0
0.0
5432.439
652.8638
7289.8154
1838.8281
0.0
0.0
5441.798
801.7864
610.07697
478.98346
124.25389
4527.859
11460.958
882.45605
0.0
0.0
15.433003
0.0
2609.2979
0.0
7.1676416
6417.4844
4.321986
2749.3237
0.0
1088.4644
1060.1805
2865.307
8370.288
0.0
182.75241
2370.7495
0.0
0.0
1848.3267
11486.051
40.678673
7897.0483
8789.7705
2366.071
10906.053
0.0
5531.251
0.75091195
0.0
25.197765
3763.4897
0.0
7239.619
4156.5957
76.30551
2331.5767
6542.866
44.937035
773.4138
9073.61
1566.8405
1765.5923
0.0
0.0
0.0
0.0
1892.5059
2559.4775
5192.044
7111.1875
9037.358
1083.2037
0.0
50.249573
15.297894
101.164734
2202.143
1677.7706
436.7523
102.580414
1228.4967
374.07016
0.0
1612.5095
0.0
0.0
1131.9031
0.0
3182.6384
7075.907
11475.451
2420.225
8851.755
167.89572
2960.584
5233.2554
803.5662
1147.0555
92.631836
4575.585
10540.021
0.0
327.9204
1986.9873
0.0
3178.9233
308.9884
151.18265
1806.585
0.0
1540.4434
5643.2188
153.6568
4330.999
0.0
127.35641
0.0
0.0
4287.9697
519.83746
0.0
4557.3516
0.0
1464.8737
0.0
8397.934
0.0
4359.3613
58.66872
1719.3267
20.169455
0.0
1059.2329
4617.7827
0.0
0.0
0.0
6859.5786
136.78203
0.0
0.0
11465.724
159.94594
21.200272
0.11427665
0.0
0.0
5940.782
3020.3696
1551.8936
0.0
2010.5931
978.1037
0.0
59.704216
0.0
0.0
6078.291
43.18249
70.10222
7748.333
0.0
7024.2256
0.0
1541.4136
8111.717
5555.2305
3709.5732
6296.322
0.0
837.11536
9255.348
1653.4133
0.0
2888.603
964.42096
0.0
0.0
0.0
93.44539
804.5044
4556.854
24.50459
6049.19
2293.7993
1390.5498
1052.9307
116.24498
0.0
20.775414
0.0
1045.1713
928.5883
0.0
0.0
0.0
1313.8328
5.1009736
4.3033614
3588.594
0.0
3413.4597
429.388
595.77515
4126.8677
3895.5405
1434.8411
0.0
0.0
5345.449
3242.6016
7724.1504
254.71692
0.0
286.59662
6899.9307
43.728737
0.0
0.0
3984.1777
4403.4214
0.0
1522.5779
38.04579
1405.3729
2155.7356
16.005257
1660.7866
1403.7551
75.46491
0.0
4645.453
391.56973
154.60425
0.0
0.0
315.2506
267.14496
1890.4342
1065.6018
0.0
4254.5576
156.482
2988.0269
1586.367
1370.1187
0.0
3504.3123
4849.256
0.0
4488.6255
10.222841
4644.863
6874.979
34.609974
3212.833
7192.568
6578.2295
0.0
0.0
0.0
1475.0242
2643.0146
297.4159
9291.232
11475.141
5822.9785
1370.6827
1123.1484
3853.4487
11462.18
0.0
0.0
349.7553
1518.6838
21.589533
0.0
3928.0474
0.0
3291.5957
0.0
48.07412
3056.9592
2210.0837
11479.1875
0.0
0.0
0.0
3990.2412
6647.4023
2659.0254
0.0
3194.915
0.0
66.74074
1961.2246
404.13702
0.0
12.531687
3027.0332
5933.417
3292.7676
663.71765
0.0
5337.406
0.0
0.0
6015.11
0.0
8299.704
3064.145
2207.9602
2341.5208
6913.761
0.0
3440.524
4108.4727
315.17792
0.0
1392.1626
1493.0107
4396.6787
5156.8174
139.76889
0.0
44.056736
125.31702
9072.977
2623.1343
8706.64
1813.8391
6693.1523
2578.9746
0.0
1814.7993
153.86343
0.0
3474.1055
736.33203
11031.672
290.55493
2145.2942
532.0743
6893.258
0.0
10685.758
4874.1924
0.0
5625.9478
3967.103
4823.824
66.30147
405.16827
159.3504
53.88321
0.0
2783.216
0.0
0.0
22.072548
199.61345
0.0
153.15984
0.0
129.77835
5452.2725
75.73492
0.0
2656.1455
2037.7423
2102.7595
127.462234
0.0
118.04811
7380.266
183.45798
561.80554
0.0
6051.4473
5849.2915
0.0
115.77005
0.0
379.7027
0.0
8206.336
2714.9663
1348.8466
0.0
29.550987
114.193016
2202.1265
65.08024
106.51178
2878.3706
4414.9595
1647.8647
2928.821
35.842995
704.70557
6020.1523
234.32193
1620.6816
114.8374
25.182533
49.69706
87.026245
1384.4908
7066.663
0.0
2177.707
0.0
5358.1753
200.38101
2848.8086
11468.782
0.0
3632.163
0.0
2047.8223
5627.696
3092.942
0.0
0.0
2460.7402
0.0
4296.1016
3690.9927
675.33246
380.89545
0.0
140.27692
7251.78
11457.602
0.0
905.5071
0.0
117.533226
6764.8765
4737.8115
4032.4238
0.0
11475.679
3582.043
35.839813
2406.2402
0.0
5381.1655
0.0
0.0
2556.115
0.0
3101.336
7922.8867
6292.252
0.0
6054.236
517.66693
3108.6294
0.0
1450.9277
6.280457
0.0
4215.609
3849.5269
0.0
6326.987
31.370337
469.23114
3974.9375
1390.3065
3763.1003
0.0
0.0
0.0
3374.3271
0.0
0.0
6.858001
0.0
3165.642
4826.2954
3173.7417
5196.6934
15.247959
4998.4805
0.0
3904.689
4625.7856
145.40369
2012.6844
4124.6323
1162.3201
5271.667
91.727554
0.0
0.0
7569.3623
34.820248
0.0
0.0
166.45305
1856.6881
0.0
3441.8745
3527.5376
0.0
2659.1199
0.0
2661.6194
2289.6167
6053.3857
2144.0667
91.69964
377.6681
8392.89
0.0
3366.941
1994.3877
0.0
109.58382
2842.2104
1052.4128
1996.6533
3629.1714
0.0
0.0
11473.521
1533.3125
6305.0566
5013.1904
11470.65
0.0
1185.9293
2145.7283
0.0
2942.0254
1964.2434
291.78687
4676.711
0.0
2090.425
1262.8201
95.30513
5301.788
1294.4362
0.0
648.761
6591.8115
3436.7588
1573.8269
1561.7881
6549.006
0.0
4461.811
113.91541
2464.2212
1156.7852
7357.7617
11459.814
0.0
3071.7031
8235.811
4084.7297
57.634945
485.24316
2.1218374
2195.288
1438.7527
2696.2449
0.0
40.48446
2202.8923
2700.5112
7328.4043
2023.4358
1484.3778
0.0
214.89713
5297.544
1086.538
33.725857
0.0
0.0
3387.1453
2375.791
1232.2257
7879.911
8478.896
6004.4736
51.2573
402.72278
0.0
203.4273
4327.702
0.0
625.8058
0.0
5407.3623
4041.0354
3130.8472
2767.1929
99.93227
0.0
3542.4795
8201.318
1969.7725
12.305738
0.0
6208.7188
6827.0605
7713.8633
0.0
2829.505
0.0
11474.469
1790.1581
952.1532
0.0
749.7186
4998.9775
2570.9688
1471.3698
4767.068
57.008743
0.0
2023.581
3341.0088
3127.0645
1465.5927
2224.4001
288.4178
3422.782
4477.2725
0.0
2500.1055
4768.3076
5021.267
162.56734
1153.7142
279.73877
1224.4811
154.06268
4891.386
6876.589
0.0
5401.9814
985.6732
11482.694
0.0
0.0
681.59937
1912.4056
62.788948
199.11322
5340.4126
0.0
6802.5376
131.12077
3195.704
3945.7905
0.0
0.0
70.19329
2539.7605
2721.712
65.85241
4927.0664
2882.0276
1217.7976
2729.75
2480.7913
7541.8496
1025.6921
0.0
5040.2925
0.0
130.3664
464.9854
0.0
2756.1582
2.9941216
193.78256
8390.8125
789.73987
6556.1006
11487.735
1050.5753
0.0
5695.9263
3324.993
2069.759
1279.8394
0.0
3520.6597
4951.865
3296.965
4118.592
0.0
9165.527
5016.14
1278.0969
0.0
0.0
6440.446
0.0
0.0
0.0
240.845
75.27194
1512.7039
503.81293
3947.649
2515.416
8068.725
1403.3901
8883.879
0.0
1187.2552
4607.622
91.50444
2360.4185
1344.2546
3366.7861
5226.3823
1185.1357
0.0
543.97516
8090.8174
1550.8892
681.0774
4542.8076
3846.3198
0.0
1877.8662
0.0
6377.8096
260.22552
0.0
851.171
18.068253
7404.343
2040.0035
3819.008
0.0
204.25143
0.0
1675.5032
6503.334
5212.401
0.0
0.0
7714.373
11476.199
2562.6692
3492.5854
5860.719
0.0
0.0
52.18287
4.5970497
0.0
0.0
164.1952
0.0
0.0
3887.4692
2781.2292
125.24911
7766.733
2240.0112
3119.9275
3883.3433
8454.632
5786.6206
3354.3623
0.0
1185.3256
0.0
20.784655
1641.3193
4360.919
0.0
2547.3286
0.0
855.239
11468.041
2528.4294
16.60699
5372.32
0.0
0.0
30.801586
2009.387
4766.093
11475.338
0.0
9636.873
0.0
0.0
72.95872
3041.6907
0.0
8130.2314
0.0
2973.3022
2445.0515
6646.257
10696.932
576.2422
3668.5332
358.1449
5548.4897
23.722218
166.90315
0.0
0.0
1076.0333
0.0
5011.9214
55.387802
172.64578
4207.1836
5464.036
10225.871
0.0
2451.4932
2585.0225
0.0
7562.8594
1061.9858
77.71179
49.730312
0.0
2813.9448
0.0
0.0
4528.297
518.88086
11.0943365
2482.894
0.0
1315.9713
0.0
0.0
0.0
3960.4587
22.406433
1773.5835
68.79738
0.0
0.0
1034.5215
0.0
155.11952
123.97243
2710.684
3286.8997
1004.056
219.4451
1864.1233
1925.2891
101.20331
1103.4388
6525.4336
2600.017
6484.1006
2685.4595
0.0
3012.333
7653.7295
6013.7007
0.0
29.656944
0.0
645.44867
0.0
3537.1475
1934.264
165.97299
37.84629
0.0
4291.3535
2471.3936
11462.039
200.46504
0.0
3708.6506
2932.9395
5308.9795
9760.08
2603.0278
2418.5303
4291.4316
0.0
11473.854
1108.901
5803.7344
0.0
0.0
0.0
0.0
1247.4559
10488.859
0.0
2285.006
6112.124
2585.6716
4784.298
5882.1416
1785.1201
24.283396
3991.977
0.0
0.0
2935.1797
7307.9717
2020.2039
0.0
682.06555
10011.66
2671.4084
1754.6034
0.0
2803.462
2850.0688
65.747444
2928.7349
454.58163
0.0
11473.123
8180.6846
2888.3594
735.15125
0.0
0.0
0.0
0.0
4197.566
0.0
2051.4958
2220.9507
0.0
5200.4385
0.0
5212.5713
77.74038
2808.3425
587.809
3581.3274
5208.12
1325.4662
0.0
0.0
0.0
2321.254
0.0
5256.4126
2156.058
0.0
378.75348
731.4285
3367.1992
1760.782
3707.175
2377.029
58.925117
5492.7754
269.94785
1243.0065
3590.7336
2596.605
7016.4316
4112.672
369.21637
714.9287
877.7726
1365.6344
4161.461
1765.3226
0.0
0.0
4700.0713
5514.6484
106.650604
59.802868
1391.7788
7211.024
9220.885
49.196114
4634.5947
14.399802
5702.255
11475.477
0.0
7074.23
24.821674
0.0
0.0
0.0
2653.3567
5790.2637
7001.8213
101.80889
292.58987
4587.5156
576.76746
0.0
8547.806
3398.877
0.0
0.0
13.691746
9599.98
10.6356735
1686.1871
0.0
2330.199
442.1496
0.0
2306.6616
6710.9785
670.2866
931.1537
2884.1821
0.0
14.080733
50.754417
663.81287
0.0
1930.6908
287.18817
7947.374
66.5428
39.44346
1544.3901
11472.1
4971.3535
2383.79
1204.9313
0.0
3414.4482
6.6576777
103.45062
0.0
4582.037
136.60152
9661.384
3128.7178
0.0
11478.33
659.06323
144.61084
131.57384
1159.6056
2686.254
8544.982
0.0
16.796068
4552.58
0.0
2152.0999
194.4481
4129.766
618.7344
986.4201
0.0
1827.7302
3931.1685
9243.981
10746.673
0.0
2406.7717
2199.3816
0.0
0.0
4722.745
895.3801
0.0
2302.0308
0.0
4945.8
4247.306
9093.272
0.0
2737.9453
0.0
10704.472
11457.007
0.0
11485.904
0.0
0.0
11469.008
0.0
99.90123
20.802122
1218.9977
5339.779
3209.855
91.11737
4067.7642
4523.3076
0.0
5545.512
3174.8105
5534.5366
1136.2133
3399.7039
890.38
4178.886
0.0
0.0
2293.0078
220.95348
2741.7444
1467.6372
2437.868
3226.2085
0.0
789.98413
3044.8862
0.0
100.586334
3096.4897
6469.8574
4284.048
3444.7925
1043.1855
6830.495
2686.5352
126.26519
3005.9658
3046.5698
0.0
42.5999
4019.7495
890.187
1811.3142
0.0
0.0
58.24745
7178.075
71.932755
0.0
7863.1475
915.61255
1114.8541
26.425028
0.0
0.0
0.0
4085.145
0.0
165.86526
59.11648
0.0
846.7413
0.0
223.32257
0.0
0.0
1936.8633
0.0
0.0
1075.5054
6620.202
6292.7983
1612.7606
1700.0847
28.030735
640.8815
0.0
1542.8396
3404.6992
41.061707
50.68107
227.87695
8510.405
0.0
3968.2563
32.68232
2825.513
5770.68
0.0
2393.5059
0.0
177.65936
0.0
0.0
4559.193
11471.406
0.0
4640.644
10454.33
0.0
2528.733
0.0
0.0
0.0
4435.017
2164.2788
3315.8481
2187.9155
1767.5398
0.0
4588.602
11455.631
6144.6143
1748.3721
3071.2024
0.0
57.119698
0.0
10.316717
4155.981
1182.4023
3554.479
7317.174
80.939766
0.0
0.0
4435.056
151.8858
0.0
35.296143
0.0
18.941666
1297.3942
226.64856
0.0
11479.838
2081.8306
0.0
1861.9624
838.92194
3914.7944
0.0
7538.177
0.0
79.098114
0.0
3673.0469
3340.9707
3503.1206
3596.3604
1363.1262
2427.3477
235.38313
2220.0544
0.0
4279.8926
0.0
6406.4834
1862.2755
141.46466
1245.7927
2990.156
5545.608
1269.2845
0.0
5529.9854
0.0
3815.4326
11483.271
5262.667
49.16882
1368.6431
3148.0989
5568.4834
3206.5198
42.65952
0.0
9639.145
2824.9434
1303.1624
0.0
100.569336
4454.3794
8997.111
3144.3398
3140.5017
1561.1649
0.0
1326.4575
1967.5138
0.0
3542.3354
1826.5717
135.27818
0.0
0.0
121.66011
1639.5358
4165.7305
2908.0317
1834.56
0.0
0.0
0.0
1626.3679
3536.5
4299.412
846.5278
7838.872
0.0
1295.8766
1611.5266
0.0
945.4101
10.529242
732.8036
135.25128
5135.417
4602.704
0.0
1360.8549
0.0
5156.5723
117.558876
208.61684
0.0
64.293625
11474.857
6610.8535
6658.589
8456.803
0.0
0.0
97.42264
1795.5398
0.0
0.0
4821.213
0.0
0.0
284.10016
0.0
2940.27
4275.967
0.0
5664.404
0.0
5062.28
46.222168
9160.55
1430.1718
26.556072
2027.5555
0.0
121.97745
164.17487
6555.371
128.42241
210.62637
99.11287
3897.5454
35.894375
3326.8054
2780.6592
2767.254
5429.5674
2.0010228
127.56166
0.0
0.0
3543.8145
47.651222
81.43632
2567.7368
0.0
4540.257
3020.342
0.0
6872.9287
0.0
3853.8496
0.0
38.107025
7331.1343
9875.804
9313.769
5354.7764
149.69475
3556.378
851.24286
898.05676
402.0605
0.0
6963.074
84.379974
2897.079
0.0
3737.226
0.0
1575.2903
3179.8396
3020.1885
0.0
3368.4175
2768.9324
0.0
1173.8591
830.0602
5909.701
71.58185
0.0
1832.7908
5519.544
4226.6904
6502.206
5057.1406
1251.5756
4892.594
3577.581
3285.8452
1868.7522
937.0206
8250.78
26.957243
60.486046
2338.7654
0.0
0.0
6172.6074
3548.48
0.0
8759.051
0.0
0.0
0.0
0.0
2449.8076
0.0
1082.4049
3256.546
65.10069
42.16229
0.0
3809.5874
3434.2065
2829.5715
6988.7754
113.973045
0.0
0.0
1798.6072
5660.1357
2321.8022
0.0
1133.0686
0.0
2750.9343
0.0
47.864124
1825.9973
4464.057
62.470936
1393.0679
4589.7725
2502.7266
55.693962
0.0
224.39478
0.0
106.7408
0.0
2585.2148
0.0
20.86103
129.90024
0.0
0.0
80.383125
0.0
66.8676
0.0
2192.3865
77.52073
2874.3691
0.0
235.23228
0.0
1918.1299
1514.5508
5959.1333
8604.018
0.0
0.0
1317.9625
9409.258
21.557373
0.0
1397.057
0.0
0.0
0.0
136.52417
0.0
827.0485
2919.384
0.0
3483.7368
2759.099
7392.7705
4119.337
1458.6646
155.73674
10435.132
0.0
4041.417
4570.3677
1749.7515
4923.331
2304.5396
0.0
139.57227
2124.952
0.0
979.9252
0.0
23.871433
4129.2686
138.50531
5431.638
5393.7544
1153.4153
0.0
932.82056
1503.653
0.0
2541.4138
3591.3525
0.0
760.04944
10605.329
884.2223
0.0
1629.0443
2869.3713
9159.496
1264.1987
4.287904
978.8951
1660.8792
3132.0957
9827.963
0.0
112.8808
100.949875
0.0
4252.718
0.0
5022.3813
163.90149
4194.7305
11.062065
4827.993
5878.617
2069.8123
8462.345
0.0
3053.2798
0.0
3328.1675
3013.3545
1397.6992
0.0
1252.6199
9450.926
42.15786
3165.0298
0.0
0.0
11.573308
0.0
11459.636
7675.2446
11475.6875
0.0
59.32848
0.0
1385.4795
1827.2793
0.0
4973.883
3748.9895
6418.6123
10762.6
60.357216
15.957385
3037.0986
2840.4006
69.132614
0.0
4494.5903
257.4619
3064.31
2603.1423
0.0
0.0
0.0
1068.4807
1132.1041
1545.2776
0.0
308.30957
0.0
0.0
1660.9766
5114.051
2267.3438
0.0
408.5343
0.0
123.390724
0.0
130.14935
1311.5118
2147.218
1826.6108
0.0
0.0
0.0
0.0
6581.788
2635.5134
0.0
5523.657
17.282475
1250.453
0.4189266
1418.9966
0.0
4633.0474
0.0
0.0
0.0
10401.685
706.96906
2722.7026
52.934772
3004.4338
458.60376
3.2601783
121.66374
1388.7117
1513.4124
0.0
907.9418
0.0
0.0
4036.7085
6229.669
57.774666
81.66
4145.991
1815.5735
1009.20544
0.0
4033.9004
4607.5635
3621.3696
63.99079
3463.141
5198.495
5016.6255
1884.89
9226.962
11482.4795
76.72925
425.0102
1854.8325
3610.5044
0.0
981.8191
1044.2173
3452.7144
1332.0938
47.30138
0.0
6612.0522
0.0
3237.4663
2473.8052
1343.9323
2853.312
0.0
881.089
3539.7192
0.0
11465.217
6675.7954
3250.8647
0.0
4045.0698
6591.7925
4.613618
8257.307
1933.4071
399.74725
4480.258
11.996473
3599.4375
0.0
2278.163
0.0
0.0
4159.7637
0.0
0.0
0.0
0.0
1147.1194
0.0
4621.0034
485.92578
0.0
2959.6152
3573.7007
4549.4277
4640.5327
4344.4766
1763.2139
8118.5264
1935.4686
2536.1692
2070.6685
0.0
130.08076
94.07901
0.0
3595.9656
10278.906
5644.2334
3563.3398
1088.8328
0.0
907.51843
0.0
4434.9355
5276.41
0.0
3395.0435
6958.335
5492.644
1687.6733
3582.7676
1985.8027
1668.1758
4396.203
35.852547
5605.104
7391.992
836.292
368.24844
5160.8394
87.14925
0.0
3515.8872
5573.241
2065.1694
0.0
3336.9197
0.0
0.0
0.0
141.62753
0.0
0.0
20.083729
516.13257
63.643456
399.7887
0.0
2228.7534
0.0
0.0
4876.867
0.0
0.0
4929.499
457.3518
3485.623
190.89465
0.0
0.0
3699.001
7173.5254
4643.172
7650.2715
50.971603
129.40405
0.0
1862.6735
8560.759
2723.7444
145.48073
4447.7764
3.1825492
0.0
4351.0156
3038.247
7045.671
3872.5137
0.0
0.0
0.0
0.0
43.430923
1319.6836
0.0
0.0
2514.1116
1509.3967
4236.5303
10.499827
0.0
0.0
42.071198
124.04433
5502.676
0.0
0.0
4198.907
9144.119
645.20483
440.66998
96.17007
1292.9922
0.0
2589.5525
3030.0845
0.0
392.17285
19.876114
0.0
0.0
852.83264
397.40576
662.36176
9300.823
0.0
0.0
2074.6934
651.6029
2772.7314
0.0
0.0
11469.281
5477.574
2832.768
0.0
2448.895
0.0
5545.3457
7857.676
0.0
0.0
0.0
8039.73
0.0
0.0
0.0
8226.557
2371.9263
73.97638
0.0
3412.1753
0.0
80.21445
2921.9885
0.0
0.0
28.360138
430.40808
0.0
7066.6196
3661.337
3345.6294
1851.149
5906.841
51.67263
5027.168
11476.16
432.6072
19.96822
1571.0363
0.0
0.0
4313.529
11475.119
2905.5105
2487.9087
0.0
3346.4414
3875.493
0.0
4536.17
2273.9841
1213.1277
2195.9688
0.0
0.0
717.60754
2844.2173
5184.949
0.0
3977.57
0.0
2567.8103
1138.3732
11487.189
1622.7177
57.08901
0.0
0.0
76.47716
7291.913
4509.8794
8333.49
0.0
268.01587
1227.3071
6391.0547
0.0
5903.8516
6277.9546
0.0
3.909501
14.535952
5102.959
7187.574
1644.8611
6680.557
6171.8604
1230.686
958.7639
0.0
0.0
16.61325
635.68286
20.153625
2432.384
0.0
6535.3086
3056.4912
1151.8658
4348.0195
0.0
3820.2722
0.0
2045.835
0.0
0.0
451.47745
2346.82
0.0
0.0
5915.466
1555.1421
2466.272
2662.0444
0.0
5443.541
0.0
2249.4307
193.72552
44.90341
779.19836
0.0
1631.4705
3231.8293
4931.273
217.2062
2330.114
1379.1013
7247.4844
3765.398
2040.8549
0.0
3421.0942
969.652
3550.8657
215.55493
1831.2745
9348.785
69.56023
948.69684
5281.2314
3559.6792
0.0
6886.838
5596.623
141.32484
2942.8196
109.86682
161.03452
2209.8923
0.0
5701.992
0.0
0.0
2265.2292
173.65576
0.0
4698.1978
7349.2236
4830.7397
0.0
0.0
18.820286
0.0
1618.395
277.6496
1952.6357
0.0
62.223213
0.0
0.0
70.95245
0.0
1596.6467
0.0
1733.6116
0.0
9044.605
2229.3677
2550.3386
0.0
171.49352
714.6743
0.0
2655.204
9636.683
2524.823
7264.446
124.67673
74.614914
1815.7273
5105.0645
42.457233
8.784115
1155.4803
8310.831
0.0
0.0
1637.7095
1219.9172
2932.5142
0.0
17.233755
0.0
1210.838
27.787682
2261.5903
3463.445
5321.934
4237.121
1305.0306
4721.0825
0.0
119.276764
7724.7324
2412.2166
2992.9226
4470.03
3612.8472
4004.0454
0.0
974.7453
657.1935
9000.269
3516.121
3292.77
32.732952
873.0492
183.95117
748.9289
1008.17316
1649.4905
36.55044
7414.329
5233.459
3441.7139
1672.3671
0.0
0.39377868
3497.8108
133.86845
12.142048
1766.4552
2874.2573
0.0
3495.265
4592.1865
3656.9595
102.75954
0.0
5610.387
78.18478
0.0
1549.7186
217.88622
0.0
6165.196
0.0
0.0
5791.9243
4686.5312
3435.2998
2380.5625
7774.1465
0.0
0.0
0.0
0.0
2003.4121
122.134766
0.0
11471.508
130.0386
5936.3354
0.0
11417.122
1345.227
5212.577
1774.614
6957.8613
4407.7183
3322.2302
6538.255
4106.448
2069.8745
2515.7192
1664.5859
0.0
3406.2483
2452.134
5.2067766
1964.7424
2430.5586
0.0
7062.9746
6094.7754
94.89162
3140.675
100.877594
0.0
6579.3
0.0
1236.6196
2507.198
0.0
3017.1003
1548.561
3669.5586
8390.974
0.0
1673.1277
47.377888
16.51434
0.0
0.0
2422.5137
0.0
2302.795
489.9684
9060.003
1272.1226
0.0
3217.7002
3958.6245
5979.0654
11463.426
7046.4307
0.0
161.6445
3681.272
5659.593
4553.6895
61.543823
4391.2637
6679.5884
2749.3865
3482.9624
5743.108
11452.399
215.64687
3438.2822
7218.7373
57.80184
4304.9014
3295.0122
0.0
11457.994
0.0
1250.0217
3735.3318
0.0
4484.828
3264.353
1299.8269
1882.7644
644.0711
10472.853
87.08429
1443.9567
5867.834
0.0
1446.927
2859.6243
5274.873
1097.3525
301.3017
0.0
676.8563
43.955482
6401.4106
1175.3741
0.0
135.09203
633.8904
5705.169
980.44885
432.21274
2026.0394
3548.0327
4946.832
0.0
4507.3687
1441.8835
4475.668
1024.9292
3341.9468
147.3879
2611.1252
0.0
0.0
2757.1003
1267.7097
3222.236
4742.012
0.0
0.0
577.51245
3702.4873
0.0
9498.14
559.4248
8582.517
2196.5552
3523.278
0.0
4863.0396
406.5777
99.064766
0.0
2677.3723
689.20905
0.0
11480.145
769.8649
5593.8945
470.19135
4714.7197
0.0
1882.0378
2027.8762
1141.5051
2618.3306
3007.5737
0.0
2877.923
3390.1826
1664.6562
6309.808
2109.3447
2092.0806
5726.9937
11476.893
1650.9332
868.7069
16.886314
2629.2395
683.1356
0.0
0.0
46.45319
2617.9146
446.65967
2097.5972
0.0
1846.688
0.0
6244.9834
1246.7197
0.0
8775.137
2435.3098
1049.5238
0.0
6428.11
4030.4524
3828.4644
2101.188
5466.664
101.79353
0.0
3760.0989
1889.1191
0.0
3147.58
196.36012
145.98453
1713.6691
3044.1504
1436.838
6782.0825
0.0
0.0
0.0
0.0
1460.9077
2268.762
4209.905
0.0
2872.4082
169.42883
6637.012
0.0
0.0
14.662942
461.34537
108.4144
194.26617
1523.1804
230.365
28.743488
29.551981
488.04987
709.88135
1239.3875
0.0
3845.9155
2693.3945
1209.1069
465.73907
6553.0645
1650.4117
816.1395
3423.0337
301.89398
4880.0234
1938.7031
3980.7715
3899.521
2562.6997
6071.548
0.0
0.0
1793.3154
4025.481
5083.069
3636.1804
0.0
695.1094
3049.4304
101.6337
0.0
912.9713
2913.5679
526.92334
0.0
100.46997
0.0
3233.9805
8339.1875
417.8621
7250.657
2062.7522
4357.294
26.811218
3108.1973
3474.9697
2057.0828
0.0
1572.707
0.0
0.0
0.0
0.0
0.0
1526.5562
10.111778
0.0
421.48102
0.0
3793.5376
2529.4504
2197.9202
3500.17
160.9955
10.705231
1281.1257
10328.014
2632.3364
3731.558
2351.5454
5337.245
0.0
3170.781
185.4766
0.0
0.0
9827.203
0.0
1156.5594
30.138077
0.0
896.0775
1804.0422
5754.5273
0.0
1160.3585
0.0
766.4596
0.0
1501.9377
10081.509
2806.1257
5472.9272
435.08868
72.51762
2.4743636
7348.799
264.58804
1250.7217
10921.338
4.726759
4854.0845
496.07498
0.0
6.151865
2885.8872
3344.0
1213.3497
115.4586
3528.8018
0.0
53.91707
5045.8257
0.0
4727.8433
2782.5713
0.0
5645.4243
5841.9736
4548.868
0.0
3616.0225
0.0
0.0
2847.0798
16.827662
11466.412
962.2975
1589.8049
0.0
2806.5806
0.0
57.526524
6683.033
8876.542
0.0
5835.9473
1748.5627
2851.28
0.0
375.53253
1215.2084
2957.6628
0.0
1176.4514
4066.3682
1812.8762
1176.2699
0.0
26.546188
422.5296
13.065371
59.27352
4892.126
2064.3718
0.0
0.0
0.0
3557.5889
1658.6082
521.063
220.80011
286.90033
2819.416
1206.7947
2334.9927
5173.835
0.0
316.43994
965.6526
0.0
1994.9185
2625.1445
3748.1602
0.0
2207.4673
8370.17
0.0
2491.7327
0.0
0.0
2413.0889
4703.656
352.3594
0.0
11460.959
877.2339
3291.9907
2580.3535
1081.6742
2763.382
11323.121
0.0
758.40515
3135.0742
0.0
0.0
0.0
72.88022
103.67775
0.0
2739.3936
3783.0198
19.866295
183.00604
5711.8535
1940.206
0.0
11459.815
3943.5342
0.0
3134.5864
0.0
0.0
3326.8792
15.411211
77.28657
293.80493
3941.5942
3118.2642
1796.4102
2884.6033
0.0
2009.1138
2639.524
97.2332
2615.4092
0.0
0.0
3024.8613
112.79589
11194.035
0.0
37.85193
1775.7781
2538.2305
4805.796
3125.0908
0.0
78.59804
0.0
0.0
0.0
3495.6292
3048.1084
162.51517
592.36694
5105.8994
1824.2827
70.661575
0.0
3198.6304
18.836035
5538.459
15.593065
3467.907
3396.1436
3.0594122
0.0
7297.964
1542.4646
1625.3652
3707.2144
3962.561
0.0
0.0
3200.9617
0.0
0.0
31.786697
74.10051
5703.4688
0.0
5026.836
9630.579
0.0
0.0
3092.601
0.0
6380.3926
2891.7217
3563.9966
4289.5063
5078.128
0.0
5163.0933
2098.4167
3831.3794
1450.2039
0.0
0.0
4439.95
0.0
1489.1987
0.0
88.11445
0.0
827.47485
0.0
362.15997
49.2662
4575.171
7652.5947
886.5594
3861.0093
2908.4355
40.855785
3608.2083
0.0
5947.103
0.0
3278.5632
245.06052
4887.5835
0.0
0.0
316.77072
3456.7568
27.067032
0.0
3348.754
0.0
73.80028
2695.6816
3228.2676
1394.4565
1849.7717
6192.5625
4477.625
6490.6865
3866.81
180.8939
4564.4653
0.0
0.0
0.0
0.0
3598.064
608.3749
0.0
0.0
3447.5679
6194.7207
11473.662
1332.3328
4932.064
4112.199
2872.3748
0.0
2540.4756
618.6558
4083.4976
7908.672
0.0
1441.0227
3872.313
34.67635
54.100723
0.0
606.85284
131.77194
2338.255
2908.6118
10924.903
0.0
5819.7
184.34674
2372.3235
4208.34
1204.3236
1715.2161
6301.257
74.83124
4898.9883
114.95654
0.0
0.0
4675.934
6965.381
3275.3303
763.97955
5285.331
712.65796
52.16253
9338.373
2728.9548
3386.9001
0.0
889.703
2818.2915
1009.3102
4064.7844
2128.8809
0.0
46.593227
44.77308
2586.5872
5488.342
7335.6885
856.91693
861.7811
1966.5828
2971.3594
540.6278
5428.651
2254.2805
4619.8247
0.0
0.0
7.856243
0.0
8359.155
564.7372
3061.7754
0.0
0.0
0.0
0.0
0.0
3427.234
3437.0366
1855.326
2303.746
704.25354
2859.1597
3738.6565
8081.4883
49.899582
0.0
1277.5203
1101.9128
4508.301
0.0
83.868126
1104.5579
1155.2324
1893.1086
0.0
1009.66516
2957.4775
4039.71
2128.5735
3322.8936
8416.484
1448.128
2147.524
0.0
2129.7273
0.0
747.7104
3764.7031
621.0764
2573.666
2827.408
1629.0339
816.892
0.0
0.0
117.63101
2063.5835
0.0
0.0
1955.0847
3994.482
0.0
0.0
5983.9727
3813.2625
1961.0569
679.0115
203.41246
0.0
6701.601
39.521236
4394.342
2364.7668
0.0
0.0
4066.2483
7612.643
0.0
0.0
3431.232
99.50628
5777.1636
2067.6157
667.9253
6157.238
1171.8088
517.3723
2348.2964
0.0
7267.7456
744.7949
0.0
2701.0862
0.0
47.646904
4677.805
1272.4949
2394.4053
4634.8022
0.0
3048.939
6346.1763
4894.4883
4983.6494
11470.367
4926.972
1617.6768
2529.0178
4763.569
0.0
4306.9253
0.0
1801.1167
6036.1436
1351.1118
0.0
1607.6858
1255.1602
2929.2036
2875.1543
65.78061
3800.2866
2545.0334
1919.8329
5828.698
4022.6694
0.0
799.0125
1421.1488
0.0
113.89929
2636.6423
6630.657
0.0
7980.8916
0.0
5564.174
1976.5823
3347.36
3861.6367
3201.2622
4366.2334
3376.5293
0.0
3028.213
0.0
0.0
60.886482
6.9155593
0.0
2256.2102
87.173164
1755.303
0.0
120.695915
2313.1917
1829.9928
1620.8331
0.0
1218.2262
1538.3523
0.0
4247.049
2702.4207
2507.968
15.09186
1862.1486
0.0
483.47333
2392.5142
4062.6704
179.50975
11484.062
590.98816
0.0
0.0
38.327362
162.26831
3513.1216
0.0
1603.5896
1207.1045
1286.4564
2989.2397
1836.5808
0.0
1033.3049
0.0
3365.3816
3342.4717
10.1512375
5664.954
0.0
2110.4563
0.0
2411.9932
20.69521
0.0
0.0
4563.9434
0.0
3170.919
0.0
35.644684
62.55895
1484.852
9022.016
2879.043
6393.5664
1144.6146
11478.871
96.69968
206.74257
2632.0781
0.0
3130.8435
0.0
3547.143
0.0
0.0
2834.978
329.83203
0.0
10627.205
0.0
5002.3433
3814.832
0.0
607.6327
2620.1816
56.18197
65.85414
0.0
2518.6633
0.0
6171.5166
4593.121
25.233448
1717.5051
0.0
680.8639
0.0
0.0
4936.6177
1115.1465
0.0
155.11151
2048.8442
0.0
0.0
4468.133
655.994
0.0
1038.4075
9239.986
1803.6035
1269.1506
2483.8855
152.6183
1741.554
1783.0625
0.0
0.0
3611.8113
4013.37
8494.162
0.0
1166.8657
6505.12
0.0
926.4695
6466.6406
669.53186
0.0
2076.292
1845.8757
0.0
8561.17
0.0
7907.166
384.38434
4326.926
1543.1108
12.869362
1855.8911
9843.303
2387.8901
2044.5364
2565.7144
3379.5083
1438.1854
2823.4385
0.0
4053.2505
1037.8755
861.31995
0.0
0.0
2844.7754
0.0
969.99207
423.29016
136.41164
0.0
174.14944
9107.587
3475.6846
5364.1465
2779.6267
0.0
0.0
1844.6329
1541.7822
51.581345
2050.7437
0.0
4912.485
0.0
5716.4155
160.78616
0.0
19.49207
17.346764
2917.9204
14.296876
4640.124
2936.3403
6550.5967
0.0
2210.0479
905.63196
2138.4045
4615.6934
1241.5214
102.66081
2687.2466
0.0
0.0
2580.0222
9424.341
0.0
3302.1584
0.0
1412.5098
6412.0234
0.0
71.4984
0.0
8254.667
0.0
3897.2559
27.355362
2381.4526
237.29955
1385.6157
463.9562
443.6149
1337.7487
10961.979
2492.2017
7703.245
52.84699
5193.524
0.0
0.0
4745.886
29.361553
0.0
2225.8167
3349.3892
2433.412
2843.1768
164.61745
3516.942
11252.593
2919.045
11487.396
14.280364
5345.3286
3532.0107
11465.26
3916.3643
0.0
3251.982
181.60849
200.65579
4775.502
11468.747
0.0
1695.3989
8.600215
2905.0605
56.7011
8187.705
226.198
6522.884
72.154816
2368.4023
1659.5405
695.7949
1042.8193
256.35126
5093.7173
10.522158
3356.7993
0.0
31.457237
5076.3545
3070.1448
0.0
0.0
5400.2915
0.0
3334.5833
0.0
1529.655
22.809631
0.0
2837.6462
5679.6797
3567.7046
0.0
24.112751
0.0
3659.8784
125.01794
152.18402
0.0
0.0
9862.867
3122.3672
202.12976
0.0
2220.826
2538.9746
993.00024
1871.0083
4329.2007
5463.7803
0.0
0.0
0.19431108
0.0
0.0
99.811714
1035.7924
0.0
539.23206
1609.3618
403.25226
2772.398
760.13153
2738.8853
0.0
6582.2295
0.0
2955.246
261.97562
3877.7039
8109.0117
2096.0251
2612.8438
2150.2712
0.0
7790.631
0.0
95.73751
11469.567
2807.348
3327.8877
512.3476
5583.792
5724.4263
22.91557
0.0
0.0
0.0
0.0
7062.2476
0.0
5428.14
0.0
53.95224
0.0
0.0
7.7592344
1959.6714
5535.5757
0.0
151.59482
5178.895
4451.3003
0.0
2925.004
176.92517
1774.4756
876.5664
2504.6619
0.0
1794.3627
3957.4531
3179.1401
9364.949
4701.424
0.0
1508.4998
2787.9702
882.995
3.346263
6124.95
11.558585
550.18396
6914.9272
2797.6162
3794.8203
4991.0396
3211.6914
145.8046
461.2765
5199.354
0.0
2802.876
6203.492
2641.7866
3935.5554
0.0
590.25745
0.0
0.0
3607.1367
0.0
0.0
0.0
5131.7314
0.0
1954.1782
4378.0186
0.0
8525.489
5364.7354
2976.038
6.0507083
48.033882
5701.25
2158.7568
0.0
1864.2288
3308.5977
7940.1895
4907.3604
69.7873
0.0
3469.3364
726.4493
2106.5515
2734.7441
7802.459
89.781494
0.0
139.95766
7969.7993
27.206295
4134.157
0.0
798.8796
0.0
4140.083
5645.045
0.0
11476.503
163.51588
131.11913
1563.2532
16.387285
0.0
186.24597
1703.1174
9930.141
3333.906
1064.5696
3061.1196
5609.5264
79.15613
0.0
283.7261
0.0
27.427286
133.87848
11457.781
154.79291
2324.9426
611.9512
0.0
0.0
2412.4453
3185.8516
3272.2085
3463.2378
0.0
6936.369
0.0
1.3497612
5325.4424
794.8779
1349.4122
366.64587
3204.7964
2504.7756
0.0
0.0
37.44571
2375.5378
5554.374
5892.085
4316.318
1415.2252
3621.4292
1083.1703
1113.2788
0.0
1528.3093
4991.56
146.59872
5136.736
1241.6492
3776.8618
2850.069
5949.674
991.4447
11473.06
0.0
8952.925
1110.9915
5452.462
2107.3247
11470.573
0.0
1526.8394
2630.5537
1585.3533
1095.9286
0.0
4053.9707
0.0
937.1451
2848.626
1464.9246
2887.3472
0.0
1.5401204
382.60318
6342.2363
0.0
122.9213
899.18
1468.1027
2320.0454
4079.8071
77.50278
436.6391
1285.8702
2618.7876
0.0
362.38116
0.0
1907.6914
7660.5273
630.6746
11477.89
42.605495
0.0
3371.9001
1996.7068
5944.74
8905.236
0.0
3735.9429
3688.1443
3032.37
107.691666
6959.1816
935.2824
0.0
2523.9004
0.0
4406.302
4606.715
106.022156
1866.3324
0.0
4422.8506
3913.7642
6435.8076
1173.593
0.0
4481.04
1105.8024
1920.404
283.4465
2715.8284
128.26537
961.0228
4581.4883
3723.6382
25.742237
3247.5562
11465.6045
4.5332513
0.0
5070.9956
0.0
30.415604
0.0
11.87698
3444.027
1529.1902
1070.528
739.2009
171.24286
2296.452
2545.995
67.17433
0.0
0.0
2382.4033
2633.4604
4418.8506
1974.3594
684.03436
188.56088
2064.48
2778.913
2968.0972
11.002253
2620.887
294.7058
3563.0232
0.0
4914.744
601.9742
1502.4741
3245.8445
2005.5507
2013.335
394.55548
3079.9639
43.258743
85.6632
4876.405
0.0
5028.696
0.0
3370.1182
3028.2852
1098.4987
230.05344
8188.9214
4283.1465
93.56325
620.98865
0.0
2050.6123
1313.0647
0.0
5638.533
0.0
0.0
2498.2336
246.53073
3702.5
0.0
384.50073
4442.8516
2137.4153
2041.726
2170.5833
129.07716
8434.108
7278.085
1974.592
1466.0117
4591.3975
3358.3188
6648.9385
96.267914
1701.0076
937.17236
0.0
6257.7617
3485.9473
110.902725
3309.872
0.0
3921.2996
0.0
996.74255
0.0
644.17267
458.56628
0.0
0.0
0.0
0.0
3627.1055
97.49011
1990.5394
204.71584
3886.913
0.0
52.80705
4482.9204
2676.008
181.33047
4087.9507
8352.338
4406.203
0.0
1329.3671
8372.436
0.0
189.77469
43.02558
3033.2803
3366.1445
0.0
3647.308
10426.833
6421.4033
1782.1726
0.0
0.0
1972.4642
11453.366
2974.6206
2085.3254
1653.8113
0.0
0.0
1673.3821
9943.041
2088.0366
3289.2822
0.0
0.0
2997.476
0.0
142.67451
4676.977
4949.5615
5625.9546
6378.789
0.0
9197.053
1369.178
1842.1184
819.24585
5154.497
0.0
9762.387
1419.5966
8246.232
2144.4473
1595.8878
270.40588
297.92404
8119.476
1845.5012
0.0
5199.7393
0.0
4955.8516
131.11237
2981.4382
728.3706
0.0
2005.1846
2549.2085
1274.5862
21.7235
983.46643
40.771263
3020.171
4176.191
75.80186
3593.3848
4557.268
0.0
0.0
0.0
5582.723
2133.1106
0.0
7550.429
5027.038
0.0
62.602585
722.1374
80.95389
60.305134
0.0
3958.0874
0.0
154.79741
3395.2927
11474.76
0.0
4948.4365
144.15831
3434.4883
0.0
0.0
1713.4192
790.9729
1028.4692
819.17444
3083.618
9080.871
0.0
4701.8887
3340.803
5165.579
34.914665
43.383907
11388.053
74.16519
2972.1868
4358.005
0.0
43.871006
11491.291
2626.3872
10085.417
0.0
0.0
5564.7983
117.60167
142.7886
89.2443
3111.2651
0.0
4774.963
0.0
0.0
0.0
42.763317
0.0
165.29683
0.0
0.0
3037.7156
4220.645
3147.9492
3.369461
1153.2471
3021.7327
382.2048
0.0
4962.9614
0.0
2920.2341
143.97183
8170.5103
5475.647
2947.562
2162.6333
1515.4358
8116.087
804.29407
0.0
3547.6516
2504.7703
4603.516
936.48804
28.107885
16.582792
3061.733
11472.395
559.5274
9464.574
0.0
2373.496
5169.0938
3683.6448
2859.8643
604.99274
3557.0156
5566.5264
2647.8484
11477.083
177.38808
0.0
0.0
0.0
0.0
3461.9915
29.327785
3243.3162
2395.8352
8537.644
2125.4055
2348.9585
3245.8262
0.0
4244.4707
0.0
4993.7007
5429.3135
1916.0496
0.0
0.0
4331.2705
4547.774
0.0
3469.0894
2296.9075
0.0
29.638216
2772.8499
148.22421
5366.3
0.0
5581.365
98.16847
0.0
1241.3375
1548.9795
0.0
3038.7178
4624.7847
0.0
2899.8508
8250.634
2917.9753
5192.344
5365.8696
833.57513
393.08865
5411.716
4376.745
2640.494
123.301186
3889.728
236.13641
1235.8212
982.8689
0.0
713.92334
0.0
30.441525
6169.941
1654.7678
5225.021
1437.5022
56.069725
5191.257
0.0
2174.0186
3448.8774
0.0
5376.1616
1099.3177
66.70061
2841.8608
213.3989
4082.4783
1871.9794
0.0
5651.941
442.11197
850.58875
29.545101
2342.3047
0.0
120.91142
0.0
3950.4326
0.0
0.0
0.13346529
1866.7905
1879.0605
0.0
3747.8096
4852.8423
0.0
1112.6256
98.274475
937.04974
2853.0957
1741.3123
262.33316
2882.1152
1436.9589
3317.6204
127.41838
0.0
103.89415
0.0
2369.851
794.04724
3345.1877
0.0
7462.541
0.0
0.0
0.0
834.5266
3792.435
2894.4734
0.0
4414.857
5796.6865
138.37933
0.0
0.0
7254.5576
2077.4143
0.0
0.0
6607.741
4322.091
118.9626
4780.3394
1224.11
0.0
2219.294
55.80237
14.414158
4955.7637
3045.4197
0.0
0.5668731
163.36124
0.0
1414.4661
6264.844
0.0
3880.7136
0.0
225.82874
149.38416
187.17766
4886.293
1056.5824
604.0178
2952.531
3385.464
3182.4534
3218.088
1456.7529
0.0
11417.51
0.0
359.29688
852.63434
0.0
1534.8013
0.0
0.0
3291.0771
0.0
106.00345
0.0
1171.4961
1264.0272
0.0
520.3207
1997.5265
4944.9536
0.0
0.0
2042.4734
0.0
5398.9214
3178.6484
0.0
5666.4106
278.00708
2856.2217
4836.93
2371.6914
2170.2852
0.0
64.43748
5091.9175
512.31946
1000.511
0.0
4053.0903
3568.2173
0.0
164.07335
4868.2656
0.0
78.98835
0.0
0.0
2904.1592
2265.7834
8729.534
0.0
3517.4702
36.633778
0.0
4759.952
3838.5688
37.947792
2228.253
0.0
10862.39
0.0
2847.876
1317.0127
3193.2256
3868.7317
1791.9899
20.882565
0.0
80.09844
3638.3628
0.0
6259.5654
2348.3286
10849.548
2074.6807
963.9575
1712.4397
2023.0862
11480.213
0.0
0.0
848.8461
0.0
2404.7734
0.0
6213.959
0.0
0.0
382.60138
5021.7354
931.5699
3857.793
3466.414
0.0
144.70317
2966.371
1.4527402
0.0
0.0
1614.596
2570.1716
0.0
0.0
0.9021435
0.0
6986.996
2689.8066
0.0
525.12006
0.0
5.4681563
67.50046
873.7816
0.0
0.0
26.119987
0.0
22.022034
1848.7205
4654.908
6067.4854
0.0
2971.659
3588.629
8273.078
8.693527
0.0
695.7497
9493.243
0.0
33.96473
0.0
7188.466
3232.1162
0.0
6135.1143
2189.3494
0.0
11480.662
4190.0967
0.0
0.0
1089.9717
0.0
73.9963
3955.4663
0.0
3045.5955
1543.0664
4609.5234
0.0
84.79894
4295.009
6291.718
104.445206
4505.3384
1209.6951
2462.0537
0.0
0.0
2655.2844
190.89395
0.0
6083.804
780.4078
3722.4648
0.0
0.0
0.0
0.0
4119.023
0.0
1291.9741
4447.2246
94.61487
0.0
0.0
0.0
3416.056
1859.3455
1420.5203
1818.3114
0.0
938.52576
4993.806
3.9603205
5133.486
6434.236
0.0
0.0
0.0
0.0
0.0
0.0
1328.0172
6745.58
5783.5723
8256.385
855.7154
1678.7513
2006.3617
5874.176
38.07078
11468.282
6066.3984
0.0
4467.3076
9028.134
0.0
0.0
0.0
8178.2607
2775.29
6677.7305
406.36182
1245.4048
213.28818
2828.7927
1849.8921
0.0
5472.6904
9134.088
0.0
38.895912
10506.349
3894.2148
0.0
2494.7488
0.0
1504.7014
2028.8801
0.0
2995.0425
3365.7249
3545.9575
1747.3527
10715.443
20.73908
2349.8127
0.0
930.82996
3.7521667
134.43384
4062.8503
3607.4902
1712.627
0.0
173.74727
0.0
233.85016
2998.3916
0.0
5671.9346
0.0
3307.9785
31.384733
1266.5262
0.0
66.487366
10318.051
643.29724
4528.1426
70.10787
0.0
764.51355
1562.2648
123.97127
540.52856
982.4373
0.0
0.0
0.0
6407.1406
4423.137
6359.0215
2727.7366
5711.7393
11.798677
0.0
6.385379
4421.0166
161.96175
1272.0148
10331.624
123.25021
967.19855
4278.9946
27.22607
1544.5518
5587.914
0.0
5177.083
0.0
2362.351
3181.0398
243.59741
3188.2021
4137.915
2661.5024
8057.8823
0.0
0.0
3138.0144
0.0
7973.2114
1357.8301
0.0
3266.21
1574.3673
0.0
0.0
66.25935
590.53796
3580.7039
237.13174
490.6333
0.0
234.59332
10802.051
1455.3569
121.76818
0.0
0.0
0.0
2960.0332
0.0
0.0
211.75247
0.0
1746.0044
5691.9937
3400.9038
3562.359
0.0
0.0
7881.3516
11462.109
1727.8599
3576.3105
0.0
3176.2673
0.0
11484.092
44.198338
0.0
10897.181
663.94855
5164.4106
0.0
0.0
1593.0122
3212.5603
88.504166
1303.9474
0.0
0.0
14.377773
3727.1328
4186.033
11475.643
2419.267
2182.6487
2278.1675
5781.4175
1394.6254
0.0
94.37057
0.0
9228.027
0.0
5883.1064
0.0
4074.5176
686.495
102.282585
14.398199
6067.5024
0.0
2216.85
4014.719
7029.8394
5857.3174
21.320831
1925.0569
0.0
4487.6045
0.0
0.0
105.258514
0.0
1375.8641
2403.6772
110.0491
3854.1284
1490.5863
3834.1128
0.0
11.909258
7781.3633
68.23357
0.0
4350.769
3285.3682
0.0
0.0
0.0
3878.0254
3824.7007
11469.351
1247.1891
1944.5281
0.0
0.0
8447.922
4169.3276
3284.4077
230.17523
763.6404
1130.0763
0.0
0.0
0.0
31.873764
3717.3208
76.26962
6975.17
0.0
0.0
1514.1511
3277.5312
0.0
5162.021
93.27448
3689.6677
3331.1382
0.0
1834.7959
3349.8665
1399.234
4269.9946
1928.7413
3192.54
866.43317
0.0
5309.4883
0.0
0.0
1683.4347
0.0
0.0
4876.324
8991.764
955.6259
0.0
0.0
2580.1665
87.13205
4686.8213
7375.611
212.4559
5467.2075
0.0
292.6206
0.0
3417.5942
0.0
1614.5049
149.66063
2584.4473
62.22206
300.90768
11476.352
3672.269
26.346445
2099.7197
2136.9622
6699.187
33.025074
0.0
48.367867
3049.046
0.0
1983.8362
212.87546
0.0
8057.17
2192.949
38.010796
7939.0938
0.0
5164.014
22.753551
0.0
3026.1694
1732.4375
0.0
52.58556
7286.929
46.438896
0.0
5087.278
1258.7764
0.0
1880.3386
3285.8008
5871.052
4002.8687
0.0
11465.963
1.532689
0.0
3318.391
2839.901
0.0
2777.4585
4786.398
2486.3452
11458.2295
0.0
0.0
7198.3584
1941.4834
2075.5298
11477.264
11483.172
0.0
2327.5076
0.0
3664.2563
49.514282
0.0
11472.72
3167.0098
4024.412
1916.1777
0.0
1167.5524
0.0
1159.155
0.0
0.0
0.0
3781.4087
40.577953
0.0
0.0
5580.298
6967.853
3317.037
4173.9326
0.0
128.63818
0.0
0.0
4763.542
3949.6294
4107.7656
26.849903
7254.5054
1389.7917
0.0
3740.5093
0.0
0.0
2875.7761
5822.771
0.0
3984.214
5933.573
179.859
630.55426
26.507006
1623.7583
8667.328
1871.3201
3532.5205
1886.7167
1634.5264
2876.5522
2813.505
5966.654
1852.7477
1664.2991
2280.6462
7827.0635
1989.19
183.19571
3464.3264
1341.2677
2725.4473
11461.689
0.0
0.0
367.8517
4197.5864
577.4027
9214.008
9002.983
39.923187
27.295609
1306.7765
954.2931
106.697556
646.7024
0.0
11476.37
190.46075
0.0
0.0
1918.4622
42.568558
0.0
3252.1494
0.0
2322.6724
11463.376
2057.7441
511.50275
121.54526
111.99881
3486.1606
25.335415
9364.227
0.0
5140.4434
2158.2046
0.0
3161.0244
0.0
11464.712
2210.549
3012.7673
2464.4744
0.0
0.0
616.8079
299.75043
3571.745
6861.954
0.0
9512.64
11465.487
2988.1436
6538.354
5459.778
2479.9346
2018.7277
98.518234
991.11743
0.0
2210.8157
23.976967
689.50366
0.0
9455.102
169.50447
26.317879
4472.808
778.32275
9827.508
975.1394
7998.625
11480.5
6165.7334
0.0
5048.5557
0.0
0.0
0.0
0.0
0.0
6750.0015
0.0
0.0
1120.6106
583.0713
1236.2697
2.1563432
0.0
3432.7825
4186.456
0.0
3339.1997
2445.0522
9331.965
30.189968
2025.5527
3848.7148
11481.019
4074.5813
0.0
6060.639
0.0
1451.0527
8933.877
1190.0404
1439.1646
11474.82
4892.044
0.0
158.54248
0.0
0.0
0.0
1423.0709
11459.903
4022.2388
0.0
0.0
0.0
124.98149
5475.5713
0.0
4086.1104
0.0
137.72563
0.0
9969.424
5517.698
0.0
4172.621
2156.7058
59.38175
0.0
4306.527
3506.4207
2643.1462
35.73219
0.0
0.0
3437.4019
1823.5173
0.0
0.0
11464.28
4256.7617
4650.8965
0.0
0.0
1632.325
1760.5657
548.94037
3218.8096
229.61258
3559.499
1491.0784
0.0
0.0
0.0
0.0
5883.8877
0.0
3029.4219
0.0
9691.344
4817.9717
189.1397
4609.481
3003.898
5263.4995
3661.003
464.84717
1899.133
168.08568
2776.8787
1297.0481
2326.7195
0.0
0.0
3480.8723
2308.121
1169.4517
0.0
8095.256
0.0
0.0
5518.831
169.3211
7.106837
5271.6973
0.0
21.330341
105.81649
0.0
1510.5823
5100.9326
2796.0806
2984.559
4973.1245
25.67339
0.0
0.0
3322.7856
0.0
0.0
4765.134
0.0
45.63906
0.0
47.58928
0.0
5801.5654
145.45201
0.0
0.0
2559.5576
3071.458
106.558525
0.0
9.35907
53.061428
9875.028
0.0
4076.8025
3836.622
1846.5471
18.688478
0.0
2010.4666
0.0
11473.58
4531.4287
2564.123
0.0
0.0
4583.2773
3075.4
169.43271
542.28973
0.0
0.0
1167.9797
0.0
3803.0933
8651.769
5765.2197
101.25194
91.32044
208.58824
4329.8604
3579.7583
3477.0762
0.0
0.0
0.0
1109.9119
0.0
0.0
10806.104
3259.5803
871.0255
8110.632
9568.956
33.849754
3379.0469
2907.855
0.0
0.0
8421.549
0.0
193.90599
6310.3984
5272.965
8557.954
0.0
2399.0513
66.92137
2980.3953
768.29504
1831.0842
0.0
2480.5112
0.0
7355.1562
6284.628
0.0
0.0
4428.688
207.87866
352.84018
22.477493
11461.042
376.22696
9431.814
1265.5237
2650.092
2280.247
2249.1252
1605.5713
66.347885
7168.006
0.0
1009.4103
709.8458
11484.119
8300.285
0.0
2948.5933
20.893469
11474.271
2817.378
4978.372
1731.4874
0.0
6680.7373
0.0
0.0
0.0
67.944496
2837.7004
0.0
198.41388
392.96802
3964.236
4882.729
1046.3759
3684.3823
1841.8308
0.0
4569.194
13.432285
0.0
60.00911
3247.5337
814.2998
380.25446
3175.0735
4236.3403
3830.5713
4735.1094
2848.9036
0.0
0.0
5379.5205
762.942
5201.793
1390.4471
87.274925
1541.1602
712.86316
62.03279
0.0
11389.086
1839.8416
2643.0852
0.0
53.752663
0.0
11478.215
2240.97
45.846024
4672.007
986.48706
55.064026
4536.5283
416.25275
250.86395
0.0
2214.3462
0.0
2186.252
5496.1045
0.0
11475.141
237.46826
1173.5804
995.1387
0.0
3971.3516
529.3685
0.0
1266.4917
40.536613
8562.354
0.0
567.4447
488.20123
917.1842
2344.5298
54.078453
0.0
89.97562
660.6165
568.2202
4.100008
944.3047
336.9237
98.44093
157.4827
0.23290253
1303.8633
0.0
3859.9995
1000.58966
0.0
1535.8591
164.92035
1727.0237
11478.966
0.0
3560.7097
11451.894
401.2273
11064.576
19.764677
1181.5193
2440.372
6327.0986
6364.466
2983.6838
1.6177981
3871.9492
4614.249
3989.662
0.0
0.0
1414.6803
0.0
4618.5923
874.0508
7.461904
0.0
0.0
0.0
0.0
1019.8672
1483.6047
0.0
0.0
0.0
7786.2705
0.0
854.4642
0.0
0.0
0.0
2848.342
241.4249
0.0
2691.9375
0.0
6096.459
3827.1663
164.6428
10628.689
1592.2236
7826.246
0.0
1201.6361
123.30853
46.321632
5353.9556
1510.637
2969.9724
10771.544
111.26859
4550.6846
410.63953
1328.4047
53.294487
0.0
1288.6653
3180.397
4019.5898
7726.504
7026.174
10404.006
303.7909
0.0
0.0
1463.203
2.8404675
0.0
20.149702
0.0
805.71814
154.22638
5228.6367
3027.0093
7444.532
115.10492
74.93994
432.47256
172.11127
3270.3687
1013.35614
0.0
86.603226
2980.9683
3338.2214
5969.3228
0.0
0.0
6157.0864
0.0
24.144491
11483.854
0.0
6346.421
0.0
1345.5115
0.0
14.77375
0.0
8210.478
693.40796
0.0
0.0
2694.499
185.04803
2497.0403
113.367966
1234.7808
0.0
0.0
0.0
1754.7827
0.0
13.592115
2820.4607
0.0
5180.1562
126.44432
5205.9517
350.0811
94.21569
0.0
2832.9204
234.58264
4003.2795
69.27895
6372.1445
0.0
33.246212
5000.1294
5115.2837
0.0
1735.626
117.65398
0.0
0.0
1639.9626
0.0
0.0
5173.3154
7121.041
3175.6123
3976.8132
0.0
0.0
2133.9507
0.0
17.48723
5711.176
0.0
6079.5796
3275.7988
0.0
236.99088
4048.7393
5526.4795
50.82341
0.0
0.0
1103.4792
0.0
0.0
2359.1174
1626.1217
0.0
3238.6091
0.0
9011.074
6665.9805
0.0
7018.6865
19.039782
1801.6991
120.40404
348.2948
0.0
63.953316
0.0
938.41986
3494.8965
4838.4526
185.41737
2920.0034
267.4203
3312.766
0.0
252.77615
9598.592
0.0
162.77878
0.0
10.686691
0.0
1538.2405
5505.7427
10437.693
11474.176
256.35052
0.0
5766.491
3267.1812
0.0
0.0
11471.616
6504.783
11458.711
7012.4053
246.01826
2922.5276
6978.4556
46.284744
1365.7195
2829.2441
0.0
2144.8496
0.0
11345.771
0.0
3554.9375
0.0
0.0
1446.244
11462.762
1436.6848
1906.2498
112.08736
11404.119
5736.342
0.0
3786.4546
0.0
0.0
2882.0928
0.0
5289.661
7103.487
1186.1838
3884.211
2708.1924
0.0
0.0
0.0
2856.9932
2350.087
4596.124
6433.039
472.85498
47.487408
1811.1173
0.0
539.3266
1600.1367
588.568
1366.0767
6878.5713
0.0
5602.0435
3955.8845
3726.6865
1020.83545
525.23553
0.0
2682.506
930.27844
336.77985
0.0
2.3252742
4792.1377
4343.099
8219.029
33.651134
559.29913
0.0
2283.0881
3663.5425
910.541
64.01085
7447.957
4248.551
0.0
23.052124
2088.734
0.0
145.00421
4443.2026
139.11665
5292.6904
0.0
10165.678
0.0
97.33009
625.08966
3858.1248
1913.2356
1528.9082
0.0
3037.3098
4735.959
2013.6196
120.300835
2026.395
5009.607
11.494843
0.0
5533.3857
1208.7439
3424.7139
2897.25
0.0
4710.2114
3640.77
2934.6953
0.0
0.0
0.0
0.0
0.0
3522.212
647.4507
5552.794
48.69224
0.0
2599.7852
0.0
0.0
78.03006
3592.1191
274.21997
11471.855
4807.074
0.0
397.76166
11467.234
3104.333
9253.136
0.0
1310.7631
122.56399
9287.643
5684.299
96.718094
2561.1643
1359.5381
200.71144
54.222687
0.0
3673.0828
0.0
5571.0327
40.661133
0.0
8.18318
56.95638
3367.487
0.0
2967.511
0.0
4047.923
5356.9272
25.362528
0.0
3749.4734
0.0
11472.754
1705.1226
282.66742
7281.84
11465.929
3874.8843
0.0
2960.2002
0.0
1099.987
1135.588
3420.9507
2492.657
5477.7217
7609.544
1744.9761
5653.384
132.41357
0.0
2957.3652
2909.6086
4633.1064
0.0
2027.3818
58.405525
3299.245
4665.088
450.84113
0.0
0.0
3974.6682
3348.9487
8886.354
138.8266
0.0
2687.3955
11481.689
67.196884
0.0
6554.214
0.0
9223.813
5722.2007
0.0
149.89246
0.0
0.0
0.0
0.0
0.0
0.0
6180.24
0.0
54.72142
779.7052
843.3499
7225.9775
0.0
2967.618
0.0
168.97069
3005.5186
0.0
334.55063
2061.361
6365.3975
0.0
122.87851
0.0
83.31159
5.8358355
5244.0933
3318.9834
0.0
9231.851
0.0
0.0
0.0
968.3927
0.0
3063.3032
3517.1553
9898.378
53.50598
0.0
1847.6155
11477.477
2005.4658
4276.9756
0.0
0.0
3348.9675
30.07391
1762.1948
1676.9412
215.20468
7035.7676
7803.67
6294.6475
0.0
69.99503
3887.7632
3155.5752
1640.4952
4900.931
44.253166
0.0
0.0
557.1996
0.0
3230.3525
5305.162
8.00981
6819.412
11460.2295
46.76705
2771.7056
4416.797
724.82574
1274.931
2682.5554
3809.8594
86.08182
1192.251
1339.9727
597.1645
2725.0142
4699.0776
145.15265
0.0
0.0
7947.7803
0.0
2352.6016
0.0
22.439053
167.87534
3381.0938
0.0
0.0
0.0
3578.0063
300.74084
33.75663
519.52026
0.0
8103.1035
1183.3273
10911.891
0.0
26.9333
2770.1755
2957.6821
0.0
1989.302
0.0
0.0
0.0
903.1201
1652.9819
0.0
0.0
0.0
0.0
2419.8306
31.30259
6128.717
5025.283
0.0
0.0
2538.1553
50.83983
0.0
4923.118
309.5631
0.0
993.0752
1065.842
3576.8662
0.0
49.382336
3184.1934
5510.5957
5.82711
104.09483
2018.719
0.0
18.023504
157.16466
0.0
0.0
0.0
0.0
0.0
2357.7087
1233.998
3488.5767
3356.4053
3221.5596
0.0
0.0
3100.8818
0.0
119.88966
0.0
3898.7012
2128.7847
0.0
1446.8029
2197.3647
5513.463
0.0
7936.2886
4813.3394
116.32117
0.0
5823.096
1242.1741
4113.4116
0.0
14.682863
41.863724
0.0
863.52704
77.28421
5462.788
2861.0962
2926.308
6.0576725
154.46568
0.0
60.37771
0.0
7060.592
5332.758
6014.7773
0.0
0.0
2956.729
56.726173
2859.37
0.0
0.0
554.3601
7696.374
2793.0234
2735.3772
4526.0366
2272.4875
3213.2817
2221.2373
1518.6824
0.0
6156.3447
7545.374
32.0858
0.0
3751.946
9484.591
6328.5254
1195.2513
435.75067
2285.2993
0.0
2995.8706
712.00836
458.01508
3419.7456
0.0
5330.1206
0.0
4486.44
7810.254
174.91803
5309.928
5512.211
2403.166
1003.9072
0.0
1508.01
0.0
0.0
1770.5261
7626.0103
5789.6514
4147.0947
1310.8674
178.98808
115.54669
0.0
1289.1067
8139.4106
10.755562
522.0206
93.21954
0.0
0.0
11466.62
0.0
35.106903
2735.9407
0.0
4471.3965
0.0
2155.104
8987.379
0.0
29.023895
0.0
1995.1912
0.0
0.0
3691.1504
1554.0326
1415.4553
5022.871
6010.759
5835.583
2333.135
1769.1146
0.0
4045.0422
795.556
1195.5587
42.167618
6705.12
1.9596752
2037.3448
0.0
1293.5918
4261.734
1553.9465
717.65204
16.311466
11477.038
0.0
1148.8612
75.834854
1070.6261
107.49013
15.188092
29.342157
0.0
3029.0034
3564.9993
3938.8706
908.4979
2840.618
4166.212
5377.266
1489.485
6603.1777
0.0
0.0
0.0
9160.288
7349.395
2780.8435
4494.937
4004.1611
7971.399
2808.3882
211.06973
2022.844
2899.8616
0.0
1734.8479
2544.5825
4947.317
5660.5547
1130.4941
56.200417
0.0
3342.3281
83.21315
5999.8154
0.0
3474.181
0.0
39.731697
0.0
11471.678
2466.528
5408.616
0.0
1219.3286
3801.857
1543.531
954.7993
0.0
1927.3171
6940.331
976.3845
62.153996
249.5888
703.4552
2095.4373
2363.5837
1572.6173
543.27466
0.0
1346.7014
3274.279
2460.31
84.18206
5634.0513
5114.558
2585.791
23.116985
120.58179
3262.107
4509.2056
0.0
2979.4712
150.37328
0.0
0.0
280.02155
3463.1199
5668.0625
44.419346
0.0
5914.6987
0.0
9174.056
0.0
1041.5392
805.2151
6603.124
635.6348
9.591794
2045.1909
0.0
4680.9775
0.0
0.0
0.0
4622.962
2694.1555
0.0
0.0
3207.2852
3394.6821
140.58087
305.68875
1069.0128
4221.052
0.0
1250.9434
125.405594
99.181526
11465.096
2710.5298
0.0
852.9147
5659.3076
138.6178
4248.7607
0.0
1.5552709
877.5741
917.3052
0.0
3865.689
792.1088
5381.99
0.0
5760.666
11483.344
1831.3867
3570.2822
8895.365
0.0
0.0
376.11
0.0
3389.4656
282.58466
0.0
50.1485
0.0
0.0
536.6719
0.0
5540.6255
8824.675
435.67145
2721.4604
6082.3223
1016.5917
80.54832
0.0
2919.0837
0.0
1082.6974
0.0
3078.3389
556.8827
7889.158
608.8958
3684.7554
7860.046
2957.3276
5155.1987
3564.1917
86.70284
0.0
4692.954
244.36623
122.58318
3615.0286
0.0
3244.6614
10486.512
81.196396
2756.7246
118.5423
1289.0717
0.0
2120.206
4557.5054
11486.836
0.0
6.235429
4813.451
7759.086
0.0
2628.5881
0.0
0.0
10.887945
1059.0417
710.04724
0.0
75.52689
1250.9248
0.0
4170.914
140.14568
63.857742
0.0
0.0
10.504224
3899.6475
693.2646
6161.5664
5792.2847
6321.6094
3493.495
0.20264602
720.0418
185.50099
28.13988
1892.3577
2631.03
1411.1777
15.697647
629.9435
2930.8926
503.73138
0.0
2220.3464
1306.9519
53.30049
157.05328
1928.0558
333.08444
2911.4602
0.0
11475.99
163.0778
39.51331
3165.3418
129.68
1329.7214
30.44236
1873.0814
0.0
0.0
239.45102
0.0
1796.0255
0.0
0.0
103.12723
436.24927
6695.039
2606.0923
8719.11
389.5067
5842.299
0.0
1710.8535
3607.7964
1400.6729
0.0
6587.9146
4978.227
177.16618
371.02094
122.72429
123.40619
0.0
1548.6921
5647.53
24.272018
0.0
0.0
3566.4526
1699.2942
7069.6533
0.0
3433.9868
0.0
7307.422
1596.5903
36.49343
2243.702
2886.2307
0.0
0.0
84.09546
2609.5664
4101.6533
7227.7197
0.0
2565.904
3750.1792
3232.4727
7563.281
10.573992
9933.83
51.767418
7985.244
8195.157
0.0
0.0
0.0
9222.915
19.019373
2667.7192
2759.6553
4454.653
2827.6511
3259.4097
0.0
3557.1248
2853.3337
3836.1353
2252.3066
0.0
4594.765
7080.867
1329.4487
4149.301
277.4539
38.43138
0.0
76.21981
2610.9385
3725.424
722.55774
5285.1177
0.0
0.0
0.0
2438.516
4208.694
3582.0005
27.563778
3.1753688
6817.717
131.29114
276.29855
131.09949
5107.9307
3558.291
4201.4927
3882.087
1767.2416
1291.6565
4091.8171
67.850044
3003.2444
1740.3762
468.09802
3709.4626
680.2909
0.0
88.47377
3628.4978
475.97656
3120.2192
3219.039
148.84555
3007.7576
3763.063
1021.84045
138.17892
11477.445
51.322037
2134.516
0.0
3822.5115
163.9843
2367.9749
0.0
2514.642
0.0
3624.2642
1898.8635
1392.3861
1979.7776
5499.8394
4008.518
0.0
3939.4346
0.0
70.60638
2489.8242
526.1764
20.304266
1063.954
7526.247
0.0
0.0
0.0
3429.8813
4710.115
470.9458
66.84952
0.0
53.682907
0.0
1381.7054
2948.6611
1540.1226
3683.9946
0.0
63.87358
5243.0034
0.0
11471.225
0.0
11456.008
1496.0571
11456.672
10291.844
5599.0864
4009.314
0.0
3928.877
2184.6926
1035.5598
2143.3652
4338.7
0.0
5940.921
7755.8457
6955.682
0.07228267
4299.5615
5512.3267
10134.863
7.793339
35.31705
0.0
1543.3777
2254.4575
3228.229
0.0
0.0
42.488964
3403.0442
141.78275
7160.969
155.60226
2277.93
11478.01
5058.177
146.84715
832.43933
4960.1675
2942.9478
4857.7183
1455.6768
0.0
7076.0176
0.0
0.0
2577.68
5265.213
1278.9418
0.0
3637.3987
3098.9683
2527.3628
9931.681
2296.53
0.0
132.5198
4871.347
25.113186
0.0
0.0
8801.514
87.59082
10.089546
0.0
6255.838
4599.621
3443.1123
194.12537
0.0
7025.9385
4919.9014
0.0
1541.4261
0.0
0.0
11478.315
0.0
6609.4907
0.0
3993.3865
3253.4717
3065.4836
5470.481
0.0
0.0
187.43607
0.0
618.923
2828.7214
1.2476377
9331.487
6449.0156
3223.8584
8319.311
1191.56
0.0
1203.1986
0.0
4445.2505
6566.288
72.238266
3066.5562
1503.1333
0.0
177.41296
5553.4277
214.8791
1764.3652
1742.5416
4643.755
1077.9849
0.0
2779.8423
2108.743
0.0
208.84906
8570.342
3573.9697
2252.1855
14.746851
1555.9629
623.7718
3482.2642
131.24371
1200.3594
3174.7197
2599.3804
5181.2993
0.0
1553.7552
1620.1255
3129.0225
574.88336
1205.7444
2677.9153
4959.6934
2890.6775
0.0
733.05347
2915.1611
3018.1685
0.0
7849.7563
10312.8125
1393.6056
4312.2173
84.34239
1308.4316
2395.4966
0.0
11467.211
4592.2163
74.684845
0.0
0.0
0.0
0.0
2.0535076
0.0
2611.425
7568.8584
215.12495
667.32043
0.0
1340.8418
0.0
8570.322
0.0
11478.992
2775.9683
700.96857
1709.519
1813.1382
6600.2065
1910.9293
0.0
0.0
5385.167
2792.2224
199.8299
2774.5117
11472.018
0.0
615.2715
10231.007
203.2529
2558.7134
4134.1025
119.55877
9837.656
1525.4043
3971.0913
0.0
5218.1235
0.0
4469.409
0.0
110.67073
3430.1565
1251.582
260.76505
5743.5
5903.792
0.0
5636.499
789.825
0.0
30.224503
574.55774
3122.4414
2855.4404
8316.186
2175.296
676.0976
3364.7368
1161.739
1055.053
4061.1133
0.0
7201.657
0.0
0.0
0.0
0.0
0.0
4415.952
120.04851
0.0
3338.5283
0.0
61.02061
1474.4872
0.481135
4266.1025
0.0
13.68965
10039.277
6360.965
0.0
11.721363
1938.937
4015.0105
664.0491
3598.2642
0.0
1026.8298
0.0
6570.753
0.0
1184.3069
6302.0986
0.0
35.562233
2678.7466
1891.8782
6753.597
2889.2065
28.527431
876.327
0.0
193.2328
0.0
430.1596
1346.2015
0.0
11475.012
0.0
11477.496
108.11014
4881.0938
214.9083
3732.1826
1673.19
8.284795
496.36188
11472.588
1122.2109
3936.3599
5886.426
0.0
0.0
5114.3823
2799.0146
1082.4639
6125.1685
7282.304
980.33594
174.99289
0.0
0.0
5282.7656
5.801808
0.0
2114.6611
0.0
9113.033
0.0
1905.3562
5486.293
2926.6367
3553.7861
883.39465
4489.134
7662.5054
5109.894
26.075544
0.0
2319.693
0.0
702.60516
0.0
1888.8821
0.0
3909.166
22.997784
1709.2825
908.11676
4849.9746
0.0
3515.5151
1589.6948
762.48755
833.7023
1677.094
9783.674
108.56847
3537.7295
0.0
3914.7925
58.635925
0.0
9045.523
1746.6016
0.0
0.0
0.0
0.0
3609.7842
0.0
4650.0913
11476.327
0.0
3512.5164
1913.4097
0.0
4715.1284
68.01639
0.0
5406.276
685.93396
902.4249
2827.0322
2856.0027
97.3707
0.0
73.41043
2950.3545
4216.2646
0.0
2637.858
5279.246
1285.7158
3547.951
4817.287
382.51837
0.0
5.5147014
2276.202
0.0
