0.0
264.87415
0.0
0.0
419.06467
3348.5266
998.3937
2400.7256
0.0
1422.9604
0.0
0.0
4067.1372
2510.7993
8678.433
0.0
0.0
0.0
2142.4067
3652.058
3992.0278
2983.6067
2428.302
2605.7556
0.0
696.70105
0.0
0.0
2116.792
3073.8032
3837.7886
1482.9181
0.0
992.43896
0.0
1626.2616
331.35577
5300.627
112859.17
4980.302
0.0
1516.1022
1103.071
3758.104
2128.7605
231.38934
0.0
0.0
0.0
2253.1777
6423.0195
72.14225
0.0
1030.8876
187.42651
2545.426
2733.0864
0.0
3204.0938
952.7988
17582.57
0.0
0.0
0.0
2102.1785
0.0
7898.4424
4530.329
1587.4072
659.6399
2846.415
1809.8538
1761.4949
14029.064
0.0
0.0
5351.8506
1090.0421
5885.275
1595.94
0.0
3945.4507
2177.4116
0.0
10186.298
0.0
0.0
2265.3994
0.0
0.0
1765.2516
14104.516
28468.162
0.0
0.0
8996.4795
0.0
1031.864
542.73157
694.9063
2502.804
3227.0818
7443.2666
1579.7761
1598.8816
0.0
3224.8389
3387.0112
581.23505
4177.242
0.0
0.0
0.0
2520.5657
3115.0432
0.0
3318.9277
16388.242
0.0
0.0
1918.6902
0.0
46823.594
0.0
2399.9348
0.0
0.0
31694.508
0.0
0.0
2119.1406
2610.3433
0.0
0.0
2051.0347
0.0
3055.9546
5814.169
0.0
0.0
3341.893
3528.7354
32594.963
9878.199
0.0
3885.125
0.0
4379.4473
0.0
3985.9956
2442.7842
2253.9585
2417.7822
0.0
14013.063
0.0
545.3869
0.0
0.0
0.0
0.0
0.0
1443.976
3237.024
0.0
3427.3267
4450.5547
2974.1523
0.0
3864.022
22522.639
0.0
3304.4624
0.0
2247.6436
15171.258
0.0
1625.1742
1451.2616
11076.698
0.0
0.0
18857.188
0.0
2054.2786
1852.0059
1082.8816
0.0
2393.874
0.0
0.0
4457.2783
1064.4274
6722.8154
3867.353
12392.549
2888.5518
2393.2036
3163.0525
2381.6348
1356.1459
0.0
0.0
4982.3037
0.0
0.0
6718.1445
0.0
1264.1002
0.0
1614.5485
5709.716
4696.792
0.0
0.0
0.0
0.0
0.0
1802.9182
0.0
0.0
0.0
0.0
1427.7721
5299.4395
1847.4546
5797.036
1313.9662
2558.639
8408.746
0.0
3102.8687
146.08342
79660.19
1577.491
4555.4556
0.0
3917.0334
0.0
0.0
1254.511
2757.9583
415.5484
2000.2344
0.0
8350.822
0.0
1608.8203
0.0
0.0
0.0
6492.3975
0.0
10516.018
1700.3003
0.0
0.0
6385.062
0.0
1126.9163
1290.4967
0.0
4643.129
29236.805
0.0
0.0
0.0
0.0
0.0
2585.8433
0.0
488.18872
8989.537
0.0
2510.2058
0.0
1348.8586
1198.4158
2865.0596
14480.977
0.0
706.12
2170.827
0.0
0.0
1910.0642
163614.11
601.23016
13885.35
16147.141
2300.6165
24364.07
0.0
6438.0146
261.4532
0.0
0.0
3731.358
0.0
10334.322
4286.1406
598.85596
2162.1636
8781.333
0.0
1233.2826
16810.412
1702.3457
1881.4907
0.0
0.0
0.0
0.0
1712.0526
2269.2896
6007.29
10358.516
16976.72
1279.5267
0.0
0.0
342.10056
752.47876
2593.589
1732.3601
0.0
694.711
1451.2598
1074.9323
0.0
1594.8912
0.0
0.0
1360.8783
0.0
3033.9666
9842.351
92755.375
2237.576
15299.471
772.2517
2826.1292
5941.1094
1217.6902
1453.2845
691.5782
4718.973
24168.035
0.0
0.0
1994.8242
0.0
3047.9028
0.0
1113.2273
2008.8303
0.0
1774.3452
6940.157
0.0
3861.3423
0.0
0.0
0.0
0.0
4320.7344
0.0
59.108627
4769.5693
0.0
1697.9431
0.0
15147.419
344.22458
4490.3726
0.0
1720.2134
134.86429
0.0
0.0
5078.8594
0.0
0.0
0.0
9916.87
785.3321
0.0
0.0
47188.758
0.0
0.0
0.0
0.0
0.0
7236.4644
2850.39
1624.8494
0.0
2101.234
1374.161
0.0
589.2487
0.0
0.0
7802.584
449.07098
0.0
11979.773
0.0
9407.953
0.0
1819.1904
12546.445
6696.378
3773.837
8210.87
0.0
1675.1221
16298.846
1793.9327
0.0
2835.4094
1389.4331
0.0
0.0
0.0
557.766
1235.1007
4940.7427
504.1244
7505.711
2154.434
1370.4149
1364.4465
615.8833
0.0
0.0
0.0
1357.9314
0.0
0.0
0.0
0.0
1599.4365
0.0
419.85486
3761.5818
0.0
3367.8994
0.0
1239.9955
4198.6533
3757.474
1411.7573
143.45117
0.0
6550.786
3097.166
11717.206
900.4282
0.0
0.0
9963.768
380.30347
0.0
0.0
3806.995
4593.6826
0.0
1520.971
0.0
1535.8213
2110.27
0.0
1895.0922
1481.4626
0.0
78.261826
5201.1167
974.5686
0.0
0.0
0.0
950.6499
1054.1761
1865.1775
1360.8425
0.0
4412.3506
0.0
2731.1865
1714.1589
1597.1156
117.01693
3374.0405
5345.7754
0.0
4595.7256
0.0
4988.9277
9745.168
414.97192
3113.566
10803.906
8710.542
0.0
0.0
0.0
1495.5135
2583.9673
0.0
18543.621
82270.31
7191.7354
1464.4083
1409.5315
3891.2974
33506.113
0.0
0.0
1151.4227
1456.8091
269.9007
24.801102
3749.1614
0.0
3038.3052
0.0
0.0
2835.7722
1959.5697
68200.266
0.0
0.0
0.0
4087.061
8873.994
2482.0625
0.0
2922.9705
0.0
0.0
2172.9739
0.0
39.990513
0.0
3084.8647
16519.129
3161.2288
1194.8351
0.0
6023.004
0.0
0.0
7617.588
0.0
13608.711
2891.2322
2068.3018
2227.5889
9720.026
0.0
3378.8306
4259.2935
0.0
0.0
1496.4209
1587.6975
4238.351
5350.292
0.0
0.0
582.39087
740.114
16684.332
2421.3176
16020.289
1956.563
9248.152
2414.8777
0.0
1734.243
0.0
0.0
3448.2666
1136.1123
25613.807
906.83496
2143.0352
1056.1198
9242.25
0.0
23887.87
5776.0576
0.0
6898.201
3797.3428
5450.5244
0.0
0.0
0.0
403.26556
0.0
2535.6187
0.0
0.0
604.8538
835.1937
0.0
0.0
0.0
0.0
5973.8325
563.6004
0.0
2769.612
2084.2402
2101.9714
736.74286
0.0
634.5707
10889.117
580.44806
0.0
0.0
7736.0425
7266.2383
0.0
619.4952
0.0
1029.5234
0.0
12185.541
2618.9941
1531.2505
77.01449
328.2345
653.8751
2152.7837
0.0
0.0
2713.3103
4835.028
1801.2761
2804.373
0.0
0.0
7506.854
995.4441
1595.7479
0.0
0.0
0.0
0.0
1607.8467
9718.253
0.0
1826.637
0.0
6325.391
0.0
2723.747
48744.055
0.0
3443.2354
0.0
2197.214
6779.497
3031.33
0.0
0.0
2376.5347
0.0
4191.403
3813.7988
0.0
0.0
0.0
486.32977
10289.238
46610.223
0.0
2549.3628
0.0
0.0
9270.766
5162.4785
4117.127
0.0
81953.42
3399.5325
0.0
2132.7732
0.0
6515.881
0.0
0.0
2502.877
92.99142
3053.2983
13251.243
8236.708
108.55442
8071.3525
982.7298
2964.0144
4901.383
1584.5122
0.0
150.72182
4217.3066
3772.2075
0.0
8237.589
0.0
1204.9824
3835.5227
1676.7393
3804.8232
0.0
0.0
0.0
3392.4272
0.0
44.097458
0.0
0.0
3011.288
5185.083
2930.747
5926.233
0.0
5268.254
181.48303
3686.933
5318.7363
0.0
1946.7246
4158.619
1342.3959
5981.533
765.5759
0.0
0.0
11459.134
427.21716
0.0
0.0
692.676
1813.7947
0.0
3370.2822
3519.352
0.0
2492.219
193.68991
2681.8196
2261.8552
6694.0176
2255.9248
0.0
1003.57666
14530.056
0.0
3533.6343
1856.5543
0.0
650.1312
2305.8882
0.0
1761.5371
3649.2693
0.0
0.0
173466.47
1731.2175
8433.157
6031.3687
53434.227
73.81378
1461.2516
1977.2749
0.0
3143.5947
1857.252
893.7345
4839.152
0.0
2152.6492
0.0
0.0
6348.6963
1421.2643
0.0
1129.4459
9155.709
3442.539
1645.4836
1578.626
8586.806
0.0
5181.827
582.08594
2241.5786
1389.412
10894.74
52476.805
0.0
3645.291
12775.843
4306.26
0.0
1073.6323
375.96777
2274.6775
1715.0989
2489.7708
0.0
294.199
2060.8066
2449.3345
10974.948
1955.1721
1527.6119
0.0
0.0
6349.925
1404.4227
0.0
0.0
0.0
3019.317
2185.2593
1376.4153
12912.809
13496.559
7606.7896
0.0
973.7739
0.0
800.38586
4254.3813
0.0
0.0
0.0
5710.1978
4086.0496
2895.406
2798.2004
0.0
0.0
3183.3213
13921.727
1941.5205
264.19968
0.0
8504.782
10033.049
11920.449
0.0
2422.857
0.0
85883.27
1762.013
0.0
56.340286
1165.0181
5096.284
2539.3418
1739.3441
5105.6396
528.9852
228.81927
1847.4792
3329.4636
2953.372
1521.2522
2170.948
0.0
3396.6875
4838.1836
0.0
2147.1875
5142.5996
5696.904
689.596
1532.1719
1364.8641
1372.5974
511.92078
5385.1787
9506.996
0.0
6113.4355
1386.3558
128288.59
0.0
0.0
0.0
1763.648
0.0
834.2771
5910.96
0.0
9352.415
0.0
3098.3406
3757.7402
0.0
0.0
0.0
2444.1904
2493.7058
0.0
5626.939
2783.6445
1314.5398
2854.0757
2276.1128
10802.498
1363.5325
0.0
5664.833
0.0
649.8119
913.9669
0.0
2442.0056
459.4497
834.4343
14761.988
0.0
8965.054
173562.02
0.0
0.0
6730.6016
3064.296
1920.013
0.0
0.0
3457.7673
5714.091
3164.3247
4353.611
0.0
16835.473
6419.403
0.0
0.0
0.0
8511.571
0.0
0.0
365.41943
1079.8826
407.35718
1718.2058
0.0
4175.2905
2327.205
11522.189
1586.6376
16962.031
0.0
1386.9081
4875.938
0.0
2286.5723
1504.2518
3248.8247
5562.8115
1380.2678
219.74469
1150.1652
13423.028
1812.6287
1179.005
4839.6934
3807.1729
0.0
1918.0239
0.0
7402.0776
5205.004
0.0
1255.5393
524.48517
11112.779
1900.5432
3974.3452
0.0
0.0
0.0
1557.534
8540.112
5889.6646
0.0
0.0
11881.133
78498.5
2426.866
3889.0122
7646.6924
32.66583
0.0
616.65076
0.0
0.0
0.0
885.86816
0.0
0.0
3955.6265
2597.5688
587.9791
10958.071
2215.644
2738.3323
3899.749
14775.26
7029.84
3243.2104
0.0
0.0
0.0
0.0
1887.4175
4369.978
0.0
2274.5232
0.0
1217.9187
51744.605
2547.9116
0.0
5690.836
0.0
0.0
0.0
1971.0646
5014.189
83105.75
0.0
18238.082
0.0
198.21329
575.9609
2885.977
14.4794655
13225.637
388.36713
2601.7666
2329.2354
8857.047
24376.926
0.0
3748.5664
815.7857
6765.54
0.0
830.1908
63.276413
0.0
0.0
0.0
5567.4307
0.0
837.08716
4342.166
6201.1064
22007.762
0.0
2477.607
2555.1362
0.0
11786.813
1157.0226
687.0377
301.26868
0.0
2694.1858
0.0
0.0
4608.605
1053.4847
302.87213
2316.6587
0.0
1432.2051
246.22885
0.0
0.0
3861.788
427.55328
1853.2461
0.0
0.0
0.0
1312.478
0.0
821.09296
358.42432
2444.917
3282.6401
1173.2832
993.54047
1852.4299
1900.1023
0.0
1410.4918
8459.726
2420.9995
8825.487
2418.4346
0.0
2947.5862
12041.988
7874.083
0.0
316.87683
0.0
0.0
0.0
3421.955
1802.5151
784.30316
0.0
0.0
4515.7134
2309.9907
34518.797
962.84973
0.0
3565.2808
2866.3066
5963.087
19788.502
2593.3494
2238.8154
4597.7363
301.8882
76670.49
0.0
7379.1323
0.0
0.0
67.77273
0.0
1556.0278
22868.807
0.0
2222.7905
7805.7666
2389.4219
5312.275
7428.255
1777.1929
0.0
4147.3843
0.0
0.0
3013.2068
10673.525
1886.7249
0.0
1271.5846
22198.143
1939.8264
1823.5452
0.0
2475.3208
2556.825
0.0
2851.6353
1078.3148
0.0
41380.555
13089.471
2737.8713
2112.8389
0.0
0.0
0.0
60.042553
4253.6597
0.0
1863.1082
2523.902
0.0
5856.2314
27.905115
6188.115
463.99847
2690.7915
0.0
3555.795
5815.666
1426.9656
0.0
0.0
0.0
2163.3298
0.0
6176.008
2396.415
0.0
939.46375
0.0
3122.046
1847.5112
3624.8118
2179.8904
426.229
6024.95
0.0
1462.5029
3379.462
2470.6416
9834.645
4350.9414
887.4779
1293.8215
0.0
1664.5558
4275.5537
1812.1125
0.0
0.0
4915.0923
6252.0566
786.96375
0.0
1584.5117
10250.221
17300.008
0.0
5202.237
126.51368
6918.258
77433.17
0.0
9556.103
286.5433
0.0
0.0
0.0
2423.5073
7791.6895
9899.87
483.09485
773.31305
4910.204
1124.8142
0.0
15360.549
3766.6763
0.0
0.0
167.85089
19083.379
0.0
1853.8794
0.0
2268.6526
989.1596
0.0
2323.3115
9146.372
1099.1057
1324.6226
2789.4966
0.0
283.0553
0.0
0.0
0.0
2068.9263
951.9474
12282.194
724.0519
350.84973
1704.3372
51647.63
5168.1167
2427.4285
1458.8364
0.0
3164.231
286.44684
0.0
109.089775
4135.1465
618.3596
19637.994
2985.2795
0.0
173459.1
2031.8848
697.3582
0.0
1446.3219
2774.4143
15388.432
0.0
0.0
4870.8594
0.0
2120.6135
936.8672
4244.0674
0.0
1206.1755
0.0
1724.0762
3824.0671
17824.426
23894.416
0.0
2144.4055
2141.18
240.68889
0.0
4272.9854
1437.8367
0.0
2211.7024
0.0
5364.256
4171.528
15978.325
0.0
2549.528
0.0
23642.744
28650.564
0.0
173627.61
0.0
0.0
44000.277
0.0
648.0694
271.8311
1343.8499
6149.6694
3152.1782
0.0
4051.8442
4756.179
0.0
6032.834
2900.9878
6714.816
1334.8987
3165.5376
1308.2544
4181.1436
449.3454
0.0
2155.374
0.0
2586.0073
1564.4324
2398.871
3160.7783
0.0
1330.679
2934.148
0.0
0.0
2806.7627
8014.0903
4201.7646
3341.5078
1448.0566
9312.58
2484.2087
0.0
2785.267
2796.7024
0.0
534.99805
4064.7046
1257.9857
1804.8
0.0
0.0
470.02283
10391.616
0.0
0.0
11894.785
0.0
1336.437
0.0
0.0
0.0
0.0
3983.5498
0.0
0.0
0.0
0.0
1214.7496
0.0
0.0
0.0
0.0
2069.1382
0.0
2641.707
1494.5078
8987.902
8691.073
1630.8685
1900.7505
433.71777
1158.2473
0.0
1341.5343
3206.584
590.11383
463.48694
864.249
15413.689
0.0
3967.2954
254.8469
2575.3962
7118.8037
0.0
2308.2627
0.0
910.5009
0.0
0.0
5317.0073
50498.875
0.0
5350.3623
22693.576
0.0
2265.1235
0.0
0.0
0.0
4288.669
2173.5552
2967.151
2166.7876
1944.2051
0.0
3905.9282
34908.93
7507.579
1503.4465
2732.1096
0.0
0.0
0.0
107.99936
4162.967
1619.3169
3422.7524
10764.334
589.7141
0.0
0.0
4740.3945
0.0
0.0
391.97662
78.172745
0.0
1456.2444
0.0
0.0
111236.18
2138.5684
0.0
1728.0276
1194.2236
3771.5657
156.31335
10565.598
0.0
0.0
339.85925
3561.4966
3346.282
3342.497
3565.1626
1357.3936
2303.823
852.8031
2223.1272
0.0
4371.9326
0.0
8677.153
1935.1334
0.0
1496.5371
2865.1863
6385.7554
1560.4888
71.10702
6057.7407
0.0
4214.089
132799.69
6133.7236
465.78937
1527.0767
3317.1187
6944.7764
3092.1904
0.0
0.0
19873.06
2687.084
1671.0315
0.0
783.1293
4675.5586
17683.06
3021.028
3091.3652
1553.0339
0.0
1526.3962
2090.7817
0.0
3558.0342
1797.0925
0.0
80.28215
0.0
685.12885
1716.9294
4376.8467
2677.003
2043.9515
0.0
37.361988
0.0
1659.5973
3581.0898
4604.846
1158.0636
12955.291
0.0
1813.7827
1605.4485
0.0
1482.5203
0.0
1171.333
668.6973
5972.538
4634.9517
0.0
1641.4214
0.0
5341.9873
0.0
874.0427
0.0
0.0
88945.69
9149.232
8762.112
14302.353
0.0
0.0
0.0
1722.6593
0.0
0.0
5317.0195
106.27307
0.0
904.76025
62.01767
2653.037
4573.9565
194.98026
6622.8574
0.0
6026.3154
336.47855
16552.688
1656.3918
0.0
2126.7522
0.0
0.0
709.75757
8537.545
590.72656
0.0
0.0
4950.754
0.0
3212.609
2343.8562
2686.8037
6378.248
0.0
0.0
0.0
0.0
3409.8887
0.0
0.0
2591.5679
0.0
4949.697
2866.1482
0.0
9611.887
0.0
3854.2556
0.0
0.0
10141.749
19895.621
18107.572
6503.9336
830.9236
3554.1445
0.0
1136.2064
0.0
0.0
9759.596
0.0
2666.8247
0.0
3547.5889
0.0
1560.8743
3177.4927
2862.9326
0.0
3188.3672
2314.912
0.0
1325.0381
0.0
7262.163
497.5961
0.0
1636.3701
6340.3643
4462.3633
8022.7314
6144.96
1343.7761
5408.382
3440.6172
3294.0203
1682.0361
1313.5276
13259.023
0.0
0.0
2106.2195
0.0
0.0
7922.8335
3519.8171
0.0
16065.598
0.0
0.0
0.0
0.0
2296.9492
56.022415
1382.6101
3297.2144
0.0
464.0007
0.0
3789.1238
3294.5293
2751.0107
9154.007
0.0
0.0
0.0
1661.8701
7481.95
2120.3853
0.0
1336.3643
0.0
2651.5928
0.0
0.0
1816.2456
4611.8447
0.0
1674.8281
4871.2056
2183.0269
452.12045
0.0
0.0
0.0
0.0
0.0
2527.6816
0.0
477.50146
765.0383
0.0
0.0
0.0
0.0
467.62216
71.90103
2244.7983
668.3773
2732.0515
0.0
877.8817
0.0
1798.1724
1807.0863
8033.4697
12719.693
324.28064
0.0
1472.7427
18454.182
0.0
0.0
1498.1237
0.0
0.0
139.69798
639.31396
42.429596
1285.072
2855.51
0.0
3294.3833
2689.432
11278.804
4172.771
1993.1079
0.0
21679.117
0.0
4151.574
5001.8027
1798.753
5735.5654
2216.9272
0.0
0.0
2095.3284
0.0
1337.3611
0.0
339.93457
4049.3867
0.0
6298.5234
6450.324
1605.5999
0.0
1293.9031
1686.2239
0.0
2479.797
3547.5044
0.0
0.0
25067.316
1207.1963
0.0
1709.9446
2640.7627
18084.783
1511.6158
0.0
1401.085
1663.3435
2798.409
20910.213
0.0
0.0
0.0
201.72736
4343.6675
221.33807
5597.762
621.3875
4570.667
254.76083
5227.9033
7400.7046
2001.5173
15014.5625
0.0
2999.5728
0.0
3363.219
2766.7686
1647.2708
0.0
1566.0725
16584.457
0.0
2726.5098
0.0
0.0
0.0
0.0
31657.559
11831.444
94560.195
13.275996
0.0
0.0
1410.9792
1906.581
0.0
5763.453
3570.766
9065.493
24440.928
406.27814
0.0
2935.8645
2642.3503
530.4439
0.0
4768.3115
896.8751
2870.3877
2289.262
0.0
0.0
0.0
1321.5176
0.0
1633.209
0.0
0.0
0.0
0.0
2057.6558
5518.6914
2116.441
102.598976
1134.0483
21.972176
0.0
0.0
839.5712
1428.456
2012.2092
1711.8999
0.0
0.0
0.0
0.0
8996.398
2492.9192
0.0
6739.7085
406.4544
1480.126
0.0
1416.006
0.0
4643.4805
0.0
0.0
0.0
22127.09
0.0
2551.6956
840.6277
2950.4355
0.0
515.9103
866.6615
1409.2694
1720.7827
0.0
0.0
0.0
0.0
4260.7896
7969.121
0.0
0.0
4454.6924
1734.4264
0.0
113.66109
4346.1797
4710.184
3723.165
0.0
3254.142
5697.542
5523.5176
2001.114
17895.855
101052.94
0.0
954.25525
1937.8297
3669.5486
0.0
1069.6334
0.0
3404.0903
1437.1282
0.0
0.0
9074.851
89.0309
3131.211
2449.2273
1600.2358
2706.6455
0.0
1261.3613
3316.6968
0.0
56774.32
9344.606
2946.7825
0.0
4094.8252
7660.4004
0.0
14249.287
1944.9209
916.27344
4648.517
0.0
3529.354
0.0
2058.4487
0.0
0.0
3908.7905
0.0
0.0
125.67467
0.0
0.0
0.0
5006.9346
1075.6956
0.0
2889.1501
3438.545
4882.2485
5523.529
4549.952
1809.1973
13421.611
1987.0527
2812.5405
2024.2368
0.0
554.88934
643.3044
0.0
3740.75
21603.566
7016.2705
3562.9282
0.0
0.0
1193.9257
0.0
4467.7163
6174.371
0.0
3290.5005
9539.3125
6421.3115
1857.2887
3568.7769
1902.3271
1817.4849
4681.651
301.7189
6878.575
9815.732
1206.2013
942.29425
5577.093
0.0
0.0
3582.724
6825.8193
2217.6438
0.0
3010.4932
0.0
0.0
0.0
766.9303
0.0
0.0
0.0
1007.49243
0.0
0.0
181.67026
2089.9119
0.0
0.0
5058.63
0.0
0.0
5495.2236
0.0
3426.671
1119.7858
0.0
0.0
3582.8066
10819.378
4928.1074
11843.639
427.45575
0.0
0.0
2062.91
15136.852
2717.5928
0.0
4792.7036
232.48335
0.0
4440.174
2702.5737
9468.362
3831.9277
95.12349
0.0
165.69614
0.0
0.0
1435.2644
0.0
0.0
2351.9658
1639.3022
4207.1343
0.0
0.0
0.0
0.0
801.6144
6650.13
0.0
0.0
4092.6682
17810.18
0.0
982.9054
0.0
1469.242
0.0
2421.5603
2866.612
0.0
967.53406
0.0
0.0
0.0
1288.3364
0.0
0.0
19427.352
0.0
0.0
1959.919
1206.3787
2335.6309
111.07664
0.0
65671.66
6078.9795
2683.8232
0.0
2467.9177
0.0
7015.6826
13064.248
0.0
0.0
0.0
13057.902
0.0
0.0
0.0
13656.082
2172.8247
0.0
0.0
3340.8862
0.0
0.0
2900.765
0.0
0.0
555.08154
1142.8748
0.0
10245.83
3320.0408
3137.9775
1834.5349
7468.1436
484.70584
5667.109
53172.73
0.0
0.0
1605.9641
0.0
0.0
4289.4546
105399.586
2627.73
2157.1155
0.0
3131.725
3962.6184
372.3799
4855.1895
2159.5498
1555.8306
2088.5715
0.0
0.0
1216.0396
2693.9658
5800.9053
0.0
3880.5557
0.0
2367.5044
1478.2856
173615.5
1636.2382
0.0
0.0
0.0
0.0
10644.336
4737.956
13706.791
0.0
0.0
1529.9258
8227.035
0.0
7600.498
8244.687
0.0
0.0
0.0
5524.2256
10362.109
1759.8905
9370.25
7860.9087
1442.012
1246.177
0.0
0.0
398.03876
1054.7036
0.0
2114.3945
0.0
8518.604
3039.8372
1384.4792
4508.0684
0.0
3517.2197
0.0
2095.893
0.0
0.0
1130.8679
2280.0112
0.0
0.0
7622.698
1823.0675
2240.6262
2552.643
0.0
6347.4355
0.0
2097.9775
838.34784
500.32843
0.0
0.0
1914.4004
3134.538
5497.861
0.0
2306.5105
1490.0403
10630.954
3777.8198
2052.6577
0.0
3444.1875
1284.354
3364.7727
0.0
1902.4048
17920.133
533.93304
1361.884
5888.2583
3415.6562
0.0
9585.652
6257.91
0.0
2811.4546
0.0
0.0
2405.9578
301.00848
7300.7993
38.765327
0.0
2173.275
0.0
0.0
5053.8647
11042.969
5330.446
0.0
0.0
0.0
180.93163
1699.1978
0.0
2061.3674
0.0
0.0
0.0
0.0
0.0
0.0
1845.2025
0.0
1817.2358
0.0
16110.769
2184.974
2151.0625
0.0
0.0
1123.5835
0.0
2564.8787
20058.375
2353.8755
10789.514
814.76917
0.0
1810.586
4736.046
0.0
171.88446
1442.7688
12356.473
0.0
372.30316
1716.7769
1469.2418
3008.54
0.0
0.0
0.0
1495.4131
0.0
2211.7654
3395.7788
5170.91
4464.7925
1588.2847
4657.6143
0.0
0.0
11651.229
2457.9211
2650.0137
4537.7935
3606.472
4045.6108
0.0
1386.6628
1243.3779
16542.812
3313.4617
3599.0615
0.0
0.0
0.0
0.0
2005.2107
1676.918
0.0
11767.156
5848.9927
3308.8667
1744.9108
0.0
0.0
3412.3594
0.0
253.74133
1721.829
2748.2546
0.0
4020.5405
4660.416
3496.3787
732.72266
107.20842
6911.468
677.0941
0.0
1498.9381
733.25183
0.0
7853.163
0.0
0.0
6753.551
4812.823
3485.7207
2393.5293
11666.324
2600.303
0.0
0.0
0.0
1903.6185
0.0
0.0
51396.65
0.0
7535.2275
0.0
25490.105
1497.3389
5655.1655
1835.8005
9524.764
4916.2295
3338.6343
8115.5386
4151.9385
1970.5205
2384.3416
1714.2896
0.0
3159.026
2290.2012
155.90736
1865.3955
2273.8013
0.0
10022.84
7857.8955
693.3539
3287.834
0.0
0.0
8370.789
0.0
1408.425
2145.4595
122.63818
2922.9976
1712.9167
3347.8381
14222.701
0.0
1702.657
478.22528
0.0
0.0
0.0
2400.12
0.0
2405.1187
0.0
17290.441
1355.9039
0.0
3346.5503
3743.543
7326.5933
29040.426
9857.153
0.0
655.132
3776.488
7049.583
4630.507
0.0
5050.0635
8715.85
3362.7124
3328.292
5668.293
28776.797
0.0
3542.0889
10637.73
612.36664
4336.2925
3127.5132
0.0
45378.656
36.17541
1610.2168
3914.95
0.0
4555.845
3141.2446
1715.1787
1860.2668
1101.9832
23092.39
574.49756
1479.7224
6000.925
0.0
1412.7164
2787.337
6194.0596
1262.8104
955.08624
0.0
1186.2252
0.0
8652.393
0.0
0.0
0.0
1197.7659
6519.6455
0.0
1074.6898
2163.7737
3317.998
5526.5117
0.0
4605.2354
1443.6284
4713.705
1283.0144
2967.3005
746.20984
2399.334
0.0
0.0
2762.4321
1569.3966
3065.8506
5257.8486
0.0
0.0
1003.6406
3743.7354
0.0
17955.129
1172.4084
15423.522
2049.914
3444.4883
0.0
5225.308
0.0
0.0
0.0
2536.7822
1286.8617
112.59796
97441.81
1226.6128
6617.8896
1261.1661
4821.918
45.556488
1956.5552
1973.4036
0.0
2348.024
2924.3342
0.0
2788.996
3287.934
1718.5908
8297.584
2098.9395
2124.931
7290.5625
104922.234
1672.3794
1310.9148
391.37347
2508.0627
1128.9376
0.0
0.0
554.75085
2407.7312
1166.3115
2053.519
0.0
1806.5964
0.0
7765.4766
1388.7705
29.257542
15581.581
2211.002
1254.1858
0.0
8860.15
3984.5237
3843.2405
2108.4202
6281.801
772.17285
59.327503
3614.9683
1671.029
0.0
3127.4639
0.0
0.0
1659.3159
3164.8076
1503.1489
9379.751
223.0701
0.0
0.0
173.70894
1594.3579
2122.6084
4315.4688
0.0
2839.9604
753.7126
9327.59
0.0
0.0
0.0
0.0
0.0
934.91675
1679.7104
1016.22644
247.4638
0.0
0.0
1196.1698
1482.5721
0.0
4057.5698
2491.3032
1619.7681
1236.1769
9088.039
1679.2861
1227.2891
3166.4097
0.0
5423.038
1809.688
3886.5703
4158.303
2329.0044
8209.276
0.0
0.0
1644.4948
3659.5376
5655.6475
3659.9685
0.0
0.0
2871.4106
0.0
0.0
0.0
2774.0405
0.0
0.0
560.4849
0.0
3064.5918
13907.945
1115.0906
10545.727
1782.2876
4413.1104
0.0
3012.6108
2761.5156
2064.9993
0.0
1856.9575
0.0
243.61835
0.0
0.0
0.0
1741.0676
0.0
0.0
1090.6133
0.0
3776.9497
2354.2976
2459.522
3524.9702
879.15186
0.0
1505.9922
22620.217
2509.734
4184.2256
2264.178
6220.996
0.0
3014.763
0.0
0.0
0.0
19500.574
0.0
0.0
335.92963
0.0
0.0
1727.5984
7094.914
14.043211
1317.4069
0.0
0.0
0.0
1590.426
21664.363
2579.1282
6808.352
5120.4546
0.0
0.0
10672.643
1001.9718
1467.988
26559.355
0.0
5339.3174
1249.5314
0.0
0.0
2778.754
3281.503
0.0
0.0
3259.1187
0.0
552.6899
5321.9546
0.0
4975.688
2389.1694
0.0
6523.7666
7404.376
4987.9297
0.0
3706.2686
0.0
0.0
2571.4548
262.55685
41896.78
1309.1471
1775.4451
0.0
2623.0574
0.0
660.5342
7960.188
14953.535
0.0
7340.7075
1884.1556
2811.3667
0.0
1203.9714
1436.2305
2745.5269
0.0
0.0
4033.4521
1815.938
0.0
0.0
504.45337
0.0
0.0
0.0
5436.643
1982.2979
0.0
0.0
0.0
3352.8853
1558.0565
1206.3125
1008.9435
975.2235
2531.9949
1484.2919
1983.9493
5871.998
0.0
0.0
1262.8833
0.0
1777.6299
2560.862
3809.185
0.0
2129.3765
14431.375
0.0
2338.6206
0.0
0.0
2500.3257
5057.9126
0.0
0.0
35873.4
1313.6648
3091.2603
6629.9766
1461.5504
2571.3047
75094.17
292.72894
1106.1799
2963.0732
0.0
0.0
0.0
582.2817
0.0
0.0
2388.1826
3519.267
374.21417
0.0
7235.6006
1852.9819
0.0
53055.926
3702.4016
0.0
2734.9753
0.0
0.0
4456.4893
0.0
0.0
0.0
3884.3486
2813.9165
1949.9114
2525.109
0.0
1934.8682
2503.9434
717.74817
2397.5498
0.0
0.0
2970.9124
770.32153
25842.46
246.04214
0.0
1677.2222
2212.266
4936.241
2685.1592
163.36789
548.7594
40.05002
0.0
102.36124
3513.9128
2800.0896
765.20044
1044.3674
6041.3433
2039.4001
0.0
226.50133
2982.27
379.388
6177.8574
0.0
3218.2612
3100.2852
178.75696
0.0
10523.094
1680.0201
1654.1819
3589.335
4011.4858
0.0
0.0
3290.0054
0.0
0.0
0.0
0.0
7170.0244
0.0
5709.44
19489.387
0.0
0.0
3027.5764
0.0
8586.475
2918.7866
3284.5396
4338.454
5497.6523
0.0
5867.76
2005.7
3697.0374
1529.6038
126.77562
0.0
4753.6494
0.0
1552.1724
0.0
0.0
0.0
0.0
0.0
0.0
0.0
4524.6274
11765.869
0.0
4033.706
2874.188
270.76544
3493.964
0.0
7545.9883
0.0
3946.249
995.069
5523.936
0.0
0.0
897.06934
3348.9727
0.0
0.0
2654.9731
0.0
0.0
2583.3916
3084.8613
1576.1733
1721.9033
7908.047
4797.077
7266.198
3889.092
939.4354
4690.537
0.0
0.0
0.0
0.0
3675.2861
0.0
0.0
0.0
3214.512
7198.463
86244.65
1462.5093
5406.7134
7528.19
2895.3955
0.0
2415.8582
1041.8607
4304.9717
12454.887
0.0
1623.4219
3992.556
0.0
239.388
0.0
1084.7749
737.56366
2419.0168
2433.9165
25290.266
0.0
6870.195
0.0
1900.5195
4556.8604
1497.6626
1785.6157
8691.225
684.4749
5486.5454
437.57452
0.0
0.0
5069.8486
9781.953
3232.4128
0.0
5965.2817
1109.5973
0.0
16625.336
2802.2715
3193.4937
184.56114
2652.1177
2776.1707
1262.8743
4418.932
1990.9216
0.0
470.5572
0.0
2511.1086
6265.4375
11564.166
1400.2417
1228.6028
2003.8881
2803.3486
0.0
6330.199
2240.2097
5112.0176
0.0
0.0
0.0
0.0
13440.398
0.0
2911.188
0.0
0.0
0.0
0.0
128.02444
3453.8047
3362.5415
1703.5548
2282.7576
993.84937
3613.732
3792.4253
12192.004
0.0
0.0
1372.1892
1340.8499
4699.3906
209.9252
0.0
0.0
1412.9595
1763.9973
0.0
1456.7981
2785.8887
4698.371
2043.8406
2967.3242
12451.631
1558.2214
2341.6245
0.0
2153.7878
0.0
0.0
3685.1777
0.0
2513.8584
2647.9211
1434.9407
1058.4211
0.0
0.0
734.0639
2087.1018
0.0
0.0
2072.1934
3645.9922
0.0
16.303398
7257.395
3828.7385
1858.2487
0.0
877.8042
0.0
7835.812
429.52948
4654.967
2345.0684
0.0
0.0
4595.6357
10952.249
0.0
228.11981
3345.3816
0.0
7095.7227
1868.887
1295.6979
7847.1357
1545.2467
0.0
2367.3064
0.0
9837.559
0.0
0.0
2267.0933
0.0
607.58545
5098.2695
1512.1559
2241.0503
4942.26
0.0
2901.3337
7793.1323
5461.589
5445.5576
84512.58
5410.718
1701.9409
2269.9426
5367.471
0.0
4512.132
67.477905
1707.7905
7972.049
1640.5667
0.0
3834.04
1346.7333
2648.877
2791.5864
425.92114
3825.0303
2339.897
1979.7855
7081.5234
4077.2551
145.55997
1177.624
1502.0728
0.0
0.0
2647.9353
9286.5625
231.44891
12988.522
0.0
6500.6494
1949.8408
3041.7803
3830.1997
3168.8477
4368.881
3148.0264
0.0
2948.6367
0.0
0.0
500.7124
0.0
0.0
2184.416
785.66907
1770.4976
0.0
0.0
2333.5208
1836.0393
1591.7207
0.0
1546.4248
1672.3193
0.0
4405.1587
2620.7786
2398.7686
0.0
1749.7175
0.0
0.0
2233.412
3993.7146
0.0
173540.69
1119.1216
0.0
0.0
0.0
785.8191
3431.7612
0.0
1599.7812
1358.9465
1459.6848
2706.0515
1919.6602
0.0
1398.4297
0.0
3242.0806
3203.3584
0.0
7387.383
261.5653
2123.0479
0.0
2289.1733
383.2832
0.0
0.0
4841.3613
0.0
3149.7764
0.0
533.47314
488.1892
1455.9095
15298.869
2689.9363
8296.195
0.0
69475.81
306.23096
698.5852
2478.0532
119.6552
3079.375
0.0
3260.6836
0.0
0.0
2667.0112
0.0
0.0
23559.623
0.0
5250.183
3672.5542
187.08159
0.0
2604.6619
0.0
0.0
0.0
2481.1384
106.32536
7959.37
4832.0796
0.0
1750.3105
0.0
1176.8936
0.0
0.0
5749.763
1263.8027
0.0
0.0
1696.1013
134.4559
0.0
4901.0938
0.0
0.0
1334.1089
18577.236
1881.1726
1474.5437
2371.8267
0.0
1639.2115
1793.7783
0.0
151.29411
3704.2246
3862.6975
14930.231
0.0
1406.4558
8530.182
0.0
1286.3005
8685.191
0.0
0.0
1994.894
1733.4146
0.0
15024.543
0.0
12521.541
0.0
4574.95
1782.387
346.85406
1954.3005
19084.68
2229.8555
2129.9646
2452.3062
2944.1719
1476.5586
3497.1123
0.0
4191.02
0.0
1287.4858
0.0
0.0
2624.6196
0.0
0.0
983.75
0.0
75.76839
680.7414
16728.492
3456.2852
6344.135
2616.7249
0.0
0.0
1952.5837
1759.7594
0.0
1976.126
0.0
6014.301
0.0
6872.9775
793.24725
0.0
0.0
0.0
2807.3206
0.0
4973.2764
2675.5986
8454.939
0.0
1969.3523
1290.5068
1727.2158
4871.3345
1452.4185
0.0
2597.3315
0.0
0.0
2414.0195
18715.262
112.08377
3484.7861
0.0
1521.3516
8373.312
0.0
0.0
0.0
13895.883
0.0
3868.502
472.6402
2203.142
0.0
1626.9048
1078.7642
989.90375
1474.6829
25784.947
2387.019
12358.463
0.0
5893.6377
0.0
0.0
5058.9214
0.0
0.0
2262.4739
3208.7876
2350.9045
2715.0735
0.0
3450.0767
25543.793
2802.8855
173599.9
0.0
6133.9497
3492.949
32144.846
4039.663
0.0
3110.311
0.0
0.0
5157.7246
36895.883
0.0
1814.2094
0.0
2504.6418
0.0
13640.316
998.0813
8244.372
0.0
2258.605
1555.5505
1122.8198
1229.6873
0.0
5767.233
232.44211
3295.6633
0.0
237.41045
5440.3213
3066.7964
0.0
0.0
6009.726
0.0
3833.3872
0.0
1638.8574
0.0
0.0
2500.268
7351.773
3560.5679
0.0
0.0
0.0
3652.961
865.60376
0.0
0.0
0.0
20476.033
2879.2666
795.46124
98.62554
2075.8062
2226.04
1394.9929
1812.5422
4637.3936
6885.7505
0.0
0.0
0.0
0.0
0.0
611.50146
1320.6617
0.0
1017.5687
1610.7363
1151.4032
2444.5828
1196.1714
2344.4038
0.0
8515.74
144.35173
2891.435
968.30347
3694.8115
13119.551
2045.492
2470.2703
1950.967
0.0
11681.842
0.0
666.0067
39933.94
2603.0208
3293.5103
0.0
6467.5815
7360.91
0.0
0.0
0.0
0.0
0.0
10171.13
0.0
6521.401
0.0
0.0
0.0
0.0
374.78204
1920.6387
6999.971
0.0
906.902
5940.4653
4629.1704
0.0
2934.393
946.25854
1947.0515
1289.2352
2391.0781
0.0
1921.2489
3894.7637
3037.7407
18904.418
5484.5825
0.0
1646.1743
2532.172
1432.4636
212.48987
7912.4863
468.1061
0.0
9406.318
2579.492
3709.5715
5452.128
3227.2349
799.38245
1045.6638
6048.062
0.0
2607.336
8179.583
2546.3345
3896.8545
0.0
0.0
0.0
0.0
3594.3381
0.0
0.0
0.0
5707.7627
0.0
1650.3049
4812.191
0.0
15034.459
6740.12
2723.6792
184.20068
0.0
7990.3696
2004.9988
90.77979
2037.5978
2751.9136
13171.059
5560.6294
0.0
0.0
3354.687
1306.8213
2119.3547
2440.5193
12361.875
499.5819
0.0
729.6516
12788.774
303.3765
4160.2607
0.0
1359.2034
0.0
4600.2437
6847.321
0.0
89683.85
832.5012
0.0
1575.1395
292.22058
0.0
973.9983
1872.9197
20413.232
3349.4033
1270.1936
2795.9556
6977.086
692.3141
9.456168
0.0
0.0
0.0
676.27924
35125.332
724.7449
2213.9587
0.0
0.0
5.455682
2275.051
2726.7676
3397.19
3522.6047
0.0
9888.162
0.0
0.0
6001.162
1192.55
1566.6511
0.0
3094.2441
2276.5393
0.0
220.58759
0.0
2326.9119
5668.136
7352.049
4489.6885
1586.7935
3425.091
1549.2402
0.0
0.0
1449.1359
5606.277
0.0
5610.2256
1446.015
3978.6675
2707.581
7340.8164
1341.4618
52240.324
121.73233
16822.334
1297.3646
6232.0537
1944.8833
40422.64
0.0
1726.4181
2654.957
1692.4558
2078.171
0.0
3961.6946
0.0
1370.1935
2515.0198
1491.7698
2597.8135
0.0
0.0
0.0
8328.789
0.0
0.0
0.0
1586.8191
1887.4187
4223.028
0.0
927.3988
1372.2234
2559.8987
0.0
1138.7659
0.0
2001.2786
11711.586
1163.7056
85573.69
0.0
0.0
3377.8386
1979.0438
7218.613
16366.286
169.07094
3797.4077
3545.7168
2662.8535
0.0
10018.049
1151.7192
0.0
2380.9636
0.0
4501.648
5128.6074
0.0
1746.6086
0.0
4499.5093
4039.501
8592.959
1449.8284
0.0
4637.7544
1410.1086
2112.6702
1086.0216
2627.3557
848.0058
0.0
5232.517
3429.4373
0.0
3094.621
39643.98
0.0
40.698856
5944.703
0.0
0.0
0.0
0.0
3268.6472
1659.2227
1390.1016
1303.4585
695.2053
1882.8047
2356.152
0.0
0.0
0.0
2197.037
2358.2207
4659.472
1919.6145
1162.2284
1058.751
2169.673
2730.275
3197.8691
0.0
2257.5366
923.5841
3243.676
0.0
5527.652
1160.2703
1752.2927
3440.7158
2118.761
2066.9163
0.0
2761.4014
0.0
0.0
5391.5396
0.0
5062.142
0.0
3259.2039
2865.7341
1323.0771
820.93054
13540.142
4728.5674
438.11734
0.0
0.0
2002.6589
1525.076
0.0
6856.3086
0.0
0.0
2307.642
0.0
3541.7688
157.95822
1159.4158
4733.4473
2060.7117
2069.5503
2063.255
0.0
14382.561
11036.566
1975.2811
1563.7395
4685.2056
3302.9636
8719.346
0.0
1874.8848
1186.168
0.0
7979.175
3335.519
0.0
3179.8984
0.0
4507.466
0.0
0.0
0.0
1081.5774
0.0
0.0
0.82334065
0.0
0.0
3395.331
0.0
2021.9463
880.8217
3837.5364
0.0
0.0
4750.2173
2533.5996
532.18146
4065.1465
13907.117
4531.0737
0.0
1402.4346
14600.973
0.0
867.5741
572.5064
2798.0796
2996.3328
0.0
3608.908
22890.727
8697.723
1918.7107
0.0
0.0
1932.6914
30455.29
2763.0251
2245.2148
1735.6919
0.0
0.0
1844.9148
21459.646
1954.0356
3534.7524
0.0
0.0
3065.7134
119.56052
776.03406
5054.824
5335.669
6821.09
8263.791
947.05066
17946.688
1593.573
1711.2463
0.0
5130.854
0.0
20334.799
1453.6248
14097.135
2191.2622
1747.0759
635.6977
0.0
13721.487
1750.2463
0.0
5669.328
0.0
5670.29
0.0
3166.5806
1170.0464
0.0
1958.534
2421.9421
1480.8713
182.738
1291.2429
423.37158
3177.3262
4129.426
0.0
3518.423
4805.835
75.2176
0.0
0.0
6684.8467
2161.781
0.0
11863.096
5585.0127
0.0
435.44342
963.98315
0.0
575.69244
158.24294
4120.8057
0.0
838.3666
3176.56
107386.945
0.0
5284.3477
789.0973
3405.6328
0.0
0.0
1787.9196
0.0
1338.657
1213.2594
2755.764
17711.047
0.0
5280.6387
3310.187
5855.311
348.90662
0.0
31281.596
678.92
2806.092
4519.573
0.0
365.32663
173620.28
2518.1152
21832.857
0.0
0.0
6971.2466
0.0
0.0
723.5487
2762.1682
0.0
5080.45
0.0
0.0
0.0
456.96713
0.0
780.4071
0.0
0.0
3155.2822
4242.459
3018.0269
277.6665
5111.867
2664.546
1032.654
0.0
5671.227
0.0
2730.9146
0.0
13381.814
6884.1807
2655.703
2106.3984
1668.8862
13134.461
1242.1198
0.0
3651.3054
2302.6982
5066.869
0.0
0.0
0.0
2847.788
61175.117
1022.4723
18363.941
0.0
2356.8809
5901.5273
3454.4128
2908.4258
0.0
3559.81
6934.4253
2381.302
92709.37
808.45056
0.0
0.0
0.0
0.0
3151.917
0.0
2956.4421
2201.8523
14496.404
1935.5305
2183.5012
3180.4395
0.0
4539.132
0.0
5874.092
6210.044
2140.2383
103.51158
0.0
4648.52
5304.1855
0.0
3894.5789
1998.5447
0.0
0.0
2829.336
0.0
5329.574
0.0
6109.7544
0.0
0.0
1433.4365
1704.6573
0.0
2831.9229
5369.648
0.0
2501.6245
13276.731
2790.8638
6143.922
5284.1304
1295.3723
940.37036
6822.3477
4600.513
2376.518
749.30023
3805.7366
0.0
1408.6805
1406.1461
0.0
0.0
0.0
0.0
7873.4385
1827.5552
6002.573
1646.4268
0.0
5346.686
0.0
2027.0668
3382.0264
0.0
6269.0195
1539.9192
0.0
2485.4219
0.0
4299.9116
1848.6418
0.0
6667.6416
1012.7173
0.0
0.0
2302.121
0.0
0.0
0.0
4069.7021
0.0
0.0
0.0
1807.5974
1942.0905
0.0
3998.849
5288.3726
0.0
0.0
0.0
1451.443
2936.6206
1850.1843
0.0
2753.5913
1451.249
2924.555
683.0006
0.0
0.0
0.0
2147.9348
0.0
3227.097
0.0
11335.833
63.710304
0.0
147.38408
1292.1104
3753.2554
2581.0178
0.0
4868.732
7248.5586
0.0
0.0
0.0
10388.313
1951.4814
0.0
0.0
8816.291
4489.8857
762.7089
5276.243
1472.8127
0.0
1988.146
534.70416
0.0
5824.754
2705.6248
0.0
0.0
0.0
0.0
1496.97
6790.2676
0.0
3846.1006
0.0
0.0
789.9503
920.0405
5506.496
1381.1096
0.0
3017.121
3317.5908
2646.4277
3120.6558
1422.6367
0.0
39238.684
0.0
1014.1448
1244.7313
0.0
1679.883
1298.2871
0.0
3025.019
0.0
0.0
0.0
1492.2722
1341.6421
0.0
892.8646
1964.6211
5352.43
0.0
32.226643
2207.8828
0.0
6456.5107
3048.7031
0.0
6788.7583
816.5575
2409.21
5352.4736
2171.5703
2016.9675
0.0
0.0
5709.9995
1048.7186
0.0
0.0
3901.8901
3348.4766
0.0
0.0
5324.753
109.974304
0.0
0.0
0.0
2857.7659
2120.46
15140.309
0.0
3512.3926
397.3508
0.0
5222.3936
3979.2783
458.3239
2220.164
0.0
24872.176
0.0
2812.5215
1484.2899
3670.8174
3697.6777
1842.0465
299.72845
0.0
626.7363
3336.9297
0.0
8129.003
2302.8628
26088.762
1990.1255
1585.9143
1996.7716
2148.2073
79326.766
78.68137
0.0
1239.8818
36.30175
2262.6719
0.0
7802.5693
0.0
0.0
1158.3217
5594.3164
1310.4333
3900.811
3268.52
263.60675
0.0
2790.5806
322.55997
0.0
0.0
1710.0391
2335.0688
0.0
0.0
0.0
0.0
9713.783
2365.604
0.0
1019.4054
0.0
414.80267
563.55194
0.0
0.0
158.92078
0.0
0.0
0.0
1929.4358
4678.346
7477.342
4913.3906
2743.8552
3495.39
12991.125
223.87862
221.51433
0.0
18381.432
0.0
0.0
0.0
10053.813
3114.4443
0.0
8194.74
1901.3457
0.0
82596.57
4048.3223
0.0
0.0
0.0
0.0
597.93286
4027.7258
0.0
2804.3406
1633.8054
5088.573
0.0
0.0
4264.254
8224.09
0.0
4993.172
1560.9124
2335.2192
215.88962
0.0
2579.0986
827.5543
0.0
8153.008
1180.3883
3887.2605
0.0
257.9594
0.0
0.0
4073.5605
0.0
1872.2562
4757.893
0.0
0.0
0.0
0.0
3331.6414
1739.7091
1505.9398
1852.5669
10.796889
1149.918
5503.805
289.55267
6084.3164
8146.2354
0.0
0.0
0.0
0.0
0.0
0.0
1519.0317
8728.831
7238.565
14214.577
1143.1052
1374.8663
2105.8132
7402.7373
0.0
66549.664
7763.9414
0.0
4437.2793
17955.256
0.0
0.0
0.0
14439.707
2749.2827
8845.665
1011.5533
1380.06
0.0
2654.9146
1870.7919
0.0
6744.938
16919.31
0.0
0.0
22165.332
3810.1313
0.0
2401.6313
0.0
1580.8569
1968.844
1072.7386
2753.425
3244.8848
3571.829
1529.8367
23249.71
229.00757
2203.9067
0.0
1195.9519
0.0
0.0
4163.988
3460.6187
1845.5083
0.0
904.7798
0.0
0.0
2778.8608
0.0
6454.049
0.0
3181.5947
0.0
1450.7119
27.889034
584.54144
22428.793
1303.6157
4552.3926
445.72583
0.0
1239.0298
1779.5662
715.61224
1058.3533
1217.6104
0.0
0.0
0.0
8463.377
4565.9717
7775.6885
2338.7373
6861.783
0.0
0.0
0.0
4479.8804
0.0
1393.6562
22302.906
0.0
1272.9252
4342.3105
475.8647
1353.3799
6576.9175
0.0
5928.388
0.0
2221.6091
3067.7378
917.41406
3153.7754
4165.2046
2649.5098
13005.643
0.0
0.0
3149.8052
74.928955
13727.337
1527.8711
0.0
3076.351
1655.1356
0.0
0.0
0.0
1086.7749
3377.1206
0.0
0.0
0.0
951.14197
25052.498
1635.9055
0.0
208.43993
0.0
0.0
2833.1118
0.0
0.0
0.0
0.0
1725.0718
7163.492
3302.9438
3779.9773
0.0
0.0
11337.766
28923.059
1593.7361
3489.7773
0.0
3049.64
77.26185
143201.89
0.0
0.0
24510.023
1006.39746
6022.877
0.0
0.0
1594.544
3335.6575
548.9123
1485.6348
106.3483
0.0
316.91238
3590.4546
4325.1836
94419.08
2222.6973
2187.1157
2179.1028
6875.34
1433.9532
0.0
0.0
0.0
17301.246
0.0
7712.0586
0.0
4076.645
0.0
0.0
0.0
7772.885
208.95656
2203.1387
4035.3853
9635.624
6423.1523
0.0
1853.1992
0.0
4723.762
0.0
0.0
0.0
70.35707
0.0
2165.172
0.0
3952.1072
1662.2368
3784.361
0.0
0.0
8389.942
0.0
0.0
4643.7515
3200.1348
0.0
0.0
0.0
3775.79
3779.5964
44016.496
1589.4111
1852.3169
341.9103
4866.9473
14260.908
4133.517
3198.0596
0.0
1177.4137
1462.2655
0.0
0.0
0.0
352.93866
3775.333
0.0
9985.992
0.0
0.0
1732.1814
3081.6284
0.0
5864.354
0.0
3552.5947
2951.503
0.0
1778.2085
3315.4736
1702.669
4537.2725
2428.974
3005.0586
1236.5083
0.0
6257.43
0.0
0.0
1825.5356
0.0
0.0
5193.7363
16016.523
1086.1571
0.0
0.0
2362.6035
0.0
4926.805
11277.5625
783.13257
6269.9385
0.0
0.0
0.0
3321.6465
0.0
1715.1973
749.1777
2452.3296
660.19086
0.0
68674.59
3582.8447
0.0
1981.1101
2183.0698
9114.194
0.0
0.0
0.0
3015.0469
0.0
1884.1152
0.0
0.0
13680.906
2303.9402
361.4383
12695.863
0.0
6303.8223
540.80743
0.0
3108.7454
1717.1826
0.0
246.4089
10688.549
551.9608
0.0
5820.037
0.0
0.0
1699.2698
3014.9229
7356.9033
4130.515
0.0
41279.918
0.0
390.49115
3155.2961
2631.8638
554.0172
2615.7397
5199.066
2364.3923
30996.562
0.0
0.0
10217.13
1730.9519
2800.3828
72167.695
173497.6
0.0
2165.9546
0.0
3858.36
319.4413
0.0
40043.57
3095.5674
4079.997
1676.8982
0.0
1366.6265
0.0
0.0
0.0
0.0
0.0
3638.5798
0.0
0.0
0.0
7120.003
9710.974
6453.6523
4180.327
0.0
762.1657
26.964346
0.0
5205.9126
3961.3713
4431.7397
353.19714
10945.334
1361.463
0.0
3520.592
0.0
0.0
2670.8518
6759.076
0.0
4011.7427
7724.247
0.0
1070.5123
0.0
1668.0547
16123.207
2054.7515
3421.0527
1868.2742
1690.9282
2675.1987
2405.3604
7502.1963
1832.8933
1752.0283
2441.8442
12317.613
1892.4689
0.0
3161.3179
1932.1207
2481.0125
34060.934
0.0
0.0
0.0
4077.5283
0.0
16557.717
16266.373
0.0
0.0
1526.4275
1336.931
670.54425
1175.3215
0.0
90701.36
0.0
0.0
0.0
1891.23
0.0
0.0
2847.2468
0.0
2215.2092
27028.307
1982.4143
926.65186
0.0
885.83997
3205.316
0.0
18451.023
0.0
5650.643
2148.7546
28.63204
3288.4282
0.0
57002.562
2128.392
2808.1025
2330.1816
0.0
0.0
1157.3098
1106.7587
4090.1973
10014.044
199.36609
25710.053
40086.89
2553.4797
9130.109
6321.7793
2473.7578
1968.8823
0.0
1472.6211
181.19536
2085.701
235.47327
1251.957
0.0
19219.86
970.49927
0.0
4779.8125
1271.4893
19472.479
0.0
12087.65
100806.055
8092.8
129.52849
5579.1396
19.430664
0.0
0.0
0.0
53.667362
9511.464
0.0
0.0
1440.95
1307.5033
1521.6023
0.0
0.0
3319.6533
4148.268
38.884354
3022.371
2428.084
18429.924
379.42682
2184.6245
3737.464
76121.48
4275.918
100.815
7485.565
0.0
1900.5575
17124.086
1494.9421
1666.614
94252.086
5269.8184
2213.5645
825.614
0.0
0.0
0.0
1788.6309
30907.414
4034.2168
0.0
0.0
0.0
0.0
6139.71
0.0
3652.8545
0.0
857.67194
135.22621
20768.67
7013.6426
0.0
4226.401
1954.0645
467.50082
0.0
4579.2925
3194.2214
2486.2944
0.0
0.0
0.0
3219.6733
2151.727
0.0
0.0
42534.293
4311.8506
4814.3154
0.0
0.0
1662.5898
1992.1526
978.8981
3300.9402
736.1665
3554.869
1725.2969
0.0
0.0
0.0
0.0
7261.1426
0.0
2947.6353
0.0
18905.488
5175.562
1045.9218
3821.1357
2934.6145
6173.4336
3469.1687
983.9348
1752.0983
1012.68
2559.4539
1432.9884
2017.5028
0.0
0.0
3633.9888
2265.296
0.0
0.0
13559.113
266.02524
0.0
6741.918
0.0
398.78735
6040.7744
0.0
245.25146
756.28503
0.0
1539.596
6042.7256
2864.087
2837.814
5246.0947
0.0
0.0
103.369064
3416.045
0.0
0.0
5162.747
0.0
0.0
0.0
0.0
0.0
7199.913
0.0
119.54561
0.0
2338.8794
2779.8535
775.06647
0.0
0.0
0.0
20035.635
0.0
4237.5615
4411.8135
1991.457
0.0
0.0
1863.4481
61.53342
68568.36
4596.968
2405.393
0.0
0.0
4694.5806
2816.4463
0.0
0.0
0.0
0.0
1455.9868
0.0
3855.5696
15091.366
7099.1904
620.51044
607.89417
901.0187
4528.553
3314.3218
3251.62
0.0
0.0
0.0
1498.4303
0.0
286.35944
24192.188
2908.3684
0.0
13265.482
17722.137
345.28842
3285.0608
2630.3657
0.0
0.0
12678.352
0.0
0.0
8556.014
6156.0645
15588.845
0.0
2220.539
661.6785
2741.4392
0.0
1850.7473
0.0
2467.2898
80.67038
10752.018
7887.8584
0.0
0.0
4540.34
935.88916
966.251
246.82562
42658.027
913.2075
15518.382
1449.9355
2452.5054
2212.131
2128.7065
1621.894
0.0
10058.436
0.0
0.0
0.0
102035.13
14867.146
0.0
2680.6836
308.5664
92392.11
2604.5671
5037.399
1671.2473
0.0
8547.87
0.0
0.0
0.0
440.68127
2634.4473
0.0
0.0
954.50867
3850.8103
5013.1455
1446.058
3801.0527
1995.5725
399.22278
4975.084
0.0
0.0
496.8653
3022.2668
1335.3363
1008.5471
2744.2295
4515.744
4109.4155
4964.9717
2615.3677
0.0
0.0
6119.84
0.0
5623.2974
1623.457
0.0
1578.989
0.0
0.0
0.0
26181.045
1723.1665
2632.766
0.0
0.0
0.0
100400.59
2035.4626
422.81177
5133.131
1522.1495
569.1158
4880.667
913.60876
0.0
0.0
2154.9297
0.0
2067.3716
6814.0107
0.0
65699.0
0.0
1390.1482
1384.9988
0.0
3922.357
0.0
0.0
1315.3059
0.0
15077.412
0.0
1090.1338
0.0
1326.5361
2224.0354
0.0
0.0
171.61455
1916.6477
0.0
468.5011
1241.8335
1002.0696
0.0
702.3644
0.0
1494.7297
0.0
3954.4622
1376.8004
0.0
1559.2227
0.0
1688.6414
87674.07
0.0
3411.9722
27448.078
1119.5695
25102.512
0.0
1381.0597
2428.2424
8180.4023
8378.109
2709.34
312.56488
3970.3577
4710.451
4102.0684
0.0
0.0
1556.4121
13.520065
5085.564
1317.0619
0.0
43.41991
0.0
178.40181
0.0
1380.953
1542.6757
0.0
0.0
20.006378
12450.109
0.0
1158.6171
0.0
0.0
0.0
2518.7075
944.92236
0.0
2373.5027
0.0
7971.626
3632.4595
0.0
23783.309
1473.2625
12444.455
0.0
0.0
808.0545
0.0
5950.1553
1638.5693
2563.8271
24289.227
0.0
4584.994
933.7947
1511.7721
746.02716
0.0
1553.367
3091.0957
3906.8784
12214.826
10363.589
22821.562
1014.9437
0.0
0.0
1546.2454
0.0
0.0
390.34045
0.0
0.0
993.05884
6511.038
2970.4106
10850.609
0.0
0.0
1343.5869
702.83276
3416.7842
1402.8904
33.360336
0.0
2917.8013
3030.5972
7207.595
205.0091
0.0
7117.5825
0.0
0.0
173511.14
0.0
8422.102
0.0
1360.0514
0.0
381.99274
0.0
13526.1
1097.5322
0.0
0.0
2581.5713
0.0
2396.8616
623.01965
0.0
0.0
291.14343
0.0
1813.665
0.0
316.23865
2588.29
0.0
6162.8477
0.0
6090.3364
0.0
0.0
0.0
2553.6045
0.0
4206.2734
0.0
8549.033
0.0
397.95752
5786.7583
5947.753
0.0
1802.7053
776.64685
140.76602
0.0
1679.58
0.0
0.0
5797.925
10137.703
3028.0056
3833.0088
0.0
0.0
1912.4126
0.0
265.66974
6564.954
0.0
7875.2686
2979.6018
0.0
0.0
4147.481
6448.2183
537.09827
0.0
0.0
1321.8737
0.0
0.0
2209.6157
1631.6755
0.0
3212.5737
0.0
14986.561
8717.24
0.0
9704.639
344.19153
1848.1514
0.0
0.0
0.0
406.24878
0.0
1346.1858
3499.3599
5263.792
0.0
2536.1294
0.0
3174.677
0.0
813.2234
18650.102
315.25916
0.0
0.0
145.69424
1.3698599
1540.6017
11519.01
22426.652
80788.02
758.9339
0.0
5699.5293
3125.6113
0.0
0.0
69213.11
8413.484
29690.71
9986.483
0.0
2568.4543
10054.253
0.0
1611.3987
2893.0745
0.0
2051.887
0.0
25837.848
109.81614
3824.8176
0.0
0.0
1708.4684
42886.355
1460.0513
1907.9829
0.0
27876.145
6481.797
0.0
3840.3015
0.0
105.431915
2783.258
0.0
6143.8677
10203.454
1445.0258
3787.5195
2497.4927
37.6976
0.0
0.0
3058.731
2265.9478
4925.748
7580.544
0.0
0.0
1733.6699
0.0
0.0
1624.2832
0.0
1572.8743
9240.68
0.0
6485.118
3991.546
3681.4814
1448.2202
1795.965
0.0
2628.807
1309.2156
0.0
0.0
371.16183
5110.293
4833.3613
12421.156
0.0
1259.4924
0.0
1878.0396
3733.8013
1281.8423
593.63403
11075.172
4439.768
0.0
443.67517
2177.3416
0.0
0.0
4651.366
0.0
6339.0557
0.0
20763.896
0.0
0.0
1193.9066
3704.9854
2017.7375
1568.251
0.0
2989.8623
5193.8145
2060.5283
698.092
1843.322
5284.741
0.0
0.0
6574.057
1415.9358
3341.872
2613.4985
0.0
5306.0225
3393.442
2652.2703
0.0
0.0
0.0
0.0
0.0
3532.396
0.0
7050.119
0.0
0.0
2251.6523
275.79456
79.19011
479.8838
3218.5352
118.84185
56846.14
5183.0977
0.0
1002.96234
30771.414
3208.4702
17294.322
0.0
1351.0511
0.0
17288.033
6691.802
0.0
2437.9958
1608.1953
0.0
0.0
0.0
3635.6904
0.0
6602.703
0.0
94.591545
0.0
0.0
3232.876
0.0
2804.5837
0.0
3850.925
6359.922
0.0
127.22014
3677.1704
0.0
74988.87
1860.9675
954.07776
10703.207
39977.71
4051.37
0.0
2751.0256
238.50607
1210.6873
1281.6815
3277.4678
2399.094
6512.2236
11753.41
1775.5337
6804.8926
691.54456
0.0
2671.9219
2983.0718
4944.792
0.0
2110.5588
0.0
3012.498
4997.175
0.0
0.0
0.0
3943.0361
3124.5146
15011.95
679.69934
0.0
2505.4714
112132.06
644.9283
0.0
8438.811
0.0
17695.426
7051.0107
0.0
0.0
0.0
95.84807
0.0
101.318695
0.0
0.0
7913.1416
0.0
0.0
1252.9261
0.0
10716.341
163.82918
2872.687
0.0
0.0
2819.023
0.0
0.0
2049.4175
8367.502
0.0
666.7126
72.36506
543.6041
210.53998
6370.7754
3517.7773
71.77371
17651.992
0.0
0.0
0.0
1285.0027
0.0
2639.8635
3125.5269
19520.477
0.0
0.0
1953.9246
100312.25
2078.009
4327.2847
0.0
0.0
3174.665
338.4045
1585.5841
1575.3533
941.63403
10428.45
11995.32
8196.264
0.0
0.0
3849.2302
2984.609
1795.8232
5195.364
441.9715
189.65375
0.0
1132.6366
0.0
3157.9326
5877.751
438.11725
10145.404
33505.805
0.0
2773.3723
5076.964
0.0
1352.4261
2318.3875
3607.0132
0.0
1488.1318
1692.6929
1122.8112
2569.0786
4813.201
0.0
0.0
0.0
12546.158
0.0
2262.6323
0.0
205.52937
0.0
3246.2988
0.0
0.0
0.0
3418.8022
1019.8352
453.22754
0.0
244.81902
12656.709
1403.7407
24850.578
0.0
77.66226
2628.3015
2757.2356
0.0
1752.9714
0.0
0.0
0.0
1189.7148
1575.2656
93.00621
0.0
0.0
0.0
2414.7515
0.0
7857.7256
5459.6235
0.0
0.0
2409.1812
0.0
0.0
5485.8237
0.0
0.0
1365.176
1459.5431
3411.289
52.142677
0.0
2974.138
6562.282
0.0
430.30664
1862.2625
22.042757
0.0
854.32056
0.0
0.0
0.0
0.0
0.0
2062.1147
1395.0284
3405.9792
3313.374
3071.8892
0.0
0.0
2914.8845
0.0
0.0
14.8016615
4078.9058
1989.2988
0.0
1458.1869
2196.3293
6458.9814
0.0
12844.157
5347.781
0.0
0.0
7345.9043
1433.0771
4026.1118
0.0
0.0
0.0
0.0
1287.7867
614.5051
6523.9897
2787.5366
2717.1855
212.03362
0.0
0.0
0.0
336.74792
10451.665
6117.4116
6580.1724
0.0
0.0
3064.06
438.98703
2614.0908
0.0
0.0
0.0
11637.353
2577.5352
2477.3943
4719.03
1950.0603
3053.9636
2167.663
1527.3282
0.0
7695.0713
11435.922
0.0
0.0
4181.0254
19452.014
8280.624
1507.3271
1615.4624
2175.3853
0.0
2104.8457
1158.8115
1118.8641
3490.5015
0.0
6083.2124
0.0
4626.3643
12194.381
888.3424
6447.0737
6706.6284
2408.1987
0.0
0.0
1570.3674
0.0
0.0
1460.1843
11740.32
6716.9004
4260.8604
1410.4054
987.8233
664.7377
0.0
1459.3358
11375.437
360.3595
0.0
495.17804
0.0
0.0
30138.652
0.0
323.76654
2597.6265
0.0
4656.968
0.0
2149.6958
16630.371
0.0
0.0
0.0
1931.1456
0.0
0.0
3502.0337
1649.5825
1525.6793
5831.4023
7907.4863
7329.6987
2123.7166
1802.0588
0.0
4062.757
1410.6882
1588.7837
483.60455
9229.687
0.0
2213.1987
0.0
1512.1365
4144.0986
1661.7483
1190.2701
0.0
68741.9
0.0
1488.8398
0.0
1284.7686
0.0
0.0
0.0
0.0
2732.4976
3556.1577
3981.5952
1204.1611
2805.5984
4555.364
6475.0596
1571.9437
8618.162
0.0
0.0
0.0
16988.373
10362.154
2811.2312
4905.3096
3961.505
13499.008
2871.7827
0.0
2136.0083
2740.4812
0.0
1682.1277
2506.1853
5286.8926
5898.33
1295.0311
636.92163
380.51324
3072.0854
584.3128
7166.371
0.0
3360.186
0.0
428.77725
0.0
45783.83
2312.492
5987.164
0.0
1420.2908
3797.3918
1659.1792
1297.7883
417.12372
2206.6995
9839.146
0.0
495.60107
975.786
0.0
2157.5881
2291.6943
3745.583
1106.8223
0.0
1571.5
3251.7166
2161.6047
648.2367
7114.7056
5397.6533
2373.7456
0.0
685.2037
3586.6626
4782.254
0.0
2924.916
807.574
0.0
0.0
0.0
3112.5999
6535.3022
0.0
0.0
7328.124
0.0
18602.787
0.0
1237.5829
1226.0533
8890.41
0.0
0.0
1875.4084
0.0
5165.3765
0.0
0.0
0.0
4884.6016
2444.2761
0.0
0.0
2871.0012
3537.6816
0.0
0.0
1509.6936
4320.889
0.0
1712.6151
0.0
0.0
39387.844
2509.1775
0.0
0.0
6893.1787
0.0
4234.1484
97.13078
273.63474
1376.7892
0.0
0.0
3689.5334
1125.2043
6399.92
21.5694
6613.2246
173598.9
2094.838
3601.139
15967.457
0.0
0.0
0.0
0.0
3281.691
976.8643
0.0
0.0
0.0
0.0
0.0
0.0
6400.4014
16820.959
0.0
3025.3057
8307.429
1421.9377
772.01465
0.0
2813.2466
0.0
1494.788
0.0
2995.8472
0.0
12940.057
0.0
3356.9595
12756.809
2814.6636
9788.4375
2367.801
745.6464
0.0
4759.419
391.01312
0.0
3954.1245
261.62085
2673.0867
23709.291
0.0
2495.3235
0.0
1442.7429
0.0
1998.6018
4766.0205
173591.7
0.0
0.0
5266.2773
12197.874
0.0
2581.7551
0.0
0.0
0.0
0.0
0.0
0.0
0.0
1494.8765
0.0
4249.632
654.1382
0.0
0.0
0.0
254.39676
3841.8105
1174.8917
8117.917
7132.2935
8461.483
3322.366
0.0
0.0
0.0
318.74014
1974.2247
2462.7048
1523.2163
0.0
0.0
2515.563
0.0
65.51554
2021.1787
1454.2896
0.0
914.75836
1880.2188
0.0
2819.455
0.0
102824.55
938.23035
612.0436
2981.1519
0.0
1443.1526
498.72208
2062.9631
0.0
0.0
900.68066
0.0
2102.4636
27.229828
0.0
0.0
0.0
9227.588
2432.8928
14862.738
942.45447
7236.411
0.0
1652.1847
3696.2034
1535.1592
0.0
8968.782
5349.028
779.5222
0.0
681.93475
644.3393
165.55936
1752.9215
6785.177
0.0
0.0
0.0
3688.7598
1789.5675
10770.014
92.372154
3332.2512
0.0
10751.811
1647.9583
670.2932
1894.0731
2648.3135
0.0
0.0
781.8639
2455.212
4198.561
10831.557
0.0
2380.1123
3620.0605
2982.67
11522.992
324.77112
21379.688
0.0
12020.105
13531.615
0.0
0.0
0.0
16899.46
0.0
2535.78
2628.921
4452.396
2711.947
3185.602
0.0
3564.262
2665.247
3891.9146
2195.4697
0.0
4488.815
10239.992
1481.4426
4112.831
1104.6709
0.0
0.0
305.28235
2358.2966
3573.0334
1252.2993
6097.02
0.0
0.0
64.08339
2200.874
4437.0254
3570.893
0.0
0.0
9491.091
219.12729
0.0
0.0
5879.527
3236.1252
4242.0273
3946.5933
1841.9435
1429.7827
3972.913
0.0
2875.3667
1813.7803
1046.3982
3794.124
0.0
0.0
0.0
3895.2944
1099.0483
2624.024
3025.151
0.0
2767.0122
4148.79
1137.0166
0.0
117924.14
342.55786
2085.1704
0.0
3882.476
0.0
2128.6753
0.0
2287.5718
0.0
3280.3267
1854.8242
1595.1335
2036.798
6647.073
4105.2803
0.0
4053.5889
0.0
0.0
2531.92
1116.5266
0.0
1557.429
11701.701
348.53613
0.0
0.0
3184.889
5490.8955
0.0
701.7246
0.0
0.0
0.0
1595.7788
2812.6313
1476.9296
3476.04
0.0
0.0
6115.755
67.86811
61693.383
230.54967
128438.62
1450.7888
30815.59
22628.973
7056.3906
4107.8745
0.0
3682.1045
2068.0422
1548.0361
2002.789
4137.591
45.878075
7208.549
12313.92
8997.54
0.0
4770.169
6940.7476
21869.879
0.0
0.0
0.0
1690.7815
2271.879
3092.0212
0.0
0.0
480.74933
3578.4448
0.0
10093.646
0.0
2151.2756
105096.5
6007.465
0.0
1187.2244
5415.043
2821.4526
5457.9316
1511.0303
0.0
10130.59
0.0
17.37326
2437.785
5960.1016
1560.0178
0.0
3529.8643
2786.3696
2173.294
20426.682
2234.3013
177.77768
0.0
5269.1655
617.75336
0.0
0.0
15860.123
0.0
0.0
0.0
8218.078
4809.2563
3125.9746
606.7342
78.608795
9997.146
5219.426
0.0
1729.6565
0.0
0.0
83555.36
0.0
7463.392
0.0
4575.88
3205.163
2906.0942
6680.339
0.0
0.0
0.0
227.36194
1255.5245
2301.4727
0.0
17320.268
8433.045
3168.4834
14181.289
1470.495
0.0
1648.272
0.0
4572.8433
8950.275
0.0
2886.6555
1540.6012
0.0
0.0
6548.427
0.0
4627.7744
1629.9282
4836.881
0.0
0.0
2561.6606
2224.0854
0.0
0.0
14747.617
3377.1528
1845.0676
0.0
1831.6147
0.0
3567.8604
785.0797
1490.1409
2913.7725
2535.486
6083.079
0.0
1723.6311
1824.7628
2768.7021
0.0
1621.119
2343.7612
5525.8926
2626.0195
0.0
1229.2389
2780.8308
2781.4304
0.0
12511.553
22389.766
1553.2551
4830.9346
0.0
1573.1501
2296.7317
299.72308
44290.47
5064.643
0.0
226.85046
0.0
0.0
0.0
0.0
0.0
2386.2756
12389.463
0.0
1258.4778
0.0
1625.7944
114.699875
15044.687
0.0
84085.67
2880.1912
0.0
1807.2754
1782.6077
9144.565
1825.8279
0.0
0.0
6497.873
2791.251
974.2224
2594.1707
44684.16
0.0
1131.1377
22853.512
905.2317
2205.307
3871.3823
0.0
21332.219
1568.5142
4098.682
155.74164
6121.8354
0.0
4309.768
0.0
0.0
3444.9985
0.0
0.0
6925.874
7528.3057
0.0
6917.5957
1294.755
0.0
393.40118
1229.947
3005.0334
2611.6194
13362.072
2043.1073
1045.8799
3181.147
0.0
1477.478
3511.4731
0.0
9974.084
0.0
82.23898
0.0
0.0
0.0
4776.4404
702.9553
0.0
3438.7983
208.0193
0.0
1590.3297
343.3008
4326.294
0.0
344.72937
20577.78
8390.551
0.0
214.69658
2016.2141
4121.5317
1106.9119
3508.8984
0.0
1417.8875
0.0
8759.49
0.0
1554.9537
8321.191
0.0
0.0
2964.7012
1839.5481
9173.318
2461.9805
579.3793
1153.4794
168.82253
0.0
0.0
0.0
0.0
0.0
43767.01
0.0
173523.53
0.0
5366.7617
0.0
3283.2207
1735.3817
0.0
876.5973
86102.51
1352.3125
3916.756
7029.8027
0.0
0.0
5804.8667
2589.7178
1279.5591
8040.4443
10125.3125
0.0
0.0
0.0
0.0
6291.3154
0.0
0.0
1933.5488
0.0
14426.725
0.0
2005.7451
5977.5283
2813.5166
3386.8486
1230.1716
4604.3364
12166.281
6291.494
424.57626
0.0
2262.0654
0.0
0.0
0.0
2155.9268
0.0
3937.497
0.0
1692.2225
1267.733
5216.6636
0.0
3339.1619
1712.4371
1230.0767
1119.6569
1738.4517
20453.969
0.0
3352.7874
67.3689
3852.0894
0.0
0.0
15753.727
1619.6843
0.0
0.0
0.0
218.41443
3350.9214
79.94701
4948.039
78260.055
0.0
3497.627
2102.0784
0.0
5072.8755
0.0
0.0
6075.3076
1207.2544
0.0
2400.5288
2852.3042
0.0
0.0
0.0
2798.276
4426.51
0.0
2627.081
6105.425
1695.7426
3534.8296
5284.036
981.9354
0.0
0.0
2184.792
0.0
