138.47943
0.0
204.46695
0.0
175.9811
3182.3823
522.02716
1053.7631
0.0
770.91626
0.0
332.01797
4572.807
941.401
15585.35
0.0
0.0
0.0
1369.3724
3591.6074
5033.8247
1373.572
1701.4287
2014.3812
0.0
0.0
0.0
401.0981
1524.9181
2487.7012
4213.121
1352.5244
0.0
770.8635
0.0
1958.3138
139.41504
5294.4604
171827.77
8973.352
0.0
881.6874
700.7316
5782.2217
1627.9387
0.0
0.0
0.0
0.0
2415.5134
4976.709
0.0
0.0
647.70807
0.0
2799.327
2342.3943
0.0
3002.1125
270.26334
17385.99
0.0
0.0
0.0
1037.0193
0.0
6116.8438
5004.4478
968.44946
0.0
2339.0728
964.751
1679.3613
0.0
0.0
62.952057
4874.0537
471.58044
5179.0557
524.3926
358.72043
2969.9355
1275.0073
129.86786
10348.299
0.0
552.52795
1085.7689
726.5536
737.478
590.1682
13663.449
23448.328
0.0
0.0
8729.205
0.0
0.0
0.0
348.48752
2408.4192
2541.8193
7924.6973
1390.7362
2009.9783
0.0
3668.499
3946.9546
732.58264
2700.5923
0.0
0.0
0.0
1074.2805
2248.2822
429.07697
2324.4736
15238.537
0.0
0.0
1893.0425
0.0
56357.477
125.4807
2340.6448
0.0
0.0
17373.445
927.6254
0.0
951.3385
1521.772
0.0
303.529
4080.545
0.0
3523.2058
4703.041
0.0
0.0
0.0
2627.6836
0.0
32473.64
0.0
3973.1782
0.0
4393.096
0.0
3459.251
265.86218
1752.2504
1855.7527
0.0
19709.912
3257.5352
0.0
0.0
0.0
0.0
64.81958
0.0
646.2488
950.4813
0.0
3876.684
3265.79
3720.5664
0.0
2818.05
4268.1724
0.0
2279.2393
0.0
1217.369
15965.316
0.0
1218.0027
876.8147
10297.725
0.0
0.0
24883.465
0.0
0.0
0.0
1227.596
0.0
2405.2966
0.0
0.0
7017.877
835.4913
5616.005
6055.8945
11080.06
2760.0803
3891.5059
2330.0312
2086.1592
577.2277
0.0
0.0
5327.099
0.0
0.0
13785.449
0.0
1179.2482
0.0
1188.6693
7458.3096
4725.332
0.0
0.0
0.0
0.0
0.0
883.8235
0.0
0.0
468.15326
0.0
666.8944
2669.4775
749.91254
4696.5503
784.143
2233.716
0.0
0.0
1452.953
0.0
37090.523
543.1102
4760.1787
0.0
4156.66
7760.87
0.0
0.0
2090.6582
0.0
2723.2659
0.0
5390.3223
0.0
916.37476
0.0
0.0
0.0
8738.733
113.898224
3534.0215
1792.2136
0.0
37.54872
6405.4277
0.0
0.0
914.28784
0.0
5940.1675
0.0
0.0
138.70544
1773.6945
60.12034
0.0
1960.2891
0.0
140.51764
8445.186
0.0
1686.6704
0.0
989.5856
0.0
1844.9298
22970.05
650.33417
326.38043
2055.1167
0.0
84.09028
752.99695
0.0
605.92993
12716.567
16362.188
936.30945
29789.703
0.0
6927.719
371.84982
0.0
0.0
2871.0435
0.0
12728.367
4188.3096
380.37878
1528.1858
3934.525
0.0
1074.2437
26238.531
1183.0286
2120.294
0.0
0.0
0.0
0.0
1361.8682
928.534
15.0578
10055.785
14874.615
810.7929
0.0
0.0
0.0
141.7528
2478.276
1193.4872
498.12067
388.328
783.5003
1384.0469
0.0
1674.3735
0.0
100.268524
711.31165
0.0
1029.9452
16107.859
0.0
1602.2976
18675.113
594.8128
1883.6665
8621.126
1301.2242
0.0
0.0
4984.7363
22392.422
0.0
911.0178
1334.9376
0.0
2743.1953
0.0
563.5062
1461.1604
0.0
1004.6017
10980.688
424.73654
4158.2466
0.0
0.0
144.504
31.92936
6510.3633
0.0
0.0
4648.3164
0.0
1772.553
0.0
12856.051
162.2812
6016.7505
80.80909
4790.0234
0.0
0.0
0.0
2793.727
0.0
0.0
104.97266
10235.611
838.3866
9925.09
0.0
32280.875
0.0
58.73739
0.0
576.3003
0.0
12504.069
1704.94
786.32996
0.0
788.89636
288.95123
0.0
185.33162
0.0
0.0
5487.098
228.40828
0.0
11123.701
1174.846
15173.456
0.0
1957.8188
18588.445
6515.576
196.16043
7068.717
0.0
970.05566
6807.1436
2076.331
0.0
2606.5527
439.03043
0.0
0.0
2766.7168
354.06073
0.0
5151.682
377.70593
1066.6095
1387.5303
1064.2922
755.35394
0.0
0.0
0.0
3198.9502
643.5227
0.0
0.0
0.0
0.0
735.0919
0.0
256.9475
4603.0347
0.0
4189.3613
576.5255
505.41516
4282.661
2628.1462
1411.21
0.0
0.0
6442.94
2036.2173
11900.013
0.0
0.0
0.0
6762.98
52.266922
2065.1228
0.0
3023.5173
4975.4795
0.0
1035.703
490.3756
903.55505
537.86957
112.27781
2081.7305
1076.6062
0.0
188.17899
4573.499
354.856
0.0
0.0
0.0
0.0
580.9752
903.5673
1190.967
0.0
4038.9163
0.0
1492.0945
1398.9661
1573.3398
92.30469
3561.365
5005.4688
0.0
4176.7676
0.0
4732.6104
9135.272
49.75947
2620.7175
10950.104
9677.271
1515.5276
0.0
2894.2449
686.43616
1983.5791
0.0
15538.955
77039.82
7229.3525
1305.6279
509.8816
5604.5415
32588.47
0.0
0.0
769.26
1054.6654
237.12665
0.0
3605.7766
0.0
2384.6973
0.0
397.07498
2184.7427
1987.6927
62449.984
0.0
0.0
0.0
3491.997
12292.251
3008.8408
0.0
2676.192
0.0
0.0
4062.3545
0.0
0.0
0.0
1360.0713
21343.088
2273.4229
0.0
0.0
5630.7876
0.0
216.51501
7404.005
0.0
15889.29
2126.9136
1696.3207
1396.2964
17352.896
0.0
3300.7715
3723.1892
990.365
0.0
873.5682
948.94434
4581.2754
0.0
0.0
0.0
517.51227
10.768255
20562.35
1692.5137
13905.712
1781.9827
7655.1187
1785.7029
0.0
903.65454
0.0
0.0
1765.5681
835.27
41705.438
236.50449
1826.1145
1445.3164
12282.744
106.270515
43521.35
4674.711
182.82895
3895.3772
1960.8357
4497.002
0.0
0.0
0.0
213.362
0.0
2236.6777
0.0
0.0
37.06862
313.92603
0.0
0.0
0.0
533.97327
6569.7886
0.0
0.0
1848.937
1860.7561
2577.8682
422.9358
0.0
0.0
9850.858
0.0
1289.5891
0.0
9520.986
5526.3525
0.0
0.0
0.0
0.0
0.0
0.0
0.0
1300.4655
193.29956
298.60547
394.31885
2320.9495
0.0
0.0
2251.38
8616.25
1118.931
2826.9502
0.0
0.0
11986.627
347.6592
795.14343
646.5694
197.85251
0.0
0.0
1911.0613
9588.164
0.0
594.89453
0.0
7832.998
188.98187
2002.76
55320.953
7392.279
2847.6714
0.0
1812.7048
7770.904
2955.7607
0.0
0.0
1484.2435
0.0
3764.3267
3876.7546
616.039
758.9235
0.0
0.0
16425.11
17461.426
0.0
1102.6493
324.70868
149.14056
8744.822
6968.422
3861.0117
0.0
57869.71
1954.6309
0.0
1664.2178
0.0
5045.322
252.5722
0.0
2614.8994
151.9715
2303.1143
9885.405
11095.026
0.0
5077.078
647.4615
1508.5172
4687.519
565.2555
0.0
0.0
2940.371
4127.482
0.0
6843.383
0.0
927.61707
1915.4324
1156.364
3435.0723
0.0
0.0
0.0
3727.1592
0.0
146.43588
0.0
0.0
1692.9524
4844.514
2125.2183
5840.833
0.0
5687.496
158.89755
2445.0127
5614.002
46.73356
489.7528
4347.834
496.18146
4230.0537
660.76355
0.0
0.0
14578.857
0.0
0.0
0.0
186.019
1477.214
0.0
4196.7695
2818.435
0.0
2815.3464
369.03546
2589.074
2084.5085
13453.992
2090.3655
0.0
330.35156
11924.297
0.0
4336.212
1271.4414
0.0
0.0
2337.9485
0.0
1092.6041
3238.1191
0.0
14839.537
0.0
1429.4446
8890.786
6281.0073
43678.742
0.0
1122.3738
966.8246
0.0
3179.6484
659.72943
59.943222
2808.8098
0.0
0.0
0.0
515.55084
6093.3594
614.58887
549.18085
518.15607
9081.518
3931.6177
1059.5764
0.0
9028.9
0.0
1605.9882
46.241455
2384.7705
342.5613
4926.2974
47328.516
0.0
2564.7212
0.0
1224.7534
0.0
1019.272
0.0
2220.3926
1422.9073
1183.372
0.0
0.0
516.905
1518.5347
17742.393
2745.146
772.36945
0.0
0.0
7705.927
2028.4175
269.2355
0.0
5978.708
0.0
1953.4529
336.79364
14632.152
0.0
5395.6934
327.89435
681.06323
0.0
592.66895
2873.9175
0.0
0.0
0.0
7514.204
1294.0706
3065.7764
1743.566
267.95987
0.0
3559.8247
10648.18
1409.3625
363.63318
0.0
5678.8813
0.0
12319.139
0.0
1976.4854
0.0
78842.766
856.2674
34.578682
170.00464
354.94424
312.38788
889.7285
859.8314
4969.4033
195.92648
237.0423
1738.2185
3640.793
2696.782
986.98254
1781.268
0.0
4356.1904
3806.5386
279.60306
1487.3005
5295.5244
2010.3923
1184.0999
557.95483
0.0
0.0
199.39883
7868.88
3122.7847
0.0
4849.5977
1035.185
0.0
0.0
0.0
566.5012
1371.2664
284.30652
288.06375
8140.3896
0.0
9123.079
0.0
2403.9524
3685.687
0.0
0.0
0.0
2220.554
1466.0625
413.2754
3148.8972
2496.1677
0.0
2817.3567
1892.7097
0.0
1306.8036
0.0
7235.2646
1913.441
0.0
1734.1533
0.0
889.89355
315.2077
0.0
12070.349
0.0
7388.9463
0.0
0.0
0.0
6394.6753
2287.7632
1052.6158
1120.7443
0.0
2371.274
4422.0845
2892.206
4345.012
0.0
28846.184
0.0
0.0
0.0
0.0
4810.9233
0.0
6837.706
134.4051
1113.398
46.219894
61.542007
1029.467
5257.012
1014.0382
22329.523
951.24756
12297.0625
0.0
1648.8748
3442.3672
108.5907
2498.6765
864.08093
2448.317
5131.435
1097.275
0.0
896.3942
9727.983
1221.3975
887.65735
5166.3496
4339.526
0.0
1419.2319
0.0
24808.43
6231.6885
0.0
1253.5225
353.9812
11317.184
912.19794
4936.1665
0.0
0.0
0.0
1091.7095
7050.9805
4663.615
0.0
105.573784
11887.328
85958.08
3061.8022
3460.213
10635.859
0.0
0.0
482.63702
0.0
0.0
0.0
443.62524
0.0
0.0
3878.671
1747.169
0.0
9811.726
1391.1613
4737.535
2956.9976
35096.273
7546.588
3709.6865
0.0
0.0
0.0
495.61746
1982.6653
4119.4556
0.0
1271.4563
0.0
753.1494
30766.64
1774.2627
0.0
6216.166
0.0
4939.4375
0.0
972.86676
4431.5186
66946.91
248.19244
22228.523
0.0
306.22992
372.46823
2451.737
0.0
8534.757
234.50606
2158.4536
2495.4868
9701.191
3795.067
0.0
2539.5337
0.0
4743.2363
97.00852
42.90761
0.0
0.0
0.0
0.0
4069.2695
0.0
767.1798
4353.24
6273.1035
33650.598
0.0
1763.3777
2423.4766
0.0
11741.016
155.4809
454.8479
0.0
0.0
1424.1174
0.0
0.0
3855.12
0.0
307.22983
1334.6927
0.0
953.05505
70.18933
68.627594
0.0
4173.468
506.01025
1527.3604
0.0
0.0
0.0
295.8834
0.0
551.0374
0.0
2268.5989
3571.3594
1068.1199
647.72284
1309.9895
350.8536
0.0
666.5104
5978.1978
2269.2102
9557.303
1516.5155
0.0
1863.5408
14973.069
6760.294
0.0
0.0
1816.5325
0.0
0.0
2266.2573
1399.4706
537.9879
0.0
0.0
4212.457
1462.137
0.0
465.07404
0.0
3148.8188
2814.34
0.0
21103.17
2539.6616
2065.6843
2915.2603
241.04938
73827.58
1304.6328
8196.806
0.0
0.0
0.0
0.0
1034.49
26197.812
0.0
772.77484
6059.9473
2626.355
4201.2217
7030.203
1517.0912
248.54631
6652.9546
311.36572
0.0
2653.1196
12792.591
1670.5594
0.0
521.4781
29340.162
3625.4
1008.44977
166.17006
0.0
3362.8252
124.41333
3434.419
633.11096
0.0
42243.17
14839.959
1293.185
1920.9248
0.0
0.0
0.0
0.0
2859.0256
0.0
3340.6626
1721.5435
0.0
7856.6455
0.0
3627.2354
250.30063
2214.331
0.0
2311.135
4132.658
806.987
0.0
0.0
1487.3322
1131.2078
10616.615
3085.0254
374.61945
0.0
732.6738
711.5453
0.0
1100.3069
1442.7091
1322.2694
335.8292
6452.2773
1124.6636
422.97162
0.0
431.58844
7008.561
7794.2104
0.0
1046.1072
0.0
889.91003
747.59894
1533.3744
0.0
0.0
6275.2197
11052.779
704.5143
0.0
566.5868
8386.784
22176.355
63.49939
6421.879
0.0
4262.4795
42892.637
0.0
10925.467
87.09622
5732.2627
0.0
24.913244
2294.6824
14535.58
11786.968
0.0
437.36035
3348.5042
656.4487
0.0
11983.029
3676.8623
0.0
0.0
0.0
23460.01
0.0
954.22485
196.35748
1163.5172
551.87537
0.0
1176.8391
6171.9854
550.00195
1297.8638
2863.37
201.29102
0.0
0.0
0.0
586.59314
1943.8
0.0
13367.007
188.27258
299.26178
1775.3765
70375.266
9375.303
2239.797
249.0672
423.8817
3111.867
400.0927
0.0
180.7127
7331.6562
0.0
28770.867
2628.4246
0.0
320435.2
1599.5591
208.43494
0.0
1050.5646
3792.9182
19480.695
0.0
52.2221
3188.8882
0.0
2131.1577
765.79236
4057.3618
0.0
876.0785
0.0
654.6128
3212.7197
5919.2383
23597.613
0.0
1838.658
0.0
0.0
0.0
6980.2
1598.0872
0.0
1102.3623
137.9304
3783.9214
4606.247
11688.365
0.0
1528.4199
0.0
35324.22
37370.17
133.28972
1591865.8
0.0
0.0
36583.406
0.0
247.6001
0.0
725.4269
0.0
2460.0483
0.0
2285.629
4196.197
0.0
2986.862
2334.0027
5169.2427
857.5362
2420.6292
873.5634
3976.9165
187.07254
0.0
988.6543
0.0
2634.2993
755.0009
1242.1677
3183.5103
0.0
0.0
2107.874
0.0
0.0
2433.1042
3933.1304
4607.4077
1957.1582
563.99316
9664.57
2639.0327
391.35797
1581.0708
2326.3914
0.0
305.01904
3852.2795
598.82056
1505.8563
0.0
0.0
0.0
12374.98
0.0
4311.462
14497.307
0.0
676.1642
512.04034
0.0
0.0
0.0
4087.227
0.0
0.0
0.0
0.0
863.0791
0.0
0.0
0.0
0.0
2429.5046
864.4945
1925.8546
1396.2866
10837.799
9619.974
820.55164
1601.052
187.35721
1515.3188
0.0
1148.7561
3737.9067
228.70581
104.9988
644.56445
12732.488
0.0
5422.3877
0.0
2366.6067
6080.4863
0.0
2047.3337
0.0
406.4482
0.0
0.0
5884.583
18029.707
0.0
5890.3413
30987.865
0.0
2197.7166
0.0
0.0
256.33026
5502.775
1407.4753
2579.6416
1075.37
738.07983
0.0
0.0
44189.664
9085.435
2171.2798
2988.6943
0.0
0.0
0.0
0.0
3571.7827
832.5421
2654.581
8599.449
0.0
140.27383
0.0
4260.843
0.0
0.0
0.0
0.0
443.49225
662.3878
0.0
0.0
30731.426
1206.1526
0.0
809.1259
1114.6848
2906.4229
51.04509
6791.282
0.0
0.0
104.246414
2828.931
3052.7
4150.49
2917.8125
1262.0582
1295.6251
329.7672
2438.3071
0.0
3342.931
0.0
4777.3784
1438.323
0.0
1737.727
3019.0396
5617.4053
1193.6447
0.0
6422.9526
398.6536
3953.2417
228233.97
6679.1143
248.43442
706.9814
4913.3203
9656.917
2484.141
74.972824
0.0
37612.613
2489.8843
1320.9359
0.0
394.5492
3455.802
29475.445
2344.261
2106.9326
1137.2844
0.0
805.57117
639.76294
1574.0903
4032.2336
932.67993
72.609344
152.63354
0.0
461.20633
1631.1233
5626.647
1744.957
2129.1382
423.1015
0.0
0.0
912.53235
4133.612
3225.1624
510.30768
7563.371
162.45132
2006.0029
740.4597
0.0
1388.6506
0.0
991.4627
178.26694
5565.5156
5581.665
0.0
1011.66895
0.0
5994.888
0.0
1202.6276
187.12079
555.9841
84401.86
7705.9824
8516.849
15919.796
0.0
0.0
0.0
770.50836
0.0
0.0
5144.5605
104.28868
0.0
804.7821
0.0
3059.176
3111.4478
0.0
5075.018
0.0
3640.234
507.0254
0.0
510.16565
117.89802
188.4101
0.0
187.07599
0.0
11717.429
136.12053
0.0
0.0
6900.2744
0.0
3485.4612
2136.1924
1046.9429
4761.207
0.0
0.0
0.0
0.0
2431.1545
0.0
0.0
1248.6294
3966.3904
4205.1562
2261.6206
0.0
4080.7021
0.0
2506.8186
158.53897
0.0
0.0
25390.021
14764.965
4223.2427
464.15918
2829.2236
0.0
382.0446
0.0
0.0
8505.845
0.0
1540.441
0.0
2776.4146
1889.0338
1352.9982
0.0
2102.7842
78.61111
2998.3813
2658.1235
0.0
847.9746
614.7971
6715.23
516.98114
0.0
1481.2588
5632.039
3525.866
10191.723
10321.023
831.8865
3593.4688
3635.803
3973.8044
0.0
795.73145
12119.873
0.0
299.4661
1213.9541
2990.8247
209.7337
9957.113
2810.8335
0.0
19984.936
0.0
0.0
0.0
0.0
1542.418
0.0
847.74207
3602.331
506.154
0.0
8.964913
4283.667
3945.794
2379.5073
19635.074
0.0
0.0
0.0
780.7892
7680.086
1707.8628
0.0
0.0
0.0
1228.0248
0.0
0.0
1265.7866
3560.8374
0.0
1343.752
3148.0986
0.0
0.0
0.0
0.0
0.0
0.0
0.0
2202.6863
0.0
463.79123
520.4465
0.0
0.0
191.83812
0.0
0.0
0.0
36.194588
663.39404
1437.0394
0.0
0.0
0.0
1285.562
1407.855
5460.8804
0.0
142.63768
0.0
539.03687
23512.895
0.0
150.40625
2215.382
24291.988
0.0
0.0
0.0
0.0
590.1124
2192.4104
0.0
754.8761
2379.1104
16880.5
1554.0493
2330.5386
0.0
28230.117
0.0
2616.3677
3894.6243
1339.4231
5031.3467
1810.8604
0.0
0.0
1430.6394
0.0
1440.3079
0.0
395.942
2713.2666
0.0
5290.009
8700.934
1547.3763
0.0
906.1988
636.667
0.0
1186.4614
2807.8276
0.0
544.19543
35830.875
713.0836
0.0
1204.9158
1576.2762
22299.38
1361.0034
0.0
645.7436
1518.2273
2465.6904
42379.86
0.0
0.0
0.0
216.16397
3858.7573
164.06439
4478.598
246.87448
3149.814
0.0
6205.4673
6448.712
1370.4773
0.0
0.0
950.8742
0.0
2426.8853
1872.1489
718.4812
0.0
775.2021
0.0
0.0
1843.2444
0.0
0.0
0.0
0.0
23399.242
10730.426
28568.64
0.0
0.0
0.0
2416.67
1892.0851
240.80289
4393.455
3023.5957
7680.626
18881.82
107.301674
298.14792
2869.5662
2151.8706
790.2554
0.0
4815.5757
47.796494
1796.1907
1580.2745
0.0
0.0
0.0
604.33435
0.0
518.0802
0.0
0.0
0.0
0.0
784.9756
4580.001
1174.6992
0.0
487.16287
47.860836
0.0
0.0
499.2813
499.05817
0.0
1819.2042
0.0
0.0
0.0
0.0
9728.781
2936.3647
0.0
6675.509
405.65314
1113.3064
0.0
982.1666
0.0
4603.1562
0.0
0.0
0.0
2737.0737
0.0
2614.5215
0.0
5730.6313
1592.3866
0.0
0.0
242.67941
473.1507
185.45706
667.4657
0.0
0.0
4066.0293
8868.695
0.0
421.6177
4604.3115
1529.7292
0.0
85.03323
3436.6245
5420.5605
2264.4602
300.08868
2459.9587
3810.6733
4993.2583
2600.8425
0.0
76357.875
0.0
543.16064
2250.7463
3529.5825
0.0
632.20703
428.41534
3624.4226
1510.3464
0.0
0.0
9485.846
0.0
3804.672
2133.4468
709.1142
2429.4124
0.0
1365.1145
4684.598
0.0
0.0
10341.364
2615.8672
0.0
3329.4434
9768.99
0.0
12211.244
1948.7776
591.80237
4547.5703
86.51756
3340.7817
0.0
1817.1404
0.0
0.0
2500.1858
0.0
0.0
0.0
0.0
345.6553
0.0
5966.2246
1010.01416
26.715363
1954.1301
1118.6388
6756.9746
10365.758
4299.019
960.2355
14976.535
522.82056
2477.622
1767.8782
0.0
0.0
306.1486
0.0
3943.5474
0.0
10638.156
5863.253
0.0
0.0
0.0
0.0
4913.7095
3957.233
0.0
2937.8196
10569.371
6384.3936
719.0099
4176.1006
1133.6072
1900.8164
3122.3696
0.0
9505.96
9368.318
813.5432
481.59552
6300.4062
0.0
0.0
3495.8833
4628.476
1198.2008
0.0
2400.3315
0.0
0.0
0.0
1076.4065
0.0
0.0
69.013504
425.1519
0.0
1098.5493
0.0
1566.7686
95.23041
0.0
4964.06
0.0
0.0
4129.889
575.0772
3495.9888
300.37543
0.0
0.0
3905.58
9996.774
0.0
14119.744
0.0
179.2938
0.0
1798.2532
11163.303
2130.5657
0.0
3986.61
235.21495
0.0
3139.8535
0.0
13288.445
5155.0664
84.58511
0.0
165.18906
0.0
0.0
0.0
0.0
0.0
2304.9568
0.0
3875.277
135.6896
0.0
0.0
0.0
800.6214
6898.547
0.0
0.0
2890.5552
16685.02
0.0
453.7235
729.90424
0.0
0.0
2078.405
2390.351
0.0
857.1425
530.47473
0.0
1240.3378
843.153
0.0
791.9855
11990.631
0.0
0.0
2165.9988
7.9849243
5822.0957
0.0
0.0
64614.875
3509.813
2495.1885
0.0
2112.6477
0.0
6948.873
15997.721
0.0
1665.7987
0.0
12073.447
0.0
0.0
0.0
13140.355
2087.9631
0.0
0.0
2014.4293
133.87723
0.0
2841.193
0.0
149.39421
249.78064
519.73016
0.0
8724.637
2584.332
2069.7437
1009.47156
9058.114
206.72305
6006.6094
55013.242
0.0
0.0
759.0946
640.9876
0.0
5180.1025
79302.8
2664.141
1130.0226
0.0
1533.1895
3144.2993
0.0
139.70837
1279.5579
2602.2861
1002.4768
0.0
0.0
0.0
1916.2275
0.0
0.0
4803.911
0.0
1915.2427
863.9014
0.0
1329.859
597.153
0.0
0.0
0.0
11578.409
6431.9766
12820.235
0.0
580.70044
808.0342
10231.48
3864.1133
4225.617
7270.299
0.0
509.12238
0.0
6030.459
9480.777
526.69495
7037.0645
7103.561
1375.1508
811.47437
0.0
0.0
243.3559
449.00977
0.0
1382.0708
0.0
8757.426
2880.9365
558.9327
3083.5671
0.0
3110.7607
0.0
2430.0132
0.0
0.0
2007.8904
2751.4219
0.0
0.0
7516.914
706.9291
689.3554
1005.34753
0.0
5672.4346
502.44818
1427.5482
0.0
383.84186
0.0
37928.766
1639.7759
2409.7234
6395.5054
0.0
813.5942
0.0
11597.998
3882.747
1501.1688
0.0
1682.9854
1025.9645
2658.441
0.0
974.896
15061.803
323.40533
1068.5452
4308.288
2545.9795
0.0
1995.6252
0.0
0.0
1596.499
0.0
0.0
2244.7202
385.3622
6826.743
0.0
0.0
1378.4427
0.0
1000.2262
4703.5527
13803.043
4830.024
0.0
4687.833
0.0
318.03778
2412.8333
0.0
0.0
0.0
318.61584
0.0
0.0
0.0
0.0
2350.4053
0.0
931.04004
0.0
22377.25
2573.773
0.0
292.01645
0.0
974.66785
225.48114
1997.1729
6653.5166
2594.821
10913.499
552.33234
0.0
635.77954
0.0
0.0
0.0
635.2103
0.0
0.0
246.80055
1124.8394
1150.728
3001.4358
43.900963
266.95593
59.59153
3060.4
369.63037
1884.4783
2231.7231
17280.672
4477.2383
1873.5472
5614.2783
0.0
0.0
9262.926
0.0
2562.7031
3271.7397
1905.7454
3555.248
168.43442
358.03735
0.0
21012.1
1805.1887
3911.2305
231.93584
487.17957
17.278557
0.0
0.0
636.5631
0.0
12808.311
4196.4463
3078.4817
619.77466
0.0
0.0
3924.4746
0.0
192.56104
684.69037
463.25256
0.0
5955.8047
5050.3296
2976.0847
389.5843
177.41032
4815.5586
352.81326
6765.012
1435.991
0.0
0.0
8112.998
0.0
0.0
6464.8594
967.8429
5857.5005
1399.4402
14135.119
0.0
0.0
0.0
0.0
628.4365
0.0
0.0
48779.504
0.0
6254.516
0.0
54333.734
951.8661
3592.516
1226.8805
12566.267
4604.1313
3723.8477
12739.844
2851.4072
1699.1877
837.9241
1519.3527
19982.324
3362.0083
1660.1868
101.34442
500.74762
1381.1285
0.0
9180.736
6771.6104
23.718643
2278.2734
0.0
0.0
5274.552
213.94272
783.0687
2499.0781
297.74396
1868.8611
2699.5828
4997.095
15405.008
0.0
1315.7891
284.83185
0.0
5016.543
0.0
5.93573
0.0
2933.814
0.0
16531.031
1092.9773
0.0
1853.3215
2893.939
9259.775
40737.203
8965.611
0.0
0.0
2702.2163
6255.933
3503.8745
0.0
5298.2026
13980.129
3323.4246
772.3596
0.0
37672.664
0.0
3953.6934
9272.477
297.30518
2403.314
3078.7087
3466.5857
48593.55
0.0
1307.1593
2866.552
137.70255
4316.1143
1632.0037
615.03687
742.7726
1118.9517
17631.846
193.66002
807.6603
0.0
0.0
1565.0365
1607.9135
5473.0063
0.0
933.849
0.0
1046.4843
0.0
7771.417
0.0
0.0
0.0
1082.6829
8806.438
0.0
622.1024
1364.3923
116.14725
4344.01
0.0
2359.1538
621.3574
3363.5466
835.2238
2659.8877
190.22269
1926.3885
0.0
1145.89
2281.0388
1316.2574
3253.625
6649.475
1939.379
0.0
344.69775
4040.501
0.0
29770.352
887.2905
15283.566
2948.1523
2580.2017
0.0
5991.4434
0.0
537.13574
0.0
1903.2205
1567.3384
279.15417
111822.016
691.2318
5926.507
990.8087
3765.9
0.0
404.69836
1522.3816
0.0
1680.362
512.1859
0.0
1908.9504
1939.5479
1570.3564
8662.635
85.3054
881.63324
10484.975
112632.97
1337.2164
949.9546
287.82965
1904.1328
896.6385
0.0
0.0
295.2779
1666.009
880.823
855.72687
0.0
937.2041
0.0
7895.1294
0.0
130.63112
17392.305
1198.1615
984.1346
0.0
4380.657
3384.8438
2647.213
727.74036
3054.2593
0.0
0.0
3368.2554
1230.27
755.0798
2852.2754
0.0
0.0
762.34125
2610.3774
1488.0586
11650.463
0.0
0.0
0.0
124.87107
245.08694
2352.7043
2763.745
0.0
2578.2893
0.0
10457.248
0.0
13349.8125
0.0
0.0
367.16583
1052.353
1232.4065
594.1842
0.0
186.95462
0.0
1019.1481
775.90027
112.73143
5162.6074
1858.0049
919.77484
0.0
7939.255
1258.7933
1170.7579
3116.715
0.0
7346.1206
1246.5771
3813.978
3958.546
1285.0717
6470.087
247.27126
0.0
0.0
0.0
3434.8337
4906.484
36.751953
0.0
2013.6182
0.0
0.0
297.20148
1355.1055
0.0
0.0
359.7758
189.66367
1475.3694
2310.2944
1288.5549
9972.283
3332.0166
3867.2163
137.99971
2124.066
733.71533
1965.521
0.0
1960.5779
0.0
0.0
0.0
474.0196
0.0
277.14578
0.0
0.0
152.03998
192.07574
4190.8516
1212.4579
266.42398
2695.8806
712.11365
0.0
599.8181
29631.297
2550.5056
4063.1497
1378.3782
4215.3945
0.0
1691.346
0.0
0.0
0.0
23650.39
0.0
0.0
112.56662
0.0
0.0
1097.8313
10498.117
0.0
947.7835
0.0
0.0
0.0
1159.6951
27931.254
1724.4941
9651.131
8382.619
0.0
0.0
12552.137
0.0
848.479
38710.555
0.0
4688.7983
0.0
0.0
0.0
2943.0562
1221.9912
0.0
0.0
692.7635
0.0
0.0
4574.367
1786.2458
4091.971
4958.56
0.0
7196.051
11205.84
2969.8242
113.39162
3672.802
0.0
0.0
2631.0378
0.0
52385.805
1053.5802
1889.8591
279.29883
1611.5164
0.0
734.3418
15152.586
0.0
0.0
9566.149
2041.047
1389.8231
0.0
763.8548
965.82666
2476.0752
0.0
0.0
3851.5735
679.43054
0.0
0.0
609.1563
0.0
0.0
540.65125
6150.594
1024.557
0.0
0.0
0.0
1740.4677
638.5924
1041.028
445.66125
781.0128
2253.832
878.1897
1202.4954
3959.1455
0.0
0.0
433.987
0.0
931.4392
0.0
3933.7534
0.0
1230.0057
17351.516
0.0
2146.087
0.0
0.0
1620.3119
5440.3223
320.878
0.0
17487.736
796.2444
2172.7732
3505.8198
1217.7189
1745.9178
36723.574
404.3996
596.84937
2731.38
0.0
0.0
0.0
308.06143
962.58813
0.0
1446.5262
2105.4866
432.66504
0.0
7661.1543
1011.8162
0.0
1370.3745
3975.1035
0.0
4748.321
0.0
0.0
5832.9204
0.0
0.0
0.0
6480.2344
1978.5977
2051.7415
2713.1606
0.0
1284.6206
2748.4607
282.21173
2039.4363
22.608349
0.0
2636.159
0.0
30910.602
90.62846
0.0
1645.3656
2254.7014
5637.171
2818.6968
148.35593
128.79526
0.0
0.0
28.572021
3274.4795
2293.505
724.44727
1229.2487
7603.171
1196.8306
0.0
210.63257
0.0
248.30493
13856.489
0.0
2847.1838
2239.269
0.0
0.0
11352.66
762.6725
1777.3531
1641.6023
3155.1665
0.0
232.80246
2339.3474
119.558365
0.0
0.0
45.272583
7529.1294
0.0
3764.255
9888.146
91.65167
88.441536
3099.1895
0.0
8889.58
1305.6954
1651.6147
2404.5662
3091.558
0.0
3658.678
1657.673
8744.592
1258.7413
0.0
0.0
5506.279
0.0
1194.4845
0.0
448.77652
0.0
703.29047
0.0
0.0
96.080345
4109.153
9454.777
0.0
4059.222
2375.273
0.0
3114.6812
0.0
10357.035
0.0
2944.886
814.4911
9270.432
0.0
0.0
488.69702
3771.653
0.0
0.0
0.0
0.0
513.75525
860.9867
0.0
543.41754
85.719955
7918.365
5255.0786
0.0
3789.231
414.02496
3353.4893
2416.716
0.0
0.0
0.0
3108.9626
1112.6691
15274.674
136.7782
3249.2388
10131.51
81734.39
1014.6892
4463.6875
8821.616
3257.596
0.0
2007.7178
929.83234
3773.401
12111.211
0.0
1992.2529
6997.797
0.0
387.8136
0.0
668.453
0.0
1623.7869
0.0
22368.668
0.0
6816.5127
509.83282
0.0
3441.933
1989.6792
1005.8766
7842.166
369.85962
5411.997
0.0
0.0
0.0
3109.3218
6288.823
2238.497
0.0
6193.164
271.05945
39.37792
55117.02
1941.7244
3549.7021
311.24802
2441.058
2494.2266
968.822
2792.1262
1077.7091
0.0
170.72188
0.0
2921.4182
4491.184
18086.385
460.72784
1055.2942
1162.121
1746.8947
0.0
5420.825
2960.4417
6144.0615
0.0
0.0
184.20177
0.0
0.0
0.0
2476.1458
0.0
0.0
6785.1963
54.71679
279.98013
2537.415
1405.8448
0.0
2256.5066
0.0
0.0
2496.1763
18065.793
0.0
0.0
1173.6902
1668.5503
6692.25
92.855225
0.0
241.34363
985.17236
1047.5547
0.0
1907.6797
2737.1877
7620.0156
1373.0446
1922.7373
7764.2383
1150.1694
5154.3496
0.0
3521.1096
0.0
0.0
1863.1134
0.0
2119.4316
1510.5564
635.7745
629.99176
0.0
0.0
557.11957
527.1834
360.07138
0.0
1389.5372
3576.3396
4934.6455
108.01641
6849.3174
3994.6777
858.3347
0.0
1046.3385
4523.8047
0.0
0.0
4372.195
527.1562
0.0
0.0
6939.305
11163.927
0.0
358.4071
2506.8276
0.0
7014.044
1375.9808
599.5327
9922.601
918.6948
0.0
1857.1842
0.0
16010.061
0.0
2282.4246
3000.4219
0.0
0.0
3505.77
1283.7949
2279.0693
3823.7275
179.15585
1741.8484
1842.0355
2923.7002
4644.2324
57681.56
5084.92
1005.02167
1748.7747
5110.3066
0.0
3790.675
0.0
137.4826
7181.6343
1629.1508
0.0
5185.811
876.14197
1628.2349
2203.4607
0.0
2045.4485
1486.1921
1196.111
5454.795
3860.8584
375.43213
389.07208
315.9713
0.0
0.0
1584.1157
10326.487
206.59126
10852.264
0.0
5918.504
1669.9922
2287.1392
1941.8774
1329.8955
0.0
2775.5571
213.51433
4042.026
0.0
0.0
0.0
0.0
291.47995
1620.3008
0.0
1560.3379
148.27097
140.68636
2388.278
620.6461
692.9799
0.0
1426.2241
124.90387
17.762726
3703.2769
383.2579
2344.5198
0.0
786.67944
59.371487
0.0
2033.4437
2127.3118
536.0546
217661.11
297.9809
221.34903
0.0
0.0
695.06494
3048.0103
0.0
0.0
452.77338
1424.1519
1776.9148
1044.0946
0.0
1296.233
0.0
1852.7756
2913.6582
270.87146
9628.869
336.5791
913.631
160.18068
1740.482
58.897408
0.0
0.0
6606.0703
0.0
2946.9917
0.0
415.10663
253.95944
1862.6783
15461.656
1182.3934
11065.644
0.0
62411.363
0.0
0.0
1278.1111
217.50851
1924.0134
0.0
3781.2085
0.0
977.8363
1910.8372
0.0
0.0
21931.898
0.0
4072.6865
2382.9033
195.75949
0.0
1984.842
172.94994
0.0
22.0276
991.21466
150.01077
6728.1943
2738.0894
0.0
1061.7334
0.0
626.963
0.0
0.0
5812.293
892.30945
0.0
0.0
0.0
0.0
0.0
4227.435
1057.3711
0.0
1154.5728
17669.988
1055.9294
1665.5646
1725.039
0.0
801.93317
1014.45416
365.46628
0.0
4416.5435
4144.9316
10563.362
80.02531
324.38055
7512.1973
0.0
493.64325
10082.431
0.0
208.596
380.2597
758.26807
0.0
16926.363
0.0
13579.25
0.0
3023.2024
2191.2544
0.0
1974.2017
30865.234
2162.3984
1186.4971
2260.6838
4055.1567
915.157
2817.622
972.9568
2961.0269
921.21545
1159.7919
0.0
286.06052
6738.866
0.0
0.0
0.0
0.0
76.29362
171.56293
15866.648
2364.7932
5957.677
454.58875
0.0
0.0
1573.6866
1870.2898
0.0
1022.4556
0.0
6774.9697
0.0
1011.38525
0.0
6129.8047
86.45532
0.0
2203.5796
0.0
2535.4624
2138.8633
11185.745
3871.888
884.89
668.62695
0.0
4799.1094
1058.3387
51.145573
2179.563
0.0
0.0
95.51353
18872.178
0.0
1751.6656
0.0
381.31137
10139.53
0.0
0.0
0.0
19783.34
0.0
3047.3777
0.0
1847.6952
0.0
773.2303
0.0
0.0
1554.7368
43739.324
2568.292
14994.41
0.0
2988.016
0.0
176.39407
0.0
0.0
0.0
2129.4683
3606.6733
1494.7887
3267.7056
0.0
3359.3276
20710.76
1681.8119
280831.94
176.68607
4736.466
2256.4902
77969.24
3075.7202
0.0
2767.4758
0.0
0.0
4179.9014
39472.35
0.0
1759.3618
0.0
0.0
0.0
14936.271
11.03029
8025.6885
0.0
1927.1802
995.11035
246.82397
903.71936
155.34143
4234.388
0.0
3920.2217
379.39554
0.0
4832.2637
3815.067
0.0
0.0
2823.5303
0.0
4271.641
82.69466
0.0
0.0
0.0
1919.7203
5348.4297
1706.9807
130.96788
159.38522
158.38293
2164.4104
495.2898
0.0
0.0
0.0
26080.2
1416.2406
0.0
0.0
1944.4689
124.28522
1401.4502
755.6785
3381.3208
13556.008
0.0
0.0
0.0
0.0
250.91373
0.0
2360.0002
4224.852
380.0399
989.3181
913.69226
2321.4304
471.87286
3220.1328
0.0
9618.936
216.27838
1432.0549
892.9918
4140.0347
19138.963
1171.3901
306.66428
1818.848
0.0
15309.203
0.0
0.0
45472.21
819.8312
3615.7817
0.0
5679.1357
8833.967
0.0
0.0
0.0
0.0
0.0
8991.612
0.0
8104.577
16.907053
0.0
0.0
0.0
234.05719
826.7659
11800.008
0.0
717.1198
3226.1855
3427.4941
2484.8606
1453.4539
1034.2365
731.3114
614.3313
2269.2646
106.98311
2297.0667
3283.7944
2217.608
19688.754
854.3104
0.0
161.7746
1916.9382
1100.6965
95.93442
3565.0542
442.82416
0.0
8227.203
1924.2986
2894.615
5988.3945
3472.9946
167.9493
924.10547
0.0
0.0
2431.4526
7095.798
1143.9324
0.0
130.54456
561.8157
0.0
0.0
1815.6309
0.0
0.0
106.74833
3219.396
0.0
1573.5426
1446.4791
627.2338
14231.154
6936.369
2163.8926
0.0
0.0
10580.521
713.042
31.546614
1337.2451
2779.5981
13751.712
4138.1904
0.0
218.23267
3983.0156
1915.3939
863.68463
3488.0303
17588.56
0.0
0.0
46.34608
15375.227
34.82568
5375.6772
0.0
940.89386
0.0
5099.785
5081.6553
0.0
44224.156
196.55042
5.589676
917.75934
0.0
0.0
555.0711
1487.4705
29256.672
3355.1438
280.5141
1956.6882
7842.926
419.1646
0.0
0.0
0.0
0.0
0.0
42999.145
390.48016
1732.5532
0.0
0.0
0.0
1341.8887
1611.6677
3282.1519
3154.038
0.0
8773.551
0.0
0.0
5355.287
1160.0117
1253.2239
218.4289
3887.976
2167.219
0.0
0.0
0.0
1639.8013
1679.6664
4240.765
3867.3132
900.29767
2540.014
1277.06
860.7415
0.0
997.86
5976.3066
0.0
5901.418
1574.4114
2059.2925
2251.7383
7456.0576
922.10675
53345.945
0.0
20164.41
933.7801
1403.4028
890.85706
44783.027
0.0
1555.1191
2461.6143
1006.3124
2456.0222
1030.8168
4834.886
0.0
1317.3062
2074.954
787.48987
2493.7854
120.46074
0.0
0.0
9793.271
0.0
0.0
0.0
1459.7302
580.41504
2318.3042
364.23077
131.24883
643.1289
2067.2383
0.0
671.904
0.0
1535.2087
9032.771
0.0
96430.62
512.3385
0.0
2920.6138
1417.6328
4593.283
23113.992
0.0
2765.5054
2197.6802
3566.0093
95.63988
10362.175
441.15857
707.5315
1837.3782
0.0
2493.244
5226.7754
9.16951
1726.7717
152.90613
5231.9966
3397.9233
6932.233
1030.9392
0.0
3158.3333
729.468
2134.9604
1356.1711
1788.4972
0.0
0.0
5946.3486
2036.175
287.8371
2193.9111
0.0
0.0
0.0
4770.934
95.390274
215.4366
0.0
0.0
2782.4707
888.6718
921.80237
857.048
0.0
859.9321
1290.6553
382.9964
0.0
0.0
978.7156
0.0
4672.6445
1654.7258
430.6326
664.64746
1034.9556
2946.1348
2191.127
0.0
1379.795
366.34314
3148.0308
0.0
2953.4556
959.7727
1395.6082
1766.7659
1266.7314
527.48206
0.0
1483.5564
0.0
0.0
6744.8135
0.0
5344.0205
0.0
1921.2054
1849.9783
614.05817
0.0
17110.44
5352.2324
383.3944
0.0
0.0
1446.4828
315.30353
0.0
8393.265
0.0
0.0
2200.3616
0.0
3430.713
187.617
878.98175
2781.4788
1999.1924
1198.5249
1557.4508
400.00797
24413.164
11644.52
300.10156
743.01514
5107.015
3593.7158
7139.6533
0.0
1448.0708
434.48712
0.0
5928.5547
2293.5376
0.0
1813.5442
0.0
2859.3506
594.2749
1191.783
0.0
0.0
0.0
0.0
0.0
0.0
0.0
2499.2817
0.0
2181.4985
3.9993896
4491.8193
0.0
0.0
4729.927
2738.1172
0.0
2974.059
14594.168
3689.8416
0.0
2264.032
15910.078
210.54759
2256.0415
174.09572
3102.9639
2693.7798
0.0
3195.6968
20611.504
7088.9805
958.3225
0.0
0.0
1472.4207
43031.523
1942.0902
2405.3127
1031.2051
507.3365
0.0
646.97095
33355.203
1053.8427
2866.8655
0.0
190.98334
1761.5104
223.76553
0.0
5004.1523
4099.533
8732.643
8961.025
0.0
31602.148
527.79987
924.49963
0.0
22.58368
0.0
23440.045
281.25763
14619.524
1377.4233
2009.8696
0.0
0.0
18820.316
795.286
0.0
5006.454
1027.0344
5942.378
0.0
3227.4888
403.81604
0.0
2132.2852
867.78345
471.7085
0.0
507.4323
341.0758
2014.1626
4491.4546
0.0
2390.8481
4608.584
72.66082
0.0
0.0
7777.3467
1126.3779
0.0
17238.121
4999.006
187.34534
0.0
146.44229
344.96844
142.95099
0.0
4577.387
0.0
342.12292
2561.4106
124173.63
103130.66
5322.471
292.3069
3196.437
0.0
0.0
1647.6874
0.0
586.39197
377.71002
2490.8533
18425.982
0.0
2268.793
1649.4719
5401.6074
309.01324
0.0
10723.617
207.85742
1356.2072
4001.7673
0.0
29.573029
380232.5
1787.8525
18454.158
0.0
0.0
7517.0254
0.0
0.0
116.90066
0.0
283.87894
4806.877
225.27289
110.77338
0.0
147.71819
0.0
502.9029
0.0
161.82822
1832.7415
7673.326
2571.9478
164.28517
4662.6387
4656.2764
424.0556
0.0
2766.882
89.46887
1770.6273
0.0
17806.191
7217.716
1576.6924
1847.1151
0.0
14391.388
0.0
0.0
3971.4075
2628.7725
2469.696
0.0
0.0
0.0
2396.0298
39447.125
0.0
24091.027
0.0
1712.3013
6530.873
4771.3306
2429.109
688.4071
0.0
4559.548
1337.7294
80987.39
702.70447
0.0
0.0
0.0
0.0
3183.3994
0.0
2357.893
1875.5996
10406.293
1843.1277
1359.2253
2461.366
0.0
3524.1548
0.0
793.88763
7002.7554
2301.5935
0.0
0.0
6549.4463
3999.5369
0.0
5020.0176
2626.7925
0.0
0.0
3247.586
0.0
762.3499
0.0
8767.545
0.0
0.0
1671.5002
0.8269615
0.0
3326.437
8624.671
0.0
1392.0974
17078.078
2229.6963
8040.95
0.0
1134.7661
259.7765
11978.752
4090.704
1316.252
0.0
3354.6274
672.0813
797.22186
646.34766
0.0
1188.8147
0.0
0.0
8165.8403
2420.397
4599.486
1071.9985
0.0
2298.42
0.0
1256.8755
3725.5996
0.0
5446.722
815.8857
0.0
2221.4927
0.0
3921.03
1568.4941
0.0
11161.981
425.84003
0.0
0.0
1530.706
0.0
0.0
0.0
2870.2363
0.0
0.0
0.0
1090.3948
1867.3862
175.28015
3396.0127
4881.998
0.0
0.0
0.0
1494.0621
2450.4817
1873.7458
0.0
2028.7042
931.74414
1477.7183
0.0
0.0
0.0
0.0
2038.444
0.0
1460.6261
20.388157
11696.596
0.0
0.0
167.511
1262.0476
3896.775
2334.668
0.0
4747.204
6705.5605
0.0
0.0
0.0
16028.703
890.327
0.0
0.0
8282.506
7158.164
266.56744
3452.4514
1028.7676
714.29816
1627.0154
312.89862
0.0
5397.9453
2326.7808
0.0
0.0
0.0
0.0
1036.9043
0.0
0.0
2490.2998
0.0
0.0
0.0
435.12427
6294.2715
780.9453
0.0
2501.7725
2108.4146
3903.788
2686.7126
1390.8153
157.08649
26201.508
0.0
334.02673
1258.3877
2190.9949
2108.5723
778.89795
0.0
2019.7615
0.0
0.0
0.0
1749.6965
477.52356
0.0
182.50038
34.196
4976.22
4511.454
0.0
1694.1874
0.0
4628.815
1113.6604
4285.99
8355.279
795.619
2268.309
5557.5273
2058.0789
1349.646
0.0
0.0
5931.5645
290.04993
1334.9229
0.0
5776.3794
2156.395
0.0
33.04376
5784.991
68.707214
0.0
130.9265
0.0
2685.2263
592.26746
14795.484
888.0251
3010.8582
165.10333
0.0
3046.75
2906.6582
0.0
1762.731
0.0
16282.637
0.0
2291.2258
842.54456
0.0
1470.835
1977.9866
0.0
0.0
116.64472
4200.944
440.88055
6524.9385
2559.5486
30205.646
1732.8179
0.0
1195.3414
855.6822
68968.58
106.339516
0.0
0.0
0.0
971.86566
0.0
8186.1914
0.0
168.84308
1087.0841
4198.9844
1118.1869
2561.9626
2565.978
52.25497
0.0
1432.5979
109.486984
1089.925
0.0
1717.8738
2116.6042
0.0
69.298325
0.0
0.0
10908.732
2295.1025
0.0
179.97833
0.0
135.28394
803.2697
0.0
0.0
0.0
0.0
0.0
0.0
1104.3708
0.0
10670.244
3262.6655
2430.9253
2760.4973
0.0
249.06902
0.0
0.0
42370.176
0.0
0.0
0.0
13152.144
2553.9102
459.17993
5206.1543
3564.4087
0.0
6002.759
2363.2073
0.0
0.0
0.0
0.0
311.9713
4567.8086
0.0
2552.5613
446.2954
4022.3467
1658.1245
0.0
1156.8108
6326.878
0.0
3293.9233
1464.1362
630.0384
229.71555
0.0
772.30566
387.5492
0.0
5339.0566
1152.4967
0.0
0.0
324.20132
0.0
20522.0
2663.0864
400.98685
0.0
3415.4663
0.0
459.63684
0.0
0.0
3393.065
1559.1572
974.1426
514.3486
0.0
258.52765
5390.0537
0.0
5383.1514
8358.015
0.0
0.0
0.0
72.252464
0.0
968.48706
724.6474
7097.9414
9033.229
22118.945
0.0
0.0
1032.0901
7556.8706
496.12515
54375.32
7779.8984
0.0
3281.5833
4212.9106
0.0
0.0
0.0
11547.391
2325.1816
9918.315
556.39233
619.1062
0.0
1143.8684
809.9418
0.0
5126.027
18382.227
0.0
0.0
37647.875
4379.605
36.732582
2668.878
150.88686
1340.5032
418.18112
919.53815
2182.9998
2775.2847
4235.0527
717.6062
37523.812
234.50127
1423.3862
0.0
449.94153
0.0
0.0
2944.9746
2096.171
1816.6008
526.06915
732.8356
0.0
0.0
3007.6975
0.0
9206.4375
2540.7979
1948.1394
0.0
767.6206
0.0
486.15485
32781.586
226.58917
4441.329
355.76154
0.0
923.3004
982.2074
599.2394
0.0
1917.2601
0.0
21195.766
0.0
11029.689
5806.7197
10372.207
0.0
6070.2334
0.0
985.61316
0.0
3558.0667
0.0
1347.5807
0.0
359.80252
1254.1528
5353.329
8.68211
540.7649
5399.6016
0.0
6940.8994
0.0
1644.7454
1848.3193
0.0
3093.4053
2948.3613
1315.9006
12613.877
275.87994
0.0
3345.0918
0.0
29279.094
1438.5377
0.0
2855.7021
969.7117
0.0
0.0
0.0
375.229
2971.167
0.0
466.56195
0.0
13.470963
31746.59
1853.6155
0.0
165.3761
0.0
147.70045
2518.0178
83.61315
0.0
0.0
0.0
601.6951
7339.9873
2134.9248
4169.0225
128.49783
648.2182
4955.663
41286.168
1078.2778
2310.6724
19179.125
2294.0388
50.117096
126245.81
0.0
0.0
21584.643
1122.2856
5165.771
0.0
0.0
530.0985
1202.2693
0.0
1450.3031
0.0
84.36374
39.730568
3594.3442
3570.9526
61384.055
1863.3956
1665.0714
1617.5842
6716.3926
1397.6023
169.87888
0.0
0.0
23377.13
0.0
13114.735
124.5407
2417.546
0.0
0.0
299.26996
7352.6753
195.91895
1873.7814
3178.6099
10947.973
14690.121
0.0
1944.4656
5883.8906
3888.2551
9581.344
0.0
0.0
0.0
0.0
612.4299
0.0
3953.1406
1969.1561
3852.2795
0.0
203.22287
0.0
0.0
0.0
3443.6365
2081.825
0.0
986.4196
0.0
3168.1829
2829.5647
63436.26
1400.2988
0.0
21.828918
2489.905
16306.559
3873.2534
2576.803
0.0
0.0
518.57874
0.0
0.0
116.558815
0.0
2744.683
490.45578
8990.72
0.0
0.0
1526.7961
1788.7358
0.0
4717.1973
0.0
2392.3076
3078.6091
302.50183
1229.2065
2722.01
1491.6738
4140.0557
2082.9263
2126.906
1346.8805
0.0
5373.3794
0.0
1343.6921
323.38623
6365.825
0.0
0.0
0.0
679.11176
0.0
0.0
0.0
0.0
4913.7275
9525.89
0.0
7211.043
0.0
0.0
0.0
2854.5518
0.0
1781.6031
0.0
1037.8701
440.5105
0.0
16560.336
3223.6475
0.0
1287.2823
1515.8549
7885.1094
0.0
0.0
228.56975
2418.5715
76.48207
1201.9731
0.0
0.0
15403.556
2019.1233
0.0
5198.7715
2327.0427
6796.17
187.28123
0.0
1758.6726
558.56213
0.0
0.0
12043.162
369.30658
0.0
0.0
1574.3506
63.49238
1355.3523
1961.197
6533.1953
4284.0845
0.0
28673.336
0.0
272.21176
2011.1406
919.9974
313.2338
1399.9366
4868.3545
3241.0078
47342.38
0.0
0.0
11574.285
929.1191
3096.5742
38293.12
0.0
0.0
2166.1099
0.0
2607.0762
0.0
0.0
62079.773
1612.7988
3099.7725
2022.7695
0.0
83.2667
0.0
0.0
0.0
0.0
205.21805
2994.9668
370.14868
17.448288
0.0
5079.3154
8308.786
13588.158
3908.1833
1945.7466
692.5776
0.0
0.0
3850.2373
3782.1584
3497.393
0.0
5010.1343
867.79736
0.0
4217.7275
0.0
0.0
4216.9473
7862.0264
0.0
3367.7854
9579.716
0.0
618.8618
308.5328
1666.509
20915.244
2527.1477
1461.1968
1239.3617
4367.0664
0.0
0.0
11098.549
1021.4399
793.08325
2469.0015
11624.121
940.45337
0.0
3006.9873
1536.9409
1521.426
37802.723
0.0
325.35706
0.0
3628.7078
0.0
14244.464
22182.18
0.0
0.0
1596.098
1807.9651
418.67505
764.5748
0.0
48415.156
0.0
0.0
0.0
0.0
57.642258
0.0
1444.3455
0.0
1976.3386
63854.65
1651.0642
469.45383
0.0
647.00195
2084.761
368.8797
17831.55
0.0
3655.5312
1193.0555
98.15937
3692.8022
0.0
52822.59
825.6594
2598.6958
895.6781
55567.5
0.0
0.0
164.76877
3471.6694
8594.365
0.0
44231.58
51042.707
4092.3218
8317.816
4890.5303
2174.339
0.0
0.0
1453.8306
241.21582
1472.3998
0.0
369.2437
0.0
23064.656
690.3677
0.0
786.7698
169.9975
22434.932
0.0
19027.178
81146.1
7971.673
93.68196
3540.2964
0.0
0.0
0.0
0.0
0.0
21614.113
0.0
0.0
302.13092
802.23334
1549.0918
153.06667
0.0
2830.7554
4009.0605
0.0
2236.7925
1376.085
22436.594
55.309444
2171.4626
4461.328
59673.945
3560.2734
0.0
8236.071
0.0
876.2496
20004.645
44.17108
608.76855
100897.59
4200.994
0.0
267.325
0.0
0.0
0.0
1736.9932
14459.896
2045.8992
0.0
0.0
0.0
0.0
7769.083
176.18459
3372.9072
0.0
682.70526
139.5887
25430.893
6568.4165
830.35284
4119.359
1032.5391
274.32837
0.0
6774.631
3729.92
2243.5017
0.0
0.0
0.0
3076.588
1025.9366
0.0
0.0
46982.07
2847.5452
6284.133
0.0
0.0
1666.5302
1093.3855
488.59177
5583.2026
60.450256
2898.4307
1067.713
0.0
0.0
0.0
9416.087
9794.02
0.0
1476.9369
0.0
12342.869
5109.2637
787.6529
0.0
7948.5195
6235.4937
2164.3293
694.4617
720.77527
0.0
1774.0775
722.07404
1951.0858
171.70242
0.0
3507.729
899.7341
0.0
0.0
7395.048
0.0
0.0
7050.8594
0.0
100.72623
5350.1523
0.0
154.45941
392.2299
363.58685
1829.364
4694.2627
3453.785
1520.8401
4359.865
280.11395
360.65326
0.0
2150.61
0.0
0.0
7693.435
2744.239
0.0
0.0
344.3683
0.0
6275.085
0.0
209.04205
194.52065
1218.5349
767.14685
153.6066
0.0
129.4072
0.0
36226.168
0.0
4799.8423
6159.0967
0.0
0.0
0.0
1610.1011
0.0
63006.086
4110.3076
1499.6156
0.0
0.0
0.0
3203.3525
0.0
962.6357
0.0
0.0
582.7101
0.0
4911.693
18894.95
4707.2334
423.82312
0.0
791.9556
4855.4194
1279.2324
2700.1377
0.0
0.0
0.0
1215.9327
69.0895
240.56213
11286.637
2912.0593
0.0
19286.8
0.0
0.0
3838.4622
2161.1777
0.0
0.0
10373.42
0.0
0.0
9169.12
7160.9473
14964.904
0.0
2174.2898
407.47073
2208.8037
0.0
397.81506
0.0
2715.6045
51.476734
10426.478
6587.3457
0.0
0.0
2917.4497
742.12585
620.49255
206.97723
43406.6
609.323
0.0
979.4786
2037.4023
737.2339
1078.2432
1052.5847
0.0
11087.415
0.0
0.0
0.0
116864.08
10398.027
0.0
2712.9194
106.80772
45037.535
1494.7865
5171.1025
1835.0989
0.0
3860.921
0.0
0.0
0.0
3.5032072
2194.544
0.0
0.0
991.5189
668.7954
4700.1987
1540.9813
2225.0266
1544.5377
0.0
5668.8057
320.32327
0.0
19.86586
2129.3298
183.80585
328.5959
2685.659
4908.993
5391.839
5158.5103
1872.2522
0.0
0.0
8343.957
0.0
6252.5625
1060.7029
0.0
0.0
260.03836
0.0
0.0
36331.15
591.2853
2488.3628
0.0
0.0
0.0
115239.03
1029.8406
260.58502
5417.5186
653.5108
0.0
6590.0547
0.0
0.0
0.0
1867.2004
0.0
1391.4495
6784.9243
229.6456
30682.602
0.0
1327.009
1697.7959
0.0
2004.0098
0.0
1823.8772
464.40027
210.50409
18522.582
0.0
688.40625
0.0
1303.1685
1254.0054
204.3511
0.0
0.0
1172.3884
661.139
67.060295
447.03967
573.3071
0.0
0.0
0.0
889.62976
0.0
2895.0112
1170.4082
0.0
747.3623
0.0
742.0449
62046.453
0.0
2567.1711
32054.527
833.9878
34045.95
0.0
511.00165
2488.7036
6610.298
8596.159
1415.0127
84.87381
4496.0186
3628.8523
2559.935
0.0
0.0
1038.3282
0.0
4747.418
542.9437
0.0
0.0
962.2201
198.3887
0.0
762.29065
484.92072
0.0
5803.301
0.0
19312.6
0.0
1860.2461
3301.3926
182.09862
0.0
922.8529
979.36096
0.0
1536.8945
0.0
6567.9795
2469.0144
0.0
30086.805
1109.2173
33587.844
65.46602
1355.95
522.6354
0.0
7431.327
276.96927
2128.714
28200.91
625.894
4611.8955
287.57745
305.27344
344.73486
2768.9385
0.0
1455.5637
3919.0303
2898.3643
7159.129
31398.746
0.0
0.0
0.0
1071.1774
0.0
27912.451
184.23888
0.0
0.0
0.0
8365.496
1345.7798
11882.898
0.0
0.0
829.9003
79.82607
1726.9487
716.9944
0.0
0.0
2261.94
2911.2275
5621.232
0.0
70.3122
9792.393
0.0
0.0
129784.234
0.0
6331.408
0.0
439.8195
0.0
311.60477
0.0
30868.723
817.6938
0.0
0.0
2000.8727
0.0
1916.9053
0.0
938.6665
0.0
109.84319
0.0
1297.0898
0.0
0.0
2429.0647
478.98877
6215.1025
0.0
5408.5713
593.46387
0.0
729.73737
352.02448
0.0
2561.03
0.0
7667.399
108.008804
332.89175
3132.4922
6744.284
26.941044
3188.0916
585.8457
110.412636
0.0
1160.3627
0.0
70824.88
3365.9446
12303.703
2358.4998
4598.613
0.0
0.0
1611.4634
0.0
53.72453
6764.7725
218.40578
5661.465
3080.0908
0.0
0.0
3011.6553
4915.743
343.52826
0.0
0.0
1428.7537
0.0
0.0
742.7954
286.95703
248.91687
2192.3164
68.43114
18326.639
8806.172
0.0
1506.3787
44.047497
2342.1138
0.0
0.0
0.0
249.21722
0.0
735.3749
2773.9026
6134.0703
721.12646
1238.8201
328.36346
4139.241
0.0
534.2249
17002.82
0.0
0.0
0.0
0.0
0.0
1498.3016
13288.686
18310.008
97684.016
148.37024
0.0
0.0
3057.0024
0.0
0.0
31809.158
12652.561
18543.744
1357.7561
0.0
2507.6
7382.0225
0.0
1543.3198
2364.4028
114.34504
638.1703
14604.857
32427.695
0.0
4864.2373
0.0
0.0
728.0776
19700.125
769.0188
2300.3213
0.0
26465.975
6111.5527
0.0
4551.3843
0.0
0.0
2941.2014
0.0
4475.49
10472.714
744.4726
3748.4458
1245.9558
0.0
0.0
0.0
3398.752
1109.6853
4784.026
13380.578
0.0
0.0
1067.9609
0.0
0.0
780.9081
0.0
859.43567
9382.347
0.0
6126.958
2436.6035
5865.668
841.516
639.15906
339.0852
1013.4912
162.82495
0.0
0.0
77.769806
7472.6826
7961.0312
0.0
0.0
588.8163
0.0
0.0
1304.5964
417.81366
279.87842
16432.674
4514.4136
0.0
802.44214
1841.5286
0.0
0.0
3006.5642
0.0
5092.1416
612.13385
20367.443
0.0
406.99152
650.72485
2132.149
433.487
1259.1787
0.0
1806.4227
2720.6484
1892.5493
351.42148
1157.5719
234.79279
238.62456
8382.148
5667.314
1184.5815
3529.873
3187.1646
0.0
6883.6924
3125.3787
1816.7163
0.0
0.0
0.0
0.0
44.53298
3256.0403
0.0
6221.908
373.05325
0.0
1200.5317
59.371586
89.1777
0.0
0.0
0.0
0.0
4370.2837
0.0
781.1132
20767.805
0.0
24689.773
0.0
787.6162
592.204
22048.559
7055.712
0.0
918.53784
73.97295
0.0
0.0
0.0
3080.082
0.0
5850.587
0.0
38.924824
0.0
445.9245
2833.412
0.0
1577.4719
0.0
2255.4475
8392.094
0.0
119.09756
2412.5598
0.0
82290.91
2186.445
0.0
11446.225
32920.844
4063.3828
0.0
1572.1511
0.0
0.0
927.061
3010.351
2245.2192
8030.672
10842.295
1253.1865
4514.5806
281.24216
0.0
3447.779
3486.273
5612.5786
0.0
988.3845
157.26874
2874.106
0.0
504.89587
0.0
0.0
2822.7183
2722.745
15255.713
162.21005
0.0
1583.7424
0.0
209.59167
0.0
6654.779
279.15256
30688.324
7224.252
0.0
0.0
284.7952
83.15128
0.0
216.62956
0.0
0.0
7210.468
889.1764
70.4572
177.39786
0.0
7499.883
72.90227
1607.6538
0.0
0.0
0.0
0.0
0.0
1763.6455
7622.742
0.0
0.0
0.0
383.80524
124.633835
7123.542
4336.6084
82.26655
18029.34
0.0
0.0
0.0
1148.7825
0.0
2051.1023
0.0
14079.63
0.0
1357.7004
2608.586
111634.414
0.0
1650.6865
245.02283
514.537
2600.0276
0.0
436.73285
124.1745
895.3478
7941.716
12542.124
7317.851
0.0
438.4253
2824.762
2989.6409
1583.0801
0.0
154.06754
211.18964
0.0
118.95786
0.0
1782.6733
7581.4814
207.61166
16024.223
0.0
0.0
2260.0684
8731.327
0.0
846.00415
1941.2031
4734.953
0.0
1181.5012
733.6003
695.9872
1890.78
6318.349
0.0
0.0
0.0
11460.413
0.0
1423.4241
0.0
0.0
0.0
2020.8832
0.0
0.0
0.0
3195.0469
174.97379
396.6865
0.0
0.0
19611.8
677.68774
20867.125
0.0
0.0
2357.2134
2708.2146
0.0
0.0
321.71008
166.21503
0.0
416.21436
699.79034
29.603676
0.0
0.0
0.0
1220.5889
0.0
21819.088
4876.6973
323.7181
0.0
1271.7712
0.0
0.0
5803.6377
0.0
1635.6633
1336.8097
341.82178
2629.4136
0.0
399.89398
1758.4302
5875.6406
0.0
0.0
1353.5951
0.0
0.0
835.2905
0.0
0.0
46.446705
0.0
0.0
0.0
1406.8789
2300.3904
2077.7788
2177.5212
0.0
0.0
2586.193
0.0
595.5417
0.0
4260.968
1058.9685
0.0
0.0
1577.1245
6954.1475
0.0
15078.223
7162.259
0.0
0.0
7121.094
1058.4204
3851.0474
309.69962
0.0
47.280384
0.0
1018.1649
755.0286
5425.877
2428.7397
1969.654
0.0
0.0
0.0
272.2994
300.61
9306.367
4666.7036
6730.509
0.0
0.0
4700.8833
33.953545
1991.2559
0.0
0.0
0.0
9835.482
3110.6707
1634.7041
4751.842
1668.8545
2075.9785
1406.3782
994.7296
0.0
8605.798
10708.904
210.61429
0.0
5480.282
2181.2295
4851.243
1130.9366
0.0
1640.5758
1604.8306
2808.275
740.1046
718.5968
2426.7422
0.0
5012.7324
0.0
3551.4988
18052.492
0.0
8444.391
6707.3223
1094.2805
724.0461
0.0
855.93896
0.0
0.0
254.93036
10554.3125
5931.4966
2079.7886
1334.3817
385.81796
385.29114
0.0
1074.609
0.0
336.80048
0.0
0.0
0.0
0.0
45444.367
0.0
110.728966
0.0
0.0
5054.811
7739.1104
2354.9292
25020.043
0.0
0.0
182.54787
1648.3965
0.0
0.0
2377.6172
953.74927
542.73096
10186.547
9138.859
10787.823
0.0
0.0
0.0
4184.924
1358.2292
288.7131
399.537
14464.972
289.53925
1316.6184
0.0
1381.699
3453.98
735.9488
998.5731
0.0
50022.28
0.0
1097.6329
0.0
853.5267
1129.1597
368.80933
0.0
0.0
2556.935
5234.2285
1281.7974
239.25098
1615.7434
2638.0005
7302.016
881.8615
7194.9927
0.0
0.0
0.0
47524.79
12467.521
4155.166
3870.7476
3184.2327
11415.057
3583.6465
572.16016
2919.4915
1140.9897
0.0
1166.1415
1837.4216
5231.65
0.0
899.41296
195.31787
326.82587
1066.6996
333.2752
537.0344
9707.348
2368.718
0.0
0.0
193.44801
49640.062
1623.2084
6741.383
258.2555
1561.9387
2657.542
466.40668
1421.229
225.63728
66.47972
8185.311
0.0
187.37845
169.41043
0.0
2509.985
1251.6353
4236.2617
183.73917
0.0
804.8181
1748.0035
1305.4025
85.9383
6353.1406
5234.054
1697.8413
269.4859
331.96906
3184.1724
2707.769
8.2467785
1194.281
359.91486
0.0
0.0
1258.9038
4399.416
7088.5723
319.28885
0.0
10441.597
0.0
19737.969
0.0
461.68515
1189.5443
3645.492
651.2242
0.0
1304.6299
152.59662
4306.2793
0.0
0.0
0.0
2283.718
1452.5237
0.0
0.0
1870.491
3630.579
0.0
0.0
1509.4912
6336.369
232.40945
1060.1565
0.0
0.0
30927.482
615.55896
0.0
0.0
7685.912
424.85968
3396.8982
162.19582
135.86613
637.8832
0.0
0.0
3709.2932
32.45021
17876.75
0.0
6880.213
238540.22
1168.7831
3322.726
30214.957
0.0
0.0
0.0
0.0
2946.534
0.0
0.0
0.0
7750.9688
0.0
0.0
0.0
14888.949
12277.918
0.0
1141.7982
11323.219
573.39014
647.55273
0.0
2011.9497
11.7658615
1488.7933
0.0
4212.3384
0.0
14307.564
0.0
3374.8462
9051.027
3890.709
0.0
0.0
267.72452
0.0
2943.914
902.9501
0.0
3183.8704
64.24753
2184.3337
13085.975
0.0
1885.8713
0.0
898.1022
8600.42
992.9936
5298.699
370514.06
0.0
213.69124
4140.67
12134.66
388.31476
2038.0189
0.0
0.0
261.94348
0.0
659.16943
0.0
0.0
1267.9727
1620.7092
3817.5557
0.0
0.0
0.0
0.0
0.0
1569.3496
1216.4547
10793.866
3314.3418
12596.16
4173.638
72.06732
0.0
0.0
0.0
1224.2952
1593.998
0.0
0.0
951.79504
4012.4023
0.0
24.752087
1717.5005
1423.7096
0.0
95.93364
1894.564
0.0
1822.5264
0.0
83553.59
133.5264
338.53485
2203.0098
0.0
455.58972
497.04028
1421.4863
0.0
0.0
0.0
0.0
1276.5544
0.0
0.0
0.0
0.0
7177.997
1152.2135
0.0
0.0
7930.308
0.0
997.8001
2544.0176
942.74194
0.0
8814.071
5317.378
698.1033
0.0
391.995
291.55243
0.0
1440.8887
8673.568
572.5773
0.0
0.0
3856.573
349.05884
11791.982
151.2862
1632.7009
203.33029
14089.683
941.3092
255.21574
992.3218
2396.0308
588.34045
0.0
590.2301
1051.365
3240.9124
12801.621
0.0
2230.9536
2909.7751
2206.2935
12716.463
30.221899
28984.973
322.9682
14800.803
19782.543
0.0
0.0
0.0
0.0
140.58093
2242.646
1390.7405
5050.6045
2239.7017
3294.8132
0.0
3190.1343
1821.4471
4161.199
508.0092
0.0
759.21765
12763.821
3369.8647
3942.3606
1020.27124
244.56966
2028.0393
0.0
1672.7798
3756.885
1004.4952
4880.6895
0.0
0.0
71.64541
1088.0941
4326.413
2826.6829
52.13113
70.60844
12348.818
6.662964
0.0
0.0
8820.776
2578.3145
3532.0835
3425.9702
1029.6893
1471.8405
2499.2107
51.21786
2228.5754
580.4838
687.6903
4553.04
0.0
100.83235
0.0
2767.1846
1358.3899
0.0
1084.3484
0.0
805.8065
8225.367
1028.9364
0.0
118720.33
0.0
936.1017
0.0
3466.7385
0.0
1601.1344
0.0
1469.552
0.0
972.8145
1481.9304
785.4758
2018.0667
8243.514
3978.162
151.51436
4553.976
0.0
0.0
1494.1033
0.0
0.0
0.0
14152.184
0.0
0.0
0.0
3458.1914
10559.725
0.0
307.6701
0.0
0.0
0.0
307.4485
2888.1484
625.1216
3127.301
0.0
636.3898
4777.6465
192.69547
0.0
45.92697
0.0
976.9839
43733.348
1415.0674
5366.964
4557.967
0.0
4643.2144
1086.2212
1479.9868
1541.9984
2597.866
0.0
7227.913
14711.191
11299.455
0.0
3773.231
5826.176
17438.191
204.72339
0.0
0.0
1619.502
1446.0452
2145.822
0.0
0.0
277.94666
2261.8647
0.0
10179.274
0.0
2709.7717
64391.51
6132.6064
405.21677
787.38916
6505.7764
2456.707
4367.1323
2966.6155
0.0
10610.123
0.0
0.0
1662.4968
5352.498
1145.6406
0.0
3271.8005
1350.8127
2151.0122
44755.406
1681.4521
0.0
0.0
5036.6714
594.85956
12.92942
8953.205
17919.918
38.513393
284.83838
0.0
8990.501
5528.242
2337.0508
0.0
59.997566
6837.4814
4706.888
0.0
1507.5237
0.0
0.0
58707.137
2408.9685
0.0
0.0
6378.957
3832.6895
1847.0935
4116.8164
0.0
0.0
0.0
233.78595
1356.6857
2649.6016
0.0
19629.715
7128.846
3154.499
11137.466
0.0
0.0
1261.7966
0.0
5659.5034
10282.203
182.96283
3424.4026
1478.4003
0.0
0.0
9105.9375
0.0
3630.442
1056.1255
3689.8176
697.69543
0.0
1708.0245
731.3113
0.0
0.0
18294.201
2339.577
0.0
0.0
2016.6956
818.9795
2709.12
619.95935
823.7095
1366.1659
1709.7642
4985.3145
0.0
0.0
805.6341
3135.4556
0.0
543.056
1237.9553
5053.322
2185.1736
0.0
912.2343
1172.3818
3197.1248
6619.7925
9243.5
17592.45
1247.911
6042.661
0.0
305.7522
391.81918
119.331375
55053.297
3078.0435
435.34445
226.85312
0.0
0.0
0.0
0.0
0.0
1575.3656
15205.951
0.0
1279.4036
113.60968
0.0
235.86708
21027.3
0.0
77460.85
1343.454
1089.8529
597.30505
921.7691
8449.741
596.9168
0.0
0.0
4096.6646
1382.6444
944.7428
2077.4368
36389.38
0.0
906.3991
46365.883
304.56342
406.60855
1494.1877
0.0
24593.121
1262.0737
2537.2244
210.69162
3652.6003
0.0
0.0
0.0
0.0
4760.7354
1881.7762
0.0
6360.2646
101.378815
0.0
7481.493
1249.3857
0.0
232.80408
714.4757
3186.107
2157.011
16525.52
1742.7651
132.3848
2393.176
0.0
1197.3923
0.0
0.0
15373.261
0.0
0.0
0.0
0.0
0.0
3310.6733
0.0
0.0
3617.0837
322.20642
248.98811
874.4586
332.10284
1245.2942
0.0
153.2539
37757.19
15062.386
0.0
0.0
1178.8251
1944.4724
227.97665
4234.6484
0.0
1041.3156
0.0
0.0
0.0
1745.3792
6626.314
0.0
577.4478
2133.7566
919.52527
6613.8145
678.4138
238.64563
696.6443
131.772
0.0
0.0
0.0
0.0
0.0
33862.375
0.0
467561.38
824.02435
5389.5083
0.0
2713.9238
665.6275
238.62292
0.0
44100.938
0.0
3845.0686
6861.331
0.0
0.0
7000.373
4323.934
803.7019
8540.957
12521.279
157.91063
762.2668
0.0
0.0
8078.6055
0.0
0.0
1333.2257
0.0
0.0
393.3411
1554.3861
7189.4062
2500.5557
2213.52
297.46484
3104.97
5737.316
13506.145
600.3414
3044.6216
1229.0989
0.0
0.0
0.0
1800.8694
0.0
6132.596
0.0
1643.0408
475.20892
6837.357
0.0
2912.8545
1011.5969
0.0
232.06042
647.1112
19376.355
0.0
2056.3145
0.0
3699.7988
425.9722
0.0
11760.033
1094.0782
0.0
0.0
0.0
248.75333
4158.5693
72.50861
4781.0254
64945.812
0.0
3600.4023
574.59894
0.0
3558.6426
0.0
0.0
6013.802
1289.1664
0.0
2697.7373
2159.1235
0.0
0.0
0.0
1117.3452
4175.49
0.0
2931.2463
4780.524
2145.8323
4723.5264
4203.318
287.0141
0.0
220.95856
1893.1355
0.0
