733.9945
261.93002
203.58203
0.0
350.94547
3594.4038
1225.5725
1950.585
0.0
222.88927
0.0
595.5738
4137.2705
2532.7869
0.0
0.0
2479.1968
0.0
1558.1594
3697.3428
4835.077
3095.5405
3710.3354
2575.642
0.0
1190.4265
0.0
645.385
2046.6934
5831.0684
6645.8115
1096.7554
0.0
605.4384
0.0
0.0
367.98816
8375.438
32625.18
2408.162
0.0
1179.8823
998.6305
3964.8555
2312.6787
775.2733
0.0
0.0
0.0
0.0
9193.357
144.34319
0.0
912.21545
75.3058
5389.065
3474.2236
0.0
4489.664
1275.8718
21037.242
0.0
0.0
0.0
3684.1824
0.0
4979.9062
8779.139
1569.6262
0.0
3787.7046
0.0
1765.1306
19592.645
0.0
2627.4822
6537.5356
1498.3008
8084.2
2531.7424
320.03583
4772.5312
3437.7393
464.13916
7567.7812
0.0
463.3452
3540.2825
660.4358
1449.297
2503.1428
21903.984
34353.133
0.0
0.0
5932.7354
0.0
1143.1975
1585.6011
934.0984
3607.2114
5121.621
8940.432
2432.9028
2717.0303
0.0
4781.742
4098.7725
488.88977
6790.918
0.0
0.0
0.0
3084.3242
3147.0037
1722.2112
4447.949
16312.346
0.0
0.0
2375.423
0.0
44647.58
224.2674
3283.8628
0.0
0.0
41286.344
741.7881
0.0
2957.0508
1431.304
0.0
1081.5902
6638.179
0.0
4915.7256
5779.6807
0.0
0.0
13245.9795
2876.9531
36637.15
0.0
0.0
4671.852
0.0
3383.8623
0.0
5557.993
3270.2778
3293.4683
1452.6655
0.0
21780.568
4701.555
337.84387
0.0
0.0
0.0
851.7998
0.0
1733.3429
3498.2097
0.0
2342.6633
8467.391
3803.1448
0.0
6207.8145
53273.83
0.0
3888.8086
0.0
3112.8818
14699.581
70.827095
2070.9036
1350.0105
12448.41
0.0
0.0
29165.543
0.0
3286.7896
2422.3096
1742.4741
0.0
4076.5073
0.0
18942.354
5505.9565
1313.1885
11064.319
1348.0717
11712.445
4207.3813
3879.714
5442.792
3023.415
1239.3035
54.122963
0.0
6954.3145
0.0
0.0
0.0
0.0
1585.6677
0.0
1886.096
7385.2
7735.2036
0.0
272.93375
0.0
0.0
0.0
1678.3816
0.0
0.0
1094.2789
0.0
1423.2361
7678.8394
2176.6914
6668.006
1968.2839
2431.9468
25577.191
0.0
4267.423
0.0
106692.04
1029.5011
5926.7773
0.0
5569.5444
5212.2197
0.0
3257.9146
4050.4976
125.41357
2824.849
59.862427
9599.027
0.0
1463.1322
0.0
0.0
0.0
10254.136
998.6162
15839.009
0.0
0.0
155.45647
9532.649
0.0
2065.5193
2024.3391
0.0
7516.7188
64100.26
0.0
0.0
863.1491
0.0
0.0
700.0336
69.425835
250.70828
11541.966
0.0
2884.0835
0.0
1272.9752
716.18555
4695.7656
0.0
479.13672
653.90936
3133.605
0.0
349.6281
1230.0366
143893.44
132.39485
11212.426
18641.47
1943.156
30919.967
0.0
5326.5845
406.7602
0.0
0.0
3614.576
0.0
13721.126
6767.9023
1005.2744
2833.4766
12189.289
0.0
1928.8374
21000.242
1567.675
592.2356
0.0
0.0
0.0
162.07907
1995.2635
3082.3584
13300.424
15885.435
17263.816
1502.2377
77.40346
487.66956
228.30084
981.11084
1473.9551
2629.1335
1311.0956
651.15076
1382.3046
1053.3057
0.0
2720.9119
0.0
193.57748
929.3649
0.0
5548.047
11626.859
89358.96
3557.3982
28715.93
903.38275
3495.688
7784.325
1381.5922
2583.772
796.93677
7912.922
30346.75
0.0
1250.791
2053.1157
0.0
4780.8447
0.0
0.0
1885.8438
308.34308
2920.52
343.91986
1325.3629
7021.2236
0.0
0.0
95.096176
77.28137
5195.843
0.0
270.2007
5212.5225
0.0
2816.7493
0.0
16226.848
564.3321
7911.4097
0.0
0.0
622.67664
0.0
0.0
2486.7146
0.0
0.0
342.4573
13790.92
899.48987
5870.8164
0.0
39051.4
0.0
0.0
0.0
482.6612
0.0
536.5503
3359.8381
1830.2295
0.0
3515.4526
659.85596
0.0
227.05185
0.0
0.0
8061.5264
694.92126
0.0
15808.256
0.0
11999.817
0.0
783.23975
8865.977
7782.242
4213.132
11386.113
0.0
859.77014
20574.238
2318.1865
441.87317
4134.4385
1098.9486
0.0
0.0
5353.5
723.7593
2595.6572
8419.039
429.20837
9444.001
2882.5593
1529.851
1292.5115
934.61206
0.0
0.0
8504.675
1669.0302
0.0
0.0
0.0
0.0
2363.2075
0.0
346.3017
5454.293
0.0
4657.254
1667.419
959.046
7162.3496
4501.8423
2194.295
146.1315
0.0
10957.288
4907.1875
20676.725
2402.7693
0.0
0.0
9064.491
633.9371
3534.2822
0.0
4863.049
7725.0903
0.0
1762.0044
503.7104
1880.4557
2566.2322
398.08264
0.0
1601.0994
536.147
0.0
6219.759
1534.5916
0.0
0.0
0.0
2237.544
1262.8705
1752.8519
1286.3748
0.0
6544.416
0.0
4283.9136
2581.3972
2664.422
208.86713
5555.078
4584.7744
0.0
6607.418
0.0
1021.0127
11919.725
746.416
4923.554
9560.462
4485.5356
2824.5571
0.0
3090.9966
2139.107
2906.3174
0.0
21199.273
68177.61
10281.146
2741.3315
1783.75
5718.801
40203.01
0.0
0.0
2085.1335
2144.9546
476.9297
0.0
5183.7427
0.0
3117.8145
0.0
543.8529
3002.5156
2048.1768
54545.14
0.0
0.0
0.0
5732.432
14449.829
3910.4414
0.0
4311.324
0.0
0.0
0.0
0.0
184.08405
0.0
3500.4932
21757.951
6134.5923
1999.6404
0.0
8777.079
0.0
0.0
10039.986
0.0
18294.18
4265.4575
3103.4863
1611.5278
284.48242
72.46482
5655.1436
6420.4873
1458.9012
0.0
2312.556
2052.3489
8259.285
2594.6196
0.0
1193.0316
449.2368
1185.6981
20868.21
4035.7202
22004.828
3547.0078
4307.1016
3439.1436
0.0
2585.1846
0.0
0.0
5179.0083
1745.0076
36640.152
1325.0265
3012.5605
1203.8214
4011.7407
265.765
31853.926
2507.4536
478.48468
3451.8613
4652.215
5222.2603
0.0
0.0
0.0
860.50757
0.0
3701.1558
0.0
0.0
271.93878
975.2361
416.40613
1712.1682
0.0
0.0
9276.846
464.6831
0.0
1462.7466
2098.291
2044.0425
955.04016
0.0
507.54074
15508.988
777.3205
449.09708
0.0
12149.453
7545.9917
0.0
1621.6632
0.0
2373.5298
0.0
34303.266
3525.5469
2532.9546
192.67822
320.16626
1029.0216
3006.1333
0.0
0.0
5286.3545
0.0
2519.718
3339.3345
0.0
0.0
13016.637
1804.6757
2790.1533
853.5007
396.05646
0.0
0.0
2226.0095
15826.145
0.0
2927.4714
0.0
3802.6128
965.2551
4041.9534
41811.773
8425.898
4169.5
0.0
3167.6838
11244.58
4078.499
0.0
0.0
3073.1143
0.0
6326.3853
4270.317
543.2337
912.0382
0.0
1707.5781
12164.585
62735.992
0.0
4964.9653
309.26718
0.0
9578.84
8905.495
3372.702
0.0
84212.03
3925.584
0.0
2541.4365
0.0
6359.3623
233.59288
0.0
2420.7861
210.1393
2285.3193
14643.209
11311.201
143.62077
7411.603
1433.083
2680.2378
5519.061
2617.728
206.82239
268.05136
4302.699
6710.0376
0.0
10041.279
0.0
1653.7266
6034.742
1974.5396
5100.2026
0.0
0.0
93.07568
4963.6733
0.0
87.634544
0.0
0.0
3279.585
6872.457
3739.958
7180.677
0.0
7009.88
344.11554
4044.7969
4549.8574
0.0
1447.9675
5243.7344
2755.7358
8009.3145
869.1028
0.0
0.0
19327.166
0.0
0.0
0.0
931.9569
1417.228
0.0
6924.2197
5053.342
0.0
3141.285
402.3436
2080.1995
3248.9011
8747.343
1893.5929
0.0
1114.0912
16908.514
0.0
2817.6064
2887.2954
0.0
881.905
2826.4385
0.0
3051.748
5873.167
0.0
19348.258
96499.766
1558.96
6395.0684
8187.9067
54388.195
0.0
2131.914
2947.1885
0.0
4371.6606
2464.5396
1353.2374
7391.7085
0.0
6196.84
0.0
771.75525
4406.049
1926.8234
1681.5159
2958.7449
11409.496
5516.1265
1755.9005
1163.847
13510.758
0.0
7020.483
867.5623
1174.7032
1749.5522
25936.316
39068.59
0.0
5263.1016
33599.47
6573.0938
0.0
1128.3081
341.9161
2573.3057
1005.7826
2221.9717
0.0
823.15576
2985.3618
3151.01
16425.926
0.0
2392.2144
0.0
0.0
9003.416
0.0
0.0
0.0
8551.731
4827.6973
2991.6438
1626.3245
15000.867
42252.297
9040.418
740.219
1224.5781
0.0
1198.7632
5123.9033
0.0
0.0
140.97693
10752.433
4745.586
5445.6978
3591.0786
0.0
0.0
5607.7593
16998.574
2242.5056
265.3054
0.0
7269.295
12798.169
23396.34
0.0
2964.7034
0.0
61950.555
2734.3003
1774.0916
181.55185
1992.3865
1418.4812
2044.665
2642.8103
8328.499
467.72952
176.87405
2912.2087
4277.666
3455.7227
2281.136
936.66797
0.0
3177.518
4166.538
419.0998
2719.4563
6691.8867
7478.9395
0.0
534.13794
0.0
2980.3687
1417.0258
1153.3824
12941.619
0.0
9269.409
1501.4409
110783.24
0.0
0.0
1544.2616
1712.2502
733.1507
907.6962
7124.161
0.0
12657.553
0.0
4101.2656
6082.26
0.0
0.0
0.0
1797.3224
2529.7542
708.18225
6255.5615
4590.5127
1220.668
3448.3677
3249.2222
5403.5303
2280.2666
0.0
7828.4766
2989.8506
1354.4553
2091.1458
0.0
2228.4873
0.0
2277.8667
25765.531
0.0
7702.741
138386.53
0.0
0.0
7791.0186
3549.2568
3098.9043
1532.8004
0.0
3688.5771
5982.3525
3794.3105
5805.788
0.0
25431.16
19949.951
0.0
0.0
0.0
10630.42
0.0
9340.976
391.49622
1098.562
325.97955
3638.88
1480.3435
6101.297
2821.9817
23769.918
2009.4927
25382.334
0.0
2367.3374
6903.0264
604.59863
2830.6
1674.0691
3759.6035
7781.2246
1072.1378
0.0
1724.3888
16315.857
1920.8749
0.0
4462.065
3047.271
0.0
2255.2944
0.0
0.0
5036.697
0.0
1669.9712
476.14362
12525.139
2758.0916
3447.5693
0.0
0.0
335.3266
2208.9087
10130.187
7297.158
140.13594
245.87836
14598.925
53084.93
3773.6423
0.0
11669.242
125.05495
0.0
521.33453
0.0
0.0
0.0
1175.3214
0.0
0.0
5251.6
2154.5525
1172.7953
20209.258
1864.4819
1734.9363
4494.295
0.0
8492.847
5310.27
0.0
0.0
0.0
0.0
2139.0605
6024.468
0.0
2940.199
0.0
2183.5845
49473.64
3682.2493
0.0
10060.004
0.0
7912.618
0.0
2070.8965
4928.7046
15422.336
224.76492
30633.98
0.0
247.22903
783.95184
2664.2178
0.0
19059.865
138.86438
4610.1074
2477.199
14359.377
33316.297
0.0
5901.5215
2153.3438
6515.9727
625.8368
1537.1448
112.634865
0.0
0.0
0.0
7771.8735
827.42334
1192.2671
6186.202
7112.873
28427.676
0.0
1515.6292
3296.5298
0.0
17282.658
3048.75
639.6265
106.18887
0.0
2762.4438
0.0
739.97046
6735.5522
4499.596
439.7696
2884.3862
0.0
1860.2761
288.04865
31.868805
0.0
5931.621
557.65466
0.0
0.0
0.0
0.0
1712.6538
0.0
1095.3289
2693.5183
3963.8281
3647.9048
0.0
1003.55927
3208.6123
2331.325
0.0
1179.0039
8550.389
3883.0923
13073.227
2858.826
0.0
3878.6797
4585.757
7521.548
0.0
642.2352
5366.177
0.0
66.61507
1538.5559
1775.2972
848.766
0.0
0.0
1315.8992
3236.8723
60114.406
605.9177
0.0
3385.2937
2648.3135
20080.264
24482.074
3936.384
3414.686
3966.7544
438.1613
55896.684
1614.6799
7490.603
0.0
0.0
277.46167
0.0
2028.1792
34642.105
0.0
2520.5483
8366.474
3183.025
5270.129
11660.729
2055.8013
483.6455
4353.102
357.47452
0.0
1842.9421
18629.672
2241.0854
0.0
669.481
24776.973
3279.8813
2181.8772
181.94562
11121.56
2520.1475
763.40607
3950.2476
1140.3916
0.0
43131.83
19158.543
4051.7224
1535.6174
0.0
0.0
0.0
60.51676
6936.1553
0.0
1273.3184
4046.3618
0.0
7507.4883
77.75992
6839.8804
812.4986
2006.0701
0.0
5708.933
7486.994
1999.4197
0.0
0.0
1846.4882
2325.458
35601.332
4009.3838
0.0
0.0
1401.6376
1594.7667
4914.002
1825.0258
6490.6846
2346.026
770.50836
12020.234
489.48798
1637.9182
5882.622
2757.9468
7138.966
849.43524
2419.401
1741.1333
0.0
1992.9531
4413.03
2922.834
0.0
0.0
8796.528
9069.513
961.296
0.0
2912.939
12874.452
21661.756
495.17108
8019.0293
126.450096
6993.419
98470.336
0.0
14377.524
692.1441
3988.2266
0.0
0.0
2611.54
0.0
12929.422
0.0
1130.9822
5104.6475
974.38855
0.0
19323.824
4807.3223
415.64276
0.0
193.91885
23205.086
0.0
1007.5774
224.2911
3050.0242
1290.7612
0.0
1429.6039
10107.309
1986.2723
1610.2468
4189.09
123.526215
9.113903
0.0
0.0
736.5668
2882.3743
2242.9846
22561.719
571.96375
527.9956
2221.1145
22015.457
4069.023
3567.3015
2102.876
787.3404
4717.655
424.40976
0.0
30.793259
9338.872
1409.5198
22048.879
1627.6138
0.0
231676.31
2434.9875
1504.593
0.0
1876.2711
2422.33
20309.064
0.0
418.66858
4058.7761
0.0
3005.9421
1117.627
6058.659
0.0
1590.6284
0.0
2027.8955
6893.4717
21030.992
35123.73
93.375984
1932.196
2502.1833
110.76543
0.0
1299.0256
2049.0066
348.70453
3560.683
96.808304
5770.748
7234.6895
22217.426
0.0
2333.062
0.0
26312.152
35477.844
0.0
191262.0
0.0
368.62286
43280.395
0.0
767.8596
818.1304
1731.6162
17363.596
4476.3765
0.0
4914.2134
6553.6855
0.0
9079.395
3544.0166
10625.712
2253.8057
3561.5466
1476.328
7938.29
0.0
0.0
2398.1309
0.0
3338.4407
2700.0356
2465.632
4004.434
0.0
393.69543
3840.8525
0.0
0.0
3770.263
14225.057
6168.238
3267.146
1288.0076
14921.927
3744.014
0.0
3503.399
3120.502
0.0
599.2749
6546.1543
1122.6514
2609.503
0.0
0.0
3.9750576
14066.051
0.0
5655.2646
17940.293
0.0
1384.507
0.0
0.0
0.0
0.0
5513.9937
0.0
0.0
0.0
0.0
1707.162
0.0
0.0
0.0
0.0
2424.1262
892.8434
3292.2144
1647.3049
12256.449
11003.535
1476.8024
3069.9546
719.58093
1170.175
0.0
2539.2153
6782.2305
459.58096
696.4564
1702.0927
16186.68
0.0
6790.4775
615.4752
3229.3726
10704.416
0.0
4086.0815
0.0
996.5115
0.0
0.0
0.0
68020.984
0.0
356.173
29206.727
0.0
1942.6653
0.0
0.0
433.2027
6594.255
2740.6284
4343.963
2702.0483
1766.3645
0.0
7057.8833
40877.035
11770.396
5775.4497
4615.545
139.74182
0.0
0.0
45.921898
6544.2695
884.7181
5686.8022
20755.225
0.0
277.83417
0.0
5591.7554
0.0
0.0
532.3994
81.4343
499.60193
1778.0923
0.0
0.0
191185.84
1950.397
67.41873
2351.67
1026.4105
3716.3496
165.71648
22056.922
0.0
0.0
62.08423
5552.36
4724.173
4721.3584
3856.5608
2380.5469
3494.8813
2061.662
3341.0815
0.0
5954.319
0.0
5085.744
1431.896
1413.7603
1817.8008
3910.2844
8559.35
1932.3198
0.0
8830.56
704.5282
3204.037
77842.08
8692.651
362.81244
1942.1797
3464.712
5560.9844
3085.8062
721.33405
139.50659
2992.8706
3775.5947
1158.1102
0.0
535.2068
5703.2065
6094.168
3965.9238
4400.7915
2152.489
0.0
1830.7174
1533.9365
2317.3088
4302.162
2657.8853
812.42804
250.84612
0.0
919.05756
0.0
5285.045
3740.4072
2522.4038
578.2311
0.0
0.0
1936.9094
5050.838
6505.002
1382.0753
2584.8438
85.30156
1566.0835
1780.1074
0.0
1743.1868
0.0
1351.515
1297.8746
8725.305
5973.849
0.0
1965.9716
0.0
8290.094
0.0
0.0
155.24445
0.0
77136.02
12441.569
6967.92
21355.836
0.0
0.0
0.0
2037.972
0.0
0.0
5151.8994
130.17348
0.0
954.29663
0.0
3256.7769
6053.662
465.38547
9287.084
0.0
6039.808
83.58824
33811.688
876.4557
89.81589
3743.7827
0.0
1179.9504
1284.3114
12636.076
1113.5264
0.0
0.0
8047.951
0.0
5126.117
4178.423
2578.8691
12497.988
41.938507
0.0
0.0
0.0
6388.1035
0.0
0.0
2038.7078
5268.187
5410.5713
4107.824
0.0
13849.617
0.0
5027.3394
343.54352
0.0
24867.996
29883.297
21848.07
5878.744
911.3642
4161.039
0.0
1357.7958
0.0
24175.117
10898.05
0.0
3624.1367
47.895355
4813.7983
3477.2637
1999.2065
6890.627
3034.5193
0.0
2808.7268
3361.9084
0.0
1864.2888
1415.089
8130.8555
710.9306
0.0
1877.7484
9185.743
6118.882
8472.289
3195.4956
2293.8706
5243.707
6059.4624
4988.869
4086.3755
1055.0402
18307.648
0.0
523.7013
2253.69
5219.8433
297.39783
10351.039
5062.1597
0.0
21662.418
0.0
0.0
0.0
0.0
2895.9668
91.139175
1845.6584
2187.609
0.0
255.34741
0.0
4188.6987
3160.1428
4425.537
12602.727
0.0
0.0
0.0
1932.313
9846.665
2629.7273
0.0
1481.553
0.0
2704.9954
0.0
0.0
1710.2218
6772.8174
0.0
1634.0574
6080.462
2203.0437
0.0
0.0
0.0
0.0
0.0
0.0
3160.887
0.0
461.02716
1191.872
0.0
0.0
981.6051
0.0
652.9844
256.30447
3109.169
818.834
2909.2085
93.364716
1468.9988
154.70746
2324.6392
2097.668
8816.44
0.0
403.69904
0.0
2427.5796
23951.18
0.0
0.0
2969.3552
30811.84
0.0
334.3422
1064.8794
96.71332
1017.71484
3626.4478
0.0
2444.3552
3378.6514
14794.998
9904.159
0.0
0.0
29969.797
0.0
4901.912
4846.914
1991.397
3990.626
3270.0679
0.0
0.0
1979.8364
0.0
1247.4558
0.0
450.65045
3765.945
922.7377
7700.1484
8542.432
2196.6836
0.0
1189.8638
2017.5753
0.0
3952.08
5770.785
0.0
0.0
30689.752
1754.823
0.0
1469.7029
3736.5757
18326.355
1688.4658
0.0
692.1305
2140.066
3254.5425
691.05896
0.0
0.0
1037.0073
82.07759
6481.755
0.0
6123.0186
862.095
3233.6794
318.7293
7710.984
7875.667
3506.8135
45779.6
0.0
2759.4478
84.00815
3143.1338
3663.25
1726.4985
0.0
2659.6492
60028.35
0.0
4352.035
0.0
0.0
0.0
0.0
43163.21
7028.5728
132314.84
0.0
0.0
0.0
160.16573
2737.9258
0.0
4396.827
4759.208
10593.38
18700.867
1093.3503
538.3581
3129.539
2334.0884
833.0898
0.0
4149.187
1930.3483
4344.8057
2332.4346
0.0
0.0
0.0
1283.977
0.0
2512.8357
0.0
0.0
0.0
91.71053
856.1316
6327.9404
2929.6934
0.0
1542.6237
139.11285
0.0
0.0
868.4717
2251.5176
2419.3389
2169.3535
0.0
0.0
0.0
0.0
13459.614
0.0
0.0
9480.128
421.8572
1899.7349
0.0
2172.1938
0.0
6386.1387
0.0
0.0
0.0
36232.188
0.0
3996.9492
0.0
0.0
1991.9989
157.35199
502.06567
2484.472
2084.0872
37.295258
1446.044
0.0
0.0
5773.425
11102.348
0.0
0.0
5217.1626
2056.271
0.0
183.56732
2634.8354
5653.4893
3839.2095
0.0
3414.0225
8087.7324
6233.0225
3099.2258
24188.504
103658.72
0.0
1280.8958
2959.2961
3858.6968
0.0
1702.6948
1546.0652
4007.311
301.99863
752.3653
0.0
9788.859
69.45266
4642.056
4619.1855
1820.7014
3046.6743
0.0
1994.0475
4332.66
0.0
14314.293
12593.693
5047.198
0.0
4589.291
14348.742
0.0
15490.539
2517.4329
1186.958
6385.6855
332.44318
4168.0767
0.0
3048.4512
0.0
0.0
4799.338
0.0
0.0
68.26973
0.0
1960.2988
0.0
7413.3604
1412.8555
0.11818123
2949.3813
3041.9797
6188.7793
0.0
6211.0254
2076.556
19246.51
1946.362
0.0
2198.9675
0.0
1078.9573
860.1997
0.0
1673.4257
34757.137
10333.077
0.0
0.0
0.0
4493.9414
0.0
7935.6094
6287.6255
0.0
3650.051
15502.219
8746.621
2862.4434
6507.5654
2489.3567
2368.8323
6432.5293
728.94116
8084.647
11171.165
2130.8188
815.4751
8458.115
0.0
0.0
4002.7742
8690.891
1212.5286
0.0
4514.3726
0.0
0.0
0.0
1002.2964
0.0
1340.979
503.1596
1361.7721
0.0
1437.0839
226.3557
2171.049
111.70061
0.0
5944.669
0.0
0.0
7585.1924
1244.85
5841.1113
738.0114
0.0
0.0
4905.5
11104.6
5695.0884
10721.016
905.13855
1189.3444
0.0
2362.5276
16216.053
1381.3975
0.0
4799.63
372.37094
41.79924
5796.915
5294.796
14447.882
5697.7837
78.21355
0.0
240.702
0.0
0.0
2597.8853
0.0
0.0
3553.0308
7281.2295
6817.8115
569.7274
0.0
0.0
0.0
965.7564
8585.302
0.0
0.0
5125.674
17976.977
0.0
1291.6356
625.6124
4288.5176
0.0
3606.1414
4939.1694
0.0
351.5245
145.69795
0.0
1667.562
1155.2258
0.0
0.0
6516.173
0.0
0.0
2222.7246
2311.3203
850.88464
19.336227
0.0
38330.43
9481.499
3381.8594
0.0
3137.1143
0.0
7433.3037
16841.84
0.0
1600.4031
0.0
7936.3066
0.0
0.0
0.0
18836.367
2578.8784
0.0
0.0
4040.162
953.1598
0.0
3346.5571
0.0
57.259193
617.09143
0.0
0.0
11390.665
4671.598
4037.2935
2112.92
10767.54
418.6925
8117.0156
45956.164
0.0
0.0
2342.444
934.69995
0.0
6135.8945
67685.05
2959.9832
3801.9854
0.0
5744.175
5284.228
412.0227
5435.1807
3432.503
74.79342
1918.2783
56.883972
0.0
1547.0276
3228.0513
20798.984
0.0
5530.4756
0.0
2937.276
1551.0919
283823.12
1607.4222
670.21497
0.0
0.0
0.0
13395.752
5277.2163
19330.918
100.159065
1185.2639
951.5006
7780.005
5927.5264
12227.7
9210.769
0.0
172.62369
0.0
5525.404
12971.991
3085.7773
10083.686
9950.771
1161.0146
1990.1428
0.0
0.0
453.3974
1022.6948
363.97205
2686.6553
0.0
11861.305
4780.349
1447.208
5197.5317
0.0
6445.9023
0.0
1593.9114
0.0
0.0
302.6619
2864.3115
454.70752
0.0
10914.132
3539.0562
2660.6418
1704.95
0.0
7054.5967
510.8938
2845.6606
1930.743
734.16156
0.0
31420.584
2029.3121
3562.9473
8235.871
0.0
2498.5134
3290.5933
9329.434
5058.0977
2827.295
0.0
5175.5933
1297.2742
4299.1045
0.0
1885.2717
31507.93
861.65063
1343.6394
6700.0635
4310.2607
0.0
15198.822
10759.77
0.0
3466.852
1683.054
0.0
2931.143
90.2179
10198.016
234.97821
0.0
2720.2173
0.0
1326.579
6720.623
12607.084
5835.211
0.0
7427.9507
0.0
311.72388
632.7789
0.0
616.0278
0.0
811.22864
0.0
191.17407
745.2897
0.0
2881.3933
0.0
1580.1709
0.0
20819.701
3785.6294
2979.5725
334.66992
0.0
1582.3429
215.46527
3424.371
28015.205
3318.9434
14175.916
1119.5763
1150.2693
1863.7462
2781.526
570.0846
566.1392
1464.8425
419.06546
0.0
188.32857
1785.0718
1860.5309
2000.4987
133.11784
0.0
147.09204
53.4652
541.0676
2187.9478
4824.1323
5753.4404
5111.8438
1847.6252
6895.03
0.0
0.0
9619.588
4121.3145
4592.8193
7774.048
4721.246
2986.601
325.93756
1290.2999
2177.932
9127.935
4529.315
1766.7673
0.0
1922.7715
919.10596
0.0
0.0
2779.0742
0.0
13958.604
8820.351
3896.1255
2278.3418
0.0
0.0
5833.8887
0.0
571.1295
2146.5442
3182.556
0.0
0.0
6537.675
4675.235
266.09946
272.26065
10279.081
771.48865
10282.699
2194.249
1866.8069
0.0
9607.359
0.0
0.0
7754.6514
7265.829
0.0
0.0
12461.588
7293.532
0.0
0.0
0.0
2874.4917
0.0
0.0
50581.1
0.0
9348.875
0.0
2424.9434
2302.5334
9220.615
2282.4363
14124.309
4715.138
3530.8616
11670.629
6654.718
2451.6914
4412.027
1398.439
26132.418
6053.3193
3420.6519
363.18787
2365.7205
3935.4873
0.0
14854.729
10166.878
627.50854
2016.9653
0.0
0.0
18891.463
104.65746
1837.3054
3522.782
204.42807
2663.2002
0.0
0.0
19372.145
0.0
2228.3826
831.108
0.0
3321.5232
0.0
6933.7295
0.0
4274.5483
0.0
14479.367
1873.7677
0.0
4356.11
6259.649
8794.825
40074.32
13535.457
0.0
921.70154
5870.51
10313.54
9665.817
0.0
6540.216
14301.783
6203.5625
2640.5703
9339.805
38904.242
0.0
4875.085
11015.326
788.1676
8005.4556
4295.851
4899.0923
41534.918
0.0
2283.626
2531.2837
350.7868
7578.9087
3637.1792
54.75444
3313.4922
1572.2233
38085.586
826.8095
1879.4097
34176.125
132.4809
1696.7407
2878.6548
8401.63
2577.5195
1488.9437
0.0
1444.4591
0.0
12278.642
0.0
0.0
0.0
1390.1854
9566.975
0.0
898.4359
1267.7864
5762.0176
5855.4556
0.0
6356.9414
1419.0583
7149.373
1678.3896
4970.9087
1092.2621
2159.7173
0.0
3257.482
4515.1567
1555.769
4891.28
7553.119
3763.2983
0.0
1344.5701
5269.1377
0.0
25431.465
665.25525
22224.184
910.0741
3803.9702
32.379787
891.103
0.0
630.5963
105.14319
2239.166
1616.0991
112.03374
0.0
1505.863
7813.627
0.0
6358.271
92.16037
2129.1309
3311.042
0.0
3041.0474
1432.6604
0.0
2588.917
3376.1018
3096.7065
9356.998
2601.9836
2887.9636
0.0
153731.98
2077.7776
716.77734
560.2584
2913.1663
1567.0056
0.0
0.0
558.49316
2258.3918
1081.3359
2143.542
0.0
2376.5557
0.0
9310.941
1518.3269
0.0
39780.84
3476.4514
1868.9299
0.0
8893.744
3855.7686
3206.659
1835.8821
5436.1377
1039.3098
103.13654
6098.5767
2806.248
1293.8881
2667.4963
0.0
0.0
2236.2148
784.29834
2300.0327
11239.674
261.07568
0.0
0.0
243.49603
2126.2324
3039.6094
4970.957
0.0
3862.7832
1673.7007
13451.356
0.0
18424.857
0.0
0.0
1009.83496
870.10657
2606.4033
1279.2803
606.79175
484.19214
0.0
1855.9722
2308.1362
265.4293
1903.5286
2997.4082
1582.732
1086.265
10096.625
3225.5884
1620.5294
3612.7075
0.0
11075.109
2424.8167
5886.3003
4266.256
2549.101
8151.3633
35.690453
0.0
2018.9783
4803.706
5051.1523
4916.281
472.14282
0.0
3496.492
0.0
0.0
1571.3721
5587.81
0.0
0.0
1015.52637
0.0
3280.1294
21022.8
1352.7651
8850.246
3477.5425
3641.131
531.73505
4046.3777
8588.558
2655.3772
0.0
719.47864
0.0
773.2696
0.0
946.06726
0.0
2384.8203
0.0
0.0
1202.0233
74.658615
5276.5063
3432.9917
3593.0752
2468.6758
1083.4453
0.0
1258.3054
17426.715
2452.3032
3333.267
4060.2925
6793.922
0.0
3677.0112
0.0
0.0
0.0
30016.543
0.0
0.0
693.43176
0.0
0.0
3041.5737
9970.475
0.0
1531.453
0.0
0.0
0.0
2078.5337
28949.244
3662.012
11463.562
518.8788
0.0
480.12024
17672.125
1282.804
1940.3228
19195.428
0.0
5291.939
1093.6055
0.0
0.0
4212.3145
4088.1782
0.0
0.0
7202.563
155.57959
1290.9799
9035.909
2732.5344
4185.1426
4352.913
0.0
8837.793
10847.771
7829.2793
36.005512
4399.7266
137.64734
0.0
3664.5637
422.34207
41780.17
1370.906
2214.073
228.97668
3433.701
0.0
373.0363
14897.728
36537.4
0.0
11127.819
2960.806
4040.7485
147.40652
1319.6213
1833.0088
3464.3655
0.0
0.0
5811.2886
1959.147
0.0
85.12542
646.1755
0.0
0.0
0.0
8015.349
2566.9067
0.0
0.0
0.0
3607.7512
3106.9026
1308.1046
518.5395
1471.5072
3592.4507
1625.6956
3845.611
4657.3813
0.0
0.0
1981.5515
0.0
3063.6055
50.94449
6413.125
7750.1475
2934.2915
17477.63
0.0
2925.6768
0.0
0.0
3167.7366
7525.8335
1364.1289
0.0
63412.07
1381.4983
3620.7046
4731.5005
1661.3109
3730.8826
73595.125
0.0
1222.0315
2631.5532
0.0
0.0
0.0
788.37805
529.6898
0.0
2494.347
1482.0034
399.09473
0.0
6963.8633
1857.6292
0.0
69349.766
5278.4204
0.0
5746.7866
0.0
0.0
199.87897
0.0
0.0
0.0
5794.908
3992.2734
1478.831
3040.603
0.0
3525.4575
4026.5828
933.1439
3433.6167
633.80786
0.0
3763.213
1014.6437
32430.848
349.79358
0.0
2618.6804
4423.221
7480.92
3644.2002
49.911285
993.38654
122.31465
0.0
201.57614
3821.0938
3807.0825
1238.3622
2072.6216
9149.934
833.46716
1079.0942
296.47095
6592.51
462.72272
0.0
0.0
4526.412
4803.627
414.25302
0.0
14467.016
2030.0044
2421.2178
3899.0981
5640.19
0.0
276.0441
3271.1277
182.03593
0.0
0.0
529.0708
7435.399
0.0
4245.9087
37877.203
0.0
49.670166
3799.4282
0.0
11303.669
2082.8855
4051.9434
4942.74
4141.4824
0.0
4642.5596
2333.3926
1366.407
2001.8798
140.07584
0.0
3749.5986
0.0
2033.331
0.0
937.04395
0.0
1263.541
0.0
0.0
690.5001
6598.9854
11704.934
0.0
6701.0845
3873.4985
672.18713
4549.216
0.0
8681.116
0.0
3438.9844
1181.1823
2494.7925
0.0
0.0
1475.1636
4291.5176
0.0
0.0
7849.753
0.0
617.6711
2725.0513
7369.66
1851.7458
3410.2312
11300.3955
7079.423
27470.797
6676.495
1653.7825
4898.95
3635.0166
0.0
0.0
0.0
3647.222
1617.8196
23789.088
152.25607
4729.2603
0.0
63696.312
1378.0266
6880.6514
9160.236
2342.7542
0.0
3419.603
1747.282
6712.9673
17616.805
0.0
2531.4832
506.81622
0.0
750.23566
0.0
1544.0715
1164.4338
2922.6333
5106.546
32029.762
0.0
9020.419
885.4154
1925.2
2998.6948
1321.6338
971.31537
8954.323
213.7535
6230.756
1561.9371
0.0
0.0
4802.75
14613.162
2841.5217
0.0
5788.3525
2130.5857
537.99347
13745.189
2280.7346
4684.3438
120.08969
2512.817
3969.5137
1367.993
4409.3696
2728.7505
0.0
587.60583
1069.3943
0.0
6863.4375
7054.964
1133.2843
1348.5549
3019.9702
3025.2646
0.0
6619.9834
2144.4155
6918.7905
0.0
0.0
294.74243
73.18019
31313.973
0.0
3660.828
0.0
0.0
6786.4023
70.86763
178.13885
4034.5522
2970.0938
5177.6787
1763.054
0.0
4416.332
2016.9548
16814.273
0.0
0.0
2014.8376
1899.1174
6047.569
190.98544
0.0
0.0
950.5127
2391.0662
0.0
1558.3358
3100.3167
253.42497
2918.9775
4501.3613
27159.61
1659.9342
2814.8652
0.0
1372.8707
0.0
0.0
3863.6687
0.0
4300.702
2388.9717
2415.4048
1498.9216
0.0
0.0
787.0591
3229.545
4224.3013
0.0
1888.5573
4295.8906
8399.024
98.35797
11072.217
4572.263
997.7268
0.0
711.5523
6678.3403
0.0
802.50696
4433.7046
2460.1724
0.0
0.0
0.0
14952.953
0.0
283.8333
5366.573
0.0
8577.85
2643.3262
550.3353
10618.786
1083.2628
0.0
3755.0361
0.0
16044.537
0.0
2372.2305
1875.6483
0.0
487.53772
8285.256
2032.283
3638.7822
4988.0366
0.0
3393.67
11601.886
5284.6094
6968.3047
78995.24
5873.036
1577.4783
3125.8916
5713.6787
0.0
4108.9717
94.14668
2868.0454
6900.0557
2133.9724
0.0
6539.874
1946.1061
4226.8613
3148.7168
661.851
4474.691
3428.6792
2824.2373
10205.349
4063.8628
0.0
948.97797
1940.4067
0.0
0.0
1632.4109
8120.3325
369.67828
16809.164
0.0
10046.663
1792.2003
5063.2197
5260.561
2033.7316
15842.702
4627.5337
122.244125
0.0
0.0
0.0
709.53766
551.15015
329.2461
4017.0728
440.56244
1242.9532
143.82637
0.0
2932.9192
4332.668
1636.8096
0.0
2097.5964
2307.1982
230.20871
4053.686
4443.1113
3234.9917
0.0
2658.2058
166.21014
0.0
2756.8276
4625.3647
0.0
133548.75
1879.3799
526.69293
0.0
415.01074
1143.9446
3260.712
0.0
1856.9485
1698.3871
2177.2622
3399.9507
2203.406
0.0
1634.3416
182.0027
3249.687
4559.2705
537.29034
7789.509
316.98035
2029.7738
488.34113
1435.4117
629.17145
0.0
0.0
8376.552
179.30103
4822.033
0.0
510.1172
669.7485
2397.8442
15055.975
723.2445
3793.7852
0.0
49826.42
1481.3701
1311.0883
2402.099
181.58948
5496.59
0.0
5803.5576
0.0
2336.269
2550.3262
0.0
0.0
21296.32
0.0
6515.6616
3715.777
101.87257
0.0
1897.625
583.8034
0.0
96.44821
3664.99
140.7441
12570.595
9600.221
0.0
2361.1292
117.43855
1846.1647
0.0
0.0
7472.4453
2770.0208
0.0
0.0
4242.1543
256.0204
0.0
6382.0356
1419.8911
0.0
2146.0452
14755.9
2155.7227
2456.9167
1772.685
0.0
1962.4575
2164.7788
0.0
452.71613
4689.8896
6336.2393
13357.681
294.30975
1731.6663
8888.398
0.0
1517.3271
13821.103
0.0
253.14552
2323.8835
1876.2037
0.0
18431.764
0.0
15528.037
0.0
6097.1553
2744.4644
1414.077
2941.9468
20125.506
2436.5098
1985.4297
3269.7559
5150.112
1766.0303
3996.2515
3458.9492
5349.141
1560.0791
1495.7742
0.0
218.62816
2004.071
0.0
0.0
2388.3271
0.0
107.54592
1190.1594
18413.838
3546.418
7843.6523
3706.3503
0.0
0.0
1359.5173
977.33813
0.0
2134.479
0.0
5364.06
0.0
6787.228
1422.1437
8037.236
0.0
0.0
2619.4976
0.0
7590.8906
3780.4717
13758.489
3954.5132
2783.1597
1038.7603
2675.1328
8414.64
1997.5573
742.3654
4211.831
0.0
78.11957
3140.8652
13789.586
318.37115
3241.8003
0.0
1612.5828
8865.93
0.0
0.0
0.0
13390.58
0.0
4664.3145
757.06177
3436.4692
0.0
2040.626
2044.9241
3477.7627
1989.093
34044.1
3290.7114
9483.263
0.0
8743.905
0.0
163.0737
6575.8057
0.0
0.0
347.8224
4783.4487
2513.395
3873.8257
0.0
4925.5693
24787.418
4392.045
109362.984
231.6442
7938.2637
4762.309
613.2843
4145.047
0.0
3777.424
0.0
0.0
7308.297
44653.94
0.0
2857.3167
539.2115
2269.1343
0.0
15191.416
1177.6626
11464.012
0.0
2505.2993
1911.4751
1586.2288
1672.6615
957.46094
6021.657
512.059
6512.964
372.05432
472.22302
5829.472
4311.5073
0.0
0.0
1787.4839
0.0
2046.0784
119.74831
4122.908
0.0
0.0
3884.7095
6781.592
4673.214
158.70946
599.85535
0.0
4133.2153
611.4166
0.0
0.0
0.0
29006.031
3498.0596
1663.5813
0.0
1702.2424
2591.0588
1912.3804
2076.941
7654.427
2748.985
0.0
0.0
0.0
0.0
314.9825
1001.6015
1298.1646
6125.116
1626.9114
2382.2856
668.89105
2674.6692
1867.1095
4818.9243
0.0
10575.656
266.4063
1892.6793
1820.4573
4795.338
8535.739
3188.01
5609.5034
2700.0674
0.0
18487.83
0.0
1037.5198
39497.355
2699.0674
3898.1865
0.0
8155.6235
9630.299
417.76547
0.0
27048.305
1095.696
0.0
12655.465
0.0
0.0
0.0
0.0
0.0
0.0
420.3509
4333.2266
1891.7466
0.0
1170.0444
7909.3438
4480.756
1757.05
4976.1895
1467.7852
1878.1688
2161.9648
4178.8184
149.4849
2424.5452
4665.133
3417.5916
18362.582
6023.088
0.0
2148.1572
2874.9229
1544.4556
496.41998
8139.1094
484.70496
0.0
15147.825
3775.3984
4068.6592
6182.3975
1946.1409
827.7115
1519.5137
2244.6538
522.4767
4894.449
8323.224
2887.33
5210.1816
272.94257
1289.767
0.0
0.0
1727.328
214.74142
122.92467
100.58147
7031.05
0.0
3107.1904
4547.956
1010.04846
20048.783
4664.5034
4499.891
0.0
353.2465
7880.1025
2795.8652
109.48348
2254.1462
4439.3936
13150.113
4797.012
0.0
121.11601
4012.9639
262.4389
2784.3198
2882.3308
16026.553
1192.5444
0.0
1490.3579
9075.288
376.40125
2058.0835
0.0
1061.6104
0.0
86.19768
4380.718
0.0
115268.47
1359.9406
1563.9749
1947.0399
708.2733
0.0
1128.8674
3093.9072
14672.086
4560.8076
1722.1761
3027.9033
10408.883
768.3214
129.37895
0.0
0.0
0.0
0.0
30004.43
1610.2571
2071.8618
0.0
0.0
0.0
4078.5525
4508.5435
2454.9512
4196.6885
0.0
14236.338
0.0
0.0
7876.6816
2243.1748
3085.9246
1104.3412
4843.61
3411.6895
0.0
488.81403
1008.4557
3683.381
9765.777
9734.012
3327.7295
2250.941
5153.2417
853.28986
0.0
0.0
2303.6995
10349.712
0.0
7006.236
2068.6907
2904.3486
3497.0376
11939.814
1712.4991
50949.625
0.0
22784.682
1257.2583
13809.58
3250.986
39156.99
0.0
1923.0922
3856.5952
1781.4741
3178.168
2199.3413
6822.1074
0.0
2221.3975
2223.8313
1995.8672
4164.3057
609.59973
382.73422
0.0
11581.304
0.0
0.0
0.0
1581.5532
3982.4583
4565.715
905.4592
2118.8884
1696.2556
3681.6172
0.0
1371.0255
0.0
2573.323
20133.027
1330.4974
45310.6
674.42175
0.0
3715.329
2424.4563
7274.9033
21849.066
0.0
2917.9185
7087.363
2617.7415
497.1364
9842.781
1323.5801
872.57916
1429.81
51.639526
6525.213
7228.622
929.2226
3206.2214
118.374176
8551.15
1638.1075
9671.013
2078.752
0.0
7537.0605
1760.4362
2210.956
0.0
2738.4124
358.20886
0.0
8613.271
4123.3174
491.65173
3416.1099
7994.3936
0.0
67.318344
7848.5205
126.35126
531.3373
0.0
356.8899
5457.8936
1968.5001
1305.3751
939.3135
1708.7631
4239.601
2888.1252
754.98096
0.0
0.0
2097.4402
5652.8677
5720.3965
1725.4557
1293.365
0.0
2636.7136
3240.8962
2612.8042
0.0
4158.2217
973.72
5270.3843
0.0
521.45984
505.26837
1581.0332
3553.1902
2446.6917
2261.1938
0.0
4377.078
0.0
0.0
7080.041
0.0
9803.74
0.0
5255.0757
3848.6572
2416.6462
1177.731
7182.127
6807.2935
673.87744
0.0
0.0
2333.4697
1030.3057
0.0
4935.4824
0.0
0.0
2401.7104
0.0
4012.8125
0.0
1247.9113
4455.806
3298.2212
1990.7716
2620.729
884.93225
21645.818
10037.221
2338.54
1856.0635
3974.8816
5822.503
14898.607
0.0
2311.4343
1299.6813
0.0
6993.42
3837.5264
0.0
4668.924
0.0
4204.68
1515.8075
0.0
0.0
2789.9138
0.0
0.0
62.44682
0.0
0.0
4794.63
0.0
3225.5923
1629.4275
5890.331
0.0
0.0
4985.01
4351.378
2525.3184
5740.132
24165.305
6115.216
0.0
0.0
19152.035
0.0
0.0
527.1757
2974.1274
5198.0586
0.0
5074.6245
39731.973
11508.126
2057.4785
0.0
0.0
2378.8276
24707.637
3623.5547
4027.4077
2165.4036
769.95435
0.0
2242.083
12873.985
2573.2178
1995.196
0.0
0.0
2144.871
202.656
1603.9666
7449.554
5816.164
9842.884
11674.582
946.6169
9876.883
1631.6614
2645.4504
0.0
20566.947
0.0
22925.55
2417.9253
7967.2295
3368.3735
18.495827
91.630035
0.0
739.2916
3113.9482
0.0
9348.381
2143.7568
0.0
0.0
2206.676
1211.3708
0.0
3275.4436
3096.5068
2108.5664
588.15186
2155.3713
665.84894
1147.2051
5390.058
0.0
4791.449
8001.205
361.46893
0.0
0.0
8250.428
2503.242
0.0
14808.484
3690.0166
0.0
915.70874
1662.9474
0.0
743.65533
217.99731
7801.784
0.0
916.6542
3719.917
113941.87
76155.99
8911.458
1418.1808
4918.049
0.0
0.0
2251.8838
0.0
1489.6011
1298.4492
4980.435
23766.738
0.0
6589.8574
2709.1807
9973.438
688.6206
0.0
49843.824
909.2856
2450.5813
6017.8613
0.0
622.1283
220281.31
2839.893
27136.672
0.0
0.0
9087.179
0.0
0.0
416.2944
5022.795
0.0
3145.295
646.1937
144.23578
0.0
771.7351
0.0
1202.2212
0.0
119.65884
2458.7395
6731.042
3290.0405
253.05746
5105.849
1893.4224
1313.4629
0.0
8696.521
172.2656
2617.4746
0.0
17999.17
9457.225
3245.3657
2594.4941
1880.5544
20290.14
1418.4683
0.0
5545.7017
2549.4636
5386.638
0.0
0.0
0.0
4038.1501
58218.043
0.0
11282.418
0.0
3584.059
9353.957
6195.133
3377.2136
1939.1204
9658.384
5517.269
2163.191
105218.125
0.0
0.0
0.0
0.0
0.0
4642.1387
0.0
3774.9004
3671.392
15332.779
2441.875
3105.0557
2644.7402
0.0
4243.0938
0.0
7129.059
8687.518
2332.7083
0.0
0.0
5282.812
7047.1787
0.0
6049.498
2430.7798
0.0
0.0
1772.8076
0.0
10059.277
0.0
9930.682
0.0
0.0
1948.8962
1547.513
0.0
3491.2397
3406.4463
0.0
3174.8496
18867.213
2982.5288
7778.291
12021.466
1535.8657
1901.0946
0.0
5656.0234
2919.3105
1796.569
4847.719
279.43347
1799.206
1379.3608
0.0
1267.5546
0.0
0.0
12659.053
3919.2964
6517.964
2032.1516
0.0
5894.8633
0.0
1021.73096
4563.2324
0.0
6146.003
1808.0292
1204.7578
3965.2407
0.0
6244.7734
1770.5621
0.0
11282.705
1133.9683
0.0
0.0
3004.051
0.0
0.0
0.0
3279.0093
0.0
0.0
0.0
2071.0894
3058.8843
0.0
4999.511
7185.3745
0.0
0.0
1392.4558
2930.1946
4394.0103
2686.4792
0.0
3643.6555
2598.8965
3269.901
916.1752
0.0
0.0
0.0
2752.806
0.0
3850.4219
0.0
15360.682
0.0
0.0
225.29155
1373.2295
5094.661
5012.1797
0.0
7421.635
7427.5684
0.0
0.0
0.0
9686.779
2629.2927
0.0
0.0
11237.006
6911.0596
918.3835
6243.4395
1757.8135
1176.3784
3163.6587
759.5078
0.0
8201.342
5495.3926
0.0
0.0
0.0
0.0
1786.2505
16113.011
0.0
4539.1665
0.0
1989.1709
1614.2742
777.2351
6899.6514
2079.8179
0.0
1284.4376
4331.1064
2144.9648
4173.8613
2365.9155
0.0
47925.78
0.0
1333.4514
1934.0225
4689.162
2282.486
223.3054
0.0
4273.9004
0.0
0.0
0.0
2287.5542
1974.6995
0.0
1406.3062
2930.3787
12148.309
0.0
0.0
2671.331
0.0
8053.9814
3360.285
4506.898
8334.742
1177.7245
3888.09
6090.1597
1999.897
2221.5652
0.0
0.0
9488.962
923.80817
1949.8606
0.0
5939.3203
6146.8105
0.0
1224.7413
6256.4824
128.1018
0.0
57.17626
0.0
3287.442
2353.5889
21194.467
1496.3705
3806.6772
594.6376
0.0
6416.082
2666.9436
68.62375
3473.4731
0.0
33089.79
0.0
1697.6027
2604.8115
0.0
7585.7383
2512.1978
343.8782
0.0
727.1902
3110.982
36.219475
9866.257
3003.847
37806.3
1765.8882
379.62946
1860.8562
1684.6672
47657.984
161.8727
0.0
2955.8794
0.0
2687.2996
0.0
10860.663
0.0
724.9005
0.0
6394.8257
1652.2461
2805.7832
5015.489
323.725
1939.9326
2896.0508
400.34857
1804.1298
0.0
1845.5743
1256.2073
0.0
212.9048
0.0
0.0
11097.098
3783.4521
943.5978
1920.2328
0.0
414.70264
365.80487
0.0
0.0
226.5864
0.0
0.0
0.0
1541.9116
5698.574
13878.893
5243.606
1706.5148
5430.0156
35084.24
270.69623
241.56921
0.0
0.0
0.0
0.0
0.0
15824.299
4160.711
2513.266
8227.258
768.14453
0.0
112213.52
4754.694
0.0
0.0
0.0
0.0
726.84515
3060.593
0.0
5044.1084
2970.4907
5638.093
3244.9185
0.0
5539.533
8187.1787
0.0
3327.9148
2059.8818
1809.0625
204.46753
0.0
3037.5527
1168.6125
356.14578
5900.544
1515.532
1158.5316
0.0
367.15863
0.0
24938.795
5175.37
562.0956
3962.7786
7169.3853
0.0
921.2314
0.0
0.0
5067.077
2982.5635
2491.8171
3379.355
0.0
2073.9324
7720.7637
523.4055
9944.237
11803.553
0.0
0.0
0.0
171.75912
0.0
2164.9614
1158.8948
8080.5225
2309.0671
523.7474
1737.1421
6168.1655
2049.1401
10879.957
649.21106
57474.49
11084.762
0.0
6111.544
16616.219
975.11597
0.0
0.0
18312.256
3083.1733
10861.395
1008.78827
2044.8274
0.0
4495.3223
2441.3894
0.0
4087.502
22727.873
0.0
0.0
34540.76
5232.421
99.977936
3841.5986
29.855495
838.5133
2038.576
1147.1576
4693.9854
3331.5615
4960.996
2536.4866
28740.406
219.56186
3585.3196
0.0
1231.1238
0.0
0.0
5181.869
4455.118
2251.7222
0.0
787.1288
0.0
0.0
3838.9163
0.0
10515.112
4047.2148
3935.9412
0.0
1712.3184
0.0
727.218
32199.713
1490.6239
3866.5017
915.23425
0.0
1508.0588
1580.7407
971.34375
2125.9114
0.0
0.0
25967.902
0.0
16273.26
6237.5176
10612.282
5026.1787
8719.613
0.0
2233.2517
0.0
5361.506
0.0
1764.6461
28257.06
0.0
1914.4353
2801.6865
658.5923
2852.0142
7475.792
0.0
8813.387
0.0
3533.5605
3382.6704
2292.6516
1614.7836
6804.0796
6012.6045
14734.747
309.6447
0.0
2894.4739
73.18213
2930.2568
1998.7261
0.0
3651.1484
2254.9902
0.0
0.0
0.0
1399.9303
4038.6401
0.0
867.869
0.0
1215.8783
26833.781
561.4386
0.0
379.6611
0.0
206.39632
2900.432
62.12193
0.0
0.0
0.0
2226.7305
8518.76
4759.8394
4635.7925
162.91045
1034.5795
19671.762
36653.984
2007.4368
4182.5054
33140.68
4655.8276
358.78058
98557.92
0.0
0.0
38331.633
174.93611
6347.0557
0.0
0.0
2697.4495
3954.6714
0.0
2017.7258
171.03741
147.97308
476.55804
5671.348
5580.02
139017.44
3427.363
2828.9138
2335.9998
6624.3496
1702.0718
155.42374
0.0
52.549416
25393.527
0.0
0.0
147.1054
5739.452
0.0
0.0
541.3643
7306.037
185.2852
2624.2925
3991.197
15468.1045
411.05914
0.0
2363.1604
7677.476
5025.2207
14402.007
0.0
0.0
82.05487
0.0
2111.8135
0.0
4878.828
2226.5076
7491.3438
0.0
455.97308
24731.746
1399.6866
0.0
5795.535
4006.398
0.0
1836.1543
0.0
6244.5615
4860.684
37176.926
1618.5134
2713.7036
304.60577
3527.4365
20671.943
6218.871
4749.2217
0.0
1123.9775
2290.5947
0.0
46.768517
40.595234
564.3922
4712.1924
0.0
9065.926
0.0
0.0
1717.1375
4738.591
0.0
7735.462
0.0
4478.766
4891.695
230.2186
2520.3926
4287.969
1114.2285
4592.7505
2917.626
3418.2734
1624.7637
0.0
8456.132
0.0
3518.8809
2294.2485
10178.951
0.0
13053.783
32553.17
1871.4126
0.0
0.0
2992.7224
664.0159
5774.5884
16652.742
2723.876
10795.733
215.40027
0.0
0.0
2714.7607
0.0
1870.0144
1277.1095
2906.3545
719.6766
0.0
55036.223
2654.4922
0.0
3482.3872
2222.863
12143.406
0.0
0.0
815.3848
3743.163
0.0
1845.6964
0.0
0.0
9005.199
3286.0874
597.46606
13322.56
3112.2812
7603.176
233.01758
0.0
3329.0913
2628.0886
0.0
1725.8179
11076.033
659.2035
0.0
5136.282
1596.1885
166.95667
2326.2627
3354.9663
9216.254
6818.7
0.0
58706.21
0.0
224.29364
3745.8926
3065.9634
603.7114
3370.3655
7377.899
33.496872
3785.635
0.0
0.0
14660.965
2920.2383
3067.563
33195.16
56873.82
0.0
3045.6794
0.0
4970.7646
829.60925
0.0
4219.3525
4055.4688
5063.435
2111.1326
0.0
2818.8738
0.0
0.0
0.0
0.0
0.0
4381.613
0.0
150.13826
0.0
6835.6494
10114.976
710.9057
6015.0513
2433.583
841.092
138.01526
0.0
3318.0564
5117.6587
3494.916
592.6168
9775.244
1608.8472
672.3484
5070.7505
1589.623
0.0
1586.7
5526.8496
0.0
5307.073
9675.541
0.0
1080.138
288.21768
2276.316
18624.621
3391.6963
4525.8613
3074.135
0.0
5972.6875
6773.0166
7469.6904
2514.0898
2764.4536
4504.222
8505.239
3499.768
1372.0049
3089.085
0.0
2671.2693
32334.807
0.0
16.128134
0.0
6653.8057
0.0
23287.05
23540.193
1104.1483
0.0
2008.2859
323.37198
648.57947
1600.1891
0.0
120997.69
0.0
0.0
0.0
5134.274
527.1666
0.0
4263.7812
0.0
3374.192
3378.5962
2891.1777
1576.2847
0.0
1114.8951
4445.7344
556.8088
23901.0
0.0
7337.0605
3233.4504
8.471849
2349.3247
0.0
55788.098
2751.8784
4702.539
3294.7622
48707.688
0.0
2081.8975
2154.4133
3707.2349
8667.681
491.10547
29261.637
41761.867
0.0
11318.928
10115.72
1785.671
1533.8099
0.0
1751.2546
323.75928
1919.04
249.09268
1317.0942
0.0
27909.578
595.48737
0.0
6211.7344
1055.9167
34063.047
0.0
21739.951
154955.9
9622.524
109.47766
3058.7668
0.0
0.0
0.0
0.0
0.0
2754.378
0.0
0.0
2177.21
1756.2083
1959.3306
347.19366
0.0
4894.7983
3212.7886
0.0
4302.5757
3700.1982
18006.82
653.19604
3942.8132
5271.7524
66696.97
3998.0059
137.93521
9750.707
0.0
0.0
24600.205
1426.735
2308.0088
81715.81
5991.751
2654.7798
1110.8894
90.90647
0.0
0.0
1587.8635
49830.07
5651.844
0.0
0.0
0.0
0.0
6731.0566
327.31793
7568.462
0.0
1030.3298
208.05719
20044.666
3412.4548
312.60236
5491.752
3092.03
743.29443
0.0
7454.583
4447.427
4169.597
1128.9514
0.0
0.0
3202.7407
3267.0723
0.0
0.0
42231.91
4884.133
6950.724
0.0
0.0
2765.526
3744.8218
1531.3398
108.2847
0.0
4327.036
1801.9991
0.0
0.0
0.0
23559.182
2400.2642
0.0
3176.0132
0.0
31313.004
8625.186
1014.84955
14430.568
0.0
5905.662
5104.02
1698.9395
3549.316
0.0
3404.1094
1288.4948
3082.961
0.0
0.0
6182.6924
1206.978
0.0
0.0
26123.559
491.67316
0.0
7203.491
0.0
167.03925
7611.908
0.0
546.64087
809.2731
403.72076
2645.9038
7747.9805
1077.6667
3656.0574
6115.9404
432.99548
351.5558
82.28789
1574.0315
0.0
0.0
6996.077
1859.2788
0.0
0.0
602.06665
0.0
9936.531
0.0
217.5984
0.0
2403.3433
6059.7617
354.29504
0.0
616.44476
0.0
2012.8892
0.0
5151.367
0.0
5607.456
0.0
0.0
2149.0635
131.85004
57031.9
7196.8076
2172.2278
0.0
0.0
7046.873
6649.9385
0.0
1421.9874
0.0
0.0
1562.9502
0.0
5874.0825
19605.773
7417.314
826.90796
904.23224
1420.3905
5159.6465
1527.1907
5072.8784
0.0
0.0
0.0
1900.7854
98.35239
495.14703
19997.264
4413.391
0.0
15777.544
64763.125
569.3322
5541.5015
4835.0586
0.0
0.0
28048.85
0.0
0.0
12792.748
8942.699
12450.325
294.15695
3234.0713
743.42474
4143.1016
0.0
2161.519
0.0
4002.5
92.866585
14691.369
10944.676
0.0
0.0
6631.8867
970.32227
1193.8599
274.3586
46791.89
1623.5352
30535.514
1616.8286
4116.0874
2879.2192
2745.231
2438.0027
0.0
15722.792
83.21625
0.0
0.0
140252.8
13973.871
0.0
3736.5435
520.27856
75928.92
4313.234
6088.3955
2518.3484
0.0
13457.164
0.0
0.0
0.0
619.5216
3506.9028
0.0
0.0
926.13306
4683.3955
8502.631
1662.8456
4701.715
2756.4282
419.58276
8566.649
424.39508
0.0
632.4687
3851.0405
1034.7231
2866.8525
4499.084
7165.5537
1261.6094
7607.0166
3893.2134
0.0
0.0
10607.398
0.0
7896.9277
1492.0543
0.0
1978.3999
1041.2803
0.0
0.0
34457.617
3942.7048
4657.841
0.0
0.0
0.0
99561.47
0.0
632.17993
9171.361
1858.6239
382.04578
5341.6436
0.0
0.0
225.21977
2487.6816
133.45383
2183.063
6976.0923
0.0
78533.516
0.0
1649.0466
1357.5789
0.0
4488.867
0.0
80646.04
2330.0964
0.0
19022.957
0.0
1573.156
0.0
1447.9153
2993.707
703.5415
0.0
0.0
3060.6826
0.0
283.79144
1591.3854
1304.0729
0.0
1962.4991
0.0
1284.6621
0.0
6943.9375
1417.1982
0.0
2414.958
0.0
2365.436
67798.19
58.23049
3940.8567
35434.395
1732.2268
30795.898
0.0
1771.1279
3629.2515
9515.098
7967.907
3957.7026
409.20032
6549.8506
5878.3574
4122.588
733.3986
0.0
2067.8242
0.0
5906.2734
1338.2343
0.0
13.099152
796.9254
142.88483
0.0
1407.8809
1978.0906
0.0
16694.951
0.0
14789.773
0.0
0.0
1978.1208
0.0
0.0
5364.245
0.0
0.0
2011.8235
0.0
9799.97
5234.95
1755.7222
25276.105
2062.96
0.0
156.19084
0.0
809.3641
0.0
4811.0957
2475.0962
3221.4834
34022.758
788.94446
5896.868
1385.2133
1017.2041
290.87653
4003.3765
3290.4019
2423.6184
3881.3699
17939.031
11316.232
32283.188
1866.4731
0.0
0.0
2085.6755
0.0
16534.982
465.28986
0.0
0.0
1117.4824
21.468918
2496.5493
20061.938
0.0
0.0
1873.2025
1311.9065
2063.2554
1506.1558
0.0
0.0
3631.9834
4434.508
9711.117
354.50317
0.0
13903.236
0.0
0.0
289905.38
0.0
8403.005
0.0
1196.2916
0.0
498.51935
0.0
1542.747
1292.8147
337.04254
0.0
2802.7368
0.0
1943.6226
1725.4377
1632.7727
0.0
250.95886
0.0
2689.9487
0.0
288.17365
3164.1248
1067.9421
8789.668
0.0
8449.775
1314.2466
0.0
1530.2808
4452.219
0.0
3295.4805
0.0
0.0
518.15137
597.3224
4175.0117
7599.101
159.11618
4431.3345
918.8633
207.81628
0.0
1945.6046
0.0
63582.793
6618.6313
16471.361
5550.0884
5570.799
0.0
0.0
2396.6277
0.0
476.11984
6653.519
163.12521
7510.6963
4133.5884
0.0
1067.6764
5602.985
11683.48
695.9801
0.0
0.0
883.7669
0.0
0.0
2101.1611
4601.522
0.0
3871.2395
237.2485
17345.922
13100.631
0.0
22479.578
568.4997
2307.7747
0.0
0.0
0.0
819.06177
0.0
579.4081
4982.117
3948.2886
774.22534
4872.1084
1614.8773
5672.916
0.0
316.23517
26275.7
91.682884
0.0
0.0
527.60333
66.463066
1666.0823
19850.938
42739.555
1081.1948
1158.1968
0.0
27912.484
4849.6484
0.0
0.0
66738.19
13877.678
56771.68
10693.334
0.0
3371.2805
7169.448
0.0
774.5497
3865.2607
119.514305
2241.679
20568.418
28539.414
82.94645
5630.3184
0.0
0.0
2164.418
41988.67
2037.6382
2739.3955
0.0
32674.803
4862.4956
570.5338
4263.3057
0.0
190.2172
3388.3723
0.0
6662.993
11360.503
1833.36
5350.4004
2514.4167
0.0
0.0
0.0
572.6749
2005.3875
4822.0806
10535.77
0.0
0.0
2597.2031
0.0
0.0
2207.2285
0.0
1060.5416
15082.035
0.0
10503.877
5398.4023
5916.2764
1793.1423
1802.0593
978.08923
6479.821
0.0
0.0
0.0
128.72362
12543.5
0.0
6933.7676
0.0
250.7777
0.0
3620.5898
4142.583
2029.696
576.94885
8728.919
4283.576
0.0
0.0
2859.4636
0.0
0.0
5237.1055
0.0
7443.315
0.0
18843.18
0.0
768.5326
953.7191
4733.747
1871.6569
862.25134
0.0
2822.2976
7281.1123
1945.5593
811.83325
2377.6216
8154.0566
527.5479
12816.762
9631.314
1066.6421
4990.52
4359.043
0.0
6455.8037
5523.903
3974.1895
0.0
0.0
188.58383
20.097744
460.32077
4716.2983
0.0
4711.643
751.25354
0.0
2677.2559
119.29578
33.497517
1290.6714
5682.546
1721.6699
65566.16
4747.7847
0.0
1349.7777
25055.645
4949.499
22708.818
835.0901
1658.3527
1038.648
28709.04
8224.162
0.0
1498.2146
601.98413
0.0
0.0
0.0
4733.09
0.0
8768.073
0.0
138.19716
446.84918
680.258
4095.275
0.0
3572.689
0.0
4953.5283
8656.8
0.0
157.13147
4148.6274
0.0
39414.887
2696.9824
0.0
4435.0938
27788.328
6449.092
0.0
3327.6045
149.18616
3494.7788
2177.5532
5071.907
3271.1501
11239.984
19034.596
1505.0225
9661.926
1067.0493
0.0
4724.8716
1275.4053
5813.631
76.50215
2501.5938
482.35764
5545.556
6382.588
941.1648
0.0
0.0
5375.8374
3991.138
24017.121
941.47064
0.0
2325.514
98781.86
644.98346
0.0
11571.874
70.30614
6180.882
7243.3604
0.0
0.0
214.10577
137.85336
0.0
169.82635
0.0
0.0
10305.324
0.0
201.49382
1022.2434
0.0
10352.041
178.32434
3155.572
0.0
0.0
5684.1104
0.0
0.0
3152.1313
11384.01
0.0
1605.0847
236.22382
818.86536
417.12897
8482.085
2094.142
0.0
23638.203
0.0
0.0
0.0
1919.7463
0.0
4436.9673
3567.8022
34500.184
0.0
1434.9487
2001.1886
98738.08
3891.4016
7706.58
123.63725
1578.6011
5130.002
0.0
4834.0957
2218.8127
811.72754
11020.696
14345.553
11293.829
0.0
653.3048
5108.1978
4871.915
2468.6157
8004.3784
584.6221
196.56589
0.0
1621.5898
0.0
4060.5854
8764.659
632.08887
6972.0684
0.0
0.0
3068.2422
8010.587
0.0
1625.779
2857.4187
4258.243
0.0
2025.4541
1624.8849
1804.4131
3531.7563
5546.234
0.0
0.0
0.0
17803.79
0.0
2758.6501
0.0
555.0142
0.0
5869.6733
0.0
0.0
0.0
4702.132
688.94965
714.64624
0.0
576.54816
17364.057
2614.4395
25401.89
0.0
0.0
3823.2383
3571.8584
0.0
9745.891
390.79547
197.1926
0.0
1460.4214
1914.8611
61.292664
0.0
0.0
0.0
4022.7651
0.0
0.0
6082.8945
1959.837
0.0
1565.9283
0.0
0.0
6392.5957
0.0
1432.4938
2111.4395
1698.4927
5933.783
0.0
630.30396
3382.3086
7684.676
0.0
883.7098
2779.2468
0.0
0.0
1053.3248
0.0
0.0
136.00856
0.0
0.0
4478.1426
1795.9858
6734.8906
5389.496
3439.2544
0.0
0.0
3434.3262
0.0
808.76953
0.0
4491.591
1708.5049
19.34784
3426.6992
2625.6519
10159.766
0.0
10267.775
8564.471
0.0
0.0
11592.471
2129.4495
3749.1191
449.64618
0.0
853.93463
0.0
1430.8898
32.02332
5112.874
3085.2217
3144.993
570.3395
0.0
0.0
702.8672
213.93587
11719.221
8603.498
7516.079
0.0
213.00307
2167.441
763.8379
3801.8145
0.0
0.0
0.0
10757.16
2181.9727
3050.684
7069.983
2351.8784
4672.403
2633.724
1579.4595
0.0
14681.3125
17940.146
530.67993
0.0
0.0
35901.562
11359.939
2032.2122
0.0
3397.5076
2611.103
6592.9473
1498.8676
1189.2068
3744.466
0.0
8433.076
0.0
2904.8904
18757.797
986.04956
2590.3433
8151.08
2807.1133
1127.1824
279.4466
1474.438
0.0
0.0
3427.6533
16525.502
7895.415
4408.3477
1189.6096
757.4618
1043.8741
0.0
2030.4269
36199.586
507.21356
0.0
3587.9255
0.0
0.0
36921.207
0.0
558.1909
5004.822
0.0
6270.2417
19044.504
704.91113
11512.026
0.0
0.0
45.946968
1298.2251
0.0
0.0
6423.63
2078.0273
2553.771
3950.6655
10332.856
1059.9742
3190.469
2488.901
115.18692
4221.423
0.0
1923.648
653.96686
0.0
375.89294
3087.5625
0.0
836.7954
5874.0103
1588.1705
1121.6244
187.79938
59197.676
0.0
2228.2585
0.0
1904.0133
0.0
512.5336
0.0
0.0
3720.626
5617.684
3699.85
1181.0051
2044.6743
5096.1074
10081.472
2229.1208
11626.316
0.0
0.0
10530.297
0.0
10574.346
3609.9722
4377.224
4311.6265
13114.226
0.0
1358.5496
1857.6035
3267.2292
0.0
2293.574
3893.1782
6190.039
22148.361
1544.1184
735.5007
219.72406
5245.3594
724.5476
13523.338
7533.4424
4724.366
0.0
510.57898
24.399815
51889.78
3138.3242
11529.7705
296.78516
1222.7008
5971.528
1878.7583
1412.761
549.66345
2806.4927
11008.012
0.0
568.7223
669.395
0.0
2832.1074
2952.0242
6400.3613
1601.1992
0.0
1178.8795
2786.0637
4172.961
652.7583
8523.715
6854.9956
4195.8633
418.01147
930.17883
0.0
3634.5952
345.46603
3172.7783
884.80774
0.0
0.0
0.0
3046.1816
9631.205
563.9896
633.8744
3068.6113
0.0
22877.238
0.0
1735.169
1731.2638
13205.961
1091.5879
0.0
2187.3972
143.06316
8241.071
0.0
0.0
0.0
6518.8223
3110.5444
0.0
0.0
4570.2627
1699.7607
1424.987
0.0
2023.2051
8241.978
171.19255
765.85547
0.0
0.0
26837.887
3915.5315
0.0
0.0
9074.559
1100.7349
3817.8938
148.97089
482.04358
885.9149
0.0
0.0
5482.523
1160.0872
0.0
0.0
6384.962
310116.25
1003.55554
5153.7075
0.0
22.124998
0.0
0.0
0.0
4387.5537
1243.6398
0.0
0.0
11525.37
0.0
0.0
0.0
0.0
13176.289
0.0
2399.5144
7546.3584
1192.3673
582.7982
0.0
4778.039
0.0
2391.3386
181.7067
1595.6426
0.0
14670.861
0.0
4833.995
13036.346
3234.0444
24808.535
3841.0972
828.9241
0.0
7475.99
1357.7275
0.0
4809.371
403.8825
3735.6907
38062.31
0.0
2383.9004
0.0
1895.7825
16342.232
3365.1687
6432.669
271744.12
0.0
420.17654
10251.968
9489.49
0.0
897.1703
0.0
0.0
432.28638
0.0
693.4654
0.0
0.0
1145.2881
1757.6536
3273.258
1835.0802
0.0
0.0
0.0
463.73297
3899.9443
298.32144
12436.386
4897.3716
11392.651
0.0
370.6501
0.0
0.0
0.0
2773.3586
3516.9927
3149.348
0.0
1046.3263
4527.8457
0.0
195.01575
2253.7493
1456.5107
0.0
855.72235
2469.326
0.0
2226.7556
0.0
122097.64
694.62244
641.36475
5716.4204
0.0
1822.8009
631.66
1547.6763
0.0
0.0
421.97018
0.0
0.0
0.0
0.0
0.0
0.0
9889.326
2176.7876
23928.273
2793.7913
9992.889
0.0
2395.2236
2965.7979
2560.056
0.0
10910.429
8961.315
1112.0715
0.0
838.45026
1250.4644
85.39963
2331.589
10460.806
430.54065
555.39197
0.0
4176.5444
3319.5464
4692.377
239.00595
5504.258
223.7285
13127.311
1912.5728
424.82965
212.74564
3927.4766
1522.9497
0.0
807.5154
2906.4048
5725.0586
5442.8574
0.0
3942.7163
7625.424
3567.8525
14536.045
462.00894
29553.871
656.8279
24718.418
0.0
0.0
0.0
0.0
7677.448
0.0
2586.8188
2808.935
5297.0703
2359.8584
2902.8647
0.0
5136.8184
2893.5996
5489.53
2081.449
0.0
5020.062
10255.86
238.24721
6045.7363
1281.5383
502.8024
4774.5625
1087.5209
3050.9395
0.0
1042.6333
6869.365
35.741653
0.0
189.36235
2385.4932
7729.968
4951.714
361.17697
0.0
12113.24
1334.5713
0.0
0.0
9849.584
5602.65
5645.476
4402.8447
1364.8802
1731.8562
4682.0713
0.0
3739.074
2111.4507
1292.3854
1543.5032
0.0
182.99078
0.0
4798.5527
1346.632
4718.9414
3116.9727
1925.0688
4501.221
0.0
1597.5371
0.0
136652.44
880.428
2094.9663
0.0
3810.8984
0.0
3621.0527
0.0
2630.6194
0.0
3433.835
2303.2847
2666.833
3564.6382
5921.4556
6138.8555
365.32257
4058.687
152.64474
0.0
1710.664
2695.5427
0.0
3707.4346
11729.633
352.68286
0.0
0.0
4032.6223
0.0
0.0
574.3378
0.0
0.0
0.0
5004.325
2834.2598
2633.223
5762.7505
0.0
800.6636
7263.7676
173.84552
78727.81
112.67595
248753.17
1987.0447
43671.727
30735.793
4473.0664
6699.1714
0.0
7451.922
2667.7239
1517.9309
3054.4756
5983.7217
0.0
10837.897
4129.4946
16818.93
0.0
7695.206
6406.4985
28548.223
242.24208
0.0
0.0
2295.5088
2844.941
3482.4744
0.0
0.0
517.74896
3261.9607
1334.6536
13779.799
0.0
3239.3032
84626.055
7240.3193
303.70477
1581.7632
4504.026
3837.98
5812.4995
727.5285
0.0
12964.148
0.0
0.0
4037.7803
9066.539
2304.3894
0.0
3933.0544
4939.1987
3925.1218
4156.3613
2312.7085
120.56213
0.0
4225.036
410.7704
253.7452
23873.492
23994.469
1000.84186
455.29883
0.0
1380.9868
7537.657
4471.389
5182.8906
0.0
11220.339
8849.958
0.0
3119.1042
0.0
0.0
97328.85
3667.3657
21899.25
0.0
1542.6936
5211.567
3498.4277
10266.27
0.0
0.0
0.0
84.3687
1103.2063
3494.88
0.0
25099.91
14560.705
2972.482
15647.197
1250.2444
0.0
2051.891
0.0
3151.3047
11524.693
252.35162
3851.163
2044.77
0.0
0.0
9692.634
0.0
4708.0933
1994.3157
7369.5
1016.6948
0.0
3831.3723
2121.3972
0.0
0.0
18265.053
4137.5386
4088.561
0.0
1616.246
1574.6125
2252.582
1102.1151
2480.8164
3750.4587
2575.4502
6123.3057
0.0
3037.585
2752.8184
4398.5303
0.0
664.30334
3395.579
10130.752
3510.35
0.0
1325.1012
3139.048
3710.5708
24824.363
12742.053
18645.066
1710.1321
5226.3594
0.0
1833.3345
4340.67
297.4693
40281.727
6178.0254
581.99316
315.37323
0.0
0.0
0.0
0.0
0.0
2960.3296
14452.41
0.0
1335.3807
151.01584
2792.2563
141.85367
21979.63
0.0
76786.89
1657.1104
0.0
2275.796
1533.1187
12336.262
2156.8833
0.0
0.0
6933.532
4327.8657
1225.1682
2894.9941
28139.277
0.0
1661.5873
15060.982
1177.8921
1908.6655
4553.6953
0.0
23264.709
2273.8945
3925.3604
169.68353
7620.2476
0.0
4729.791
0.0
898.9004
2069.5142
2312.1396
0.0
7503.277
9006.477
0.0
10047.47
1563.3816
0.0
431.93433
1059.1184
2080.8838
3254.0068
19399.924
2528.086
1857.9531
5281.18
0.0
710.9225
20820.436
0.0
8073.9004
78.96912
19.544783
0.0
0.0
0.0
2852.4646
3114.6865
48.6211
2651.8728
314.57944
630.0288
1984.367
497.15656
9527.787
0.0
158.48958
28495.348
12573.055
0.0
0.0
1723.5859
6587.6
1907.8501
6016.999
400.42365
1638.274
0.0
5526.4395
0.0
2643.6575
8969.863
0.0
0.0
1630.0464
2714.9214
13591.609
4511.613
641.13745
1644.8875
113.158775
0.0
0.0
0.0
0.0
0.0
38285.473
0.0
0.0
432.90082
6825.306
0.0
4289.6787
2339.896
487.63397
895.5812
87179.81
3110.5046
6377.566
12482.212
0.0
0.0
7753.629
0.0
1720.9933
8188.6797
16770.777
0.0
1199.6394
0.0
0.0
6339.174
0.0
0.0
2687.1084
0.0
0.0
0.0
2337.524
8327.995
3304.3555
4223.5474
1837.5547
4110.6094
37424.273
0.0
541.13635
2278.212
2372.5312
0.0
0.0
0.0
3247.7368
0.0
838.4475
494.18057
2883.3281
1454.1749
4668.176
0.0
2881.575
1789.8041
2952.4954
1856.8582
2019.9851
17583.512
0.0
4086.7393
0.0
5206.21
673.363
353.311
17935.139
2129.7236
0.0
0.0
0.0
397.92615
5164.6826
268.1113
7609.8545
69176.75
0.0
5058.0547
1404.1335
0.0
4569.561
0.0
0.0
12229.539
1877.1764
0.0
2887.3389
1882.0986
0.0
30.292892
0.0
4567.1777
4626.507
0.0
3396.4023
9424.987
240.58682
6385.3555
5485.018
948.92065
0.0
84.19818
3129.1904
0.0
