481.15863
0.0
101.41576
0.0
497.40524
3654.2178
473.73267
2762.0625
0.0
0.0
0.0
489.656
4834.714
2111.7937
0.0
0.0
2073.878
0.0
1478.3945
5918.609
3895.6465
2096.1377
3200.3052
2646.4287
0.0
1073.2708
0.0
811.1944
1840.5985
7062.4863
5682.14
1484.627
0.0
1063.1497
0.0
0.0
316.13248
9883.41
241515.0
0.0
0.0
1814.3295
987.3583
6247.297
1281.5974
0.0
321.16678
0.0
0.0
0.0
9633.493
195.65335
302.79163
830.3529
0.0
5009.436
2839.0974
0.0
3781.8735
1042.0585
21102.074
313.72794
353.47592
1425.5219
1590.7195
0.0
8217.521
8892.054
1691.5193
3045.3218
4374.8335
0.0
1700.349
94755.22
0.0
1793.9668
6106.0386
1425.7042
7204.5537
1343.066
521.6129
4492.2695
2398.2512
450.19562
10557.674
0.0
907.08545
0.0
615.5359
1325.5244
1725.2085
25987.684
19710.086
0.0
0.0
8106.5225
0.0
2443.865
1083.8845
731.1232
2805.7485
2254.245
7964.288
2196.025
2412.3638
0.0
5244.632
4561.38
286.59967
5329.282
0.0
639.90173
0.0
2298.5315
3411.3103
1195.9066
5050.58
21705.441
600.0481
0.0
2645.337
0.0
72975.25
183.60355
3271.4944
0.0
0.0
0.0
581.96594
0.0
2627.9653
2641.4421
0.0
1049.9563
7725.743
0.0
4540.197
7663.798
0.0
0.0
0.0
3608.6174
85922.766
0.0
0.0
5819.1445
0.0
5069.0474
0.0
4436.376
2539.3281
2341.4116
0.0
0.0
22515.969
4715.718
619.1121
0.0
0.0
0.0
223.673
0.0
1968.3418
1722.5813
1533.218
2034.6672
9491.8125
3687.5737
0.0
5570.3
52317.53
0.0
3456.2585
0.0
2271.0847
17035.455
0.0
2734.9275
826.699
15294.555
1225.0347
237.8079
46154.465
0.0
3032.9092
769.1781
1566.7168
0.0
2876.0469
1218.3363
23033.75
6563.662
933.5579
10689.823
4525.8877
7482.926
4155.713
2885.0334
4320.8403
2603.5278
2669.7593
0.0
250.172
5738.99
0.0
0.0
4164.1387
0.0
1912.2253
0.0
1675.7736
9269.945
7398.5815
0.0
54.233616
0.0
395.55762
452.38583
1278.8097
1982.6318
0.0
946.08545
0.0
842.88947
8871.156
2832.227
7376.7056
1241.7158
2989.8577
10916.85
0.0
5061.476
0.0
132775.22
1451.1938
5840.1997
528.6968
6484.2827
4496.1885
0.0
3304.1985
3382.1938
189.42831
2670.9448
160.61488
12061.988
0.0
491.1764
1472.833
0.0
0.0
7087.973
972.0707
11436.914
0.0
0.0
88.43677
7140.0103
0.0
1750.9703
0.0
0.0
6366.7656
67613.3
1053.9187
0.0
0.0
273.5477
0.0
3844.7925
0.0
0.0
11440.25
389.18304
2556.6182
377.19794
934.06244
0.0
4506.2295
0.0
379.65848
2029.1841
1724.1104
0.0
247.4068
1111.9022
118151.35
0.0
4344.176
24939.287
2460.7803
43686.94
0.0
15857.514
370.65262
0.0
659.3638
4542.5117
0.0
12596.859
6186.2246
692.8999
2070.844
12831.383
0.0
1661.3627
28036.863
1197.401
2498.436
0.0
0.0
0.0
0.0
2246.503
1650.8228
0.0
16937.291
20185.658
1024.9854
0.0
0.0
264.3003
1141.6011
2225.38
2354.3047
1183.7048
717.15436
1973.1057
1391.054
0.0
3129.8088
0.0
185.21185
1030.8917
0.0
4567.504
13223.377
173751.7
2739.3665
29067.164
578.80835
3686.866
6663.773
881.73694
1211.1238
923.39355
9328.34
32258.922
0.0
905.3427
2103.7021
0.0
4657.5093
0.0
0.0
1991.3887
670.013
1437.6763
9913.184
1080.0063
5061.502
0.0
0.0
0.0
148.07971
5360.706
983.2911
132.06458
4891.0957
0.0
1846.8732
0.0
14946.354
173.9983
7088.889
639.2565
882.35925
0.0
0.0
687.82526
1831.2024
0.0
0.0
246.63458
11667.016
813.71173
0.0
0.0
0.0
1454.0908
517.04834
437.80075
405.04852
0.0
10065.883
2816.3848
1226.2654
0.0
3194.151
682.9121
0.0
200.69861
0.0
0.0
10275.314
618.2649
1340.7195
15948.594
396.0413
13971.375
0.0
0.0
17602.094
8608.023
3701.768
12584.759
0.0
0.0
0.0
2219.0415
312.91663
3435.6533
898.5993
0.0
0.0
2546.6055
444.37854
2708.4631
7828.987
365.25754
7903.039
2956.73
1026.4381
1467.2152
288.11963
0.0
0.0
4406.9136
1302.7175
1513.4854
0.0
0.0
0.0
1884.0255
0.0
350.72314
4730.8096
0.0
5689.1924
1223.7904
636.2906
6134.2925
5099.8433
1598.5676
0.0
0.0
8365.871
3134.254
18704.914
2274.8777
255.39421
1120.6064
9239.647
516.3628
3813.4297
0.0
4242.8164
7343.0923
0.0
1170.3347
312.4706
1591.184
2027.1998
23.540619
1738.3098
1362.3843
204.32755
0.0
5693.166
862.45325
1090.3289
0.0
0.0
2237.521
906.99207
1724.7449
1120.216
0.0
6087.3394
0.0
3149.7861
1639.7656
1891.3176
222.90501
5083.74
6362.6904
0.0
6814.301
0.0
0.0
8997.151
698.40063
5801.5723
4824.2573
5488.3574
3483.4282
0.0
5580.1675
1672.0833
1884.8608
695.80835
50111.953
34668.652
10550.224
1968.75
1439.8005
6340.6865
38075.67
0.0
0.0
942.7673
1993.8328
0.0
0.0
7287.476
0.0
4938.824
326.76324
332.68713
2645.2886
0.0
87711.445
0.0
0.0
0.0
6108.2407
13937.568
3216.4126
0.0
3440.7578
0.0
659.56323
0.0
1117.179
0.0
440.8437
3044.309
29236.055
5697.258
1072.4172
0.0
8746.56
215.56789
0.0
13197.381
0.0
18996.975
3435.329
3130.9148
1781.5946
15890.014
354.26843
5066.302
7428.043
1223.5072
0.0
1692.7959
1753.6055
3155.21
9828.22
1334.093
1030.9604
96.44519
539.3514
27086.033
2795.047
24399.838
2972.621
2544.8677
2668.7776
276.49133
2130.349
742.7195
376.46936
6144.1533
1585.9153
60132.914
786.36426
2757.539
579.17316
6014.768
305.24973
62997.516
1307.9165
361.78467
2320.0571
6684.7188
4935.772
0.0
748.5622
906.73083
790.687
0.0
2897.6924
480.89624
0.0
556.36017
706.18396
291.81512
1526.1251
0.0
768.8478
528.3613
853.27924
0.0
4293.374
2329.8386
1940.5087
649.4297
0.0
1545.9924
12752.762
0.0
1147.7717
0.0
14101.73
9180.507
0.0
732.5749
0.0
767.1514
0.0
38862.535
0.0
2024.9724
235.54413
149.64893
828.6333
2666.3088
0.0
1056.2969
6300.611
0.0
2078.4473
2360.0344
0.0
1120.24
13553.277
1513.6323
2435.4814
868.54034
467.9588
94.48705
0.0
2670.479
18669.764
0.0
2089.6267
0.0
9372.037
907.07214
3782.9045
82514.984
8361.917
5836.5073
0.0
2817.983
12146.587
3153.137
0.0
0.0
2099.0598
0.0
6284.6436
4000.5234
353.62103
1186.6646
0.0
530.8777
15099.335
66774.75
0.0
4275.839
397.50995
0.0
13233.301
9298.541
5266.643
0.0
94100.47
5165.5435
620.621
2655.0813
0.0
9012.575
0.0
222.78996
4309.2266
0.0
2140.1443
21369.732
10033.108
19.093027
7290.7227
1338.5133
1993.958
6744.722
918.81726
108.68608
250.44852
4606.289
7185.904
0.0
12375.005
629.91284
984.1791
5567.6084
1759.9487
4981.6895
0.0
0.0
67.783455
4369.9165
0.0
252.2656
673.19635
0.0
3043.3784
6237.9414
2428.1533
7688.163
526.5264
5110.9785
0.0
4913.4326
6651.503
0.0
883.0071
5547.175
1516.8833
7199.959
1060.9205
0.0
0.0
17443.979
3173.5605
0.0
0.0
0.0
1050.2546
0.0
6892.346
4559.389
0.0
3684.9468
395.0435
0.0
3349.6514
14733.129
877.86346
117.153595
483.01913
17084.945
421.56952
5033.801
3308.3518
0.0
549.73596
3516.866
1420.3192
2264.0173
6415.297
0.0
15164.236
591930.4
1786.4261
12543.0625
7352.676
75654.48
0.0
1435.2925
2430.7107
0.0
3418.5532
1978.8564
1071.9697
8663.707
0.0
2076.4824
1626.6389
798.6079
7127.236
920.03705
1259.0149
2604.5881
11601.305
5292.5977
1562.8894
0.0
13088.704
530.33
2056.9248
0.0
0.0
1445.9304
11408.774
38925.344
0.0
5262.3193
0.0
0.0
662.68854
694.4651
175.83821
2815.7227
1483.1453
2396.4214
0.0
745.7437
2117.4902
4488.6694
16754.314
0.0
1771.3877
0.0
0.0
11123.455
0.0
202.67555
0.0
7014.514
7709.5107
1326.9861
955.2958
15982.121
213689.75
7552.928
327.23907
1209.536
0.0
930.929
4844.623
0.0
1387.4702
0.0
13032.127
5542.074
5539.3086
3300.6294
781.94867
0.0
6242.046
20447.396
2356.0554
0.0
0.0
4951.428
13371.24
13577.971
0.0
4253.416
0.0
120436.125
979.6604
1468.6458
0.0
1541.5598
0.0
3108.8105
2108.3936
8658.666
503.38263
158.51688
2515.165
4303.8716
4799.212
1432.2522
2514.838
1136.728
4659.0933
3514.7239
412.82043
2405.3438
5163.7505
0.0
559.02606
954.51056
0.0
3370.748
183.6044
5402.327
10343.479
0.0
9422.334
1194.9191
375385.4
0.0
0.0
851.82263
1129.376
397.66763
945.91986
0.0
235.95592
13764.156
1540.8823
2905.8394
6025.446
0.0
0.0
852.6645
3986.067
2314.3
252.1513
6195.3423
4255.537
0.0
3467.5596
3213.1707
25524.002
1120.7218
539.0624
8464.383
2542.508
750.1594
0.0
0.0
2056.0046
0.0
2040.8204
33635.44
182.79056
10437.492
0.0
1616.3044
0.0
8407.5625
4235.5996
2140.4895
1224.4221
0.0
0.0
6787.3643
2644.3738
5425.158
0.0
0.0
5547.5796
1313.9174
0.0
0.0
6936.7983
0.0
10959.368
432.67865
1307.4343
252.03696
2262.457
1734.1016
4887.811
2549.7869
19658.0
1557.5084
17782.549
0.0
1527.3346
8521.668
441.42267
2620.7803
1356.6499
3751.2935
6837.125
764.3727
0.0
1484.3367
9224.984
1655.4321
0.0
4625.2617
3492.6929
0.0
2145.6252
0.0
0.0
8471.934
0.0
1912.5752
384.7308
16708.686
2068.5605
4549.0703
0.0
1124.8262
0.0
1698.3685
9097.614
8673.254
0.0
0.0
13141.15
0.0
2371.9128
0.0
9467.933
0.0
280.11252
830.06506
571.26196
0.0
173.15749
851.173
0.0
0.0
5596.1797
2338.0776
1145.6702
12061.584
1699.6431
5276.8164
5013.9805
0.0
9010.077
2975.1646
0.0
1641.8972
0.0
464.65366
2179.9763
7128.1494
0.0
1895.8701
0.0
1522.3193
34490.062
3628.7944
0.0
9549.568
360.95044
7614.493
519.22174
1376.178
4468.005
46510.797
318.40982
25394.984
368.0827
103.90397
589.0416
3406.6807
0.0
20902.45
491.40036
4085.151
2325.5627
16088.506
43278.273
1149.0126
5452.079
0.0
9508.459
488.44394
1193.78
0.0
0.0
1754.0618
0.0
8052.95
25.525703
840.89764
6635.036
13171.918
43999.42
0.0
249.44604
3332.7068
0.0
8391.093
0.0
613.86035
0.0
0.0
1709.5146
0.0
1040.1525
8163.494
6654.673
268.87152
2181.2634
0.0
0.0
217.01535
50.3253
0.0
5809.8076
421.0899
0.0
885.1642
49.27193
0.0
828.093
0.0
858.5603
7759.1084
3169.3643
4261.9424
0.0
611.6984
2246.646
0.0
857.06616
1607.3457
8298.198
3677.143
9603.539
2364.7185
0.0
3596.6165
0.0
7538.4873
344.23248
256.4632
6001.0547
1438.4786
0.0
0.0
1934.6418
493.5479
610.0806
0.0
4540.4014
2816.4285
223305.98
48.92003
0.0
4469.421
3075.5576
0.0
27779.266
3931.62
3097.8328
5330.3784
220.13434
103258.625
1606.2664
8349.486
0.0
0.0
0.0
0.0
2112.6875
32201.547
0.0
2585.7466
7503.756
3530.2783
4661.5776
11796.103
1694.117
509.15823
4679.6826
168.94098
0.0
3587.3086
14870.96
1878.1788
0.0
1264.6691
23913.195
0.0
1830.2615
0.0
0.0
4922.38
576.8862
2537.171
278.64636
0.0
56299.75
21109.396
4115.839
2150.9165
0.0
0.0
0.0
0.0
0.0
317.9023
765.84436
3611.3025
0.0
7036.3804
0.0
10076.141
971.473
3728.5034
718.4253
4927.4497
7946.2803
1543.6523
312.19553
0.0
2106.9062
1643.5695
55312.883
4273.9316
0.0
514.4611
957.55615
923.7447
0.0
2231.1777
6508.658
1529.5287
617.36725
12142.836
1228.1328
1264.665
723.9127
2204.725
10718.318
15139.021
2237.1497
1448.7539
1482.4259
1199.7307
5230.1597
2303.2268
0.0
0.0
8987.949
8730.586
802.01697
311.48364
1881.605
15374.182
23419.398
0.0
9229.408
0.0
9972.475
45879.582
0.0
14831.666
467.73834
2170.1016
0.0
215.69698
2451.5393
8400.864
14140.532
0.0
1212.9315
7192.1245
1189.5361
0.0
23911.691
5026.1094
370.493
0.0
0.0
26235.477
795.6631
891.23254
225.16083
3391.9495
159.42332
0.0
0.0
11446.23
1644.1882
1524.0479
3835.2148
187.20657
758.1766
470.74496
1789.5934
800.9931
3272.6426
1652.5393
18504.15
837.8917
427.23535
2133.7603
17658.91
8387.266
3462.0356
0.0
963.60767
2718.6316
288.8789
1349.4884
15.3673935
20644.05
535.7147
21614.238
1061.806
0.0
310751.7
1538.2543
1322.8717
0.0
1598.4396
1631.8085
25307.742
0.0
443.57617
4336.5854
0.0
3592.8872
1168.9625
5705.5635
0.0
1132.1406
0.0
1794.6323
5415.2803
22594.244
37144.348
0.0
1942.5057
0.0
567.1825
0.0
18169.438
1117.4966
784.59875
3268.6953
0.0
6304.4546
4742.552
7052.043
0.0
2934.454
0.0
47231.543
47955.586
396.98132
1075163.0
0.0
307.5841
44361.125
0.0
530.1311
586.44385
1702.8945
0.0
2164.985
0.0
5496.95
7155.952
0.0
4428.782
3239.5425
7820.669
1696.2451
4250.195
1943.8862
6882.4146
0.0
0.0
2783.3145
657.959
2978.5488
1109.2969
2036.574
3437.0566
0.0
1808.4108
3280.8142
0.0
666.5762
3596.9224
0.0
7199.3076
4694.7656
1520.3907
11262.636
3435.1392
935.7793
4155.213
2620.62
0.0
597.4361
5911.362
1098.9396
2434.3438
0.0
0.0
0.0
11836.934
0.0
6092.923
20596.844
1438.2463
1326.9856
478.98236
0.0
0.0
0.0
6052.4897
0.0
0.0
0.0
0.0
1003.18713
0.0
1200.0338
0.0
274.42493
2820.7642
724.8147
3938.2283
673.8487
7753.9077
11487.568
315.86636
2344.4946
486.16144
1480.637
0.0
1795.1708
5318.7026
520.1931
459.66766
747.9083
22092.098
0.0
6409.984
364.83862
2588.221
10964.845
0.0
3521.9648
0.0
363.91742
0.0
0.0
1585.5323
35179.02
0.0
3059.5195
34224.223
0.0
2327.616
0.0
323.67807
263.87524
4958.5283
1827.5322
4844.475
2516.6912
1919.706
444.51727
29703.398
57040.395
7590.7607
0.0
4060.7847
0.0
512.5292
0.0
0.0
6516.6597
290.9491
5417.675
180.81616
0.0
314.3305
0.0
8704.368
0.0
0.0
488.44452
0.0
401.96063
1048.987
2151.5518
0.0
94446.375
763.57416
0.0
1272.8224
0.0
4419.2183
352.7688
16111.855
0.0
291.13702
0.0
6800.5264
5682.8945
5251.451
2306.7817
2105.3943
3064.0925
2206.3623
3405.9863
851.5399
5894.2803
0.0
6030.1094
509.56396
817.44214
2239.594
3866.9495
8586.145
878.7574
0.0
8735.775
719.9533
5064.6504
144950.16
7389.5117
211.88635
1218.3059
3642.7917
8076.454
2967.6406
578.9594
0.0
25848.914
3796.7961
2425.928
0.0
800.48846
5358.911
27587.258
4042.619
4181.0996
2143.3325
0.0
1388.5432
1482.9031
1760.4927
4731.2173
1713.8655
0.0
0.0
0.0
639.60785
0.0
6091.358
3271.2947
2369.9646
334.44687
0.0
0.0
1870.4653
4413.26
5298.7935
924.49524
0.0
0.0
337.1203
1483.2815
0.0
1510.8689
0.0
1273.8944
1074.9319
7986.342
7693.3926
0.0
863.2435
0.0
6923.61
1283.604
981.41895
0.0
557.0093
90057.33
11168.513
6257.246
27235.328
0.0
0.0
0.0
647.9528
203.32716
0.0
6322.1973
0.0
0.0
1132.4331
0.0
2839.1802
6242.6787
0.0
11085.676
0.0
6851.7373
1437.2405
56635.895
703.1275
0.0
3880.15
0.0
732.5864
908.7822
12209.508
131.63931
1295.7983
0.0
7336.6797
546.2119
5007.8965
5851.6436
1781.1996
9358.726
0.0
0.0
0.0
0.0
5277.876
793.704
667.3808
2183.5315
6007.254
7097.254
3049.8682
0.0
0.0
0.0
6269.288
467.49194
0.0
8157.4575
1330.8848
19818.281
7769.5654
734.5759
3140.4414
503.39197
1258.523
705.42303
1647.6846
10240.518
428.1747
4469.5024
0.0
3466.411
2717.319
2314.2893
8553.274
3852.8147
0.0
2223.4023
817.47565
0.0
1131.1271
969.19934
3704.7207
863.84106
0.0
1773.323
10703.668
5566.1104
29224.863
21759.46
2177.3225
6448.213
6418.358
3558.854
4113.5127
724.2683
13608.079
0.0
160.87152
1899.6031
4911.138
340.59125
7180.91
4929.688
0.0
27940.094
0.0
502.09216
0.0
0.0
2068.353
0.0
1770.1439
2579.59
935.62585
622.806
542.12366
3740.091
3141.0713
3800.484
0.0
763.23065
0.0
0.0
1399.6888
8990.775
2290.744
0.0
0.0
0.0
3132.2727
0.0
649.9358
1409.1707
5925.6294
632.84924
1488.4648
6888.449
1357.6486
4219.3887
0.0
1254.4464
0.0
0.0
0.0
3406.8992
0.0
581.9721
894.8535
0.0
651.40796
500.59198
0.0
240.77884
0.0
3868.4602
759.0773
3173.8042
145.78671
1381.041
129.2386
2089.2495
1846.8181
11595.7705
0.0
188.57881
0.0
1387.9993
30656.314
485.85004
388.34888
2785.531
26239.3
0.0
142.67688
1264.1167
0.0
731.3376
3578.9922
0.0
2873.8354
3766.5725
16430.322
10987.852
0.0
937.2538
28370.406
0.0
4919.1836
4357.75
1637.3794
2850.9478
3079.169
0.0
769.25385
2660.7854
0.0
1090.4283
0.0
362.47034
7119.5596
788.0282
9361.412
11146.361
129.31683
0.0
1724.9155
1246.962
0.0
2495.791
5017.3447
0.0
1186.9863
41664.094
1558.4207
0.0
2473.2139
3043.5215
18206.543
1759.728
0.0
1122.2944
2056.8171
4494.0557
0.0
0.0
1556.7144
444.73193
206.34079
7138.201
0.0
6674.959
853.9373
4497.732
286.61157
7772.6616
8380.974
3179.079
34014.08
0.0
1294.8457
0.0
3142.9006
3974.0898
1524.0718
0.0
2354.5864
62944.14
584.4588
2786.4243
0.0
416.9996
296.24194
0.0
39174.29
8997.968
96568.75
0.0
989.49695
0.0
1913.9634
1405.0316
500.83444
4662.3525
4339.4316
14416.684
32389.918
1010.3784
434.5626
2957.7144
2111.0732
311.4942
0.0
4642.9644
1446.922
3758.6455
1389.2905
0.0
0.0
0.0
1299.6696
1054.7802
1809.7225
0.0
922.9498
0.0
0.0
794.5569
6664.232
2417.9854
0.0
1526.2971
25.469025
581.331
0.0
971.76917
1915.8577
2307.6133
549.7082
0.0
312.29614
0.0
0.0
14534.546
0.0
0.0
12039.947
260.8375
1762.4922
0.0
3013.0173
0.0
6872.357
0.0
0.0
0.0
48216.72
2880.4927
4284.572
4686.4614
0.0
1830.4304
1083.1736
1057.0569
370.31403
2093.1787
159.95746
1317.1051
0.0
0.0
6084.13
12774.986
0.0
721.0845
6301.5586
3661.6138
3150.1309
133.82492
2177.2646
3992.3345
3914.4902
136.2451
5255.1436
9874.567
6797.587
3270.7253
36903.91
215479.45
730.7081
1020.62585
2918.6753
4916.452
0.0
1566.3336
975.0313
2991.3154
662.68665
622.4812
0.0
11341.316
0.0
3950.0044
3305.56
502.66833
2269.9038
0.0
2533.3313
3851.4363
0.0
0.0
11785.39
2435.3508
0.0
4590.0566
11485.381
762.4874
24060.51
2826.5386
836.4034
6073.451
0.0
4900.014
0.0
1508.541
0.0
0.0
3447.1167
0.0
0.0
0.0
1922.4265
1829.502
0.0
5680.7983
908.93726
0.0
3865.3516
0.0
5885.8755
0.0
4932.48
1120.8258
18353.145
1635.8478
0.0
2916.579
0.0
592.5637
775.4603
0.0
649.2235
49846.258
9142.936
0.0
0.0
49.943184
61.35016
0.0
2911.1006
4292.0576
0.0
4402.5474
11568.605
9398.652
2577.7585
6835.2324
2359.2588
2680.2627
6409.414
514.55164
8973.899
13918.438
2192.5352
636.96783
9691.184
836.16
168.39265
0.0
7278.273
915.36096
0.0
6033.0063
0.0
0.0
121.934074
1371.065
0.0
1103.9337
187.9375
1363.1439
0.0
1107.4354
181.77249
1450.8495
126.03874
362.6228
8077.162
0.0
0.0
7571.083
1209.8296
6020.1504
644.19995
0.0
0.0
5297.718
12794.793
0.0
12158.251
1030.9052
689.82837
0.0
1592.76
15099.998
598.8098
0.0
6082.3594
410.07556
201.6565
6003.8066
5086.7354
15254.404
3390.2964
0.0
0.0
133.09012
0.0
901.6902
1453.879
0.0
0.0
3418.1836
3599.2905
4921.0234
445.1919
0.0
0.0
569.87555
736.8109
7124.226
0.0
0.0
2809.7227
21048.656
0.0
1028.3448
839.17346
30463.908
0.0
3448.1848
4644.9775
0.0
0.0
0.0
0.0
1004.067
851.7302
1412.2789
1214.2805
25419.008
0.0
0.0
3812.1636
1108.3176
0.0
2.5914917
0.0
0.0
10111.308
3817.382
0.0
4275.977
0.0
21626.105
20198.031
364.95224
2701.0957
0.0
7764.143
0.0
0.0
0.0
17658.314
2272.8518
884.60223
0.0
4724.4478
872.7536
431.91403
3130.6035
0.0
0.0
596.1044
2143.8203
0.0
13799.357
4589.355
4731.2104
553.8581
12381.216
614.77893
6216.87
97423.79
1618.0842
0.0
1735.8604
33.039085
211.11723
4394.6226
182504.58
3720.498
0.0
0.0
5646.0938
4560.967
27.641113
0.0
2917.7295
0.0
1428.7991
0.0
0.0
1184.7546
3514.8218
9445.744
0.0
6834.744
0.0
2489.63
1418.1501
503257.7
1477.4836
673.11804
0.0
339.1639
33.443436
16842.62
8165.619
17947.16
3.4764824
1227.6613
1647.5112
11768.059
6855.9004
1459.6931
9007.123
0.0
0.0
264.90546
0.0
20685.34
3385.9712
9154.168
10074.027
1137.5913
772.3064
0.0
0.0
370.26627
1087.4292
542.4061
2623.7866
0.0
13205.445
3243.771
1443.1718
7349.1377
0.0
4314.369
0.0
1398.9955
0.0
0.0
328.98444
3113.9167
0.0
0.0
8533.671
2735.0298
756.3318
0.0
0.0
9148.284
391.7482
1941.0952
1353.2383
403.51465
1606.3342
38092.203
1581.2598
4472.331
7670.776
918.6759
2384.8306
4111.8857
13707.511
5105.6504
3068.406
0.0
3907.0908
1785.254
4831.6514
1346.8329
703.5908
34438.953
930.315
354.8117
4883.3657
5175.136
0.0
20214.65
14005.146
976.3175
3624.4866
0.0
904.28174
2686.6665
0.0
9435.278
0.0
0.0
2452.38
1005.5298
1118.6207
8084.452
16335.373
5974.1084
417.3773
8207.311
0.0
257.8529
2163.1118
1060.3484
3844.6196
0.0
699.07996
0.0
0.0
845.0916
0.0
2112.8782
0.0
1530.24
217.90186
28170.195
3799.4902
2688.9802
229.16751
1087.3883
1670.4777
215.02661
3765.451
18155.861
3298.063
17154.824
727.8268
951.02356
1742.172
0.0
561.4882
410.46362
1187.0187
0.0
0.0
199.3616
886.9705
1094.5388
3336.1147
45.64832
31.209396
0.0
1486.1533
602.85474
2025.9788
4960.2383
0.0
6813.8267
1998.3625
6326.728
0.0
625.57025
5063.8013
5307.164
4691.0015
5401.086
3746.345
3666.4478
429.39032
1263.2222
1853.4333
41422.105
4217.1777
2238.1582
795.1781
759.7843
1007.5235
2123.5493
0.0
1195.0901
0.0
15595.967
9585.651
7320.504
1472.4396
0.0
0.0
4928.4673
562.5452
272.42853
1570.7594
2200.639
0.0
4374.8657
9262.635
4214.6465
0.0
182.98737
9125.809
1385.4075
11631.982
2209.9697
1464.6826
0.0
6088.804
391.8438
0.0
7976.9404
3024.546
3761.1772
0.0
12619.21
13979.725
0.0
0.0
0.0
1187.1278
0.0
0.0
73451.55
0.0
10070.834
0.0
16164.701
2036.5554
9835.099
1318.023
14241.816
5408.737
2735.7048
6024.506
4584.089
2199.3193
3413.5015
616.7348
23258.49
5137.098
2523.3577
0.0
0.0
2305.8623
0.0
16839.582
7883.2373
528.9792
3863.3735
0.0
0.0
0.0
120.009674
1418.9053
4058.302
166.72208
4349.842
0.0
3792.0874
19105.434
0.0
1609.7853
554.52795
0.0
5512.4004
0.0
5402.7354
0.0
2512.3293
793.6435
43486.055
1477.7568
0.0
3101.1785
7502.7036
10768.607
77020.83
19247.145
0.0
1003.8281
5158.2124
12663.585
0.0
714.42114
2989.691
19982.367
5450.453
0.0
24878.195
55193.145
952.59155
4741.0034
13387.906
478.04346
8252.834
3541.177
4444.356
68153.625
0.0
1634.7185
5436.9224
550.11115
5151.285
4553.176
0.0
2521.5325
1516.9026
40447.516
308.65326
2861.9126
168238.23
0.0
1705.3025
1765.4163
9164.483
521.58124
1335.3386
0.0
1118.123
640.15906
13271.523
1204.1747
0.0
0.0
487.83392
7603.384
1484.0337
260.92044
0.0
7203.22
6950.907
345.97565
6072.566
1376.3861
8109.2197
1144.0508
4752.531
138.9948
1680.3124
0.0
2840.289
2968.4707
1611.6633
5077.705
5902.939
4503.1777
0.0
1204.6738
4969.868
0.0
27857.87
28.39212
20565.24
1269.9727
4298.195
0.0
0.0
0.0
690.74634
0.0
1804.3113
1436.4381
145.3164
0.0
1036.2932
9779.287
0.0
6046.082
0.0
1176.9958
2909.6372
1567.4482
2682.787
0.0
181.19453
3573.7913
2317.4775
1990.2766
7258.552
4398.411
1851.208
0.0
25480.68
2150.9578
994.6498
321.98962
3645.538
0.0
0.0
0.0
608.08887
2785.5454
753.3595
2254.367
0.0
2295.206
0.0
8448.908
0.0
0.0
33003.465
2096.567
1480.1389
0.0
9616.2705
3300.878
3940.8916
1963.5896
6290.2324
982.9102
0.0
6189.874
2577.2488
725.86536
3550.2131
1180.6106
854.6139
1711.9126
2537.0615
2823.983
12942.603
276.44763
0.0
0.0
187.19125
1758.085
2391.6177
5433.2295
0.0
6162.2646
726.35156
10076.764
0.0
20034.504
0.0
1379.0303
661.08636
798.79236
2246.851
674.0953
485.08087
314.48114
1331.211
1766.5923
1962.1246
238.02512
3521.7795
3729.551
766.5718
376.48248
13425.389
1791.1741
1479.8021
3779.8262
0.0
8084.59
1497.1127
4713.644
4097.9824
2374.5703
10340.63
0.0
0.0
0.0
5314.779
6706.576
4291.149
313.63983
1272.3328
2798.834
0.0
0.0
1949.1586
4210.9277
0.0
0.0
657.5919
29.178185
3639.6235
21036.383
827.63574
6306.618
2909.0603
3908.5037
265.05722
3406.3047
0.0
3626.7236
0.0
1779.0889
0.0
207.68132
0.0
832.9713
0.0
2061.729
0.0
0.0
399.61487
0.0
4554.917
3748.5852
3409.5376
2092.9873
932.04395
0.0
1523.346
19159.98
3289.8032
3298.586
3437.1577
8496.0625
0.0
2264.3433
1142.0847
204.75063
148.15175
33845.258
0.0
0.0
556.3491
0.0
1171.9901
3101.4885
7236.5576
0.0
227.21428
0.0
1482.7595
0.0
1326.5706
34634.418
3517.5308
5796.9287
5534.5264
0.0
379.13025
16824.898
1898.7559
1348.4713
0.0
0.0
10018.946
1210.6211
0.0
379.32983
4139.4526
4706.0293
1971.2146
1570.0317
5893.134
0.0
0.0
10383.827
2736.5872
7853.399
0.0
0.0
9190.434
12954.151
8414.036
0.0
4228.716
0.0
0.0
3224.7742
325.21533
73603.016
714.76636
2544.2031
107.92154
2978.0977
0.0
1044.8892
17119.822
45406.19
0.0
7360.6577
3053.8086
4010.122
123.007385
1680.969
953.24854
3650.0464
0.0
1305.9061
3847.4395
1392.7484
2165.3125
0.0
549.61914
0.0
559.7979
0.0
11275.145
2319.3691
0.0
9389.9
0.0
2519.3032
0.0
1598.4879
1425.917
961.6162
3765.0107
781.3725
2105.6416
7806.7505
0.0
1344.3346
0.0
0.0
1834.2751
2599.8967
5867.851
0.0
2363.0994
19391.219
0.0
3369.2454
0.0
0.0
3688.3477
8633.18
457.37518
365.8517
26707.88
881.3153
2587.6504
4222.6484
1547.9443
2893.2224
83600.516
880.4844
1201.6898
1866.1064
0.0
155.10645
0.0
548.4121
560.6658
0.0
2698.862
1507.8428
496.7094
297.2671
12100.753
1418.713
0.0
0.0
5598.468
0.0
3565.288
0.0
0.0
6338.9644
828.3955
258.44907
1082.2794
6855.8438
4553.2114
1653.8226
1181.2817
0.0
2973.484
4394.948
700.2826
2825.2874
564.7405
0.0
3247.1577
1504.1472
45015.67
322.33014
564.94556
2586.5312
630.9251
10839.065
5383.372
0.0
807.75055
134.7818
172.70238
243.95691
4075.438
3543.142
1173.391
1723.2081
11001.898
2056.9106
1214.6301
307.26843
4660.123
278.09628
0.0
749.5978
2738.1826
5159.6943
311.1539
0.0
16968.771
2162.086
1945.6348
2751.7039
6520.323
0.0
205.18307
2965.5703
204.12411
0.0
0.0
335.51447
5365.2466
0.0
7486.551
1934.2167
283.07935
0.0
5258.5244
0.0
14214.565
3006.1528
3491.6758
5962.0137
0.0
0.0
5222.357
2116.0767
4739.211
1956.7158
164.73984
0.0
21902.934
0.0
1041.0547
0.0
185.90678
0.0
964.3408
0.0
0.0
344.94775
0.0
8991.322
0.0
6795.6367
4656.5933
117.594666
4928.1567
0.0
9610.855
146.66464
4277.164
890.15283
6866.4272
0.0
0.0
1140.4487
4158.384
0.0
0.0
0.0
0.0
689.15076
3443.5925
0.0
1347.8474
1136.3253
10960.975
8155.7607
0.0
3849.718
1521.2181
5489.722
2562.0999
0.0
0.0
0.0
3386.1655
1000.71545
14070.433
0.0
4757.077
0.0
86320.18
643.8766
7241.792
7648.6367
3268.3271
0.0
2598.7231
801.75793
5908.071
18219.693
0.0
2763.9116
1985.244
456.7674
469.5266
0.0
1101.0994
508.78522
1831.3469
8033.0205
35787.848
0.0
12486.333
861.70306
0.0
5866.79
1393.7057
1386.1418
10630.322
171.45523
5343.3047
0.0
389.14108
0.0
7815.45
0.0
4459.669
912.7731
6821.0425
1506.7604
359.57367
0.0
2712.9238
3492.8662
0.0
2204.6077
2950.2493
1430.1952
0.0
2753.213
0.0
448.32483
605.91144
0.0
6654.539
0.0
1483.4814
1540.7484
2995.5444
3028.5977
1299.2489
8279.429
2894.841
6782.0376
0.0
0.0
425.94275
0.0
27305.037
1124.2424
3347.118
186.94507
0.0
9282.019
0.0
254.96791
3754.394
3393.0342
0.0
1713.2455
0.0
0.0
2226.88
19934.934
472.97998
0.0
1792.8309
1093.7168
5996.435
88.48906
479.66595
1787.4268
1355.1086
1779.0623
0.0
1831.0164
3172.0815
5171.158
2528.923
2913.7856
140456.3
1242.8502
1948.058
0.0
2259.6633
0.0
1601.6522
5304.739
828.54456
3335.9844
2415.2502
1138.3679
1043.1655
0.0
0.0
599.59656
3493.0234
4214.4033
0.0
1040.7329
0.0
11184.416
0.0
12606.988
3318.988
703.54425
1733.563
265.07776
5251.5215
0.0
1762.5573
5564.5967
2618.3042
0.0
0.0
0.0
4136.121
0.0
380.74637
5056.2407
461.10706
8306.515
3543.3188
461.7865
10160.201
1219.2815
1272.5348
4122.233
0.0
16665.219
675.86584
2335.3884
1124.257
0.0
580.8183
9423.776
1886.3105
3472.1428
4527.5703
219.66031
3233.0146
8140.782
6561.3076
10487.368
65968.23
7421.8613
963.38367
3055.7156
7939.892
0.0
3410.6152
36.417274
2379.6477
4998.0103
1727.9641
0.0
5661.2354
2022.1343
4563.6377
1939.116
669.82837
6484.1465
2334.842
2148.8308
11858.759
5620.2427
0.0
1029.0294
1386.5996
0.0
0.0
1418.4703
8004.881
154.08936
15197.625
0.0
10184.944
2517.7312
4273.1846
5259.457
0.0
2361.1018
7643.1743
31.340363
0.0
0.0
0.0
0.0
321.17432
293.91776
2456.9478
1048.2501
872.91095
109.730316
781.52124
1859.7993
3330.744
2771.0974
0.0
1259.2618
0.0
0.0
5514.312
2788.396
3829.0264
0.0
2271.6926
304.16998
1378.218
3139.6072
0.0
156.60619
426865.12
1747.3822
321.1327
0.0
395.39722
899.48285
3179.8657
0.0
0.0
1492.6184
1239.0172
3162.3818
2012.9596
0.0
1446.766
257.92584
4744.5435
3987.376
462.62552
7598.827
146.99237
1618.8887
386.1635
1637.0947
785.2029
0.0
0.0
5926.0244
28.38771
3553.178
0.0
604.19824
767.9601
1813.9502
24035.047
2228.5376
7999.403
679.28094
28754.777
0.0
305.77185
2587.104
135.78676
3809.498
0.0
5520.2812
0.0
2140.5864
2331.7505
722.6957
0.0
41802.5
0.0
8956.028
5587.0273
134.72328
2836.4478
2197.8176
520.05524
843.4341
0.0
4004.7908
145.00896
3286.2358
8227.5625
597.8714
2204.4036
0.0
1970.3312
0.0
0.0
6444.2056
1512.7891
370.1773
890.87463
295.21808
24.43222
0.0
6848.5312
1521.4993
0.0
1606.8104
19551.783
2119.5247
2967.603
165.48602
825.8397
1867.9913
1543.0792
0.0
158.51544
3609.0483
6632.2305
16695.469
312.70453
1120.348
12649.264
0.0
445.05402
13190.68
938.5735
152.81824
2359.3745
1258.1011
0.0
14977.859
0.0
19749.879
1222.9299
5334.94
2587.3184
1616.028
3230.3687
36228.777
2088.4932
1387.894
2528.5781
6522.7915
1734.4333
3681.108
3165.1255
6487.2666
1269.1113
1970.5627
279.40018
231.2344
0.0
0.0
0.0
2234.9949
1087.9385
0.0
143.78384
11128.857
2663.9995
9971.168
4826.375
0.0
0.0
240.82272
0.0
280.86972
1761.1045
0.0
5722.066
0.0
8373.642
0.0
6456.952
233.83008
435.59186
2683.0925
0.0
10715.043
3362.4922
27152.45
3441.1895
4072.4521
1428.5013
0.0
9658.935
1703.8387
771.7284
4407.4185
0.0
0.0
2742.5688
0.0
0.0
4604.884
0.0
1706.912
9431.373
0.0
0.0
0.0
0.0
0.0
5007.285
530.4078
3324.1387
877.26953
1843.3319
1981.2954
1956.2037
1590.9602
55558.195
3279.2832
12282.272
492.68085
10770.068
0.0
0.0
0.0
787.4662
0.0
2015.5858
5190.0806
2453.0312
3481.3464
1026.2899
3791.416
8543.09
3861.8906
366262.5
439.822
8564.166
3209.8296
3556.0342
4610.5854
0.0
2978.3704
768.82605
802.79694
5988.9224
80511.08
0.0
2578.2554
243.48761
3280.96
0.0
16513.33
339.22046
12665.586
0.0
2185.8135
2049.7834
891.9028
0.0
316.20923
2451.7263
377.86792
2251.0703
213.49463
1027.7319
7837.8438
2300.6758
0.0
0.0
56.14868
0.0
3119.3083
80.2224
0.0
498.10873
0.0
3432.4746
6127.1562
4584.3633
0.0
124.749435
269.77444
5291.414
0.0
847.7705
529.9101
0.0
30446.129
3696.9675
1214.676
0.0
2415.469
2429.1812
1979.1746
1745.8323
7278.4497
2062.7705
0.0
0.0
447.11533
0.0
305.15857
394.77524
1574.687
9805.201
1916.1884
1865.6145
1115.306
2305.2205
1489.6306
5336.567
368.46344
15703.5
221.08888
1381.5715
982.1924
5305.8022
20724.312
2636.2656
4905.27
2231.5564
0.0
19251.637
343.91415
312.23663
53700.992
1676.0145
3975.4531
1202.4716
7411.467
8852.574
361.805
0.0
50775.977
239.33589
0.0
13752.707
0.0
3985.7668
98.173676
1737.084
0.0
0.0
387.7045
2722.194
1432.1931
0.0
1131.4846
10743.891
5882.6045
1127.0205
4665.0547
907.0258
2547.0396
1395.2603
3458.789
353.45468
1877.1667
4030.4739
3269.2769
27755.533
10900.408
0.0
1253.2334
3317.6553
1874.3181
357.9604
6439.895
255.20782
1618.7994
13762.604
2517.4707
4405.1836
7596.2354
4946.049
826.8113
1293.2573
17029.53
210.38142
5021.211
8585.19
3012.3367
0.0
0.0
1340.0573
0.0
0.0
0.0
100.80078
653.2007
0.0
5710.123
0.0
2556.1401
0.0
713.6809
16687.855
8014.5596
5450.084
1599.6289
273.02002
0.0
2607.1294
241.00595
1282.2184
6002.1465
16528.533
6417.627
509.85764
0.0
3206.6187
0.0
1454.0887
3972.9915
15686.92
654.7875
0.0
0.0
12910.046
203.64102
4081.4644
0.0
554.6668
0.0
2829.407
5569.109
0.0
101830.39
1248.8868
0.0
1730.0869
291.88434
0.0
832.89514
2614.876
27777.86
888.1414
1559.9408
3010.9746
9444.192
543.36005
0.0
1584.2319
540.8433
591.698
0.0
9258.886
709.4781
3009.4453
1180.639
0.0
0.0
5349.5044
2558.2266
3300.9805
3338.5408
495.47504
21528.215
0.0
293.61774
9345.254
1048.3861
2601.5093
1104.2578
3039.1123
1679.2418
0.0
326.7163
306.30804
2598.7024
13367.568
4570.8555
7703.7905
1514.7766
6202.168
1435.3799
1173.1842
0.0
2494.284
9570.625
0.0
6767.4243
2104.5977
3090.8618
3170.042
12238.084
1598.9308
73934.79
0.0
22832.451
1253.1139
11842.075
1997.6808
42364.61
0.0
2136.8105
4153.5576
1156.8661
1988.6919
1649.1024
5345.788
164.8974
2044.8033
3260.2285
2160.945
4814.946
297.94885
106.25497
454.41595
12930.279
0.0
759.33105
1360.7563
1179.2306
0.0
5072.0737
699.08075
1159.1549
966.68506
4069.515
0.0
1232.258
0.0
2907.5242
11699.758
1105.5913
143292.64
367.20764
0.0
4087.624
1984.3003
9713.717
26006.758
0.0
3922.7217
6869.038
3211.2156
36.705215
0.0
1009.7385
834.86255
702.41455
0.0
6036.56
6049.97
0.0
2752.9507
0.0
9394.699
1115.8816
7156.7607
832.77527
0.0
8087.7617
1305.1434
2928.9658
0.0
2452.5693
388.63306
2114.435
7638.721
3934.9397
329.68588
2653.625
46436.223
0.0
0.0
7711.2603
50.52677
276.45148
0.0
0.0
4437.037
599.6576
1614.0144
1192.4644
1715.7555
880.6104
2796.12
643.3655
200.15729
0.0
2656.7864
0.0
6148.9395
1867.534
1309.7858
678.89813
2049.6296
3629.329
1762.2379
401.03558
4253.277
764.876
3220.853
0.0
868.75867
0.0
1255.6355
2090.6702
2167.1519
1250.7347
198.754
3958.4185
0.0
646.772
6694.042
0.0
10978.766
0.0
5768.4087
3946.0195
2165.8745
0.0
36236.043
7677.925
994.68835
1824.3715
0.0
1582.8695
1256.0815
0.0
6443.843
13.575264
0.0
2135.1592
0.0
4254.662
0.0
1354.7786
4906.0977
3825.7446
1189.9409
2377.2124
362.72418
34433.78
12186.927
1780.4385
1789.331
3656.9539
5159.0474
11202.795
599.56604
1657.0178
1085.5382
0.0
6405.618
4697.9136
443.24554
3951.3823
0.0
5077.275
1265.981
0.0
258.94418
0.0
0.0
0.0
0.0
0.0
0.0
6014.908
1174.9305
2133.8188
489.12653
6300.451
0.0
0.0
5028.298
5008.7573
17424.861
5612.1104
22637.852
5129.8135
0.0
0.0
16886.27
0.0
1762.5208
380.22693
620.1374
6465.901
0.0
5304.7227
45201.51
11398.166
0.0
0.0
0.0
2437.977
48518.203
3542.1892
2724.7756
2454.793
614.23553
0.0
1797.2083
28806.727
2124.1545
2740.1082
0.0
0.0
1995.7119
215.31543
1052.971
8064.524
7776.504
9992.787
12574.159
0.0
3224.0933
1384.1891
1503.6812
783.25354
10047.873
0.0
23910.91
2804.183
16353.185
2322.2632
0.0
0.0
0.0
10462.925
1285.5237
0.0
9620.637
2522.4204
0.0
689.2057
219.08499
932.301
0.0
3524.2231
2305.1633
976.8467
352.7212
1157.1168
821.4839
1847.1274
5405.1426
760.583
3110.5103
7710.5117
54.939857
0.0
0.0
8720.27
1289.5803
0.0
13075.066
9648.685
333.87854
758.24365
812.5397
522.5739
610.38965
0.0
7245.64
342.29956
1253.9506
5905.6123
97933.5
89522.31
8605.674
953.0597
6508.4917
284.80234
0.0
2202.2712
1665.3591
948.0132
207.73705
4551.252
29083.432
0.0
6732.8994
3147.7896
11073.633
181.90158
0.0
0.0
485.3075
3029.1387
5512.274
261.24426
610.1667
81532.33
3005.0676
22345.85
0.0
0.0
9750.701
1084.546
0.0
378.97968
0.0
113.39896
0.0
410.24786
263.45538
0.0
802.86365
0.0
933.35565
0.0
0.0
3299.9998
4946.089
3970.696
107.26776
4816.034
2355.9731
826.3175
0.0
9132.941
225.83069
2142.1833
855.3193
20201.746
7811.683
2648.8293
1229.8258
1615.8474
16271.949
1009.35016
400.23257
6101.5547
3989.5635
5188.037
898.9862
594.75934
0.0
3626.54
63825.22
0.0
0.0
0.0
3150.1487
12117.225
5171.3013
4267.6416
992.54285
0.0
6555.8057
1120.7026
133934.36
4.30249
0.0
0.0
0.0
0.0
5208.1763
0.0
3720.3687
3995.5312
30568.004
2551.452
3477.7139
3277.7168
262.99158
4279.992
0.0
7376.496
7660.7734
1427.6926
0.0
0.0
7462.621
5689.152
384.74023
5685.3203
2421.2441
0.0
368.29733
2848.2375
0.0
0.0
0.0
6189.0317
0.0
0.0
1737.2633
0.0
0.0
4242.082
5859.644
431.96347
1691.613
33456.074
1984.772
9947.95
0.0
1671.9167
1668.1465
5576.6504
5993.23
2659.7556
1666.7158
4252.214
0.0
1857.9882
927.5819
0.0
1506.0371
0.0
0.0
10485.174
2547.3486
6962.2524
2678.8618
445.72775
2159.8257
0.0
0.0
4805.338
5.4868474
7438.446
2234.2046
1178.2518
5579.668
931.01917
5824.4614
1135.8953
0.0
15044.702
1073.4805
877.89856
0.0
2484.0042
0.0
0.0
0.0
3100.4521
0.0
0.0
0.0
1115.9717
3490.227
0.0
3188.9375
6419.6074
0.0
1031.6426
576.05273
2624.8406
4117.1313
2213.1174
0.0
5311.3965
2328.0872
6631.4253
1155.2905
0.0
680.953
0.0
3103.778
0.0
4655.47
338.174
15469.665
0.0
0.0
225.6698
1493.3997
4413.5815
3532.3262
0.0
4818.8496
8239.153
532.2782
300.91666
0.0
8975.903
531.59534
933.82715
90.24678
11229.842
6681.0283
0.0
7470.6963
773.3556
682.3605
2238.2402
703.9103
0.0
7840.325
5008.0967
0.0
455.82358
613.1639
0.0
1622.5189
17745.893
0.0
4961.484
0.0
1181.0139
2930.949
0.0
7497.7637
1542.6359
0.0
3209.1008
4014.0312
0.0
4620.198
1951.2183
0.0
27403.562
0.0
445.47675
1712.5402
3292.107
1794.0494
800.6373
0.0
4525.9434
0.0
0.0
0.0
1459.4658
1743.1547
0.0
736.2543
2073.195
11404.012
3630.82
0.0
2788.7168
0.0
7235.6836
4270.7056
4865.5845
7855.1562
813.5571
4505.8975
5380.253
3963.294
2579.1594
0.0
402.33508
9484.607
1815.5413
609.7415
0.0
6693.2266
1659.1731
0.0
1251.6274
3761.4153
99.22559
1047.0415
0.0
0.0
4112.1455
2167.7131
10368.474
1444.6576
3002.5571
770.3261
0.0
6880.535
6073.093
1007.81433
2767.91
45.553303
8574.052
0.0
2648.226
2152.036
0.0
5446.743
2004.3049
655.7934
0.0
940.8872
6015.3735
17.009535
13472.08
2671.5845
65964.484
1541.8177
0.0
1321.95
1565.3481
13601.885
175.34834
0.0
0.0
12.889549
3016.8281
0.0
13014.789
0.0
835.57043
0.0
6587.3916
1171.644
2015.8564
4994.085
383.58774
1678.1475
2713.1147
392.39853
932.16174
0.0
2880.8757
3545.2852
0.0
188.90321
0.0
0.0
11576.834
3488.4602
461.8045
1221.4696
0.0
394.20407
0.0
0.0
0.0
0.0
0.0
0.0
309.97183
1090.6058
1362.9122
11167.99
5246.006
1459.8
3862.436
31374.867
0.0
0.0
1261.388
38478.387
0.0
729.2245
0.0
17455.547
4619.6104
2261.672
10989.082
2104.106
0.0
0.0
4926.249
0.0
0.0
498.77722
0.0
30.766357
4002.3503
0.0
4001.124
2047.301
6399.82
2517.809
0.0
6400.3887
9580.222
1106.0593
6211.653
1656.5631
0.0
182.99295
0.0
3962.6567
974.2204
629.92664
8098.817
1373.3916
27927.688
0.0
509.3512
0.0
25456.719
5559.126
544.115
12293.212
5103.4136
729.4555
575.2387
0.0
0.0
4873.174
1585.7942
1403.335
3741.5005
0.0
724.1558
8783.612
0.0
10928.247
12589.881
0.0
0.0
0.0
0.0
0.0
1782.5631
1078.2264
0.0
4554.593
0.0
2039.3381
11119.286
1334.1188
9699.447
525.9481
58974.055
11434.42
0.0
4656.5225
13996.645
687.08685
0.0
146.09315
21157.875
2802.1494
11006.596
753.4956
142.76526
977.53296
0.0
1615.9641
0.0
5331.486
17431.164
0.0
429.57614
47439.234
5287.31
225.00952
3385.8657
0.0
0.0
744.621
1520.2692
4212.6387
3531.4836
5053.556
923.5521
43469.34
244.73773
3691.664
0.0
1263.5042
677.02466
951.12274
5516.6006
3990.3945
2522.7644
0.0
0.0
0.0
1042.4441
2864.4717
0.0
8665.453
4115.5024
3353.458
652.64594
1499.5183
0.0
628.4093
48032.58
962.2809
3773.7256
707.18463
0.0
1231.087
2096.255
1086.4119
1412.2612
3479.732
0.0
24985.332
0.0
16327.898
6318.912
5478.587
0.0
5392.042
0.0
1621.1503
197.3451
6202.8726
663.4162
1090.708
23563.047
1709.1614
1353.029
0.0
579.4601
865.25305
6746.2534
0.0
9576.816
0.0
2593.84
5070.03
2107.417
2714.497
7068.5967
4547.045
16231.378
143.42294
511.27106
4814.4146
247.34076
0.0
1840.4945
0.0
4199.502
1591.2311
0.0
259.51172
0.0
1160.4406
3863.1372
1266.3446
778.2125
0.0
122.06015
32274.75
940.29443
0.0
398.7036
0.0
247.72751
2921.3643
0.0
0.0
1006.67883
0.0
2171.7712
8395.619
4168.4683
2634.6067
15.896795
987.3729
0.0
53475.324
1467.7708
4368.0615
15047.263
4398.838
147.58354
223297.81
830.0454
0.0
27659.691
109.7007
6568.0386
0.0
0.0
1855.1465
3600.2175
0.0
1601.4219
814.12555
38.945415
317.87225
4504.2686
6042.6387
45355.95
2135.712
2842.7043
1292.1799
11995.973
1778.6134
0.0
1089.3881
152.76556
30878.086
0.0
0.0
0.0
4521.1816
0.0
981.6815
489.79456
10909.685
210.78848
2821.8323
3660.8228
17580.4
0.0
436.6353
2120.1035
7817.7773
6899.371
11245.4
0.0
797.94104
0.0
1383.6675
106.3928
0.0
6584.864
1966.3608
7248.9697
413.09607
170.92456
185913.34
1706.4786
0.0
5918.535
0.0
255.09918
1635.7974
0.0
5790.0127
4142.492
89363.44
1455.8406
0.0
548.10406
2854.291
11575.003
6810.1787
3543.1797
0.0
1257.0802
2480.1143
0.0
0.0
35.955215
152.18808
3643.8386
477.5581
9769.43
0.0
0.0
1273.0261
5579.87
0.0
6258.764
700.3542
4311.881
6100.9995
0.0
2102.192
3923.7986
2069.936
4488.004
2273.3816
3043.0735
832.3699
0.0
9198.432
0.0
4183.5225
1712.0536
9418.766
0.0
8469.586
34325.652
1382.5728
0.0
0.0
0.0
0.0
8174.052
12384.883
0.0
11496.802
232.61041
901.75635
0.0
4594.216
0.0
2647.7651
1357.8402
2276.9946
643.7549
0.0
19222.934
5818.339
453.54657
3659.6694
1370.1428
12455.723
631.551
0.0
586.6592
4004.2598
199.7537
1610.3265
1416.2527
0.0
15719.851
2929.1687
648.34644
7944.6533
3257.204
9219.498
140.40234
0.0
2433.6204
2126.0469
0.0
158.74991
11795.469
622.33765
0.0
0.0
1972.0382
0.0
2384.994
3693.9258
6263.1343
7279.745
0.0
83064.3
580.1915
301.22937
3959.4067
2543.6982
529.6756
2402.4766
7686.671
3064.1777
140248.88
0.0
0.0
10808.801
2442.644
2383.0007
51303.336
0.0
0.0
2477.1228
0.0
11645.408
533.3795
0.0
22159.79
3454.1084
5606.343
1381.8341
0.0
1898.4205
0.0
1215.1199
0.0
0.0
0.0
4289.0415
503.44904
111.45068
0.0
11301.758
4997.5884
0.0
2683.938
3472.5386
659.7446
0.0
0.0
3944.6738
4360.214
3324.1147
526.3671
2014.6346
0.0
0.0
5262.5454
1633.1646
213.20076
3985.059
7887.5303
0.0
6095.9683
11267.84
501.2769
666.09985
327.01663
126.945206
23160.762
3332.6355
3911.3228
2782.4434
0.0
0.0
4585.0513
8904.901
1339.5098
2650.3813
3569.022
0.0
2267.9624
1030.4973
3926.9111
0.0
2921.665
41521.85
0.0
443.80737
0.0
6934.708
1212.9778
367.12225
33226.52
1040.0635
0.0
1917.0884
557.07117
843.42004
1395.5803
0.0
97374.16
918.1687
0.0
253.1234
4477.416
93.358185
0.0
3280.039
0.0
2420.0247
0.0
2938.0242
1168.1624
1239.729
1463.7649
5103.0693
321.4112
28449.6
0.0
0.0
2459.6726
0.0
5802.1235
0.0
80429.75
2691.2417
4736.45
2302.856
69616.94
0.0
1954.8586
3697.1013
5398.584
9831.768
413.71887
0.0
55518.727
0.0
9382.312
10785.2
0.0
0.0
0.0
1755.6311
210.4233
1993.5464
0.0
1556.8579
0.0
25486.066
635.8619
0.0
7313.244
1003.6912
39816.133
731.3528
21111.008
10521.434
0.0
0.0
0.0
0.0
241.1731
0.0
0.0
0.0
0.0
0.0
0.0
754.5073
1708.4165
1793.4729
422.1947
0.0
4681.086
4272.026
0.0
4082.9346
3591.0967
20269.527
408.9344
3610.466
2825.197
57089.047
4112.198
88.007454
10237.741
0.0
0.0
22713.084
2526.339
2589.0752
134612.12
7393.918
0.0
586.08264
0.0
0.0
0.0
1932.1198
183331.33
6179.396
0.0
0.0
135.80826
0.0
8965.107
0.0
4226.111
0.0
1038.6698
208.21007
0.0
6700.673
449.90903
6674.9795
2058.3687
509.2067
0.0
4874.069
6094.0586
3113.3975
874.81335
0.0
0.0
2826.4995
1351.8317
0.0
0.0
51341.867
5887.569
6560.2935
0.0
0.0
2985.5342
2736.627
1219.731
7640.91
0.0
3476.5718
1812.6536
0.0
0.0
0.0
12231.011
0.0
0.0
1757.4607
0.0
17406.77
8437.969
910.38525
17058.328
1351.57
6660.6943
6195.048
1265.7808
0.0
0.0
5610.2764
1262.3984
3434.6628
174.5568
0.0
5645.1787
2022.2092
1603.4609
0.0
24032.281
293.60748
0.0
10351.351
689.1782
410.50565
8573.854
0.0
279.21854
620.5353
418.93646
2217.7507
8955.53
2873.067
3452.8945
7317.09
507.02893
372.5344
0.0
2995.2866
0.0
0.0
0.0
2457.8438
706.7768
0.0
503.57547
0.0
9488.396
0.0
119.99092
0.0
1814.8301
5140.381
113.89035
394.35455
428.31183
0.0
0.0
0.0
4237.4663
0.0
1742.4376
218.46397
0.0
2339.245
0.0
89552.39
8313.15
1305.2104
246.75003
404.00238
0.0
11695.565
1251.9048
1327.1238
0.0
0.0
1351.3588
0.0
5628.2812
15944.386
6855.118
426.4719
619.8706
883.8313
5023.4395
0.0
4261.5938
0.0
0.0
205.382
1100.4558
94.7446
267.80933
22168.191
3593.4688
1870.5304
18304.926
471.85547
572.1478
6258.756
4466.297
0.0
0.0
0.0
0.0
0.0
12376.128
7507.1343
2783.0974
0.0
2830.7668
771.3392
3777.3271
1324.102
1574.7595
550.4001
4397.6924
0.0
13725.704
13059.236
0.0
0.0
6358.804
587.7783
1098.9458
265.4213
59446.92
1139.3215
53195.816
744.7704
3351.6018
386.91077
3180.525
1295.2748
267.5644
16421.744
0.0
1484.4648
801.4637
100264.88
19397.598
0.0
3118.515
793.762
15409.857
3604.7615
0.0
2017.5164
0.0
15584.145
695.4031
229.40814
0.0
405.00305
3714.6487
0.0
0.0
1023.4177
4049.2778
7224.036
1213.634
3703.331
2709.4583
92.549255
6888.716
0.0
0.0
913.53394
4102.8745
459.10263
0.0
4349.535
6018.999
1757.025
1121.0549
3810.1758
0.0
0.0
7952.482
1481.1394
8690.201
1108.6587
459.4372
0.0
828.8685
479.4167
0.0
48806.492
2409.64
3786.6155
97.66963
0.0
0.0
93321.8
0.0
721.9889
7942.5737
1645.6013
2452.4038
7686.0933
7901.0186
735.14197
0.0
1510.9545
0.0
1936.712
10307.044
853.75525
98953.93
928.30786
2133.7788
1472.9536
0.0
4438.4224
0.0
0.0
392.9771
24.407326
19106.31
0.0
1072.8125
1409.2018
1297.5508
1361.9272
284.15445
0.0
0.0
2162.922
984.61487
0.0
1139.5358
687.16315
854.70703
1457.4064
434.44128
1094.8162
0.0
6832.1587
539.36566
0.0
2471.5754
1206.6216
2344.2578
0.0
0.0
4683.924
43805.586
1525.7924
16438.604
513.8784
1453.6064
3381.5288
11871.274
7299.008
0.0
318.1665
5679.8804
3635.09
3930.5078
163.22281
0.0
1261.2826
0.0
7484.951
1197.3015
0.0
0.0
1213.271
226.2496
0.0
594.36676
1529.6086
0.0
14043.57
0.0
24410.127
0.0
0.0
2628.2202
72.65433
0.0
5036.7524
0.0
0.0
2586.915
0.0
11754.738
6396.068
1546.6912
29198.605
1840.8151
33028.22
0.0
2274.1863
55.683563
0.0
0.0
1494.2468
2573.878
36185.24
781.7056
5194.532
1097.129
347.23816
519.5003
4778.8525
2899.4038
2470.8672
1766.4636
18979.512
13682.701
44865.51
1421.9756
0.0
0.0
1816.4087
35.44188
0.0
261.88974
272.8978
1007.22107
0.0
2671.9102
2148.6333
20884.18
346.89664
0.0
1260.0369
769.3751
3863.2422
1432.2007
0.0
630.9807
3855.3171
6154.205
12582.12
295.37408
0.0
8716.332
0.0
356.67535
105615.16
0.0
12587.656
215.37787
0.0
0.0
578.81287
0.0
20190.055
1185.8501
363.19147
0.0
3827.8474
1057.4606
1886.9233
1323.9896
683.41565
0.0
201.63737
0.0
1989.0425
0.0
192.73033
4000.5356
619.6076
10129.321
0.0
9940.785
1103.3484
878.259
550.103
4765.217
533.20654
3957.53
0.0
4643.7827
0.0
384.94064
4003.8545
7090.2734
57.442245
3804.4285
842.0449
0.0
0.0
2089.6614
0.0
51340.28
7178.6523
18588.814
3522.3945
3882.5767
0.0
225.13686
2768.6707
0.0
0.0
0.0
0.0
8924.509
3327.7878
0.0
2974.18
5432.0
0.0
512.40564
0.0
0.0
1159.9302
0.0
0.0
1774.096
4651.25
16.059143
3562.2603
229.00037
0.0
14680.83
0.0
0.0
265.09967
2352.6343
1009.5438
726.4155
0.0
474.70963
0.0
193.01782
5019.0513
4536.393
0.0
0.0
1679.1179
4284.543
0.0
417.02972
12942.241
536.7457
713.5171
0.0
248.87198
0.0
1582.419
21707.857
36580.473
123838.55
0.0
158.6035
101100.61
4042.6968
0.0
0.0
60295.652
15668.401
50135.875
10677.291
437.706
3144.351
7195.2207
0.0
1063.13
4366.527
0.0
0.0
17195.99
34178.65
128.27025
6321.6304
0.0
0.0
1035.3094
0.0
1664.1616
3119.31
0.0
34861.133
4916.208
0.0
4369.8647
595.00006
0.0
3645.46
0.0
4569.62
11029.665
1062.6084
4309.7373
2049.338
0.0
0.0
0.0
0.0
4391.467
4467.123
22999.748
1236.3489
0.0
1690.9546
0.0
1115.5941
1699.8079
1409.8027
3324.4111
7145.903
0.0
12542.635
3992.5686
3062.2878
1310.2738
1317.1467
932.44684
5749.067
0.0
970.24036
0.0
201.54611
10973.176
529.5963
39244.73
0.0
1228.8914
0.0
12840.939
1855.4211
1876.435
367.83875
20657.012
5306.1772
0.0
192.85251
2483.3809
0.0
1187.7623
6107.063
0.0
8654.257
119.10402
31637.797
0.0
757.9707
746.302
4405.2793
1127.3462
275.80054
0.0
2897.1902
6430.5703
2548.4226
371.28442
2405.3684
0.0
297.64114
9502.044
11283.667
1425.1627
3790.5732
3496.927
0.0
8475.653
5467.2705
3221.1035
0.0
0.0
327.51706
0.0
809.2035
4906.865
1611.8577
8376.357
660.2536
0.0
606.5057
173.93126
0.0
425.3946
20208.693
1172.1074
96733.09
6018.2544
0.0
1772.3109
45346.18
0.0
31504.504
811.60364
1474.5105
842.2007
28032.773
8429.805
1041.0868
387.2951
0.0
565.89014
534.3165
0.0
4973.615
548.20593
9547.658
523.3329
97.05965
0.0
576.57025
719.3491
0.0
2862.7856
0.0
6312.654
8362.836
0.0
138.09763
5434.3506
0.0
131011.984
2879.1997
0.0
13465.082
0.0
5863.416
0.0
2531.3667
0.0
0.0
1657.9677
3794.6226
2860.9653
10933.194
26713.24
1802.3562
11513.42
672.5736
0.0
5096.6846
90.88327
6667.1123
0.0
2762.4712
568.0884
5712.7803
15712.517
1076.536
0.0
439.8366
7151.006
2814.6616
22796.059
915.56024
0.0
2997.7095
219900.98
1029.7852
0.0
7963.146
107.84028
0.0
7367.4297
0.0
682.1498
415.62128
273.85785
0.0
69.16611
0.0
0.0
10337.871
682.5688
539.13275
1190.0006
873.6584
7062.0923
298.62225
2299.886
0.0
0.0
6357.9424
0.0
0.0
2261.1143
14187.363
0.0
1388.1499
390.386
281.76352
303.78345
9210.645
1780.8308
0.0
26172.902
270.0185
0.0
0.0
1479.8109
0.0
3587.1646
4190.0684
30178.105
63.521217
1354.1625
3217.0986
81335.945
7335.387
2818.483
0.0
1461.9092
4774.748
0.0
0.0
1230.7947
980.0309
10034.171
16152.705
9422.424
0.0
291.3889
3626.1582
3731.2263
1750.2593
0.0
347.61844
388.39313
0.0
1531.4132
0.0
4298.4033
9310.985
484.46478
1166.1302
0.0
767.4236
2745.962
7097.0107
1314.8787
1263.9962
3677.2158
3514.4287
0.0
1358.1204
835.8468
1671.7881
3609.4927
5688.96
1653.2122
0.0
91.64771
13806.044
326.1608
2480.2793
0.0
0.0
1066.1725
3931.9297
0.0
0.0
0.0
7518.0684
715.06085
598.99097
0.0
408.01547
20147.453
1489.1007
16103.734
0.0
0.0
3602.6597
3508.1953
111.09039
1559.9805
368.43277
215.36615
0.0
1089.3555
0.0
0.0
213.74951
0.0
0.0
3174.613
0.0
0.0
1854.52
1463.1897
0.0
890.24634
1012.3496
0.0
5652.098
1452.0247
1962.9141
1407.6245
1953.0511
6715.445
0.0
594.9508
2891.4053
9070.042
0.0
925.793
1590.2125
0.0
705.94324
813.2901
2028.8821
0.0
0.0
225.92355
0.0
0.0
1229.4634
3938.335
5717.7812
3263.121
0.0
0.0
3450.7788
0.0
594.84375
0.0
4893.3115
1739.179
0.0
3387.3938
2202.069
10876.642
0.0
40815.938
7250.1963
792.5
0.0
13613.579
2157.5088
4564.6143
403.74698
0.0
537.03894
0.0
1053.9473
442.89072
5546.656
2556.4868
3159.4194
266.8592
754.18945
0.0
517.4332
153.20578
10267.835
11542.719
11271.985
0.0
298.2345
1774.8105
666.04736
3167.4172
0.0
106.42048
1173.6877
11764.839
0.0
4650.8955
7302.4697
2178.4248
4390.8516
2087.7908
1610.5867
0.0
15131.494
21177.23
332.9115
0.0
4164.339
0.0
7830.953
2262.0762
0.0
2762.3215
2430.2656
5683.53
1163.5383
1657.8127
4641.5356
0.0
8864.207
0.0
2477.684
18284.537
448.9497
4956.6987
10048.237
3069.6084
89.20209
0.0
1305.4421
0.0
0.0
2797.733
14350.449
10652.031
5463.2334
1516.158
0.0
762.65186
0.0
2400.9287
0.0
407.35748
1566.3303
1145.3359
0.0
0.0
63065.5
0.0
632.57495
0.0
0.0
5369.0723
4265.191
0.0
29743.2
0.0
906.6616
0.0
0.0
0.0
0.0
6817.2734
1542.2573
2512.0234
9324.776
8770.119
3840.4768
4206.2114
3560.645
0.0
4154.67
0.0
1367.2285
685.0158
0.0
241.91138
3976.8125
0.0
1970.7144
6480.218
1379.8103
1466.9253
394.41028
62384.145
0.0
1853.8363
0.0
1207.7646
802.8712
452.09314
641.49976
0.0
3422.9446
5519.76
3158.5244
428.45847
1936.1514
5038.802
11033.604
2092.0835
13471.497
0.0
0.0
5765.5913
0.0
13738.215
3667.6426
0.0
5627.5273
17645.383
0.0
944.82495
2023.4014
4779.067
0.0
1358.412
2852.1055
8193.378
0.0
1008.3085
318.38226
247.49295
6155.4014
448.711
0.0
9812.609
5528.089
0.0
665.6902
0.0
39976.188
3730.4363
12571.314
3.6890526
523.8786
5677.5166
1501.0383
1351.7041
544.52405
2786.2715
10369.403
1790.9393
294.0169
1085.707
1938.7512
2610.8274
2788.6355
6281.235
1147.7153
0.0
0.0
3134.1353
2066.638
1091.3285
10926.092
7124.6533
4671.502
410.41574
803.0845
0.0
4729.96
458.12445
4831.38
0.0
0.0
0.0
0.0
5183.701
10733.7295
650.9621
540.4055
5096.4297
0.0
30714.984
0.0
768.64526
1825.9479
8748.934
934.87463
0.0
2168.1995
159.32874
8092.3906
0.0
0.0
0.0
6531.4316
3100.0254
0.0
0.0
3471.1506
1569.0428
935.75745
1631.6511
1774.5865
7371.675
78.85634
2747.559
624.955
890.89575
23203.66
2789.2249
0.0
1301.0852
11484.246
849.1623
5199.496
0.0
593.0538
2149.9072
508.81976
0.0
3888.6865
1656.074
0.0
0.0
5912.8555
102862.086
0.0
5253.2554
0.0
0.0
0.0
0.0
0.0
5748.5566
1232.3098
0.0
0.0
11577.063
0.0
0.0
0.0
0.0
13206.832
1479.6321
3123.69
11982.575
3494.6167
665.64777
0.0
4315.004
0.0
2224.656
0.0
0.0
292.06897
18048.992
958.57495
4283.4873
13546.484
4073.7363
41396.63
0.0
632.1398
0.0
7655.819
1145.2612
0.0
8095.31
261.38
4844.5527
0.0
512.94135
1751.822
0.0
1325.8385
13015.421
2458.6748
7654.923
472312.4
0.0
440.28702
9167.756
17820.348
0.0
2553.8594
0.0
0.0
243.57867
1792.4539
651.0861
0.0
772.12115
1135.7864
1490.8317
3300.0232
1499.6825
510.456
0.0
0.0
747.8155
5421.4243
105.53601
13467.435
6052.3584
10901.203
0.0
0.0
1163.1002
0.0
4952.843
1621.0502
2480.211
3002.3079
535.031
605.9182
2969.9834
1207.966
88.11208
2349.641
1997.5984
900.2592
1155.9182
2347.253
830.9394
2044.8811
0.0
35892.926
1140.2555
525.70734
4651.32
594.13
595.05286
198.42389
1945.8474
0.0
0.0
0.0
0.0
0.0
0.0
0.0
821.3004
1018.71625
11107.372
2043.9692
34358.152
2312.8374
10817.568
0.0
2693.2656
1598.9668
1524.3704
0.0
12821.654
8688.73
1228.3584
0.0
1068.0164
826.84064
0.0
1562.8865
10654.029
401.28735
219.96062
193.07593
4302.9863
3043.467
0.0
0.0
5362.435
0.0
16003.327
1431.6412
737.47095
0.0
3218.1738
703.9586
0.0
564.5952
1274.7988
6076.7153
10283.301
0.0
4649.084
5347.79
4142.955
8243.729
105.90567
50505.17
489.97977
25649.176
0.0
0.0
0.0
0.0
32557.168
261.04352
2494.7363
2622.234
5643.263
2344.959
3677.1338
0.0
6654.2754
3965.183
5513.2925
2198.5234
0.0
0.0
10990.001
0.0
5235.138
2295.4775
756.8376
5185.905
383.4474
1698.9359
3588.4106
855.922
7929.9946
0.0
0.0
0.0
2553.2314
7463.212
4344.943
386.65076
0.0
14305.666
901.69543
902.8
713.0556
9916.021
4900.3564
5020.116
4183.707
1088.8105
1353.4697
5299.6685
574.35925
3326.4514
0.0
992.2186
1763.6094
914.70435
187.24281
805.7213
1299.9408
1730.4756
6996.5205
2948.9329
1621.2695
3666.0981
0.0
979.4477
414.7041
62272.996
847.8495
1511.4053
267.98456
5508.9717
628.78424
3041.3877
0.0
2713.3818
0.0
0.0
2053.5867
2090.9995
3280.3315
8218.117
5580.8496
235.93704
3882.0781
0.0
518.9338
1749.693
2778.3953
976.7174
0.0
15290.76
607.3211
0.0
0.0
5258.435
4389.9067
848.6966
611.2413
0.0
298.00928
0.0
0.0
1322.7188
2557.0278
5987.027
0.0
588.65204
8950.554
0.0
0.0
15.355978
57175.78
1954.2605
33108.758
0.0
6274.823
6486.6826
0.0
7094.3135
2524.1833
3024.0984
2709.769
5778.696
0.0
11940.028
0.0
18699.04
0.0
6092.2153
5148.559
22981.785
307.29965
585.96564
0.0
1185.4662
3172.3208
1322.7677
0.0
0.0
655.3784
1205.8643
1216.9558
17809.64
668.81714
4337.279
109317.25
9176.488
608.98303
851.74634
4403.481
4082.77
8137.2256
857.61017
0.0
15167.24
0.0
0.0
3768.317
10617.678
1578.4907
0.0
3444.4004
0.0
3133.5283
0.0
1444.0193
450.2956
0.0
5018.882
830.2358
622.15894
22969.342
28529.219
984.3042
645.6084
0.0
0.0
7418.63
4743.492
7850.4453
0.0
14934.697
9415.192
0.0
2826.7388
0.0
0.0
79165.164
4716.2812
6142.1973
0.0
6370.0176
5269.4834
4595.251
15298.299
347.0286
0.0
785.87494
284.73618
1117.0146
4430.379
40.149357
28080.65
23089.508
3538.0286
20776.129
767.2611
0.0
974.2246
350.2599
0.0
10656.063
0.0
2850.7583
0.0
101.22772
631.8594
9300.552
0.0
4749.2637
1318.6678
7546.5215
466.46887
0.0
4706.978
2428.4182
304.5491
0.0
36957.805
4588.822
2487.282
0.0
5779.39
1150.312
2006.3335
718.4128
1636.8666
1871.6105
2861.496
8068.619
0.0
3359.665
1971.2411
3747.493
0.0
1257.1975
2185.7114
10263.774
3084.3228
0.0
674.6011
2398.3315
2780.8333
18575.072
16615.742
27037.736
1903.8915
4260.4966
464.9232
591.29736
4252.6074
302.30527
62200.89
7282.4375
572.2101
340.35474
0.0
0.0
0.0
558.74976
0.0
3975.733
12903.393
0.0
1741.1199
0.0
1777.6968
0.0
29556.7
0.0
83772.3
3090.6025
996.0755
1981.4653
1331.5868
14447.148
1768.1212
0.0
0.0
9207.721
2060.0364
454.21713
2369.8877
30943.926
0.0
1659.5841
28405.094
0.0
2419.0913
7508.298
588.3025
18231.184
2367.3933
4372.9595
91.54963
7232.9365
0.0
6497.463
0.0
0.0
2042.0518
2122.789
0.0
6194.031
9479.094
0.0
9458.85
1467.9807
0.0
0.0
2008.9142
2832.8147
2440.6643
17421.424
2440.8237
810.9355
4826.8623
1589.3418
1039.8608
112638.86
395.9054
5625.128
0.0
116.24237
0.0
0.0
0.0
5224.6724
23793.258
0.0
3442.8225
212.88863
369.47882
1604.5712
367.0495
8487.349
0.0
757.55695
59731.727
12887.629
0.0
0.0
2152.4036
6196.0063
1628.0891
6146.8975
0.0
1046.3103
0.0
30147.213
322.17206
1755.2346
10234.641
0.0
430.82742
2953.3147
1396.7433
13702.848
2378.5422
616.9327
1281.4425
246.70953
1322.9896
0.0
916.4979
1367.7542
0.0
42948.69
0.0
0.0
783.73267
6480.3306
1161.8511
5531.087
1412.0479
214.514
0.0
106958.16
2638.739
5890.0996
12150.302
0.0
225.2557
9837.297
0.0
1435.519
10705.131
13074.496
667.9419
985.99365
0.0
0.0
2770.0483
390.79376
0.0
3809.2744
0.0
0.0
0.0
2429.211
8606.159
3471.0874
4359.252
527.08453
4978.222
5904.3223
0.0
372.64502
5291.329
2399.8794
0.0
1969.2869
278.73505
2391.4414
0.0
5508.338
362.3316
1969.9283
1228.5798
7281.1753
0.0
3283.4072
1880.9448
2594.9668
986.23413
2128.1377
21606.756
1290.2468
4101.492
0.0
6791.376
607.8031
0.0
4918.7354
1601.8064
0.0
0.0
501.36627
416.32925
0.0
0.0
7119.093
84412.98
0.0
5296.675
1672.7032
0.0
4814.3125
312.64963
233.47272
11780.784
1407.3107
1351.8108
3194.7148
2506.3655
582.49115
48.62329
0.0
4871.6313
4655.9443
0.0
2779.3828
10146.355
1189.2437
5715.4766
6529.7363
902.0429
0.0
40.117676
3441.6746
0.0
